# UNCLASSIFIED
#
# Response info for TIXI IDC broadband site.
#
# Effective: 02 JUNE 2010
# Response Created: 04 MAY 2011 
# File name: TIXI.BB.1275436800
# Inid: 7609 7610 7611 
# Source:  James Neely (TTD), TSgt Gregory Swindle
# System equipment: Streckeisen STS-1 sensor and Quanterra Q680 digitizer
#
# This response file was derived from equations of state.
# Displacement response relative to 1.0 at 1.0 Hz.
#
# The calib values for this configuration are as follows:
#
# TIXI BHZ is 0.159314 nm/count at 1.0 Hz.
# TIXI BHN is 0.159314 nm/count at 1.0 Hz.
# TIXI BHE is 0.159314 nm/count at 1.0 Hz.
#
# Freq(Hz)     Amp(counts/nm)   Phase(deg)  Error(amp)  Error(phase)
#
 theoretical  0       system    fap   J.Neely
1000
0.001000	0.000130962	239.657844	0.0	0.0
0.001009	0.000134593	239.357298	0.0	0.0
0.001019	0.000138323	239.053501	0.0	0.0
0.001028	0.000142155	238.746407	0.0	0.0
0.001038	0.000146091	238.436003	0.0	0.0
0.001047	0.000150135	238.122243	0.0	0.0
0.001057	0.000154288	237.805082	0.0	0.0
0.001067	0.000158553	237.484474	0.0	0.0
0.001077	0.000162935	237.160372	0.0	0.0
0.001087	0.000167435	236.832764	0.0	0.0
0.001097	0.000172057	236.501603	0.0	0.0
0.001107	0.000176803	236.166809	0.0	0.0
0.001117	0.000181678	235.828369	0.0	0.0
0.001127	0.000186683	235.486237	0.0	0.0
0.001138	0.000191824	235.140399	0.0	0.0
0.001148	0.000197102	234.790775	0.0	0.0
0.001159	0.000202522	234.437320	0.0	0.0
0.001170	0.000208086	234.079986	0.0	0.0
0.001181	0.000213800	233.718760	0.0	0.0
0.001191	0.000219665	233.353596	0.0	0.0
0.001202	0.000225687	232.984448	0.0	0.0
0.001214	0.000231869	232.611236	0.0	0.0
0.001225	0.000238214	232.233948	0.0	0.0
0.001236	0.000244727	231.852537	0.0	0.0
0.001248	0.000251412	231.466958	0.0	0.0
0.001259	0.000258273	231.077167	0.0	0.0
0.001271	0.000265314	230.683117	0.0	0.0
0.001283	0.000272540	230.284764	0.0	0.0
0.001295	0.000279955	229.882065	0.0	0.0
0.001307	0.000287563	229.474974	0.0	0.0
0.001319	0.000295369	229.063450	0.0	0.0
0.001331	0.000303377	228.647413	0.0	0.0
0.001343	0.000311592	228.226892	0.0	0.0
0.001356	0.000320019	227.801775	0.0	0.0
0.001368	0.000328662	227.372056	0.0	0.0
0.001381	0.000337527	226.937695	0.0	0.0
0.001394	0.000346619	226.498652	0.0	0.0
0.001407	0.000355941	226.054854	0.0	0.0
0.001420	0.000365500	225.606264	0.0	0.0
0.001433	0.000375300	225.152879	0.0	0.0
0.001446	0.000385347	224.694630	0.0	0.0
0.001459	0.000395646	224.231481	0.0	0.0
0.001473	0.000406202	223.763401	0.0	0.0
0.001487	0.000417020	223.290357	0.0	0.0
0.001500	0.000428106	222.812318	0.0	0.0
0.001514	0.000439465	222.329222	0.0	0.0
0.001528	0.000451102	221.841040	0.0	0.0
0.001542	0.000463024	221.347748	0.0	0.0
0.001557	0.000475235	220.849356	0.0	0.0
0.001571	0.000487741	220.345773	0.0	0.0
0.001586	0.000500547	219.836978	0.0	0.0
0.001600	0.000513659	219.322990	0.0	0.0
0.001615	0.000527082	218.803721	0.0	0.0
0.001630	0.000540823	218.279230	0.0	0.0
0.001645	0.000554886	217.749400	0.0	0.0
0.001660	0.000569277	217.214294	0.0	0.0
0.001676	0.000584001	216.673870	0.0	0.0
0.001691	0.000599063	216.128090	0.0	0.0
0.001707	0.000614470	215.576991	0.0	0.0
0.001723	0.000630227	215.020540	0.0	0.0
0.001739	0.000646338	214.458709	0.0	0.0
0.001755	0.000662809	213.891508	0.0	0.0
0.001771	0.000679644	213.318949	0.0	0.0
0.001788	0.000696850	212.741015	0.0	0.0
0.001804	0.000714431	212.157761	0.0	0.0
0.001821	0.000732391	211.569142	0.0	0.0
0.001838	0.000750736	210.975221	0.0	0.0
0.001855	0.000769469	210.375961	0.0	0.0
0.001872	0.000788596	209.771433	0.0	0.0
0.001889	0.000808120	209.161609	0.0	0.0
0.001907	0.000828046	208.546569	0.0	0.0
0.001924	0.000848377	207.926329	0.0	0.0
0.001942	0.000869118	207.300908	0.0	0.0
0.001960	0.000890271	206.670401	0.0	0.0
0.001978	0.000911841	206.034769	0.0	0.0
0.001997	0.000933829	205.394151	0.0	0.0
0.002015	0.000956240	204.748517	0.0	0.0
0.002034	0.000979076	204.098017	0.0	0.0
0.002053	0.001002340	203.442633	0.0	0.0
0.002072	0.001026030	202.782490	0.0	0.0
0.002091	0.001050150	202.117650	0.0	0.0
0.002110	0.001074710	201.448215	0.0	0.0
0.002130	0.001099700	200.774188	0.0	0.0
0.002149	0.001125120	200.095751	0.0	0.0
0.002169	0.001150980	199.412954	0.0	0.0
0.002189	0.001177280	198.725922	0.0	0.0
0.002210	0.001204010	198.034749	0.0	0.0
0.002230	0.001231180	197.339536	0.0	0.0
0.002251	0.001258790	196.640390	0.0	0.0
0.002272	0.001286820	195.937459	0.0	0.0
0.002293	0.001315300	195.230858	0.0	0.0
0.002314	0.001344200	194.520712	0.0	0.0
0.002335	0.001373540	193.807150	0.0	0.0
0.002357	0.001403300	193.090337	0.0	0.0
0.002379	0.001433490	192.370382	0.0	0.0
0.002401	0.001464100	191.647459	0.0	0.0
0.002423	0.001495130	190.921719	0.0	0.0
0.002446	0.001526580	190.193315	0.0	0.0
0.002468	0.001558440	189.462437	0.0	0.0
0.002491	0.001590710	188.729184	0.0	0.0
0.002514	0.001623380	187.993785	0.0	0.0
0.002537	0.001656460	187.256379	0.0	0.0
0.002561	0.001689930	186.517141	0.0	0.0
0.002585	0.001723790	185.776248	0.0	0.0
0.002609	0.001758040	185.033913	0.0	0.0
0.002633	0.001792670	184.290317	0.0	0.0
0.002657	0.001827670	183.545585	0.0	0.0
0.002682	0.001863040	182.799937	0.0	0.0
0.002707	0.001898780	182.053594	0.0	0.0
0.002732	0.001934870	181.306687	0.0	0.0
0.002757	0.001971320	180.559470	0.0	0.0
0.002783	0.002008110	179.812077	0.0	0.0
0.002808	0.002045230	179.064704	0.0	0.0
0.002834	0.002082700	178.317577	0.0	0.0
0.002861	0.002120480	177.570834	0.0	0.0
0.002887	0.002158590	176.824727	0.0	0.0
0.002914	0.002197010	176.079397	0.0	0.0
0.002941	0.002235740	175.335064	0.0	0.0
0.002968	0.002274770	174.591868	0.0	0.0
0.002996	0.002314090	173.850056	0.0	0.0
0.003023	0.002353700	173.109737	0.0	0.0
0.003051	0.002393600	172.371153	0.0	0.0
0.003080	0.002433770	171.634438	0.0	0.0
0.003108	0.002474210	170.899802	0.0	0.0
0.003137	0.002514920	170.167374	0.0	0.0
0.003166	0.002555890	169.437359	0.0	0.0
0.003195	0.002597110	168.709881	0.0	0.0
0.003225	0.002638580	167.985162	0.0	0.0
0.003255	0.002680300	167.263272	0.0	0.0
0.003285	0.002722260	166.544448	0.0	0.0
0.003315	0.002764450	165.828778	0.0	0.0
0.003346	0.002806880	165.116419	0.0	0.0
0.003377	0.002849530	164.407524	0.0	0.0
0.003408	0.002892410	163.702194	0.0	0.0
0.003440	0.002935510	163.000618	0.0	0.0
0.003472	0.002978830	162.302845	0.0	0.0
0.003504	0.003022360	161.609053	0.0	0.0
0.003536	0.003066110	160.919308	0.0	0.0
0.003569	0.003110070	160.233776	0.0	0.0
0.003602	0.003154230	159.552494	0.0	0.0
0.003635	0.003198610	158.875617	0.0	0.0
0.003669	0.003243190	158.203214	0.0	0.0
0.003703	0.003287970	157.535353	0.0	0.0
0.003737	0.003332960	156.872152	0.0	0.0
0.003772	0.003378160	156.213687	0.0	0.0
0.003807	0.003423550	155.559994	0.0	0.0
0.003842	0.003469160	154.911176	0.0	0.0
0.003878	0.003514960	154.267297	0.0	0.0
0.003914	0.003560980	153.628380	0.0	0.0
0.003950	0.003607190	152.994532	0.0	0.0
0.003987	0.003653620	152.365751	0.0	0.0
0.004024	0.003700260	151.742102	0.0	0.0
0.004061	0.003747100	151.123644	0.0	0.0
0.004098	0.003794160	150.510381	0.0	0.0
0.004136	0.003841440	149.902364	0.0	0.0
0.004175	0.003888930	149.299626	0.0	0.0
0.004213	0.003936640	148.702161	0.0	0.0
0.004252	0.003984580	148.110026	0.0	0.0
0.004292	0.004032740	147.523209	0.0	0.0
0.004331	0.004081140	146.941729	0.0	0.0
0.004372	0.004129760	146.365599	0.0	0.0
0.004412	0.004178630	145.794818	0.0	0.0
0.004453	0.004227730	145.229394	0.0	0.0
0.004494	0.004277080	144.669331	0.0	0.0
0.004536	0.004326680	144.114620	0.0	0.0
0.004578	0.004376530	143.565247	0.0	0.0
0.004620	0.004426640	143.021224	0.0	0.0
0.004663	0.004477010	142.482507	0.0	0.0
0.004706	0.004527650	141.949104	0.0	0.0
0.004750	0.004578560	141.420992	0.0	0.0
0.004794	0.004629750	140.898163	0.0	0.0
0.004838	0.004681220	140.380567	0.0	0.0
0.004883	0.004732980	139.868213	0.0	0.0
0.004928	0.004785040	139.361053	0.0	0.0
0.004974	0.004837390	138.859079	0.0	0.0
0.005020	0.004890040	138.362251	0.0	0.0
0.005066	0.004943010	137.870538	0.0	0.0
0.005113	0.004996290	137.383908	0.0	0.0
0.005161	0.005049890	136.902338	0.0	0.0
0.005209	0.005103820	136.425785	0.0	0.0
0.005257	0.005158080	135.954223	0.0	0.0
0.005305	0.005212690	135.487598	0.0	0.0
0.005355	0.005267630	135.025892	0.0	0.0
0.005404	0.005322930	134.569060	0.0	0.0
0.005454	0.005378590	134.117056	0.0	0.0
0.005505	0.005434610	133.669841	0.0	0.0
0.005556	0.005490990	133.227386	0.0	0.0
0.005607	0.005547760	132.789637	0.0	0.0
0.005659	0.005604910	132.356562	0.0	0.0
0.005712	0.005662450	131.928114	0.0	0.0
0.005764	0.005720380	131.504247	0.0	0.0
0.005818	0.005778720	131.084921	0.0	0.0
0.005872	0.005837460	130.670096	0.0	0.0
0.005926	0.005896620	130.259719	0.0	0.0
0.005981	0.005956200	129.853757	0.0	0.0
0.006036	0.006016210	129.452157	0.0	0.0
0.006092	0.006076650	129.054886	0.0	0.0
0.006149	0.006137540	128.661884	0.0	0.0
0.006206	0.006198870	128.273119	0.0	0.0
0.006263	0.006260660	127.888546	0.0	0.0
0.006321	0.006322910	127.508112	0.0	0.0
0.006380	0.006385630	127.131774	0.0	0.0
0.006439	0.006448820	126.759498	0.0	0.0
0.006498	0.006512500	126.391229	0.0	0.0
0.006559	0.006576660	126.026923	0.0	0.0
0.006619	0.006641320	125.666548	0.0	0.0
0.006681	0.006706490	125.310045	0.0	0.0
0.006743	0.006772160	124.957382	0.0	0.0
0.006805	0.006838350	124.608507	0.0	0.0
0.006868	0.006905060	124.263383	0.0	0.0
0.006932	0.006972310	123.921971	0.0	0.0
0.006996	0.007040090	123.584217	0.0	0.0
0.007061	0.007108410	123.250084	0.0	0.0
0.007126	0.007177290	122.919537	0.0	0.0
0.007192	0.007246730	122.592522	0.0	0.0
0.007259	0.007316730	122.269006	0.0	0.0
0.007326	0.007387310	121.948950	0.0	0.0
0.007394	0.007458460	121.632305	0.0	0.0
0.007462	0.007530200	121.319037	0.0	0.0
0.007531	0.007602540	121.009106	0.0	0.0
0.007601	0.007675480	120.702469	0.0	0.0
0.007672	0.007749030	120.399093	0.0	0.0
0.007743	0.007823190	120.098933	0.0	0.0
0.007814	0.007897980	119.801954	0.0	0.0
0.007887	0.007973400	119.508118	0.0	0.0
0.007960	0.008049460	119.217389	0.0	0.0
0.008034	0.008126160	118.929727	0.0	0.0
0.008108	0.008203520	118.645096	0.0	0.0
0.008183	0.008281530	118.363462	0.0	0.0
0.008259	0.008360220	118.084789	0.0	0.0
0.008335	0.008439580	117.809037	0.0	0.0
0.008412	0.008519630	117.536177	0.0	0.0
0.008490	0.008600370	117.266171	0.0	0.0
0.008569	0.008681800	116.998985	0.0	0.0
0.008648	0.008763950	116.734588	0.0	0.0
0.008729	0.008846800	116.472941	0.0	0.0
0.008809	0.008930380	116.214019	0.0	0.0
0.008891	0.009014690	115.957784	0.0	0.0
0.008973	0.009099740	115.704204	0.0	0.0
0.009056	0.009185540	115.453251	0.0	0.0
0.009140	0.009272080	115.204888	0.0	0.0
0.009225	0.009359400	114.959090	0.0	0.0
0.009310	0.009447480	114.715824	0.0	0.0
0.009397	0.009536330	114.475058	0.0	0.0
0.009484	0.009625980	114.236763	0.0	0.0
0.009572	0.009716420	114.000911	0.0	0.0
0.009660	0.009807660	113.767475	0.0	0.0
0.009750	0.009899720	113.536424	0.0	0.0
0.009840	0.009992590	113.307729	0.0	0.0
0.009931	0.010086300	113.081361	0.0	0.0
0.010023	0.010180800	112.857286	0.0	0.0
0.010116	0.010276200	112.635510	0.0	0.0
0.010210	0.010372500	112.415957	0.0	0.0
0.010304	0.010469600	112.198643	0.0	0.0
0.010400	0.010567500	111.983515	0.0	0.0
0.010496	0.010666400	111.770565	0.0	0.0
0.010593	0.010766100	111.559742	0.0	0.0
0.010691	0.010866800	111.351061	0.0	0.0
0.010790	0.010968300	111.144451	0.0	0.0
0.010890	0.011070800	110.939925	0.0	0.0
0.010991	0.011174200	110.737436	0.0	0.0
0.011093	0.011278500	110.536979	0.0	0.0
0.011196	0.011383800	110.338525	0.0	0.0
0.011299	0.011490000	110.142031	0.0	0.0
0.011404	0.011597200	109.947491	0.0	0.0
0.011510	0.011705300	109.754899	0.0	0.0
0.011616	0.011814400	109.564194	0.0	0.0
0.011724	0.011924600	109.375388	0.0	0.0
0.011832	0.012035700	109.188441	0.0	0.0
0.011942	0.012147800	109.003347	0.0	0.0
0.012053	0.012261000	108.820067	0.0	0.0
0.012164	0.012375200	108.638595	0.0	0.0
0.012277	0.012490400	108.458895	0.0	0.0
0.012391	0.012606700	108.280961	0.0	0.0
0.012505	0.012724000	108.104758	0.0	0.0
0.012621	0.012842400	107.930296	0.0	0.0
0.012738	0.012961900	107.757524	0.0	0.0
0.012856	0.013082500	107.586424	0.0	0.0
0.012975	0.013204200	107.417007	0.0	0.0
0.013095	0.013327000	107.249224	0.0	0.0
0.013217	0.013450900	107.083071	0.0	0.0
0.013339	0.013576000	106.918519	0.0	0.0
0.013463	0.013702200	106.755561	0.0	0.0
0.013587	0.013829600	106.594182	0.0	0.0
0.013713	0.013958100	106.434351	0.0	0.0
0.013840	0.014087800	106.276065	0.0	0.0
0.013968	0.014218700	106.119294	0.0	0.0
0.014098	0.014350800	105.964025	0.0	0.0
0.014228	0.014484100	105.810252	0.0	0.0
0.014360	0.014618600	105.657938	0.0	0.0
0.014493	0.014754400	105.507078	0.0	0.0
0.014627	0.014891400	105.357671	0.0	0.0
0.014763	0.015029700	105.209679	0.0	0.0
0.014900	0.015169200	105.063088	0.0	0.0
0.015038	0.015310000	104.917896	0.0	0.0
0.015177	0.015452100	104.774078	0.0	0.0
0.015317	0.015595600	104.631621	0.0	0.0
0.015459	0.015740300	104.490503	0.0	0.0
0.015602	0.015886400	104.350730	0.0	0.0
0.015747	0.016033800	104.212262	0.0	0.0
0.015893	0.016182600	104.075104	0.0	0.0
0.016040	0.016332800	103.939237	0.0	0.0
0.016189	0.016484300	103.804638	0.0	0.0
0.016339	0.016637200	103.671305	0.0	0.0
0.016490	0.016791600	103.539219	0.0	0.0
0.016643	0.016947300	103.408368	0.0	0.0
0.016797	0.017104500	103.278734	0.0	0.0
0.016952	0.017263200	103.150313	0.0	0.0
0.017109	0.017423300	103.023079	0.0	0.0
0.017268	0.017584900	102.897031	0.0	0.0
0.017428	0.017747900	102.772150	0.0	0.0
0.017589	0.017912500	102.648426	0.0	0.0
0.017752	0.018078600	102.525851	0.0	0.0
0.017917	0.018246200	102.404406	0.0	0.0
0.018082	0.018415400	102.284076	0.0	0.0
0.018250	0.018586200	102.164859	0.0	0.0
0.018419	0.018758500	102.046731	0.0	0.0
0.018590	0.018932400	101.929692	0.0	0.0
0.018762	0.019107900	101.813726	0.0	0.0
0.018936	0.019285000	101.698824	0.0	0.0
0.019111	0.019463800	101.584966	0.0	0.0
0.019288	0.019644200	101.472149	0.0	0.0
0.019467	0.019826300	101.360366	0.0	0.0
0.019647	0.020010100	101.249591	0.0	0.0
0.019829	0.020195500	101.139827	0.0	0.0
0.020013	0.020382700	101.031057	0.0	0.0
0.020198	0.020571600	100.923272	0.0	0.0
0.020385	0.020762300	100.816466	0.0	0.0
0.020574	0.020954700	100.710620	0.0	0.0
0.020764	0.021148800	100.605728	0.0	0.0
0.020957	0.021344800	100.501782	0.0	0.0
0.021151	0.021542600	100.398765	0.0	0.0
0.021347	0.021742200	100.296677	0.0	0.0
0.021544	0.021943700	100.195500	0.0	0.0
0.021744	0.022147000	100.095234	0.0	0.0
0.021945	0.022352300	99.995857	0.0	0.0
0.022149	0.022559400	99.897369	0.0	0.0
0.022354	0.022768400	99.799754	0.0	0.0
0.022561	0.022979300	99.703010	0.0	0.0
0.022770	0.023192200	99.607124	0.0	0.0
0.022981	0.023407100	99.512084	0.0	0.0
0.023193	0.023624000	99.417886	0.0	0.0
0.023408	0.023842900	99.324520	0.0	0.0
0.023625	0.024063700	99.231977	0.0	0.0
0.023844	0.024286700	99.140246	0.0	0.0
0.024065	0.024511700	99.049319	0.0	0.0
0.024288	0.024738700	98.959192	0.0	0.0
0.024513	0.024967900	98.869850	0.0	0.0
0.024740	0.025199200	98.781290	0.0	0.0
0.024969	0.025432600	98.693503	0.0	0.0
0.025200	0.025668200	98.606476	0.0	0.0
0.025433	0.025906000	98.520206	0.0	0.0
0.025669	0.026146000	98.434684	0.0	0.0
0.025907	0.026388200	98.349903	0.0	0.0
0.026147	0.026632600	98.265854	0.0	0.0
0.026389	0.026879300	98.182527	0.0	0.0
0.026633	0.027128200	98.099918	0.0	0.0
0.026880	0.027379500	98.018018	0.0	0.0
0.027129	0.027633100	97.936819	0.0	0.0
0.027380	0.027889100	97.856315	0.0	0.0
0.027634	0.028147400	97.776497	0.0	0.0
0.027890	0.028408100	97.697358	0.0	0.0
0.028148	0.028671200	97.618891	0.0	0.0
0.028409	0.028936700	97.541087	0.0	0.0
0.028672	0.029204700	97.463945	0.0	0.0
0.028938	0.029475200	97.387450	0.0	0.0
0.029206	0.029748200	97.311599	0.0	0.0
0.029476	0.030023700	97.236389	0.0	0.0
0.029749	0.030301800	97.161805	0.0	0.0
0.030025	0.030582400	97.087847	0.0	0.0
0.030303	0.030865600	97.014506	0.0	0.0
0.030583	0.031151500	96.941774	0.0	0.0
0.030867	0.031440000	96.869645	0.0	0.0
0.031153	0.031731100	96.798115	0.0	0.0
0.031441	0.032025000	96.727175	0.0	0.0
0.031732	0.032321600	96.656817	0.0	0.0
0.032026	0.032620900	96.587039	0.0	0.0
0.032323	0.032923000	96.517833	0.0	0.0
0.032622	0.033227900	96.449192	0.0	0.0
0.032924	0.033535600	96.381111	0.0	0.0
0.033229	0.033846100	96.313581	0.0	0.0
0.033537	0.034159500	96.246602	0.0	0.0
0.033848	0.034475900	96.180161	0.0	0.0
0.034161	0.034795100	96.114258	0.0	0.0
0.034478	0.035117300	96.048882	0.0	0.0
0.034797	0.035442500	95.984031	0.0	0.0
0.035119	0.035770700	95.919697	0.0	0.0
0.035445	0.036101900	95.855876	0.0	0.0
0.035773	0.036436200	95.792562	0.0	0.0
0.036104	0.036773600	95.729747	0.0	0.0
0.036439	0.037114100	95.667429	0.0	0.0
0.036776	0.037457700	95.605600	0.0	0.0
0.037117	0.037804500	95.544255	0.0	0.0
0.037461	0.038154600	95.483390	0.0	0.0
0.037807	0.038507900	95.422997	0.0	0.0
0.038158	0.038864400	95.363073	0.0	0.0
0.038511	0.039224200	95.303612	0.0	0.0
0.038868	0.039587400	95.244608	0.0	0.0
0.039228	0.039953900	95.186057	0.0	0.0
0.039591	0.040323900	95.127954	0.0	0.0
0.039958	0.040697200	95.070292	0.0	0.0
0.040328	0.041074000	95.013067	0.0	0.0
0.040701	0.041454300	94.956275	0.0	0.0
0.041078	0.041838100	94.899909	0.0	0.0
0.041459	0.042225400	94.843967	0.0	0.0
0.041843	0.042616300	94.788439	0.0	0.0
0.042230	0.043010900	94.733326	0.0	0.0
0.042622	0.043409100	94.678619	0.0	0.0
0.043016	0.043810900	94.624316	0.0	0.0
0.043415	0.044216500	94.570411	0.0	0.0
0.043817	0.044625900	94.516898	0.0	0.0
0.044223	0.045039000	94.463774	0.0	0.0
0.044632	0.045455900	94.411034	0.0	0.0
0.045046	0.045876700	94.358674	0.0	0.0
0.045463	0.046301400	94.306688	0.0	0.0
0.045884	0.046730000	94.255072	0.0	0.0
0.046309	0.047162600	94.203822	0.0	0.0
0.046738	0.047599200	94.152934	0.0	0.0
0.047171	0.048039800	94.102401	0.0	0.0
0.047608	0.048484500	94.052222	0.0	0.0
0.048049	0.048933300	94.002391	0.0	0.0
0.048494	0.049386200	93.952903	0.0	0.0
0.048943	0.049843300	93.903755	0.0	0.0
0.049396	0.050304700	93.854941	0.0	0.0
0.049854	0.050770300	93.806460	0.0	0.0
0.050315	0.051240200	93.758304	0.0	0.0
0.050782	0.051714500	93.710471	0.0	0.0
0.051252	0.052193200	93.662956	0.0	0.0
0.051727	0.052676200	93.615756	0.0	0.0
0.052206	0.053163800	93.568865	0.0	0.0
0.052689	0.053655800	93.522282	0.0	0.0
0.053177	0.054152400	93.475999	0.0	0.0
0.053670	0.054653600	93.430015	0.0	0.0
0.054167	0.055159400	93.384325	0.0	0.0
0.054669	0.055669800	93.338925	0.0	0.0
0.055175	0.056185000	93.293811	0.0	0.0
0.055686	0.056705000	93.248980	0.0	0.0
0.056202	0.057229800	93.204426	0.0	0.0
0.056722	0.057759400	93.160148	0.0	0.0
0.057248	0.058293900	93.116140	0.0	0.0
0.057778	0.058833300	93.072399	0.0	0.0
0.058313	0.059377700	93.028922	0.0	0.0
0.058853	0.059927200	92.985703	0.0	0.0
0.059398	0.060481700	92.942740	0.0	0.0
0.059948	0.061041300	92.900029	0.0	0.0
0.060504	0.061606200	92.857567	0.0	0.0
0.061064	0.062176200	92.815349	0.0	0.0
0.061630	0.062751500	92.773373	0.0	0.0
0.062200	0.063332100	92.731633	0.0	0.0
0.062777	0.063918000	92.690128	0.0	0.0
0.063358	0.064509400	92.648852	0.0	0.0
0.063945	0.065106200	92.607804	0.0	0.0
0.064537	0.065708600	92.566978	0.0	0.0
0.065135	0.066316500	92.526372	0.0	0.0
0.065738	0.066930000	92.485982	0.0	0.0
0.066347	0.067549100	92.445804	0.0	0.0
0.066962	0.068174000	92.405836	0.0	0.0
0.067582	0.068804700	92.366074	0.0	0.0
0.068208	0.069441100	92.326513	0.0	0.0
0.068840	0.070083500	92.287153	0.0	0.0
0.069477	0.070731800	92.247987	0.0	0.0
0.070121	0.071386000	92.209013	0.0	0.0
0.070770	0.072046300	92.170229	0.0	0.0
0.071426	0.072712700	92.131630	0.0	0.0
0.072087	0.073385200	92.093213	0.0	0.0
0.072755	0.074063900	92.054975	0.0	0.0
0.073429	0.074748900	92.016913	0.0	0.0
0.074109	0.075440200	91.979022	0.0	0.0
0.074795	0.076137900	91.941302	0.0	0.0
0.075488	0.076842000	91.903747	0.0	0.0
0.076187	0.077552500	91.866354	0.0	0.0
0.076893	0.078269700	91.829122	0.0	0.0
0.077605	0.078993500	91.792045	0.0	0.0
0.078324	0.079723900	91.755121	0.0	0.0
0.079049	0.080461000	91.718348	0.0	0.0
0.079781	0.081205000	91.681721	0.0	0.0
0.080520	0.081955800	91.645238	0.0	0.0
0.081266	0.082713500	91.608895	0.0	0.0
0.082019	0.083478200	91.572690	0.0	0.0
0.082779	0.084250000	91.536619	0.0	0.0
0.083545	0.085028800	91.500679	0.0	0.0
0.084319	0.085814800	91.464867	0.0	0.0
0.085100	0.086608100	91.429180	0.0	0.0
0.085888	0.087408700	91.393615	0.0	0.0
0.086684	0.088216600	91.358170	0.0	0.0
0.087487	0.089032000	91.322840	0.0	0.0
0.088297	0.089854900	91.287623	0.0	0.0
0.089115	0.090685300	91.252516	0.0	0.0
0.089940	0.091523400	91.217516	0.0	0.0
0.090773	0.092369200	91.182620	0.0	0.0
0.091614	0.093222800	91.147825	0.0	0.0
0.092463	0.094084300	91.113127	0.0	0.0
0.093319	0.094953600	91.078524	0.0	0.0
0.094183	0.095831000	91.044014	0.0	0.0
0.095056	0.096716400	91.009593	0.0	0.0
0.095936	0.097610000	90.975258	0.0	0.0
0.096825	0.098511800	90.941006	0.0	0.0
0.097721	0.099421900	90.906834	0.0	0.0
0.098627	0.100340000	90.872739	0.0	0.0
0.099540	0.101267000	90.838719	0.0	0.0
0.100462	0.102203000	90.804772	0.0	0.0
0.101393	0.103147000	90.770892	0.0	0.0
0.102332	0.104099000	90.737075	0.0	0.0
0.103280	0.105061000	90.703324	0.0	0.0
0.104236	0.106031000	90.669632	0.0	0.0
0.105202	0.107010000	90.636000	0.0	0.0
0.106176	0.107998000	90.602419	0.0	0.0
0.107159	0.108995000	90.568891	0.0	0.0
0.108152	0.110002000	90.535408	0.0	0.0
0.109154	0.111017000	90.501974	0.0	0.0
0.110165	0.112042000	90.468582	0.0	0.0
0.111185	0.113077000	90.435228	0.0	0.0
0.112215	0.114120000	90.401914	0.0	0.0
0.113254	0.115174000	90.368634	0.0	0.0
0.114303	0.116237000	90.335384	0.0	0.0
0.115362	0.117310000	90.302163	0.0	0.0
0.116430	0.118392000	90.268967	0.0	0.0
0.117509	0.119485000	90.235794	0.0	0.0
0.118597	0.120587000	90.202641	0.0	0.0
0.119696	0.121700000	90.169504	0.0	0.0
0.120804	0.122823000	90.136384	0.0	0.0
0.121923	0.123956000	90.103275	0.0	0.0
0.123052	0.125099000	90.070173	0.0	0.0
0.124192	0.126253000	90.037078	0.0	0.0
0.125342	0.127418000	90.003986	0.0	0.0
0.126503	0.128593000	89.970892	0.0	0.0
0.127675	0.129779000	89.937797	0.0	0.0
0.128858	0.130976000	89.904698	0.0	0.0
0.130051	0.132183000	89.871589	0.0	0.0
0.131256	0.133402000	89.838468	0.0	0.0
0.132471	0.134632000	89.805335	0.0	0.0
0.133698	0.135873000	89.772184	0.0	0.0
0.134937	0.137125000	89.739014	0.0	0.0
0.136187	0.138389000	89.705822	0.0	0.0
0.137448	0.139665000	89.672603	0.0	0.0
0.138721	0.140952000	89.639356	0.0	0.0
0.140006	0.142251000	89.606080	0.0	0.0
0.141303	0.143561000	89.572768	0.0	0.0
0.142611	0.144884000	89.539420	0.0	0.0
0.143932	0.146219000	89.506032	0.0	0.0
0.145265	0.147566000	89.472603	0.0	0.0
0.146611	0.148925000	89.439127	0.0	0.0
0.147969	0.150296000	89.405605	0.0	0.0
0.149339	0.151680000	89.372031	0.0	0.0
0.150723	0.153077000	89.338403	0.0	0.0
0.152119	0.154486000	89.304717	0.0	0.0
0.153528	0.155908000	89.270973	0.0	0.0
0.154950	0.157343000	89.237166	0.0	0.0
0.156385	0.158792000	89.203293	0.0	0.0
0.157833	0.160253000	89.169354	0.0	0.0
0.159295	0.161728000	89.135341	0.0	0.0
0.160770	0.163216000	89.101256	0.0	0.0
0.162260	0.164717000	89.067092	0.0	0.0
0.163762	0.166232000	89.032848	0.0	0.0
0.165279	0.167761000	88.998522	0.0	0.0
0.166810	0.169304000	88.964109	0.0	0.0
0.168355	0.170861000	88.929608	0.0	0.0
0.169914	0.172432000	88.895016	0.0	0.0
0.171488	0.174017000	88.860328	0.0	0.0
0.173077	0.175617000	88.825542	0.0	0.0
0.174680	0.177231000	88.790658	0.0	0.0
0.176298	0.178859000	88.755668	0.0	0.0
0.177930	0.180503000	88.720572	0.0	0.0
0.179579	0.182161000	88.685364	0.0	0.0
0.181242	0.183835000	88.650045	0.0	0.0
0.182921	0.185523000	88.614610	0.0	0.0
0.184615	0.187227000	88.579058	0.0	0.0
0.186325	0.188946000	88.543383	0.0	0.0
0.188050	0.190681000	88.507582	0.0	0.0
0.189792	0.192431000	88.471653	0.0	0.0
0.191550	0.194197000	88.435593	0.0	0.0
0.193324	0.195979000	88.399400	0.0	0.0
0.195115	0.197777000	88.363069	0.0	0.0
0.196922	0.199592000	88.326598	0.0	0.0
0.198746	0.201423000	88.289981	0.0	0.0
0.200587	0.203270000	88.253219	0.0	0.0
0.202445	0.205134000	88.216307	0.0	0.0
0.204320	0.207015000	88.179243	0.0	0.0
0.206212	0.208912000	88.142021	0.0	0.0
0.208122	0.210827000	88.104639	0.0	0.0
0.210050	0.212759000	88.067097	0.0	0.0
0.211995	0.214708000	88.029388	0.0	0.0
0.213959	0.216675000	87.991508	0.0	0.0
0.215941	0.218660000	87.953457	0.0	0.0
0.217941	0.220662000	87.915229	0.0	0.0
0.219959	0.222682000	87.876823	0.0	0.0
0.221997	0.224721000	87.838234	0.0	0.0
0.224053	0.226778000	87.799459	0.0	0.0
0.226128	0.228853000	87.760496	0.0	0.0
0.228222	0.230947000	87.721341	0.0	0.0
0.230336	0.233059000	87.681988	0.0	0.0
0.232470	0.235191000	87.642437	0.0	0.0
0.234623	0.237341000	87.602682	0.0	0.0
0.236796	0.239511000	87.562722	0.0	0.0
0.238989	0.241701000	87.522552	0.0	0.0
0.241203	0.243909000	87.482170	0.0	0.0
0.243437	0.246138000	87.441570	0.0	0.0
0.245692	0.248386000	87.400751	0.0	0.0
0.247967	0.250655000	87.359707	0.0	0.0
0.250264	0.252944000	87.318437	0.0	0.0
0.252582	0.255253000	87.276935	0.0	0.0
0.254922	0.257583000	87.235199	0.0	0.0
0.257283	0.259934000	87.193225	0.0	0.0
0.259666	0.262305000	87.151009	0.0	0.0
0.262071	0.264698000	87.108548	0.0	0.0
0.264498	0.267112000	87.065838	0.0	0.0
0.266948	0.269547000	87.022876	0.0	0.0
0.269420	0.272004000	86.979655	0.0	0.0
0.271916	0.274484000	86.936175	0.0	0.0
0.274434	0.276985000	86.892432	0.0	0.0
0.276976	0.279508000	86.848419	0.0	0.0
0.279542	0.282054000	86.804135	0.0	0.0
0.282131	0.284622000	86.759574	0.0	0.0
0.284744	0.287213000	86.714736	0.0	0.0
0.287381	0.289827000	86.669612	0.0	0.0
0.290043	0.292465000	86.624203	0.0	0.0
0.292730	0.295125000	86.578500	0.0	0.0
0.295441	0.297810000	86.532503	0.0	0.0
0.298177	0.300518000	86.486206	0.0	0.0
0.300939	0.303250000	86.439605	0.0	0.0
0.303726	0.306006000	86.392696	0.0	0.0
0.306540	0.308787000	86.345477	0.0	0.0
0.309379	0.311593000	86.297940	0.0	0.0
0.312244	0.314423000	86.250084	0.0	0.0
0.315136	0.317278000	86.201904	0.0	0.0
0.318055	0.320159000	86.153394	0.0	0.0
0.321001	0.323065000	86.104551	0.0	0.0
0.323974	0.325997000	86.055371	0.0	0.0
0.326975	0.328954000	86.005850	0.0	0.0
0.330004	0.331938000	85.955983	0.0	0.0
0.333060	0.334949000	85.905766	0.0	0.0
0.336145	0.337985000	85.855192	0.0	0.0
0.339258	0.341049000	85.804261	0.0	0.0
0.342401	0.344140000	85.752964	0.0	0.0
0.345572	0.347258000	85.701299	0.0	0.0
0.348773	0.350404000	85.649263	0.0	0.0
0.352003	0.353578000	85.596847	0.0	0.0
0.355264	0.356779000	85.544048	0.0	0.0
0.358554	0.360009000	85.490864	0.0	0.0
0.361875	0.363268000	85.437287	0.0	0.0
0.365227	0.366555000	85.383314	0.0	0.0
0.368610	0.369872000	85.328939	0.0	0.0
0.372024	0.373218000	85.274157	0.0	0.0
0.375469	0.376593000	85.218965	0.0	0.0
0.378947	0.379999000	85.163355	0.0	0.0
0.382457	0.383434000	85.107325	0.0	0.0
0.385999	0.386900000	85.050868	0.0	0.0
0.389575	0.390397000	84.993980	0.0	0.0
0.393183	0.393925000	84.936656	0.0	0.0
0.396825	0.397484000	84.878890	0.0	0.0
0.400500	0.401075000	84.820677	0.0	0.0
0.404210	0.404698000	84.762011	0.0	0.0
0.407954	0.408353000	84.702888	0.0	0.0
0.411732	0.412040000	84.643303	0.0	0.0
0.415546	0.415761000	84.583249	0.0	0.0
0.419394	0.419514000	84.522720	0.0	0.0
0.423279	0.423302000	84.461713	0.0	0.0
0.427199	0.427123000	84.400221	0.0	0.0
0.431156	0.430978000	84.338238	0.0	0.0
0.435150	0.434867000	84.275758	0.0	0.0
0.439180	0.438792000	84.212778	0.0	0.0
0.443248	0.442752000	84.149289	0.0	0.0
0.447353	0.446747000	84.085287	0.0	0.0
0.451497	0.450778000	84.020765	0.0	0.0
0.455679	0.454846000	83.955719	0.0	0.0
0.459899	0.458951000	83.890140	0.0	0.0
0.464159	0.463092000	83.824024	0.0	0.0
0.468458	0.467271000	83.757365	0.0	0.0
0.472797	0.471488000	83.690155	0.0	0.0
0.477176	0.475743000	83.622390	0.0	0.0
0.481596	0.480037000	83.554062	0.0	0.0
0.486056	0.484371000	83.485166	0.0	0.0
0.490558	0.488743000	83.415694	0.0	0.0
0.495102	0.493156000	83.345641	0.0	0.0
0.499688	0.497610000	83.275000	0.0	0.0
0.504316	0.502104000	83.203764	0.0	0.0
0.508987	0.506640000	83.131925	0.0	0.0
0.513701	0.511218000	83.059478	0.0	0.0
0.518459	0.515839000	82.986416	0.0	0.0
0.523261	0.520502000	82.912734	0.0	0.0
0.528108	0.525209000	82.838420	0.0	0.0
0.532999	0.529959000	82.763472	0.0	0.0
0.537936	0.534755000	82.687879	0.0	0.0
0.542919	0.539595000	82.611637	0.0	0.0
0.547947	0.544481000	82.534737	0.0	0.0
0.553022	0.549413000	82.457171	0.0	0.0
0.558145	0.554392000	82.378933	0.0	0.0
0.563314	0.559419000	82.300013	0.0	0.0
0.568532	0.564493000	82.220407	0.0	0.0
0.573798	0.569616000	82.140107	0.0	0.0
0.579112	0.574789000	82.059100	0.0	0.0
0.584476	0.580011000	81.977385	0.0	0.0
0.589890	0.585284000	81.894951	0.0	0.0
0.595353	0.590608000	81.811788	0.0	0.0
0.600868	0.595984000	81.727890	0.0	0.0
0.606433	0.601413000	81.643250	0.0	0.0
0.612050	0.606895000	81.557857	0.0	0.0
0.617719	0.612431000	81.471703	0.0	0.0
0.623440	0.618022000	81.384782	0.0	0.0
0.629215	0.623669000	81.297084	0.0	0.0
0.635043	0.629372000	81.208599	0.0	0.0
0.640924	0.635133000	81.119319	0.0	0.0
0.646861	0.640951000	81.029235	0.0	0.0
0.652852	0.646828000	80.938339	0.0	0.0
0.658899	0.652765000	80.846620	0.0	0.0
0.665002	0.658762000	80.754072	0.0	0.0
0.671161	0.664821000	80.660682	0.0	0.0
0.677378	0.670942000	80.566442	0.0	0.0
0.683652	0.677127000	80.471343	0.0	0.0
0.689984	0.683375000	80.375375	0.0	0.0
0.696375	0.689688000	80.278527	0.0	0.0
0.702824	0.696068000	80.180791	0.0	0.0
0.709334	0.702514000	80.082156	0.0	0.0
0.715904	0.709028000	79.982611	0.0	0.0
0.722535	0.715611000	79.882148	0.0	0.0
0.729227	0.722264000	79.780753	0.0	0.0
0.735981	0.728988000	79.678420	0.0	0.0
0.742798	0.735784000	79.575134	0.0	0.0
0.749678	0.742653000	79.470886	0.0	0.0
0.756622	0.749596000	79.365665	0.0	0.0
0.763630	0.756613000	79.259462	0.0	0.0
0.770703	0.763707000	79.152262	0.0	0.0
0.777841	0.770878000	79.044055	0.0	0.0
0.785046	0.778128000	78.934830	0.0	0.0
0.792317	0.785457000	78.824575	0.0	0.0
0.799656	0.792866000	78.713278	0.0	0.0
0.807062	0.800356000	78.600929	0.0	0.0
0.814537	0.807930000	78.487512	0.0	0.0
0.822082	0.815587000	78.373017	0.0	0.0
0.829696	0.823329000	78.257431	0.0	0.0
0.837381	0.831157000	78.140742	0.0	0.0
0.845137	0.839071000	78.022938	0.0	0.0
0.852964	0.847074000	77.904003	0.0	0.0
0.860865	0.855166000	77.783925	0.0	0.0
0.868838	0.863349000	77.662691	0.0	0.0
0.876886	0.871622000	77.540289	0.0	0.0
0.885008	0.879988000	77.416703	0.0	0.0
0.893205	0.888447000	77.291920	0.0	0.0
0.901478	0.897000000	77.165926	0.0	0.0
0.909827	0.905649000	77.038705	0.0	0.0
0.918254	0.914394000	76.910245	0.0	0.0
0.926759	0.923236000	76.780531	0.0	0.0
0.935343	0.932176000	76.649544	0.0	0.0
0.944007	0.941215000	76.517275	0.0	0.0
0.952750	0.950354000	76.383705	0.0	0.0
0.961575	0.959593000	76.248818	0.0	0.0
0.970481	0.968934000	76.112599	0.0	0.0
0.979470	0.978377000	75.975032	0.0	0.0
0.988542	0.987922000	75.836102	0.0	0.0
0.997698	0.997571000	75.695789	0.0	0.0
1.006939	1.007320000	75.554075	0.0	0.0
1.016265	1.017180000	75.410958	0.0	0.0
1.025678	1.027140000	75.266400	0.0	0.0
1.035178	1.037210000	75.120395	0.0	0.0
1.044766	1.047380000	74.972922	0.0	0.0
1.054443	1.057660000	74.823961	0.0	0.0
1.064209	1.068050000	74.673506	0.0	0.0
1.074066	1.078540000	74.521519	0.0	0.0
1.084014	1.089130000	74.367996	0.0	0.0
1.094055	1.099840000	74.212900	0.0	0.0
1.104188	1.110650000	74.056238	0.0	0.0
1.114415	1.121560000	73.897974	0.0	0.0
1.124737	1.132580000	73.738085	0.0	0.0
1.135155	1.143710000	73.576550	0.0	0.0
1.145669	1.154940000	73.413361	0.0	0.0
1.156280	1.166280000	73.248495	0.0	0.0
1.166990	1.177720000	73.081915	0.0	0.0
1.177799	1.189260000	72.913611	0.0	0.0
1.188708	1.200910000	72.743561	0.0	0.0
1.199718	1.212650000	72.571742	0.0	0.0
1.210830	1.224500000	72.398129	0.0	0.0
1.222045	1.236450000	72.222698	0.0	0.0
1.233363	1.248500000	72.045441	0.0	0.0
1.244787	1.260650000	71.866301	0.0	0.0
1.256317	1.272900000	71.685270	0.0	0.0
1.267953	1.285240000	71.502338	0.0	0.0
1.279697	1.297680000	71.317464	0.0	0.0
1.291550	1.310220000	71.130623	0.0	0.0
1.303512	1.322840000	70.941803	0.0	0.0
1.315586	1.335560000	70.750949	0.0	0.0
1.327771	1.348380000	70.558064	0.0	0.0
1.340069	1.361280000	70.363106	0.0	0.0
1.352481	1.374270000	70.166048	0.0	0.0
1.365008	1.387360000	69.966863	0.0	0.0
1.377651	1.400530000	69.765523	0.0	0.0
1.390411	1.413790000	69.562000	0.0	0.0
1.403289	1.427140000	69.356265	0.0	0.0
1.416287	1.440580000	69.148274	0.0	0.0
1.429405	1.454110000	68.938014	0.0	0.0
1.442644	1.467720000	68.725456	0.0	0.0
1.456006	1.481430000	68.510553	0.0	0.0
1.469492	1.495220000	68.293276	0.0	0.0
1.483103	1.509110000	68.073594	0.0	0.0
1.496839	1.523090000	67.851492	0.0	0.0
1.510703	1.537160000	67.626907	0.0	0.0
1.524696	1.551330000	67.399807	0.0	0.0
1.538818	1.565600000	67.170177	0.0	0.0
1.553071	1.579970000	66.937967	0.0	0.0
1.567455	1.594450000	66.703161	0.0	0.0
1.581973	1.609040000	66.465693	0.0	0.0
1.596626	1.623740000	66.225529	0.0	0.0
1.611414	1.638570000	65.982652	0.0	0.0
1.626340	1.653520000	65.736994	0.0	0.0
1.641403	1.668600000	65.488552	0.0	0.0
1.656606	1.683820000	65.237259	0.0	0.0
1.671950	1.699190000	64.983079	0.0	0.0
1.687436	1.714720000	64.725974	0.0	0.0
1.703065	1.730410000	64.465908	0.0	0.0
1.718839	1.746260000	64.202826	0.0	0.0
1.734759	1.762310000	63.936692	0.0	0.0
1.750827	1.778540000	63.667448	0.0	0.0
1.767044	1.794980000	63.395058	0.0	0.0
1.783410	1.811640000	63.119497	0.0	0.0
1.799929	1.828530000	62.840676	0.0	0.0
1.816600	1.845650000	62.558587	0.0	0.0
1.833425	1.863030000	62.273173	0.0	0.0
1.850407	1.880680000	61.984358	0.0	0.0
1.867546	1.898600000	61.692117	0.0	0.0
1.884843	1.916820000	61.396408	0.0	0.0
1.902301	1.935350000	61.097152	0.0	0.0
1.919921	1.954190000	60.794307	0.0	0.0
1.937703	1.973370000	60.487845	0.0	0.0
1.955651	1.992900000	60.177669	0.0	0.0
1.973764	2.012780000	59.863770	0.0	0.0
1.992046	2.033030000	59.546048	0.0	0.0
2.010496	2.053660000	59.224493	0.0	0.0
2.029118	2.074680000	58.899006	0.0	0.0
2.047912	2.096100000	58.569555	0.0	0.0
2.066880	2.117930000	58.236076	0.0	0.0
2.086024	2.140160000	57.898503	0.0	0.0
2.105345	2.162810000	57.556786	0.0	0.0
2.124845	2.185870000	57.210860	0.0	0.0
2.144526	2.209350000	56.860655	0.0	0.0
2.164389	2.233230000	56.506121	0.0	0.0
2.184436	2.257520000	56.147190	0.0	0.0
2.204669	2.282210000	55.783793	0.0	0.0
2.225089	2.307290000	55.415879	0.0	0.0
2.245698	2.332730000	55.043376	0.0	0.0
2.266498	2.358530000	54.666215	0.0	0.0
2.287491	2.384670000	54.284324	0.0	0.0
2.308678	2.411110000	53.897652	0.0	0.0
2.330061	2.437830000	53.506126	0.0	0.0
2.351643	2.464800000	53.109656	0.0	0.0
2.373424	2.492000000	52.708208	0.0	0.0
2.395407	2.519370000	52.301690	0.0	0.0
2.417594	2.546890000	51.890031	0.0	0.0
2.439986	2.574510000	51.473176	0.0	0.0
2.462586	2.602190000	51.051034	0.0	0.0
2.485395	2.629880000	50.623553	0.0	0.0
2.508415	2.657530000	50.190659	0.0	0.0
2.531648	2.685100000	49.752280	0.0	0.0
2.555097	2.712540000	49.308326	0.0	0.0
2.578763	2.739800000	48.858744	0.0	0.0
2.602648	2.766840000	48.403463	0.0	0.0
2.626754	2.793610000	47.942412	0.0	0.0
2.651084	2.820070000	47.475503	0.0	0.0
2.675638	2.846180000	47.002704	0.0	0.0
2.700421	2.871900000	46.523889	0.0	0.0
2.725433	2.897210000	46.039029	0.0	0.0
2.750676	2.922080000	45.548058	0.0	0.0
2.776153	2.946490000	45.050891	0.0	0.0
2.801867	2.970430000	44.547445	0.0	0.0
2.827818	2.993910000	44.037695	0.0	0.0
2.854010	3.016920000	43.521543	0.0	0.0
2.880444	3.039480000	42.998948	0.0	0.0
2.907123	3.061610000	42.469834	0.0	0.0
2.934050	3.083350000	41.934127	0.0	0.0
2.961225	3.104730000	41.391812	0.0	0.0
2.988653	3.125810000	40.842781	0.0	0.0
3.016334	3.146650000	40.287025	0.0	0.0
3.044272	3.167300000	39.724461	0.0	0.0
3.072469	3.187850000	39.155047	0.0	0.0
3.100927	3.208370000	38.578745	0.0	0.0
3.129648	3.228940000	37.995521	0.0	0.0
3.158635	3.249650000	37.405324	0.0	0.0
3.187891	3.270590000	36.808108	0.0	0.0
3.217418	3.291820000	36.203850	0.0	0.0
3.247218	3.313450000	35.592532	0.0	0.0
3.277295	3.335530000	34.974102	0.0	0.0
3.307650	3.358130000	34.348573	0.0	0.0
3.338286	3.381320000	33.715922	0.0	0.0
3.369206	3.405120000	33.076132	0.0	0.0
3.400412	3.429560000	32.429213	0.0	0.0
3.431907	3.454660000	31.775160	0.0	0.0
3.463694	3.480400000	31.113975	0.0	0.0
3.495776	3.506760000	30.445667	0.0	0.0
3.528154	3.533680000	29.770293	0.0	0.0
3.560833	3.561080000	29.087835	0.0	0.0
3.593814	3.588880000	28.398364	0.0	0.0
3.627100	3.616960000	27.701919	0.0	0.0
3.660695	3.645180000	26.998527	0.0	0.0
3.694601	3.673400000	26.288263	0.0	0.0
3.728821	3.701440000	25.571191	0.0	0.0
3.763358	3.729130000	24.847385	0.0	0.0
3.798215	3.756300000	24.116925	0.0	0.0
3.833395	3.782750000	23.379903	0.0	0.0
3.868901	3.808320000	22.636420	0.0	0.0
3.904735	3.832820000	21.886606	0.0	0.0
3.940902	3.856100000	21.130540	0.0	0.0
3.977403	3.878040000	20.368394	0.0	0.0
4.014242	3.898530000	19.600287	0.0	0.0
4.051423	3.917480000	18.826346	0.0	0.0
4.088948	3.934870000	18.046754	0.0	0.0
4.126821	3.950700000	17.261660	0.0	0.0
4.165044	3.965010000	16.471263	0.0	0.0
4.203622	3.977880000	15.675712	0.0	0.0
4.242556	3.989460000	14.875248	0.0	0.0
4.281852	3.999920000	14.070018	0.0	0.0
4.321511	4.009460000	13.260281	0.0	0.0
4.361538	4.018320000	12.446225	0.0	0.0
4.401935	4.026760000	11.628107	0.0	0.0
4.442707	4.035060000	10.806130	0.0	0.0
4.483856	4.043490000	9.980569	0.0	0.0
4.525386	4.052300000	9.151665	0.0	0.0
4.567301	4.061740000	8.319667	0.0	0.0
4.609604	4.072000000	7.484851	0.0	0.0
4.652300	4.083230000	6.647459	0.0	0.0
4.695390	4.095500000	5.807819	0.0	0.0
4.738880	4.108810000	4.966167	0.0	0.0
4.782772	4.123090000	4.122821	0.0	0.0
4.827071	4.138170000	3.278045	0.0	0.0
4.871780	4.153780000	2.432146	0.0	0.0
4.916904	4.169580000	1.585396	0.0	0.0
4.962445	4.185160000	0.738126	0.0	0.0
5.008408	4.200020000	-0.109388	0.0	0.0
5.054797	4.213630000	-0.956848	0.0	0.0
5.101615	4.225450000	-1.803941	0.0	0.0
5.148867	4.234920000	-2.650386	0.0	0.0
5.196557	4.241510000	-3.495888	0.0	0.0
5.244689	4.244760000	-4.340152	0.0	0.0
5.293266	4.244300000	-5.182867	0.0	0.0
5.342293	4.239860000	-6.023762	0.0	0.0
5.391775	4.231310000	-6.862566	0.0	0.0
5.441714	4.218690000	-7.698964	0.0	0.0
5.492116	4.202160000	-8.532710	0.0	0.0
5.542986	4.182080000	-9.363547	0.0	0.0
5.594326	4.158930000	-10.191176	0.0	0.0
5.646141	4.133330000	-11.015350	0.0	0.0
5.698437	4.106000000	-11.835847	0.0	0.0
5.751217	4.077710000	-12.652402	0.0	0.0
5.804486	4.049270000	-13.464790	0.0	0.0
5.858248	4.021420000	-14.272777	0.0	0.0
5.912508	3.994850000	-15.076153	0.0	0.0
5.967271	3.970110000	-15.874715	0.0	0.0
6.022541	3.947580000	-16.668254	0.0	0.0
6.078323	3.927450000	-17.456584	0.0	0.0
6.134622	3.909690000	-18.239528	0.0	0.0
6.191442	3.894020000	-19.016903	0.0	0.0
6.248788	3.880000000	-19.788548	0.0	0.0
6.306666	3.866970000	-20.554325	0.0	0.0
6.365079	3.854170000	-21.314067	0.0	0.0
6.424034	3.840740000	-22.067664	0.0	0.0
6.483534	3.825850000	-22.814966	0.0	0.0
6.543586	3.808710000	-23.555882	0.0	0.0
6.604194	3.788730000	-24.290292	0.0	0.0
6.665363	3.765500000	-25.018097	0.0	0.0
6.727099	3.738910000	-25.739216	0.0	0.0
6.789407	3.709180000	-26.453567	0.0	0.0
6.852292	3.676830000	-27.161075	0.0	0.0
6.915759	3.642710000	-27.861673	0.0	0.0
6.979814	3.607920000	-28.555311	0.0	0.0
7.044462	3.573750000	-29.241939	0.0	0.0
7.109709	3.541540000	-29.921521	0.0	0.0
7.175561	3.512530000	-30.594029	0.0	0.0
7.242022	3.487760000	-31.259421	0.0	0.0
7.309099	3.467860000	-31.917692	0.0	0.0
7.376798	3.452890000	-32.568832	0.0	0.0
7.445123	3.442280000	-33.212817	0.0	0.0
7.514081	3.434670000	-33.849659	0.0	0.0
7.583678	3.427960000	-34.479365	0.0	0.0
7.653919	3.419290000	-35.101936	0.0	0.0
7.724811	3.405170000	-35.717397	0.0	0.0
7.796360	3.381690000	-36.325769	0.0	0.0
7.868572	3.344760000	-36.927075	0.0	0.0
7.941452	3.290380000	-37.521336	0.0	0.0
8.015007	3.215030000	-38.108592	0.0	0.0
8.089243	3.115920000	-38.688878	0.0	0.0
8.164168	2.991360000	-39.262248	0.0	0.0
8.239786	2.840910000	-39.828727	0.0	0.0
8.316104	2.665610000	-40.388366	0.0	0.0
8.393129	2.467900000	-40.941220	0.0	0.0
8.470868	2.251630000	-41.487344	0.0	0.0
8.549327	2.021810000	-42.026788	0.0	0.0
8.628513	1.784280000	-42.559611	0.0	0.0
8.708431	1.545360000	-43.085862	0.0	0.0
8.789091	1.311450000	-43.605622	0.0	0.0
8.870497	1.088530000	-44.118935	0.0	0.0
8.952657	0.881856000	-44.625873	0.0	0.0
9.035578	0.695598000	-45.126499	0.0	0.0
9.119268	0.532644000	-45.620888	0.0	0.0
9.203732	0.394496000	-46.109092	0.0	0.0
9.288979	0.281289000	-46.591193	0.0	0.0
9.375015	0.191922000	-47.067251	0.0	0.0
9.461848	0.124271000	-47.537340	0.0	0.0
9.549486	0.075472700	-48.001535	0.0	0.0
9.637935	0.042233600	-48.459897	0.0	0.0
9.727203	0.021142800	-48.912500	0.0	0.0
9.817298	0.008948450	-49.359419	0.0	0.0
9.908228	0.002778170	-49.800725	0.0	0.0
10.000000	0.000286180	-50.236486	0.0	0.0

