# UNCLASSIFIED
#
# Response info for I2301-15 infrasound channels.
#
# Effective: 10 December 2007
# Created: 31 January 2008
# File name: I23FR_rsp.txt
#
# Source: James Neely, Mark Walkup (TTD)
# System equipment: MB2005 microbarometer sensor and AUBRAC3V digitizer.
#
# The response file was derived from equations of state.
# Pressure response normalized to 1.0 at 0.1 Hz.
#
# The Ncalib values are as follows:
#
# I2301 BDF is 0.000095367 Pa/count at 0.1 Hz.
# I2302 BDF is 0.000095367 Pa/count at 0.1 Hz.
# I2303 BDF is 0.000095367 Pa/count at 0.1 Hz.
# I2304 BDF is 0.000095367 Pa/count at 0.1 Hz.
# I2305 BDF is 0.000095367 Pa/count at 0.1 Hz.
# I2306 BDF is 0.000095367 Pa/count at 0.1 Hz.
# I2307 BDF is 0.000095367 Pa/count at 0.1 Hz.
# I2308 BDF is 0.000095367 Pa/count at 0.1 Hz.
# I2309 BDF is 0.000095367 Pa/count at 0.1 Hz.
# I2310 BDF is 0.000095367 Pa/count at 0.1 Hz.
# I2311 BDF is 0.000095367 Pa/count at 0.1 Hz.
# I2312 BDF is 0.000095367 Pa/count at 0.1 Hz.
# I2313 BDF is 0.000095367 Pa/count at 0.1 Hz.
# I2314 BDF is 0.000095367 Pa/count at 0.1 Hz.
# I2315 BDF is 0.000095367 Pa/count at 0.1 Hz.
#
# Freq(Hz)     Amp(counts/Pa)   Phase(deg)   Error(amp)  Error(phase)
#
   theoretical   0   instrument   fap   J.Neely
2046
0.014648	0.831374758	34.279025	0.0	0.0
0.019531	0.893668399	27.043605	0.0	0.0
0.024414	0.930798561	22.181871	0.0	0.0
0.029297	0.952644258	18.736127	0.0	0.0
0.034180	0.967401706	16.178979	0.0	0.0
0.039063	0.975973998	14.212462	0.0	0.0
0.043945	0.980680768	12.655451	0.0	0.0
0.048828	0.985544937	11.391086	0.0	0.0
0.053711	0.987806471	10.345430	0.0	0.0
0.058594	0.990646267	9.464004	0.0	0.0
0.063477	0.993250134	8.713324	0.0	0.0
0.068359	0.995547175	8.065276	0.0	0.0
0.073242	0.995998010	7.500012	0.0	0.0
0.078125	0.997579493	6.999892	0.0	0.0
0.083008	0.997845236	6.558525	0.0	0.0
0.087891	0.996438036	6.160367	0.0	0.0
0.092773	0.998621146	5.802167	0.0	0.0
0.097656	1.000278537	5.480069	0.0	0.0
0.102539	0.999350101	5.184875	0.0	0.0
0.107422	0.998741564	4.913491	0.0	0.0
0.112305	0.999041222	4.664833	0.0	0.0
0.117188	1.000191027	4.434819	0.0	0.0
0.122070	1.000435892	4.222823	0.0	0.0
0.126953	1.000986417	4.024204	0.0	0.0
0.131836	1.001411216	3.839431	0.0	0.0
0.136719	1.002752807	3.666575	0.0	0.0
0.141602	1.002719705	3.506387	0.0	0.0
0.146484	1.000916279	3.352366	0.0	0.0
0.151367	1.002091206	3.207526	0.0	0.0
0.156250	1.002888100	3.072332	0.0	0.0
0.161133	1.002260851	2.942045	0.0	0.0
0.166016	1.003441055	2.818398	0.0	0.0
0.170898	1.005166348	2.702096	0.0	0.0
0.175781	1.006381084	2.592413	0.0	0.0
0.180664	1.006386996	2.487807	0.0	0.0
0.185547	1.004870442	2.387909	0.0	0.0
0.190430	1.002242639	2.289030	0.0	0.0
0.195313	1.003343975	2.194326	0.0	0.0
0.200195	1.003515933	2.104248	0.0	0.0
0.205078	1.003705391	2.018249	0.0	0.0
0.209961	1.003312257	1.933577	0.0	0.0
0.214844	1.004138365	1.851846	0.0	0.0
0.219727	1.006640111	1.774181	0.0	0.0
0.224609	1.007712357	1.701168	0.0	0.0
0.229492	1.007146673	1.630228	0.0	0.0
0.234375	1.006887622	1.559059	0.0	0.0
0.239258	1.007231781	1.491975	0.0	0.0
0.244141	1.006544041	1.425053	0.0	0.0
0.249023	1.007195263	1.360335	0.0	0.0
0.253906	1.007940434	1.298162	0.0	0.0
0.258789	1.008629012	1.238069	0.0	0.0
0.263672	1.008437855	1.179617	0.0	0.0
0.268555	1.007810084	1.122008	0.0	0.0
0.273438	1.006707855	1.064434	0.0	0.0
0.278320	1.008048275	1.008957	0.0	0.0
0.283203	1.009008303	0.955797	0.0	0.0
0.288086	1.008948266	0.904786	0.0	0.0
0.292969	1.009071794	0.854407	0.0	0.0
0.297852	1.006756116	0.805336	0.0	0.0
0.302734	1.005508338	0.755026	0.0	0.0
0.307617	1.004782637	0.705359	0.0	0.0
0.312500	1.004609030	0.657591	0.0	0.0
0.317383	1.004327847	0.609647	0.0	0.0
0.322266	1.004803497	0.562899	0.0	0.0
0.327148	1.006325504	0.516865	0.0	0.0
0.332031	1.007640288	0.473675	0.0	0.0
0.336914	1.007087948	0.432023	0.0	0.0
0.341797	1.006837458	0.388588	0.0	0.0
0.346680	1.007842114	0.347471	0.0	0.0
0.351563	1.007380940	0.305392	0.0	0.0
0.356445	1.007438321	0.265805	0.0	0.0
0.361328	1.007507216	0.225774	0.0	0.0
0.366211	1.006556497	0.186971	0.0	0.0
0.371094	1.004807766	0.147377	0.0	0.0
0.375977	1.005573134	0.107475	0.0	0.0
0.380859	1.006979993	0.068120	0.0	0.0
0.385742	1.008685982	0.030877	0.0	0.0
0.390625	1.009217710	-0.004166	0.0	0.0
0.395508	1.007809511	-0.039059	0.0	0.0
0.400391	1.007486085	-0.076259	0.0	0.0
0.405273	1.008961221	-0.111700	0.0	0.0
0.410156	1.008749012	-0.144867	0.0	0.0
0.415039	1.007377529	-0.180047	0.0	0.0
0.419922	1.005709279	-0.215276	0.0	0.0
0.424805	1.005267650	-0.250423	0.0	0.0
0.429688	1.006767443	-0.285279	0.0	0.0
0.434570	1.008183158	-0.318104	0.0	0.0
0.439453	1.007288607	-0.349274	0.0	0.0
0.444336	1.007443046	-0.383038	0.0	0.0
0.449219	1.007068179	-0.414307	0.0	0.0
0.454102	1.006212927	-0.447778	0.0	0.0
0.458984	1.007208341	-0.480757	0.0	0.0
0.463867	1.008092765	-0.510686	0.0	0.0
0.468750	1.008023626	-0.542617	0.0	0.0
0.473633	1.009698375	-0.572854	0.0	0.0
0.478516	1.009520087	-0.602192	0.0	0.0
0.483398	1.009251789	-0.631881	0.0	0.0
0.488281	1.007368049	-0.660521	0.0	0.0
0.493164	1.005196636	-0.691997	0.0	0.0
0.498047	1.006426371	-0.723469	0.0	0.0
0.502930	1.006422037	-0.753257	0.0	0.0
0.507813	1.007316066	-0.782458	0.0	0.0
0.512695	1.006532770	-0.811218	0.0	0.0
0.517578	1.007202918	-0.840831	0.0	0.0
0.522461	1.007388754	-0.868431	0.0	0.0
0.527344	1.007101261	-0.897284	0.0	0.0
0.532227	1.006704834	-0.924747	0.0	0.0
0.537109	1.006513952	-0.954068	0.0	0.0
0.541992	1.008293679	-0.981529	0.0	0.0
0.546875	1.007375794	-1.008436	0.0	0.0
0.551758	1.006510717	-1.036060	0.0	0.0
0.556641	1.007057191	-1.064608	0.0	0.0
0.561523	1.007844167	-1.090632	0.0	0.0
0.566406	1.005960493	-1.116407	0.0	0.0
0.571289	1.004814499	-1.145640	0.0	0.0
0.576172	1.006602534	-1.174061	0.0	0.0
0.581055	1.007933243	-1.198963	0.0	0.0
0.585938	1.006668185	-1.224284	0.0	0.0
0.590820	1.006208703	-1.252490	0.0	0.0
0.595703	1.007557132	-1.278615	0.0	0.0
0.600586	1.007237258	-1.303779	0.0	0.0
0.605469	1.005714310	-1.329221	0.0	0.0
0.610352	1.005452187	-1.355531	0.0	0.0
0.615234	1.005221938	-1.381708	0.0	0.0
0.620117	1.005414912	-1.407165	0.0	0.0
0.625000	1.004453739	-1.433054	0.0	0.0
0.629883	1.004644576	-1.458264	0.0	0.0
0.634766	1.003577446	-1.484683	0.0	0.0
0.639648	1.005740855	-1.510520	0.0	0.0
0.644531	1.006207031	-1.534780	0.0	0.0
0.649414	1.005837541	-1.559225	0.0	0.0
0.654297	1.004894948	-1.584130	0.0	0.0
0.659180	1.005067428	-1.609786	0.0	0.0
0.664063	1.004733696	-1.633103	0.0	0.0
0.668945	1.004357977	-1.658754	0.0	0.0
0.673828	1.004706984	-1.683845	0.0	0.0
0.678711	1.004221335	-1.708559	0.0	0.0
0.683594	1.004706998	-1.732684	0.0	0.0
0.688477	1.003581318	-1.756678	0.0	0.0
0.693359	1.002940770	-1.781529	0.0	0.0
0.698242	1.003113798	-1.806609	0.0	0.0
0.703125	1.004970930	-1.831991	0.0	0.0
0.708008	1.006038339	-1.854316	0.0	0.0
0.712891	1.005334690	-1.876509	0.0	0.0
0.717773	1.003902229	-1.901795	0.0	0.0
0.722656	1.004561177	-1.926170	0.0	0.0
0.727539	1.005777128	-1.949884	0.0	0.0
0.732422	1.006003708	-1.971761	0.0	0.0
0.737305	1.005326779	-1.994122	0.0	0.0
0.742188	1.003608580	-2.017122	0.0	0.0
0.747070	1.002705952	-2.042352	0.0	0.0
0.751953	1.002921372	-2.066171	0.0	0.0
0.756836	1.004277794	-2.091383	0.0	0.0
0.761719	1.005517367	-2.112597	0.0	0.0
0.766602	1.005512026	-2.134885	0.0	0.0
0.771484	1.003914378	-2.156873	0.0	0.0
0.776367	1.002337659	-2.181234	0.0	0.0
0.781250	1.004482494	-2.204647	0.0	0.0
0.786133	1.003359915	-2.225979	0.0	0.0
0.791016	1.001108251	-2.249536	0.0	0.0
0.795898	1.001406148	-2.274656	0.0	0.0
0.800781	1.003069635	-2.297844	0.0	0.0
0.805664	1.003848610	-2.319526	0.0	0.0
0.810547	1.003229972	-2.341871	0.0	0.0
0.815430	1.002705134	-2.364247	0.0	0.0
0.820313	1.001846843	-2.387035	0.0	0.0
0.825195	1.002415028	-2.410568	0.0	0.0
0.830078	1.003143890	-2.433894	0.0	0.0
0.834961	1.003226843	-2.455679	0.0	0.0
0.839844	1.002981335	-2.479529	0.0	0.0
0.844727	1.005596762	-2.501671	0.0	0.0
0.849609	1.006802620	-2.522064	0.0	0.0
0.854492	1.006283479	-2.543067	0.0	0.0
0.859375	1.004765070	-2.564308	0.0	0.0
0.864258	1.002584808	-2.587513	0.0	0.0
0.869141	1.004039078	-2.611181	0.0	0.0
0.874023	1.004747630	-2.631815	0.0	0.0
0.878906	1.004238311	-2.652932	0.0	0.0
0.883789	1.004514559	-2.675175	0.0	0.0
0.888672	1.003135729	-2.695716	0.0	0.0
0.893555	1.001518302	-2.719563	0.0	0.0
0.898438	1.003026247	-2.743806	0.0	0.0
0.903320	1.004953397	-2.764668	0.0	0.0
0.908203	1.005268402	-2.784498	0.0	0.0
0.913086	1.003937341	-2.805880	0.0	0.0
0.917969	1.003833040	-2.828961	0.0	0.0
0.922852	1.005138156	-2.849434	0.0	0.0
0.927734	1.004550665	-2.870006	0.0	0.0
0.932617	1.002802256	-2.891578	0.0	0.0
0.937500	1.003674056	-2.914433	0.0	0.0
0.942383	1.003714335	-2.935131	0.0	0.0
0.947266	1.002748423	-2.955464	0.0	0.0
0.952148	1.002348451	-2.978444	0.0	0.0
0.957031	1.001945456	-2.999840	0.0	0.0
0.961914	1.002312018	-3.022342	0.0	0.0
0.966797	1.002976996	-3.043713	0.0	0.0
0.971680	1.003252659	-3.063034	0.0	0.0
0.976563	1.001962188	-3.084499	0.0	0.0
0.981445	1.000802456	-3.107179	0.0	0.0
0.986328	1.001069050	-3.129745	0.0	0.0
0.991211	1.002823841	-3.151691	0.0	0.0
0.996094	1.002844825	-3.172301	0.0	0.0
1.000977	1.004079509	-3.194723	0.0	0.0
1.005859	1.005003737	-3.214231	0.0	0.0
1.010742	1.005132423	-3.233978	0.0	0.0
1.015625	1.003456476	-3.254403	0.0	0.0
1.020508	1.003230778	-3.275638	0.0	0.0
1.025391	1.003640850	-3.296559	0.0	0.0
1.030273	1.002952973	-3.317311	0.0	0.0
1.035156	1.003171350	-3.339878	0.0	0.0
1.040039	1.002732948	-3.359918	0.0	0.0
1.044922	1.003630971	-3.381556	0.0	0.0
1.049805	1.003837281	-3.401612	0.0	0.0
1.054688	1.003000561	-3.421061	0.0	0.0
1.059570	1.001127811	-3.442380	0.0	0.0
1.064453	1.000923836	-3.464740	0.0	0.0
1.069336	1.002380631	-3.485827	0.0	0.0
1.074219	1.001816294	-3.506101	0.0	0.0
1.079102	1.002414681	-3.526808	0.0	0.0
1.083984	1.002024956	-3.547139	0.0	0.0
1.088867	1.001709062	-3.569506	0.0	0.0
1.093750	1.003324375	-3.590748	0.0	0.0
1.098633	1.003465530	-3.609136	0.0	0.0
1.103516	1.001653488	-3.629209	0.0	0.0
1.108398	1.001478219	-3.651161	0.0	0.0
1.113281	1.002093366	-3.671991	0.0	0.0
1.118164	1.001133591	-3.692952	0.0	0.0
1.123047	1.002002180	-3.713742	0.0	0.0
1.127930	1.003534416	-3.734226	0.0	0.0
1.132813	1.004113507	-3.753768	0.0	0.0
1.137695	1.003114714	-3.773456	0.0	0.0
1.142578	1.001409316	-3.793689	0.0	0.0
1.147461	1.001546216	-3.815077	0.0	0.0
1.152344	1.001574308	-3.834473	0.0	0.0
1.157227	0.999779044	-3.855582	0.0	0.0
1.162109	1.000892902	-3.876475	0.0	0.0
1.166992	0.999982816	-3.896729	0.0	0.0
1.171875	0.999385081	-3.917668	0.0	0.0
1.176758	0.999559755	-3.939209	0.0	0.0
1.181641	1.000549739	-3.959861	0.0	0.0
1.186523	1.001707347	-3.979739	0.0	0.0
1.191406	1.000971794	-3.998982	0.0	0.0
1.196289	0.999475785	-4.020365	0.0	0.0
1.201172	1.001012522	-4.042056	0.0	0.0
1.206055	1.002366596	-4.061258	0.0	0.0
1.210938	1.002953218	-4.081323	0.0	0.0
1.215820	1.002575808	-4.100458	0.0	0.0
1.220703	1.000935003	-4.119987	0.0	0.0
1.225586	1.000073565	-4.141443	0.0	0.0
1.230469	1.000557301	-4.162219	0.0	0.0
1.235352	1.001835342	-4.183911	0.0	0.0
1.240234	1.002266125	-4.202326	0.0	0.0
1.245117	1.001879598	-4.221166	0.0	0.0
1.250000	1.002018941	-4.241221	0.0	0.0
1.254883	1.000440891	-4.260354	0.0	0.0
1.259766	1.000617112	-4.282236	0.0	0.0
1.264648	1.000993880	-4.302257	0.0	0.0
1.269531	1.000635187	-4.321731	0.0	0.0
1.274414	1.001220454	-4.341700	0.0	0.0
1.279297	1.000028500	-4.360835	0.0	0.0
1.284180	0.999664755	-4.382639	0.0	0.0
1.289063	1.000050375	-4.401882	0.0	0.0
1.293945	0.999343327	-4.420832	0.0	0.0
1.298828	0.998975527	-4.441802	0.0	0.0
1.303711	0.998330309	-4.461690	0.0	0.0
1.308594	0.997318870	-4.483493	0.0	0.0
1.313477	0.998468702	-4.505351	0.0	0.0
1.318359	1.000868762	-4.524643	0.0	0.0
1.323242	1.000825130	-4.542904	0.0	0.0
1.328125	1.000461179	-4.561442	0.0	0.0
1.333008	0.999229123	-4.581015	0.0	0.0
1.337891	0.997683749	-4.601688	0.0	0.0
1.342773	0.997005448	-4.623457	0.0	0.0
1.347656	0.999531008	-4.644089	0.0	0.0
1.352539	1.000800313	-4.663344	0.0	0.0
1.357422	0.999919385	-4.681093	0.0	0.0
1.362305	0.997581708	-4.701549	0.0	0.0
1.367188	0.997242544	-4.723192	0.0	0.0
1.372070	0.998480808	-4.743415	0.0	0.0
1.376953	1.000380539	-4.762769	0.0	0.0
1.381836	0.998850988	-4.780664	0.0	0.0
1.386719	0.997749460	-4.801145	0.0	0.0
1.391602	0.998346056	-4.822235	0.0	0.0
1.396484	0.998429792	-4.841149	0.0	0.0
1.401367	0.999285735	-4.861282	0.0	0.0
1.406250	0.998965343	-4.880501	0.0	0.0
1.411133	0.998001412	-4.899036	0.0	0.0
1.416016	0.998609842	-4.919704	0.0	0.0
1.420898	0.997250793	-4.939136	0.0	0.0
1.425781	0.997050049	-4.960583	0.0	0.0
1.430664	0.999075107	-4.980493	0.0	0.0
1.435547	0.998910224	-4.998214	0.0	0.0
1.440430	0.997472296	-5.017177	0.0	0.0
1.445313	0.996221922	-5.037415	0.0	0.0
1.450195	0.994775005	-5.059282	0.0	0.0
1.455078	0.997828471	-5.079840	0.0	0.0
1.459961	0.998774855	-5.096725	0.0	0.0
1.464844	0.997063504	-5.116620	0.0	0.0
1.469727	0.997078049	-5.137374	0.0	0.0
1.474609	0.998037321	-5.156585	0.0	0.0
1.479492	0.996433680	-5.175461	0.0	0.0
1.484375	0.995292927	-5.196767	0.0	0.0
1.489258	0.996873627	-5.217036	0.0	0.0
1.494141	0.998481217	-5.236121	0.0	0.0
1.499023	0.998516563	-5.254524	0.0	0.0
1.503906	0.996853997	-5.274306	0.0	0.0
1.508789	0.997407048	-5.293205	0.0	0.0
1.513672	0.996792911	-5.312544	0.0	0.0
1.518555	0.997064596	-5.333402	0.0	0.0
1.523438	0.997751237	-5.352056	0.0	0.0
1.528320	0.996557465	-5.370497	0.0	0.0
1.533203	0.995877420	-5.390227	0.0	0.0
1.538086	0.994921043	-5.410654	0.0	0.0
1.542969	0.994547213	-5.430148	0.0	0.0
1.547852	0.994205286	-5.450909	0.0	0.0
1.552734	0.994032920	-5.471587	0.0	0.0
1.557617	0.994834101	-5.492403	0.0	0.0
1.562500	0.997655191	-5.512476	0.0	0.0
1.567383	0.998652796	-5.529614	0.0	0.0
1.572266	0.997655387	-5.548079	0.0	0.0
1.577148	0.997922778	-5.567517	0.0	0.0
1.582031	0.998036529	-5.586021	0.0	0.0
1.586914	0.997061020	-5.604617	0.0	0.0
1.591797	0.995872046	-5.624325	0.0	0.0
1.596680	0.994686057	-5.644082	0.0	0.0
1.601563	0.995992683	-5.664638	0.0	0.0
1.606445	0.997077836	-5.683681	0.0	0.0
1.611328	0.996036423	-5.701445	0.0	0.0
1.616211	0.994738664	-5.721055	0.0	0.0
1.621094	0.994102189	-5.740971	0.0	0.0
1.625977	0.995269020	-5.761442	0.0	0.0
1.630859	0.995681775	-5.779876	0.0	0.0
1.635742	0.995409288	-5.798348	0.0	0.0
1.640625	0.994502442	-5.816691	0.0	0.0
1.645508	0.992297992	-5.836961	0.0	0.0
1.650391	0.992006517	-5.857365	0.0	0.0
1.655273	0.992515912	-5.877739	0.0	0.0
1.660156	0.992284236	-5.897189	0.0	0.0
1.665039	0.992586125	-5.917242	0.0	0.0
1.669922	0.992674554	-5.936491	0.0	0.0
1.674805	0.992713093	-5.956151	0.0	0.0
1.679688	0.994351328	-5.976317	0.0	0.0
1.684570	0.994172393	-5.994440	0.0	0.0
1.689453	0.993195583	-6.013466	0.0	0.0
1.694336	0.993441467	-6.033323	0.0	0.0
1.699219	0.993922687	-6.052490	0.0	0.0
1.704102	0.994128624	-6.070429	0.0	0.0
1.708984	0.992612223	-6.089717	0.0	0.0
1.713867	0.992229727	-6.109202	0.0	0.0
1.718750	0.991685656	-6.128184	0.0	0.0
1.723633	0.991299138	-6.149238	0.0	0.0
1.728516	0.991784206	-6.169348	0.0	0.0
1.733398	0.994497099	-6.188638	0.0	0.0
1.738281	0.993766453	-6.206234	0.0	0.0
1.743164	0.993731864	-6.225797	0.0	0.0
1.748047	0.993215594	-6.243999	0.0	0.0
1.752930	0.991254341	-6.262683	0.0	0.0
1.757813	0.991605625	-6.284169	0.0	0.0
1.762695	0.992525288	-6.302577	0.0	0.0
1.767578	0.991408642	-6.320553	0.0	0.0
1.772461	0.989785420	-6.340148	0.0	0.0
1.777344	0.990275223	-6.361674	0.0	0.0
1.782227	0.990137776	-6.380951	0.0	0.0
1.787109	0.990608579	-6.400454	0.0	0.0
1.791992	0.990858979	-6.419853	0.0	0.0
1.796875	0.991552086	-6.438865	0.0	0.0
1.801758	0.991479357	-6.458304	0.0	0.0
1.806641	0.992686923	-6.477446	0.0	0.0
1.811523	0.992449617	-6.496304	0.0	0.0
1.816406	0.993230346	-6.514762	0.0	0.0
1.821289	0.991601032	-6.532924	0.0	0.0
1.826172	0.990638780	-6.554436	0.0	0.0
1.831055	0.992443450	-6.573865	0.0	0.0
1.835938	0.991994661	-6.591335	0.0	0.0
1.840820	0.991494010	-6.611789	0.0	0.0
1.845703	0.993075218	-6.631938	0.0	0.0
1.850586	0.993169764	-6.648614	0.0	0.0
1.855469	0.993105755	-6.667798	0.0	0.0
1.860352	0.992111485	-6.685573	0.0	0.0
1.865234	0.989995547	-6.705058	0.0	0.0
1.870117	0.991001308	-6.725673	0.0	0.0
1.875000	0.991074818	-6.743721	0.0	0.0
1.879883	0.990570039	-6.762565	0.0	0.0
1.884766	0.989732248	-6.781657	0.0	0.0
1.889648	0.988272328	-6.801646	0.0	0.0
1.894531	0.989348735	-6.822290	0.0	0.0
1.899414	0.989911659	-6.841840	0.0	0.0
1.904297	0.990868354	-6.861402	0.0	0.0
1.909180	0.991431211	-6.879106	0.0	0.0
1.914063	0.990695011	-6.898906	0.0	0.0
1.918945	0.991606746	-6.918398	0.0	0.0
1.923828	0.991551418	-6.935978	0.0	0.0
1.928711	0.989909961	-6.955450	0.0	0.0
1.933594	0.991398826	-6.976669	0.0	0.0
1.938477	0.992152922	-6.993707	0.0	0.0
1.943359	0.992561061	-7.012888	0.0	0.0
1.948242	0.992108853	-7.030837	0.0	0.0
1.953125	0.991199062	-7.049642	0.0	0.0
1.958008	0.990234437	-7.068209	0.0	0.0
1.962891	0.989789172	-7.088703	0.0	0.0
1.967773	0.989523328	-7.109122	0.0	0.0
1.972656	0.990910237	-7.127888	0.0	0.0
1.977539	0.991852509	-7.144706	0.0	0.0
1.982422	0.990402354	-7.163123	0.0	0.0
1.987305	0.990660751	-7.182562	0.0	0.0
1.992188	0.990204408	-7.200465	0.0	0.0
1.997070	0.988830994	-7.219127	0.0	0.0
2.001953	0.988483281	-7.239677	0.0	0.0
2.006836	0.987895327	-7.258731	0.0	0.0
2.011719	0.987568517	-7.278551	0.0	0.0
2.016602	0.988296270	-7.298875	0.0	0.0
2.021484	0.988995084	-7.316728	0.0	0.0
2.026367	0.988490785	-7.333756	0.0	0.0
2.031250	0.986683734	-7.353297	0.0	0.0
2.036133	0.986147525	-7.373644	0.0	0.0
2.041016	0.985544524	-7.393285	0.0	0.0
2.045898	0.987052551	-7.413937	0.0	0.0
2.050781	0.988304374	-7.432658	0.0	0.0
2.055664	0.988541517	-7.450283	0.0	0.0
2.060547	0.987568657	-7.469527	0.0	0.0
2.065430	0.988226356	-7.487904	0.0	0.0
2.070313	0.986528896	-7.506079	0.0	0.0
2.075195	0.984941080	-7.525859	0.0	0.0
2.080078	0.986046213	-7.546438	0.0	0.0
2.084961	0.985961317	-7.565654	0.0	0.0
2.089844	0.986722539	-7.585316	0.0	0.0
2.094727	0.986538928	-7.603876	0.0	0.0
2.099609	0.988747168	-7.623402	0.0	0.0
2.104492	0.987791132	-7.640321	0.0	0.0
2.109375	0.986869972	-7.659772	0.0	0.0
2.114258	0.987777537	-7.679591	0.0	0.0
2.119141	0.988428944	-7.696566	0.0	0.0
2.124023	0.986110556	-7.714402	0.0	0.0
2.128906	0.984948192	-7.734884	0.0	0.0
2.133789	0.985246764	-7.755764	0.0	0.0
2.138672	0.985721695	-7.774493	0.0	0.0
2.143555	0.987059588	-7.794642	0.0	0.0
2.148438	0.986794036	-7.811607	0.0	0.0
2.153320	0.986101965	-7.831168	0.0	0.0
2.158203	0.987049122	-7.849765	0.0	0.0
2.163086	0.987350514	-7.867885	0.0	0.0
2.167969	0.986980252	-7.885167	0.0	0.0
2.172852	0.984482513	-7.903959	0.0	0.0
2.177734	0.983010160	-7.924938	0.0	0.0
2.182617	0.985259551	-7.945811	0.0	0.0
2.187500	0.984277421	-7.963480	0.0	0.0
2.192383	0.985733554	-7.982728	0.0	0.0
2.197266	0.986305811	-8.001055	0.0	0.0
2.202148	0.984411920	-8.019848	0.0	0.0
2.207031	0.984504866	-8.039287	0.0	0.0
2.211914	0.985785486	-8.058348	0.0	0.0
2.216797	0.985934170	-8.077374	0.0	0.0
2.221680	0.986188445	-8.094916	0.0	0.0
2.226563	0.985679480	-8.113247	0.0	0.0
2.231445	0.985385716	-8.131699	0.0	0.0
2.236328	0.983788720	-8.150395	0.0	0.0
2.241211	0.985230546	-8.170244	0.0	0.0
2.246094	0.984177531	-8.187714	0.0	0.0
2.250977	0.982380270	-8.207805	0.0	0.0
2.255859	0.982635407	-8.227972	0.0	0.0
2.260742	0.982051638	-8.246102	0.0	0.0
2.265625	0.982471114	-8.265351	0.0	0.0
2.270508	0.982161289	-8.283499	0.0	0.0
2.275391	0.981296531	-8.303845	0.0	0.0
2.280273	0.981640224	-8.322406	0.0	0.0
2.285156	0.981691987	-8.342510	0.0	0.0
2.290039	0.983328730	-8.360287	0.0	0.0
2.294922	0.982501764	-8.378705	0.0	0.0
2.299805	0.982673993	-8.397910	0.0	0.0
2.304688	0.982517450	-8.415100	0.0	0.0
2.309570	0.980463148	-8.434301	0.0	0.0
2.314453	0.979328339	-8.454699	0.0	0.0
2.319336	0.980421963	-8.474758	0.0	0.0
2.324219	0.979815098	-8.493422	0.0	0.0
2.329102	0.980208358	-8.512937	0.0	0.0
2.333984	0.981221188	-8.533179	0.0	0.0
2.338867	0.981361365	-8.551317	0.0	0.0
2.343750	0.982306380	-8.569601	0.0	0.0
2.348633	0.982207433	-8.587344	0.0	0.0
2.353516	0.982539776	-8.605535	0.0	0.0
2.358398	0.981520404	-8.623414	0.0	0.0
2.363281	0.980064748	-8.644416	0.0	0.0
2.368164	0.980283486	-8.664132	0.0	0.0
2.373047	0.982135728	-8.684251	0.0	0.0
2.377930	0.983230915	-8.700831	0.0	0.0
2.382813	0.983456520	-8.718461	0.0	0.0
2.387695	0.983315564	-8.736184	0.0	0.0
2.392578	0.982228375	-8.754268	0.0	0.0
2.397461	0.981309512	-8.772562	0.0	0.0
2.402344	0.980101810	-8.792239	0.0	0.0
2.407227	0.979404053	-8.810815	0.0	0.0
2.412109	0.977386633	-8.831511	0.0	0.0
2.416992	0.979582137	-8.851834	0.0	0.0
2.421875	0.979424147	-8.869412	0.0	0.0
2.426758	0.979691405	-8.888817	0.0	0.0
2.431641	0.980171762	-8.907140	0.0	0.0
2.436523	0.980968791	-8.926841	0.0	0.0
2.441406	0.981734906	-8.943644	0.0	0.0
2.446289	0.980947388	-8.961628	0.0	0.0
2.451172	0.980384935	-8.979771	0.0	0.0
2.456055	0.979433086	-8.998189	0.0	0.0
2.460938	0.979307801	-9.016985	0.0	0.0
2.465820	0.977281422	-9.036028	0.0	0.0
2.470703	0.977523585	-9.055838	0.0	0.0
2.475586	0.977507801	-9.073834	0.0	0.0
2.480469	0.976269133	-9.092764	0.0	0.0
2.485352	0.975193783	-9.112951	0.0	0.0
2.490234	0.975975594	-9.133438	0.0	0.0
2.495117	0.975807387	-9.152420	0.0	0.0
2.500000	0.976629956	-9.170810	0.0	0.0
2.504883	0.976871955	-9.190085	0.0	0.0
2.509766	0.975633247	-9.208264	0.0	0.0
2.514648	0.976740509	-9.227594	0.0	0.0
2.519531	0.975720847	-9.245797	0.0	0.0
2.524414	0.975757641	-9.266312	0.0	0.0
2.529297	0.977977996	-9.284733	0.0	0.0
2.534180	0.977804629	-9.302222	0.0	0.0
2.539063	0.977165265	-9.320823	0.0	0.0
2.543945	0.975847844	-9.341400	0.0	0.0
2.548828	0.978855578	-9.359849	0.0	0.0
2.553711	0.978503901	-9.377068	0.0	0.0
2.558594	0.977604610	-9.395302	0.0	0.0
2.563477	0.977549609	-9.413843	0.0	0.0
2.568359	0.976927090	-9.431831	0.0	0.0
2.573242	0.975789834	-9.451402	0.0	0.0
2.578125	0.976763237	-9.471632	0.0	0.0
2.583008	0.976918229	-9.488534	0.0	0.0
2.587891	0.976091565	-9.506397	0.0	0.0
2.592773	0.975013025	-9.524949	0.0	0.0
2.597656	0.975732442	-9.544593	0.0	0.0
2.602539	0.973502052	-9.562418	0.0	0.0
2.607422	0.972845614	-9.583616	0.0	0.0
2.612305	0.974348433	-9.602863	0.0	0.0
2.617188	0.974949273	-9.622692	0.0	0.0
2.622070	0.975526188	-9.640114	0.0	0.0
2.626953	0.976501256	-9.658462	0.0	0.0
2.631836	0.976129416	-9.675324	0.0	0.0
2.636719	0.973164409	-9.693976	0.0	0.0
2.641602	0.971912605	-9.715133	0.0	0.0
2.646484	0.973544568	-9.734930	0.0	0.0
2.651367	0.973884418	-9.754087	0.0	0.0
2.656250	0.975470485	-9.773377	0.0	0.0
2.661133	0.975939662	-9.790306	0.0	0.0
2.666016	0.975989750	-9.807559	0.0	0.0
2.670898	0.974734888	-9.825288	0.0	0.0
2.675781	0.973565632	-9.844212	0.0	0.0
2.680664	0.972712903	-9.863160	0.0	0.0
2.685547	0.972809722	-9.882964	0.0	0.0
2.690430	0.973638078	-9.901952	0.0	0.0
2.695313	0.972463829	-9.919768	0.0	0.0
2.700195	0.971080577	-9.940714	0.0	0.0
2.705078	0.972974811	-9.959584	0.0	0.0
2.709961	0.974243946	-9.977322	0.0	0.0
2.714844	0.973443879	-9.995290	0.0	0.0
2.719727	0.972427840	-10.012531	0.0	0.0
2.724609	0.971134135	-10.031727	0.0	0.0
2.729492	0.970595815	-10.051314	0.0	0.0
2.734375	0.970944221	-10.070926	0.0	0.0
2.739258	0.970665621	-10.090581	0.0	0.0
2.744141	0.971727525	-10.109875	0.0	0.0
2.749023	0.971519539	-10.128982	0.0	0.0
2.753906	0.973545679	-10.146697	0.0	0.0
2.758789	0.973001268	-10.164620	0.0	0.0
2.763672	0.971292536	-10.183856	0.0	0.0
2.768555	0.973682755	-10.203217	0.0	0.0
2.773438	0.973225869	-10.220387	0.0	0.0
2.778320	0.972810769	-10.238716	0.0	0.0
2.783203	0.971104027	-10.256976	0.0	0.0
2.788086	0.971572548	-10.276732	0.0	0.0
2.792969	0.970885764	-10.294141	0.0	0.0
2.797852	0.970382066	-10.313154	0.0	0.0
2.802734	0.971750033	-10.331715	0.0	0.0
2.807617	0.971049278	-10.349460	0.0	0.0
2.812500	0.969917677	-10.368842	0.0	0.0
2.817383	0.969069659	-10.389219	0.0	0.0
2.822266	0.970437486	-10.408603	0.0	0.0
2.827148	0.970828190	-10.425755	0.0	0.0
2.832031	0.969733377	-10.444223	0.0	0.0
2.836914	0.970661309	-10.463386	0.0	0.0
2.841797	0.970772351	-10.481108	0.0	0.0
2.846680	0.969495443	-10.498690	0.0	0.0
2.851563	0.968625468	-10.517313	0.0	0.0
2.856445	0.966753628	-10.537284	0.0	0.0
2.861328	0.967874441	-10.556486	0.0	0.0
2.866211	0.966952722	-10.575405	0.0	0.0
2.871094	0.966491626	-10.595055	0.0	0.0
2.875977	0.967757584	-10.614185	0.0	0.0
2.880859	0.967105441	-10.632969	0.0	0.0
2.885742	0.966876091	-10.652013	0.0	0.0
2.890625	0.968082242	-10.670607	0.0	0.0
2.895508	0.967408167	-10.689557	0.0	0.0
2.900391	0.967167816	-10.709434	0.0	0.0
2.905273	0.969188574	-10.727779	0.0	0.0
2.910156	0.969028739	-10.744874	0.0	0.0
2.915039	0.969378197	-10.764481	0.0	0.0
2.919922	0.968795559	-10.781485	0.0	0.0
2.924805	0.968767968	-10.801212	0.0	0.0
2.929688	0.968919405	-10.817920	0.0	0.0
2.934570	0.967847343	-10.837727	0.0	0.0
2.939453	0.968018639	-10.857152	0.0	0.0
2.944336	0.968682270	-10.874792	0.0	0.0
2.949219	0.967486849	-10.892909	0.0	0.0
2.954102	0.967690902	-10.913029	0.0	0.0
2.958984	0.968944266	-10.930297	0.0	0.0
2.963867	0.968564410	-10.948163	0.0	0.0
2.968750	0.968004520	-10.966276	0.0	0.0
2.973633	0.966911523	-10.986080	0.0	0.0
2.978516	0.966219348	-11.005423	0.0	0.0
2.983398	0.966617216	-11.022234	0.0	0.0
2.988281	0.965548086	-11.041234	0.0	0.0
2.993164	0.965201992	-11.060986	0.0	0.0
2.998047	0.964666927	-11.079051	0.0	0.0
3.002930	0.964059255	-11.099736	0.0	0.0
3.007813	0.966059151	-11.119009	0.0	0.0
3.012695	0.966039177	-11.135495	0.0	0.0
3.017578	0.967291108	-11.154212	0.0	0.0
3.022461	0.966306449	-11.171768	0.0	0.0
3.027344	0.964868328	-11.190169	0.0	0.0
3.032227	0.963866780	-11.208764	0.0	0.0
3.037109	0.962662380	-11.229290	0.0	0.0
3.041992	0.963622805	-11.248672	0.0	0.0
3.046875	0.963906002	-11.267248	0.0	0.0
3.051758	0.963908757	-11.284819	0.0	0.0
3.056641	0.963724550	-11.304641	0.0	0.0
3.061523	0.964323877	-11.322386	0.0	0.0
3.066406	0.962861905	-11.342384	0.0	0.0
3.071289	0.964909909	-11.361765	0.0	0.0
3.076172	0.965566797	-11.377697	0.0	0.0
3.081055	0.964693427	-11.396382	0.0	0.0
3.085938	0.964224732	-11.413463	0.0	0.0
3.090820	0.962894002	-11.432326	0.0	0.0
3.095703	0.960649566	-11.452515	0.0	0.0
3.100586	0.962635660	-11.471149	0.0	0.0
3.105469	0.961328802	-11.487775	0.0	0.0
3.110352	0.960653283	-11.507738	0.0	0.0
3.115234	0.959575115	-11.527232	0.0	0.0
3.120117	0.960433623	-11.547623	0.0	0.0
3.125000	0.962355848	-11.565458	0.0	0.0
3.129883	0.961669332	-11.583425	0.0	0.0
3.134766	0.962647009	-11.602476	0.0	0.0
3.139648	0.962445603	-11.619267	0.0	0.0
3.144531	0.960958789	-11.637083	0.0	0.0
3.149414	0.959595263	-11.657069	0.0	0.0
3.154297	0.959323262	-11.675605	0.0	0.0
3.159180	0.958001507	-11.694367	0.0	0.0
3.164063	0.959995946	-11.714478	0.0	0.0
3.168945	0.958807381	-11.731906	0.0	0.0
3.173828	0.958485620	-11.751631	0.0	0.0
3.178711	0.959227444	-11.769797	0.0	0.0
3.183594	0.958684976	-11.788561	0.0	0.0
3.188477	0.957810509	-11.807866	0.0	0.0
3.193359	0.958933936	-11.827831	0.0	0.0
3.198242	0.959613007	-11.845491	0.0	0.0
3.203125	0.960133006	-11.863411	0.0	0.0
3.208008	0.959496034	-11.881764	0.0	0.0
3.212891	0.959082690	-11.900020	0.0	0.0
3.217773	0.958402973	-11.918363	0.0	0.0
3.222656	0.958972569	-11.938611	0.0	0.0
3.227539	0.958689384	-11.956332	0.0	0.0
3.232422	0.958365438	-11.975340	0.0	0.0
3.237305	0.959859222	-11.993756	0.0	0.0
3.242188	0.960161338	-12.011184	0.0	0.0
3.247070	0.958429087	-12.029220	0.0	0.0
3.251953	0.958077252	-12.048709	0.0	0.0
3.256836	0.957518698	-12.066190	0.0	0.0
3.261719	0.958979485	-12.085456	0.0	0.0
3.266602	0.957808737	-12.103870	0.0	0.0
3.271484	0.956957991	-12.121638	0.0	0.0
3.276367	0.956043647	-12.140864	0.0	0.0
3.281250	0.955545674	-12.161253	0.0	0.0
3.286133	0.957482259	-12.179826	0.0	0.0
3.291016	0.957213779	-12.195873	0.0	0.0
3.295898	0.956402745	-12.213836	0.0	0.0
3.300781	0.954271142	-12.231772	0.0	0.0
3.305664	0.952614541	-12.252281	0.0	0.0
3.310547	0.954187254	-12.271908	0.0	0.0
3.315430	0.953681263	-12.290870	0.0	0.0
3.320313	0.954276172	-12.309584	0.0	0.0
3.325195	0.954625630	-12.328192	0.0	0.0
3.330078	0.954745540	-12.346720	0.0	0.0
3.334961	0.954606107	-12.364889	0.0	0.0
3.339844	0.953427418	-12.384845	0.0	0.0
3.344727	0.954275529	-12.403126	0.0	0.0
3.349609	0.955353096	-12.422496	0.0	0.0
3.354492	0.956174286	-12.439747	0.0	0.0
3.359375	0.954630953	-12.457109	0.0	0.0
3.364258	0.954010572	-12.477056	0.0	0.0
3.369141	0.955257871	-12.496342	0.0	0.0
3.374023	0.954910654	-12.513294	0.0	0.0
3.378906	0.954533621	-12.531652	0.0	0.0
3.383789	0.953495965	-12.548986	0.0	0.0
3.388672	0.952922232	-12.568383	0.0	0.0
3.393555	0.952388230	-12.586358	0.0	0.0
3.398438	0.950169488	-12.605854	0.0	0.0
3.403320	0.951082805	-12.626370	0.0	0.0
3.408203	0.952279169	-12.645638	0.0	0.0
3.413086	0.953093050	-12.663587	0.0	0.0
3.417969	0.952877829	-12.680047	0.0	0.0
3.422852	0.951324642	-12.698378	0.0	0.0
3.427734	0.951075645	-12.718506	0.0	0.0
3.432617	0.950276369	-12.737129	0.0	0.0
3.437500	0.949826717	-12.757123	0.0	0.0
3.442383	0.951563136	-12.776669	0.0	0.0
3.447266	0.952904185	-12.796075	0.0	0.0
3.452148	0.953965094	-12.813238	0.0	0.0
3.457031	0.953828178	-12.830033	0.0	0.0
3.461914	0.951904552	-12.849005	0.0	0.0
3.466797	0.953455974	-12.868003	0.0	0.0
3.471680	0.952693338	-12.884473	0.0	0.0
3.476563	0.952247508	-12.902651	0.0	0.0
3.481445	0.951142256	-12.921034	0.0	0.0
3.486328	0.950872197	-12.939938	0.0	0.0
3.491211	0.949876194	-12.958404	0.0	0.0
3.496094	0.950440284	-12.976797	0.0	0.0
3.500977	0.948726312	-12.995602	0.0	0.0
3.505859	0.949170208	-13.015460	0.0	0.0
3.510742	0.948831578	-13.035011	0.0	0.0
3.515625	0.948280439	-13.054332	0.0	0.0
3.520508	0.950105480	-13.073481	0.0	0.0
3.525391	0.952409049	-13.091188	0.0	0.0
3.530273	0.951333545	-13.107795	0.0	0.0
3.535156	0.950687989	-13.125097	0.0	0.0
3.540039	0.950557753	-13.144276	0.0	0.0
3.544922	0.949647084	-13.161790	0.0	0.0
3.549805	0.948791032	-13.180080	0.0	0.0
3.554688	0.947852578	-13.199512	0.0	0.0
3.559570	0.945729670	-13.218682	0.0	0.0
3.564453	0.945983643	-13.239373	0.0	0.0
3.569336	0.949214049	-13.257533	0.0	0.0
3.574219	0.949450046	-13.274140	0.0	0.0
3.579102	0.948484746	-13.293091	0.0	0.0
3.583984	0.948206455	-13.311097	0.0	0.0
3.588867	0.947511193	-13.329722	0.0	0.0
3.593750	0.947343075	-13.348259	0.0	0.0
3.598633	0.946540593	-13.365843	0.0	0.0
3.603516	0.945813562	-13.386363	0.0	0.0
3.608398	0.945280110	-13.405006	0.0	0.0
3.613281	0.946084774	-13.424758	0.0	0.0
3.618164	0.947139539	-13.442875	0.0	0.0
3.623047	0.946746981	-13.459914	0.0	0.0
3.627930	0.946199565	-13.479316	0.0	0.0
3.632813	0.946407520	-13.497262	0.0	0.0
3.637695	0.945662563	-13.515892	0.0	0.0
3.642578	0.945080389	-13.532946	0.0	0.0
3.647461	0.943758756	-13.552517	0.0	0.0
3.652344	0.943251031	-13.571908	0.0	0.0
3.657227	0.944473275	-13.590564	0.0	0.0
3.662109	0.943341226	-13.608728	0.0	0.0
3.666992	0.942747123	-13.629475	0.0	0.0
3.671875	0.944115146	-13.648703	0.0	0.0
3.676758	0.946085528	-13.666311	0.0	0.0
3.681641	0.945950848	-13.683291	0.0	0.0
3.686523	0.943429364	-13.701731	0.0	0.0
3.691406	0.943767078	-13.720469	0.0	0.0
3.696289	0.942977399	-13.738145	0.0	0.0
3.701172	0.942766283	-13.757618	0.0	0.0
3.706055	0.943486981	-13.777735	0.0	0.0
3.710938	0.943164678	-13.794854	0.0	0.0
3.715820	0.941933394	-13.815409	0.0	0.0
3.720703	0.941906796	-13.834593	0.0	0.0
3.725586	0.943467852	-13.853134	0.0	0.0
3.730469	0.944411637	-13.872050	0.0	0.0
3.735352	0.945293849	-13.889308	0.0	0.0
3.740234	0.944467365	-13.905753	0.0	0.0
3.745117	0.943362067	-13.923803	0.0	0.0
3.750000	0.942839215	-13.941804	0.0	0.0
3.754883	0.941969090	-13.960306	0.0	0.0
3.759766	0.941130724	-13.981193	0.0	0.0
3.764648	0.943967343	-13.999648	0.0	0.0
3.769531	0.943534717	-14.017025	0.0	0.0
3.774414	0.942209169	-14.035197	0.0	0.0
3.779297	0.942033503	-14.054970	0.0	0.0
3.784180	0.942522528	-14.073069	0.0	0.0
3.789063	0.942182136	-14.091003	0.0	0.0
3.793945	0.942635388	-14.109462	0.0	0.0
3.798828	0.942273139	-14.126736	0.0	0.0
3.803711	0.941870208	-14.144979	0.0	0.0
3.808594	0.940908768	-14.163591	0.0	0.0
3.813477	0.939574348	-14.181799	0.0	0.0
3.818359	0.939235904	-14.201183	0.0	0.0
3.823242	0.939971740	-14.220482	0.0	0.0
3.828125	0.940386141	-14.237879	0.0	0.0
3.833008	0.938962465	-14.255866	0.0	0.0
3.837891	0.938163721	-14.275052	0.0	0.0
3.842773	0.938654448	-14.293702	0.0	0.0
3.847656	0.937630540	-14.312263	0.0	0.0
3.852539	0.937237468	-14.331365	0.0	0.0
3.857422	0.936824551	-14.351801	0.0	0.0
3.862305	0.937308239	-14.370230	0.0	0.0
3.867188	0.938314571	-14.387672	0.0	0.0
3.872070	0.937537611	-14.404476	0.0	0.0
3.876953	0.936530563	-14.422710	0.0	0.0
3.881836	0.935129802	-14.442378	0.0	0.0
3.886719	0.934549237	-14.461583	0.0	0.0
3.891602	0.934538912	-14.480554	0.0	0.0
3.896484	0.935258463	-14.499428	0.0	0.0
3.901367	0.936061267	-14.519467	0.0	0.0
3.906250	0.935747403	-14.535629	0.0	0.0
3.911133	0.934215779	-14.556611	0.0	0.0
3.916016	0.934949083	-14.575505	0.0	0.0
3.920898	0.935095306	-14.594230	0.0	0.0
3.925781	0.936376882	-14.612141	0.0	0.0
3.930664	0.936252327	-14.629657	0.0	0.0
3.935547	0.936111892	-14.648283	0.0	0.0
3.940430	0.936023001	-14.667901	0.0	0.0
3.945313	0.936998004	-14.685489	0.0	0.0
3.950195	0.936261605	-14.701410	0.0	0.0
3.955078	0.935282291	-14.719705	0.0	0.0
3.959961	0.934749156	-14.739531	0.0	0.0
3.964844	0.934267575	-14.757156	0.0	0.0
3.969727	0.933786982	-14.775025	0.0	0.0
3.974609	0.932955424	-14.794557	0.0	0.0
3.979492	0.933312569	-14.815618	0.0	0.0
3.984375	0.933199762	-14.832740	0.0	0.0
3.989258	0.932203626	-14.851268	0.0	0.0
3.994141	0.932782766	-14.870675	0.0	0.0
3.999023	0.933877363	-14.888911	0.0	0.0
4.003906	0.935322824	-14.907253	0.0	0.0
4.008789	0.934962062	-14.923278	0.0	0.0
4.013672	0.933918298	-14.941416	0.0	0.0
4.018555	0.931531388	-14.960482	0.0	0.0
4.023438	0.930634386	-14.980710	0.0	0.0
4.028320	0.931747613	-15.000438	0.0	0.0
4.033203	0.933034238	-15.017388	0.0	0.0
4.038086	0.931827944	-15.035673	0.0	0.0
4.042969	0.931702054	-15.053864	0.0	0.0
4.047852	0.930848639	-15.071567	0.0	0.0
4.052734	0.930783193	-15.090706	0.0	0.0
4.057617	0.928931724	-15.108679	0.0	0.0
4.062500	0.929261721	-15.128885	0.0	0.0
4.067383	0.930305267	-15.147600	0.0	0.0
4.072266	0.930404266	-15.165500	0.0	0.0
4.077148	0.928917566	-15.183219	0.0	0.0
4.082031	0.930182991	-15.204096	0.0	0.0
4.086914	0.931101493	-15.221606	0.0	0.0
4.091797	0.930150925	-15.237374	0.0	0.0
4.096680	0.928549299	-15.256949	0.0	0.0
4.101563	0.927967408	-15.275972	0.0	0.0
4.106445	0.928102961	-15.293840	0.0	0.0
4.111328	0.926960196	-15.314778	0.0	0.0
4.116211	0.927424699	-15.333803	0.0	0.0
4.121094	0.929513226	-15.352380	0.0	0.0
4.125977	0.929091788	-15.370545	0.0	0.0
4.130859	0.929726593	-15.387589	0.0	0.0
4.135742	0.929106959	-15.404996	0.0	0.0
4.140625	0.927707558	-15.422790	0.0	0.0
4.145508	0.926107058	-15.441361	0.0	0.0
4.150391	0.926130477	-15.463016	0.0	0.0
4.155273	0.926504606	-15.483003	0.0	0.0
4.160156	0.928582768	-15.501024	0.0	0.0
4.165039	0.929892033	-15.517090	0.0	0.0
4.169922	0.929077164	-15.534348	0.0	0.0
4.174805	0.927553966	-15.552334	0.0	0.0
4.179688	0.926637091	-15.570421	0.0	0.0
4.184570	0.925713299	-15.588897	0.0	0.0
4.189453	0.925189731	-15.608728	0.0	0.0
4.194336	0.925817250	-15.627442	0.0	0.0
4.199219	0.924598264	-15.645890	0.0	0.0
4.204102	0.925080115	-15.665261	0.0	0.0
4.208984	0.926213715	-15.683871	0.0	0.0
4.213867	0.925314672	-15.700493	0.0	0.0
4.218750	0.924687043	-15.719367	0.0	0.0
4.223633	0.925357959	-15.737190	0.0	0.0
4.228516	0.923308976	-15.756005	0.0	0.0
4.233398	0.922931949	-15.777034	0.0	0.0
4.238281	0.923501773	-15.794686	0.0	0.0
4.243164	0.923022699	-15.813715	0.0	0.0
4.248047	0.924519476	-15.832111	0.0	0.0
4.252930	0.923458013	-15.848593	0.0	0.0
4.257813	0.922013299	-15.870049	0.0	0.0
4.262695	0.924484453	-15.887130	0.0	0.0
4.267578	0.923895377	-15.904717	0.0	0.0
4.272461	0.922315003	-15.923245	0.0	0.0
4.277344	0.922074531	-15.941960	0.0	0.0
4.282227	0.922621314	-15.960070	0.0	0.0
4.287109	0.923262132	-15.979102	0.0	0.0
4.291992	0.921272843	-15.996622	0.0	0.0
4.296875	0.919349955	-16.015127	0.0	0.0
4.301758	0.919796656	-16.036890	0.0	0.0
4.306641	0.921015656	-16.055204	0.0	0.0
4.311523	0.921745456	-16.074709	0.0	0.0
4.316406	0.923691091	-16.090406	0.0	0.0
4.321289	0.922402905	-16.107758	0.0	0.0
4.326172	0.920336530	-16.125703	0.0	0.0
4.331055	0.920298889	-16.147046	0.0	0.0
4.335938	0.922741330	-16.164867	0.0	0.0
4.340820	0.922271948	-16.180503	0.0	0.0
4.345703	0.921344179	-16.197737	0.0	0.0
4.350586	0.919064083	-16.217493	0.0	0.0
4.355469	0.917536443	-16.236028	0.0	0.0
4.360352	0.917669011	-16.255973	0.0	0.0
4.365234	0.918037164	-16.274775	0.0	0.0
4.370117	0.917505437	-16.293220	0.0	0.0
4.375000	0.917882444	-16.313265	0.0	0.0
4.379883	0.920348077	-16.331362	0.0	0.0
4.384766	0.918485892	-16.349111	0.0	0.0
4.389648	0.919502242	-16.368575	0.0	0.0
4.394531	0.919028836	-16.385646	0.0	0.0
4.399414	0.920338074	-16.404015	0.0	0.0
4.404297	0.919298469	-16.421457	0.0	0.0
4.409180	0.917823387	-16.439479	0.0	0.0
4.414063	0.918604973	-16.459300	0.0	0.0
4.418945	0.918229516	-16.476511	0.0	0.0
4.423828	0.916171541	-16.494702	0.0	0.0
4.428711	0.916254329	-16.514359	0.0	0.0
4.433594	0.915767043	-16.532263	0.0	0.0
4.438477	0.916120961	-16.551528	0.0	0.0
4.443359	0.914340210	-16.569511	0.0	0.0
4.448242	0.915996432	-16.588605	0.0	0.0
4.453125	0.915402232	-16.606808	0.0	0.0
4.458008	0.914186584	-16.625277	0.0	0.0
4.462891	0.914595810	-16.645119	0.0	0.0
4.467773	0.914839752	-16.663769	0.0	0.0
4.472656	0.915407231	-16.682013	0.0	0.0
4.477539	0.915541268	-16.698914	0.0	0.0
4.482422	0.913656752	-16.716882	0.0	0.0
4.487305	0.912994268	-16.738027	0.0	0.0
4.492188	0.913579467	-16.756599	0.0	0.0
4.497070	0.913237544	-16.773827	0.0	0.0
4.501953	0.914333201	-16.794077	0.0	0.0
4.506836	0.914363237	-16.811556	0.0	0.0
4.511719	0.913088293	-16.828864	0.0	0.0
4.516602	0.912744344	-16.848168	0.0	0.0
4.521484	0.911992795	-16.867374	0.0	0.0
4.526367	0.913590826	-16.884918	0.0	0.0
4.531250	0.913119211	-16.902795	0.0	0.0
4.536133	0.912127246	-16.922599	0.0	0.0
4.541016	0.913147404	-16.940776	0.0	0.0
4.545898	0.912944835	-16.957791	0.0	0.0
4.550781	0.912094328	-16.975357	0.0	0.0
4.555664	0.910529652	-16.995409	0.0	0.0
4.560547	0.911228203	-17.014923	0.0	0.0
4.565430	0.912416326	-17.033648	0.0	0.0
4.570313	0.912425357	-17.051289	0.0	0.0
4.575195	0.911531330	-17.068951	0.0	0.0
4.580078	0.911178338	-17.087672	0.0	0.0
4.584961	0.910186412	-17.105626	0.0	0.0
4.589844	0.909865071	-17.125055	0.0	0.0
4.594727	0.909654491	-17.142995	0.0	0.0
4.599609	0.909059186	-17.160445	0.0	0.0
4.604492	0.909418239	-17.179991	0.0	0.0
4.609375	0.908133621	-17.197886	0.0	0.0
4.614258	0.907629301	-17.218031	0.0	0.0
4.619141	0.909198726	-17.237718	0.0	0.0
4.624023	0.909968058	-17.254956	0.0	0.0
4.628906	0.910330910	-17.272332	0.0	0.0
4.633789	0.908783270	-17.290317	0.0	0.0
4.638672	0.907327636	-17.309393	0.0	0.0
4.643555	0.906883592	-17.328635	0.0	0.0
4.648438	0.907895040	-17.346318	0.0	0.0
4.653320	0.908159911	-17.365165	0.0	0.0
4.658203	0.908052979	-17.384519	0.0	0.0
4.663086	0.907665233	-17.402808	0.0	0.0
4.667969	0.907143019	-17.421559	0.0	0.0
4.672852	0.907950586	-17.439979	0.0	0.0
4.677734	0.909372063	-17.458772	0.0	0.0
4.682617	0.909117707	-17.476302	0.0	0.0
4.687500	0.910414489	-17.493713	0.0	0.0
4.692383	0.908861061	-17.510405	0.0	0.0
4.697266	0.907328438	-17.527876	0.0	0.0
4.702148	0.906557053	-17.547280	0.0	0.0
4.707031	0.906147482	-17.566601	0.0	0.0
4.711914	0.906614722	-17.585573	0.0	0.0
4.716797	0.905322399	-17.603258	0.0	0.0
4.721680	0.904663724	-17.622148	0.0	0.0
4.726563	0.905349354	-17.640700	0.0	0.0
4.731445	0.905494266	-17.658766	0.0	0.0
4.736328	0.906192658	-17.675707	0.0	0.0
4.741211	0.904396300	-17.693814	0.0	0.0
4.746094	0.903825578	-17.713303	0.0	0.0
4.750977	0.902625281	-17.731227	0.0	0.0
4.755859	0.901634545	-17.751266	0.0	0.0
4.760742	0.902226107	-17.769781	0.0	0.0
4.765625	0.902064550	-17.788739	0.0	0.0
4.770508	0.902648132	-17.807986	0.0	0.0
4.775391	0.901590194	-17.825723	0.0	0.0
4.780273	0.901313971	-17.846576	0.0	0.0
4.785156	0.904263226	-17.863983	0.0	0.0
4.790039	0.903323844	-17.879099	0.0	0.0
4.794922	0.902058388	-17.898723	0.0	0.0
4.799805	0.900611150	-17.916643	0.0	0.0
4.804688	0.901350657	-17.936613	0.0	0.0
4.809570	0.900499281	-17.953417	0.0	0.0
4.814453	0.900372177	-17.971479	0.0	0.0
4.819336	0.898212633	-17.990115	0.0	0.0
4.824219	0.898783094	-18.011865	0.0	0.0
4.829102	0.901563690	-18.030153	0.0	0.0
4.833984	0.901524429	-18.045715	0.0	0.0
4.838867	0.900861737	-18.063782	0.0	0.0
4.843750	0.898774435	-18.082277	0.0	0.0
4.848633	0.898512889	-18.101987	0.0	0.0
4.853516	0.898805549	-18.120387	0.0	0.0
4.858398	0.898452104	-18.138871	0.0	0.0
4.863281	0.897840819	-18.158385	0.0	0.0
4.868164	0.897639495	-18.175353	0.0	0.0
4.873047	0.896870163	-18.194343	0.0	0.0
4.877930	0.897488699	-18.214394	0.0	0.0
4.882813	0.897004831	-18.230807	0.0	0.0
4.887695	0.896686911	-18.249892	0.0	0.0
4.892578	0.895765477	-18.267345	0.0	0.0
4.897461	0.896158705	-18.286657	0.0	0.0
4.902344	0.895677792	-18.303958	0.0	0.0
4.907227	0.895693676	-18.322468	0.0	0.0
4.912109	0.894347582	-18.341650	0.0	0.0
4.916992	0.893357067	-18.363489	0.0	0.0
4.921875	0.896032550	-18.380216	0.0	0.0
4.926758	0.894649933	-18.397748	0.0	0.0
4.931641	0.894148258	-18.417171	0.0	0.0
4.936523	0.895784603	-18.436990	0.0	0.0
4.941406	0.896245711	-18.454191	0.0	0.0
4.946289	0.894620208	-18.470972	0.0	0.0
4.951172	0.893133003	-18.490800	0.0	0.0
4.956055	0.892911753	-18.511158	0.0	0.0
4.960938	0.893549553	-18.529125	0.0	0.0
4.965820	0.895389967	-18.547657	0.0	0.0
4.970703	0.894691715	-18.564988	0.0	0.0
4.975586	0.894704374	-18.583922	0.0	0.0
4.980469	0.895430858	-18.601981	0.0	0.0
4.985352	0.894253744	-18.620013	0.0	0.0
4.990234	0.895071988	-18.638412	0.0	0.0
4.995117	0.895764788	-18.655726	0.0	0.0
5.000000	0.893673491	-18.673586	0.0	0.0
5.004883	0.894332686	-18.692594	0.0	0.0
5.009766	0.894282029	-18.708767	0.0	0.0
5.014648	0.893021073	-18.726331	0.0	0.0
5.019531	0.891180685	-18.745777	0.0	0.0
5.024414	0.890919782	-18.764208	0.0	0.0
5.029297	0.890053769	-18.783873	0.0	0.0
5.034180	0.890385120	-18.802326	0.0	0.0
5.039063	0.890478553	-18.819691	0.0	0.0
5.043945	0.887955295	-18.839536	0.0	0.0
5.048828	0.889089066	-18.860119	0.0	0.0
5.053711	0.890427075	-18.878952	0.0	0.0
5.058594	0.889355778	-18.896018	0.0	0.0
5.063477	0.890469641	-18.915660	0.0	0.0
5.068359	0.891680158	-18.932529	0.0	0.0
5.073242	0.888691268	-18.950537	0.0	0.0
5.078125	0.888674031	-18.968974	0.0	0.0
5.083008	0.889435415	-18.987448	0.0	0.0
5.087891	0.889828651	-19.006447	0.0	0.0
5.092773	0.889984028	-19.024815	0.0	0.0
5.097656	0.889976551	-19.042311	0.0	0.0
5.102539	0.888347773	-19.058997	0.0	0.0
5.107422	0.887945591	-19.078154	0.0	0.0
5.112305	0.887090495	-19.096706	0.0	0.0
5.117188	0.886187070	-19.114212	0.0	0.0
5.122070	0.885067585	-19.134145	0.0	0.0
5.126953	0.885710317	-19.154340	0.0	0.0
5.131836	0.885982021	-19.172838	0.0	0.0
5.136719	0.887886553	-19.190572	0.0	0.0
5.141602	0.886174102	-19.207221	0.0	0.0
5.146484	0.885336808	-19.227991	0.0	0.0
5.151367	0.886949144	-19.245522	0.0	0.0
5.156250	0.885606722	-19.263027	0.0	0.0
5.161133	0.885982842	-19.282936	0.0	0.0
5.166016	0.884546749	-19.300127	0.0	0.0
5.170898	0.884754155	-19.320719	0.0	0.0
5.175781	0.886173863	-19.338827	0.0	0.0
5.180664	0.885672930	-19.355574	0.0	0.0
5.185547	0.885229212	-19.374056	0.0	0.0
5.190430	0.884367272	-19.392957	0.0	0.0
5.195313	0.884372354	-19.411370	0.0	0.0
5.200195	0.883731376	-19.430920	0.0	0.0
5.205078	0.883708816	-19.448453	0.0	0.0
5.209961	0.884615313	-19.466152	0.0	0.0
5.214844	0.884172548	-19.484361	0.0	0.0
5.219727	0.883974370	-19.503276	0.0	0.0
5.224609	0.884768314	-19.521444	0.0	0.0
5.229492	0.883669703	-19.537561	0.0	0.0
5.234375	0.883016869	-19.556379	0.0	0.0
5.239258	0.881676706	-19.575910	0.0	0.0
5.244141	0.879889874	-19.594170	0.0	0.0
5.249023	0.880769512	-19.614725	0.0	0.0
5.253906	0.880585114	-19.631526	0.0	0.0
5.258789	0.880956835	-19.652523	0.0	0.0
5.263672	0.882080857	-19.669754	0.0	0.0
5.268555	0.881834263	-19.686204	0.0	0.0
5.273438	0.880623373	-19.704162	0.0	0.0
5.278320	0.878023313	-19.722854	0.0	0.0
5.283203	0.878021285	-19.745154	0.0	0.0
5.288086	0.879575987	-19.763692	0.0	0.0
5.292969	0.880509488	-19.781795	0.0	0.0
5.297852	0.881037736	-19.798486	0.0	0.0
5.302734	0.879807206	-19.816899	0.0	0.0
5.307617	0.879650264	-19.836222	0.0	0.0
5.312500	0.880969040	-19.853398	0.0	0.0
5.317383	0.879213121	-19.869887	0.0	0.0
5.322266	0.878301064	-19.888949	0.0	0.0
5.327148	0.877446207	-19.906908	0.0	0.0
5.332031	0.876722465	-19.925874	0.0	0.0
5.336914	0.877362911	-19.945648	0.0	0.0
5.341797	0.877390232	-19.962631	0.0	0.0
5.346680	0.876226894	-19.980900	0.0	0.0
5.351563	0.875439108	-20.001302	0.0	0.0
5.356445	0.876355412	-20.020558	0.0	0.0
5.361328	0.877055811	-20.039433	0.0	0.0
5.366211	0.876577459	-20.056797	0.0	0.0
5.371094	0.876299169	-20.073687	0.0	0.0
5.375977	0.877431103	-20.093594	0.0	0.0
5.380859	0.876370314	-20.111790	0.0	0.0
5.385742	0.875385432	-20.129510	0.0	0.0
5.390625	0.876337901	-20.150323	0.0	0.0
5.395508	0.878026392	-20.166000	0.0	0.0
5.400391	0.876283734	-20.183551	0.0	0.0
5.405273	0.875079143	-20.200941	0.0	0.0
5.410156	0.872783838	-20.219234	0.0	0.0
5.415039	0.872472023	-20.240500	0.0	0.0
5.419922	0.872485344	-20.259266	0.0	0.0
5.424805	0.872078929	-20.278376	0.0	0.0
5.429688	0.873763158	-20.296363	0.0	0.0
5.434570	0.873021729	-20.314280	0.0	0.0
5.439453	0.873377798	-20.333403	0.0	0.0
5.444336	0.873763384	-20.352247	0.0	0.0
5.449219	0.873875067	-20.370315	0.0	0.0
5.454102	0.874464500	-20.388008	0.0	0.0
5.458984	0.874389945	-20.405927	0.0	0.0
5.463867	0.872779668	-20.422360	0.0	0.0
5.468750	0.871753574	-20.440661	0.0	0.0
5.473633	0.870761986	-20.459089	0.0	0.0
5.478516	0.869962499	-20.478844	0.0	0.0
5.483398	0.870752760	-20.496531	0.0	0.0
5.488281	0.870540294	-20.514434	0.0	0.0
5.493164	0.869370486	-20.533643	0.0	0.0
5.498047	0.868575958	-20.552501	0.0	0.0
5.502930	0.868879571	-20.570692	0.0	0.0
5.507813	0.868539065	-20.589663	0.0	0.0
5.512695	0.868242877	-20.610112	0.0	0.0
5.517578	0.869364777	-20.627784	0.0	0.0
5.522461	0.868674634	-20.644099	0.0	0.0
5.527344	0.867670374	-20.663950	0.0	0.0
5.532227	0.868047701	-20.681775	0.0	0.0
5.537109	0.867312292	-20.700296	0.0	0.0
5.541992	0.867134218	-20.720260	0.0	0.0
5.546875	0.866641047	-20.737076	0.0	0.0
5.551758	0.867005483	-20.758050	0.0	0.0
5.556641	0.866936661	-20.774508	0.0	0.0
5.561523	0.866859951	-20.793507	0.0	0.0
5.566406	0.867220358	-20.812385	0.0	0.0
5.571289	0.868977762	-20.829929	0.0	0.0
5.576172	0.867321813	-20.846704	0.0	0.0
5.581055	0.867926273	-20.866105	0.0	0.0
5.585938	0.867512765	-20.882459	0.0	0.0
5.590820	0.866699587	-20.901080	0.0	0.0
5.595703	0.866080353	-20.918787	0.0	0.0
5.600586	0.865269177	-20.940072	0.0	0.0
5.605469	0.865786892	-20.958338	0.0	0.0
5.610352	0.865243462	-20.974924	0.0	0.0
5.615234	0.863556289	-20.992852	0.0	0.0
5.620117	0.863167434	-21.012425	0.0	0.0
5.625000	0.863901607	-21.030103	0.0	0.0
5.629883	0.863160371	-21.049187	0.0	0.0
5.634766	0.862740987	-21.067936	0.0	0.0
5.639648	0.862537143	-21.087595	0.0	0.0
5.644531	0.864127390	-21.104870	0.0	0.0
5.649414	0.861929642	-21.123134	0.0	0.0
5.654297	0.861496477	-21.142075	0.0	0.0
5.659180	0.862224522	-21.159714	0.0	0.0
5.664063	0.862392586	-21.179323	0.0	0.0
5.668945	0.861447695	-21.196847	0.0	0.0
5.673828	0.860849196	-21.215248	0.0	0.0
5.678711	0.860790911	-21.233487	0.0	0.0
5.683594	0.858656475	-21.251757	0.0	0.0
5.688477	0.859873375	-21.271411	0.0	0.0
5.693359	0.858823294	-21.289753	0.0	0.0
5.698242	0.859303168	-21.308730	0.0	0.0
5.703125	0.860129313	-21.327450	0.0	0.0
5.708008	0.860892431	-21.345901	0.0	0.0
5.712891	0.859870880	-21.364058	0.0	0.0
5.717773	0.860837573	-21.380981	0.0	0.0
5.722656	0.859351707	-21.399792	0.0	0.0
5.727539	0.859103423	-21.420342	0.0	0.0
5.732422	0.860137874	-21.438020	0.0	0.0
5.737305	0.860771897	-21.454908	0.0	0.0
5.742188	0.858912322	-21.471166	0.0	0.0
5.747070	0.857950875	-21.489596	0.0	0.0
5.751953	0.856959946	-21.507835	0.0	0.0
5.756836	0.856533618	-21.526024	0.0	0.0
5.761719	0.855499462	-21.544332	0.0	0.0
5.766602	0.853807364	-21.565294	0.0	0.0
5.771484	0.855444471	-21.585414	0.0	0.0
5.776367	0.856499256	-21.601728	0.0	0.0
5.781250	0.854139447	-21.619103	0.0	0.0
5.786133	0.854109461	-21.638682	0.0	0.0
5.791016	0.853031159	-21.658302	0.0	0.0
5.795898	0.854983640	-21.677242	0.0	0.0
5.800781	0.854610390	-21.696872	0.0	0.0
5.805664	0.855186041	-21.714923	0.0	0.0
5.810547	0.856577775	-21.731316	0.0	0.0
5.815430	0.853938027	-21.749239	0.0	0.0
5.820313	0.854781034	-21.768697	0.0	0.0
5.825195	0.854855109	-21.786445	0.0	0.0
5.830078	0.853497633	-21.803671	0.0	0.0
5.834961	0.854148811	-21.823796	0.0	0.0
5.839844	0.854580696	-21.841881	0.0	0.0
5.844727	0.853897691	-21.857773	0.0	0.0
5.849609	0.852093988	-21.877286	0.0	0.0
5.854492	0.853549201	-21.896563	0.0	0.0
5.859375	0.852498564	-21.914345	0.0	0.0
5.864258	0.851461724	-21.932963	0.0	0.0
5.869141	0.851553385	-21.951367	0.0	0.0
5.874023	0.852688926	-21.971293	0.0	0.0
5.878906	0.853509846	-21.987229	0.0	0.0
5.883789	0.851388867	-22.005453	0.0	0.0
5.888672	0.852601909	-22.023150	0.0	0.0
5.893555	0.851015700	-22.040729	0.0	0.0
5.898438	0.849000060	-22.059447	0.0	0.0
5.903320	0.849922106	-22.078587	0.0	0.0
5.908203	0.849952702	-22.098162	0.0	0.0
5.913086	0.850133638	-22.115414	0.0	0.0
5.917969	0.848514195	-22.133589	0.0	0.0
5.922852	0.849353529	-22.154294	0.0	0.0
5.927734	0.850321533	-22.171569	0.0	0.0
5.932617	0.848144014	-22.188292	0.0	0.0
5.937500	0.846981638	-22.207365	0.0	0.0
5.942383	0.847529016	-22.226757	0.0	0.0
5.947266	0.846624112	-22.243824	0.0	0.0
5.952148	0.846231146	-22.263134	0.0	0.0
5.957031	0.846293081	-22.281667	0.0	0.0
5.961914	0.845706551	-22.299018	0.0	0.0
5.966797	0.845232034	-22.317992	0.0	0.0
5.971680	0.844313463	-22.338147	0.0	0.0
5.976563	0.844652406	-22.358326	0.0	0.0
5.981445	0.844551208	-22.375057	0.0	0.0
5.986328	0.845080666	-22.393956	0.0	0.0
5.991211	0.844508883	-22.414263	0.0	0.0
5.996094	0.844524530	-22.431923	0.0	0.0
6.000977	0.844354507	-22.449372	0.0	0.0
6.005859	0.844630421	-22.467226	0.0	0.0
6.010742	0.845853161	-22.486284	0.0	0.0
6.015625	0.845743954	-22.502433	0.0	0.0
6.020508	0.843416007	-22.520876	0.0	0.0
6.025391	0.844385231	-22.540535	0.0	0.0
6.030273	0.844625655	-22.558978	0.0	0.0
6.035156	0.844060726	-22.575602	0.0	0.0
6.040039	0.843877832	-22.592567	0.0	0.0
6.044922	0.841768167	-22.612382	0.0	0.0
6.049805	0.842050782	-22.631135	0.0	0.0
6.054688	0.841770683	-22.649473	0.0	0.0
6.059570	0.840986841	-22.668972	0.0	0.0
6.064453	0.840294336	-22.687653	0.0	0.0
6.069336	0.841722769	-22.706734	0.0	0.0
6.074219	0.842891889	-22.723874	0.0	0.0
6.079102	0.841247917	-22.741903	0.0	0.0
6.083984	0.840707593	-22.762019	0.0	0.0
6.088867	0.842578575	-22.779734	0.0	0.0
6.093750	0.841941005	-22.796471	0.0	0.0
6.098633	0.841181715	-22.816975	0.0	0.0
6.103516	0.840946686	-22.834567	0.0	0.0
6.108398	0.841918155	-22.853146	0.0	0.0
6.113281	0.841189303	-22.868320	0.0	0.0
6.118164	0.839977505	-22.885266	0.0	0.0
6.123047	0.838314213	-22.903710	0.0	0.0
6.127930	0.837586444	-22.924068	0.0	0.0
6.132813	0.837176720	-22.943424	0.0	0.0
6.137695	0.837419723	-22.963021	0.0	0.0
6.142578	0.838189757	-22.981048	0.0	0.0
6.147461	0.838171603	-22.998327	0.0	0.0
6.152344	0.838728561	-23.017584	0.0	0.0
6.157227	0.837368751	-23.034164	0.0	0.0
6.162109	0.835341651	-23.053587	0.0	0.0
6.166992	0.835386310	-23.074529	0.0	0.0
6.171875	0.835856850	-23.091127	0.0	0.0
6.176758	0.834978037	-23.109482	0.0	0.0
6.181641	0.834280792	-23.128777	0.0	0.0
6.186523	0.835490160	-23.149154	0.0	0.0
6.191406	0.836839754	-23.167456	0.0	0.0
6.196289	0.836718427	-23.184929	0.0	0.0
6.201172	0.837327084	-23.200284	0.0	0.0
6.206055	0.834855854	-23.218700	0.0	0.0
6.210938	0.834554008	-23.237440	0.0	0.0
6.215820	0.833752787	-23.256506	0.0	0.0
6.220703	0.834297614	-23.275048	0.0	0.0
6.225586	0.833153037	-23.293034	0.0	0.0
6.230469	0.833365248	-23.311442	0.0	0.0
6.235352	0.832729856	-23.330579	0.0	0.0
6.240234	0.833109778	-23.350160	0.0	0.0
6.245117	0.832497933	-23.367203	0.0	0.0
6.250000	0.833568356	-23.385788	0.0	0.0
6.254883	0.831532260	-23.405376	0.0	0.0
6.259766	0.833724705	-23.424001	0.0	0.0
6.264648	0.834118184	-23.440192	0.0	0.0
6.269531	0.832683415	-23.458421	0.0	0.0
6.274414	0.832623743	-23.477155	0.0	0.0
6.279297	0.831247903	-23.495838	0.0	0.0
6.284180	0.832066957	-23.514107	0.0	0.0
6.289063	0.830217501	-23.532569	0.0	0.0
6.293945	0.830821741	-23.550293	0.0	0.0
6.298828	0.831261176	-23.567139	0.0	0.0
6.303711	0.828888202	-23.586892	0.0	0.0
6.308594	0.829613958	-23.605257	0.0	0.0
6.313477	0.831629073	-23.622160	0.0	0.0
6.318359	0.829124848	-23.639083	0.0	0.0
6.323242	0.828320913	-23.659035	0.0	0.0
6.328125	0.826735575	-23.678298	0.0	0.0
6.333008	0.826996469	-23.698354	0.0	0.0
6.337891	0.828509310	-23.716705	0.0	0.0
6.342773	0.828312268	-23.734465	0.0	0.0
6.347656	0.827802482	-23.750725	0.0	0.0
6.352539	0.827181929	-23.769680	0.0	0.0
6.357422	0.827171137	-23.788443	0.0	0.0
6.362305	0.825508575	-23.806715	0.0	0.0
6.367188	0.825268418	-23.824574	0.0	0.0
6.372070	0.825013557	-23.843102	0.0	0.0
6.376953	0.825150761	-23.863181	0.0	0.0
6.381836	0.825711366	-23.880241	0.0	0.0
6.386719	0.825352560	-23.897405	0.0	0.0
6.391602	0.824267501	-23.915905	0.0	0.0
6.396484	0.823232475	-23.935369	0.0	0.0
6.401367	0.822721807	-23.954374	0.0	0.0
6.406250	0.822630597	-23.973860	0.0	0.0
6.411133	0.821476087	-23.990967	0.0	0.0
6.416016	0.821771965	-24.012551	0.0	0.0
6.420898	0.823318206	-24.029504	0.0	0.0
6.425781	0.821635551	-24.046956	0.0	0.0
6.430664	0.822288998	-24.066196	0.0	0.0
6.435547	0.822165369	-24.083487	0.0	0.0
6.440430	0.820584738	-24.101946	0.0	0.0
6.445313	0.820876560	-24.122869	0.0	0.0
6.450195	0.821268287	-24.141476	0.0	0.0
6.455078	0.822182166	-24.158458	0.0	0.0
6.459961	0.822929424	-24.174427	0.0	0.0
6.464844	0.821515451	-24.191904	0.0	0.0
6.469727	0.819659719	-24.209871	0.0	0.0
6.474609	0.820000392	-24.229426	0.0	0.0
6.479492	0.819091061	-24.248106	0.0	0.0
6.484375	0.819386627	-24.267110	0.0	0.0
6.489258	0.818801556	-24.285238	0.0	0.0
6.494141	0.818359508	-24.304943	0.0	0.0
6.499023	0.816768544	-24.322859	0.0	0.0
6.503906	0.818665470	-24.341717	0.0	0.0
6.508789	0.817192078	-24.359595	0.0	0.0
6.513672	0.818117287	-24.379385	0.0	0.0
6.518555	0.819220667	-24.398403	0.0	0.0
6.523438	0.818868672	-24.415224	0.0	0.0
6.528320	0.817464907	-24.431991	0.0	0.0
6.533203	0.817397916	-24.450882	0.0	0.0
6.538086	0.816907875	-24.468560	0.0	0.0
6.542969	0.816739028	-24.486904	0.0	0.0
6.547852	0.815983636	-24.506233	0.0	0.0
6.552734	0.815923482	-24.524928	0.0	0.0
6.557617	0.817534690	-24.541488	0.0	0.0
6.562500	0.814587067	-24.560515	0.0	0.0
6.567383	0.814724672	-24.578069	0.0	0.0
6.572266	0.814750638	-24.597889	0.0	0.0
6.577148	0.815298407	-24.615475	0.0	0.0
6.582031	0.814646857	-24.634176	0.0	0.0
6.586914	0.815198470	-24.652565	0.0	0.0
6.591797	0.814066268	-24.669737	0.0	0.0
6.596680	0.813714300	-24.689078	0.0	0.0
6.601563	0.813031475	-24.707582	0.0	0.0
6.606445	0.811706553	-24.726132	0.0	0.0
6.611328	0.812134749	-24.745264	0.0	0.0
6.616211	0.814039892	-24.761887	0.0	0.0
6.621094	0.811991695	-24.778756	0.0	0.0
6.625977	0.810804883	-24.799523	0.0	0.0
6.630859	0.812555211	-24.819283	0.0	0.0
6.635742	0.811692357	-24.836181	0.0	0.0
6.640625	0.810259965	-24.854202	0.0	0.0
6.645508	0.811113682	-24.874432	0.0	0.0
6.650391	0.811879258	-24.892259	0.0	0.0
6.655273	0.809515353	-24.909020	0.0	0.0
6.660156	0.810266215	-24.928819	0.0	0.0
6.665039	0.811424070	-24.946707	0.0	0.0
6.669922	0.810506506	-24.963150	0.0	0.0
6.674805	0.808497039	-24.982825	0.0	0.0
6.679688	0.809090245	-25.002666	0.0	0.0
6.684570	0.809853641	-25.021608	0.0	0.0
6.689453	0.810488803	-25.037664	0.0	0.0
6.694336	0.810334403	-25.054662	0.0	0.0
6.699219	0.808760490	-25.074040	0.0	0.0
6.704102	0.807928178	-25.093150	0.0	0.0
6.708984	0.808992697	-25.109955	0.0	0.0
6.713867	0.807452171	-25.127331	0.0	0.0
6.718750	0.806298098	-25.145836	0.0	0.0
6.723633	0.805343617	-25.166775	0.0	0.0
6.728516	0.806140982	-25.184533	0.0	0.0
6.733398	0.806319157	-25.202901	0.0	0.0
6.738281	0.805841021	-25.220894	0.0	0.0
6.743164	0.805116433	-25.240046	0.0	0.0
6.748047	0.805837351	-25.257737	0.0	0.0
6.752930	0.805746494	-25.274891	0.0	0.0
6.757813	0.804043980	-25.295402	0.0	0.0
6.762695	0.804721787	-25.313436	0.0	0.0
6.767578	0.804196738	-25.330654	0.0	0.0
6.772461	0.804476473	-25.349681	0.0	0.0
6.777344	0.803130057	-25.369031	0.0	0.0
6.782227	0.803756887	-25.387019	0.0	0.0
6.787109	0.805493424	-25.404543	0.0	0.0
6.791992	0.803044164	-25.422096	0.0	0.0
6.796875	0.802149580	-25.440425	0.0	0.0
6.801758	0.801448611	-25.459909	0.0	0.0
6.806641	0.802180891	-25.478913	0.0	0.0
6.811523	0.802682396	-25.497128	0.0	0.0
6.816406	0.802317708	-25.514140	0.0	0.0
6.821289	0.801086913	-25.533190	0.0	0.0
6.826172	0.800533599	-25.552585	0.0	0.0
6.831055	0.800710487	-25.569657	0.0	0.0
6.835938	0.800516887	-25.588978	0.0	0.0
6.840820	0.800768996	-25.609096	0.0	0.0
6.845703	0.801597734	-25.625653	0.0	0.0
6.850586	0.801226188	-25.640986	0.0	0.0
6.855469	0.799318263	-25.659451	0.0	0.0
6.860352	0.799056233	-25.678393	0.0	0.0
6.865234	0.798923207	-25.696438	0.0	0.0
6.870117	0.797360444	-25.715278	0.0	0.0
6.875000	0.797638848	-25.735763	0.0	0.0
6.879883	0.796392795	-25.755711	0.0	0.0
6.884766	0.797916081	-25.774226	0.0	0.0
6.889648	0.797896367	-25.790378	0.0	0.0
6.894531	0.796506733	-25.808049	0.0	0.0
6.899414	0.795308672	-25.826263	0.0	0.0
6.904297	0.794323663	-25.847575	0.0	0.0
6.909180	0.795383583	-25.866538	0.0	0.0
6.914063	0.796347675	-25.884370	0.0	0.0
6.918945	0.795231764	-25.902200	0.0	0.0
6.923828	0.795031274	-25.921144	0.0	0.0
6.928711	0.796531546	-25.938420	0.0	0.0
6.933594	0.796037934	-25.955688	0.0	0.0
6.938477	0.794936745	-25.973568	0.0	0.0
6.943359	0.794928652	-25.992322	0.0	0.0
6.948242	0.794174283	-26.012599	0.0	0.0
6.953125	0.795100912	-26.029461	0.0	0.0
6.958008	0.794072094	-26.046975	0.0	0.0
6.962891	0.793343162	-26.066513	0.0	0.0
6.967773	0.792589846	-26.084740	0.0	0.0
6.972656	0.793527079	-26.102005	0.0	0.0
6.977539	0.792202459	-26.119143	0.0	0.0
6.982422	0.790468727	-26.139091	0.0	0.0
6.987305	0.792485922	-26.160593	0.0	0.0
6.992188	0.793846767	-26.176758	0.0	0.0
6.997070	0.791850428	-26.194428	0.0	0.0
7.001953	0.791516082	-26.214385	0.0	0.0
7.006836	0.792392480	-26.232585	0.0	0.0
7.011719	0.793330315	-26.250723	0.0	0.0
7.016602	0.792478439	-26.268107	0.0	0.0
7.021484	0.791108181	-26.285248	0.0	0.0
7.026367	0.791090136	-26.303769	0.0	0.0
7.031250	0.788700761	-26.321378	0.0	0.0
7.036133	0.788553895	-26.340246	0.0	0.0
7.041016	0.788553449	-26.361854	0.0	0.0
7.045898	0.789780996	-26.378331	0.0	0.0
7.050781	0.788445133	-26.394647	0.0	0.0
7.055664	0.787683281	-26.414606	0.0	0.0
7.060547	0.788420696	-26.433135	0.0	0.0
7.065430	0.786898526	-26.450422	0.0	0.0
7.070313	0.787194729	-26.470679	0.0	0.0
7.075195	0.788113571	-26.488598	0.0	0.0
7.080078	0.787074592	-26.506360	0.0	0.0
7.084961	0.786436760	-26.524048	0.0	0.0
7.089844	0.787699965	-26.541676	0.0	0.0
7.094727	0.785974047	-26.561542	0.0	0.0
7.099609	0.786722900	-26.580070	0.0	0.0
7.104492	0.785920180	-26.598882	0.0	0.0
7.109375	0.786468916	-26.615400	0.0	0.0
7.114258	0.784361676	-26.631185	0.0	0.0
7.119141	0.782760937	-26.651842	0.0	0.0
7.124023	0.782294983	-26.671127	0.0	0.0
7.128906	0.784033962	-26.690490	0.0	0.0
7.133789	0.784818676	-26.708921	0.0	0.0
7.138672	0.782625884	-26.725957	0.0	0.0
7.143555	0.782681830	-26.744518	0.0	0.0
7.148438	0.782989435	-26.761489	0.0	0.0
7.153320	0.782203499	-26.781452	0.0	0.0
7.158203	0.783781092	-26.798468	0.0	0.0
7.163086	0.781517390	-26.816840	0.0	0.0
7.167969	0.781822971	-26.835441	0.0	0.0
7.172852	0.780579657	-26.853092	0.0	0.0
7.177734	0.778878986	-26.871321	0.0	0.0
7.182617	0.779245036	-26.891764	0.0	0.0
7.187500	0.780161089	-26.909770	0.0	0.0
7.192383	0.779472820	-26.928748	0.0	0.0
7.197266	0.779686631	-26.948277	0.0	0.0
7.202148	0.779297766	-26.964890	0.0	0.0
7.207031	0.778938157	-26.982634	0.0	0.0
7.211914	0.779373259	-27.000461	0.0	0.0
7.216797	0.778087321	-27.018108	0.0	0.0
7.221680	0.777396220	-27.037798	0.0	0.0
7.226563	0.777567050	-27.056673	0.0	0.0
7.231445	0.778051797	-27.074785	0.0	0.0
7.236328	0.777010707	-27.092909	0.0	0.0
7.241211	0.777424232	-27.110628	0.0	0.0
7.246094	0.775943524	-27.128789	0.0	0.0
7.250977	0.775269092	-27.146792	0.0	0.0
7.255859	0.774491361	-27.165697	0.0	0.0
7.260742	0.775565745	-27.187334	0.0	0.0
7.265625	0.775811504	-27.204321	0.0	0.0
7.270508	0.775209222	-27.222038	0.0	0.0
7.275391	0.774220010	-27.241308	0.0	0.0
7.280273	0.774731821	-27.259254	0.0	0.0
7.285156	0.775360531	-27.276336	0.0	0.0
7.290039	0.773781729	-27.294699	0.0	0.0
7.294922	0.774076119	-27.315273	0.0	0.0
7.299805	0.774478644	-27.333307	0.0	0.0
7.304688	0.774427010	-27.350031	0.0	0.0
7.309570	0.773293710	-27.367637	0.0	0.0
7.314453	0.773732222	-27.388490	0.0	0.0
7.319336	0.773499325	-27.405618	0.0	0.0
7.324219	0.772277440	-27.424155	0.0	0.0
7.329102	0.772796759	-27.443102	0.0	0.0
7.333984	0.771829241	-27.460383	0.0	0.0
7.338867	0.771273882	-27.479194	0.0	0.0
7.343750	0.771694731	-27.498538	0.0	0.0
7.348633	0.772095077	-27.515045	0.0	0.0
7.353516	0.773023382	-27.533175	0.0	0.0
7.358398	0.771071066	-27.550498	0.0	0.0
7.363281	0.770261491	-27.569613	0.0	0.0
7.368164	0.769371102	-27.588420	0.0	0.0
7.373047	0.770080143	-27.607831	0.0	0.0
7.377930	0.770465746	-27.623335	0.0	0.0
7.382813	0.769795507	-27.641554	0.0	0.0
7.387695	0.770017439	-27.662659	0.0	0.0
7.392578	0.769490390	-27.678276	0.0	0.0
7.397461	0.768145292	-27.695593	0.0	0.0
7.402344	0.766235429	-27.715089	0.0	0.0
7.407227	0.766797238	-27.734619	0.0	0.0
7.412109	0.766360862	-27.753685	0.0	0.0
7.416992	0.765972207	-27.772394	0.0	0.0
7.421875	0.766453097	-27.792363	0.0	0.0
7.426758	0.766676882	-27.807768	0.0	0.0
7.431641	0.766429383	-27.825755	0.0	0.0
7.436523	0.765332883	-27.844335	0.0	0.0
7.441406	0.765874023	-27.866069	0.0	0.0
7.446289	0.766723729	-27.882999	0.0	0.0
7.451172	0.766489820	-27.899821	0.0	0.0
7.456055	0.767705449	-27.917082	0.0	0.0
7.460938	0.765048529	-27.934452	0.0	0.0
7.465820	0.763112115	-27.952141	0.0	0.0
7.470703	0.763126505	-27.972536	0.0	0.0
7.475586	0.763920545	-27.991797	0.0	0.0
7.480469	0.762512826	-28.009144	0.0	0.0
7.485352	0.761413722	-28.027922	0.0	0.0
7.490234	0.761790159	-28.046998	0.0	0.0
7.495117	0.763045382	-28.065945	0.0	0.0
7.500000	0.762517590	-28.082706	0.0	0.0
7.504883	0.761871089	-28.100243	0.0	0.0
7.509766	0.759725004	-28.120741	0.0	0.0
7.514648	0.760515890	-28.140064	0.0	0.0
7.519531	0.761770858	-28.157712	0.0	0.0
7.524414	0.761434799	-28.175885	0.0	0.0
7.529297	0.761008255	-28.193326	0.0	0.0
7.534180	0.759981396	-28.209688	0.0	0.0
7.539063	0.759621055	-28.229236	0.0	0.0
7.543945	0.758601093	-28.248568	0.0	0.0
7.548828	0.759441319	-28.266543	0.0	0.0
7.553711	0.759059578	-28.283453	0.0	0.0
7.558594	0.757592187	-28.303347	0.0	0.0
7.563477	0.758006233	-28.319947	0.0	0.0
7.568359	0.755542854	-28.338843	0.0	0.0
7.573242	0.756908220	-28.358654	0.0	0.0
7.578125	0.756382585	-28.375585	0.0	0.0
7.583008	0.753854288	-28.393798	0.0	0.0
7.587891	0.755593004	-28.413419	0.0	0.0
7.592773	0.753133928	-28.429649	0.0	0.0
7.597656	0.752834055	-28.449742	0.0	0.0
7.602539	0.752629490	-28.468890	0.0	0.0
7.607422	0.751401872	-28.486259	0.0	0.0
7.612305	0.752006413	-28.506644	0.0	0.0
7.617188	0.752828717	-28.523740	0.0	0.0
7.622070	0.751536020	-28.542505	0.0	0.0
7.626953	0.751336310	-28.559425	0.0	0.0
7.631836	0.750087467	-28.580570	0.0	0.0
7.636719	0.750807565	-28.597732	0.0	0.0
7.641602	0.749987553	-28.615544	0.0	0.0
7.646484	0.750755215	-28.631922	0.0	0.0
7.651367	0.748624723	-28.649956	0.0	0.0
7.656250	0.747271108	-28.669077	0.0	0.0
7.661133	0.747243535	-28.686997	0.0	0.0
7.666016	0.746970010	-28.707218	0.0	0.0
7.670898	0.746826746	-28.726076	0.0	0.0
7.675781	0.746446298	-28.741755	0.0	0.0
7.680664	0.745063744	-28.761081	0.0	0.0
7.685547	0.744892317	-28.778947	0.0	0.0
7.690430	0.742403837	-28.795805	0.0	0.0
7.695313	0.742698011	-28.816901	0.0	0.0
7.700195	0.742737528	-28.834163	0.0	0.0
7.705078	0.741141454	-28.850024	0.0	0.0
7.709961	0.739394848	-28.869817	0.0	0.0
7.714844	0.737684299	-28.888052	0.0	0.0
7.719727	0.736174025	-28.905325	0.0	0.0
7.724609	0.735881360	-28.925609	0.0	0.0
7.729492	0.735674198	-28.943063	0.0	0.0
7.734375	0.733355716	-28.963157	0.0	0.0
7.739258	0.734311604	-28.982281	0.0	0.0
7.744141	0.733112518	-28.999750	0.0	0.0
7.749023	0.733916763	-29.017890	0.0	0.0
7.753906	0.731548079	-29.035713	0.0	0.0
7.758789	0.729616693	-29.054251	0.0	0.0
7.763672	0.729979898	-29.073896	0.0	0.0
7.768555	0.729605786	-29.090857	0.0	0.0
7.773438	0.728533286	-29.109963	0.0	0.0
7.778320	0.727988271	-29.126366	0.0	0.0
7.783203	0.725510432	-29.145468	0.0	0.0
7.788086	0.723859276	-29.164836	0.0	0.0
7.792969	0.724020494	-29.183966	0.0	0.0
7.797852	0.723216336	-29.202236	0.0	0.0
7.802734	0.722200514	-29.217225	0.0	0.0
7.807617	0.720282583	-29.236023	0.0	0.0
7.812500	0.718138509	-29.255435	0.0	0.0
7.817383	0.715763462	-29.274351	0.0	0.0
7.822266	0.714613001	-29.294953	0.0	0.0
7.827148	0.713290748	-29.313707	0.0	0.0
7.832031	0.713994911	-29.331918	0.0	0.0
7.836914	0.714451428	-29.350303	0.0	0.0
7.841797	0.713264215	-29.367749	0.0	0.0
7.846680	0.711883873	-29.384270	0.0	0.0
7.851563	0.711009399	-29.403578	0.0	0.0
7.856445	0.708789493	-29.418861	0.0	0.0
7.861328	0.707193902	-29.436094	0.0	0.0
7.866211	0.704569468	-29.454813	0.0	0.0
7.871094	0.702491685	-29.473605	0.0	0.0
7.875977	0.701051737	-29.493699	0.0	0.0
7.880859	0.698959639	-29.511912	0.0	0.0
7.885742	0.697484944	-29.529417	0.0	0.0
7.890625	0.695620185	-29.549466	0.0	0.0
7.895508	0.695799399	-29.568860	0.0	0.0
7.900391	0.693956149	-29.585517	0.0	0.0
7.905273	0.691598695	-29.602981	0.0	0.0
7.910156	0.690052631	-29.623526	0.0	0.0
7.915039	0.688866663	-29.639874	0.0	0.0
7.919922	0.687509987	-29.658477	0.0	0.0
7.924805	0.683651993	-29.677974	0.0	0.0
7.929688	0.683944023	-29.696839	0.0	0.0
7.934570	0.681644572	-29.714156	0.0	0.0
7.939453	0.679852669	-29.734197	0.0	0.0
7.944336	0.679054310	-29.751798	0.0	0.0
7.949219	0.677985329	-29.769568	0.0	0.0
7.954102	0.674350550	-29.785498	0.0	0.0
7.958984	0.671540557	-29.804116	0.0	0.0
7.963867	0.669756044	-29.822196	0.0	0.0
7.968750	0.668217047	-29.841765	0.0	0.0
7.973633	0.666273679	-29.859303	0.0	0.0
7.978516	0.664565151	-29.876783	0.0	0.0
7.983398	0.660742415	-29.894700	0.0	0.0
7.988281	0.659220385	-29.914465	0.0	0.0
7.993164	0.656262172	-29.934148	0.0	0.0
7.998047	0.654507637	-29.953150	0.0	0.0
8.002930	0.652605812	-29.970491	0.0	0.0
8.007813	0.650517927	-29.990302	0.0	0.0
8.012695	0.648704596	-30.008672	0.0	0.0
8.017578	0.647086271	-30.025919	0.0	0.0
8.022461	0.643559887	-30.043302	0.0	0.0
8.027344	0.640346909	-30.062262	0.0	0.0
8.032227	0.639356295	-30.083334	0.0	0.0
8.037109	0.637994428	-30.100929	0.0	0.0
8.041992	0.635841565	-30.118508	0.0	0.0
8.046875	0.634066916	-30.136270	0.0	0.0
8.051758	0.631127181	-30.153539	0.0	0.0
8.056641	0.627830922	-30.169683	0.0	0.0
8.061523	0.624771404	-30.186263	0.0	0.0
8.066406	0.621013238	-30.207524	0.0	0.0
8.071289	0.619147293	-30.224839	0.0	0.0
8.076172	0.616490594	-30.242877	0.0	0.0
8.081055	0.613177942	-30.263253	0.0	0.0
8.085938	0.610384974	-30.281776	0.0	0.0
8.090820	0.608249250	-30.301904	0.0	0.0
8.095703	0.605289955	-30.319527	0.0	0.0
8.100586	0.603469475	-30.337713	0.0	0.0
8.105469	0.601566747	-30.353965	0.0	0.0
8.110352	0.597340571	-30.371781	0.0	0.0
8.115234	0.594779310	-30.391479	0.0	0.0
8.120117	0.591789966	-30.407432	0.0	0.0
8.125000	0.588376467	-30.425401	0.0	0.0
8.129883	0.584490417	-30.445141	0.0	0.0
8.134766	0.581286662	-30.464049	0.0	0.0
8.139648	0.579373509	-30.484417	0.0	0.0
8.144531	0.576553759	-30.501891	0.0	0.0
8.149414	0.573258578	-30.519441	0.0	0.0
8.154297	0.570223223	-30.536512	0.0	0.0
8.159180	0.567021474	-30.555751	0.0	0.0
8.164063	0.563123541	-30.574148	0.0	0.0
8.168945	0.560416219	-30.593949	0.0	0.0
8.173828	0.558687267	-30.610161	0.0	0.0
8.178711	0.554502393	-30.629420	0.0	0.0
8.183594	0.551288182	-30.647736	0.0	0.0
8.188477	0.547938618	-30.665009	0.0	0.0
8.193359	0.544080901	-30.683381	0.0	0.0
8.198242	0.541055243	-30.702217	0.0	0.0
8.203125	0.537603747	-30.722107	0.0	0.0
8.208008	0.534538825	-30.741257	0.0	0.0
8.212891	0.532351323	-30.758764	0.0	0.0
8.217773	0.530105883	-30.775486	0.0	0.0
8.222656	0.525421826	-30.793826	0.0	0.0
8.227539	0.520727453	-30.813252	0.0	0.0
8.232422	0.518894081	-30.832066	0.0	0.0
8.237305	0.516299951	-30.850728	0.0	0.0
8.242188	0.513049693	-30.867824	0.0	0.0
8.247070	0.509372793	-30.882735	0.0	0.0
8.251953	0.504364271	-30.902687	0.0	0.0
8.256836	0.500859253	-30.921528	0.0	0.0
8.261719	0.496794091	-30.941601	0.0	0.0
8.266602	0.494319357	-30.962117	0.0	0.0
8.271484	0.492220301	-30.977289	0.0	0.0
8.276367	0.487405866	-30.995624	0.0	0.0
8.281250	0.482910155	-31.013830	0.0	0.0
8.286133	0.480275622	-31.032699	0.0	0.0
8.291016	0.476724911	-31.050462	0.0	0.0
8.295898	0.472222326	-31.068710	0.0	0.0
8.300781	0.468997261	-31.088955	0.0	0.0
8.305664	0.465519897	-31.105997	0.0	0.0
8.310547	0.462499443	-31.124355	0.0	0.0
8.315430	0.458891950	-31.143073	0.0	0.0
8.320313	0.455537214	-31.162096	0.0	0.0
8.325195	0.452210776	-31.179359	0.0	0.0
8.330078	0.448397990	-31.196598	0.0	0.0
8.334961	0.444317530	-31.215663	0.0	0.0
8.339844	0.439946211	-31.235648	0.0	0.0
8.344727	0.437421690	-31.254250	0.0	0.0
8.349609	0.434010415	-31.270000	0.0	0.0
8.354492	0.430617757	-31.288657	0.0	0.0
8.359375	0.426980657	-31.306064	0.0	0.0
8.364258	0.422115595	-31.323898	0.0	0.0
8.369141	0.418336907	-31.341779	0.0	0.0
8.374023	0.415649309	-31.361872	0.0	0.0
8.378906	0.412455193	-31.379812	0.0	0.0
8.383789	0.407442454	-31.396924	0.0	0.0
8.388672	0.403965558	-31.414988	0.0	0.0
8.393555	0.400056715	-31.433663	0.0	0.0
8.398438	0.396447881	-31.453649	0.0	0.0
8.403320	0.392786137	-31.470916	0.0	0.0
8.408203	0.389088885	-31.490379	0.0	0.0
8.413086	0.385966149	-31.509681	0.0	0.0
8.417969	0.382809803	-31.525727	0.0	0.0
8.422852	0.377902082	-31.542645	0.0	0.0
8.427734	0.374015489	-31.564959	0.0	0.0
8.432617	0.371126706	-31.582983	0.0	0.0
8.437500	0.367363396	-31.597849	0.0	0.0
8.442383	0.363249513	-31.616965	0.0	0.0
8.447266	0.359725491	-31.635533	0.0	0.0
8.452148	0.355547442	-31.653940	0.0	0.0
8.457031	0.351767861	-31.673517	0.0	0.0
8.461914	0.348739433	-31.691410	0.0	0.0
8.466797	0.344940087	-31.709289	0.0	0.0
8.471680	0.341059852	-31.725946	0.0	0.0
8.476563	0.337321944	-31.743235	0.0	0.0
8.481445	0.333463536	-31.764555	0.0	0.0
8.486328	0.329427632	-31.783773	0.0	0.0
8.491211	0.326272195	-31.801706	0.0	0.0
8.496094	0.322487080	-31.819486	0.0	0.0
8.500977	0.318985309	-31.837402	0.0	0.0
8.505859	0.315841236	-31.857680	0.0	0.0
8.510742	0.312240471	-31.873034	0.0	0.0
8.515625	0.308597470	-31.890920	0.0	0.0
8.520508	0.304903545	-31.910711	0.0	0.0
8.525391	0.301630061	-31.928029	0.0	0.0
8.530273	0.297921218	-31.946314	0.0	0.0
8.535156	0.294566142	-31.965738	0.0	0.0
8.540039	0.290860734	-31.982200	0.0	0.0
8.544922	0.287638479	-32.000784	0.0	0.0
8.549805	0.283138823	-32.019104	0.0	0.0
8.554688	0.279632221	-32.038730	0.0	0.0
8.559570	0.275941447	-32.057621	0.0	0.0
8.564453	0.273489817	-32.077326	0.0	0.0
8.569336	0.269919276	-32.094194	0.0	0.0
8.574219	0.266526661	-32.112382	0.0	0.0
8.579102	0.263442293	-32.132752	0.0	0.0
8.583984	0.259842604	-32.148091	0.0	0.0
8.588867	0.256394754	-32.166205	0.0	0.0
8.593750	0.253023429	-32.186733	0.0	0.0
8.598633	0.250018223	-32.203702	0.0	0.0
8.603516	0.246755506	-32.221492	0.0	0.0
8.608398	0.243320253	-32.239382	0.0	0.0
8.613281	0.239698003	-32.256651	0.0	0.0
8.618164	0.236739115	-32.274137	0.0	0.0
8.623047	0.233305592	-32.292751	0.0	0.0
8.627930	0.230003586	-32.312535	0.0	0.0
8.632813	0.226990390	-32.329728	0.0	0.0
8.637695	0.223498760	-32.348943	0.0	0.0
8.642578	0.220333566	-32.366153	0.0	0.0
8.647461	0.217247740	-32.386138	0.0	0.0
8.652344	0.214102322	-32.403998	0.0	0.0
8.657227	0.210857759	-32.421313	0.0	0.0
8.662109	0.207859483	-32.439187	0.0	0.0
8.666992	0.204853714	-32.459022	0.0	0.0
8.671875	0.201808618	-32.477900	0.0	0.0
8.676758	0.198668244	-32.496346	0.0	0.0
8.681641	0.195802087	-32.515340	0.0	0.0
8.686523	0.193155130	-32.532797	0.0	0.0
8.691406	0.190416732	-32.550641	0.0	0.0
8.696289	0.187171166	-32.567479	0.0	0.0
8.701172	0.184092717	-32.586086	0.0	0.0
8.706055	0.181139892	-32.605026	0.0	0.0
8.710938	0.178195973	-32.625117	0.0	0.0
8.715820	0.175545472	-32.642486	0.0	0.0
8.720703	0.172695541	-32.661895	0.0	0.0
8.725586	0.169798574	-32.680674	0.0	0.0
8.730469	0.167526717	-32.700829	0.0	0.0
8.735352	0.164918494	-32.716036	0.0	0.0
8.740234	0.162634464	-32.734442	0.0	0.0
8.745117	0.159589839	-32.750285	0.0	0.0
8.750000	0.156785529	-32.769338	0.0	0.0
8.754883	0.154053747	-32.787623	0.0	0.0
8.759766	0.151431119	-32.808190	0.0	0.0
8.764648	0.149115268	-32.824658	0.0	0.0
8.769531	0.146346500	-32.843802	0.0	0.0
8.774414	0.143728329	-32.862741	0.0	0.0
8.779297	0.141316647	-32.881280	0.0	0.0
8.784180	0.139157698	-32.896461	0.0	0.0
8.789063	0.136370466	-32.915781	0.0	0.0
8.793945	0.134044167	-32.935630	0.0	0.0
8.798828	0.131820211	-32.954904	0.0	0.0
8.803711	0.129143458	-32.972060	0.0	0.0
8.808594	0.127077915	-32.992585	0.0	0.0
8.813477	0.124899780	-33.010011	0.0	0.0
8.818359	0.122619669	-33.028333	0.0	0.0
8.823242	0.120325280	-33.044697	0.0	0.0
8.828125	0.118003126	-33.063129	0.0	0.0
8.833008	0.116112817	-33.082725	0.0	0.0
8.837891	0.113904701	-33.100093	0.0	0.0
8.842773	0.111796957	-33.118624	0.0	0.0
8.847656	0.109371448	-33.134300	0.0	0.0
8.852539	0.107227437	-33.153603	0.0	0.0
8.857422	0.105099970	-33.173050	0.0	0.0
8.862305	0.103195193	-33.192425	0.0	0.0
8.867188	0.101195201	-33.209308	0.0	0.0
8.872070	0.099130831	-33.228633	0.0	0.0
8.876953	0.097080106	-33.247545	0.0	0.0
8.881836	0.095543866	-33.267065	0.0	0.0
8.886719	0.093571454	-33.283524	0.0	0.0
8.891602	0.091621349	-33.304221	0.0	0.0
8.896484	0.089928528	-33.319300	0.0	0.0
8.901367	0.087835232	-33.336047	0.0	0.0
8.906250	0.086083952	-33.356276	0.0	0.0
8.911133	0.084276960	-33.375134	0.0	0.0
8.916016	0.082444113	-33.393138	0.0	0.0
8.920898	0.080777021	-33.414000	0.0	0.0
8.925781	0.079266033	-33.431158	0.0	0.0
8.930664	0.077636745	-33.448415	0.0	0.0
8.935547	0.075912274	-33.466618	0.0	0.0
8.940430	0.074238000	-33.484851	0.0	0.0
8.945313	0.072670713	-33.503731	0.0	0.0
8.950195	0.071040018	-33.523715	0.0	0.0
8.955078	0.069557688	-33.541161	0.0	0.0
8.959961	0.068121677	-33.559740	0.0	0.0
8.964844	0.066712730	-33.577452	0.0	0.0
8.969727	0.065154713	-33.594815	0.0	0.0
8.974609	0.063667077	-33.614332	0.0	0.0
8.979492	0.062318142	-33.632742	0.0	0.0
8.984375	0.060916385	-33.648318	0.0	0.0
8.989258	0.059522438	-33.667406	0.0	0.0
8.994141	0.058217131	-33.685967	0.0	0.0
8.999023	0.056931172	-33.702805	0.0	0.0
9.003906	0.055392259	-33.720593	0.0	0.0
9.008789	0.054083424	-33.740823	0.0	0.0
9.013672	0.052805480	-33.759432	0.0	0.0
9.018555	0.051666176	-33.777877	0.0	0.0
9.023438	0.050513495	-33.794031	0.0	0.0
9.028320	0.049229114	-33.810785	0.0	0.0
9.033203	0.047962149	-33.829991	0.0	0.0
9.038086	0.046797250	-33.848384	0.0	0.0
9.042969	0.045687270	-33.866800	0.0	0.0
9.047852	0.044586998	-33.885632	0.0	0.0
9.052734	0.043401215	-33.904239	0.0	0.0
9.057617	0.042425190	-33.923712	0.0	0.0
9.062500	0.041436740	-33.942324	0.0	0.0
9.067383	0.040357972	-33.956889	0.0	0.0
9.072266	0.039236017	-33.975608	0.0	0.0
9.077148	0.038216083	-33.994791	0.0	0.0
9.082031	0.037251039	-34.014459	0.0	0.0
9.086914	0.036378380	-34.030751	0.0	0.0
9.091797	0.035392335	-34.047968	0.0	0.0
9.096680	0.034432329	-34.066123	0.0	0.0
9.101563	0.033457018	-34.086587	0.0	0.0
9.106445	0.032640412	-34.106750	0.0	0.0
9.111328	0.031857518	-34.123333	0.0	0.0
9.116211	0.031033351	-34.141612	0.0	0.0
9.121094	0.030188104	-34.157326	0.0	0.0
9.125977	0.029388102	-34.175203	0.0	0.0
9.130859	0.028534340	-34.192241	0.0	0.0
9.135742	0.027673918	-34.211068	0.0	0.0
9.140625	0.026938509	-34.230640	0.0	0.0
9.145508	0.026194509	-34.249101	0.0	0.0
9.150391	0.025418857	-34.266208	0.0	0.0
9.155273	0.024704770	-34.286674	0.0	0.0
9.160156	0.024027257	-34.304968	0.0	0.0
9.165039	0.023393039	-34.326420	0.0	0.0
9.169922	0.022726203	-34.340802	0.0	0.0
9.174805	0.022067109	-34.359164	0.0	0.0
9.179688	0.021429205	-34.376071	0.0	0.0
9.184570	0.020798078	-34.394359	0.0	0.0
9.189453	0.020216959	-34.412327	0.0	0.0
9.194336	0.019558074	-34.430564	0.0	0.0
9.199219	0.018997226	-34.448661	0.0	0.0
9.204102	0.018435464	-34.465700	0.0	0.0
9.208984	0.017839167	-34.484698	0.0	0.0
9.213867	0.017303432	-34.504882	0.0	0.0
9.218750	0.016785028	-34.525323	0.0	0.0
9.223633	0.016314688	-34.541425	0.0	0.0
9.228516	0.015799248	-34.558909	0.0	0.0
9.233398	0.015319384	-34.577282	0.0	0.0
9.238281	0.014854923	-34.594019	0.0	0.0
9.243164	0.014369375	-34.610454	0.0	0.0
9.248047	0.013890588	-34.629653	0.0	0.0
9.252930	0.013456970	-34.647215	0.0	0.0
9.257813	0.013008024	-34.664857	0.0	0.0
9.262695	0.012554316	-34.684457	0.0	0.0
9.267578	0.012143847	-34.703628	0.0	0.0
9.272461	0.011772773	-34.724354	0.0	0.0
9.277344	0.011399810	-34.741598	0.0	0.0
9.282227	0.011032637	-34.760637	0.0	0.0
9.287109	0.010661655	-34.775524	0.0	0.0
9.291992	0.010303181	-34.793821	0.0	0.0
9.296875	0.009936099	-34.813406	0.0	0.0
9.301758	0.009601680	-34.832723	0.0	0.0
9.306641	0.009287443	-34.850461	0.0	0.0
9.311523	0.008974192	-34.868475	0.0	0.0
9.316406	0.008636016	-34.886216	0.0	0.0
9.321289	0.008314181	-34.907328	0.0	0.0
9.326172	0.008044191	-34.927214	0.0	0.0
9.331055	0.007777101	-34.942942	0.0	0.0
9.335938	0.007498520	-34.962161	0.0	0.0
9.340820	0.007227637	-34.978991	0.0	0.0
9.345703	0.006966371	-34.998311	0.0	0.0
9.350586	0.006712802	-35.015561	0.0	0.0
9.355469	0.006465970	-35.032973	0.0	0.0
9.360352	0.006205728	-35.053779	0.0	0.0
9.365234	0.005984837	-35.072768	0.0	0.0
9.370117	0.005760127	-35.093148	0.0	0.0
9.375000	0.005557498	-35.111198	0.0	0.0
9.379883	0.005345294	-35.129469	0.0	0.0
9.384766	0.005140781	-35.148592	0.0	0.0
9.389648	0.004941080	-35.167873	0.0	0.0
9.394531	0.004743314	-35.188131	0.0	0.0
9.399414	0.004571457	-35.206743	0.0	0.0
9.404297	0.004385230	-35.227799	0.0	0.0
9.409180	0.004219155	-35.246416	0.0	0.0
9.414063	0.004060766	-35.263567	0.0	0.0
9.418945	0.003899513	-35.284945	0.0	0.0
9.423828	0.003737315	-35.303340	0.0	0.0
9.428711	0.003598140	-35.323242	0.0	0.0
9.433594	0.003455142	-35.339992	0.0	0.0
9.438477	0.003303528	-35.360697	0.0	0.0
9.443359	0.003170141	-35.381927	0.0	0.0
9.448242	0.003048267	-35.401591	0.0	0.0
9.453125	0.002927363	-35.420271	0.0	0.0
9.458008	0.002801676	-35.437863	0.0	0.0
9.462891	0.002682709	-35.458260	0.0	0.0
9.467773	0.002570461	-35.477700	0.0	0.0
9.472656	0.002464931	-35.497741	0.0	0.0
9.477539	0.002360368	-35.518199	0.0	0.0
9.482422	0.002262523	-35.536997	0.0	0.0
9.487305	0.002161810	-35.557125	0.0	0.0
9.492188	0.002070688	-35.579843	0.0	0.0
9.497070	0.001985323	-35.599670	0.0	0.0
9.501953	0.001899965	-35.617892	0.0	0.0
9.506836	0.001815573	-35.639390	0.0	0.0
9.511719	0.001738852	-35.660355	0.0	0.0
9.516602	0.001665969	-35.679139	0.0	0.0
9.521484	0.001594051	-35.697587	0.0	0.0
9.526367	0.001520223	-35.717854	0.0	0.0
9.531250	0.001453106	-35.739621	0.0	0.0
9.536133	0.001389827	-35.759340	0.0	0.0
9.541016	0.001328468	-35.780385	0.0	0.0
9.545898	0.001271903	-35.798860	0.0	0.0
9.550781	0.001210555	-35.819506	0.0	0.0
9.555664	0.001156873	-35.839265	0.0	0.0
9.560547	0.001107027	-35.861042	0.0	0.0
9.565430	0.001058142	-35.880514	0.0	0.0
9.570313	0.001008304	-35.899239	0.0	0.0
9.575195	0.000964215	-35.920912	0.0	0.0
9.580078	0.000922045	-35.937082	0.0	0.0
9.584961	0.000877963	-35.954048	0.0	0.0
9.589844	0.000836758	-35.976349	0.0	0.0
9.594727	0.000800343	-35.995718	0.0	0.0
9.599609	0.000763931	-36.012880	0.0	0.0
9.604492	0.000730393	-36.029935	0.0	0.0
9.609375	0.000694945	-36.047074	0.0	0.0
9.614258	0.000661413	-36.066945	0.0	0.0
9.619141	0.000632671	-36.086037	0.0	0.0
9.624023	0.000602016	-36.103138	0.0	0.0
9.628906	0.000573278	-36.119121	0.0	0.0
9.633789	0.000547414	-36.135525	0.0	0.0
9.638672	0.000521552	-36.151736	0.0	0.0
9.643555	0.000497606	-36.168956	0.0	0.0
9.648438	0.000475576	-36.182275	0.0	0.0
9.653320	0.000452591	-36.196096	0.0	0.0
9.658203	0.000430565	-36.210563	0.0	0.0
9.663086	0.000410454	-36.222096	0.0	0.0
9.667969	0.000390345	-36.233380	0.0	0.0
9.672852	0.000371194	-36.246077	0.0	0.0
9.677734	0.000352045	-36.256464	0.0	0.0
9.682617	0.000335768	-36.265393	0.0	0.0
9.687500	0.000318535	-36.275714	0.0	0.0
9.692383	0.000303217	-36.283673	0.0	0.0
9.697266	0.000287900	-36.292854	0.0	0.0
9.702148	0.000273541	-36.300149	0.0	0.0
9.707031	0.000260139	-36.307896	0.0	0.0
9.711914	0.000247696	-36.311204	0.0	0.0
9.716797	0.000235253	-36.313298	0.0	0.0
9.721680	0.000222811	-36.312055	0.0	0.0
9.726563	0.000211326	-36.314206	0.0	0.0
9.731445	0.000200799	-36.310998	0.0	0.0
9.736328	0.000191229	-36.308771	0.0	0.0
9.741211	0.000180704	-36.304354	0.0	0.0
9.746094	0.000172091	-36.299676	0.0	0.0
9.750977	0.000161567	-36.289761	0.0	0.0
9.755859	0.000153912	-36.282344	0.0	0.0
9.760742	0.000146258	-36.270673	0.0	0.0
9.765625	0.000137649	-36.256054	0.0	0.0
9.770508	0.000130952	-36.238087	0.0	0.0
9.775391	0.000123300	-36.214872	0.0	0.0
9.780273	0.000117560	-36.196264	0.0	0.0
9.785156	0.000110864	-36.170274	0.0	0.0
9.790039	0.000105125	-36.142416	0.0	0.0
9.794922	0.000101298	-36.121010	0.0	0.0
9.799805	0.000095560	-36.083566	0.0	0.0
9.804688	0.000090778	-36.052657	0.0	0.0
9.809570	0.000086952	-36.014998	0.0	0.0
9.814453	0.000083126	-35.967339	0.0	0.0
9.819336	0.000079301	-35.924939	0.0	0.0
9.824219	0.000075476	-35.885269	0.0	0.0
9.829102	0.000072606	-35.835680	0.0	0.0
9.833984	0.000070693	-35.790307	0.0	0.0
9.838867	0.000067824	-35.742280	0.0	0.0
9.843750	0.000066866	-35.684233	0.0	0.0
9.848633	0.000063997	-35.627496	0.0	0.0
9.853516	0.000063039	-35.575281	0.0	0.0
9.858398	0.000062081	-35.522015	0.0	0.0
9.863281	0.000060168	-35.463411	0.0	0.0
9.868164	0.000059211	-35.410834	0.0	0.0
9.873047	0.000059208	-35.358694	0.0	0.0
9.877930	0.000058250	-35.295744	0.0	0.0
9.882813	0.000058248	-35.244945	0.0	0.0
9.887695	0.000058245	-35.206879	0.0	0.0
9.892578	0.000058243	-35.153253	0.0	0.0
9.897461	0.000058240	-35.118522	0.0	0.0
9.902344	0.000057283	-35.065640	0.0	0.0
9.907227	0.000057280	-35.021676	0.0	0.0
9.912109	0.000058232	-34.971067	0.0	0.0
9.916992	0.000058230	-34.937213	0.0	0.0
9.921875	0.000058227	-34.890130	0.0	0.0
9.926758	0.000059179	-34.863104	0.0	0.0
9.931641	0.000058222	-34.817098	0.0	0.0
9.936523	0.000059174	-34.788222	0.0	0.0
9.941406	0.000058217	-34.756760	0.0	0.0
9.946289	0.000060123	-34.722551	0.0	0.0
9.951172	0.000059166	-34.683827	0.0	0.0
9.956055	0.000060118	-34.646194	0.0	0.0
9.960938	0.000060115	-34.619985	0.0	0.0
9.965820	0.000060112	-34.584764	0.0	0.0
9.970703	0.000060109	-34.550433	0.0	0.0
9.975586	0.000061061	-34.526082	0.0	0.0
9.980469	0.000061058	-34.485783	0.0	0.0
9.985352	0.000060101	-34.455547	0.0	0.0
9.990234	0.000061053	-34.425540	0.0	0.0
9.995117	0.000061050	-34.400368	0.0	0.0
10.000000	0.000061047	-34.366693	0.0	0.0
