# UNCLASSIFIED
#
# Response info for FINES IDC short-period sites.
#
# Effective: 12 JUL 2007
# Response Created: 14 Jan 2011
# File name: FINES.SP.1190678400
# Inid: 7879 7880 7881 7882 7886 7887 7888 7889 7890 7891 7571 
# 7572 7573 7574 7575 7576 7577 7578
# Source:  James Neely (TTD), TSgt Gregory Swindle
# System equipment:  Geotech-Teledyne S-13  sensor and  Nanometrics Europa-T digitizer
#
# This response file was derived from equations of state.
# Displacement response relative to 1.0 at  1.0 Hz.
#
# The calib values for this configuration are as follows:
#
# FIA0 SHZ is 0.010861 nm/count at 1.0 Hz.
# FIA0 SHN is 0.011119 nm/count at 1.0 Hz.
# FIA0 SHE is 0.011065 nm/count at 1.0 Hz.
# FIA1 SHZ is 0.010935 nm/count at 1.0 Hz.
# FIA2 SHZ is 0.010551 nm/count at 1.0 Hz.
# FIA3 SHZ is 0.010968 nm/count at 1.0 Hz.
# FIB1 SHZ is 0.010221 nm/count at 1.0 Hz.
# FIB2 SHZ is 0.010717 nm/count at 1.0 Hz.
# FIB3 SHZ is 0.011256 nm/count at 1.0 Hz.
# FIB4 SHZ is 0.010467 nm/count at 1.0 Hz.
# FIB5 SHZ is 0.010769 nm/count at 1.0 Hz.
# FIB6 SHZ is 0.011030 nm/count at 1.0 Hz.
# FIC1 SHZ is 0.011114 nm/count at 1.0 Hz.
# FIC2 SHZ is 0.010776 nm/count at 1.0 Hz.
# FIC3 SHZ is 0.010753 nm/count at 1.0 Hz.
# FIC4 SHZ is 0.010933 nm/count at 1.0 Hz.
# FIC5 SHZ is 0.010881 nm/count at 1.0 Hz.
# FIC6 SHZ is 0.011016 nm/count at 1.0 Hz.
#
# Freq(Hz)     Amp(counts/nm)   Phase(deg)  Error(amp)  Error(phase)
#
 theoretical  0       system    fap   J.Neely
1000
0.001000	0.000000001	269.918957	0.0	0.0
0.001010	0.000000002	269.918149	0.0	0.0
0.001020	0.000000002	269.917334	0.0	0.0
0.001030	0.000000002	269.916510	0.0	0.0
0.001040	0.000000002	269.915679	0.0	0.0
0.001051	0.000000002	269.914838	0.0	0.0
0.001061	0.000000002	269.913990	0.0	0.0
0.001072	0.000000002	269.913133	0.0	0.0
0.001083	0.000000002	269.912268	0.0	0.0
0.001093	0.000000002	269.911394	0.0	0.0
0.001104	0.000000002	269.910511	0.0	0.0
0.001115	0.000000002	269.909619	0.0	0.0
0.001126	0.000000002	269.908719	0.0	0.0
0.001138	0.000000002	269.907809	0.0	0.0
0.001149	0.000000002	269.906891	0.0	0.0
0.001160	0.000000002	269.905963	0.0	0.0
0.001172	0.000000002	269.905027	0.0	0.0
0.001184	0.000000002	269.904080	0.0	0.0
0.001195	0.000000002	269.903125	0.0	0.0
0.001207	0.000000003	269.902160	0.0	0.0
0.001219	0.000000003	269.901185	0.0	0.0
0.001231	0.000000003	269.900200	0.0	0.0
0.001244	0.000000003	269.899206	0.0	0.0
0.001256	0.000000003	269.898202	0.0	0.0
0.001269	0.000000003	269.897188	0.0	0.0
0.001281	0.000000003	269.896163	0.0	0.0
0.001294	0.000000003	269.895129	0.0	0.0
0.001307	0.000000003	269.894084	0.0	0.0
0.001320	0.000000003	269.893029	0.0	0.0
0.001333	0.000000003	269.891963	0.0	0.0
0.001346	0.000000004	269.890887	0.0	0.0
0.001360	0.000000004	269.889800	0.0	0.0
0.001373	0.000000004	269.888702	0.0	0.0
0.001387	0.000000004	269.887593	0.0	0.0
0.001401	0.000000004	269.886473	0.0	0.0
0.001415	0.000000004	269.885342	0.0	0.0
0.001429	0.000000004	269.884200	0.0	0.0
0.001443	0.000000004	269.883046	0.0	0.0
0.001457	0.000000004	269.881881	0.0	0.0
0.001472	0.000000005	269.880704	0.0	0.0
0.001487	0.000000005	269.879516	0.0	0.0
0.001501	0.000000005	269.878315	0.0	0.0
0.001516	0.000000005	269.877103	0.0	0.0
0.001532	0.000000005	269.875879	0.0	0.0
0.001547	0.000000005	269.874642	0.0	0.0
0.001562	0.000000005	269.873393	0.0	0.0
0.001578	0.000000006	269.872132	0.0	0.0
0.001593	0.000000006	269.870858	0.0	0.0
0.001609	0.000000006	269.869571	0.0	0.0
0.001625	0.000000006	269.868272	0.0	0.0
0.001642	0.000000006	269.866959	0.0	0.0
0.001658	0.000000006	269.865634	0.0	0.0
0.001674	0.000000007	269.864295	0.0	0.0
0.001691	0.000000007	269.862943	0.0	0.0
0.001708	0.000000007	269.861578	0.0	0.0
0.001725	0.000000007	269.860199	0.0	0.0
0.001742	0.000000008	269.858806	0.0	0.0
0.001760	0.000000008	269.857399	0.0	0.0
0.001777	0.000000008	269.855979	0.0	0.0
0.001795	0.000000008	269.854544	0.0	0.0
0.001813	0.000000008	269.853095	0.0	0.0
0.001831	0.000000009	269.851631	0.0	0.0
0.001849	0.000000009	269.850153	0.0	0.0
0.001867	0.000000009	269.848660	0.0	0.0
0.001886	0.000000010	269.847152	0.0	0.0
0.001905	0.000000010	269.845630	0.0	0.0
0.001924	0.000000010	269.844092	0.0	0.0
0.001943	0.000000010	269.842538	0.0	0.0
0.001962	0.000000011	269.840970	0.0	0.0
0.001982	0.000000011	269.839385	0.0	0.0
0.002002	0.000000011	269.837785	0.0	0.0
0.002022	0.000000012	269.836169	0.0	0.0
0.002042	0.000000012	269.834537	0.0	0.0
0.002062	0.000000012	269.832888	0.0	0.0
0.002083	0.000000013	269.831223	0.0	0.0
0.002103	0.000000013	269.829542	0.0	0.0
0.002124	0.000000014	269.827844	0.0	0.0
0.002145	0.000000014	269.826129	0.0	0.0
0.002167	0.000000014	269.824396	0.0	0.0
0.002188	0.000000015	269.822647	0.0	0.0
0.002210	0.000000015	269.820880	0.0	0.0
0.002232	0.000000016	269.819095	0.0	0.0
0.002254	0.000000016	269.817293	0.0	0.0
0.002277	0.000000017	269.815473	0.0	0.0
0.002300	0.000000017	269.813634	0.0	0.0
0.002322	0.000000018	269.811778	0.0	0.0
0.002346	0.000000018	269.809903	0.0	0.0
0.002369	0.000000019	269.808009	0.0	0.0
0.002393	0.000000019	269.806096	0.0	0.0
0.002416	0.000000020	269.804164	0.0	0.0
0.002441	0.000000021	269.802213	0.0	0.0
0.002465	0.000000021	269.800242	0.0	0.0
0.002489	0.000000022	269.798252	0.0	0.0
0.002514	0.000000023	269.796242	0.0	0.0
0.002539	0.000000023	269.794212	0.0	0.0
0.002565	0.000000024	269.792162	0.0	0.0
0.002590	0.000000025	269.790092	0.0	0.0
0.002616	0.000000025	269.788000	0.0	0.0
0.002642	0.000000026	269.785888	0.0	0.0
0.002668	0.000000027	269.783755	0.0	0.0
0.002695	0.000000028	269.781601	0.0	0.0
0.002722	0.000000029	269.779425	0.0	0.0
0.002749	0.000000029	269.777227	0.0	0.0
0.002776	0.000000030	269.775008	0.0	0.0
0.002804	0.000000031	269.772766	0.0	0.0
0.002832	0.000000032	269.770502	0.0	0.0
0.002860	0.000000033	269.768216	0.0	0.0
0.002888	0.000000034	269.765907	0.0	0.0
0.002917	0.000000035	269.763575	0.0	0.0
0.002946	0.000000036	269.761219	0.0	0.0
0.002976	0.000000037	269.758840	0.0	0.0
0.003005	0.000000038	269.756438	0.0	0.0
0.003035	0.000000040	269.754011	0.0	0.0
0.003066	0.000000041	269.751560	0.0	0.0
0.003096	0.000000042	269.749085	0.0	0.0
0.003127	0.000000043	269.746585	0.0	0.0
0.003158	0.000000045	269.744061	0.0	0.0
0.003190	0.000000046	269.741511	0.0	0.0
0.003221	0.000000047	269.738936	0.0	0.0
0.003253	0.000000049	269.736335	0.0	0.0
0.003286	0.000000050	269.733708	0.0	0.0
0.003319	0.000000052	269.731055	0.0	0.0
0.003352	0.000000053	269.728375	0.0	0.0
0.003385	0.000000055	269.725669	0.0	0.0
0.003419	0.000000057	269.722936	0.0	0.0
0.003453	0.000000058	269.720176	0.0	0.0
0.003487	0.000000060	269.717388	0.0	0.0
0.003522	0.000000062	269.714572	0.0	0.0
0.003557	0.000000064	269.711729	0.0	0.0
0.003592	0.000000066	269.708857	0.0	0.0
0.003628	0.000000068	269.705956	0.0	0.0
0.003664	0.000000070	269.703027	0.0	0.0
0.003701	0.000000072	269.700068	0.0	0.0
0.003738	0.000000074	269.697080	0.0	0.0
0.003775	0.000000076	269.694062	0.0	0.0
0.003813	0.000000078	269.691014	0.0	0.0
0.003851	0.000000081	269.687935	0.0	0.0
0.003889	0.000000083	269.684826	0.0	0.0
0.003928	0.000000086	269.681686	0.0	0.0
0.003967	0.000000088	269.678515	0.0	0.0
0.004006	0.000000091	269.675312	0.0	0.0
0.004046	0.000000094	269.672077	0.0	0.0
0.004087	0.000000097	269.668810	0.0	0.0
0.004127	0.000000099	269.665511	0.0	0.0
0.004168	0.000000102	269.662178	0.0	0.0
0.004210	0.000000106	269.658813	0.0	0.0
0.004252	0.000000109	269.655413	0.0	0.0
0.004294	0.000000112	269.651980	0.0	0.0
0.004337	0.000000115	269.648513	0.0	0.0
0.004380	0.000000119	269.645011	0.0	0.0
0.004424	0.000000122	269.641475	0.0	0.0
0.004468	0.000000126	269.637903	0.0	0.0
0.004512	0.000000130	269.634295	0.0	0.0
0.004557	0.000000134	269.630652	0.0	0.0
0.004603	0.000000138	269.626972	0.0	0.0
0.004649	0.000000142	269.623256	0.0	0.0
0.004695	0.000000146	269.619502	0.0	0.0
0.004742	0.000000151	269.615711	0.0	0.0
0.004789	0.000000155	269.611883	0.0	0.0
0.004837	0.000000160	269.608016	0.0	0.0
0.004885	0.000000165	269.604111	0.0	0.0
0.004934	0.000000170	269.600166	0.0	0.0
0.004983	0.000000175	269.596183	0.0	0.0
0.005032	0.000000180	269.592160	0.0	0.0
0.005082	0.000000186	269.588097	0.0	0.0
0.005133	0.000000191	269.583993	0.0	0.0
0.005184	0.000000197	269.579848	0.0	0.0
0.005236	0.000000203	269.575662	0.0	0.0
0.005288	0.000000209	269.571435	0.0	0.0
0.005341	0.000000215	269.567165	0.0	0.0
0.005394	0.000000222	269.562853	0.0	0.0
0.005448	0.000000229	269.558497	0.0	0.0
0.005502	0.000000236	269.554099	0.0	0.0
0.005557	0.000000243	269.549656	0.0	0.0
0.005612	0.000000250	269.545169	0.0	0.0
0.005668	0.000000258	269.540638	0.0	0.0
0.005725	0.000000265	269.536061	0.0	0.0
0.005782	0.000000273	269.531439	0.0	0.0
0.005839	0.000000282	269.526771	0.0	0.0
0.005897	0.000000290	269.522056	0.0	0.0
0.005956	0.000000299	269.517295	0.0	0.0
0.006015	0.000000308	269.512485	0.0	0.0
0.006075	0.000000317	269.507628	0.0	0.0
0.006136	0.000000327	269.502723	0.0	0.0
0.006197	0.000000337	269.497768	0.0	0.0
0.006259	0.000000347	269.492765	0.0	0.0
0.006321	0.000000357	269.487711	0.0	0.0
0.006384	0.000000368	269.482607	0.0	0.0
0.006448	0.000000379	269.477452	0.0	0.0
0.006512	0.000000391	269.472246	0.0	0.0
0.006577	0.000000402	269.466988	0.0	0.0
0.006642	0.000000414	269.461678	0.0	0.0
0.006708	0.000000427	269.456315	0.0	0.0
0.006775	0.000000440	269.450898	0.0	0.0
0.006843	0.000000453	269.445427	0.0	0.0
0.006911	0.000000467	269.439902	0.0	0.0
0.006980	0.000000481	269.434322	0.0	0.0
0.007049	0.000000495	269.428686	0.0	0.0
0.007120	0.000000510	269.422994	0.0	0.0
0.007191	0.000000526	269.417245	0.0	0.0
0.007262	0.000000542	269.411439	0.0	0.0
0.007335	0.000000558	269.405575	0.0	0.0
0.007408	0.000000575	269.399653	0.0	0.0
0.007481	0.000000592	269.393672	0.0	0.0
0.007556	0.000000610	269.387631	0.0	0.0
0.007631	0.000000628	269.381530	0.0	0.0
0.007707	0.000000647	269.375368	0.0	0.0
0.007784	0.000000667	269.369145	0.0	0.0
0.007862	0.000000687	269.362859	0.0	0.0
0.007940	0.000000708	269.356511	0.0	0.0
0.008019	0.000000729	269.350100	0.0	0.0
0.008099	0.000000751	269.343625	0.0	0.0
0.008180	0.000000774	269.337086	0.0	0.0
0.008261	0.000000797	269.330481	0.0	0.0
0.008343	0.000000821	269.323810	0.0	0.0
0.008426	0.000000846	269.317073	0.0	0.0
0.008510	0.000000872	269.310269	0.0	0.0
0.008595	0.000000898	269.303397	0.0	0.0
0.008681	0.000000925	269.296457	0.0	0.0
0.008767	0.000000953	269.289447	0.0	0.0
0.008855	0.000000982	269.282368	0.0	0.0
0.008943	0.000001011	269.275218	0.0	0.0
0.009032	0.000001042	269.267997	0.0	0.0
0.009122	0.000001073	269.260704	0.0	0.0
0.009213	0.000001106	269.253338	0.0	0.0
0.009305	0.000001139	269.245899	0.0	0.0
0.009397	0.000001174	269.238385	0.0	0.0
0.009491	0.000001209	269.230797	0.0	0.0
0.009586	0.000001245	269.223133	0.0	0.0
0.009681	0.000001283	269.215393	0.0	0.0
0.009777	0.000001322	269.207576	0.0	0.0
0.009875	0.000001362	269.199681	0.0	0.0
0.009973	0.000001403	269.191707	0.0	0.0
0.010073	0.000001445	269.183653	0.0	0.0
0.010173	0.000001489	269.175520	0.0	0.0
0.010274	0.000001534	269.167305	0.0	0.0
0.010377	0.000001580	269.159009	0.0	0.0
0.010480	0.000001628	269.150629	0.0	0.0
0.010584	0.000001677	269.142167	0.0	0.0
0.010690	0.000001727	269.133620	0.0	0.0
0.010796	0.000001780	269.124988	0.0	0.0
0.010904	0.000001833	269.116270	0.0	0.0
0.011013	0.000001889	269.107465	0.0	0.0
0.011122	0.000001946	269.098572	0.0	0.0
0.011233	0.000002004	269.089590	0.0	0.0
0.011345	0.000002065	269.080520	0.0	0.0
0.011458	0.000002127	269.071358	0.0	0.0
0.011572	0.000002191	269.062106	0.0	0.0
0.011688	0.000002257	269.052761	0.0	0.0
0.011804	0.000002326	269.043323	0.0	0.0
0.011922	0.000002396	269.033791	0.0	0.0
0.012040	0.000002468	269.024164	0.0	0.0
0.012160	0.000002543	269.014441	0.0	0.0
0.012281	0.000002619	269.004621	0.0	0.0
0.012404	0.000002698	268.994704	0.0	0.0
0.012527	0.000002780	268.984687	0.0	0.0
0.012652	0.000002864	268.974571	0.0	0.0
0.012778	0.000002950	268.964354	0.0	0.0
0.012906	0.000003039	268.954035	0.0	0.0
0.013034	0.000003131	268.943613	0.0	0.0
0.013164	0.000003226	268.933087	0.0	0.0
0.013295	0.000003323	268.922456	0.0	0.0
0.013428	0.000003423	268.911720	0.0	0.0
0.013561	0.000003527	268.900876	0.0	0.0
0.013696	0.000003633	268.889925	0.0	0.0
0.013833	0.000003743	268.878864	0.0	0.0
0.013971	0.000003856	268.867693	0.0	0.0
0.014110	0.000003972	268.856411	0.0	0.0
0.014250	0.000004092	268.845016	0.0	0.0
0.014392	0.000004216	268.833507	0.0	0.0
0.014536	0.000004343	268.821885	0.0	0.0
0.014681	0.000004474	268.810146	0.0	0.0
0.014827	0.000004609	268.798290	0.0	0.0
0.014975	0.000004748	268.786315	0.0	0.0
0.015124	0.000004891	268.774223	0.0	0.0
0.015275	0.000005039	268.762008	0.0	0.0
0.015427	0.000005191	268.749673	0.0	0.0
0.015580	0.000005348	268.737214	0.0	0.0
0.015736	0.000005509	268.724631	0.0	0.0
0.015892	0.000005676	268.711923	0.0	0.0
0.016051	0.000005847	268.699088	0.0	0.0
0.016211	0.000006024	268.686125	0.0	0.0
0.016372	0.000006205	268.673033	0.0	0.0
0.016535	0.000006393	268.659810	0.0	0.0
0.016700	0.000006586	268.646456	0.0	0.0
0.016866	0.000006784	268.632969	0.0	0.0
0.017034	0.000006989	268.619347	0.0	0.0
0.017204	0.000007200	268.605589	0.0	0.0
0.017375	0.000007418	268.591694	0.0	0.0
0.017549	0.000007641	268.577661	0.0	0.0
0.017723	0.000007872	268.563487	0.0	0.0
0.017900	0.000008110	268.549173	0.0	0.0
0.018078	0.000008355	268.534716	0.0	0.0
0.018258	0.000008607	268.520114	0.0	0.0
0.018440	0.000008867	268.505367	0.0	0.0
0.018624	0.000009134	268.490473	0.0	0.0
0.018810	0.000009410	268.475430	0.0	0.0
0.018997	0.000009694	268.460238	0.0	0.0
0.019186	0.000009987	268.444895	0.0	0.0
0.019377	0.000010288	268.429397	0.0	0.0
0.019570	0.000010599	268.413746	0.0	0.0
0.019765	0.000010919	268.397939	0.0	0.0
0.019962	0.000011248	268.381974	0.0	0.0
0.020161	0.000011588	268.365849	0.0	0.0
0.020362	0.000011938	268.349564	0.0	0.0
0.020565	0.000012298	268.333117	0.0	0.0
0.020770	0.000012669	268.316506	0.0	0.0
0.020977	0.000013052	268.299728	0.0	0.0
0.021186	0.000013446	268.282784	0.0	0.0
0.021397	0.000013852	268.265671	0.0	0.0
0.021610	0.000014270	268.248387	0.0	0.0
0.021825	0.000014700	268.230931	0.0	0.0
0.022043	0.000015144	268.213300	0.0	0.0
0.022262	0.000015601	268.195493	0.0	0.0
0.022484	0.000016072	268.177510	0.0	0.0
0.022708	0.000016557	268.159347	0.0	0.0
0.022934	0.000017057	268.141002	0.0	0.0
0.023163	0.000017572	268.122476	0.0	0.0
0.023394	0.000018103	268.103763	0.0	0.0
0.023627	0.000018649	268.084865	0.0	0.0
0.023862	0.000019212	268.065777	0.0	0.0
0.024100	0.000019792	268.046500	0.0	0.0
0.024340	0.000020389	268.027031	0.0	0.0
0.024582	0.000021005	268.007366	0.0	0.0
0.024827	0.000021639	267.987506	0.0	0.0
0.025075	0.000022292	267.967448	0.0	0.0
0.025324	0.000022965	267.947190	0.0	0.0
0.025577	0.000023658	267.926729	0.0	0.0
0.025832	0.000024373	267.906065	0.0	0.0
0.026089	0.000025108	267.885194	0.0	0.0
0.026349	0.000025866	267.864115	0.0	0.0
0.026611	0.000026647	267.842826	0.0	0.0
0.026876	0.000027451	267.821325	0.0	0.0
0.027144	0.000028280	267.799608	0.0	0.0
0.027415	0.000029134	267.777675	0.0	0.0
0.027688	0.000030013	267.755524	0.0	0.0
0.027964	0.000030919	267.733152	0.0	0.0
0.028242	0.000031853	267.710555	0.0	0.0
0.028524	0.000032814	267.687734	0.0	0.0
0.028808	0.000033805	267.664685	0.0	0.0
0.029095	0.000034825	267.641406	0.0	0.0
0.029385	0.000035876	267.617895	0.0	0.0
0.029677	0.000036959	267.594148	0.0	0.0
0.029973	0.000038075	267.570165	0.0	0.0
0.030272	0.000039224	267.545943	0.0	0.0
0.030573	0.000040408	267.521478	0.0	0.0
0.030878	0.000041628	267.496770	0.0	0.0
0.031185	0.000042885	267.471816	0.0	0.0
0.031496	0.000044179	267.446612	0.0	0.0
0.031810	0.000045513	267.421156	0.0	0.0
0.032127	0.000046887	267.395446	0.0	0.0
0.032447	0.000048302	267.369479	0.0	0.0
0.032770	0.000049760	267.343254	0.0	0.0
0.033097	0.000051263	267.316766	0.0	0.0
0.033426	0.000052810	267.290014	0.0	0.0
0.033759	0.000054404	267.262995	0.0	0.0
0.034096	0.000056046	267.235706	0.0	0.0
0.034435	0.000057738	267.208144	0.0	0.0
0.034778	0.000059481	267.180307	0.0	0.0
0.035125	0.000061277	267.152193	0.0	0.0
0.035475	0.000063127	267.123798	0.0	0.0
0.035828	0.000065032	267.095118	0.0	0.0
0.036185	0.000066995	267.066153	0.0	0.0
0.036546	0.000069018	267.036898	0.0	0.0
0.036910	0.000071101	267.007351	0.0	0.0
0.037278	0.000073247	266.977509	0.0	0.0
0.037649	0.000075458	266.947368	0.0	0.0
0.038024	0.000077736	266.916927	0.0	0.0
0.038403	0.000080083	266.886180	0.0	0.0
0.038785	0.000082500	266.855128	0.0	0.0
0.039172	0.000084991	266.823764	0.0	0.0
0.039562	0.000087556	266.792088	0.0	0.0
0.039956	0.000090199	266.760095	0.0	0.0
0.040354	0.000092922	266.727782	0.0	0.0
0.040756	0.000095727	266.695146	0.0	0.0
0.041162	0.000098617	266.662183	0.0	0.0
0.041572	0.000101594	266.628892	0.0	0.0
0.041987	0.000104661	266.595267	0.0	0.0
0.042405	0.000107820	266.561306	0.0	0.0
0.042827	0.000111075	266.527006	0.0	0.0
0.043254	0.000114428	266.492363	0.0	0.0
0.043685	0.000117882	266.457373	0.0	0.0
0.044120	0.000121440	266.422034	0.0	0.0
0.044560	0.000125106	266.386341	0.0	0.0
0.045004	0.000128883	266.350290	0.0	0.0
0.045452	0.000132773	266.313880	0.0	0.0
0.045905	0.000136781	266.277105	0.0	0.0
0.046362	0.000140910	266.239962	0.0	0.0
0.046824	0.000145164	266.202448	0.0	0.0
0.047291	0.000149546	266.164558	0.0	0.0
0.047762	0.000154060	266.126289	0.0	0.0
0.048238	0.000158711	266.087637	0.0	0.0
0.048718	0.000163502	266.048598	0.0	0.0
0.049204	0.000168438	266.009168	0.0	0.0
0.049694	0.000173522	265.969344	0.0	0.0
0.050189	0.000178760	265.929121	0.0	0.0
0.050689	0.000184156	265.888495	0.0	0.0
0.051194	0.000189715	265.847462	0.0	0.0
0.051704	0.000195442	265.806019	0.0	0.0
0.052219	0.000201342	265.764160	0.0	0.0
0.052739	0.000207420	265.721882	0.0	0.0
0.053265	0.000213681	265.679181	0.0	0.0
0.053795	0.000220132	265.636051	0.0	0.0
0.054331	0.000226777	265.592490	0.0	0.0
0.054873	0.000233622	265.548492	0.0	0.0
0.055419	0.000240675	265.504053	0.0	0.0
0.055971	0.000247940	265.459168	0.0	0.0
0.056529	0.000255424	265.413834	0.0	0.0
0.057092	0.000263135	265.368046	0.0	0.0
0.057661	0.000271078	265.321797	0.0	0.0
0.058235	0.000279261	265.275085	0.0	0.0
0.058816	0.000287691	265.227905	0.0	0.0
0.059402	0.000296375	265.180251	0.0	0.0
0.059993	0.000305322	265.132119	0.0	0.0
0.060591	0.000314538	265.083504	0.0	0.0
0.061195	0.000324033	265.034402	0.0	0.0
0.061804	0.000333815	264.984807	0.0	0.0
0.062420	0.000343891	264.934714	0.0	0.0
0.063042	0.000354272	264.884117	0.0	0.0
0.063670	0.000364966	264.833012	0.0	0.0
0.064304	0.000375984	264.781395	0.0	0.0
0.064945	0.000387333	264.729259	0.0	0.0
0.065592	0.000399025	264.676599	0.0	0.0
0.066246	0.000411071	264.623411	0.0	0.0
0.066906	0.000423479	264.569687	0.0	0.0
0.067572	0.000436263	264.515424	0.0	0.0
0.068245	0.000449432	264.460615	0.0	0.0
0.068925	0.000462999	264.405255	0.0	0.0
0.069612	0.000476975	264.349338	0.0	0.0
0.070305	0.000491373	264.292859	0.0	0.0
0.071006	0.000506206	264.235812	0.0	0.0
0.071713	0.000521486	264.178191	0.0	0.0
0.072428	0.000537228	264.119989	0.0	0.0
0.073149	0.000553445	264.061203	0.0	0.0
0.073878	0.000570152	264.001823	0.0	0.0
0.074614	0.000587362	263.941847	0.0	0.0
0.075357	0.000605093	263.881265	0.0	0.0
0.076108	0.000623358	263.820074	0.0	0.0
0.076866	0.000642175	263.758266	0.0	0.0
0.077632	0.000661560	263.695835	0.0	0.0
0.078406	0.000681530	263.632775	0.0	0.0
0.079187	0.000702102	263.569078	0.0	0.0
0.079976	0.000723296	263.504740	0.0	0.0
0.080773	0.000745130	263.439753	0.0	0.0
0.081577	0.000767622	263.374108	0.0	0.0
0.082390	0.000790793	263.307802	0.0	0.0
0.083211	0.000814664	263.240827	0.0	0.0
0.084040	0.000839256	263.173175	0.0	0.0
0.084877	0.000864589	263.104840	0.0	0.0
0.085723	0.000890688	263.035814	0.0	0.0
0.086577	0.000917574	262.966092	0.0	0.0
0.087439	0.000945271	262.895663	0.0	0.0
0.088310	0.000973805	262.824523	0.0	0.0
0.089190	0.001003200	262.752663	0.0	0.0
0.090079	0.001033480	262.680076	0.0	0.0
0.090976	0.001064680	262.606754	0.0	0.0
0.091883	0.001096820	262.532690	0.0	0.0
0.092798	0.001129920	262.457876	0.0	0.0
0.093722	0.001164030	262.382304	0.0	0.0
0.094656	0.001199170	262.305966	0.0	0.0
0.095599	0.001235360	262.228854	0.0	0.0
0.096552	0.001272660	262.150960	0.0	0.0
0.097514	0.001311070	262.072277	0.0	0.0
0.098485	0.001350640	261.992794	0.0	0.0
0.099466	0.001391410	261.912505	0.0	0.0
0.100457	0.001433410	261.831398	0.0	0.0
0.101458	0.001476680	261.749471	0.0	0.0
0.102469	0.001521250	261.666710	0.0	0.0
0.103490	0.001567170	261.583105	0.0	0.0
0.104521	0.001614480	261.498655	0.0	0.0
0.105562	0.001663210	261.413343	0.0	0.0
0.106614	0.001713410	261.327162	0.0	0.0
0.107676	0.001765130	261.240109	0.0	0.0
0.108749	0.001818410	261.152159	0.0	0.0
0.109832	0.001873300	261.063321	0.0	0.0
0.110926	0.001929840	260.973576	0.0	0.0
0.112031	0.001988090	260.882907	0.0	0.0
0.113148	0.002048100	260.791323	0.0	0.0
0.114275	0.002109920	260.698797	0.0	0.0
0.115413	0.002173600	260.605336	0.0	0.0
0.116563	0.002239210	260.510907	0.0	0.0
0.117724	0.002306790	260.415526	0.0	0.0
0.118897	0.002376420	260.319159	0.0	0.0
0.120082	0.002448140	260.221812	0.0	0.0
0.121278	0.002522040	260.123460	0.0	0.0
0.122486	0.002598160	260.024110	0.0	0.0
0.123707	0.002676580	259.923737	0.0	0.0
0.124939	0.002757360	259.822332	0.0	0.0
0.126184	0.002840580	259.719892	0.0	0.0
0.127441	0.002926320	259.616400	0.0	0.0
0.128711	0.003014640	259.511839	0.0	0.0
0.129993	0.003105620	259.406208	0.0	0.0
0.131288	0.003199350	259.299488	0.0	0.0
0.132596	0.003295910	259.191670	0.0	0.0
0.133917	0.003395380	259.082745	0.0	0.0
0.135251	0.003497860	258.972694	0.0	0.0
0.136599	0.003603420	258.861516	0.0	0.0
0.137960	0.003712170	258.749185	0.0	0.0
0.139334	0.003824200	258.635691	0.0	0.0
0.140722	0.003939620	258.521033	0.0	0.0
0.142124	0.004058510	258.405184	0.0	0.0
0.143540	0.004180990	258.288141	0.0	0.0
0.144970	0.004307160	258.169880	0.0	0.0
0.146414	0.004437140	258.050398	0.0	0.0
0.147873	0.004571050	257.929685	0.0	0.0
0.149346	0.004708990	257.807706	0.0	0.0
0.150834	0.004851090	257.684475	0.0	0.0
0.152337	0.004997480	257.559950	0.0	0.0
0.153855	0.005148280	257.434136	0.0	0.0
0.155387	0.005303630	257.307015	0.0	0.0
0.156935	0.005463670	257.178576	0.0	0.0
0.158499	0.005628530	257.048792	0.0	0.0
0.160078	0.005798360	256.917653	0.0	0.0
0.161673	0.005973320	256.785148	0.0	0.0
0.163284	0.006153550	256.651258	0.0	0.0
0.164910	0.006339220	256.515964	0.0	0.0
0.166553	0.006530480	256.379263	0.0	0.0
0.168213	0.006727510	256.241127	0.0	0.0
0.169888	0.006930480	256.101538	0.0	0.0
0.171581	0.007139570	255.960493	0.0	0.0
0.173290	0.007354970	255.817963	0.0	0.0
0.175017	0.007576860	255.673930	0.0	0.0
0.176760	0.007805430	255.528389	0.0	0.0
0.178521	0.008040890	255.381313	0.0	0.0
0.180300	0.008283460	255.232683	0.0	0.0
0.182096	0.008533330	255.082485	0.0	0.0
0.183910	0.008790730	254.930710	0.0	0.0
0.185743	0.009055880	254.777319	0.0	0.0
0.187593	0.009329030	254.622310	0.0	0.0
0.189462	0.009610410	254.465661	0.0	0.0
0.191350	0.009900260	254.307344	0.0	0.0
0.193256	0.010198800	254.147355	0.0	0.0
0.195181	0.010506400	253.985657	0.0	0.0
0.197126	0.010823300	253.822245	0.0	0.0
0.199090	0.011149600	253.657090	0.0	0.0
0.201073	0.011485900	253.490171	0.0	0.0
0.203077	0.011832200	253.321475	0.0	0.0
0.205100	0.012188900	253.150972	0.0	0.0
0.207143	0.012556500	252.978642	0.0	0.0
0.209207	0.012935000	252.804470	0.0	0.0
0.211291	0.013325000	252.628434	0.0	0.0
0.213396	0.013726700	252.450497	0.0	0.0
0.215522	0.014140400	252.270653	0.0	0.0
0.217669	0.014566700	252.088870	0.0	0.0
0.219838	0.015005700	251.905136	0.0	0.0
0.222028	0.015458000	251.719411	0.0	0.0
0.224240	0.015923800	251.531681	0.0	0.0
0.226474	0.016403700	251.341922	0.0	0.0
0.228730	0.016898000	251.150103	0.0	0.0
0.231009	0.017407100	250.956201	0.0	0.0
0.233311	0.017931500	250.760193	0.0	0.0
0.235635	0.018471700	250.562056	0.0	0.0
0.237983	0.019028200	250.361764	0.0	0.0
0.240354	0.019601300	250.159278	0.0	0.0
0.242748	0.020191700	249.954582	0.0	0.0
0.245167	0.020799700	249.747652	0.0	0.0
0.247609	0.021426000	249.538454	0.0	0.0
0.250076	0.022071200	249.326955	0.0	0.0
0.252567	0.022735600	249.113140	0.0	0.0
0.255084	0.023420100	248.896973	0.0	0.0
0.257625	0.024125000	248.678414	0.0	0.0
0.260192	0.024851100	248.457454	0.0	0.0
0.262784	0.025598900	248.234049	0.0	0.0
0.265402	0.026369100	248.008165	0.0	0.0
0.268046	0.027162400	247.779784	0.0	0.0
0.270716	0.027979500	247.548873	0.0	0.0
0.273413	0.028821000	247.315385	0.0	0.0
0.276137	0.029687700	247.079305	0.0	0.0
0.278888	0.030580300	246.840586	0.0	0.0
0.281667	0.031499600	246.599202	0.0	0.0
0.284473	0.032446400	246.355116	0.0	0.0
0.287307	0.033421400	246.108301	0.0	0.0
0.290170	0.034425600	245.858719	0.0	0.0
0.293060	0.035459800	245.606326	0.0	0.0
0.295980	0.036524800	245.351092	0.0	0.0
0.298929	0.037621600	245.092989	0.0	0.0
0.301907	0.038751100	244.831962	0.0	0.0
0.304915	0.039914300	244.567989	0.0	0.0
0.307953	0.041112000	244.301023	0.0	0.0
0.311021	0.042345500	244.031036	0.0	0.0
0.314119	0.043615600	243.757979	0.0	0.0
0.317249	0.044923500	243.481812	0.0	0.0
0.320409	0.046270200	243.202506	0.0	0.0
0.323602	0.047657000	242.920003	0.0	0.0
0.326825	0.049084800	242.634280	0.0	0.0
0.330082	0.050555100	242.345280	0.0	0.0
0.333370	0.052068800	242.052971	0.0	0.0
0.336691	0.053627400	241.757303	0.0	0.0
0.340046	0.055232100	241.458244	0.0	0.0
0.343433	0.056884300	241.155735	0.0	0.0
0.346855	0.058585200	240.849744	0.0	0.0
0.350311	0.060336400	240.540219	0.0	0.0
0.353801	0.062139100	240.227110	0.0	0.0
0.357325	0.063995000	239.910382	0.0	0.0
0.360885	0.065905500	239.589986	0.0	0.0
0.364481	0.067872100	239.265868	0.0	0.0
0.368112	0.069896500	238.937987	0.0	0.0
0.371779	0.071980300	238.606289	0.0	0.0
0.375483	0.074125100	238.270731	0.0	0.0
0.379224	0.076332700	237.931262	0.0	0.0
0.383002	0.078604800	237.587827	0.0	0.0
0.386818	0.080943200	237.240374	0.0	0.0
0.390672	0.083349800	236.888869	0.0	0.0
0.394564	0.085826400	236.533240	0.0	0.0
0.398495	0.088375000	236.173451	0.0	0.0
0.402465	0.090997600	235.809440	0.0	0.0
0.406474	0.093696200	235.441164	0.0	0.0
0.410524	0.096472800	235.068559	0.0	0.0
0.414614	0.099329700	234.691580	0.0	0.0
0.418745	0.102269000	234.310166	0.0	0.0
0.422916	0.105293000	233.924272	0.0	0.0
0.427130	0.108403000	233.533836	0.0	0.0
0.431385	0.111603000	233.138804	0.0	0.0
0.435683	0.114894000	232.739132	0.0	0.0
0.440024	0.118280000	232.334750	0.0	0.0
0.444407	0.121761000	231.925613	0.0	0.0
0.448835	0.125342000	231.511660	0.0	0.0
0.453307	0.129024000	231.092831	0.0	0.0
0.457823	0.132810000	230.669091	0.0	0.0
0.462384	0.136703000	230.240362	0.0	0.0
0.466990	0.140706000	229.806613	0.0	0.0
0.471643	0.144820000	229.367764	0.0	0.0
0.476342	0.149050000	228.923767	0.0	0.0
0.481087	0.153398000	228.474581	0.0	0.0
0.485880	0.157866000	228.020133	0.0	0.0
0.490721	0.162459000	227.560392	0.0	0.0
0.495610	0.167178000	227.095285	0.0	0.0
0.500547	0.172027000	226.624767	0.0	0.0
0.505534	0.177008000	226.148774	0.0	0.0
0.510571	0.182126000	225.667284	0.0	0.0
0.515657	0.187383000	225.180217	0.0	0.0
0.520795	0.192783000	224.687543	0.0	0.0
0.525983	0.198328000	224.189195	0.0	0.0
0.531224	0.204022000	223.685146	0.0	0.0
0.536516	0.209868000	223.175342	0.0	0.0
0.541861	0.215870000	222.659730	0.0	0.0
0.547260	0.222031000	222.138281	0.0	0.0
0.552712	0.228353000	221.610956	0.0	0.0
0.558218	0.234842000	221.077699	0.0	0.0
0.563780	0.241500000	220.538477	0.0	0.0
0.569396	0.248329000	219.993260	0.0	0.0
0.575069	0.255335000	219.442019	0.0	0.0
0.580798	0.262521000	218.884719	0.0	0.0
0.586585	0.269889000	218.321329	0.0	0.0
0.592429	0.277443000	217.751819	0.0	0.0
0.598331	0.285186000	217.176175	0.0	0.0
0.604292	0.293123000	216.594375	0.0	0.0
0.610312	0.301256000	216.006401	0.0	0.0
0.616392	0.309588000	215.412250	0.0	0.0
0.622533	0.318124000	214.811891	0.0	0.0
0.628736	0.326865000	214.205339	0.0	0.0
0.634999	0.335816000	213.592584	0.0	0.0
0.641326	0.344980000	212.973630	0.0	0.0
0.647715	0.354358000	212.348484	0.0	0.0
0.654168	0.363956000	211.717152	0.0	0.0
0.660685	0.373775000	211.079652	0.0	0.0
0.667268	0.383818000	210.436009	0.0	0.0
0.673915	0.394089000	209.786244	0.0	0.0
0.680629	0.404589000	209.130393	0.0	0.0
0.687410	0.415321000	208.468487	0.0	0.0
0.694259	0.426288000	207.800567	0.0	0.0
0.701175	0.437492000	207.126685	0.0	0.0
0.708161	0.448935000	206.446895	0.0	0.0
0.715216	0.460619000	205.761254	0.0	0.0
0.722342	0.472547000	205.069826	0.0	0.0
0.729538	0.484719000	204.372695	0.0	0.0
0.736806	0.497137000	203.669918	0.0	0.0
0.744147	0.509803000	202.961593	0.0	0.0
0.751561	0.522718000	202.247813	0.0	0.0
0.759048	0.535883000	201.528669	0.0	0.0
0.766610	0.549298000	200.804278	0.0	0.0
0.774248	0.562965000	200.074738	0.0	0.0
0.781961	0.576884000	199.340173	0.0	0.0
0.789752	0.591054000	198.600702	0.0	0.0
0.797620	0.605477000	197.856466	0.0	0.0
0.805566	0.620152000	197.107609	0.0	0.0
0.813592	0.635078000	196.354265	0.0	0.0
0.821698	0.650255000	195.596588	0.0	0.0
0.829884	0.665683000	194.834743	0.0	0.0
0.838152	0.681359000	194.068889	0.0	0.0
0.846502	0.697283000	193.299197	0.0	0.0
0.854936	0.713454000	192.525856	0.0	0.0
0.863453	0.729869000	191.749036	0.0	0.0
0.872055	0.746527000	190.968937	0.0	0.0
0.880743	0.763426000	190.185749	0.0	0.0
0.889518	0.780564000	189.399670	0.0	0.0
0.898380	0.797938000	188.610910	0.0	0.0
0.907330	0.815545000	187.819676	0.0	0.0
0.916370	0.833383000	187.026181	0.0	0.0
0.925499	0.851449000	186.230651	0.0	0.0
0.934720	0.869739000	185.433298	0.0	0.0
0.944032	0.888251000	184.634358	0.0	0.0
0.953437	0.906980000	183.834052	0.0	0.0
0.962936	0.925925000	183.032611	0.0	0.0
0.972529	0.945080000	182.230264	0.0	0.0
0.982218	0.964442000	181.427256	0.0	0.0
0.992004	0.984008000	180.623820	0.0	0.0
1.001887	1.003770000	179.820181	0.0	0.0
1.011868	1.023740000	179.016629	0.0	0.0
1.021949	1.043890000	178.213311	0.0	0.0
1.032131	1.064230000	177.410464	0.0	0.0
1.042414	1.084750000	176.608403	0.0	0.0
1.052799	1.105460000	175.807361	0.0	0.0
1.063288	1.126340000	175.007494	0.0	0.0
1.073881	1.147390000	174.209111	0.0	0.0
1.084580	1.168610000	173.412368	0.0	0.0
1.095385	1.190000000	172.617565	0.0	0.0
1.106298	1.211550000	171.824855	0.0	0.0
1.117320	1.233250000	171.034460	0.0	0.0
1.128451	1.255110000	170.246670	0.0	0.0
1.139694	1.277120000	169.461560	0.0	0.0
1.151048	1.299270000	168.679478	0.0	0.0
1.162516	1.321570000	167.900494	0.0	0.0
1.174097	1.344020000	167.124945	0.0	0.0
1.185794	1.366600000	166.352893	0.0	0.0
1.197608	1.389310000	165.584529	0.0	0.0
1.209540	1.412160000	164.820043	0.0	0.0
1.221590	1.435140000	164.059676	0.0	0.0
1.233760	1.458240000	163.303540	0.0	0.0
1.246052	1.481480000	162.551741	0.0	0.0
1.258466	1.504840000	161.804504	0.0	0.0
1.271004	1.528320000	161.061925	0.0	0.0
1.283666	1.551920000	160.324212	0.0	0.0
1.296455	1.575650000	159.591393	0.0	0.0
1.309371	1.599490000	158.863663	0.0	0.0
1.322416	1.623460000	158.141096	0.0	0.0
1.335591	1.647540000	157.423817	0.0	0.0
1.348897	1.671740000	156.711946	0.0	0.0
1.362336	1.696060000	156.005540	0.0	0.0
1.375908	1.720500000	155.304757	0.0	0.0
1.389616	1.745050000	154.609593	0.0	0.0
1.403460	1.769720000	153.920194	0.0	0.0
1.417443	1.794510000	153.236547	0.0	0.0
1.431564	1.819420000	152.558831	0.0	0.0
1.445826	1.844460000	151.887025	0.0	0.0
1.460231	1.869610000	151.221153	0.0	0.0
1.474779	1.894890000	150.561328	0.0	0.0
1.489471	1.920290000	149.907605	0.0	0.0
1.504310	1.945810000	149.259951	0.0	0.0
1.519297	1.971470000	148.618413	0.0	0.0
1.534434	1.997250000	147.982996	0.0	0.0
1.549721	2.023160000	147.353780	0.0	0.0
1.565160	2.049210000	146.730757	0.0	0.0
1.580753	2.075390000	146.113916	0.0	0.0
1.596502	2.101710000	145.503247	0.0	0.0
1.612408	2.128180000	144.898770	0.0	0.0
1.628471	2.154780000	144.300541	0.0	0.0
1.644695	2.181530000	143.708462	0.0	0.0
1.661081	2.208430000	143.122545	0.0	0.0
1.677630	2.235480000	142.542798	0.0	0.0
1.694344	2.262680000	141.969190	0.0	0.0
1.711224	2.290040000	141.401722	0.0	0.0
1.728272	2.317560000	140.840358	0.0	0.0
1.745491	2.345250000	140.285028	0.0	0.0
1.762880	2.373100000	139.735790	0.0	0.0
1.780443	2.401120000	139.192539	0.0	0.0
1.798181	2.429320000	138.655263	0.0	0.0
1.816096	2.457690000	138.123921	0.0	0.0
1.834189	2.486250000	137.598495	0.0	0.0
1.852463	2.514990000	137.078910	0.0	0.0
1.870918	2.543910000	136.565175	0.0	0.0
1.889558	2.573030000	136.057186	0.0	0.0
1.908383	2.602340000	135.554948	0.0	0.0
1.927396	2.631850000	135.058384	0.0	0.0
1.946598	2.661570000	134.567469	0.0	0.0
1.965991	2.691490000	134.082151	0.0	0.0
1.985578	2.721620000	133.602353	0.0	0.0
2.005359	2.751970000	133.128071	0.0	0.0
2.025338	2.782540000	132.659205	0.0	0.0
2.045516	2.813320000	132.195725	0.0	0.0
2.065895	2.844340000	131.737578	0.0	0.0
2.086477	2.875580000	131.284711	0.0	0.0
2.107264	2.907060000	130.837070	0.0	0.0
2.128258	2.938780000	130.394602	0.0	0.0
2.149461	2.970740000	129.957254	0.0	0.0
2.170875	3.002940000	129.524971	0.0	0.0
2.192503	3.035400000	129.097682	0.0	0.0
2.214346	3.068110000	128.675353	0.0	0.0
2.236407	3.101090000	128.257913	0.0	0.0
2.258688	3.134320000	127.845309	0.0	0.0
2.281191	3.167820000	127.437490	0.0	0.0
2.303917	3.201600000	127.034423	0.0	0.0
2.326871	3.235650000	126.636003	0.0	0.0
2.350052	3.269980000	126.242231	0.0	0.0
2.373465	3.304590000	125.853008	0.0	0.0
2.397111	3.339490000	125.468299	0.0	0.0
2.420993	3.374690000	125.088041	0.0	0.0
2.445113	3.410180000	124.712184	0.0	0.0
2.469473	3.445980000	124.340682	0.0	0.0
2.494075	3.482080000	123.973485	0.0	0.0
2.518923	3.518490000	123.610519	0.0	0.0
2.544018	3.555220000	123.251751	0.0	0.0
2.569364	3.592260000	122.897109	0.0	0.0
2.594961	3.629630000	122.546574	0.0	0.0
2.620814	3.667330000	122.200062	0.0	0.0
2.646925	3.705350000	121.857529	0.0	0.0
2.673295	3.743720000	121.518946	0.0	0.0
2.699928	3.782430000	121.184245	0.0	0.0
2.726827	3.821480000	120.853372	0.0	0.0
2.753994	3.860880000	120.526287	0.0	0.0
2.781431	3.900640000	120.202948	0.0	0.0
2.809141	3.940760000	119.883305	0.0	0.0
2.837128	3.981240000	119.567296	0.0	0.0
2.865393	4.022090000	119.254895	0.0	0.0
2.893941	4.063310000	118.946030	0.0	0.0
2.922772	4.104910000	118.640686	0.0	0.0
2.951891	4.146890000	118.338797	0.0	0.0
2.981300	4.189260000	118.040326	0.0	0.0
3.011001	4.232030000	117.745238	0.0	0.0
3.040999	4.275180000	117.453469	0.0	0.0
3.071296	4.318740000	117.164987	0.0	0.0
3.101894	4.362710000	116.879758	0.0	0.0
3.132797	4.407090000	116.597730	0.0	0.0
3.164008	4.451880000	116.318865	0.0	0.0
3.195530	4.497090000	116.043120	0.0	0.0
3.227367	4.542730000	115.770450	0.0	0.0
3.259520	4.588800000	115.500833	0.0	0.0
3.291993	4.635310000	115.234221	0.0	0.0
3.324791	4.682260000	114.970563	0.0	0.0
3.357915	4.729650000	114.709839	0.0	0.0
3.391368	4.777490000	114.452013	0.0	0.0
3.425156	4.825790000	114.197026	0.0	0.0
3.459279	4.874550000	113.944869	0.0	0.0
3.493743	4.923770000	113.695485	0.0	0.0
3.528550	4.973470000	113.448850	0.0	0.0
3.563704	5.023640000	113.204924	0.0	0.0
3.599208	5.074300000	112.963677	0.0	0.0
3.635066	5.125440000	112.725071	0.0	0.0
3.671281	5.177070000	112.489076	0.0	0.0
3.707857	5.229200000	112.255656	0.0	0.0
3.744797	5.281840000	112.024784	0.0	0.0
3.782106	5.334980000	111.796418	0.0	0.0
3.819786	5.388640000	111.570537	0.0	0.0
3.857841	5.442820000	111.347108	0.0	0.0
3.896276	5.497520000	111.126094	0.0	0.0
3.935093	5.552750000	110.907474	0.0	0.0
3.974297	5.608520000	110.691212	0.0	0.0
4.013892	5.664840000	110.477277	0.0	0.0
4.053881	5.721700000	110.265647	0.0	0.0
4.094269	5.779120000	110.056287	0.0	0.0
4.135059	5.837090000	109.849173	0.0	0.0
4.176255	5.895630000	109.644278	0.0	0.0
4.217862	5.954750000	109.441570	0.0	0.0
4.259883	6.014440000	109.241028	0.0	0.0
4.302323	6.074710000	109.042621	0.0	0.0
4.345186	6.135580000	108.846323	0.0	0.0
4.388476	6.197040000	108.652111	0.0	0.0
4.432197	6.259100000	108.459958	0.0	0.0
4.476353	6.321780000	108.269843	0.0	0.0
4.520950	6.385070000	108.081733	0.0	0.0
4.565991	6.448980000	107.895609	0.0	0.0
4.611480	6.513510000	107.711450	0.0	0.0
4.657423	6.578690000	107.529226	0.0	0.0
4.703824	6.644500000	107.348914	0.0	0.0
4.750687	6.710960000	107.170496	0.0	0.0
4.798016	6.778070000	106.993949	0.0	0.0
4.845817	6.845850000	106.819248	0.0	0.0
4.894095	6.914300000	106.646368	0.0	0.0
4.942853	6.983410000	106.475294	0.0	0.0
4.992097	7.053220000	106.306001	0.0	0.0
5.041832	7.123710000	106.138467	0.0	0.0
5.092062	7.194890000	105.972674	0.0	0.0
5.142793	7.266780000	105.808598	0.0	0.0
5.194029	7.339380000	105.646222	0.0	0.0
5.245776	7.412690000	105.485523	0.0	0.0
5.298038	7.486730000	105.326485	0.0	0.0
5.350821	7.561510000	105.169085	0.0	0.0
5.404129	7.637020000	105.013308	0.0	0.0
5.457969	7.713280000	104.859130	0.0	0.0
5.512345	7.790290000	104.706535	0.0	0.0
5.567263	7.868070000	104.555505	0.0	0.0
5.622728	7.946610000	104.406020	0.0	0.0
5.678746	8.025940000	104.258063	0.0	0.0
5.735321	8.106040000	104.111619	0.0	0.0
5.792460	8.186950000	103.966667	0.0	0.0
5.850169	8.268650000	103.823189	0.0	0.0
5.908453	8.351170000	103.681170	0.0	0.0
5.967317	8.434500000	103.540595	0.0	0.0
6.026767	8.518660000	103.401446	0.0	0.0
6.086810	8.603650000	103.263704	0.0	0.0
6.147451	8.689490000	103.127356	0.0	0.0
6.208696	8.776180000	102.992385	0.0	0.0
6.270552	8.863720000	102.858774	0.0	0.0
6.333023	8.952140000	102.726511	0.0	0.0
6.396117	9.041440000	102.595577	0.0	0.0
6.459840	9.131620000	102.465958	0.0	0.0
6.524198	9.222690000	102.337639	0.0	0.0
6.589196	9.314670000	102.210608	0.0	0.0
6.654842	9.407570000	102.084847	0.0	0.0
6.721143	9.501380000	101.960342	0.0	0.0
6.788103	9.596130000	101.837081	0.0	0.0
6.855731	9.691820000	101.715047	0.0	0.0
6.924033	9.788460000	101.594228	0.0	0.0
6.993015	9.886060000	101.474610	0.0	0.0
7.062684	9.984640000	101.356181	0.0	0.0
7.133048	10.084200000	101.238923	0.0	0.0
7.204112	10.184700000	101.122829	0.0	0.0
7.275884	10.286300000	101.007882	0.0	0.0
7.348372	10.388800000	100.894069	0.0	0.0
7.421582	10.492400000	100.781379	0.0	0.0
7.495521	10.597000000	100.669798	0.0	0.0
7.570196	10.702600000	100.559317	0.0	0.0
7.645616	10.809300000	100.449918	0.0	0.0
7.721787	10.917100000	100.341594	0.0	0.0
7.798717	11.025900000	100.234330	0.0	0.0
7.876413	11.135800000	100.128116	0.0	0.0
7.954883	11.246800000	100.022940	0.0	0.0
8.034135	11.358900000	99.918789	0.0	0.0
8.114177	11.472100000	99.815653	0.0	0.0
8.195016	11.586400000	99.713520	0.0	0.0
8.276661	11.701900000	99.612379	0.0	0.0
8.359119	11.818500000	99.512219	0.0	0.0
8.442398	11.936300000	99.413030	0.0	0.0
8.526507	12.055300000	99.314800	0.0	0.0
8.611454	12.175400000	99.217519	0.0	0.0
8.697247	12.296800000	99.121177	0.0	0.0
8.783896	12.419300000	99.025761	0.0	0.0
8.871407	12.543100000	98.931265	0.0	0.0
8.959790	12.668100000	98.837675	0.0	0.0
9.049054	12.794300000	98.744982	0.0	0.0
9.139207	12.921800000	98.653178	0.0	0.0
9.230258	13.050600000	98.562251	0.0	0.0
9.322216	13.180700000	98.472192	0.0	0.0
9.415091	13.312000000	98.382990	0.0	0.0
9.508890	13.444700000	98.294638	0.0	0.0
9.603625	13.578600000	98.207125	0.0	0.0
9.699303	13.713900000	98.120442	0.0	0.0
9.795934	13.850600000	98.034581	0.0	0.0
9.893528	13.988600000	97.949530	0.0	0.0
9.992094	14.128000000	97.865283	0.0	0.0
10.091640	14.268800000	97.781832	0.0	0.0
10.192180	14.411000000	97.699163	0.0	0.0
10.293720	14.554500000	97.617273	0.0	0.0
10.396280	14.699600000	97.536143	0.0	0.0
10.499850	14.846000000	97.455782	0.0	0.0
10.604460	14.994000000	97.376165	0.0	0.0
10.710110	15.143400000	97.297293	0.0	0.0
10.816810	15.294300000	97.219156	0.0	0.0
10.924570	15.446600000	97.141748	0.0	0.0
11.033410	15.600500000	97.065053	0.0	0.0
11.143340	15.756000000	96.989064	0.0	0.0
11.254350	15.913000000	96.913787	0.0	0.0
11.366480	16.071500000	96.839195	0.0	0.0
11.479720	16.231600000	96.765295	0.0	0.0
11.594090	16.393400000	96.692071	0.0	0.0
11.709600	16.556700000	96.619519	0.0	0.0
11.826250	16.721700000	96.547637	0.0	0.0
11.944080	16.888300000	96.476400	0.0	0.0
12.063070	17.056500000	96.405820	0.0	0.0
12.183250	17.226500000	96.335879	0.0	0.0
12.304630	17.398100000	96.266571	0.0	0.0
12.427220	17.571500000	96.197889	0.0	0.0
12.551030	17.746500000	96.129829	0.0	0.0
12.676070	17.923300000	96.062383	0.0	0.0
12.802360	18.101900000	95.995541	0.0	0.0
12.929900	18.282300000	95.929303	0.0	0.0
13.058720	18.464400000	95.863652	0.0	0.0
13.188820	18.648400000	95.798589	0.0	0.0
13.320220	18.834100000	95.734102	0.0	0.0
13.452920	19.021800000	95.670193	0.0	0.0
13.586950	19.211300000	95.606846	0.0	0.0
13.722310	19.402700000	95.544060	0.0	0.0
13.859020	19.596000000	95.481827	0.0	0.0
13.997100	19.791200000	95.420137	0.0	0.0
14.136540	19.988400000	95.358994	0.0	0.0
14.277380	20.187500000	95.298381	0.0	0.0
14.419620	20.388700000	95.238297	0.0	0.0
14.563280	20.591800000	95.178733	0.0	0.0
14.708370	20.796900000	95.119686	0.0	0.0
14.854910	21.004100000	95.061147	0.0	0.0
15.002900	21.213400000	95.003115	0.0	0.0
15.152370	21.424700000	94.945580	0.0	0.0
15.303330	21.638200000	94.888536	0.0	0.0
15.455790	21.853700000	94.831980	0.0	0.0
15.609770	22.071500000	94.775904	0.0	0.0
15.765290	22.291400000	94.720300	0.0	0.0
15.922350	22.513400000	94.665170	0.0	0.0
16.080980	22.737700000	94.610501	0.0	0.0
16.241190	22.963700000	94.556291	0.0	0.0
16.403000	23.188000000	94.502532	0.0	0.0
16.566420	23.396700000	94.449221	0.0	0.0
16.731460	23.549100000	94.396354	0.0	0.0
16.898160	23.556000000	94.343919	0.0	0.0
17.066510	23.262700000	94.291919	0.0	0.0
17.236540	22.459000000	94.240344	0.0	0.0
17.408260	20.935900000	94.189191	0.0	0.0
17.581690	18.580300000	94.138454	0.0	0.0
17.756850	15.470500000	94.088127	0.0	0.0
17.933760	11.908400000	94.038204	0.0	0.0
18.112430	8.349570000	93.988682	0.0	0.0
18.292880	5.250720000	93.939556	0.0	0.0
18.475120	2.911160000	93.890822	0.0	0.0
18.659180	1.394280000	93.842474	0.0	0.0
18.845080	0.562045000	93.794504	0.0	0.0
19.032830	0.184009000	93.746911	0.0	0.0
19.222450	0.046407800	93.699689	0.0	0.0
19.413950	0.008267350	93.652837	0.0	0.0
19.607370	0.000881671	93.606343	0.0	0.0
19.802710	0.000036729	93.560208	0.0	0.0
20.000000	0.000000427	93.514425	0.0	0.0

