# UNCLASSIFIED
#
# Response info for FINES IDC High Frequency site.
#
# Effective: 2 Nov 2010
# Response Created: 9 Dec 2010
# File name: FINES.HH.1288656000
# Inid: 7543 7544 7545 
# Source:  James Neely (TTD), TSgt Gregory Swindle
# System equipment:  Guralp CMG-3T sensor and Nanometrics Europa-T digitizer
#
# This response file was derived from equations of state.
# Displacement response relative to 1.0 at 1.0 Hz.
#
# The calib values for this configuration are as follows:
#
# FIA1 HHZ is 0.011132 nm/count at 1.0 Hz.
# FIA1 HHN is 0.011190 nm/count at 1.0 Hz.
# FIA1 HHE is 0.011140 nm/count at 1.0 Hz.
#
# Freq(Hz)     Amp(counts/nm)   Phase(deg)  Error(amp)  Error(phase)
#
 theoretical  0       system    fap   J.Neely
1000
0.001000	0.000010005	261.867261	0.0	0.0
0.001011	0.000010328	261.779955	0.0	0.0
0.001021	0.000010662	261.691705	0.0	0.0
0.001032	0.000011007	261.602495	0.0	0.0
0.001043	0.000011363	261.512306	0.0	0.0
0.001054	0.000011730	261.421139	0.0	0.0
0.001066	0.000012109	261.328983	0.0	0.0
0.001077	0.000012501	261.235815	0.0	0.0
0.001089	0.000012905	261.141640	0.0	0.0
0.001100	0.000013322	261.046425	0.0	0.0
0.001112	0.000013753	260.950186	0.0	0.0
0.001124	0.000014197	260.852888	0.0	0.0
0.001136	0.000014656	260.754524	0.0	0.0
0.001148	0.000015130	260.655090	0.0	0.0
0.001160	0.000015619	260.554570	0.0	0.0
0.001172	0.000016124	260.452947	0.0	0.0
0.001185	0.000016646	260.350211	0.0	0.0
0.001198	0.000017184	260.246352	0.0	0.0
0.001210	0.000017739	260.141353	0.0	0.0
0.001223	0.000018313	260.035204	0.0	0.0
0.001236	0.000018905	259.927888	0.0	0.0
0.001250	0.000019516	259.819395	0.0	0.0
0.001263	0.000020147	259.709715	0.0	0.0
0.001276	0.000020798	259.598822	0.0	0.0
0.001290	0.000021471	259.486714	0.0	0.0
0.001304	0.000022165	259.373375	0.0	0.0
0.001318	0.000022881	259.258785	0.0	0.0
0.001332	0.000023621	259.142934	0.0	0.0
0.001346	0.000024384	259.025805	0.0	0.0
0.001360	0.000025173	258.907387	0.0	0.0
0.001375	0.000025986	258.787654	0.0	0.0
0.001389	0.000026826	258.666604	0.0	0.0
0.001404	0.000027694	258.544219	0.0	0.0
0.001419	0.000028589	258.420472	0.0	0.0
0.001434	0.000029513	258.295360	0.0	0.0
0.001450	0.000030467	258.168865	0.0	0.0
0.001465	0.000031452	258.040961	0.0	0.0
0.001481	0.000032468	257.911644	0.0	0.0
0.001496	0.000033518	257.780888	0.0	0.0
0.001512	0.000034601	257.648674	0.0	0.0
0.001529	0.000035719	257.515000	0.0	0.0
0.001545	0.000036874	257.379829	0.0	0.0
0.001561	0.000038066	257.243159	0.0	0.0
0.001578	0.000039296	257.104962	0.0	0.0
0.001595	0.000040566	256.965220	0.0	0.0
0.001612	0.000041877	256.823921	0.0	0.0
0.001629	0.000043230	256.681045	0.0	0.0
0.001646	0.000044628	256.536565	0.0	0.0
0.001664	0.000046070	256.390477	0.0	0.0
0.001682	0.000047559	256.242745	0.0	0.0
0.001700	0.000049095	256.093349	0.0	0.0
0.001718	0.000050682	255.942285	0.0	0.0
0.001736	0.000052320	255.789517	0.0	0.0
0.001755	0.000054010	255.635033	0.0	0.0
0.001773	0.000055755	255.478812	0.0	0.0
0.001792	0.000057557	255.320826	0.0	0.0
0.001811	0.000059417	255.161053	0.0	0.0
0.001831	0.000061336	254.999482	0.0	0.0
0.001850	0.000063318	254.836075	0.0	0.0
0.001870	0.000065364	254.670827	0.0	0.0
0.001890	0.000067475	254.503700	0.0	0.0
0.001910	0.000069655	254.334674	0.0	0.0
0.001930	0.000071905	254.163734	0.0	0.0
0.001951	0.000074228	253.990844	0.0	0.0
0.001972	0.000076626	253.815988	0.0	0.0
0.001993	0.000079101	253.639138	0.0	0.0
0.002014	0.000081655	253.460271	0.0	0.0
0.002035	0.000084293	253.279364	0.0	0.0
0.002057	0.000087015	253.096378	0.0	0.0
0.002079	0.000089825	252.911300	0.0	0.0
0.002101	0.000092725	252.724098	0.0	0.0
0.002124	0.000095719	252.534740	0.0	0.0
0.002146	0.000098810	252.343213	0.0	0.0
0.002169	0.000102000	252.149474	0.0	0.0
0.002192	0.000105293	251.953503	0.0	0.0
0.002216	0.000108692	251.755264	0.0	0.0
0.002239	0.000112201	251.554736	0.0	0.0
0.002263	0.000115822	251.351886	0.0	0.0
0.002287	0.000119560	251.146680	0.0	0.0
0.002312	0.000123419	250.939102	0.0	0.0
0.002336	0.000127402	250.729102	0.0	0.0
0.002361	0.000131513	250.516656	0.0	0.0
0.002386	0.000135756	250.301729	0.0	0.0
0.002412	0.000140135	250.084295	0.0	0.0
0.002438	0.000144656	249.864321	0.0	0.0
0.002464	0.000149322	249.641764	0.0	0.0
0.002490	0.000154137	249.416597	0.0	0.0
0.002516	0.000159108	249.188784	0.0	0.0
0.002543	0.000164238	248.958292	0.0	0.0
0.002570	0.000169533	248.725084	0.0	0.0
0.002598	0.000174999	248.489115	0.0	0.0
0.002625	0.000180639	248.250359	0.0	0.0
0.002653	0.000186461	248.008778	0.0	0.0
0.002682	0.000192469	247.764327	0.0	0.0
0.002710	0.000198670	247.516978	0.0	0.0
0.002739	0.000205070	247.266684	0.0	0.0
0.002768	0.000211675	247.013400	0.0	0.0
0.002798	0.000218491	246.757096	0.0	0.0
0.002828	0.000225526	246.497725	0.0	0.0
0.002858	0.000232786	246.235248	0.0	0.0
0.002888	0.000240278	245.969617	0.0	0.0
0.002919	0.000248010	245.700794	0.0	0.0
0.002950	0.000255989	245.428739	0.0	0.0
0.002982	0.000264223	245.153402	0.0	0.0
0.003014	0.000272720	244.874735	0.0	0.0
0.003046	0.000281488	244.592706	0.0	0.0
0.003078	0.000290535	244.307248	0.0	0.0
0.003111	0.000299872	244.018336	0.0	0.0
0.003144	0.000309505	243.725903	0.0	0.0
0.003178	0.000319445	243.429906	0.0	0.0
0.003212	0.000329702	243.130304	0.0	0.0
0.003246	0.000340285	242.827044	0.0	0.0
0.003281	0.000351204	242.520065	0.0	0.0
0.003316	0.000362469	242.209325	0.0	0.0
0.003351	0.000374092	241.894771	0.0	0.0
0.003387	0.000386084	241.576349	0.0	0.0
0.003423	0.000398455	241.254016	0.0	0.0
0.003459	0.000411218	240.927699	0.0	0.0
0.003496	0.000424384	240.597344	0.0	0.0
0.003533	0.000437966	240.262916	0.0	0.0
0.003571	0.000451977	239.924341	0.0	0.0
0.003609	0.000466429	239.581564	0.0	0.0
0.003648	0.000481336	239.234531	0.0	0.0
0.003687	0.000496712	238.883176	0.0	0.0
0.003726	0.000512571	238.527454	0.0	0.0
0.003766	0.000528927	238.167289	0.0	0.0
0.003806	0.000545796	237.802634	0.0	0.0
0.003846	0.000563192	237.433424	0.0	0.0
0.003887	0.000581132	237.059593	0.0	0.0
0.003929	0.000599632	236.681075	0.0	0.0
0.003971	0.000618708	236.297823	0.0	0.0
0.004013	0.000638377	235.909751	0.0	0.0
0.004056	0.000658657	235.516820	0.0	0.0
0.004099	0.000679566	235.118938	0.0	0.0
0.004143	0.000701121	234.716064	0.0	0.0
0.004187	0.000723342	234.308124	0.0	0.0
0.004232	0.000746248	233.895041	0.0	0.0
0.004277	0.000769858	233.476760	0.0	0.0
0.004322	0.000794192	233.053213	0.0	0.0
0.004368	0.000819272	232.624335	0.0	0.0
0.004415	0.000845119	232.190051	0.0	0.0
0.004462	0.000871752	231.750305	0.0	0.0
0.004510	0.000899196	231.305014	0.0	0.0
0.004558	0.000927471	230.854122	0.0	0.0
0.004606	0.000956602	230.397557	0.0	0.0
0.004656	0.000986611	229.935256	0.0	0.0
0.004705	0.001017520	229.467156	0.0	0.0
0.004755	0.001049360	228.993167	0.0	0.0
0.004806	0.001082150	228.513247	0.0	0.0
0.004857	0.001115910	228.027319	0.0	0.0
0.004909	0.001150680	227.535313	0.0	0.0
0.004961	0.001186470	227.037174	0.0	0.0
0.005014	0.001223320	226.532835	0.0	0.0
0.005068	0.001261250	226.022233	0.0	0.0
0.005122	0.001300290	225.505296	0.0	0.0
0.005176	0.001340460	224.981973	0.0	0.0
0.005232	0.001381790	224.452206	0.0	0.0
0.005287	0.001424320	223.915928	0.0	0.0
0.005344	0.001468070	223.373086	0.0	0.0
0.005401	0.001513060	222.823627	0.0	0.0
0.005458	0.001559340	222.267503	0.0	0.0
0.005517	0.001606910	221.704648	0.0	0.0
0.005575	0.001655830	221.135019	0.0	0.0
0.005635	0.001706110	220.558576	0.0	0.0
0.005695	0.001757790	219.975271	0.0	0.0
0.005756	0.001810890	219.385062	0.0	0.0
0.005817	0.001865450	218.787921	0.0	0.0
0.005879	0.001921490	218.183801	0.0	0.0
0.005942	0.001979040	217.572683	0.0	0.0
0.006005	0.002038140	216.954530	0.0	0.0
0.006069	0.002098800	216.329331	0.0	0.0
0.006134	0.002161070	215.697051	0.0	0.0
0.006199	0.002224970	215.057697	0.0	0.0
0.006265	0.002290530	214.411244	0.0	0.0
0.006332	0.002357770	213.757693	0.0	0.0
0.006400	0.002426730	213.097042	0.0	0.0
0.006468	0.002497430	212.429311	0.0	0.0
0.006537	0.002569890	211.754493	0.0	0.0
0.006607	0.002644150	211.072622	0.0	0.0
0.006677	0.002720220	210.383722	0.0	0.0
0.006748	0.002798130	209.687825	0.0	0.0
0.006820	0.002877900	208.984959	0.0	0.0
0.006893	0.002959560	208.275182	0.0	0.0
0.006967	0.003043120	207.558538	0.0	0.0
0.007041	0.003128610	206.835091	0.0	0.0
0.007116	0.003216040	206.104922	0.0	0.0
0.007192	0.003305430	205.368083	0.0	0.0
0.007269	0.003396790	204.624683	0.0	0.0
0.007346	0.003490140	203.874793	0.0	0.0
0.007424	0.003585500	203.118529	0.0	0.0
0.007504	0.003682870	202.356002	0.0	0.0
0.007584	0.003782260	201.587318	0.0	0.0
0.007664	0.003883680	200.812624	0.0	0.0
0.007746	0.003987130	200.032030	0.0	0.0
0.007829	0.004092620	199.245710	0.0	0.0
0.007912	0.004200160	198.453795	0.0	0.0
0.007997	0.004309730	197.656460	0.0	0.0
0.008082	0.004421340	196.853882	0.0	0.0
0.008168	0.004534990	196.046229	0.0	0.0
0.008255	0.004650660	195.233697	0.0	0.0
0.008343	0.004768360	194.416483	0.0	0.0
0.008432	0.004888060	193.594792	0.0	0.0
0.008522	0.005009770	192.768848	0.0	0.0
0.008613	0.005133460	191.938865	0.0	0.0
0.008705	0.005259120	191.105077	0.0	0.0
0.008798	0.005386730	190.267715	0.0	0.0
0.008891	0.005516280	189.427035	0.0	0.0
0.008986	0.005647730	188.583276	0.0	0.0
0.009082	0.005781080	187.736702	0.0	0.0
0.009179	0.005916290	186.887573	0.0	0.0
0.009277	0.006053340	186.036156	0.0	0.0
0.009376	0.006192210	185.182733	0.0	0.0
0.009476	0.006332850	184.327574	0.0	0.0
0.009577	0.006475250	183.470951	0.0	0.0
0.009679	0.006619380	182.613162	0.0	0.0
0.009782	0.006765190	181.754487	0.0	0.0
0.009886	0.006912670	180.895220	0.0	0.0
0.009992	0.007061770	180.035639	0.0	0.0
0.010098	0.007212470	179.176018	0.0	0.0
0.010206	0.007364720	178.316741	0.0	0.0
0.010315	0.007518500	177.457933	0.0	0.0
0.010425	0.007673770	176.600058	0.0	0.0
0.010536	0.007830490	175.743262	0.0	0.0
0.010648	0.007988640	174.887852	0.0	0.0
0.010762	0.008148180	174.034204	0.0	0.0
0.010877	0.008309080	173.182540	0.0	0.0
0.010993	0.008471290	172.333082	0.0	0.0
0.011110	0.008634810	171.486193	0.0	0.0
0.011228	0.008799580	170.642086	0.0	0.0
0.011348	0.008965580	169.800974	0.0	0.0
0.011469	0.009132790	168.963134	0.0	0.0
0.011592	0.009301170	168.128903	0.0	0.0
0.011715	0.009470700	167.298409	0.0	0.0
0.011840	0.009641360	166.471977	0.0	0.0
0.011966	0.009813110	165.649723	0.0	0.0
0.012094	0.009985950	164.831894	0.0	0.0
0.012223	0.010159800	164.018786	0.0	0.0
0.012353	0.010334800	163.210502	0.0	0.0
0.012485	0.010510700	162.407201	0.0	0.0
0.012618	0.010687700	161.609215	0.0	0.0
0.012753	0.010865700	160.816567	0.0	0.0
0.012889	0.011044600	160.029511	0.0	0.0
0.013026	0.011224600	159.248175	0.0	0.0
0.013165	0.011405500	158.472736	0.0	0.0
0.013305	0.011587300	157.703250	0.0	0.0
0.013447	0.011770100	156.939881	0.0	0.0
0.013591	0.011953900	156.182833	0.0	0.0
0.013736	0.012138600	155.432089	0.0	0.0
0.013882	0.012324300	154.687839	0.0	0.0
0.014030	0.012510900	153.950107	0.0	0.0
0.014180	0.012698500	153.219061	0.0	0.0
0.014331	0.012887100	152.494715	0.0	0.0
0.014484	0.013076700	151.777172	0.0	0.0
0.014638	0.013267200	151.066479	0.0	0.0
0.014794	0.013458700	150.362724	0.0	0.0
0.014952	0.013651300	149.665897	0.0	0.0
0.015111	0.013844800	148.976029	0.0	0.0
0.015273	0.014039400	148.293231	0.0	0.0
0.015435	0.014235100	147.617476	0.0	0.0
0.015600	0.014431800	146.948779	0.0	0.0
0.015766	0.014629700	146.287148	0.0	0.0
0.015935	0.014828600	145.632624	0.0	0.0
0.016104	0.015028700	144.985206	0.0	0.0
0.016276	0.015229900	144.344886	0.0	0.0
0.016450	0.015432300	143.711617	0.0	0.0
0.016625	0.015635900	143.085455	0.0	0.0
0.016802	0.015840800	142.466312	0.0	0.0
0.016982	0.016046900	141.854234	0.0	0.0
0.017163	0.016254200	141.249128	0.0	0.0
0.017346	0.016462900	140.650998	0.0	0.0
0.017531	0.016672900	140.059814	0.0	0.0
0.017718	0.016884300	139.475539	0.0	0.0
0.017907	0.017097100	138.898107	0.0	0.0
0.018098	0.017311300	138.327508	0.0	0.0
0.018291	0.017527000	137.763671	0.0	0.0
0.018486	0.017744100	137.206582	0.0	0.0
0.018683	0.017962700	136.656139	0.0	0.0
0.018882	0.018182900	136.112350	0.0	0.0
0.019083	0.018404700	135.575112	0.0	0.0
0.019287	0.018628100	135.044376	0.0	0.0
0.019492	0.018853100	134.520092	0.0	0.0
0.019700	0.019079900	134.002208	0.0	0.0
0.019910	0.019308300	133.490646	0.0	0.0
0.020123	0.019538500	132.985352	0.0	0.0
0.020337	0.019770400	132.486274	0.0	0.0
0.020554	0.020004200	131.993332	0.0	0.0
0.020773	0.020239800	131.506449	0.0	0.0
0.020995	0.020477300	131.025593	0.0	0.0
0.021219	0.020716700	130.550686	0.0	0.0
0.021445	0.020958100	130.081650	0.0	0.0
0.021674	0.021201500	129.618430	0.0	0.0
0.021905	0.021446900	129.160930	0.0	0.0
0.022138	0.021694300	128.709135	0.0	0.0
0.022375	0.021943900	128.262929	0.0	0.0
0.022613	0.022195500	127.822277	0.0	0.0
0.022854	0.022449400	127.387087	0.0	0.0
0.023098	0.022705500	126.957305	0.0	0.0
0.023344	0.022963800	126.532858	0.0	0.0
0.023593	0.023224400	126.113676	0.0	0.0
0.023845	0.023487300	125.699705	0.0	0.0
0.024099	0.023752500	125.290876	0.0	0.0
0.024356	0.024020200	124.887104	0.0	0.0
0.024616	0.024290200	124.488353	0.0	0.0
0.024878	0.024562800	124.094527	0.0	0.0
0.025144	0.024837800	123.705590	0.0	0.0
0.025412	0.025115400	123.321447	0.0	0.0
0.025683	0.025395600	122.942065	0.0	0.0
0.025957	0.025678400	122.567366	0.0	0.0
0.026233	0.025963800	122.197289	0.0	0.0
0.026513	0.026252000	121.831760	0.0	0.0
0.026796	0.026542800	121.470734	0.0	0.0
0.027082	0.026836500	121.114151	0.0	0.0
0.027370	0.027132900	120.761942	0.0	0.0
0.027662	0.027432200	120.414050	0.0	0.0
0.027957	0.027734400	120.070420	0.0	0.0
0.028255	0.028039600	119.730998	0.0	0.0
0.028557	0.028347700	119.395708	0.0	0.0
0.028861	0.028658800	119.064509	0.0	0.0
0.029169	0.028972900	118.737338	0.0	0.0
0.029480	0.029290200	118.414157	0.0	0.0
0.029794	0.029610500	118.094884	0.0	0.0
0.030112	0.029934100	117.779482	0.0	0.0
0.030433	0.030260800	117.467904	0.0	0.0
0.030758	0.030590800	117.160083	0.0	0.0
0.031086	0.030924100	116.855975	0.0	0.0
0.031417	0.031260800	116.555525	0.0	0.0
0.031752	0.031600800	116.258691	0.0	0.0
0.032091	0.031944200	115.965412	0.0	0.0
0.032433	0.032291100	115.675646	0.0	0.0
0.032779	0.032641600	115.389354	0.0	0.0
0.033128	0.032995500	115.106477	0.0	0.0
0.033482	0.033353100	114.826962	0.0	0.0
0.033839	0.033714300	114.550785	0.0	0.0
0.034200	0.034079200	114.277878	0.0	0.0
0.034564	0.034447700	114.008214	0.0	0.0
0.034933	0.034820100	113.741740	0.0	0.0
0.035305	0.035196300	113.478408	0.0	0.0
0.035682	0.035576300	113.218190	0.0	0.0
0.036062	0.035960300	112.961033	0.0	0.0
0.036447	0.036348200	112.706898	0.0	0.0
0.036836	0.036740100	112.455745	0.0	0.0
0.037228	0.037136100	112.207537	0.0	0.0
0.037625	0.037536100	111.962231	0.0	0.0
0.038027	0.037940300	111.719786	0.0	0.0
0.038432	0.038348700	111.480171	0.0	0.0
0.038842	0.038761300	111.243341	0.0	0.0
0.039256	0.039178100	111.009262	0.0	0.0
0.039675	0.039599400	110.777901	0.0	0.0
0.040098	0.040025000	110.549217	0.0	0.0
0.040525	0.040455000	110.323176	0.0	0.0
0.040957	0.040889600	110.099744	0.0	0.0
0.041394	0.041328700	109.878885	0.0	0.0
0.041836	0.041772300	109.660570	0.0	0.0
0.042282	0.042220600	109.444757	0.0	0.0
0.042733	0.042673600	109.231421	0.0	0.0
0.043188	0.043131300	109.020527	0.0	0.0
0.043649	0.043593900	108.812048	0.0	0.0
0.044114	0.044061300	108.605944	0.0	0.0
0.044585	0.044533500	108.402190	0.0	0.0
0.045060	0.045010800	108.200753	0.0	0.0
0.045541	0.045493100	108.001604	0.0	0.0
0.046026	0.045980400	107.804715	0.0	0.0
0.046517	0.046472900	107.610056	0.0	0.0
0.047013	0.046970500	107.417597	0.0	0.0
0.047515	0.047473400	107.227314	0.0	0.0
0.048021	0.047981600	107.039172	0.0	0.0
0.048533	0.048495100	106.853153	0.0	0.0
0.049051	0.049014100	106.669226	0.0	0.0
0.049574	0.049538600	106.487360	0.0	0.0
0.050103	0.050068500	106.307536	0.0	0.0
0.050637	0.050604100	106.129725	0.0	0.0
0.051177	0.051145400	105.953904	0.0	0.0
0.051723	0.051692300	105.780042	0.0	0.0
0.052274	0.052245100	105.608123	0.0	0.0
0.052832	0.052803700	105.438115	0.0	0.0
0.053395	0.053368200	105.269999	0.0	0.0
0.053964	0.053938600	105.103752	0.0	0.0
0.054540	0.054515100	104.939348	0.0	0.0
0.055121	0.055097800	104.776763	0.0	0.0
0.055709	0.055686600	104.615978	0.0	0.0
0.056303	0.056281600	104.456971	0.0	0.0
0.056904	0.056882900	104.299718	0.0	0.0
0.057510	0.057490700	104.144196	0.0	0.0
0.058124	0.058104800	103.990388	0.0	0.0
0.058744	0.058725500	103.838272	0.0	0.0
0.059370	0.059352800	103.687823	0.0	0.0
0.060003	0.059986700	103.539027	0.0	0.0
0.060643	0.060627300	103.391861	0.0	0.0
0.061290	0.061274800	103.246304	0.0	0.0
0.061943	0.061929100	103.102337	0.0	0.0
0.062604	0.062590400	102.959943	0.0	0.0
0.063271	0.063258700	102.819100	0.0	0.0
0.063946	0.063934100	102.679793	0.0	0.0
0.064628	0.064616700	102.542000	0.0	0.0
0.065317	0.065306500	102.405703	0.0	0.0
0.066014	0.066003700	102.270887	0.0	0.0
0.066718	0.066708200	102.137532	0.0	0.0
0.067429	0.067420300	102.005622	0.0	0.0
0.068148	0.068139900	101.875139	0.0	0.0
0.068875	0.068867200	101.746064	0.0	0.0
0.069609	0.069602200	101.618383	0.0	0.0
0.070351	0.070345100	101.492079	0.0	0.0
0.071102	0.071095800	101.367134	0.0	0.0
0.071860	0.071854500	101.243533	0.0	0.0
0.072626	0.072621300	101.121261	0.0	0.0
0.073401	0.073396300	101.000301	0.0	0.0
0.074183	0.074179500	100.880639	0.0	0.0
0.074974	0.074971000	100.762258	0.0	0.0
0.075774	0.075771000	100.645145	0.0	0.0
0.076582	0.076579500	100.529282	0.0	0.0
0.077399	0.077396600	100.414657	0.0	0.0
0.078224	0.078222300	100.301254	0.0	0.0
0.079058	0.079056900	100.189060	0.0	0.0
0.079901	0.079900400	100.078059	0.0	0.0
0.080753	0.080752800	99.968239	0.0	0.0
0.081614	0.081614400	99.859586	0.0	0.0
0.082485	0.082485000	99.752085	0.0	0.0
0.083364	0.083365000	99.645724	0.0	0.0
0.084253	0.084254400	99.540489	0.0	0.0
0.085152	0.085153200	99.436367	0.0	0.0
0.086060	0.086061500	99.333345	0.0	0.0
0.086977	0.086979600	99.231409	0.0	0.0
0.087905	0.087907500	99.130549	0.0	0.0
0.088842	0.088845200	99.030752	0.0	0.0
0.089790	0.089792900	98.932003	0.0	0.0
0.090747	0.090750700	98.834293	0.0	0.0
0.091715	0.091718700	98.737609	0.0	0.0
0.092693	0.092697100	98.641939	0.0	0.0
0.093681	0.093685800	98.547270	0.0	0.0
0.094680	0.094685100	98.453593	0.0	0.0
0.095690	0.095695000	98.360895	0.0	0.0
0.096710	0.096715800	98.269164	0.0	0.0
0.097742	0.097747300	98.178390	0.0	0.0
0.098784	0.098789900	98.088562	0.0	0.0
0.099837	0.099843600	97.999668	0.0	0.0
0.100902	0.100908000	97.911696	0.0	0.0
0.101978	0.101985000	97.824647	0.0	0.0
0.103066	0.103072000	97.738491	0.0	0.0
0.104165	0.104172000	97.653228	0.0	0.0
0.105275	0.105283000	97.568856	0.0	0.0
0.106398	0.106406000	97.485344	0.0	0.0
0.107533	0.107541000	97.402700	0.0	0.0
0.108679	0.108688000	97.320908	0.0	0.0
0.109838	0.109847000	97.239960	0.0	0.0
0.111010	0.111018000	97.159842	0.0	0.0
0.112193	0.112202000	97.080553	0.0	0.0
0.113390	0.113399000	97.002072	0.0	0.0
0.114599	0.114608000	96.924393	0.0	0.0
0.115821	0.115831000	96.847515	0.0	0.0
0.117056	0.117066000	96.771419	0.0	0.0
0.118304	0.118314000	96.696098	0.0	0.0
0.119566	0.119576000	96.621551	0.0	0.0
0.120841	0.120851000	96.547761	0.0	0.0
0.122129	0.122140000	96.474720	0.0	0.0
0.123432	0.123443000	96.402418	0.0	0.0
0.124748	0.124759000	96.330854	0.0	0.0
0.126078	0.126090000	96.260012	0.0	0.0
0.127423	0.127434000	96.189885	0.0	0.0
0.128782	0.128793000	96.120468	0.0	0.0
0.130155	0.130167000	96.051755	0.0	0.0
0.131543	0.131555000	95.983726	0.0	0.0
0.132945	0.132958000	95.916386	0.0	0.0
0.134363	0.134376000	95.849720	0.0	0.0
0.135796	0.135809000	95.783723	0.0	0.0
0.137244	0.137257000	95.718385	0.0	0.0
0.138708	0.138721000	95.653702	0.0	0.0
0.140187	0.140200000	95.589660	0.0	0.0
0.141682	0.141696000	95.526259	0.0	0.0
0.143192	0.143207000	95.463490	0.0	0.0
0.144719	0.144734000	95.401340	0.0	0.0
0.146263	0.146277000	95.339809	0.0	0.0
0.147822	0.147837000	95.278885	0.0	0.0
0.149399	0.149414000	95.218563	0.0	0.0
0.150992	0.151007000	95.158833	0.0	0.0
0.152602	0.152617000	95.099693	0.0	0.0
0.154229	0.154245000	95.041133	0.0	0.0
0.155874	0.155890000	94.983144	0.0	0.0
0.157536	0.157552000	94.925725	0.0	0.0
0.159216	0.159232000	94.868866	0.0	0.0
0.160914	0.160930000	94.812562	0.0	0.0
0.162630	0.162646000	94.756802	0.0	0.0
0.164364	0.164381000	94.701586	0.0	0.0
0.166117	0.166134000	94.646904	0.0	0.0
0.167888	0.167905000	94.592749	0.0	0.0
0.169678	0.169696000	94.539117	0.0	0.0
0.171488	0.171506000	94.486000	0.0	0.0
0.173317	0.173335000	94.433392	0.0	0.0
0.175165	0.175183000	94.381287	0.0	0.0
0.177033	0.177051000	94.329681	0.0	0.0
0.178921	0.178939000	94.278563	0.0	0.0
0.180828	0.180847000	94.227935	0.0	0.0
0.182757	0.182776000	94.177785	0.0	0.0
0.184706	0.184725000	94.128108	0.0	0.0
0.186675	0.186695000	94.078902	0.0	0.0
0.188666	0.188686000	94.030156	0.0	0.0
0.190678	0.190698000	93.981870	0.0	0.0
0.192711	0.192731000	93.934032	0.0	0.0
0.194766	0.194787000	93.886642	0.0	0.0
0.196843	0.196864000	93.839693	0.0	0.0
0.198942	0.198963000	93.793178	0.0	0.0
0.201064	0.201085000	93.747095	0.0	0.0
0.203208	0.203229000	93.701434	0.0	0.0
0.205375	0.205396000	93.656192	0.0	0.0
0.207565	0.207587000	93.611367	0.0	0.0
0.209778	0.209800000	93.566949	0.0	0.0
0.212015	0.212037000	93.522936	0.0	0.0
0.214276	0.214298000	93.479321	0.0	0.0
0.216561	0.216584000	93.436099	0.0	0.0
0.218870	0.218893000	93.393268	0.0	0.0
0.221204	0.221228000	93.350820	0.0	0.0
0.223563	0.223587000	93.308753	0.0	0.0
0.225947	0.225971000	93.267059	0.0	0.0
0.228357	0.228381000	93.225734	0.0	0.0
0.230792	0.230816000	93.184775	0.0	0.0
0.233253	0.233277000	93.144176	0.0	0.0
0.235740	0.235765000	93.103933	0.0	0.0
0.238254	0.238279000	93.064040	0.0	0.0
0.240795	0.240820000	93.024494	0.0	0.0
0.243362	0.243388000	92.985291	0.0	0.0
0.245958	0.245983000	92.946425	0.0	0.0
0.248580	0.248606000	92.907892	0.0	0.0
0.251231	0.251257000	92.869688	0.0	0.0
0.253910	0.253937000	92.831809	0.0	0.0
0.256618	0.256645000	92.794249	0.0	0.0
0.259354	0.259381000	92.757005	0.0	0.0
0.262120	0.262147000	92.720073	0.0	0.0
0.264915	0.264943000	92.683448	0.0	0.0
0.267740	0.267768000	92.647127	0.0	0.0
0.270595	0.270623000	92.611105	0.0	0.0
0.273481	0.273509000	92.575377	0.0	0.0
0.276397	0.276426000	92.539940	0.0	0.0
0.279344	0.279373000	92.504791	0.0	0.0
0.282323	0.282352000	92.469924	0.0	0.0
0.285334	0.285363000	92.435336	0.0	0.0
0.288377	0.288406000	92.401024	0.0	0.0
0.291452	0.291482000	92.366983	0.0	0.0
0.294560	0.294590000	92.333208	0.0	0.0
0.297701	0.297731000	92.299698	0.0	0.0
0.300875	0.300906000	92.266446	0.0	0.0
0.304084	0.304115000	92.233452	0.0	0.0
0.307327	0.307358000	92.200708	0.0	0.0
0.310604	0.310635000	92.168214	0.0	0.0
0.313916	0.313948000	92.135965	0.0	0.0
0.317263	0.317295000	92.103956	0.0	0.0
0.320647	0.320679000	92.072185	0.0	0.0
0.324066	0.324099000	92.040647	0.0	0.0
0.327522	0.327554000	92.009341	0.0	0.0
0.331014	0.331047000	91.978261	0.0	0.0
0.334544	0.334578000	91.947403	0.0	0.0
0.338112	0.338145000	91.916767	0.0	0.0
0.341717	0.341751000	91.886345	0.0	0.0
0.345361	0.345395000	91.856138	0.0	0.0
0.349044	0.349078000	91.826139	0.0	0.0
0.352766	0.352801000	91.796346	0.0	0.0
0.356528	0.356563000	91.766757	0.0	0.0
0.360330	0.360365000	91.737367	0.0	0.0
0.364172	0.364208000	91.708172	0.0	0.0
0.368056	0.368091000	91.679170	0.0	0.0
0.371980	0.372016000	91.650358	0.0	0.0
0.375947	0.375983000	91.621732	0.0	0.0
0.379956	0.379993000	91.593288	0.0	0.0
0.384008	0.384045000	91.565024	0.0	0.0
0.388103	0.388140000	91.536937	0.0	0.0
0.392241	0.392279000	91.509024	0.0	0.0
0.396424	0.396462000	91.481280	0.0	0.0
0.400651	0.400689000	91.453704	0.0	0.0
0.404924	0.404962000	91.426291	0.0	0.0
0.409242	0.409280000	91.399039	0.0	0.0
0.413606	0.413645000	91.371946	0.0	0.0
0.418016	0.418055000	91.345006	0.0	0.0
0.422474	0.422513000	91.318219	0.0	0.0
0.426979	0.427019000	91.291580	0.0	0.0
0.431532	0.431572000	91.265087	0.0	0.0
0.436134	0.436174000	91.238736	0.0	0.0
0.440785	0.440825000	91.212525	0.0	0.0
0.445485	0.445526000	91.186451	0.0	0.0
0.450236	0.450276000	91.160510	0.0	0.0
0.455037	0.455078000	91.134701	0.0	0.0
0.459889	0.459930000	91.109019	0.0	0.0
0.464793	0.464835000	91.083463	0.0	0.0
0.469750	0.469791000	91.058028	0.0	0.0
0.474759	0.474801000	91.032713	0.0	0.0
0.479822	0.479863000	91.007514	0.0	0.0
0.484939	0.484980000	90.982429	0.0	0.0
0.490110	0.490152000	90.957455	0.0	0.0
0.495336	0.495378000	90.932588	0.0	0.0
0.500618	0.500661000	90.907827	0.0	0.0
0.505957	0.505999000	90.883167	0.0	0.0
0.511352	0.511395000	90.858608	0.0	0.0
0.516805	0.516848000	90.834146	0.0	0.0
0.522316	0.522359000	90.809777	0.0	0.0
0.527886	0.527929000	90.785499	0.0	0.0
0.533515	0.533558000	90.761311	0.0	0.0
0.539204	0.539247000	90.737208	0.0	0.0
0.544954	0.544998000	90.713188	0.0	0.0
0.550765	0.550809000	90.689248	0.0	0.0
0.556639	0.556682000	90.665387	0.0	0.0
0.562574	0.562618000	90.641600	0.0	0.0
0.568574	0.568617000	90.617885	0.0	0.0
0.574637	0.574680000	90.594240	0.0	0.0
0.580764	0.580808000	90.570663	0.0	0.0
0.586958	0.587001000	90.547149	0.0	0.0
0.593217	0.593260000	90.523698	0.0	0.0
0.599543	0.599586000	90.500305	0.0	0.0
0.605936	0.605979000	90.476969	0.0	0.0
0.612397	0.612441000	90.453686	0.0	0.0
0.618928	0.618971000	90.430455	0.0	0.0
0.625528	0.625571000	90.407272	0.0	0.0
0.632198	0.632241000	90.384135	0.0	0.0
0.638940	0.638983000	90.361042	0.0	0.0
0.645753	0.645796000	90.337989	0.0	0.0
0.652640	0.652682000	90.314974	0.0	0.0
0.659599	0.659641000	90.291995	0.0	0.0
0.666633	0.666675000	90.269049	0.0	0.0
0.673742	0.673783000	90.246133	0.0	0.0
0.680926	0.680967000	90.223245	0.0	0.0
0.688187	0.688228000	90.200383	0.0	0.0
0.695526	0.695566000	90.177542	0.0	0.0
0.702943	0.702983000	90.154722	0.0	0.0
0.710439	0.710479000	90.131920	0.0	0.0
0.718015	0.718054000	90.109132	0.0	0.0
0.725671	0.725710000	90.086357	0.0	0.0
0.733410	0.733448000	90.063591	0.0	0.0
0.741231	0.741268000	90.040833	0.0	0.0
0.749135	0.749172000	90.018079	0.0	0.0
0.757123	0.757160000	89.995328	0.0	0.0
0.765197	0.765233000	89.972576	0.0	0.0
0.773357	0.773392000	89.949820	0.0	0.0
0.781604	0.781638000	89.927060	0.0	0.0
0.789939	0.789972000	89.904291	0.0	0.0
0.798362	0.798395000	89.881512	0.0	0.0
0.806876	0.806907000	89.858719	0.0	0.0
0.815480	0.815511000	89.835911	0.0	0.0
0.824176	0.824206000	89.813084	0.0	0.0
0.832965	0.832994000	89.790236	0.0	0.0
0.841847	0.841875000	89.767365	0.0	0.0
0.850825	0.850851000	89.744467	0.0	0.0
0.859898	0.859923000	89.721541	0.0	0.0
0.869067	0.869091000	89.698584	0.0	0.0
0.878335	0.878357000	89.675592	0.0	0.0
0.887701	0.887722000	89.652564	0.0	0.0
0.897167	0.897187000	89.629498	0.0	0.0
0.906734	0.906752000	89.606389	0.0	0.0
0.916403	0.916420000	89.583237	0.0	0.0
0.926176	0.926190000	89.560037	0.0	0.0
0.936052	0.936065000	89.536788	0.0	0.0
0.946034	0.946045000	89.513487	0.0	0.0
0.956122	0.956131000	89.490132	0.0	0.0
0.966318	0.966325000	89.466719	0.0	0.0
0.976622	0.976627000	89.443246	0.0	0.0
0.987037	0.987040000	89.419710	0.0	0.0
0.997562	0.997563000	89.396110	0.0	0.0
1.008200	1.008200000	89.372441	0.0	0.0
1.018951	1.018950000	89.348702	0.0	0.0
1.029817	1.029810000	89.324890	0.0	0.0
1.040799	1.040790000	89.301001	0.0	0.0
1.051897	1.051880000	89.277036	0.0	0.0
1.063114	1.063100000	89.252988	0.0	0.0
1.074451	1.074430000	89.228855	0.0	0.0
1.085909	1.085890000	89.204636	0.0	0.0
1.097489	1.097460000	89.180327	0.0	0.0
1.109192	1.109160000	89.155927	0.0	0.0
1.121020	1.120990000	89.131432	0.0	0.0
1.132974	1.132940000	89.106840	0.0	0.0
1.145056	1.145020000	89.082146	0.0	0.0
1.157266	1.157220000	89.057351	0.0	0.0
1.169607	1.169560000	89.032448	0.0	0.0
1.182079	1.182030000	89.007437	0.0	0.0
1.194685	1.194630000	88.982313	0.0	0.0
1.207425	1.207360000	88.957075	0.0	0.0
1.220300	1.220230000	88.931722	0.0	0.0
1.233313	1.233240000	88.906247	0.0	0.0
1.246465	1.246390000	88.880649	0.0	0.0
1.259757	1.259670000	88.854925	0.0	0.0
1.273190	1.273100000	88.829074	0.0	0.0
1.286767	1.286670000	88.803090	0.0	0.0
1.300489	1.300390000	88.776971	0.0	0.0
1.314357	1.314250000	88.750716	0.0	0.0
1.328373	1.328260000	88.724319	0.0	0.0
1.342538	1.342420000	88.697780	0.0	0.0
1.356855	1.356730000	88.671093	0.0	0.0
1.371324	1.371190000	88.644257	0.0	0.0
1.385947	1.385800000	88.617270	0.0	0.0
1.400726	1.400570000	88.590127	0.0	0.0
1.415663	1.415500000	88.562825	0.0	0.0
1.430760	1.430590000	88.535360	0.0	0.0
1.446017	1.445840000	88.507732	0.0	0.0
1.461437	1.461250000	88.479935	0.0	0.0
1.477021	1.476820000	88.451969	0.0	0.0
1.492771	1.492560000	88.423829	0.0	0.0
1.508690	1.508470000	88.395510	0.0	0.0
1.524778	1.524550000	88.367012	0.0	0.0
1.541038	1.540800000	88.338329	0.0	0.0
1.557471	1.557220000	88.309461	0.0	0.0
1.574079	1.573820000	88.280402	0.0	0.0
1.590865	1.590590000	88.251149	0.0	0.0
1.607830	1.607540000	88.221699	0.0	0.0
1.624975	1.624670000	88.192051	0.0	0.0
1.642303	1.641990000	88.162200	0.0	0.0
1.659816	1.659490000	88.132141	0.0	0.0
1.677516	1.677170000	88.101872	0.0	0.0
1.695404	1.695040000	88.071391	0.0	0.0
1.713484	1.713110000	88.040691	0.0	0.0
1.731756	1.731360000	88.009772	0.0	0.0
1.750223	1.749810000	87.978629	0.0	0.0
1.768887	1.768460000	87.947259	0.0	0.0
1.787749	1.787300000	87.915660	0.0	0.0
1.806814	1.806350000	87.883823	0.0	0.0
1.826081	1.825600000	87.851751	0.0	0.0
1.845554	1.845050000	87.819436	0.0	0.0
1.865234	1.864710000	87.786877	0.0	0.0
1.885124	1.884580000	87.754070	0.0	0.0
1.905227	1.904660000	87.721008	0.0	0.0
1.925543	1.924950000	87.687693	0.0	0.0
1.946077	1.945460000	87.654115	0.0	0.0
1.966829	1.966190000	87.620276	0.0	0.0
1.987803	1.987140000	87.586168	0.0	0.0
2.009000	2.008310000	87.551789	0.0	0.0
2.030424	2.029710000	87.517134	0.0	0.0
2.052075	2.051330000	87.482202	0.0	0.0
2.073958	2.073180000	87.446986	0.0	0.0
2.096074	2.095270000	87.411483	0.0	0.0
2.118426	2.117590000	87.375689	0.0	0.0
2.141016	2.140150000	87.339601	0.0	0.0
2.163848	2.162950000	87.303212	0.0	0.0
2.186922	2.185990000	87.266523	0.0	0.0
2.210243	2.209270000	87.229525	0.0	0.0
2.233812	2.232800000	87.192216	0.0	0.0
2.257633	2.256590000	87.154591	0.0	0.0
2.281708	2.280620000	87.116647	0.0	0.0
2.306039	2.304910000	87.078379	0.0	0.0
2.330630	2.329460000	87.039783	0.0	0.0
2.355483	2.354270000	87.000854	0.0	0.0
2.380601	2.379340000	86.961589	0.0	0.0
2.405987	2.404680000	86.921982	0.0	0.0
2.431644	2.430290000	86.882029	0.0	0.0
2.457574	2.456170000	86.841726	0.0	0.0
2.483781	2.482330000	86.801068	0.0	0.0
2.510267	2.508760000	86.760051	0.0	0.0
2.537036	2.535480000	86.718670	0.0	0.0
2.564090	2.562470000	86.676921	0.0	0.0
2.591433	2.589760000	86.634798	0.0	0.0
2.619067	2.617330000	86.592297	0.0	0.0
2.646996	2.645200000	86.549414	0.0	0.0
2.675223	2.673360000	86.506143	0.0	0.0
2.703751	2.701820000	86.462479	0.0	0.0
2.732583	2.730580000	86.418419	0.0	0.0
2.761722	2.759650000	86.373957	0.0	0.0
2.791172	2.789030000	86.329088	0.0	0.0
2.820937	2.818720000	86.283805	0.0	0.0
2.851018	2.848720000	86.238107	0.0	0.0
2.881421	2.879040000	86.191984	0.0	0.0
2.912147	2.909680000	86.145436	0.0	0.0
2.943201	2.940650000	86.098455	0.0	0.0
2.974587	2.971950000	86.051035	0.0	0.0
3.006307	3.003570000	86.003172	0.0	0.0
3.038365	3.035540000	85.954862	0.0	0.0
3.070766	3.067840000	85.906095	0.0	0.0
3.103511	3.100480000	85.856872	0.0	0.0
3.136606	3.133470000	85.807182	0.0	0.0
3.170054	3.166810000	85.757021	0.0	0.0
3.203858	3.200500000	85.706386	0.0	0.0
3.238023	3.234550000	85.655268	0.0	0.0
3.272553	3.268960000	85.603661	0.0	0.0
3.307450	3.303730000	85.551563	0.0	0.0
3.342720	3.338870000	85.498965	0.0	0.0
3.378366	3.374390000	85.445862	0.0	0.0
3.414392	3.410280000	85.392248	0.0	0.0
3.450802	3.446550000	85.338118	0.0	0.0
3.487600	3.483200000	85.283465	0.0	0.0
3.524791	3.520240000	85.228283	0.0	0.0
3.562378	3.557670000	85.172566	0.0	0.0
3.600366	3.595500000	85.116307	0.0	0.0
3.638759	3.633730000	85.059501	0.0	0.0
3.677562	3.672360000	85.002141	0.0	0.0
3.716778	3.711400000	84.944221	0.0	0.0
3.756413	3.750850000	84.885733	0.0	0.0
3.796470	3.790720000	84.826673	0.0	0.0
3.836955	3.831000000	84.767032	0.0	0.0
3.877871	3.871720000	84.706805	0.0	0.0
3.919223	3.912860000	84.645986	0.0	0.0
3.961017	3.954440000	84.584565	0.0	0.0
4.003256	3.996460000	84.522538	0.0	0.0
4.045945	4.038920000	84.459899	0.0	0.0
4.089090	4.081830000	84.396637	0.0	0.0
4.132695	4.125190000	84.332748	0.0	0.0
4.176765	4.169010000	84.268224	0.0	0.0
4.221304	4.213280000	84.203060	0.0	0.0
4.266319	4.258030000	84.137245	0.0	0.0
4.311814	4.303250000	84.070773	0.0	0.0
4.357794	4.348940000	84.003638	0.0	0.0
4.404264	4.395110000	83.935832	0.0	0.0
4.451230	4.441770000	83.867346	0.0	0.0
4.498696	4.488920000	83.798175	0.0	0.0
4.546669	4.536570000	83.728309	0.0	0.0
4.595153	4.584720000	83.657741	0.0	0.0
4.644155	4.633370000	83.586463	0.0	0.0
4.693678	4.682530000	83.514470	0.0	0.0
4.743730	4.732210000	83.441749	0.0	0.0
4.794316	4.782420000	83.368295	0.0	0.0
4.845441	4.833150000	83.294099	0.0	0.0
4.897112	4.884410000	83.219153	0.0	0.0
4.949333	4.936210000	83.143449	0.0	0.0
5.002111	4.988550000	83.066979	0.0	0.0
5.055452	5.041440000	82.989734	0.0	0.0
5.109362	5.094890000	82.911705	0.0	0.0
5.163847	5.148890000	82.832883	0.0	0.0
5.218912	5.203460000	82.753262	0.0	0.0
5.274565	5.258600000	82.672831	0.0	0.0
5.330812	5.314320000	82.591580	0.0	0.0
5.387658	5.370620000	82.509503	0.0	0.0
5.445110	5.427510000	82.426589	0.0	0.0
5.503175	5.485000000	82.342830	0.0	0.0
5.561859	5.543080000	82.258216	0.0	0.0
5.621169	5.601770000	82.172737	0.0	0.0
5.681112	5.661080000	82.086385	0.0	0.0
5.741693	5.721000000	81.999151	0.0	0.0
5.802921	5.781540000	81.911023	0.0	0.0
5.864802	5.842720000	81.821993	0.0	0.0
5.927342	5.904530000	81.732052	0.0	0.0
5.990549	5.966990000	81.641189	0.0	0.0
6.054431	6.030100000	81.549393	0.0	0.0
6.118994	6.093860000	81.456655	0.0	0.0
6.184245	6.158290000	81.362966	0.0	0.0
6.250192	6.223380000	81.268314	0.0	0.0
6.316842	6.289150000	81.172690	0.0	0.0
6.384203	6.355610000	81.076083	0.0	0.0
6.452282	6.422750000	80.978483	0.0	0.0
6.521087	6.490590000	80.879878	0.0	0.0
6.590626	6.559130000	80.780258	0.0	0.0
6.660906	6.628380000	80.679613	0.0	0.0
6.731936	6.698340000	80.577931	0.0	0.0
6.803724	6.769030000	80.475199	0.0	0.0
6.876276	6.840450000	80.371411	0.0	0.0
6.949603	6.912610000	80.266551	0.0	0.0
7.023711	6.985510000	80.160610	0.0	0.0
7.098610	7.059160000	80.053576	0.0	0.0
7.174308	7.133570000	79.945436	0.0	0.0
7.250812	7.208740000	79.836181	0.0	0.0
7.328133	7.284690000	79.725797	0.0	0.0
7.406278	7.361420000	79.614273	0.0	0.0
7.485256	7.438930000	79.501597	0.0	0.0
7.565077	7.517250000	79.387756	0.0	0.0
7.645748	7.596360000	79.272740	0.0	0.0
7.727280	7.676280000	79.156533	0.0	0.0
7.809682	7.757030000	79.039125	0.0	0.0
7.892962	7.838590000	78.920503	0.0	0.0
7.977130	7.920990000	78.800654	0.0	0.0
8.062196	8.004230000	78.679565	0.0	0.0
8.148168	8.088320000	78.557225	0.0	0.0
8.235058	8.173260000	78.433618	0.0	0.0
8.322874	8.259070000	78.308732	0.0	0.0
8.411627	8.345750000	78.182553	0.0	0.0
8.501326	8.433320000	78.055069	0.0	0.0
8.591981	8.521760000	77.926266	0.0	0.0
8.683604	8.611110000	77.796128	0.0	0.0
8.776203	8.701360000	77.664645	0.0	0.0
8.869790	8.792520000	77.531800	0.0	0.0
8.964375	8.884600000	77.397580	0.0	0.0
9.059968	8.977600000	77.261972	0.0	0.0
9.156581	9.071550000	77.124960	0.0	0.0
9.254224	9.166440000	76.986529	0.0	0.0
9.352908	9.262280000	76.846667	0.0	0.0
9.452645	9.359080000	76.705356	0.0	0.0
9.553445	9.456860000	76.562584	0.0	0.0
9.655320	9.555610000	76.418335	0.0	0.0
9.758281	9.655350000	76.272593	0.0	0.0
9.862340	9.756080000	76.125345	0.0	0.0
9.967510	9.857810000	75.976571	0.0	0.0
10.073800	9.960560000	75.826261	0.0	0.0
10.181220	10.064300000	75.674402	0.0	0.0
10.289790	10.169100000	75.520966	0.0	0.0
10.399520	10.275000000	75.365941	0.0	0.0
10.510420	10.381800000	75.209315	0.0	0.0
10.622500	10.489800000	75.051074	0.0	0.0
10.735770	10.598800000	74.891206	0.0	0.0
10.850260	10.708800000	74.729670	0.0	0.0
10.965960	10.820000000	74.566482	0.0	0.0
11.082900	10.932200000	74.401600	0.0	0.0
11.201080	11.045500000	74.235028	0.0	0.0
11.320530	11.160000000	74.066723	0.0	0.0
11.441250	11.275500000	73.896688	0.0	0.0
11.563250	11.392200000	73.724911	0.0	0.0
11.686560	11.510000000	73.551350	0.0	0.0
11.811180	11.629000000	73.376009	0.0	0.0
11.937130	11.749100000	73.198861	0.0	0.0
12.064430	11.870300000	73.019880	0.0	0.0
12.193080	11.992700000	72.839067	0.0	0.0
12.323100	12.116300000	72.656398	0.0	0.0
12.454510	12.241100000	72.471846	0.0	0.0
12.587320	12.367100000	72.285399	0.0	0.0
12.721550	12.494200000	72.097032	0.0	0.0
12.857210	12.622600000	71.906733	0.0	0.0
12.994310	12.752200000	71.714491	0.0	0.0
13.132880	12.883000000	71.520267	0.0	0.0
13.272930	13.015000000	71.324048	0.0	0.0
13.414460	13.148300000	71.125838	0.0	0.0
13.557510	13.282800000	70.925583	0.0	0.0
13.702090	13.418600000	70.723273	0.0	0.0
13.848200	13.555700000	70.518911	0.0	0.0
13.995870	13.694000000	70.312457	0.0	0.0
14.145120	13.833600000	70.103888	0.0	0.0
14.295960	13.974500000	69.893192	0.0	0.0
14.448410	14.116700000	69.680344	0.0	0.0
14.602480	14.260200000	69.465336	0.0	0.0
14.758200	14.404900000	69.248127	0.0	0.0
14.915570	14.551100000	69.028723	0.0	0.0
15.074630	14.698500000	68.807070	0.0	0.0
15.235380	14.847300000	68.583174	0.0	0.0
15.397850	14.997400000	68.356996	0.0	0.0
15.562040	15.148800000	68.128541	0.0	0.0
15.727990	15.301600000	67.897758	0.0	0.0
15.895710	15.455800000	67.664636	0.0	0.0
16.065220	15.611300000	67.429154	0.0	0.0
16.236530	15.768200000	67.191301	0.0	0.0
16.409680	15.926400000	66.951027	0.0	0.0
16.584660	16.086100000	66.708351	0.0	0.0
16.761520	16.247100000	66.463210	0.0	0.0
16.940260	16.409500000	66.215607	0.0	0.0
17.120900	16.573400000	65.965522	0.0	0.0
17.303470	16.738600000	65.712918	0.0	0.0
17.487990	16.905200000	65.457774	0.0	0.0
17.674480	17.073300000	65.200068	0.0	0.0
17.862960	17.242700000	64.939778	0.0	0.0
18.053440	17.413600000	64.676898	0.0	0.0
18.245960	17.585900000	64.411378	0.0	0.0
18.440530	17.759600000	64.143211	0.0	0.0
18.637170	17.934800000	63.872378	0.0	0.0
18.835910	18.111400000	63.598844	0.0	0.0
19.036770	18.289400000	63.322589	0.0	0.0
19.239780	18.468800000	63.043578	0.0	0.0
19.444940	18.649700000	62.761821	0.0	0.0
19.652300	18.832000000	62.477257	0.0	0.0
19.861860	19.015800000	62.189893	0.0	0.0
20.073660	19.201000000	61.899684	0.0	0.0
20.287720	19.387700000	61.606611	0.0	0.0
20.504070	19.575800000	61.310642	0.0	0.0
20.722720	19.765300000	61.011772	0.0	0.0
20.943700	19.956300000	60.709971	0.0	0.0
21.167030	20.148700000	60.405221	0.0	0.0
21.392750	20.342500000	60.097478	0.0	0.0
21.620880	20.537700000	59.786724	0.0	0.0
21.851440	20.734400000	59.472943	0.0	0.0
22.084450	20.932400000	59.156120	0.0	0.0
22.319960	21.131900000	58.836197	0.0	0.0
22.557970	21.332700000	58.513186	0.0	0.0
22.798520	21.534800000	58.187045	0.0	0.0
23.041640	21.738300000	57.857746	0.0	0.0
23.287350	21.943000000	57.525274	0.0	0.0
23.535680	22.148900000	57.189603	0.0	0.0
23.786650	22.356000000	56.850717	0.0	0.0
24.040310	22.564100000	56.508564	0.0	0.0
24.296660	22.773300000	56.163158	0.0	0.0
24.555760	22.983200000	55.814433	0.0	0.0
24.817610	23.193900000	55.462403	0.0	0.0
25.082260	23.405100000	55.107017	0.0	0.0
25.349730	23.616700000	54.748265	0.0	0.0
25.620050	23.828200000	54.386121	0.0	0.0
25.893260	24.039500000	54.020549	0.0	0.0
26.169370	24.250100000	53.651553	0.0	0.0
26.448440	24.459500000	53.279071	0.0	0.0
26.730470	24.667300000	52.903120	0.0	0.0
27.015520	24.872800000	52.523639	0.0	0.0
27.303600	25.075200000	52.140634	0.0	0.0
27.594760	25.273800000	51.754059	0.0	0.0
27.889020	25.467400000	51.363906	0.0	0.0
28.186420	25.654900000	50.970144	0.0	0.0
28.487000	25.835100000	50.572741	0.0	0.0
28.790770	26.006400000	50.171705	0.0	0.0
29.097790	26.167200000	49.766980	0.0	0.0
29.408080	26.315600000	49.358561	0.0	0.0
29.721680	26.449500000	48.946421	0.0	0.0
30.038620	26.566600000	48.530544	0.0	0.0
30.358940	26.664400000	48.110901	0.0	0.0
30.682680	26.740200000	47.687467	0.0	0.0
31.009870	26.791100000	47.260227	0.0	0.0
31.340550	26.814000000	46.829157	0.0	0.0
31.674760	26.805500000	46.394232	0.0	0.0
32.012530	26.762400000	45.955440	0.0	0.0
32.353900	26.681000000	45.512758	0.0	0.0
32.698910	26.558000000	45.066165	0.0	0.0
33.047610	26.389600000	44.615626	0.0	0.0
33.400010	26.172600000	44.161158	0.0	0.0
33.756180	25.903600000	43.702704	0.0	0.0
34.116150	25.579500000	43.240256	0.0	0.0
34.479950	25.197800000	42.773811	0.0	0.0
34.847640	24.756100000	42.303324	0.0	0.0
35.219240	24.252700000	41.828806	0.0	0.0
35.594810	23.686600000	41.350215	0.0	0.0
35.974380	23.057300000	40.867550	0.0	0.0
36.358000	22.365500000	40.380784	0.0	0.0
36.745710	21.612400000	39.889906	0.0	0.0
37.137560	20.800500000	39.394891	0.0	0.0
37.533580	19.933200000	38.895741	0.0	0.0
37.933830	19.014700000	38.392421	0.0	0.0
38.338340	18.050600000	37.884937	0.0	0.0
38.747170	17.047300000	37.373255	0.0	0.0
39.160360	16.012000000	36.857370	0.0	0.0
39.577950	14.952800000	36.337276	0.0	0.0
40.000000	13.878700000	35.812944	0.0	0.0

