# UNCLASSIFIED
#
# Response info for Sonseca broadband sites.
#
# Effective: 28 Dec. 2001
# File name: esdc_bb.txt
# Inid:  
# Source:  James Neely (CTI)
# System equipment:  Guralp CMG3-T Seismometer and Nanometrics HRD24 Digitizer.
# 
# The response file was derived from equations of state.
# Displacement response relative to 1.0 at 1.0 Hz.  The theoretical calib value
# for this configuration is 0.019894 nm/count at 1.0 Hz.
#
# Freq(Hz)      Amp(norm)       Phase(deg)  Error(amp)  Error(phase)
#
   theoretical   0   instrument   fap
221
0.00100		0.00000182039	339.3091573	0.0	0.0
0.00200		0.00002739825	319.1209902	0.0	0.0
0.00300		0.00012578073	299.8925661	0.0	0.0
0.00400		0.00034953589	281.9862431	0.0	0.0
0.00500		0.00073265674	265.6315246	0.0	0.0
0.00600		0.00128281487	250.9169618	0.0	0.0
0.00700		0.00198638662	237.8136139	0.0	0.0
0.00800		0.00281832534	226.2143785	0.0	0.0
0.00900		0.00375068104	215.9720724	0.0	0.0
0.01000		0.00475768315	206.9274823	0.0	0.0
0.02000		0.01602204037	155.8172467	0.0	0.0
0.03000		0.02708570556	135.0627845	0.0	0.0
0.04000		0.03774714454	124.1294187	0.0	0.0
0.05000		0.04818150535	117.4290681	0.0	0.0
0.06000		0.05848581772	112.9142611	0.0	0.0
0.07000		0.06871050326	109.6695060	0.0	0.0
0.08000		0.07888335605	107.2264521	0.0	0.0
0.09000		0.08902072354	105.3212757	0.0	0.0
0.10000		0.09913277874	103.7942447	0.0	0.0
0.20000		0.19967743154	96.8942577	0.0	0.0
0.30000		0.29989001921	94.5821287	0.0	0.0
0.40000		0.40000562353	93.4207780	0.0	0.0
0.50000		0.50007194645	92.7201161	0.0	0.0
0.60000		0.60010494679	92.2498765	0.0	0.0
0.70000		0.70011149810	91.9113295	0.0	0.0
0.80000		0.80009511866	91.6550987	0.0	0.0
0.90000		0.90005754401	91.4537490	0.0	0.0
1.00000		1.00000000000	91.2908178	0.0	0.0
1.10000		1.10009241365	91.1558280	0.0	0.0
1.20000		1.20019683887	91.0417949	0.0	0.0
1.30000		1.30031346292	90.9438826	0.0	0.0
1.40000		1.40044281407	90.8586367	0.0	0.0
1.42857		1.42905208559	90.8362361	0.0	0.0
1.50000		1.50058493057	90.7835241	0.0	0.0
1.60000		1.60073994487	90.7166449	0.0	0.0
1.70000		1.70090795838	90.6565462	0.0	0.0
1.80000		1.80108902520	90.6020979	0.0	0.0
1.90000		1.90128323866	90.5524079	0.0	0.0
2.00000		2.00149070552	90.5067624	0.0	0.0
2.10000		2.10150610813	90.4645837	0.0	0.0
2.20000		2.20151529489	90.4253990	0.0	0.0
2.30000		2.30151822326	90.3888179	0.0	0.0
2.40000		2.40151491531	90.3545148	0.0	0.0
2.50000		2.50150538946	90.3222165	0.0	0.0
2.60000		2.60148966124	90.2916915	0.0	0.0
2.70000		2.70146774376	90.2627430	0.0	0.0
2.80000		2.80143964819	90.2352019	0.0	0.0
2.85714		2.85856068565	90.2200399	0.0	0.0
2.90000		2.90140548428	90.2089226	0.0	0.0
3.00000		3.00136506326	90.1837791	0.0	0.0
3.10000		3.10136919081	90.1596613	0.0	0.0
3.20000		3.20137080856	90.1364731	0.0	0.0
3.30000		3.30136919597	90.1141301	0.0	0.0
3.40000		3.40136510606	90.0925576	0.0	0.0
3.50000		3.50135777093	90.0716895	0.0	0.0
3.60000		3.60134798858	90.0514673	0.0	0.0
3.70000		3.70133494410	90.0318385	0.0	0.0
3.80000		3.80131948070	90.0127563	0.0	0.0
3.90000		3.90130073671	89.9941786	0.0	0.0
4.00000		4.00127960077	89.9760675	0.0	0.0
4.10000		4.10155311751	89.9583891	0.0	0.0
4.20000		4.20183881634	89.9411122	0.0	0.0
4.30000		4.30213574340	89.9242091	0.0	0.0
4.40000		4.40244482900	89.9076540	0.0	0.0
4.50000		4.50276548918	89.8914239	0.0	0.0
4.60000		4.60309785863	89.8754975	0.0	0.0
4.70000		4.70344195440	89.8598556	0.0	0.0
4.80000		4.80379760679	89.8444802	0.0	0.0
4.90000		4.90416537131	89.8293550	0.0	0.0
5.00000		5.00454429394	89.8144651	0.0	0.0
5.10000		5.10421031246	89.7997967	0.0	0.0
5.20000		5.20385964611	89.7853368	0.0	0.0
5.30000		5.30349235801	89.7710738	0.0	0.0
5.40000		5.40310826694	89.7569967	0.0	0.0
5.50000		5.50270755802	89.7430954	0.0	0.0
5.60000		5.60229017207	89.7293604	0.0	0.0
5.70000		5.70185611093	89.7157829	0.0	0.0
5.80000		5.80140537637	89.7023549	0.0	0.0
5.90000		5.90093729078	89.6890688	0.0	0.0
6.00000		6.00045320316	89.6759174	0.0	0.0
6.10000		6.10097084261	89.6628941	0.0	0.0
6.20000		6.20150520575	89.6499927	0.0	0.0
6.30000		6.30205629421	89.6372074	0.0	0.0
6.40000		6.40262410959	89.6245328	0.0	0.0
6.50000		6.50320865346	89.6119638	0.0	0.0
6.60000		6.60380969931	89.5994955	0.0	0.0
6.66670		6.67091996473	89.5912329	0.0	0.0
6.70000		6.70442754698	89.5871235	0.0	0.0
6.80000		6.80506188809	89.5748435	0.0	0.0
6.90000		6.90571334975	89.5626515	0.0	0.0
7.00000		7.00638154750	89.5505437	0.0	0.0
7.10000		7.10613048788	89.5385166	0.0	0.0
7.20000		7.20587059724	89.5265668	0.0	0.0
7.30000		7.30560022791	89.5146911	0.0	0.0
7.40000		7.40532011280	89.5028866	0.0	0.0
7.50000		7.50503050770	89.4911504	0.0	0.0
7.60000		7.60473134948	89.4794797	0.0	0.0
7.70000		7.70442250037	89.4678721	0.0	0.0
7.80000		7.80410401289	89.4563251	0.0	0.0
7.90000		7.90377605152	89.4448364	0.0	0.0
8.00000		8.00343807027	89.4334038	0.0	0.0
8.10000		8.10345053698	89.4220253	0.0	0.0
8.20000		8.20346221577	89.4106988	0.0	0.0
8.30000		8.30347214993	89.3994225	0.0	0.0
8.40000		8.40348223916	89.3881947	0.0	0.0
8.50000		8.50349153826	89.3770134	0.0	0.0
8.60000		8.60350004646	89.3658773	0.0	0.0
8.70000		8.70350676100	89.3547846	0.0	0.0
8.80000		8.80351367366	89.3437340	0.0	0.0
8.90000		8.90351979314	89.3327240	0.0	0.0
9.00000		9.00352511869	89.3217532	0.0	0.0
9.10000		9.10410192061	89.3108204	0.0	0.0
9.20000		9.20469096029	89.2999243	0.0	0.0
9.30000		9.30529171622	89.2890637	0.0	0.0
9.40000		9.40590418518	89.2782375	0.0	0.0
9.50000		9.50652858285	89.2674446	0.0	0.0
9.60000		9.60716424931	89.2566840	0.0	0.0
9.70000		9.70781306743	89.2459547	0.0	0.0
9.80000		9.80847259484	89.2352557	0.0	0.0
9.90000		9.90914393785	89.2245861	0.0	0.0
10.00000	10.00982824911	89.2139450	0.0	0.0
10.10000	10.10907413829	89.2033316	0.0	0.0
10.20000	10.20830318578	89.1927450	0.0	0.0
10.30000	10.30751657962	89.1821845	0.0	0.0
10.40000	10.40671207895	89.1716493	0.0	0.0
10.50000	10.50589110571	89.1611388	0.0	0.0
10.60000	10.60505342729	89.1506521	0.0	0.0
10.70000	10.70419830902	89.1401886	0.0	0.0
10.80000	10.80332760076	89.1297478	0.0	0.0
10.90000	10.90243882766	89.1193289	0.0	0.0
11.00000	11.00153322342	89.1089313	0.0	0.0
11.10000	11.10230683158	89.0985546	0.0	0.0
11.20000	11.20309543309	89.0881981	0.0	0.0
11.30000	11.30389646050	89.0778613	0.0	0.0
11.40000	11.40471119259	89.0675436	0.0	0.0
11.50000	11.50553962992	89.0572446	0.0	0.0
11.60000	11.60638150582	89.0469638	0.0	0.0
11.70000	11.70723748780	89.0367008	0.0	0.0
11.80000	11.80810704310	89.0264550	0.0	0.0
11.90000	11.90899044301	89.0162261	0.0	0.0
12.00000	12.00988741504	89.0060136	0.0	0.0
12.10000	12.10985418653	88.9958170	0.0	0.0
12.20000	12.20981760369	88.9856361	0.0	0.0
12.30000	12.30978046562	88.9754705	0.0	0.0
12.40000	12.40973994858	88.9653197	0.0	0.0
12.50000	12.50969889769	88.9551834	0.0	0.0
12.60000	12.60965444318	88.9450613	0.0	0.0
12.70000	12.70960947620	88.9349530	0.0	0.0
12.80000	12.80956108096	88.9248583	0.0	0.0
12.90000	12.90951219464	88.9147767	0.0	0.0
13.00000	13.00945985540	88.9047080	0.0	0.0
13.10000	13.10876139397	88.8946519	0.0	0.0
13.20000	13.20805064595	88.8846081	0.0	0.0
13.30000	13.30732809015	88.8745763	0.0	0.0
13.40000	13.40659384956	88.8645563	0.0	0.0
13.50000	13.50584829960	88.8545478	0.0	0.0
13.60000	13.60509066758	88.8445506	0.0	0.0
13.70000	13.70431968462	88.8345643	0.0	0.0
13.80000	13.80353849504	88.8245888	0.0	0.0
13.90000	13.90274553268	88.8146238	0.0	0.0
14.00000	14.00194079773	88.8046692	0.0	0.0
14.10000	14.10283388890	88.7947246	0.0	0.0
14.20000	14.20373946344	88.7847899	0.0	0.0
14.30000	14.30465752167	88.7748648	0.0	0.0
14.40000	14.40558806389	88.7649492	0.0	0.0
14.50000	14.50653109042	88.7550429	0.0	0.0
14.60000	14.60748660155	88.7451456	0.0	0.0
14.70000	14.70845459759	88.7352573	0.0	0.0
14.80000	14.80943507885	88.7253776	0.0	0.0
14.90000	14.91042804563	88.7155065	0.0	0.0
15.00000	15.01143349825	88.7056437	0.0	0.0
15.10000	15.11049280109	88.6957892	0.0	0.0
15.20000	15.20953865800	88.6859427	0.0	0.0
15.30000	15.30857106948	88.6761040	0.0	0.0
15.40000	15.40759003604	88.6662731	0.0	0.0
15.50000	15.50659555818	88.6564498	0.0	0.0
15.60000	15.60558727708	88.6466338	0.0	0.0
15.70000	15.70456554802	88.6368252	0.0	0.0
15.80000	15.80353219095	88.6270237	0.0	0.0
15.90000	15.90248357888	88.6172293	0.0	0.0
16.00000	16.00142152037	88.6074417	0.0	0.0
16.10000	15.81727114997	88.5976609	0.0	0.0
16.20000	15.63401402750	88.5878867	0.0	0.0
16.30000	15.45229123969	88.5781190	0.0	0.0
16.40000	15.27210584004	88.5683577	0.0	0.0
16.50000	15.09346029405	88.5586027	0.0	0.0
16.60000	14.91635649904	88.5488538	0.0	0.0
16.70000	14.74079580354	88.5391110	0.0	0.0
16.80000	14.56677902604	88.5293741	0.0	0.0
16.90000	14.39596377454	88.5196430	0.0	0.0
17.00000	14.22501557967	88.5099177	0.0	0.0
17.10000	12.96730504152	88.5001980	0.0	0.0
17.20000	11.82039120301	88.4904839	0.0	0.0
17.30000	10.77455372976	88.4807752	0.0	0.0
17.40000	9.82092105568	88.4710718	0.0	0.0
17.50000	8.95139667109	88.4613737	0.0	0.0
17.60000	8.15859177199	88.4516807	0.0	0.0
17.70000	7.43576372563	88.4419929	0.0	0.0
17.80000	6.77675985369	88.4323100	0.0	0.0
17.90000	6.17596607699	88.4226320	0.0	0.0
18.00000	5.62826000411	88.4129588	0.0	0.0
18.10000	4.38762999165	88.4032904	0.0	0.0
18.20000	3.42075982484	88.3936267	0.0	0.0
18.30000	2.66687129512	88.3839675	0.0	0.0
18.40000	2.07906736330	88.3743129	0.0	0.0
18.50000	1.62058657174	88.3646627	0.0	0.0
18.60000	1.26331955926	88.3550168	0.0	0.0
18.70000	0.98478550923	88.3453753	0.0	0.0
18.80000	0.76764010817	88.3357380	0.0	0.0
18.90000	0.59828949494	88.3261048	0.0	0.0
19.00000	0.46634028882	88.3164758	0.0	0.0
19.10000	0.19899055604	88.3068508	0.0	0.0
19.20000	0.08490828866	88.2972297	0.0	0.0
19.30000	0.03622896502	88.2876126	0.0	0.0
19.40000	0.01545788622	88.2779993	0.0	0.0
19.50000	0.00659527251	88.2683898	0.0	0.0
19.60000	0.00281386955	88.2587841	0.0	0.0
19.70000	0.00120050471	88.2491820	0.0	0.0
19.80000	0.00051216817	88.2395835	0.0	0.0
19.90000	0.00021849939	88.2299886	0.0	0.0
20.00000	0.00009320236	88.2203972	0.0	0.0
