# UNCLASSIFIED
#
# Response info for MLR broad-band site.
#
# Effective: 03 JUL 2003
# Created: 13 JAN 2009
# File name: MLR.BB.1220227200
# Source:  James Neely (TTD), TSgt Walkup (TTD), TSgt Rawlins (TTD), TSgt Swindle
# System equipment: Strekeisen STS-2 and Quanterra 330 digitizer.
#
# The response file was derived from equations of state.
# Displacement response relative to 1.0 at 1.0 Hz.
#
# The calib values for this configuration are as follows:
#
# MLR BHZ is 0.063257 nm/count at 1.00 Hz.
# MLR BHN is 0.063257 nm/count at 1.00 Hz.
# MLR BHE is 0.063257 nm/count at 1.00 Hz.
#
# Freq(Hz)    Ampl(counts/nm)   Phase(deg)  Error(amp) Error(phase)
#
 theoretical   0   instrument   fap
1000
0.001000	0.000014219	260.223994	0.0	0.0
0.001010	0.000014648	260.125667	0.0	0.0
0.001020	0.000015090	260.026334	0.0	0.0
0.001030	0.000015546	259.925987	0.0	0.0
0.001040	0.000016015	259.824612	0.0	0.0
0.001051	0.000016498	259.722190	0.0	0.0
0.001061	0.000016996	259.618719	0.0	0.0
0.001072	0.000017509	259.514188	0.0	0.0
0.001083	0.000018038	259.408576	0.0	0.0
0.001093	0.000018582	259.301882	0.0	0.0
0.001104	0.000019143	259.194095	0.0	0.0
0.001115	0.000019721	259.085193	0.0	0.0
0.001126	0.000020316	258.975165	0.0	0.0
0.001138	0.000020929	258.864009	0.0	0.0
0.001149	0.000021561	258.751705	0.0	0.0
0.001160	0.000022211	258.638241	0.0	0.0
0.001172	0.000022882	258.523605	0.0	0.0
0.001184	0.000023572	258.407786	0.0	0.0
0.001195	0.000024283	258.290762	0.0	0.0
0.001207	0.000025016	258.172531	0.0	0.0
0.001219	0.000025771	258.053083	0.0	0.0
0.001231	0.000026549	257.932385	0.0	0.0
0.001244	0.000027350	257.810445	0.0	0.0
0.001256	0.000028175	257.687231	0.0	0.0
0.001269	0.000029026	257.562743	0.0	0.0
0.001281	0.000029901	257.436957	0.0	0.0
0.001294	0.000030804	257.309871	0.0	0.0
0.001307	0.000031733	257.181454	0.0	0.0
0.001320	0.000032691	257.051703	0.0	0.0
0.001333	0.000033677	256.920597	0.0	0.0
0.001346	0.000034693	256.788122	0.0	0.0
0.001360	0.000035740	256.654256	0.0	0.0
0.001373	0.000036818	256.518997	0.0	0.0
0.001387	0.000037929	256.382323	0.0	0.0
0.001401	0.000039074	256.244221	0.0	0.0
0.001415	0.000040252	256.104667	0.0	0.0
0.001429	0.000041467	255.963650	0.0	0.0
0.001443	0.000042718	255.821157	0.0	0.0
0.001457	0.000044007	255.677163	0.0	0.0
0.001472	0.000045334	255.531648	0.0	0.0
0.001487	0.000046702	255.384606	0.0	0.0
0.001501	0.000048111	255.236016	0.0	0.0
0.001516	0.000049562	255.085854	0.0	0.0
0.001532	0.000051057	254.934106	0.0	0.0
0.001547	0.000052597	254.780759	0.0	0.0
0.001562	0.000054183	254.625789	0.0	0.0
0.001578	0.000055817	254.469172	0.0	0.0
0.001593	0.000057501	254.310895	0.0	0.0
0.001609	0.000059235	254.150934	0.0	0.0
0.001625	0.000061021	253.989284	0.0	0.0
0.001642	0.000062862	253.825902	0.0	0.0
0.001658	0.000064757	253.660783	0.0	0.0
0.001674	0.000066710	253.493913	0.0	0.0
0.001691	0.000068721	253.325246	0.0	0.0
0.001708	0.000070793	253.154789	0.0	0.0
0.001725	0.000072928	252.982507	0.0	0.0
0.001742	0.000075127	252.808374	0.0	0.0
0.001760	0.000077391	252.632375	0.0	0.0
0.001777	0.000079724	252.454486	0.0	0.0
0.001795	0.000082128	252.274681	0.0	0.0
0.001813	0.000084603	252.092943	0.0	0.0
0.001831	0.000087153	251.909248	0.0	0.0
0.001849	0.000089780	251.723570	0.0	0.0
0.001867	0.000092485	251.535882	0.0	0.0
0.001886	0.000095272	251.346168	0.0	0.0
0.001905	0.000098143	251.154393	0.0	0.0
0.001924	0.000101100	250.960549	0.0	0.0
0.001943	0.000104146	250.764589	0.0	0.0
0.001962	0.000107283	250.566497	0.0	0.0
0.001982	0.000110515	250.366246	0.0	0.0
0.002002	0.000113844	250.163818	0.0	0.0
0.002022	0.000117273	249.959165	0.0	0.0
0.002042	0.000120804	249.752291	0.0	0.0
0.002062	0.000124442	249.543137	0.0	0.0
0.002083	0.000128189	249.331696	0.0	0.0
0.002103	0.000132048	249.117927	0.0	0.0
0.002124	0.000136023	248.901815	0.0	0.0
0.002145	0.000140117	248.683308	0.0	0.0
0.002167	0.000144334	248.462400	0.0	0.0
0.002188	0.000148677	248.239049	0.0	0.0
0.002210	0.000153150	248.013228	0.0	0.0
0.002232	0.000157758	247.784906	0.0	0.0
0.002254	0.000162503	247.554042	0.0	0.0
0.002277	0.000167391	247.320619	0.0	0.0
0.002300	0.000172424	247.084594	0.0	0.0
0.002322	0.000177608	246.845937	0.0	0.0
0.002346	0.000182948	246.604617	0.0	0.0
0.002369	0.000188446	246.360594	0.0	0.0
0.002393	0.000194109	246.113834	0.0	0.0
0.002416	0.000199942	245.864319	0.0	0.0
0.002441	0.000205948	245.611983	0.0	0.0
0.002465	0.000212133	245.356817	0.0	0.0
0.002489	0.000218503	245.098777	0.0	0.0
0.002514	0.000225063	244.837820	0.0	0.0
0.002539	0.000231819	244.573914	0.0	0.0
0.002565	0.000238775	244.307015	0.0	0.0
0.002590	0.000245939	244.037099	0.0	0.0
0.002616	0.000253315	243.764113	0.0	0.0
0.002642	0.000260911	243.488023	0.0	0.0
0.002668	0.000268733	243.208782	0.0	0.0
0.002695	0.000276787	242.926358	0.0	0.0
0.002722	0.000285080	242.640705	0.0	0.0
0.002749	0.000293618	242.351778	0.0	0.0
0.002776	0.000302410	242.059551	0.0	0.0
0.002804	0.000311462	241.763957	0.0	0.0
0.002832	0.000320782	241.464971	0.0	0.0
0.002860	0.000330377	241.162548	0.0	0.0
0.002888	0.000340255	240.856638	0.0	0.0
0.002917	0.000350426	240.547197	0.0	0.0
0.002946	0.000360896	240.234175	0.0	0.0
0.002976	0.000371674	239.917526	0.0	0.0
0.003005	0.000382770	239.597223	0.0	0.0
0.003035	0.000394191	239.273185	0.0	0.0
0.003066	0.000405948	238.945397	0.0	0.0
0.003096	0.000418050	238.613788	0.0	0.0
0.003127	0.000430507	238.278321	0.0	0.0
0.003158	0.000443328	237.938946	0.0	0.0
0.003190	0.000456523	237.595603	0.0	0.0
0.003221	0.000470104	237.248254	0.0	0.0
0.003253	0.000484081	236.896839	0.0	0.0
0.003286	0.000498464	236.541320	0.0	0.0
0.003319	0.000513266	236.181623	0.0	0.0
0.003352	0.000528497	235.817723	0.0	0.0
0.003385	0.000544169	235.449546	0.0	0.0
0.003419	0.000560295	235.077044	0.0	0.0
0.003453	0.000576886	234.700176	0.0	0.0
0.003487	0.000593956	234.318873	0.0	0.0
0.003522	0.000611517	233.933083	0.0	0.0
0.003557	0.000629582	233.542769	0.0	0.0
0.003592	0.000648165	233.147847	0.0	0.0
0.003628	0.000667280	232.748290	0.0	0.0
0.003664	0.000686940	232.344027	0.0	0.0
0.003701	0.000707160	231.935009	0.0	0.0
0.003738	0.000727954	231.521188	0.0	0.0
0.003775	0.000749338	231.102493	0.0	0.0
0.003813	0.000771327	230.678876	0.0	0.0
0.003851	0.000793935	230.250279	0.0	0.0
0.003889	0.000817180	229.816654	0.0	0.0
0.003928	0.000841076	229.377933	0.0	0.0
0.003967	0.000865640	228.934082	0.0	0.0
0.004006	0.000890889	228.485034	0.0	0.0
0.004046	0.000916840	228.030732	0.0	0.0
0.004087	0.000943510	227.571122	0.0	0.0
0.004127	0.000970916	227.106163	0.0	0.0
0.004168	0.000999076	226.635802	0.0	0.0
0.004210	0.001028010	226.159964	0.0	0.0
0.004252	0.001057730	225.678622	0.0	0.0
0.004294	0.001088260	225.191716	0.0	0.0
0.004337	0.001119620	224.699199	0.0	0.0
0.004380	0.001151820	224.201024	0.0	0.0
0.004424	0.001184890	223.697136	0.0	0.0
0.004468	0.001218840	223.187493	0.0	0.0
0.004512	0.001253690	222.672065	0.0	0.0
0.004557	0.001289470	222.150792	0.0	0.0
0.004603	0.001326190	221.623636	0.0	0.0
0.004649	0.001363870	221.090564	0.0	0.0
0.004695	0.001402530	220.551532	0.0	0.0
0.004742	0.001442200	220.006501	0.0	0.0
0.004789	0.001482880	219.455443	0.0	0.0
0.004837	0.001524610	218.898336	0.0	0.0
0.004885	0.001567400	218.335148	0.0	0.0
0.004934	0.001611270	217.765839	0.0	0.0
0.004983	0.001656240	217.190406	0.0	0.0
0.005032	0.001702330	216.608817	0.0	0.0
0.005082	0.001749560	216.021055	0.0	0.0
0.005133	0.001797950	215.427116	0.0	0.0
0.005184	0.001847510	214.826979	0.0	0.0
0.005236	0.001898280	214.220651	0.0	0.0
0.005288	0.001950260	213.608120	0.0	0.0
0.005341	0.002003470	212.989400	0.0	0.0
0.005394	0.002057940	212.364490	0.0	0.0
0.005448	0.002113670	211.733402	0.0	0.0
0.005502	0.002170690	211.096144	0.0	0.0
0.005557	0.002229020	210.452742	0.0	0.0
0.005612	0.002288660	209.803236	0.0	0.0
0.005668	0.002349640	209.147640	0.0	0.0
0.005725	0.002411960	208.485995	0.0	0.0
0.005782	0.002475650	207.818339	0.0	0.0
0.005839	0.002540720	207.144725	0.0	0.0
0.005897	0.002607170	206.465216	0.0	0.0
0.005956	0.002675020	205.779844	0.0	0.0
0.006015	0.002744280	205.088706	0.0	0.0
0.006075	0.002814970	204.391850	0.0	0.0
0.006136	0.002887090	203.689365	0.0	0.0
0.006197	0.002960640	202.981334	0.0	0.0
0.006259	0.003035640	202.267850	0.0	0.0
0.006321	0.003112090	201.549010	0.0	0.0
0.006384	0.003190000	200.824921	0.0	0.0
0.006448	0.003269360	200.095687	0.0	0.0
0.006512	0.003350190	199.361439	0.0	0.0
0.006577	0.003432480	198.622294	0.0	0.0
0.006642	0.003516240	197.878379	0.0	0.0
0.006708	0.003601460	197.129848	0.0	0.0
0.006775	0.003688140	196.376830	0.0	0.0
0.006843	0.003776280	195.619494	0.0	0.0
0.006911	0.003865870	194.857986	0.0	0.0
0.006980	0.003956910	194.092476	0.0	0.0
0.007049	0.004049380	193.323135	0.0	0.0
0.007120	0.004143290	192.550139	0.0	0.0
0.007191	0.004238620	191.773670	0.0	0.0
0.007262	0.004335360	190.993928	0.0	0.0
0.007335	0.004433500	190.211098	0.0	0.0
0.007408	0.004533020	189.425381	0.0	0.0
0.007481	0.004633920	188.636995	0.0	0.0
0.007556	0.004736170	187.846131	0.0	0.0
0.007631	0.004839760	187.053007	0.0	0.0
0.007707	0.004944680	186.257856	0.0	0.0
0.007784	0.005050900	185.460884	0.0	0.0
0.007862	0.005158400	184.662321	0.0	0.0
0.007940	0.005267170	183.862393	0.0	0.0
0.008019	0.005377190	183.061336	0.0	0.0
0.008099	0.005488440	182.259381	0.0	0.0
0.008180	0.005600880	181.456761	0.0	0.0
0.008261	0.005714520	180.653721	0.0	0.0
0.008343	0.005829310	179.850478	0.0	0.0
0.008426	0.005945230	179.047287	0.0	0.0
0.008510	0.006062270	178.244370	0.0	0.0
0.008595	0.006180410	177.441973	0.0	0.0
0.008681	0.006299610	176.640326	0.0	0.0
0.008767	0.006419860	175.839666	0.0	0.0
0.008855	0.006541130	175.040230	0.0	0.0
0.008943	0.006663400	174.242234	0.0	0.0
0.009032	0.006786650	173.445912	0.0	0.0
0.009122	0.006910860	172.651495	0.0	0.0
0.009213	0.007036000	171.859192	0.0	0.0
0.009305	0.007162050	171.069230	0.0	0.0
0.009397	0.007289000	170.281819	0.0	0.0
0.009491	0.007416830	169.497162	0.0	0.0
0.009586	0.007545510	168.715463	0.0	0.0
0.009681	0.007675020	167.936923	0.0	0.0
0.009777	0.007805360	167.161738	0.0	0.0
0.009875	0.007936500	166.390091	0.0	0.0
0.009973	0.008068430	165.622160	0.0	0.0
0.010073	0.008201130	164.858096	0.0	0.0
0.010173	0.008334600	164.098135	0.0	0.0
0.010274	0.008468810	163.342400	0.0	0.0
0.010377	0.008603750	162.591048	0.0	0.0
0.010480	0.008739430	161.844228	0.0	0.0
0.010584	0.008875820	161.102086	0.0	0.0
0.010690	0.009012920	160.364759	0.0	0.0
0.010796	0.009150720	159.632379	0.0	0.0
0.010904	0.009289220	158.905072	0.0	0.0
0.011013	0.009428410	158.182957	0.0	0.0
0.011122	0.009568290	157.466084	0.0	0.0
0.011233	0.009708850	156.754624	0.0	0.0
0.011345	0.009850100	156.048678	0.0	0.0
0.011458	0.009992040	155.348279	0.0	0.0
0.011572	0.010134700	154.653578	0.0	0.0
0.011688	0.010278000	153.964596	0.0	0.0
0.011804	0.010422000	153.281412	0.0	0.0
0.011922	0.010566700	152.604098	0.0	0.0
0.012040	0.010712100	151.932720	0.0	0.0
0.012160	0.010858200	151.267282	0.0	0.0
0.012281	0.011005000	150.607896	0.0	0.0
0.012404	0.011152500	149.954611	0.0	0.0
0.012527	0.011300800	149.307364	0.0	0.0
0.012652	0.011449800	148.666301	0.0	0.0
0.012778	0.011599600	148.031355	0.0	0.0
0.012906	0.011750100	147.402556	0.0	0.0
0.013034	0.011901400	146.779982	0.0	0.0
0.013164	0.012053500	146.163557	0.0	0.0
0.013295	0.012206400	145.553348	0.0	0.0
0.013428	0.012360100	144.949368	0.0	0.0
0.013561	0.012514600	144.351535	0.0	0.0
0.013696	0.012670000	143.759905	0.0	0.0
0.013833	0.012826200	143.174477	0.0	0.0
0.013971	0.012983400	142.595210	0.0	0.0
0.014110	0.013141400	142.022060	0.0	0.0
0.014250	0.013300300	141.455062	0.0	0.0
0.014392	0.013460200	140.894128	0.0	0.0
0.014536	0.013621000	140.339325	0.0	0.0
0.014681	0.013782800	139.790524	0.0	0.0
0.014827	0.013945600	139.247747	0.0	0.0
0.014975	0.014109300	138.710940	0.0	0.0
0.015124	0.014274200	138.180119	0.0	0.0
0.015275	0.014440000	137.655156	0.0	0.0
0.015427	0.014606900	137.136097	0.0	0.0
0.015580	0.014775000	136.622849	0.0	0.0
0.015736	0.014944100	136.115352	0.0	0.0
0.015892	0.015114400	135.613613	0.0	0.0
0.016051	0.015285800	135.117569	0.0	0.0
0.016211	0.015458400	134.627160	0.0	0.0
0.016372	0.015632200	134.142353	0.0	0.0
0.016535	0.015807300	133.663088	0.0	0.0
0.016700	0.015983500	133.189330	0.0	0.0
0.016866	0.016161100	132.720988	0.0	0.0
0.017034	0.016339900	132.258058	0.0	0.0
0.017204	0.016520100	131.800449	0.0	0.0
0.017375	0.016701600	131.348125	0.0	0.0
0.017549	0.016884400	130.901025	0.0	0.0
0.017723	0.017068700	130.459114	0.0	0.0
0.017900	0.017254300	130.022327	0.0	0.0
0.018078	0.017441400	129.590605	0.0	0.0
0.018258	0.017629900	129.163886	0.0	0.0
0.018440	0.017820000	128.742112	0.0	0.0
0.018624	0.018011500	128.325266	0.0	0.0
0.018810	0.018204500	127.913245	0.0	0.0
0.018997	0.018399200	127.506033	0.0	0.0
0.019186	0.018595300	127.103551	0.0	0.0
0.019377	0.018793100	126.705740	0.0	0.0
0.019570	0.018992500	126.312564	0.0	0.0
0.019765	0.019193600	125.923966	0.0	0.0
0.019962	0.019396400	125.539870	0.0	0.0
0.020161	0.019600800	125.160241	0.0	0.0
0.020362	0.019807000	124.785024	0.0	0.0
0.020565	0.020014900	124.414164	0.0	0.0
0.020770	0.020224600	124.047608	0.0	0.0
0.020977	0.020436100	123.685287	0.0	0.0
0.021186	0.020649400	123.327183	0.0	0.0
0.021397	0.020864600	122.973211	0.0	0.0
0.021610	0.021081700	122.623338	0.0	0.0
0.021825	0.021300700	122.277513	0.0	0.0
0.022043	0.021521600	121.935672	0.0	0.0
0.022262	0.021744400	121.597768	0.0	0.0
0.022484	0.021969300	121.263769	0.0	0.0
0.022708	0.022196100	120.933612	0.0	0.0
0.022934	0.022425000	120.607239	0.0	0.0
0.023163	0.022656000	120.284631	0.0	0.0
0.023394	0.022889000	119.965704	0.0	0.0
0.023627	0.023124100	119.650442	0.0	0.0
0.023862	0.023361400	119.338774	0.0	0.0
0.024100	0.023600900	119.030673	0.0	0.0
0.024340	0.023842500	118.726097	0.0	0.0
0.024582	0.024086400	118.424968	0.0	0.0
0.024827	0.024332500	118.127284	0.0	0.0
0.025075	0.024580900	117.832969	0.0	0.0
0.025324	0.024831600	117.541998	0.0	0.0
0.025577	0.025084600	117.254321	0.0	0.0
0.025832	0.025340000	116.969901	0.0	0.0
0.026089	0.025597800	116.688692	0.0	0.0
0.026349	0.025858000	116.410648	0.0	0.0
0.026611	0.026120700	116.135745	0.0	0.0
0.026876	0.026385800	115.863927	0.0	0.0
0.027144	0.026653400	115.595152	0.0	0.0
0.027415	0.026923500	115.329398	0.0	0.0
0.027688	0.027196200	115.066622	0.0	0.0
0.027964	0.027471500	114.806784	0.0	0.0
0.028242	0.027749400	114.549834	0.0	0.0
0.028524	0.028030000	114.295760	0.0	0.0
0.028808	0.028313200	114.044499	0.0	0.0
0.029095	0.028599100	113.796037	0.0	0.0
0.029385	0.028887800	113.550331	0.0	0.0
0.029677	0.029179300	113.307344	0.0	0.0
0.029973	0.029473500	113.067040	0.0	0.0
0.030272	0.029770600	112.829394	0.0	0.0
0.030573	0.030070500	112.594364	0.0	0.0
0.030878	0.030373300	112.361924	0.0	0.0
0.031185	0.030679100	112.132043	0.0	0.0
0.031496	0.030987800	111.904680	0.0	0.0
0.031810	0.031299500	111.679805	0.0	0.0
0.032127	0.031614200	111.457395	0.0	0.0
0.032447	0.031931900	111.237413	0.0	0.0
0.032770	0.032252800	111.019830	0.0	0.0
0.033097	0.032576800	110.804618	0.0	0.0
0.033426	0.032903900	110.591749	0.0	0.0
0.033759	0.033234200	110.381190	0.0	0.0
0.034096	0.033567700	110.172919	0.0	0.0
0.034435	0.033904500	109.966899	0.0	0.0
0.034778	0.034244500	109.763109	0.0	0.0
0.035125	0.034587900	109.561526	0.0	0.0
0.035475	0.034934700	109.362113	0.0	0.0
0.035828	0.035284800	109.164846	0.0	0.0
0.036185	0.035638300	108.969708	0.0	0.0
0.036546	0.035995400	108.776659	0.0	0.0
0.036910	0.036355900	108.585687	0.0	0.0
0.037278	0.036720000	108.396761	0.0	0.0
0.037649	0.037087600	108.209854	0.0	0.0
0.038024	0.037458800	108.024949	0.0	0.0
0.038403	0.037833700	107.842012	0.0	0.0
0.038785	0.038212300	107.661032	0.0	0.0
0.039172	0.038594600	107.481976	0.0	0.0
0.039562	0.038980700	107.304824	0.0	0.0
0.039956	0.039370600	107.129558	0.0	0.0
0.040354	0.039764300	106.956150	0.0	0.0
0.040756	0.040161900	106.784578	0.0	0.0
0.041162	0.040563400	106.614821	0.0	0.0
0.041572	0.040968800	106.446864	0.0	0.0
0.041987	0.041378300	106.280676	0.0	0.0
0.042405	0.041791800	106.116244	0.0	0.0
0.042827	0.042209500	105.953544	0.0	0.0
0.043254	0.042631200	105.792560	0.0	0.0
0.043685	0.043057100	105.633266	0.0	0.0
0.044120	0.043487200	105.475646	0.0	0.0
0.044560	0.043921500	105.319679	0.0	0.0
0.045004	0.044360200	105.165347	0.0	0.0
0.045452	0.044803200	105.012632	0.0	0.0
0.045905	0.045250600	104.861517	0.0	0.0
0.046362	0.045702400	104.711978	0.0	0.0
0.046824	0.046158700	104.564003	0.0	0.0
0.047291	0.046619500	104.417570	0.0	0.0
0.047762	0.047084800	104.272664	0.0	0.0
0.048238	0.047554800	104.129266	0.0	0.0
0.048718	0.048029400	103.987362	0.0	0.0
0.049204	0.048508800	103.846930	0.0	0.0
0.049694	0.048992900	103.707957	0.0	0.0
0.050189	0.049481800	103.570428	0.0	0.0
0.050689	0.049975500	103.434322	0.0	0.0
0.051194	0.050474200	103.299626	0.0	0.0
0.051704	0.050977700	103.166325	0.0	0.0
0.052219	0.051486300	103.034402	0.0	0.0
0.052739	0.052000000	102.903842	0.0	0.0
0.053265	0.052518700	102.774629	0.0	0.0
0.053795	0.053042600	102.646750	0.0	0.0
0.054331	0.053571700	102.520188	0.0	0.0
0.054873	0.054106000	102.394932	0.0	0.0
0.055419	0.054645700	102.270964	0.0	0.0
0.055971	0.055190700	102.148269	0.0	0.0
0.056529	0.055741100	102.026838	0.0	0.0
0.057092	0.056297000	101.906653	0.0	0.0
0.057661	0.056858400	101.787700	0.0	0.0
0.058235	0.057425500	101.669968	0.0	0.0
0.058816	0.057998100	101.553443	0.0	0.0
0.059402	0.058576400	101.438111	0.0	0.0
0.059993	0.059160500	101.323960	0.0	0.0
0.060591	0.059750400	101.210976	0.0	0.0
0.061195	0.060346200	101.099147	0.0	0.0
0.061804	0.060947800	100.988462	0.0	0.0
0.062420	0.061555500	100.878905	0.0	0.0
0.063042	0.062169200	100.770466	0.0	0.0
0.063670	0.062789000	100.663133	0.0	0.0
0.064304	0.063415000	100.556895	0.0	0.0
0.064945	0.064047200	100.451738	0.0	0.0
0.065592	0.064685700	100.347652	0.0	0.0
0.066246	0.065330600	100.244626	0.0	0.0
0.066906	0.065981900	100.142646	0.0	0.0
0.067572	0.066639600	100.041703	0.0	0.0
0.068245	0.067303900	99.941787	0.0	0.0
0.068925	0.067974800	99.842885	0.0	0.0
0.069612	0.068652400	99.744985	0.0	0.0
0.070305	0.069336800	99.648080	0.0	0.0
0.071006	0.070027900	99.552157	0.0	0.0
0.071713	0.070726000	99.457206	0.0	0.0
0.072428	0.071430900	99.363217	0.0	0.0
0.073149	0.072142900	99.270180	0.0	0.0
0.073878	0.072862000	99.178083	0.0	0.0
0.074614	0.073588300	99.086919	0.0	0.0
0.075357	0.074321800	98.996677	0.0	0.0
0.076108	0.075062600	98.907346	0.0	0.0
0.076866	0.075810700	98.818918	0.0	0.0
0.077632	0.076566300	98.731383	0.0	0.0
0.078406	0.077329500	98.644733	0.0	0.0
0.079187	0.078100200	98.558956	0.0	0.0
0.079976	0.078878700	98.474045	0.0	0.0
0.080773	0.079664800	98.389990	0.0	0.0
0.081577	0.080458800	98.306782	0.0	0.0
0.082390	0.081260700	98.224412	0.0	0.0
0.083211	0.082070700	98.142874	0.0	0.0
0.084040	0.082888600	98.062155	0.0	0.0
0.084877	0.083714700	97.982249	0.0	0.0
0.085723	0.084549100	97.903147	0.0	0.0
0.086577	0.085391800	97.824842	0.0	0.0
0.087439	0.086242800	97.747323	0.0	0.0
0.088310	0.087102400	97.670584	0.0	0.0
0.089190	0.087970500	97.594616	0.0	0.0
0.090079	0.088847300	97.519411	0.0	0.0
0.090976	0.089732700	97.444963	0.0	0.0
0.091883	0.090627100	97.371261	0.0	0.0
0.092798	0.091530300	97.298300	0.0	0.0
0.093722	0.092442500	97.226070	0.0	0.0
0.094656	0.093363900	97.154566	0.0	0.0
0.095599	0.094294400	97.083779	0.0	0.0
0.096552	0.095234200	97.013701	0.0	0.0
0.097514	0.096183300	96.944327	0.0	0.0
0.098485	0.097141900	96.875648	0.0	0.0
0.099466	0.098110100	96.807657	0.0	0.0
0.100457	0.099087900	96.740345	0.0	0.0
0.101458	0.100075000	96.673711	0.0	0.0
0.102469	0.101073000	96.607743	0.0	0.0
0.103490	0.102080000	96.542434	0.0	0.0
0.104521	0.103098000	96.477782	0.0	0.0
0.105562	0.104125000	96.413776	0.0	0.0
0.106614	0.105163000	96.350409	0.0	0.0
0.107676	0.106211000	96.287681	0.0	0.0
0.108749	0.107270000	96.225573	0.0	0.0
0.109832	0.108339000	96.164091	0.0	0.0
0.110926	0.109419000	96.103224	0.0	0.0
0.112031	0.110509000	96.042960	0.0	0.0
0.113148	0.111611000	95.983304	0.0	0.0
0.114275	0.112723000	95.924240	0.0	0.0
0.115413	0.113847000	95.865774	0.0	0.0
0.116563	0.114981000	95.807883	0.0	0.0
0.117724	0.116127000	95.750579	0.0	0.0
0.118897	0.117285000	95.693840	0.0	0.0
0.120082	0.118454000	95.637672	0.0	0.0
0.121278	0.119635000	95.582061	0.0	0.0
0.122486	0.120827000	95.527010	0.0	0.0
0.123707	0.122031000	95.472506	0.0	0.0
0.124939	0.123248000	95.418544	0.0	0.0
0.126184	0.124476000	95.365124	0.0	0.0
0.127441	0.125717000	95.312237	0.0	0.0
0.128711	0.126970000	95.259875	0.0	0.0
0.129993	0.128236000	95.208038	0.0	0.0
0.131288	0.129514000	95.156716	0.0	0.0
0.132596	0.130805000	95.105907	0.0	0.0
0.133917	0.132109000	95.055605	0.0	0.0
0.135251	0.133426000	95.005804	0.0	0.0
0.136599	0.134756000	94.956503	0.0	0.0
0.137960	0.136099000	94.907690	0.0	0.0
0.139334	0.137456000	94.859363	0.0	0.0
0.140722	0.138826000	94.811521	0.0	0.0
0.142124	0.140210000	94.764154	0.0	0.0
0.143540	0.141608000	94.717261	0.0	0.0
0.144970	0.143019000	94.670832	0.0	0.0
0.146414	0.144445000	94.624868	0.0	0.0
0.147873	0.145885000	94.579364	0.0	0.0
0.149346	0.147340000	94.534309	0.0	0.0
0.150834	0.148808000	94.489708	0.0	0.0
0.152337	0.150292000	94.445546	0.0	0.0
0.153855	0.151790000	94.401827	0.0	0.0
0.155387	0.153304000	94.358543	0.0	0.0
0.156935	0.154832000	94.315693	0.0	0.0
0.158499	0.156376000	94.273267	0.0	0.0
0.160078	0.157935000	94.231264	0.0	0.0
0.161673	0.159510000	94.189680	0.0	0.0
0.163284	0.161100000	94.148510	0.0	0.0
0.164910	0.162706000	94.107748	0.0	0.0
0.166553	0.164328000	94.067395	0.0	0.0
0.168213	0.165967000	94.027443	0.0	0.0
0.169888	0.167622000	93.987888	0.0	0.0
0.171581	0.169293000	93.948729	0.0	0.0
0.173290	0.170981000	93.909958	0.0	0.0
0.175017	0.172686000	93.871573	0.0	0.0
0.176760	0.174408000	93.833572	0.0	0.0
0.178521	0.176147000	93.795948	0.0	0.0
0.180300	0.177904000	93.758698	0.0	0.0
0.182096	0.179678000	93.721820	0.0	0.0
0.183910	0.181470000	93.685310	0.0	0.0
0.185743	0.183280000	93.649162	0.0	0.0
0.187593	0.185107000	93.613375	0.0	0.0
0.189462	0.186954000	93.577944	0.0	0.0
0.191350	0.188818000	93.542865	0.0	0.0
0.193256	0.190701000	93.508137	0.0	0.0
0.195181	0.192603000	93.473753	0.0	0.0
0.197126	0.194524000	93.439713	0.0	0.0
0.199090	0.196464000	93.406011	0.0	0.0
0.201073	0.198424000	93.372644	0.0	0.0
0.203077	0.200403000	93.339610	0.0	0.0
0.205100	0.202402000	93.306904	0.0	0.0
0.207143	0.204421000	93.274524	0.0	0.0
0.209207	0.206460000	93.242466	0.0	0.0
0.211291	0.208520000	93.210729	0.0	0.0
0.213396	0.210600000	93.179305	0.0	0.0
0.215522	0.212701000	93.148195	0.0	0.0
0.217669	0.214823000	93.117395	0.0	0.0
0.219838	0.216966000	93.086902	0.0	0.0
0.222028	0.219130000	93.056712	0.0	0.0
0.224240	0.221317000	93.026823	0.0	0.0
0.226474	0.223525000	92.997231	0.0	0.0
0.228730	0.225755000	92.967933	0.0	0.0
0.231009	0.228008000	92.938927	0.0	0.0
0.233311	0.230283000	92.910209	0.0	0.0
0.235635	0.232581000	92.881778	0.0	0.0
0.237983	0.234902000	92.853630	0.0	0.0
0.240354	0.237245000	92.825760	0.0	0.0
0.242748	0.239613000	92.798169	0.0	0.0
0.245167	0.242004000	92.770852	0.0	0.0
0.247609	0.244420000	92.743807	0.0	0.0
0.250076	0.246859000	92.717031	0.0	0.0
0.252567	0.249323000	92.690521	0.0	0.0
0.255084	0.251811000	92.664275	0.0	0.0
0.257625	0.254325000	92.638289	0.0	0.0
0.260192	0.256863000	92.612563	0.0	0.0
0.262784	0.259427000	92.587092	0.0	0.0
0.265402	0.262017000	92.561874	0.0	0.0
0.268046	0.264633000	92.536907	0.0	0.0
0.270716	0.267275000	92.512188	0.0	0.0
0.273413	0.269943000	92.487714	0.0	0.0
0.276137	0.272638000	92.463485	0.0	0.0
0.278888	0.275360000	92.439495	0.0	0.0
0.281667	0.278110000	92.415743	0.0	0.0
0.284473	0.280887000	92.392228	0.0	0.0
0.287307	0.283692000	92.368946	0.0	0.0
0.290170	0.286525000	92.345895	0.0	0.0
0.293060	0.289386000	92.323073	0.0	0.0
0.295980	0.292276000	92.300477	0.0	0.0
0.298929	0.295195000	92.278106	0.0	0.0
0.301907	0.298143000	92.255956	0.0	0.0
0.304915	0.301122000	92.234026	0.0	0.0
0.307953	0.304129000	92.212313	0.0	0.0
0.311021	0.307168000	92.190815	0.0	0.0
0.314119	0.310236000	92.169531	0.0	0.0
0.317249	0.313336000	92.148456	0.0	0.0
0.320409	0.316466000	92.127591	0.0	0.0
0.323602	0.319628000	92.106932	0.0	0.0
0.326825	0.322822000	92.086477	0.0	0.0
0.330082	0.326048000	92.066224	0.0	0.0
0.333370	0.329306000	92.046171	0.0	0.0
0.336691	0.332597000	92.026317	0.0	0.0
0.340046	0.335921000	92.006658	0.0	0.0
0.343433	0.339279000	91.987193	0.0	0.0
0.346855	0.342670000	91.967920	0.0	0.0
0.350311	0.346095000	91.948837	0.0	0.0
0.353801	0.349555000	91.929941	0.0	0.0
0.357325	0.353050000	91.911232	0.0	0.0
0.360885	0.356580000	91.892707	0.0	0.0
0.364481	0.360145000	91.874363	0.0	0.0
0.368112	0.363747000	91.856199	0.0	0.0
0.371779	0.367384000	91.838214	0.0	0.0
0.375483	0.371058000	91.820405	0.0	0.0
0.379224	0.374769000	91.802770	0.0	0.0
0.383002	0.378518000	91.785307	0.0	0.0
0.386818	0.382304000	91.768015	0.0	0.0
0.390672	0.386129000	91.750892	0.0	0.0
0.394564	0.389992000	91.733935	0.0	0.0
0.398495	0.393894000	91.717144	0.0	0.0
0.402465	0.397835000	91.700515	0.0	0.0
0.406474	0.401816000	91.684049	0.0	0.0
0.410524	0.405838000	91.667741	0.0	0.0
0.414614	0.409900000	91.651592	0.0	0.0
0.418745	0.414002000	91.635599	0.0	0.0
0.422916	0.418147000	91.619760	0.0	0.0
0.427130	0.422333000	91.604073	0.0	0.0
0.431385	0.426561000	91.588537	0.0	0.0
0.435683	0.430832000	91.573151	0.0	0.0
0.440024	0.435147000	91.557912	0.0	0.0
0.444407	0.439505000	91.542818	0.0	0.0
0.448835	0.443907000	91.527869	0.0	0.0
0.453307	0.448353000	91.513061	0.0	0.0
0.457823	0.452844000	91.498395	0.0	0.0
0.462384	0.457381000	91.483867	0.0	0.0
0.466990	0.461964000	91.469477	0.0	0.0
0.471643	0.466593000	91.455221	0.0	0.0
0.476342	0.471269000	91.441100	0.0	0.0
0.481087	0.475993000	91.427111	0.0	0.0
0.485880	0.480764000	91.413253	0.0	0.0
0.490721	0.485583000	91.399524	0.0	0.0
0.495610	0.490452000	91.385922	0.0	0.0
0.500547	0.495370000	91.372446	0.0	0.0
0.505534	0.500337000	91.359094	0.0	0.0
0.510571	0.505355000	91.345864	0.0	0.0
0.515657	0.510425000	91.332756	0.0	0.0
0.520795	0.515545000	91.319766	0.0	0.0
0.525983	0.520717000	91.306894	0.0	0.0
0.531224	0.525942000	91.294139	0.0	0.0
0.536516	0.531220000	91.281497	0.0	0.0
0.541861	0.536552000	91.268969	0.0	0.0
0.547260	0.541938000	91.256552	0.0	0.0
0.552712	0.547378000	91.244245	0.0	0.0
0.558218	0.552874000	91.232045	0.0	0.0
0.563780	0.558426000	91.219952	0.0	0.0
0.569396	0.564034000	91.207964	0.0	0.0
0.575069	0.569700000	91.196080	0.0	0.0
0.580798	0.575423000	91.184297	0.0	0.0
0.586585	0.581204000	91.172614	0.0	0.0
0.592429	0.587044000	91.161030	0.0	0.0
0.598331	0.592944000	91.149543	0.0	0.0
0.604292	0.598904000	91.138151	0.0	0.0
0.610312	0.604925000	91.126853	0.0	0.0
0.616392	0.611007000	91.115648	0.0	0.0
0.622533	0.617151000	91.104532	0.0	0.0
0.628736	0.623358000	91.093506	0.0	0.0
0.634999	0.629628000	91.082567	0.0	0.0
0.641326	0.635962000	91.071714	0.0	0.0
0.647715	0.642362000	91.060946	0.0	0.0
0.654168	0.648826000	91.050259	0.0	0.0
0.660685	0.655356000	91.039654	0.0	0.0
0.667268	0.661953000	91.029128	0.0	0.0
0.673915	0.668618000	91.018679	0.0	0.0
0.680629	0.675351000	91.008307	0.0	0.0
0.687410	0.682153000	90.998009	0.0	0.0
0.694259	0.689025000	90.987784	0.0	0.0
0.701175	0.695966000	90.977630	0.0	0.0
0.708161	0.702979000	90.967545	0.0	0.0
0.715216	0.710064000	90.957528	0.0	0.0
0.722342	0.717222000	90.947577	0.0	0.0
0.729538	0.724452000	90.937691	0.0	0.0
0.736806	0.731757000	90.927867	0.0	0.0
0.744147	0.739137000	90.918104	0.0	0.0
0.751561	0.746593000	90.908401	0.0	0.0
0.759048	0.754125000	90.898755	0.0	0.0
0.766610	0.761734000	90.889164	0.0	0.0
0.774248	0.769422000	90.879628	0.0	0.0
0.781961	0.777188000	90.870144	0.0	0.0
0.789752	0.785035000	90.860710	0.0	0.0
0.797620	0.792962000	90.851326	0.0	0.0
0.805566	0.800970000	90.841988	0.0	0.0
0.813592	0.809061000	90.832695	0.0	0.0
0.821698	0.817235000	90.823445	0.0	0.0
0.829884	0.825493000	90.814237	0.0	0.0
0.838152	0.833836000	90.805068	0.0	0.0
0.846502	0.842265000	90.795937	0.0	0.0
0.854936	0.850781000	90.786842	0.0	0.0
0.863453	0.859384000	90.777781	0.0	0.0
0.872055	0.868076000	90.768752	0.0	0.0
0.880743	0.876857000	90.759753	0.0	0.0
0.889518	0.885729000	90.750782	0.0	0.0
0.898380	0.894692000	90.741837	0.0	0.0
0.907330	0.903747000	90.732916	0.0	0.0
0.916370	0.912896000	90.724018	0.0	0.0
0.925499	0.922139000	90.715140	0.0	0.0
0.934720	0.931477000	90.706280	0.0	0.0
0.944032	0.940912000	90.697436	0.0	0.0
0.953437	0.950443000	90.688606	0.0	0.0
0.962936	0.960073000	90.679788	0.0	0.0
0.972529	0.969802000	90.670980	0.0	0.0
0.982218	0.979631000	90.662179	0.0	0.0
0.992004	0.989561000	90.653385	0.0	0.0
1.001887	0.999594000	90.644593	0.0	0.0
1.011868	1.009730000	90.635804	0.0	0.0
1.021949	1.019970000	90.627013	0.0	0.0
1.032131	1.030320000	90.618218	0.0	0.0
1.042414	1.040770000	90.609419	0.0	0.0
1.052799	1.051330000	90.600612	0.0	0.0
1.063288	1.062000000	90.591795	0.0	0.0
1.073881	1.072780000	90.582966	0.0	0.0
1.084580	1.083660000	90.574122	0.0	0.0
1.095385	1.094670000	90.565262	0.0	0.0
1.106298	1.105780000	90.556382	0.0	0.0
1.117320	1.117010000	90.547481	0.0	0.0
1.128451	1.128350000	90.538557	0.0	0.0
1.139694	1.139810000	90.529605	0.0	0.0
1.151048	1.151390000	90.520625	0.0	0.0
1.162516	1.163090000	90.511613	0.0	0.0
1.174097	1.174900000	90.502569	0.0	0.0
1.185794	1.186840000	90.493488	0.0	0.0
1.197608	1.198900000	90.484368	0.0	0.0
1.209540	1.211080000	90.475207	0.0	0.0
1.221590	1.223390000	90.466002	0.0	0.0
1.233760	1.235820000	90.456752	0.0	0.0
1.246052	1.248380000	90.447452	0.0	0.0
1.258466	1.261070000	90.438100	0.0	0.0
1.271004	1.273890000	90.428695	0.0	0.0
1.283666	1.286840000	90.419234	0.0	0.0
1.296455	1.299920000	90.409713	0.0	0.0
1.309371	1.313130000	90.400130	0.0	0.0
1.322416	1.326480000	90.390482	0.0	0.0
1.335591	1.339960000	90.380767	0.0	0.0
1.348897	1.353580000	90.370982	0.0	0.0
1.362336	1.367330000	90.361124	0.0	0.0
1.375908	1.381230000	90.351192	0.0	0.0
1.389616	1.395260000	90.341181	0.0	0.0
1.403460	1.409440000	90.331089	0.0	0.0
1.417443	1.423760000	90.320913	0.0	0.0
1.431564	1.438230000	90.310651	0.0	0.0
1.445826	1.452840000	90.300300	0.0	0.0
1.460231	1.467590000	90.289857	0.0	0.0
1.474779	1.482500000	90.279319	0.0	0.0
1.489471	1.497550000	90.268684	0.0	0.0
1.504310	1.512750000	90.257949	0.0	0.0
1.519297	1.528110000	90.247110	0.0	0.0
1.534434	1.543620000	90.236165	0.0	0.0
1.549721	1.559280000	90.225111	0.0	0.0
1.565160	1.575090000	90.213946	0.0	0.0
1.580753	1.591070000	90.202667	0.0	0.0
1.596502	1.607200000	90.191270	0.0	0.0
1.612408	1.623490000	90.179752	0.0	0.0
1.628471	1.639940000	90.168113	0.0	0.0
1.644695	1.656560000	90.156348	0.0	0.0
1.661081	1.673330000	90.144454	0.0	0.0
1.677630	1.690270000	90.132428	0.0	0.0
1.694344	1.707380000	90.120268	0.0	0.0
1.711224	1.724650000	90.107972	0.0	0.0
1.728272	1.742100000	90.095536	0.0	0.0
1.745491	1.759710000	90.082957	0.0	0.0
1.762880	1.777490000	90.070234	0.0	0.0
1.780443	1.795450000	90.057362	0.0	0.0
1.798181	1.813580000	90.044339	0.0	0.0
1.816096	1.831880000	90.031162	0.0	0.0
1.834189	1.850370000	90.017830	0.0	0.0
1.852463	1.869030000	90.004337	0.0	0.0
1.870918	1.887870000	89.990684	0.0	0.0
1.889558	1.906890000	89.976865	0.0	0.0
1.908383	1.926100000	89.962880	0.0	0.0
1.927396	1.945480000	89.948725	0.0	0.0
1.946598	1.965060000	89.934398	0.0	0.0
1.965991	1.984820000	89.919895	0.0	0.0
1.985578	2.004780000	89.905215	0.0	0.0
2.005359	2.024920000	89.890355	0.0	0.0
2.025338	2.045260000	89.875311	0.0	0.0
2.045516	2.065790000	89.860083	0.0	0.0
2.065895	2.086520000	89.844666	0.0	0.0
2.086477	2.107440000	89.829059	0.0	0.0
2.107264	2.128570000	89.813259	0.0	0.0
2.128258	2.149900000	89.797264	0.0	0.0
2.149461	2.171440000	89.781071	0.0	0.0
2.170875	2.193180000	89.764678	0.0	0.0
2.192503	2.215130000	89.748082	0.0	0.0
2.214346	2.237300000	89.731282	0.0	0.0
2.236407	2.259670000	89.714274	0.0	0.0
2.258688	2.282270000	89.697056	0.0	0.0
2.281191	2.305080000	89.679627	0.0	0.0
2.303917	2.328120000	89.661984	0.0	0.0
2.326871	2.351390000	89.644124	0.0	0.0
2.350052	2.374880000	89.626047	0.0	0.0
2.373465	2.398610000	89.607748	0.0	0.0
2.397111	2.422570000	89.589226	0.0	0.0
2.420993	2.446770000	89.570480	0.0	0.0
2.445113	2.471210000	89.551506	0.0	0.0
2.469473	2.495900000	89.532303	0.0	0.0
2.494075	2.520850000	89.512870	0.0	0.0
2.518923	2.546040000	89.493202	0.0	0.0
2.544018	2.571500000	89.473300	0.0	0.0
2.569364	2.597220000	89.453160	0.0	0.0
2.594961	2.623200000	89.432783	0.0	0.0
2.620814	2.649470000	89.412163	0.0	0.0
2.646925	2.676010000	89.391300	0.0	0.0
2.673295	2.702830000	89.370193	0.0	0.0
2.699928	2.729950000	89.348840	0.0	0.0
2.726827	2.757360000	89.327237	0.0	0.0
2.753994	2.785070000	89.305384	0.0	0.0
2.781431	2.813090000	89.283279	0.0	0.0
2.809141	2.841430000	89.260921	0.0	0.0
2.837128	2.870080000	89.238306	0.0	0.0
2.865393	2.899060000	89.215435	0.0	0.0
2.893941	2.928380000	89.192303	0.0	0.0
2.922772	2.958030000	89.168912	0.0	0.0
2.951891	2.988040000	89.145257	0.0	0.0
2.981300	3.018400000	89.121338	0.0	0.0
3.011001	3.049120000	89.097153	0.0	0.0
3.040999	3.080210000	89.072700	0.0	0.0
3.071296	3.111680000	89.047978	0.0	0.0
3.101894	3.143540000	89.022985	0.0	0.0
3.132797	3.175780000	88.997719	0.0	0.0
3.164008	3.208430000	88.972179	0.0	0.0
3.195530	3.241480000	88.946363	0.0	0.0
3.227367	3.274950000	88.920268	0.0	0.0
3.259520	3.308840000	88.893894	0.0	0.0
3.291993	3.343160000	88.867239	0.0	0.0
3.324791	3.377920000	88.840301	0.0	0.0
3.357915	3.413110000	88.813078	0.0	0.0
3.391368	3.448750000	88.785570	0.0	0.0
3.425156	3.484850000	88.757773	0.0	0.0
3.459279	3.521410000	88.729687	0.0	0.0
3.493743	3.558430000	88.701309	0.0	0.0
3.528550	3.595920000	88.672638	0.0	0.0
3.563704	3.633870000	88.643672	0.0	0.0
3.599208	3.672310000	88.614409	0.0	0.0
3.635066	3.711220000	88.584847	0.0	0.0
3.671281	3.750610000	88.554984	0.0	0.0
3.707857	3.790470000	88.524820	0.0	0.0
3.744797	3.830820000	88.494351	0.0	0.0
3.782106	3.871640000	88.463575	0.0	0.0
3.819786	3.912930000	88.432491	0.0	0.0
3.857841	3.954700000	88.401097	0.0	0.0
3.896276	3.996930000	88.369391	0.0	0.0
3.935093	4.039630000	88.337370	0.0	0.0
3.974297	4.082780000	88.305033	0.0	0.0
4.013892	4.126390000	88.272377	0.0	0.0
4.053881	4.170430000	88.239400	0.0	0.0
4.094269	4.214900000	88.206100	0.0	0.0
4.135059	4.259800000	88.172474	0.0	0.0
4.176255	4.305110000	88.138521	0.0	0.0
4.217862	4.350820000	88.104238	0.0	0.0
4.259883	4.396920000	88.069622	0.0	0.0
4.302323	4.443390000	88.034670	0.0	0.0
4.345186	4.490230000	87.999381	0.0	0.0
4.388476	4.537420000	87.963751	0.0	0.0
4.432197	4.584950000	87.927779	0.0	0.0
4.476353	4.632810000	87.891461	0.0	0.0
4.520950	4.680990000	87.854793	0.0	0.0
4.565991	4.729470000	87.817774	0.0	0.0
4.611480	4.778260000	87.780402	0.0	0.0
4.657423	4.827330000	87.742671	0.0	0.0
4.703824	4.876700000	87.704579	0.0	0.0
4.750687	4.926350000	87.666124	0.0	0.0
4.798016	4.976280000	87.627302	0.0	0.0
4.845817	5.026500000	87.588110	0.0	0.0
4.894095	5.077020000	87.548543	0.0	0.0
4.942853	5.127840000	87.508600	0.0	0.0
4.992097	5.178980000	87.468276	0.0	0.0
5.041832	5.230450000	87.427567	0.0	0.0
5.092062	5.282280000	87.386470	0.0	0.0
5.142793	5.334500000	87.344981	0.0	0.0
5.194029	5.387140000	87.303096	0.0	0.0
5.245776	5.440220000	87.260810	0.0	0.0
5.298038	5.493800000	87.218121	0.0	0.0
5.350821	5.547920000	87.175024	0.0	0.0
5.404129	5.602620000	87.131514	0.0	0.0
5.457969	5.657950000	87.087587	0.0	0.0
5.512345	5.713990000	87.043239	0.0	0.0
5.567263	5.770770000	86.998464	0.0	0.0
5.622728	5.828370000	86.953259	0.0	0.0
5.678746	5.886840000	86.907617	0.0	0.0
5.735321	5.946250000	86.861536	0.0	0.0
5.792460	6.006640000	86.815009	0.0	0.0
5.850169	6.068090000	86.768031	0.0	0.0
5.908453	6.130640000	86.720596	0.0	0.0
5.967317	6.194340000	86.672701	0.0	0.0
6.026767	6.259230000	86.624339	0.0	0.0
6.086810	6.325360000	86.575504	0.0	0.0
6.147451	6.392730000	86.526190	0.0	0.0
6.208696	6.461360000	86.476393	0.0	0.0
6.270552	6.531260000	86.426105	0.0	0.0
6.333023	6.602420000	86.375321	0.0	0.0
6.396117	6.674800000	86.324034	0.0	0.0
6.459840	6.748370000	86.272238	0.0	0.0
6.524198	6.823080000	86.219926	0.0	0.0
6.589196	6.898850000	86.167092	0.0	0.0
6.654842	6.975610000	86.113729	0.0	0.0
6.721143	7.053270000	86.059830	0.0	0.0
6.788103	7.131700000	86.005388	0.0	0.0
6.855731	7.210810000	85.950396	0.0	0.0
6.924033	7.290470000	85.894845	0.0	0.0
6.993015	7.370550000	85.838729	0.0	0.0
7.062684	7.450940000	85.782041	0.0	0.0
7.133048	7.531510000	85.724770	0.0	0.0
7.204112	7.612150000	85.666912	0.0	0.0
7.275884	7.692770000	85.608456	0.0	0.0
7.348372	7.773280000	85.549394	0.0	0.0
7.421582	7.853640000	85.489718	0.0	0.0
7.495521	7.933800000	85.429420	0.0	0.0
7.570196	8.013780000	85.368491	0.0	0.0
7.645616	8.093600000	85.306920	0.0	0.0
7.721787	8.173350000	85.244699	0.0	0.0
7.798717	8.253120000	85.181820	0.0	0.0
7.876413	8.333060000	85.118271	0.0	0.0
7.954883	8.413370000	85.054045	0.0	0.0
8.034135	8.494260000	84.989129	0.0	0.0
8.114177	8.575970000	84.923515	0.0	0.0
8.195016	8.658770000	84.857191	0.0	0.0
8.276661	8.742940000	84.790148	0.0	0.0
8.359119	8.828770000	84.722375	0.0	0.0
8.442398	8.916520000	84.653861	0.0	0.0
8.526507	9.006460000	84.584594	0.0	0.0
8.611454	9.098810000	84.514564	0.0	0.0
8.697247	9.193740000	84.443758	0.0	0.0
8.783896	9.291380000	84.372165	0.0	0.0
8.871407	9.391760000	84.299773	0.0	0.0
8.959790	9.494860000	84.226570	0.0	0.0
9.049054	9.600570000	84.152543	0.0	0.0
9.139207	9.708690000	84.077680	0.0	0.0
9.230258	9.818930000	84.001967	0.0	0.0
9.322216	9.930930000	83.925392	0.0	0.0
9.415091	10.044300000	83.847941	0.0	0.0
9.508890	10.158500000	83.769601	0.0	0.0
9.603625	10.273000000	83.690357	0.0	0.0
9.699303	10.387400000	83.610196	0.0	0.0
9.795934	10.501100000	83.529103	0.0	0.0
9.893528	10.613800000	83.447064	0.0	0.0
9.992094	10.725100000	83.364064	0.0	0.0
10.091640	10.834800000	83.280089	0.0	0.0
10.192180	10.942800000	83.195120	0.0	0.0
10.293720	11.049300000	83.109145	0.0	0.0
10.396280	11.154400000	83.022140	0.0	0.0
10.499850	11.258700000	82.934105	0.0	0.0
10.604460	11.362900000	82.845007	0.0	0.0
10.710110	11.467500000	82.754838	0.0	0.0
10.816810	11.573600000	82.663581	0.0	0.0
10.924570	11.682100000	82.571219	0.0	0.0
11.033410	11.793800000	82.477727	0.0	0.0
11.143340	11.909700000	82.383087	0.0	0.0
11.254350	12.030300000	82.287299	0.0	0.0
11.366480	12.156200000	82.190320	0.0	0.0
11.479720	12.287700000	82.092147	0.0	0.0
11.594090	12.424500000	81.992756	0.0	0.0
11.709600	12.566100000	81.892127	0.0	0.0
11.826250	12.711800000	81.790250	0.0	0.0
11.944080	12.860500000	81.687080	0.0	0.0
12.063070	13.010600000	81.582625	0.0	0.0
12.183250	13.160800000	81.476848	0.0	0.0
12.304630	13.309400000	81.369729	0.0	0.0
12.427220	13.455000000	81.261248	0.0	0.0
12.551030	13.596600000	81.151387	0.0	0.0
12.676070	13.733500000	81.040123	0.0	0.0
12.802360	13.865700000	80.927428	0.0	0.0
12.929900	13.993800000	80.813291	0.0	0.0
13.058720	14.119400000	80.697672	0.0	0.0
13.188820	14.244600000	80.580560	0.0	0.0
13.320220	14.371900000	80.461924	0.0	0.0
13.452920	14.504700000	80.341751	0.0	0.0
13.586950	14.645700000	80.220002	0.0	0.0
13.722310	14.797800000	80.096663	0.0	0.0
13.859020	14.962500000	79.971704	0.0	0.0
13.997100	15.140200000	79.845092	0.0	0.0
14.136540	15.329100000	79.716823	0.0	0.0
14.277380	15.524900000	79.586846	0.0	0.0
14.419620	15.720900000	79.455148	0.0	0.0
14.563280	15.906900000	79.321696	0.0	0.0
14.708370	16.070300000	79.186465	0.0	0.0
14.854910	16.195500000	79.049422	0.0	0.0
15.002900	16.265400000	78.910554	0.0	0.0
15.152370	16.261300000	78.769815	0.0	0.0
15.303330	16.164800000	78.627182	0.0	0.0
15.455790	15.958800000	78.482630	0.0	0.0
15.609770	15.628900000	78.336123	0.0	0.0
15.765290	15.164800000	78.187627	0.0	0.0
15.922350	14.561500000	78.037126	0.0	0.0
16.080980	13.820500000	77.884574	0.0	0.0
16.241190	12.949700000	77.729945	0.0	0.0
16.403000	11.964300000	77.573203	0.0	0.0
16.566420	10.885600000	77.414321	0.0	0.0
16.731460	9.740650000	77.253273	0.0	0.0
16.898160	8.560060000	77.090000	0.0	0.0
17.066510	7.376630000	76.924496	0.0	0.0
17.236540	6.223010000	76.756713	0.0	0.0
17.408260	5.129580000	76.586623	0.0	0.0
17.581690	4.122530000	76.414188	0.0	0.0
17.756850	3.222180000	76.239368	0.0	0.0
17.933760	2.441960000	76.062126	0.0	0.0
18.112430	1.787930000	75.882431	0.0	0.0
18.292880	1.259010000	75.700245	0.0	0.0
18.475120	0.847797000	75.515537	0.0	0.0
18.659180	0.541888000	75.328256	0.0	0.0
18.845080	0.325496000	75.138364	0.0	0.0
19.032830	0.181197000	74.945828	0.0	0.0
19.222450	0.091568200	74.750607	0.0	0.0
19.413950	0.040592600	74.552670	0.0	0.0
19.607370	0.014716800	74.351954	0.0	0.0
19.802710	0.003576310	74.148438	0.0	0.0
20.000000	0.000482947	73.942068	0.0	0.0
