# UNCLASSIFIED
#
# Response info for MMAI broad-band site.
#
# Effective: 24 Jan 2003
# Creation date: 22 Jun 2009
# File name: MMAI.ESPV.1043366400 
# INID: 8294,8298,8299,8300,8301,8302,8303,8304,8305
#       8306,8307,8308,8309,8310,8311,8312
#
# Source: James Neely (TTD), TSgt Swindle
# System equipment: Guralp_CMG-3ESPV seismometer and Nanometrics_Europa-T
# digitizer.
#
# The response file was derived from equations of state.
# Displacement response normalized to 1.0 at 1.0 Hz.
#
# The calib values for this configuration are as follows:
#
# MMA0 BHZ is 0.084434 nm/count at 1.0 Hz.
# MMA1 BHZ is 0.084434 nm/count at 1.0 Hz.
# MMA2 BH1 is 0.084434 nm/count at 1.0 Hz.
# MMA3 BH2 is 0.084434 nm/count at 1.0 Hz.
# MMA4 BH2 is 0.084434 nm/count at 1.0 Hz.
# MMB1 BHZ is 0.084434 nm/count at 1.0 Hz.
# MMB2 BH1 is 0.084434 nm/count at 1.0 Hz.
# MMB3 BH2 is 0.084434 nm/count at 1.0 Hz.
# MMB4 BH2 is 0.084434 nm/count at 1.0 Hz.
# MMC1 BHZ is 0.084434 nm/count at 1.0 Hz.
# MMC2 BH1 is 0.084434 nm/count at 1.0 Hz.
# MMC3 BH2 is 0.084434 nm/count at 1.0 Hz.
# MMC4 BH2 is 0.084434 nm/count at 1.0 Hz.
# MMC5 BHZ is 0.084434 nm/count at 1.0 Hz.
# MMC6 BH1 is 0.084434 nm/count at 1.0 Hz.
# MMC7 BH2 is 0.084434 nm/count at 1.0 Hz.
#
# Freq(Hz)     Amp(counts/nm)    Phase(deg)   Error(amp) Error(phase)
#
 theoretical  0       system    fap   J.Neely
1000				
0.001000	0.000000014	313.850458	0.0	0.0
0.001010	0.000000015	313.555015	0.0	0.0
0.001020	0.000000015	313.259494	0.0	0.0
0.001030	0.000000016	312.963920	0.0	0.0
0.001040	0.000000016	312.668321	0.0	0.0
0.001051	0.000000017	312.372695	0.0	0.0
0.001061	0.000000017	312.077097	0.0	0.0
0.001072	0.000000018	311.781555	0.0	0.0
0.001083	0.000000019	311.486069	0.0	0.0
0.001093	0.000000019	311.190693	0.0	0.0
0.001104	0.000000020	310.895456	0.0	0.0
0.001115	0.000000021	310.600358	0.0	0.0
0.001126	0.000000021	310.305428	0.0	0.0
0.001138	0.000000022	310.010720	0.0	0.0
0.001149	0.000000023	309.716237	0.0	0.0
0.001160	0.000000024	309.422006	0.0	0.0
0.001172	0.000000025	309.128057	0.0	0.0
0.001184	0.000000025	308.834417	0.0	0.0
0.001195	0.000000026	308.541090	0.0	0.0
0.001207	0.000000027	308.248129	0.0	0.0
0.001219	0.000000028	307.955563	0.0	0.0
0.001231	0.000000029	307.663372	0.0	0.0
0.001244	0.000000030	307.371632	0.0	0.0
0.001256	0.000000031	307.080324	0.0	0.0
0.001269	0.000000032	306.789500	0.0	0.0
0.001281	0.000000033	306.499165	0.0	0.0
0.001294	0.000000034	306.209369	0.0	0.0
0.001307	0.000000036	305.920096	0.0	0.0
0.001320	0.000000037	305.631396	0.0	0.0
0.001333	0.000000038	305.343275	0.0	0.0
0.001346	0.000000039	305.055760	0.0	0.0
0.001360	0.000000041	304.768857	0.0	0.0
0.001373	0.000000042	304.482616	0.0	0.0
0.001387	0.000000043	304.197042	0.0	0.0
0.001401	0.000000045	303.912162	0.0	0.0
0.001415	0.000000046	303.627983	0.0	0.0
0.001429	0.000000048	303.344530	0.0	0.0
0.001443	0.000000050	303.061831	0.0	0.0
0.001457	0.000000051	302.779892	0.0	0.0
0.001472	0.000000053	302.498719	0.0	0.0
0.001487	0.000000055	302.218357	0.0	0.0
0.001501	0.000000056	301.938813	0.0	0.0
0.001516	0.000000058	301.660093	0.0	0.0
0.001532	0.000000060	301.382222	0.0	0.0
0.001547	0.000000062	301.105225	0.0	0.0
0.001562	0.000000064	300.829107	0.0	0.0
0.001578	0.000000066	300.553876	0.0	0.0
0.001593	0.000000069	300.279555	0.0	0.0
0.001609	0.000000071	300.006150	0.0	0.0
0.001625	0.000000073	299.733703	0.0	0.0
0.001642	0.000000076	299.462183	0.0	0.0
0.001658	0.000000078	299.191633	0.0	0.0
0.001674	0.000000081	298.922073	0.0	0.0
0.001691	0.000000083	298.653476	0.0	0.0
0.001708	0.000000086	298.385897	0.0	0.0
0.001725	0.000000089	298.119326	0.0	0.0
0.001742	0.000000092	297.853767	0.0	0.0
0.001760	0.000000095	297.589241	0.0	0.0
0.001777	0.000000098	297.325754	0.0	0.0
0.001795	0.000000101	297.063311	0.0	0.0
0.001813	0.000000104	296.801932	0.0	0.0
0.001831	0.000000108	296.541621	0.0	0.0
0.001849	0.000000111	296.282383	0.0	0.0
0.001867	0.000000115	296.024223	0.0	0.0
0.001886	0.000000119	295.767159	0.0	0.0
0.001905	0.000000123	295.511182	0.0	0.0
0.001924	0.000000127	295.256322	0.0	0.0
0.001943	0.000000131	295.002558	0.0	0.0
0.001962	0.000000135	294.749906	0.0	0.0
0.001982	0.000000139	294.498370	0.0	0.0
0.002002	0.000000144	294.247967	0.0	0.0
0.002022	0.000000148	293.998675	0.0	0.0
0.002042	0.000000153	293.750534	0.0	0.0
0.002062	0.000000158	293.503511	0.0	0.0
0.002083	0.000000163	293.257632	0.0	0.0
0.002103	0.000000168	293.012890	0.0	0.0
0.002124	0.000000174	292.769298	0.0	0.0
0.002145	0.000000179	292.526836	0.0	0.0
0.002167	0.000000185	292.285529	0.0	0.0
0.002188	0.000000191	292.045368	0.0	0.0
0.002210	0.000000197	291.806355	0.0	0.0
0.002232	0.000000203	291.568493	0.0	0.0
0.002254	0.000000210	291.331771	0.0	0.0
0.002277	0.000000216	291.096204	0.0	0.0
0.002300	0.000000223	290.861781	0.0	0.0
0.002322	0.000000230	290.628504	0.0	0.0
0.002346	0.000000238	290.396375	0.0	0.0
0.002369	0.000000245	290.165384	0.0	0.0
0.002393	0.000000253	289.935533	0.0	0.0
0.002416	0.000000261	289.706832	0.0	0.0
0.002441	0.000000269	289.479253	0.0	0.0
0.002465	0.000000278	289.252817	0.0	0.0
0.002489	0.000000286	289.027513	0.0	0.0
0.002514	0.000000296	288.803334	0.0	0.0
0.002539	0.000000305	288.580279	0.0	0.0
0.002565	0.000000314	288.358339	0.0	0.0
0.002590	0.000000324	288.137524	0.0	0.0
0.002616	0.000000335	287.917816	0.0	0.0
0.002642	0.000000345	287.699215	0.0	0.0
0.002668	0.000000356	287.481712	0.0	0.0
0.002695	0.000000367	287.265307	0.0	0.0
0.002722	0.000000379	287.049991	0.0	0.0
0.002749	0.000000390	286.835755	0.0	0.0
0.002776	0.000000403	286.622607	0.0	0.0
0.002804	0.000000415	286.410523	0.0	0.0
0.002832	0.000000428	286.199508	0.0	0.0
0.002860	0.000000442	285.989555	0.0	0.0
0.002888	0.000000456	285.780654	0.0	0.0
0.002917	0.000000470	285.572798	0.0	0.0
0.002946	0.000000484	285.365978	0.0	0.0
0.002976	0.000000500	285.160185	0.0	0.0
0.003005	0.000000515	284.955424	0.0	0.0
0.003035	0.000000531	284.751667	0.0	0.0
0.003066	0.000000548	284.548926	0.0	0.0
0.003096	0.000000565	284.347179	0.0	0.0
0.003127	0.000000582	284.146423	0.0	0.0
0.003158	0.000000600	283.946651	0.0	0.0
0.003190	0.000000619	283.747847	0.0	0.0
0.003221	0.000000638	283.550010	0.0	0.0
0.003253	0.000000658	283.353126	0.0	0.0
0.003286	0.000000678	283.157191	0.0	0.0
0.003319	0.000000700	282.962187	0.0	0.0
0.003352	0.000000721	282.768115	0.0	0.0
0.003385	0.000000744	282.574958	0.0	0.0
0.003419	0.000000767	282.382705	0.0	0.0
0.003453	0.000000790	282.191356	0.0	0.0
0.003487	0.000000815	282.000890	0.0	0.0
0.003522	0.000000840	281.811300	0.0	0.0
0.003557	0.000000866	281.622583	0.0	0.0
0.003592	0.000000893	281.434714	0.0	0.0
0.003628	0.000000920	281.247698	0.0	0.0
0.003664	0.000000948	281.061514	0.0	0.0
0.003701	0.000000978	280.876156	0.0	0.0
0.003738	0.000001008	280.691615	0.0	0.0
0.003775	0.000001039	280.507874	0.0	0.0
0.003813	0.000001071	280.324925	0.0	0.0
0.003851	0.000001104	280.142755	0.0	0.0
0.003889	0.000001138	279.961357	0.0	0.0
0.003928	0.000001173	279.780714	0.0	0.0
0.003967	0.000001209	279.600822	0.0	0.0
0.004006	0.000001246	279.421665	0.0	0.0
0.004046	0.000001284	279.243231	0.0	0.0
0.004087	0.000001324	279.065508	0.0	0.0
0.004127	0.000001364	278.888489	0.0	0.0
0.004168	0.000001406	278.712161	0.0	0.0
0.004210	0.000001449	278.536505	0.0	0.0
0.004252	0.000001494	278.361517	0.0	0.0
0.004294	0.000001539	278.187183	0.0	0.0
0.004337	0.000001587	278.013490	0.0	0.0
0.004380	0.000001635	277.840427	0.0	0.0
0.004424	0.000001685	277.667980	0.0	0.0
0.004468	0.000001737	277.496137	0.0	0.0
0.004512	0.000001790	277.324892	0.0	0.0
0.004557	0.000001845	277.154225	0.0	0.0
0.004603	0.000001901	276.984126	0.0	0.0
0.004649	0.000001959	276.814585	0.0	0.0
0.004695	0.000002019	276.645587	0.0	0.0
0.004742	0.000002081	276.477118	0.0	0.0
0.004789	0.000002144	276.309169	0.0	0.0
0.004837	0.000002210	276.141728	0.0	0.0
0.004885	0.000002277	275.974782	0.0	0.0
0.004934	0.000002346	275.808314	0.0	0.0
0.004983	0.000002418	275.642317	0.0	0.0
0.005032	0.000002492	275.476776	0.0	0.0
0.005082	0.000002568	275.311677	0.0	0.0
0.005133	0.000002646	275.147010	0.0	0.0
0.005184	0.000002726	274.982759	0.0	0.0
0.005236	0.000002809	274.818915	0.0	0.0
0.005288	0.000002895	274.655462	0.0	0.0
0.005341	0.000002983	274.492391	0.0	0.0
0.005394	0.000003074	274.329686	0.0	0.0
0.005448	0.000003167	274.167335	0.0	0.0
0.005502	0.000003263	274.005324	0.0	0.0
0.005557	0.000003362	273.843640	0.0	0.0
0.005612	0.000003465	273.682275	0.0	0.0
0.005668	0.000003570	273.521210	0.0	0.0
0.005725	0.000003678	273.360435	0.0	0.0
0.005782	0.000003790	273.199936	0.0	0.0
0.005839	0.000003905	273.039700	0.0	0.0
0.005897	0.000004023	272.879718	0.0	0.0
0.005956	0.000004145	272.719968	0.0	0.0
0.006015	0.000004271	272.560447	0.0	0.0
0.006075	0.000004400	272.401136	0.0	0.0
0.006136	0.000004534	272.242023	0.0	0.0
0.006197	0.000004671	272.083095	0.0	0.0
0.006259	0.000004813	271.924340	0.0	0.0
0.006321	0.000004958	271.765744	0.0	0.0
0.006384	0.000005108	271.607295	0.0	0.0
0.006448	0.000005263	271.448977	0.0	0.0
0.006512	0.000005422	271.290781	0.0	0.0
0.006577	0.000005586	271.132692	0.0	0.0
0.006642	0.000005755	270.974696	0.0	0.0
0.006708	0.000005929	270.816782	0.0	0.0
0.006775	0.000006108	270.658934	0.0	0.0
0.006843	0.000006293	270.501142	0.0	0.0
0.006911	0.000006483	270.343391	0.0	0.0
0.006980	0.000006679	270.185668	0.0	0.0
0.007049	0.000006880	270.027960	0.0	0.0
0.007120	0.000007088	269.870254	0.0	0.0
0.007191	0.000007302	269.712537	0.0	0.0
0.007262	0.000007522	269.554796	0.0	0.0
0.007335	0.000007749	269.397018	0.0	0.0
0.007408	0.000007983	269.239189	0.0	0.0
0.007481	0.000008224	269.081298	0.0	0.0
0.007556	0.000008471	268.923330	0.0	0.0
0.007631	0.000008727	268.765270	0.0	0.0
0.007707	0.000008990	268.607110	0.0	0.0
0.007784	0.000009260	268.448833	0.0	0.0
0.007862	0.000009539	268.290427	0.0	0.0
0.007940	0.000009826	268.131878	0.0	0.0
0.008019	0.000010122	267.973174	0.0	0.0
0.008099	0.000010426	267.814302	0.0	0.0
0.008180	0.000010740	267.655249	0.0	0.0
0.008261	0.000011063	267.496003	0.0	0.0
0.008343	0.000011395	267.336548	0.0	0.0
0.008426	0.000011738	267.176873	0.0	0.0
0.008510	0.000012090	267.016964	0.0	0.0
0.008595	0.000012454	266.856809	0.0	0.0
0.008681	0.000012827	266.696394	0.0	0.0
0.008767	0.000013213	266.535707	0.0	0.0
0.008855	0.000013609	266.374735	0.0	0.0
0.008943	0.000014017	266.213464	0.0	0.0
0.009032	0.000014438	266.051881	0.0	0.0
0.009122	0.000014871	265.889975	0.0	0.0
0.009213	0.000015316	265.727730	0.0	0.0
0.009305	0.000015775	265.565137	0.0	0.0
0.009397	0.000016248	265.402181	0.0	0.0
0.009491	0.000016734	265.238849	0.0	0.0
0.009586	0.000017235	265.075127	0.0	0.0
0.009681	0.000017751	264.911004	0.0	0.0
0.009777	0.000018282	264.746468	0.0	0.0
0.009875	0.000018829	264.581505	0.0	0.0
0.009973	0.000019392	264.416101	0.0	0.0
0.010073	0.000019972	264.250238	0.0	0.0
0.010173	0.000020569	264.083918	0.0	0.0
0.010274	0.000021183	263.917121	0.0	0.0
0.010377	0.000021816	263.749832	0.0	0.0
0.010480	0.000022467	263.582040	0.0	0.0
0.010584	0.000023138	263.413733	0.0	0.0
0.010690	0.000023828	263.244899	0.0	0.0
0.010796	0.000024539	263.075524	0.0	0.0
0.010904	0.000025270	262.905599	0.0	0.0
0.011013	0.000026023	262.735111	0.0	0.0
0.011122	0.000026799	262.564034	0.0	0.0
0.011233	0.000027597	262.392371	0.0	0.0
0.011345	0.000028418	262.220113	0.0	0.0
0.011458	0.000029264	262.047232	0.0	0.0
0.011572	0.000030134	261.873735	0.0	0.0
0.011688	0.000031031	261.699595	0.0	0.0
0.011804	0.000031953	261.524802	0.0	0.0
0.011922	0.000032902	261.349347	0.0	0.0
0.012040	0.000033880	261.173220	0.0	0.0
0.012160	0.000034886	260.996397	0.0	0.0
0.012281	0.000035921	260.818883	0.0	0.0
0.012404	0.000036987	260.640670	0.0	0.0
0.012527	0.000038083	260.461720	0.0	0.0
0.012652	0.000039212	260.282053	0.0	0.0
0.012778	0.000040374	260.101631	0.0	0.0
0.012906	0.000041570	259.920448	0.0	0.0
0.013034	0.000042800	259.738510	0.0	0.0
0.013164	0.000044067	259.555780	0.0	0.0
0.013295	0.000045370	259.372266	0.0	0.0
0.013428	0.000046712	259.187960	0.0	0.0
0.013561	0.000048092	259.002828	0.0	0.0
0.013696	0.000049512	258.816878	0.0	0.0
0.013833	0.000050974	258.630102	0.0	0.0
0.013971	0.000052478	258.442482	0.0	0.0
0.014110	0.000054025	258.253997	0.0	0.0
0.014250	0.000055618	258.064656	0.0	0.0
0.014392	0.000057257	257.874427	0.0	0.0
0.014536	0.000058943	257.683331	0.0	0.0
0.014681	0.000060677	257.491324	0.0	0.0
0.014827	0.000062462	257.298415	0.0	0.0
0.014975	0.000064298	257.104586	0.0	0.0
0.015124	0.000066188	256.909847	0.0	0.0
0.015275	0.000068131	256.714155	0.0	0.0
0.015427	0.000070131	256.517533	0.0	0.0
0.015580	0.000072188	256.319952	0.0	0.0
0.015736	0.000074304	256.121396	0.0	0.0
0.015892	0.000076481	255.921877	0.0	0.0
0.016051	0.000078721	255.721379	0.0	0.0
0.016211	0.000081024	255.519887	0.0	0.0
0.016372	0.000083394	255.317402	0.0	0.0
0.016535	0.000085831	255.113908	0.0	0.0
0.016700	0.000088338	254.909406	0.0	0.0
0.016866	0.000090917	254.703870	0.0	0.0
0.017034	0.000093569	254.497313	0.0	0.0
0.017204	0.000096296	254.289710	0.0	0.0
0.017375	0.000099101	254.081063	0.0	0.0
0.017549	0.000101986	253.871359	0.0	0.0
0.017723	0.000104953	253.660601	0.0	0.0
0.017900	0.000108003	253.448778	0.0	0.0
0.018078	0.000111141	253.235881	0.0	0.0
0.018258	0.000114367	253.021900	0.0	0.0
0.018440	0.000117684	252.806826	0.0	0.0
0.018624	0.000121095	252.590674	0.0	0.0
0.018810	0.000124601	252.373414	0.0	0.0
0.018997	0.000128207	252.155060	0.0	0.0
0.019186	0.000131914	251.935594	0.0	0.0
0.019377	0.000135725	251.715010	0.0	0.0
0.019570	0.000139644	251.493313	0.0	0.0
0.019765	0.000143672	251.270497	0.0	0.0
0.019962	0.000147812	251.046546	0.0	0.0
0.020161	0.000152069	250.821466	0.0	0.0
0.020362	0.000156444	250.595254	0.0	0.0
0.020565	0.000160941	250.367906	0.0	0.0
0.020770	0.000165563	250.139418	0.0	0.0
0.020977	0.000170314	249.909777	0.0	0.0
0.021186	0.000175196	249.679004	0.0	0.0
0.021397	0.000180214	249.447073	0.0	0.0
0.021610	0.000185371	249.213997	0.0	0.0
0.021825	0.000190670	248.979773	0.0	0.0
0.022043	0.000196116	248.744391	0.0	0.0
0.022262	0.000201711	248.507853	0.0	0.0
0.022484	0.000207461	248.270169	0.0	0.0
0.022708	0.000213368	248.031331	0.0	0.0
0.022934	0.000219438	247.791331	0.0	0.0
0.023163	0.000225673	247.550192	0.0	0.0
0.023394	0.000232079	247.307887	0.0	0.0
0.023627	0.000238660	247.064441	0.0	0.0
0.023862	0.000245421	246.819837	0.0	0.0
0.024100	0.000252365	246.574091	0.0	0.0
0.024340	0.000259497	246.327208	0.0	0.0
0.024582	0.000266824	246.079166	0.0	0.0
0.024827	0.000274348	245.830000	0.0	0.0
0.025075	0.000282076	245.579689	0.0	0.0
0.025324	0.000290012	245.328251	0.0	0.0
0.025577	0.000298162	245.075685	0.0	0.0
0.025832	0.000306530	244.822000	0.0	0.0
0.026089	0.000315124	244.567196	0.0	0.0
0.026349	0.000323947	244.311274	0.0	0.0
0.026611	0.000333006	244.054256	0.0	0.0
0.026876	0.000342307	243.796134	0.0	0.0
0.027144	0.000351856	243.536911	0.0	0.0
0.027415	0.000361658	243.276611	0.0	0.0
0.027688	0.000371720	243.015236	0.0	0.0
0.027964	0.000382049	242.752793	0.0	0.0
0.028242	0.000392650	242.489278	0.0	0.0
0.028524	0.000403531	242.224726	0.0	0.0
0.028808	0.000414699	241.959115	0.0	0.0
0.029095	0.000426159	241.692481	0.0	0.0
0.029385	0.000437920	241.424824	0.0	0.0
0.029677	0.000449989	241.156154	0.0	0.0
0.029973	0.000462372	240.886479	0.0	0.0
0.030272	0.000475078	240.615820	0.0	0.0
0.030573	0.000488114	240.344180	0.0	0.0
0.030878	0.000501489	240.071579	0.0	0.0
0.031185	0.000515209	239.798030	0.0	0.0
0.031496	0.000529284	239.523537	0.0	0.0
0.031810	0.000543721	239.248116	0.0	0.0
0.032127	0.000558530	238.971790	0.0	0.0
0.032447	0.000573718	238.694565	0.0	0.0
0.032770	0.000589296	238.416459	0.0	0.0
0.033097	0.000605271	238.137487	0.0	0.0
0.033426	0.000621653	237.857668	0.0	0.0
0.033759	0.000638451	237.577012	0.0	0.0
0.034096	0.000655676	237.295546	0.0	0.0
0.034435	0.000673336	237.013272	0.0	0.0
0.034778	0.000691443	236.730221	0.0	0.0
0.035125	0.000710005	236.446412	0.0	0.0
0.035475	0.000729034	236.161852	0.0	0.0
0.035828	0.000748541	235.876561	0.0	0.0
0.036185	0.000768535	235.590573	0.0	0.0
0.036546	0.000789028	235.303885	0.0	0.0
0.036910	0.000810031	235.016539	0.0	0.0
0.037278	0.000831556	234.728543	0.0	0.0
0.037649	0.000853614	234.439915	0.0	0.0
0.038024	0.000876217	234.150688	0.0	0.0
0.038403	0.000899378	233.860867	0.0	0.0
0.038785	0.000923108	233.570494	0.0	0.0
0.039172	0.000947421	233.279573	0.0	0.0
0.039562	0.000972329	232.988134	0.0	0.0
0.039956	0.000997845	232.696204	0.0	0.0
0.040354	0.001023980	232.403800	0.0	0.0
0.040756	0.001050760	232.110942	0.0	0.0
0.041162	0.001078180	231.817655	0.0	0.0
0.041572	0.001106260	231.523977	0.0	0.0
0.041987	0.001135030	231.229910	0.0	0.0
0.042405	0.001164480	230.935494	0.0	0.0
0.042827	0.001194640	230.640746	0.0	0.0
0.043254	0.001225530	230.345700	0.0	0.0
0.043685	0.001257150	230.050368	0.0	0.0
0.044120	0.001289520	229.754784	0.0	0.0
0.044560	0.001322670	229.458968	0.0	0.0
0.045004	0.001356600	229.162948	0.0	0.0
0.045452	0.001391340	228.866752	0.0	0.0
0.045905	0.001426890	228.570408	0.0	0.0
0.046362	0.001463280	228.273934	0.0	0.0
0.046824	0.001500530	227.977363	0.0	0.0
0.047291	0.001538640	227.680714	0.0	0.0
0.047762	0.001577650	227.384023	0.0	0.0
0.048238	0.001617570	227.087307	0.0	0.0
0.048718	0.001658420	226.790604	0.0	0.0
0.049204	0.001700210	226.493925	0.0	0.0
0.049694	0.001742980	226.197310	0.0	0.0
0.050189	0.001786730	225.900782	0.0	0.0
0.050689	0.001831480	225.604362	0.0	0.0
0.051194	0.001877270	225.308082	0.0	0.0
0.051704	0.001924110	225.011969	0.0	0.0
0.052219	0.001972020	224.716049	0.0	0.0
0.052739	0.002021020	224.420350	0.0	0.0
0.053265	0.002071140	224.124892	0.0	0.0
0.053795	0.002122390	223.829709	0.0	0.0
0.054331	0.002174810	223.534822	0.0	0.0
0.054873	0.002228420	223.240266	0.0	0.0
0.055419	0.002283230	222.946057	0.0	0.0
0.055971	0.002339280	222.652223	0.0	0.0
0.056529	0.002396590	222.358798	0.0	0.0
0.057092	0.002455180	222.065800	0.0	0.0
0.057661	0.002515090	221.773251	0.0	0.0
0.058235	0.002576330	221.481187	0.0	0.0
0.058816	0.002638930	221.189629	0.0	0.0
0.059402	0.002702930	220.898602	0.0	0.0
0.059993	0.002768350	220.608130	0.0	0.0
0.060591	0.002835220	220.318236	0.0	0.0
0.061195	0.002903560	220.028949	0.0	0.0
0.061804	0.002973410	219.740293	0.0	0.0
0.062420	0.003044800	219.452287	0.0	0.0
0.063042	0.003117750	219.164955	0.0	0.0
0.063670	0.003192310	218.878326	0.0	0.0
0.064304	0.003268490	218.592423	0.0	0.0
0.064945	0.003346340	218.307262	0.0	0.0
0.065592	0.003425890	218.022871	0.0	0.0
0.066246	0.003507170	217.739274	0.0	0.0
0.066906	0.003590210	217.456485	0.0	0.0
0.067572	0.003675050	217.174534	0.0	0.0
0.068245	0.003761730	216.893438	0.0	0.0
0.068925	0.003850280	216.613223	0.0	0.0
0.069612	0.003940740	216.333898	0.0	0.0
0.070305	0.004033150	216.055496	0.0	0.0
0.071006	0.004127540	215.778031	0.0	0.0
0.071713	0.004223960	215.501522	0.0	0.0
0.072428	0.004322440	215.225989	0.0	0.0
0.073149	0.004423030	214.951454	0.0	0.0
0.073878	0.004525770	214.677929	0.0	0.0
0.074614	0.004630690	214.405439	0.0	0.0
0.075357	0.004737850	214.133995	0.0	0.0
0.076108	0.004847290	213.863616	0.0	0.0
0.076866	0.004959050	213.594324	0.0	0.0
0.077632	0.005073180	213.326129	0.0	0.0
0.078406	0.005189720	213.059053	0.0	0.0
0.079187	0.005308730	212.793103	0.0	0.0
0.079976	0.005430250	212.528304	0.0	0.0
0.080773	0.005554330	212.264666	0.0	0.0
0.081577	0.005681020	212.002199	0.0	0.0
0.082390	0.005810370	211.740924	0.0	0.0
0.083211	0.005942440	211.480854	0.0	0.0
0.084040	0.006077280	211.221996	0.0	0.0
0.084877	0.006214940	210.964370	0.0	0.0
0.085723	0.006355480	210.707982	0.0	0.0
0.086577	0.006498950	210.452852	0.0	0.0
0.087439	0.006645420	210.198982	0.0	0.0
0.088310	0.006794950	209.946389	0.0	0.0
0.089190	0.006947580	209.695081	0.0	0.0
0.090079	0.007103400	209.445068	0.0	0.0
0.090976	0.007262440	209.196364	0.0	0.0
0.091883	0.007424790	208.948973	0.0	0.0
0.092798	0.007590510	208.702907	0.0	0.0
0.093722	0.007759660	208.458173	0.0	0.0
0.094656	0.007932310	208.214781	0.0	0.0
0.095599	0.008108530	207.972738	0.0	0.0
0.096552	0.008288390	207.732050	0.0	0.0
0.097514	0.008471960	207.492727	0.0	0.0
0.098485	0.008659310	207.254773	0.0	0.0
0.099466	0.008850520	207.018194	0.0	0.0
0.100457	0.009045680	206.782991	0.0	0.0
0.101458	0.009244850	206.549188	0.0	0.0
0.102469	0.009448110	206.316771	0.0	0.0
0.103490	0.009655540	206.085744	0.0	0.0
0.104521	0.009867220	205.856134	0.0	0.0
0.105562	0.010083300	205.627923	0.0	0.0
0.106614	0.010303700	205.401116	0.0	0.0
0.107676	0.010528700	205.175738	0.0	0.0
0.108749	0.010758300	204.951750	0.0	0.0
0.109832	0.010992500	204.729199	0.0	0.0
0.110926	0.011231600	204.508066	0.0	0.0
0.112031	0.011475500	204.288336	0.0	0.0
0.113148	0.011724400	204.070052	0.0	0.0
0.114275	0.011978400	203.853177	0.0	0.0
0.115413	0.012237600	203.637754	0.0	0.0
0.116563	0.012502100	203.423727	0.0	0.0
0.117724	0.012771900	203.211157	0.0	0.0
0.118897	0.013047200	202.999990	0.0	0.0
0.120082	0.013328200	202.790266	0.0	0.0
0.121278	0.013614800	202.581951	0.0	0.0
0.122486	0.013907300	202.375082	0.0	0.0
0.123707	0.014205700	202.169628	0.0	0.0
0.124939	0.014510200	201.965591	0.0	0.0
0.126184	0.014820800	201.762988	0.0	0.0
0.127441	0.015137800	201.561806	0.0	0.0
0.128711	0.015461100	201.362031	0.0	0.0
0.129993	0.015791100	201.163679	0.0	0.0
0.131288	0.016127700	200.966737	0.0	0.0
0.132596	0.016471100	200.771206	0.0	0.0
0.133917	0.016821500	200.577087	0.0	0.0
0.135251	0.017179000	200.384368	0.0	0.0
0.136599	0.017543700	200.193062	0.0	0.0
0.137960	0.017915800	200.003143	0.0	0.0
0.139334	0.018295400	199.814613	0.0	0.0
0.140722	0.018682700	199.627484	0.0	0.0
0.142124	0.019077800	199.441732	0.0	0.0
0.143540	0.019480900	199.257369	0.0	0.0
0.144970	0.019892100	199.074371	0.0	0.0
0.146414	0.020311600	198.892751	0.0	0.0
0.147873	0.020739600	198.712508	0.0	0.0
0.149346	0.021176300	198.533607	0.0	0.0
0.150834	0.021621700	198.356083	0.0	0.0
0.152337	0.022076100	198.179889	0.0	0.0
0.153855	0.022539700	198.005049	0.0	0.0
0.155387	0.023012700	197.831550	0.0	0.0
0.156935	0.023495100	197.659394	0.0	0.0
0.158499	0.023987300	197.488556	0.0	0.0
0.160078	0.024489400	197.319038	0.0	0.0
0.161673	0.025001600	197.150839	0.0	0.0
0.163284	0.025524100	196.983947	0.0	0.0
0.164910	0.026057100	196.818352	0.0	0.0
0.166553	0.026600900	196.654065	0.0	0.0
0.168213	0.027155600	196.491063	0.0	0.0
0.169888	0.027721500	196.329337	0.0	0.0
0.171581	0.028298700	196.168895	0.0	0.0
0.173290	0.028887600	196.009719	0.0	0.0
0.175017	0.029488300	195.851797	0.0	0.0
0.176760	0.030101100	195.695139	0.0	0.0
0.178521	0.030726200	195.539725	0.0	0.0
0.180300	0.031363900	195.385546	0.0	0.0
0.182096	0.032014400	195.232600	0.0	0.0
0.183910	0.032677900	195.080887	0.0	0.0
0.185743	0.033354800	194.930381	0.0	0.0
0.187593	0.034045300	194.781088	0.0	0.0
0.189462	0.034749700	194.633000	0.0	0.0
0.191350	0.035468200	194.486099	0.0	0.0
0.193256	0.036201200	194.340393	0.0	0.0
0.195181	0.036948800	194.195857	0.0	0.0
0.197126	0.037711500	194.052496	0.0	0.0
0.199090	0.038489500	193.910296	0.0	0.0
0.201073	0.039283100	193.769248	0.0	0.0
0.203077	0.040092600	193.629351	0.0	0.0
0.205100	0.040918400	193.490588	0.0	0.0
0.207143	0.041760800	193.352953	0.0	0.0
0.209207	0.042620100	193.216443	0.0	0.0
0.211291	0.043496600	193.081051	0.0	0.0
0.213396	0.044390700	192.946755	0.0	0.0
0.215522	0.045302700	192.813561	0.0	0.0
0.217669	0.046233100	192.681455	0.0	0.0
0.219838	0.047182100	192.550435	0.0	0.0
0.222028	0.048150200	192.420482	0.0	0.0
0.224240	0.049137600	192.291593	0.0	0.0
0.226474	0.050144900	192.163763	0.0	0.0
0.228730	0.051172400	192.036977	0.0	0.0
0.231009	0.052220400	191.911229	0.0	0.0
0.233311	0.053289500	191.786512	0.0	0.0
0.235635	0.054380100	191.662818	0.0	0.0
0.237983	0.055492500	191.540141	0.0	0.0
0.240354	0.056627200	191.418464	0.0	0.0
0.242748	0.057784700	191.297785	0.0	0.0
0.245167	0.058965300	191.178098	0.0	0.0
0.247609	0.060169700	191.059391	0.0	0.0
0.250076	0.061398200	190.941652	0.0	0.0
0.252567	0.062651300	190.824881	0.0	0.0
0.255084	0.063929500	190.709066	0.0	0.0
0.257625	0.065233300	190.594192	0.0	0.0
0.260192	0.066563300	190.480261	0.0	0.0
0.262784	0.067920000	190.367260	0.0	0.0
0.265402	0.069303800	190.255178	0.0	0.0
0.268046	0.070715400	190.144012	0.0	0.0
0.270716	0.072155200	190.033754	0.0	0.0
0.273413	0.073624000	189.924389	0.0	0.0
0.276137	0.075122100	189.815916	0.0	0.0
0.278888	0.076650300	189.708321	0.0	0.0
0.281667	0.078209100	189.601598	0.0	0.0
0.284473	0.079799100	189.495740	0.0	0.0
0.287307	0.081421000	189.390739	0.0	0.0
0.290170	0.083075400	189.286588	0.0	0.0
0.293060	0.084762900	189.183274	0.0	0.0
0.295980	0.086484300	189.080791	0.0	0.0
0.298929	0.088240200	188.979136	0.0	0.0
0.301907	0.090031200	188.878291	0.0	0.0
0.304915	0.091858100	188.778257	0.0	0.0
0.307953	0.093721600	188.679022	0.0	0.0
0.311021	0.095622400	188.580580	0.0	0.0
0.314119	0.097561400	188.482920	0.0	0.0
0.317249	0.099539200	188.386036	0.0	0.0
0.320409	0.101557000	188.289922	0.0	0.0
0.323602	0.103614000	188.194565	0.0	0.0
0.326825	0.105713000	188.099963	0.0	0.0
0.330082	0.107854000	188.006103	0.0	0.0
0.333370	0.110038000	187.912982	0.0	0.0
0.336691	0.112266000	187.820588	0.0	0.0
0.340046	0.114538000	187.728918	0.0	0.0
0.343433	0.116856000	187.637959	0.0	0.0
0.346855	0.119221000	187.547708	0.0	0.0
0.350311	0.121632000	187.458155	0.0	0.0
0.353801	0.124092000	187.369291	0.0	0.0
0.357325	0.126602000	187.281113	0.0	0.0
0.360885	0.129161000	187.193610	0.0	0.0
0.364481	0.131772000	187.106776	0.0	0.0
0.368112	0.134435000	187.020602	0.0	0.0
0.371779	0.137151000	186.935082	0.0	0.0
0.375483	0.139922000	186.850209	0.0	0.0
0.379224	0.142748000	186.765974	0.0	0.0
0.383002	0.145631000	186.682371	0.0	0.0
0.386818	0.148572000	186.599390	0.0	0.0
0.390672	0.151572000	186.517030	0.0	0.0
0.394564	0.154631000	186.435276	0.0	0.0
0.398495	0.157752000	186.354128	0.0	0.0
0.402465	0.160936000	186.273574	0.0	0.0
0.406474	0.164183000	186.193610	0.0	0.0
0.410524	0.167495000	186.114226	0.0	0.0
0.414614	0.170874000	186.035417	0.0	0.0
0.418745	0.174320000	185.957175	0.0	0.0
0.422916	0.177835000	185.879495	0.0	0.0
0.427130	0.181421000	185.802368	0.0	0.0
0.431385	0.185078000	185.725786	0.0	0.0
0.435683	0.188809000	185.649747	0.0	0.0
0.440024	0.192614000	185.574239	0.0	0.0
0.444407	0.196496000	185.499258	0.0	0.0
0.448835	0.200455000	185.424796	0.0	0.0
0.453307	0.204494000	185.350846	0.0	0.0
0.457823	0.208613000	185.277404	0.0	0.0
0.462384	0.212816000	185.204460	0.0	0.0
0.466990	0.217102000	185.132011	0.0	0.0
0.471643	0.221474000	185.060047	0.0	0.0
0.476342	0.225933000	184.988562	0.0	0.0
0.481087	0.230482000	184.917552	0.0	0.0
0.485880	0.235122000	184.847006	0.0	0.0
0.490721	0.239855000	184.776924	0.0	0.0
0.495610	0.244683000	184.707294	0.0	0.0
0.500547	0.249607000	184.638111	0.0	0.0
0.505534	0.254631000	184.569368	0.0	0.0
0.510571	0.259754000	184.501063	0.0	0.0
0.515657	0.264980000	184.433184	0.0	0.0
0.520795	0.270311000	184.365729	0.0	0.0
0.525983	0.275749000	184.298687	0.0	0.0
0.531224	0.281295000	184.232057	0.0	0.0
0.536516	0.286953000	184.165831	0.0	0.0
0.541861	0.292724000	184.100001	0.0	0.0
0.547260	0.298611000	184.034563	0.0	0.0
0.552712	0.304615000	183.969511	0.0	0.0
0.558218	0.310740000	183.904837	0.0	0.0
0.563780	0.316987000	183.840536	0.0	0.0
0.569396	0.323359000	183.776603	0.0	0.0
0.575069	0.329859000	183.713031	0.0	0.0
0.580798	0.336489000	183.649814	0.0	0.0
0.586585	0.343252000	183.586946	0.0	0.0
0.592429	0.350151000	183.524421	0.0	0.0
0.598331	0.357187000	183.462233	0.0	0.0
0.604292	0.364365000	183.400378	0.0	0.0
0.610312	0.371686000	183.338847	0.0	0.0
0.616392	0.379154000	183.277638	0.0	0.0
0.622533	0.386771000	183.216742	0.0	0.0
0.628736	0.394541000	183.156154	0.0	0.0
0.634999	0.402467000	183.095869	0.0	0.0
0.641326	0.410551000	183.035882	0.0	0.0
0.647715	0.418797000	182.976186	0.0	0.0
0.654168	0.427208000	182.916775	0.0	0.0
0.660685	0.435788000	182.857643	0.0	0.0
0.667268	0.444539000	182.798787	0.0	0.0
0.673915	0.453466000	182.740199	0.0	0.0
0.680629	0.462572000	182.681874	0.0	0.0
0.687410	0.471859000	182.623807	0.0	0.0
0.694259	0.481333000	182.565992	0.0	0.0
0.701175	0.490997000	182.508424	0.0	0.0
0.708161	0.500854000	182.451096	0.0	0.0
0.715216	0.510909000	182.394005	0.0	0.0
0.722342	0.521164000	182.337143	0.0	0.0
0.729538	0.531626000	182.280506	0.0	0.0
0.736806	0.542296000	182.224088	0.0	0.0
0.744147	0.553181000	182.167885	0.0	0.0
0.751561	0.564283000	182.111889	0.0	0.0
0.759048	0.575608000	182.056097	0.0	0.0
0.766610	0.587159000	182.000503	0.0	0.0
0.774248	0.598942000	181.945101	0.0	0.0
0.781961	0.610961000	181.889886	0.0	0.0
0.789752	0.623221000	181.834852	0.0	0.0
0.797620	0.635725000	181.779995	0.0	0.0
0.805566	0.648481000	181.725309	0.0	0.0
0.813592	0.661492000	181.670790	0.0	0.0
0.821698	0.674763000	181.616430	0.0	0.0
0.829884	0.688300000	181.562227	0.0	0.0
0.838152	0.702109000	181.508173	0.0	0.0
0.846502	0.716194000	181.454264	0.0	0.0
0.854936	0.730560000	181.400495	0.0	0.0
0.863453	0.745215000	181.346861	0.0	0.0
0.872055	0.760163000	181.293356	0.0	0.0
0.880743	0.775411000	181.239975	0.0	0.0
0.889518	0.790963000	181.186713	0.0	0.0
0.898380	0.806828000	181.133565	0.0	0.0
0.907330	0.823009000	181.080526	0.0	0.0
0.916370	0.839515000	181.027590	0.0	0.0
0.925499	0.856352000	180.974752	0.0	0.0
0.934720	0.873526000	180.922008	0.0	0.0
0.944032	0.891043000	180.869352	0.0	0.0
0.953437	0.908912000	180.816780	0.0	0.0
0.962936	0.927138000	180.764285	0.0	0.0
0.972529	0.945729000	180.711862	0.0	0.0
0.982218	0.964693000	180.659508	0.0	0.0
0.992004	0.984036000	180.607217	0.0	0.0
1.001887	1.003770000	180.554983	0.0	0.0
1.011868	1.023890000	180.502804	0.0	0.0
1.021949	1.044420000	180.450669	0.0	0.0
1.032131	1.065360000	180.398574	0.0	0.0
1.042414	1.086720000	180.346519	0.0	0.0
1.052799	1.108510000	180.294498	0.0	0.0
1.063288	1.130730000	180.242501	0.0	0.0
1.073881	1.153400000	180.190529	0.0	0.0
1.084580	1.176520000	180.138572	0.0	0.0
1.095385	1.200110000	180.086629	0.0	0.0
1.106298	1.224170000	180.034692	0.0	0.0
1.117320	1.248710000	179.982755	0.0	0.0
1.128451	1.273740000	179.930818	0.0	0.0
1.139694	1.299270000	179.878868	0.0	0.0
1.151048	1.325310000	179.826910	0.0	0.0
1.162516	1.351880000	179.774928	0.0	0.0
1.174097	1.378980000	179.722929	0.0	0.0
1.185794	1.406620000	179.670898	0.0	0.0
1.197608	1.434810000	179.618832	0.0	0.0
1.209540	1.463570000	179.566725	0.0	0.0
1.221590	1.492900000	179.514578	0.0	0.0
1.233760	1.522830000	179.462382	0.0	0.0
1.246052	1.553350000	179.410129	0.0	0.0
1.258466	1.584480000	179.357819	0.0	0.0
1.271004	1.616230000	179.305442	0.0	0.0
1.283666	1.648630000	179.253000	0.0	0.0
1.296455	1.681670000	179.200480	0.0	0.0
1.309371	1.715370000	179.147881	0.0	0.0
1.322416	1.749750000	179.095197	0.0	0.0
1.335591	1.784810000	179.042422	0.0	0.0
1.348897	1.820580000	178.989552	0.0	0.0
1.362336	1.857060000	178.936581	0.0	0.0
1.375908	1.894280000	178.883507	0.0	0.0
1.389616	1.932240000	178.830319	0.0	0.0
1.403460	1.970960000	178.777017	0.0	0.0
1.417443	2.010460000	178.723590	0.0	0.0
1.431564	2.050740000	178.670041	0.0	0.0
1.445826	2.091840000	178.616359	0.0	0.0
1.460231	2.133750000	178.562536	0.0	0.0
1.474779	2.176510000	178.508573	0.0	0.0
1.489471	2.220120000	178.454466	0.0	0.0
1.504310	2.264610000	178.400203	0.0	0.0
1.519297	2.309990000	178.345781	0.0	0.0
1.534434	2.356270000	178.291193	0.0	0.0
1.549721	2.403490000	178.236438	0.0	0.0
1.565160	2.451650000	178.181511	0.0	0.0
1.580753	2.500770000	178.126402	0.0	0.0
1.596502	2.550880000	178.071106	0.0	0.0
1.612408	2.601990000	178.015619	0.0	0.0
1.628471	2.654120000	177.959941	0.0	0.0
1.644695	2.707300000	177.904057	0.0	0.0
1.661081	2.761550000	177.847965	0.0	0.0
1.677630	2.816880000	177.791661	0.0	0.0
1.694344	2.873310000	177.735139	0.0	0.0
1.711224	2.930880000	177.678394	0.0	0.0
1.728272	2.989610000	177.621420	0.0	0.0
1.745491	3.049500000	177.564208	0.0	0.0
1.762880	3.110600000	177.506760	0.0	0.0
1.780443	3.172920000	177.449063	0.0	0.0
1.798181	3.236490000	177.391113	0.0	0.0
1.816096	3.301340000	177.332905	0.0	0.0
1.834189	3.367480000	177.274436	0.0	0.0
1.852463	3.434950000	177.215694	0.0	0.0
1.870918	3.503770000	177.156680	0.0	0.0
1.889558	3.573960000	177.097382	0.0	0.0
1.908383	3.645570000	177.037800	0.0	0.0
1.927396	3.718600000	176.977923	0.0	0.0
1.946598	3.793110000	176.917749	0.0	0.0
1.965991	3.869100000	176.857272	0.0	0.0
1.985578	3.946610000	176.796481	0.0	0.0
2.005359	4.025680000	176.735377	0.0	0.0
2.025338	4.106330000	176.673948	0.0	0.0
2.045516	4.188600000	176.612191	0.0	0.0
2.065895	4.272520000	176.550099	0.0	0.0
2.086477	4.358110000	176.487666	0.0	0.0
2.107264	4.445420000	176.424886	0.0	0.0
2.128258	4.534480000	176.361753	0.0	0.0
2.149461	4.625330000	176.298260	0.0	0.0
2.170875	4.717990000	176.234403	0.0	0.0
2.192503	4.812510000	176.170172	0.0	0.0
2.214346	4.908920000	176.105563	0.0	0.0
2.236407	5.007270000	176.040569	0.0	0.0
2.258688	5.107580000	175.975182	0.0	0.0
2.281191	5.209910000	175.909397	0.0	0.0
2.303917	5.314280000	175.843212	0.0	0.0
2.326871	5.420750000	175.776611	0.0	0.0
2.350052	5.529350000	175.709597	0.0	0.0
2.373465	5.640120000	175.642156	0.0	0.0
2.397111	5.753110000	175.574284	0.0	0.0
2.420993	5.868370000	175.505974	0.0	0.0
2.445113	5.985940000	175.437219	0.0	0.0
2.469473	6.105860000	175.368014	0.0	0.0
2.494075	6.228180000	175.298353	0.0	0.0
2.518923	6.352960000	175.228224	0.0	0.0
2.544018	6.480230000	175.157624	0.0	0.0
2.569364	6.610050000	175.086542	0.0	0.0
2.594961	6.742480000	175.014979	0.0	0.0
2.620814	6.877560000	174.942919	0.0	0.0
2.646925	7.015350000	174.870358	0.0	0.0
2.673295	7.155890000	174.797292	0.0	0.0
2.699928	7.299250000	174.723711	0.0	0.0
2.726827	7.445490000	174.649605	0.0	0.0
2.753994	7.594650000	174.574969	0.0	0.0
2.781431	7.746810000	174.499798	0.0	0.0
2.809141	7.902010000	174.424084	0.0	0.0
2.837128	8.060320000	174.347814	0.0	0.0
2.865393	8.221810000	174.270987	0.0	0.0
2.893941	8.386530000	174.193589	0.0	0.0
2.922772	8.554550000	174.115619	0.0	0.0
2.951891	8.725940000	174.037064	0.0	0.0
2.981300	8.900760000	173.957918	0.0	0.0
3.011001	9.079090000	173.878177	0.0	0.0
3.040999	9.260980000	173.797825	0.0	0.0
3.071296	9.446530000	173.716858	0.0	0.0
3.101894	9.635800000	173.635270	0.0	0.0
3.132797	9.828850000	173.553051	0.0	0.0
3.164008	10.025800000	173.470192	0.0	0.0
3.195530	10.226600000	173.386685	0.0	0.0
3.227367	10.431500000	173.302519	0.0	0.0
3.259520	10.640500000	173.217692	0.0	0.0
3.291993	10.853700000	173.132193	0.0	0.0
3.324791	11.071200000	173.046008	0.0	0.0
3.357915	11.293000000	172.959134	0.0	0.0
3.391368	11.519300000	172.871564	0.0	0.0
3.425156	11.750100000	172.783282	0.0	0.0
3.459279	11.985500000	172.694287	0.0	0.0
3.493743	12.225700000	172.604563	0.0	0.0
3.528550	12.470600000	172.514106	0.0	0.0
3.563704	12.720500000	172.422904	0.0	0.0
3.599208	12.975400000	172.330949	0.0	0.0
3.635066	13.235400000	172.238231	0.0	0.0
3.671281	13.500600000	172.144741	0.0	0.0
3.707857	13.771100000	172.050470	0.0	0.0
3.744797	14.047100000	171.955409	0.0	0.0
3.782106	14.328500000	171.859545	0.0	0.0
3.819786	14.615700000	171.762872	0.0	0.0
3.857841	14.908500000	171.665380	0.0	0.0
3.896276	15.207300000	171.567056	0.0	0.0
3.935093	15.512000000	171.467895	0.0	0.0
3.974297	15.822900000	171.367882	0.0	0.0
4.013892	16.139900000	171.267009	0.0	0.0
4.053881	16.463400000	171.165266	0.0	0.0
4.094269	16.793300000	171.062640	0.0	0.0
4.135059	17.129800000	170.959125	0.0	0.0
4.176255	17.473100000	170.854708	0.0	0.0
4.217862	17.823300000	170.749377	0.0	0.0
4.259883	18.180500000	170.643125	0.0	0.0
4.302323	18.544800000	170.535937	0.0	0.0
4.345186	18.916500000	170.427804	0.0	0.0
4.388476	19.295600000	170.318714	0.0	0.0
4.432197	19.682300000	170.208658	0.0	0.0
4.476353	20.076800000	170.097624	0.0	0.0
4.520950	20.479200000	169.985597	0.0	0.0
4.565991	20.889600000	169.872570	0.0	0.0
4.611480	21.308300000	169.758531	0.0	0.0
4.657423	21.735400000	169.643465	0.0	0.0
4.703824	22.171100000	169.527361	0.0	0.0
4.750687	22.615500000	169.410210	0.0	0.0
4.798016	23.068800000	169.291999	0.0	0.0
4.845817	23.531200000	169.172714	0.0	0.0
4.894095	24.002800000	169.052341	0.0	0.0
4.942853	24.484000000	168.930872	0.0	0.0
4.992097	24.974800000	168.808293	0.0	0.0
5.041832	25.475400000	168.684589	0.0	0.0
5.092062	25.986100000	168.559749	0.0	0.0
5.142793	26.507000000	168.433759	0.0	0.0
5.194029	27.038400000	168.306608	0.0	0.0
5.245776	27.580400000	168.178279	0.0	0.0
5.298038	28.133400000	168.048763	0.0	0.0
5.350821	28.697400000	167.918043	0.0	0.0
5.404129	29.272700000	167.786108	0.0	0.0
5.457969	29.859600000	167.652942	0.0	0.0
5.512345	30.458300000	167.518531	0.0	0.0
5.567263	31.068900000	167.382862	0.0	0.0
5.622728	31.691900000	167.245921	0.0	0.0
5.678746	32.327300000	167.107691	0.0	0.0
5.735321	32.975500000	166.968162	0.0	0.0
5.792460	33.636700000	166.827316	0.0	0.0
5.850169	34.311200000	166.685136	0.0	0.0
5.908453	34.999200000	166.541610	0.0	0.0
5.967317	35.701100000	166.396723	0.0	0.0
6.026767	36.417000000	166.250460	0.0	0.0
6.086810	37.147300000	166.102803	0.0	0.0
6.147451	37.892300000	165.953738	0.0	0.0
6.208696	38.652200000	165.803248	0.0	0.0
6.270552	39.427400000	165.651316	0.0	0.0
6.333023	40.218100000	165.497929	0.0	0.0
6.396117	41.024800000	165.343068	0.0	0.0
6.459840	41.847600000	165.186715	0.0	0.0
6.524198	42.686900000	165.028855	0.0	0.0
6.589196	43.543200000	164.869474	0.0	0.0
6.654842	44.416600000	164.708550	0.0	0.0
6.721143	45.307600000	164.546065	0.0	0.0
6.788103	46.216400000	164.382007	0.0	0.0
6.855731	47.143500000	164.216352	0.0	0.0
6.924033	48.089300000	164.049084	0.0	0.0
6.993015	49.054100000	163.880187	0.0	0.0
7.062684	50.038200000	163.709641	0.0	0.0
7.133048	51.042100000	163.537424	0.0	0.0
7.204112	52.066200000	163.363523	0.0	0.0
7.275884	53.110900000	163.187915	0.0	0.0
7.348372	54.176500000	163.010580	0.0	0.0
7.421582	55.263600000	162.831499	0.0	0.0
7.495521	56.372600000	162.650655	0.0	0.0
7.570196	57.503800000	162.468026	0.0	0.0
7.645616	58.657800000	162.283589	0.0	0.0
7.721787	59.834900000	162.097326	0.0	0.0
7.798717	61.035800000	161.909216	0.0	0.0
7.876413	62.260800000	161.719238	0.0	0.0
7.954883	63.510400000	161.527370	0.0	0.0
8.034135	64.785100000	161.333590	0.0	0.0
8.114177	66.085500000	161.137876	0.0	0.0
8.195016	67.412000000	160.940206	0.0	0.0
8.276661	68.765200000	160.740557	0.0	0.0
8.359119	70.145600000	160.538907	0.0	0.0
8.442398	71.553800000	160.335234	0.0	0.0
8.526507	72.990400000	160.129512	0.0	0.0
8.611454	74.455800000	159.921719	0.0	0.0
8.697247	75.950700000	159.711831	0.0	0.0
8.783896	77.475700000	159.499820	0.0	0.0
8.871407	79.031300000	159.285667	0.0	0.0
8.959790	80.618300000	159.069344	0.0	0.0
9.049054	82.237200000	158.850825	0.0	0.0
9.139207	83.888600000	158.630086	0.0	0.0
9.230258	85.573300000	158.407100	0.0	0.0
9.322216	87.291900000	158.181842	0.0	0.0
9.415091	89.045200000	157.954282	0.0	0.0
9.508890	90.833700000	157.724398	0.0	0.0
9.603625	92.658200000	157.492156	0.0	0.0
9.699303	94.519400000	157.257533	0.0	0.0
9.795934	96.418100000	157.020500	0.0	0.0
9.893528	98.355000000	156.781027	0.0	0.0
9.992094	100.331000000	156.539086	0.0	0.0
10.091640	102.347000000	156.294653	0.0	0.0
10.192180	104.403000000	156.047686	0.0	0.0
10.293720	106.501000000	155.798165	0.0	0.0
10.396280	108.641000000	155.546035	0.0	0.0
10.499850	110.824000000	155.291314	0.0	0.0
10.604460	113.051000000	155.033920	0.0	0.0
10.710110	115.323000000	154.773849	0.0	0.0
10.816810	117.640000000	154.511067	0.0	0.0
10.924570	120.004000000	154.245543	0.0	0.0
11.033410	122.416000000	153.977220	0.0	0.0
11.143340	124.877000000	153.706066	0.0	0.0
11.254350	127.387000000	153.432097	0.0	0.0
11.366480	129.947000000	153.155208	0.0	0.0
11.479720	132.560000000	152.875413	0.0	0.0
11.594090	135.224000000	152.592654	0.0	0.0
11.709600	137.943000000	152.306899	0.0	0.0
11.826250	140.716000000	152.018138	0.0	0.0
11.944080	143.545000000	151.726262	0.0	0.0
12.063070	146.431000000	151.431310	0.0	0.0
12.183250	149.375000000	151.133200	0.0	0.0
12.304630	152.379000000	150.831895	0.0	0.0
12.427220	155.443000000	150.527359	0.0	0.0
12.551030	158.568000000	150.219557	0.0	0.0
12.676070	161.757000000	149.908453	0.0	0.0
12.802360	165.010000000	149.593984	0.0	0.0
12.929900	168.328000000	149.276140	0.0	0.0
13.058720	171.713000000	148.954832	0.0	0.0
13.188820	175.167000000	148.630048	0.0	0.0
13.320220	178.689000000	148.301725	0.0	0.0
13.452920	182.283000000	147.969849	0.0	0.0
13.586950	185.949000000	147.634330	0.0	0.0
13.722310	189.689000000	147.295155	0.0	0.0
13.859020	193.504000000	146.952258	0.0	0.0
13.997100	197.396000000	146.605573	0.0	0.0
14.136540	201.366000000	146.255111	0.0	0.0
14.277380	205.416000000	145.900754	0.0	0.0
14.419620	209.547000000	145.542485	0.0	0.0
14.563280	213.761000000	145.180236	0.0	0.0
14.708370	218.060000000	144.813966	0.0	0.0
14.854910	222.445000000	144.443603	0.0	0.0
15.002900	226.919000000	144.069131	0.0	0.0
15.152370	231.482000000	143.690452	0.0	0.0
15.303330	236.137000000	143.307523	0.0	0.0
15.455790	240.885000000	142.920296	0.0	0.0
15.609770	245.728000000	142.528700	0.0	0.0
15.765290	250.669000000	142.132662	0.0	0.0
15.922350	255.708000000	141.732159	0.0	0.0
16.080980	260.848000000	141.327092	0.0	0.0
16.241190	266.085000000	140.917411	0.0	0.0
16.403000	271.381000000	140.503041	0.0	0.0
16.566420	276.571000000	140.083929	0.0	0.0
16.731460	281.165000000	139.660026	0.0	0.0
16.898160	284.069000000	139.231201	0.0	0.0
17.066510	283.344000000	138.797452	0.0	0.0
17.236540	276.298000000	138.358673	0.0	0.0
17.408260	260.140000000	137.914810	0.0	0.0
17.581690	233.183000000	137.465781	0.0	0.0
17.756850	196.100000000	137.011503	0.0	0.0
17.933760	152.458000000	136.551893	0.0	0.0
18.112430	107.966000000	136.086892	0.0	0.0
18.292880	68.574400000	135.616414	0.0	0.0
18.475120	38.399800000	135.140399	0.0	0.0
18.659180	18.575100000	134.658733	0.0	0.0
18.845080	7.562500000	134.171328	0.0	0.0
19.032830	2.500610000	133.678119	0.0	0.0
19.222450	0.636952000	133.179016	0.0	0.0
19.413950	0.114601000	132.673954	0.0	0.0
19.607370	0.012343300	132.162786	0.0	0.0
19.802710	0.000519322	131.645471	0.0	0.0
20.000000	0.000006100	131.121887	0.0	0.0

