#UNLASSIFIED
#
# Response info for RAR broad-band site.
#
# Effective: 27 May 2003
# Creation date: 26 Jan 2007
# File name: RAR_BB_rsp.txt
#
# Source: James Neely (TTD), TSgt Magar
# System equipment: Guralp_CMG-3T seismometer and Quanterra_Q680
# digitizer.
#
# The response file was derived from equations of state.
# Displacement response normalized to 1.0 at 0.1 Hz.
#
# The calib values for this configuration are as follows:
#
# RAR BHZ is 0.195500 nm/count at 0.1 Hz.
# RAR BHN is 0.190300 nm/count at 0.1 Hz.
# RAR BHE is 0.190700 nm/count at 0.1 Hz.
#
# Freq(Hz)     Amp(counts/nm)    Phase(deg)   Error(amp) Error(phase)
#
 theoretical  0       system    fap   J.Neely
1000
0.001000	0.000144142	260.224368	0.0	0.0
0.001010	0.000148492	260.126045	0.0	0.0
0.001020	0.000152974	260.026717	0.0	0.0
0.001030	0.000157591	259.926374	0.0	0.0
0.001040	0.000162348	259.825004	0.0	0.0
0.001051	0.000167248	259.722587	0.0	0.0
0.001061	0.000172295	259.619121	0.0	0.0
0.001072	0.000177495	259.514595	0.0	0.0
0.001083	0.000182852	259.408988	0.0	0.0
0.001093	0.000188370	259.302299	0.0	0.0
0.001104	0.000194056	259.194516	0.0	0.0
0.001115	0.000199913	259.085620	0.0	0.0
0.001126	0.000205946	258.975597	0.0	0.0
0.001138	0.000212161	258.864447	0.0	0.0
0.001149	0.000218564	258.752148	0.0	0.0
0.001160	0.000225160	258.638689	0.0	0.0
0.001172	0.000231956	258.524059	0.0	0.0
0.001184	0.000238956	258.408245	0.0	0.0
0.001195	0.000246167	258.291227	0.0	0.0
0.001207	0.000253596	258.173003	0.0	0.0
0.001219	0.000261249	258.053560	0.0	0.0
0.001231	0.000269132	257.932868	0.0	0.0
0.001244	0.000277254	257.810934	0.0	0.0
0.001256	0.000285621	257.687727	0.0	0.0
0.001269	0.000294240	257.563245	0.0	0.0
0.001281	0.000303118	257.437465	0.0	0.0
0.001294	0.000312265	257.310386	0.0	0.0
0.001307	0.000321688	257.181976	0.0	0.0
0.001320	0.000331394	257.052232	0.0	0.0
0.001333	0.000341394	256.921132	0.0	0.0
0.001346	0.000351695	256.788665	0.0	0.0
0.001360	0.000362307	256.654806	0.0	0.0
0.001373	0.000373237	256.519555	0.0	0.0
0.001387	0.000384498	256.382888	0.0	0.0
0.001401	0.000396100	256.244793	0.0	0.0
0.001415	0.000408050	256.105247	0.0	0.0
0.001429	0.000420360	255.964238	0.0	0.0
0.001443	0.000433043	255.821752	0.0	0.0
0.001457	0.000446106	255.677767	0.0	0.0
0.001472	0.000459564	255.532260	0.0	0.0
0.001487	0.000473428	255.385227	0.0	0.0
0.001501	0.000487709	255.236645	0.0	0.0
0.001516	0.000502421	255.086492	0.0	0.0
0.001532	0.000517576	254.934752	0.0	0.0
0.001547	0.000533188	254.781414	0.0	0.0
0.001562	0.000549269	254.626453	0.0	0.0
0.001578	0.000565836	254.469846	0.0	0.0
0.001593	0.000582901	254.311579	0.0	0.0
0.001609	0.000600482	254.151627	0.0	0.0
0.001625	0.000618590	253.989988	0.0	0.0
0.001642	0.000637245	253.826615	0.0	0.0
0.001658	0.000656462	253.661506	0.0	0.0
0.001674	0.000676256	253.494646	0.0	0.0
0.001691	0.000696647	253.325991	0.0	0.0
0.001708	0.000717653	253.155544	0.0	0.0
0.001725	0.000739290	252.983273	0.0	0.0
0.001742	0.000761578	252.809151	0.0	0.0
0.001760	0.000784538	252.633164	0.0	0.0
0.001777	0.000808189	252.455287	0.0	0.0
0.001795	0.000832550	252.275493	0.0	0.0
0.001813	0.000857645	252.093767	0.0	0.0
0.001831	0.000883495	251.910085	0.0	0.0
0.001849	0.000910121	251.724419	0.0	0.0
0.001867	0.000937549	251.536744	0.0	0.0
0.001886	0.000965802	251.347043	0.0	0.0
0.001905	0.000994901	251.155281	0.0	0.0
0.001924	0.001024884	250.961451	0.0	0.0
0.001943	0.001055760	250.765505	0.0	0.0
0.001962	0.001087560	250.567427	0.0	0.0
0.001982	0.001120321	250.367190	0.0	0.0
0.002002	0.001154064	250.164776	0.0	0.0
0.002022	0.001188829	249.960139	0.0	0.0
0.002042	0.001224624	249.753280	0.0	0.0
0.002062	0.001261499	249.544142	0.0	0.0
0.002083	0.001299483	249.332716	0.0	0.0
0.002103	0.001338607	249.118964	0.0	0.0
0.002124	0.001378898	248.902868	0.0	0.0
0.002145	0.001420407	248.684378	0.0	0.0
0.002167	0.001463153	248.463486	0.0	0.0
0.002188	0.001507186	248.240153	0.0	0.0
0.002210	0.001552533	248.014350	0.0	0.0
0.002232	0.001599236	247.786046	0.0	0.0
0.002254	0.001647342	247.555201	0.0	0.0
0.002277	0.001696892	247.321796	0.0	0.0
0.002300	0.001747914	247.085791	0.0	0.0
0.002322	0.001800468	246.847153	0.0	0.0
0.002346	0.001854593	246.605854	0.0	0.0
0.002369	0.001910337	246.361851	0.0	0.0
0.002393	0.001967751	246.115112	0.0	0.0
0.002416	0.002026873	245.865618	0.0	0.0
0.002441	0.002087762	245.613304	0.0	0.0
0.002465	0.002150467	245.358160	0.0	0.0
0.002489	0.002215038	245.100143	0.0	0.0
0.002514	0.002281533	244.839209	0.0	0.0
0.002539	0.002350021	244.575326	0.0	0.0
0.002565	0.002420541	244.308451	0.0	0.0
0.002590	0.002493162	244.038560	0.0	0.0
0.002616	0.002567943	243.765599	0.0	0.0
0.002642	0.002644943	243.489534	0.0	0.0
0.002668	0.002724230	243.210319	0.0	0.0
0.002695	0.002805874	242.927922	0.0	0.0
0.002722	0.002889942	242.642296	0.0	0.0
0.002749	0.002976504	242.353395	0.0	0.0
0.002776	0.003065629	242.061197	0.0	0.0
0.002804	0.003157395	241.765631	0.0	0.0
0.002832	0.003251870	241.466675	0.0	0.0
0.002860	0.003349143	241.164281	0.0	0.0
0.002888	0.003449283	240.858402	0.0	0.0
0.002917	0.003552388	240.548991	0.0	0.0
0.002946	0.003658527	240.236001	0.0	0.0
0.002976	0.003767787	239.919384	0.0	0.0
0.003005	0.003880268	239.599114	0.0	0.0
0.003035	0.003996057	239.275109	0.0	0.0
0.003066	0.004115243	238.947355	0.0	0.0
0.003096	0.004237935	238.615781	0.0	0.0
0.003127	0.004364199	238.280348	0.0	0.0
0.003158	0.004494175	237.941009	0.0	0.0
0.003190	0.004627950	237.597703	0.0	0.0
0.003221	0.004765623	237.250392	0.0	0.0
0.003253	0.004907312	236.899015	0.0	0.0
0.003286	0.005053123	236.543533	0.0	0.0
0.003319	0.005203176	236.183876	0.0	0.0
0.003352	0.005357588	235.820015	0.0	0.0
0.003385	0.005516467	235.451879	0.0	0.0
0.003419	0.005679941	235.079418	0.0	0.0
0.003453	0.005848137	234.702593	0.0	0.0
0.003487	0.006021183	234.321332	0.0	0.0
0.003522	0.006199216	233.935585	0.0	0.0
0.003557	0.006382354	233.545315	0.0	0.0
0.003592	0.006570745	233.150437	0.0	0.0
0.003628	0.006764516	232.750926	0.0	0.0
0.003664	0.006963824	232.346709	0.0	0.0
0.003701	0.007168816	231.937738	0.0	0.0
0.003738	0.007379621	231.523964	0.0	0.0
0.003775	0.007596404	231.105317	0.0	0.0
0.003813	0.007819324	230.681749	0.0	0.0
0.003851	0.008048517	230.253201	0.0	0.0
0.003889	0.008284170	229.819626	0.0	0.0
0.003928	0.008526420	229.380956	0.0	0.0
0.003967	0.008775455	228.937156	0.0	0.0
0.004006	0.009031430	228.488159	0.0	0.0
0.004046	0.009294524	228.033910	0.0	0.0
0.004087	0.009564892	227.574353	0.0	0.0
0.004127	0.009842780	227.109447	0.0	0.0
0.004168	0.010128179	226.639140	0.0	0.0
0.004210	0.010421530	226.163356	0.0	0.0
0.004252	0.010722834	225.682069	0.0	0.0
0.004294	0.011032384	225.195218	0.0	0.0
0.004337	0.011350280	224.702757	0.0	0.0
0.004380	0.011676717	224.204638	0.0	0.0
0.004424	0.012011989	223.700806	0.0	0.0
0.004468	0.012356196	223.191219	0.0	0.0
0.004512	0.012709533	222.675848	0.0	0.0
0.004557	0.013072295	222.154631	0.0	0.0
0.004603	0.013444580	221.627532	0.0	0.0
0.004649	0.013826585	221.094517	0.0	0.0
0.004695	0.014218505	220.555542	0.0	0.0
0.004742	0.014620636	220.010567	0.0	0.0
0.004789	0.015033174	219.459566	0.0	0.0
0.004837	0.015456216	218.902515	0.0	0.0
0.004885	0.015890058	218.339383	0.0	0.0
0.004934	0.016334797	217.770129	0.0	0.0
0.004983	0.016790729	217.194751	0.0	0.0
0.005032	0.017258049	216.613216	0.0	0.0
0.005082	0.017736856	216.025507	0.0	0.0
0.005133	0.018227542	215.431620	0.0	0.0
0.005184	0.018730009	214.831536	0.0	0.0
0.005236	0.019244748	214.225258	0.0	0.0
0.005288	0.019771759	213.612776	0.0	0.0
0.005341	0.020311337	212.994105	0.0	0.0
0.005394	0.020863580	212.369241	0.0	0.0
0.005448	0.021428684	211.738198	0.0	0.0
0.005502	0.022006845	211.100984	0.0	0.0
0.005557	0.022598162	210.457622	0.0	0.0
0.005612	0.023202929	209.808156	0.0	0.0
0.005668	0.023821146	209.152597	0.0	0.0
0.005725	0.024453108	208.490987	0.0	0.0
0.005782	0.025098815	207.823363	0.0	0.0
0.005839	0.025758560	207.149780	0.0	0.0
0.005897	0.026432346	206.470297	0.0	0.0
0.005956	0.027120366	205.784949	0.0	0.0
0.006015	0.027822721	205.093832	0.0	0.0
0.006075	0.028539507	204.396993	0.0	0.0
0.006136	0.029270726	203.694522	0.0	0.0
0.006197	0.030016572	202.986501	0.0	0.0
0.006259	0.030777047	202.273022	0.0	0.0
0.006321	0.031552249	201.554184	0.0	0.0
0.006384	0.032342275	200.830093	0.0	0.0
0.006448	0.033147125	200.100851	0.0	0.0
0.006512	0.033966702	199.366591	0.0	0.0
0.006577	0.034801202	198.627429	0.0	0.0
0.006642	0.035650625	197.883492	0.0	0.0
0.006708	0.036514775	197.134933	0.0	0.0
0.006775	0.037393749	196.381882	0.0	0.0
0.006843	0.038287547	195.624508	0.0	0.0
0.006911	0.039196072	194.862954	0.0	0.0
0.006980	0.040119324	194.097394	0.0	0.0
0.007049	0.041057105	193.327996	0.0	0.0
0.007120	0.042009515	192.554935	0.0	0.0
0.007191	0.042976259	191.778396	0.0	0.0
0.007262	0.043957336	190.998576	0.0	0.0
0.007335	0.044952551	190.215662	0.0	0.0
0.007408	0.045961904	189.429853	0.0	0.0
0.007481	0.046985197	188.641368	0.0	0.0
0.007556	0.048022235	187.850398	0.0	0.0
0.007631	0.049072821	187.057160	0.0	0.0
0.007707	0.050136858	186.261888	0.0	0.0
0.007784	0.051214148	185.464786	0.0	0.0
0.007862	0.052304496	184.666086	0.0	0.0
0.007940	0.053407705	183.866012	0.0	0.0
0.008019	0.054523579	183.064802	0.0	0.0
0.008099	0.055651823	182.262685	0.0	0.0
0.008180	0.056792339	181.459895	0.0	0.0
0.008261	0.057944833	180.656677	0.0	0.0
0.008343	0.059109107	179.853247	0.0	0.0
0.008426	0.060284967	179.049862	0.0	0.0
0.008510	0.061472019	178.246741	0.0	0.0
0.008595	0.062670263	177.444132	0.0	0.0
0.008681	0.063879306	176.642265	0.0	0.0
0.008767	0.065098952	175.841377	0.0	0.0
0.008855	0.066329103	175.041704	0.0	0.0
0.008943	0.067569268	174.243464	0.0	0.0
0.009032	0.068819448	173.446889	0.0	0.0
0.009122	0.070079346	172.652211	0.0	0.0
0.009213	0.071348670	171.859639	0.0	0.0
0.009305	0.072627320	171.069400	0.0	0.0
0.009397	0.073915003	170.281705	0.0	0.0
0.009491	0.075211619	169.496755	0.0	0.0
0.009586	0.076516876	168.714756	0.0	0.0
0.009681	0.077830673	167.935908	0.0	0.0
0.009777	0.079152717	167.160408	0.0	0.0
0.009875	0.080483009	166.388439	0.0	0.0
0.009973	0.081821252	165.620179	0.0	0.0
0.010073	0.083167350	164.855778	0.0	0.0
0.010173	0.084521203	164.095474	0.0	0.0
0.010274	0.085882616	163.339390	0.0	0.0
0.010377	0.087251491	162.587681	0.0	0.0
0.010480	0.088627729	161.840499	0.0	0.0
0.010584	0.090011330	161.097988	0.0	0.0
0.010690	0.091401999	160.360286	0.0	0.0
0.010796	0.092799836	159.627526	0.0	0.0
0.010904	0.094204839	158.899833	0.0	0.0
0.011013	0.095616715	158.177326	0.0	0.0
0.011122	0.097035660	157.460055	0.0	0.0
0.011233	0.098461182	156.748193	0.0	0.0
0.011345	0.099894558	156.041840	0.0	0.0
0.011458	0.101333826	155.341029	0.0	0.0
0.011572	0.102780947	154.645910	0.0	0.0
0.011688	0.104234940	153.956507	0.0	0.0
0.011804	0.105695806	153.272897	0.0	0.0
0.011922	0.107163544	152.595153	0.0	0.0
0.012040	0.108638155	151.923340	0.0	0.0
0.012160	0.110120620	151.257463	0.0	0.0
0.012281	0.111609957	150.597635	0.0	0.0
0.012404	0.113106166	149.943903	0.0	0.0
0.012527	0.114610230	149.296207	0.0	0.0
0.012652	0.116122147	148.654690	0.0	0.0
0.012778	0.117640937	148.019287	0.0	0.0
0.012906	0.119167581	147.390029	0.0	0.0
0.013034	0.120703061	146.766991	0.0	0.0
0.013164	0.122245414	146.150099	0.0	0.0
0.013295	0.123796602	145.539421	0.0	0.0
0.013428	0.125355644	144.934968	0.0	0.0
0.013561	0.126922541	144.336660	0.0	0.0
0.013696	0.128499255	143.744551	0.0	0.0
0.013833	0.130083823	143.158642	0.0	0.0
0.013971	0.131678209	142.578892	0.0	0.0
0.014110	0.133280449	142.005255	0.0	0.0
0.014250	0.134892507	141.437768	0.0	0.0
0.014392	0.136514382	140.876343	0.0	0.0
0.014536	0.138146075	140.321046	0.0	0.0
0.014681	0.139786604	139.771748	0.0	0.0
0.014827	0.141437932	139.228473	0.0	0.0
0.014975	0.143099078	138.691165	0.0	0.0
0.015124	0.144771023	138.159840	0.0	0.0
0.015275	0.146453768	137.634371	0.0	0.0
0.015427	0.148146330	137.114804	0.0	0.0
0.015580	0.149850674	136.601045	0.0	0.0
0.015736	0.151566798	136.093036	0.0	0.0
0.015892	0.153293722	135.590781	0.0	0.0
0.016051	0.155032428	135.094220	0.0	0.0
0.016211	0.156783896	134.603291	0.0	0.0
0.016372	0.158546164	134.117962	0.0	0.0
0.016535	0.160322176	133.638172	0.0	0.0
0.016700	0.162109969	133.163888	0.0	0.0
0.016866	0.163910526	132.695017	0.0	0.0
0.017034	0.165724827	132.231556	0.0	0.0
0.017204	0.167551891	131.773412	0.0	0.0
0.017375	0.169392700	131.320552	0.0	0.0
0.017549	0.171248235	130.872914	0.0	0.0
0.017723	0.173116534	130.430461	0.0	0.0
0.017900	0.174999558	129.993131	0.0	0.0
0.018078	0.176897309	129.560863	0.0	0.0
0.018258	0.178809787	129.133595	0.0	0.0
0.018440	0.180736991	128.711269	0.0	0.0
0.018624	0.182679903	128.293870	0.0	0.0
0.018810	0.184637542	127.881292	0.0	0.0
0.018997	0.186611871	127.473521	0.0	0.0
0.019186	0.188600926	127.070476	0.0	0.0
0.019377	0.190607653	126.672100	0.0	0.0
0.019570	0.192630089	126.278356	0.0	0.0
0.019765	0.194669214	125.889188	0.0	0.0
0.019962	0.196726011	125.504518	0.0	0.0
0.020161	0.198799498	125.124312	0.0	0.0
0.020362	0.200890657	124.748514	0.0	0.0
0.020565	0.202999488	124.377072	0.0	0.0
0.020770	0.205125990	124.009930	0.0	0.0
0.020977	0.207272128	123.647019	0.0	0.0
0.021186	0.209434955	123.288322	0.0	0.0
0.021397	0.211618400	122.933754	0.0	0.0
0.021610	0.213819516	122.583281	0.0	0.0
0.021825	0.216040268	122.236853	0.0	0.0
0.022043	0.218280655	121.894406	0.0	0.0
0.022262	0.220541659	121.555892	0.0	0.0
0.022484	0.222821317	121.221279	0.0	0.0
0.022708	0.225122573	120.890505	0.0	0.0
0.022934	0.227443465	120.563509	0.0	0.0
0.023163	0.229785956	120.240277	0.0	0.0
0.023394	0.232150045	119.920720	0.0	0.0
0.023627	0.234534752	119.604825	0.0	0.0
0.023862	0.236941057	119.292520	0.0	0.0
0.024100	0.239369943	118.983777	0.0	0.0
0.024340	0.241820427	118.678556	0.0	0.0
0.024582	0.244293493	118.376777	0.0	0.0
0.024827	0.246790120	118.078438	0.0	0.0
0.025075	0.249309329	117.783465	0.0	0.0
0.025324	0.251852099	117.491831	0.0	0.0
0.025577	0.254418432	117.203486	0.0	0.0
0.025832	0.257008327	116.918394	0.0	0.0
0.026089	0.259622767	116.636509	0.0	0.0
0.026349	0.262261750	116.357783	0.0	0.0
0.026611	0.264925278	116.082193	0.0	0.0
0.026876	0.267614331	115.809684	0.0	0.0
0.027144	0.270327929	115.540213	0.0	0.0
0.027415	0.273068034	115.273757	0.0	0.0
0.027688	0.275833665	115.010274	0.0	0.0
0.027964	0.278625804	114.749724	0.0	0.0
0.028242	0.281444451	114.492057	0.0	0.0
0.028524	0.284289605	114.237261	0.0	0.0
0.028808	0.287162248	113.985271	0.0	0.0
0.029095	0.290061400	113.736076	0.0	0.0
0.029385	0.292989022	113.489631	0.0	0.0
0.029677	0.295945115	113.245899	0.0	0.0
0.029973	0.298929680	113.004845	0.0	0.0
0.030272	0.301941734	112.766443	0.0	0.0
0.030573	0.304984223	112.530650	0.0	0.0
0.030878	0.308055183	112.297442	0.0	0.0
0.031185	0.311155596	112.066786	0.0	0.0
0.031496	0.314286444	111.838643	0.0	0.0
0.031810	0.317447726	111.612981	0.0	0.0
0.032127	0.320639443	111.389778	0.0	0.0
0.032447	0.323861595	111.168997	0.0	0.0
0.032770	0.327115163	110.950608	0.0	0.0
0.033097	0.330401129	110.734584	0.0	0.0
0.033426	0.333718512	110.520895	0.0	0.0
0.033759	0.337068294	110.309510	0.0	0.0
0.034096	0.340450473	110.100406	0.0	0.0
0.034435	0.343866032	109.893546	0.0	0.0
0.034778	0.347313990	109.688910	0.0	0.0
0.035125	0.350796309	109.486473	0.0	0.0
0.035475	0.354312991	109.286199	0.0	0.0
0.035828	0.357864033	109.088064	0.0	0.0
0.036185	0.361449438	108.892050	0.0	0.0
0.036546	0.365070186	108.698118	0.0	0.0
0.036910	0.368725296	108.506256	0.0	0.0
0.037278	0.372417713	108.316431	0.0	0.0
0.037649	0.376145474	108.128618	0.0	0.0
0.038024	0.379910542	107.942799	0.0	0.0
0.038403	0.383711935	107.758940	0.0	0.0
0.038785	0.387551616	107.577031	0.0	0.0
0.039172	0.391428605	107.397037	0.0	0.0
0.039562	0.395342901	107.218939	0.0	0.0
0.039956	0.399296467	107.042718	0.0	0.0
0.040354	0.403289304	106.868347	0.0	0.0
0.040756	0.407321412	106.695804	0.0	0.0
0.041162	0.411392790	106.525067	0.0	0.0
0.041572	0.415504421	106.356122	0.0	0.0
0.041987	0.419656304	106.188937	0.0	0.0
0.042405	0.423850403	106.023499	0.0	0.0
0.042827	0.428084754	105.859784	0.0	0.0
0.043254	0.432361321	105.697775	0.0	0.0
0.043685	0.436680104	105.537447	0.0	0.0
0.044120	0.441041103	105.378785	0.0	0.0
0.044560	0.445445299	105.221766	0.0	0.0
0.045004	0.449892693	105.066371	0.0	0.0
0.045452	0.454385248	104.912585	0.0	0.0
0.045905	0.458921983	104.760389	0.0	0.0
0.046362	0.463502897	104.609760	0.0	0.0
0.046824	0.468128972	104.460684	0.0	0.0
0.047291	0.472802172	104.313139	0.0	0.0
0.047762	0.477520534	104.167113	0.0	0.0
0.048238	0.482286019	104.022583	0.0	0.0
0.048718	0.487098630	103.879537	0.0	0.0
0.049204	0.491959347	103.737953	0.0	0.0
0.049694	0.496867189	103.597818	0.0	0.0
0.050189	0.501824119	103.459115	0.0	0.0
0.050689	0.506830137	103.321824	0.0	0.0
0.051194	0.511886225	103.185933	0.0	0.0
0.051704	0.516992383	103.051425	0.0	0.0
0.052219	0.522148612	102.918284	0.0	0.0
0.052739	0.527356873	102.786496	0.0	0.0
0.053265	0.532616187	102.656042	0.0	0.0
0.053795	0.537927534	102.526911	0.0	0.0
0.054331	0.543291896	102.399085	0.0	0.0
0.054873	0.548710256	102.272553	0.0	0.0
0.055419	0.554180649	102.147297	0.0	0.0
0.055971	0.559707002	102.023303	0.0	0.0
0.056529	0.565287353	101.900560	0.0	0.0
0.057092	0.570922682	101.779051	0.0	0.0
0.057661	0.576614954	101.658761	0.0	0.0
0.058235	0.582363186	101.539679	0.0	0.0
0.058816	0.588169343	101.421792	0.0	0.0
0.059402	0.594032441	101.305086	0.0	0.0
0.059993	0.599953464	101.189547	0.0	0.0
0.060591	0.605933393	101.075161	0.0	0.0
0.061195	0.611973210	100.961918	0.0	0.0
0.061804	0.618072914	100.849805	0.0	0.0
0.062420	0.624233487	100.738807	0.0	0.0
0.063042	0.630454930	100.628913	0.0	0.0
0.063670	0.636738224	100.520111	0.0	0.0
0.064304	0.643083369	100.412390	0.0	0.0
0.064945	0.649492329	100.305736	0.0	0.0
0.065592	0.655965104	100.200139	0.0	0.0
0.066246	0.662501694	100.095587	0.0	0.0
0.066906	0.669104061	99.992067	0.0	0.0
0.067572	0.675771225	99.889569	0.0	0.0
0.068245	0.682504168	99.788082	0.0	0.0
0.068925	0.689304852	99.687596	0.0	0.0
0.069612	0.696173278	99.588096	0.0	0.0
0.070305	0.703110427	99.489575	0.0	0.0
0.071006	0.710115318	99.392021	0.0	0.0
0.071713	0.717190896	99.295423	0.0	0.0
0.072428	0.724336180	99.199771	0.0	0.0
0.073149	0.731552150	99.105055	0.0	0.0
0.073878	0.738840772	99.011264	0.0	0.0
0.074614	0.746201061	98.918389	0.0	0.0
0.075357	0.753634984	98.826419	0.0	0.0
0.076108	0.761143520	98.735343	0.0	0.0
0.076866	0.768725689	98.645155	0.0	0.0
0.077632	0.776384435	98.555842	0.0	0.0
0.078406	0.784117796	98.467396	0.0	0.0
0.079187	0.791928716	98.379806	0.0	0.0
0.079976	0.799817195	98.293065	0.0	0.0
0.080773	0.807784216	98.207163	0.0	0.0
0.081577	0.815830759	98.122088	0.0	0.0
0.082390	0.823956826	98.037835	0.0	0.0
0.083211	0.832164379	97.954394	0.0	0.0
0.084040	0.840453418	97.871755	0.0	0.0
0.084877	0.848823944	97.789910	0.0	0.0
0.085723	0.857278902	97.708850	0.0	0.0
0.086577	0.865817309	97.628567	0.0	0.0
0.087439	0.874441130	97.549052	0.0	0.0
0.088310	0.883149383	97.470298	0.0	0.0
0.089190	0.891945013	97.392294	0.0	0.0
0.090079	0.900828020	97.315034	0.0	0.0
0.090976	0.909800368	97.238511	0.0	0.0
0.091883	0.918861074	97.162714	0.0	0.0
0.092798	0.928011121	97.087637	0.0	0.0
0.093722	0.937253454	97.013271	0.0	0.0
0.094656	0.946587091	96.939609	0.0	0.0
0.095599	0.956013996	96.866644	0.0	0.0
0.096552	0.965534168	96.794367	0.0	0.0
0.097514	0.975148590	96.722772	0.0	0.0
0.098485	0.984857261	96.651850	0.0	0.0
0.099466	0.994665091	96.581594	0.0	0.0
0.100457	1.004571096	96.511996	0.0	0.0
0.101458	1.014575279	96.443054	0.0	0.0
0.102469	1.024677638	96.374754	0.0	0.0
0.103490	1.034878173	96.307090	0.0	0.0
0.104521	1.045186702	96.240062	0.0	0.0
0.105562	1.055593408	96.173655	0.0	0.0
0.106614	1.066098290	96.107864	0.0	0.0
0.107676	1.076711167	96.042688	0.0	0.0
0.108749	1.087432037	95.978108	0.0	0.0
0.109832	1.098260902	95.914131	0.0	0.0
0.110926	1.109197761	95.850743	0.0	0.0
0.112031	1.120242614	95.787934	0.0	0.0
0.113148	1.131395461	95.725709	0.0	0.0
0.114275	1.142656302	95.664050	0.0	0.0
0.115413	1.154034955	95.602963	0.0	0.0
0.116563	1.165521602	95.542426	0.0	0.0
0.117724	1.177126061	95.482450	0.0	0.0
0.118897	1.188838513	95.423013	0.0	0.0
0.120082	1.200678596	95.364120	0.0	0.0
0.121278	1.212626672	95.305757	0.0	0.0
0.122486	1.224702378	95.247928	0.0	0.0
0.123707	1.236886078	95.190619	0.0	0.0
0.124939	1.249197407	95.133824	0.0	0.0
0.126184	1.261636366	95.077543	0.0	0.0
0.127441	1.274193137	95.021767	0.0	0.0
0.128711	1.286877537	94.966488	0.0	0.0
0.129993	1.299679748	94.911704	0.0	0.0
0.131288	1.312619407	94.857408	0.0	0.0
0.132596	1.325686695	94.803594	0.0	0.0
0.133917	1.338881613	94.750259	0.0	0.0
0.135251	1.352204160	94.697395	0.0	0.0
0.136599	1.365654336	94.645000	0.0	0.0
0.137960	1.379251777	94.593064	0.0	0.0
0.139334	1.392976848	94.541583	0.0	0.0
0.140722	1.406839366	94.490555	0.0	0.0
0.142124	1.420839330	94.439971	0.0	0.0
0.143540	1.434976742	94.389830	0.0	0.0
0.144970	1.449251601	94.340121	0.0	0.0
0.146414	1.463673724	94.290845	0.0	0.0
0.147873	1.478233295	94.241996	0.0	0.0
0.149346	1.492949948	94.193563	0.0	0.0
0.150834	1.507804048	94.145552	0.0	0.0
0.152337	1.522805412	94.097946	0.0	0.0
0.153855	1.537954042	94.050748	0.0	0.0
0.155387	1.553249936	94.003952	0.0	0.0
0.156935	1.568702912	93.957555	0.0	0.0
0.158499	1.584312971	93.911548	0.0	0.0
0.160078	1.600070294	93.865928	0.0	0.0
0.161673	1.615984700	93.820692	0.0	0.0
0.163284	1.632066006	93.775833	0.0	0.0
0.164910	1.648294577	93.731348	0.0	0.0
0.166553	1.664690047	93.687234	0.0	0.0
0.168213	1.681252418	93.643485	0.0	0.0
0.169888	1.697971870	93.600094	0.0	0.0
0.171581	1.714858223	93.557062	0.0	0.0
0.173290	1.731911476	93.514381	0.0	0.0
0.175017	1.749131629	93.472046	0.0	0.0
0.176760	1.766528500	93.430058	0.0	0.0
0.178521	1.784102088	93.388407	0.0	0.0
0.180300	1.801842576	93.347091	0.0	0.0
0.182096	1.819759782	93.306106	0.0	0.0
0.183910	1.837853705	93.265450	0.0	0.0
0.185743	1.856124346	93.225115	0.0	0.0
0.187593	1.874581523	93.185099	0.0	0.0
0.189462	1.893215417	93.145399	0.0	0.0
0.191350	1.912035846	93.106008	0.0	0.0
0.193256	1.931042811	93.066926	0.0	0.0
0.195181	1.950236311	93.028146	0.0	0.0
0.197126	1.969626164	92.989666	0.0	0.0
0.199090	1.989202552	92.951481	0.0	0.0
0.201073	2.008975293	92.913587	0.0	0.0
0.203077	2.028944387	92.875982	0.0	0.0
0.205100	2.049109834	92.838660	0.0	0.0
0.207143	2.069471634	92.801618	0.0	0.0
0.209207	2.090039604	92.764853	0.0	0.0
0.211291	2.110803928	92.728363	0.0	0.0
0.213396	2.131774422	92.692140	0.0	0.0
0.215522	2.152960904	92.656184	0.0	0.0
0.217669	2.174353557	92.620489	0.0	0.0
0.219838	2.195952380	92.585055	0.0	0.0
0.222028	2.217767192	92.549875	0.0	0.0
0.224240	2.239797992	92.514947	0.0	0.0
0.226474	2.262044780	92.480267	0.0	0.0
0.228730	2.284517374	92.445832	0.0	0.0
0.231009	2.307205957	92.411638	0.0	0.0
0.233311	2.330120345	92.377681	0.0	0.0
0.235635	2.353260539	92.343960	0.0	0.0
0.237983	2.376626539	92.310471	0.0	0.0
0.240354	2.400228162	92.277209	0.0	0.0
0.242748	2.424065409	92.244171	0.0	0.0
0.245167	2.448128462	92.211355	0.0	0.0
0.247609	2.472436956	92.178758	0.0	0.0
0.250076	2.496981074	92.146374	0.0	0.0
0.252567	2.521760815	92.114204	0.0	0.0
0.255084	2.546795815	92.082242	0.0	0.0
0.257625	2.572076256	92.050484	0.0	0.0
0.260192	2.597602138	92.018929	0.0	0.0
0.262784	2.623383279	91.987574	0.0	0.0
0.265402	2.649409861	91.956413	0.0	0.0
0.268046	2.675701520	91.925446	0.0	0.0
0.270716	2.702248438	91.894670	0.0	0.0
0.273413	2.729050614	91.864079	0.0	0.0
0.276137	2.756127684	91.833673	0.0	0.0
0.278888	2.783469831	91.803447	0.0	0.0
0.281667	2.811077055	91.773399	0.0	0.0
0.284473	2.838949355	91.743526	0.0	0.0
0.287307	2.867106366	91.713825	0.0	0.0
0.290170	2.895538272	91.684293	0.0	0.0
0.293060	2.924245072	91.654926	0.0	0.0
0.295980	2.953236584	91.625723	0.0	0.0
0.298929	2.982512807	91.596681	0.0	0.0
0.301907	3.012073742	91.567795	0.0	0.0
0.304915	3.041929207	91.539064	0.0	0.0
0.307953	3.072079201	91.510484	0.0	0.0
0.311021	3.102523724	91.482054	0.0	0.0
0.314119	3.133262777	91.453770	0.0	0.0
0.317249	3.164306177	91.425628	0.0	0.0
0.320409	3.195653924	91.397628	0.0	0.0
0.323602	3.227306018	91.369765	0.0	0.0
0.326825	3.259272277	91.342037	0.0	0.0
0.330082	3.291552700	91.314441	0.0	0.0
0.333370	3.324147288	91.286975	0.0	0.0
0.336691	3.357056041	91.259635	0.0	0.0
0.340046	3.390298594	91.232420	0.0	0.0
0.343433	3.423855311	91.205326	0.0	0.0
0.346855	3.457745829	91.178351	0.0	0.0
0.350311	3.491970146	91.151492	0.0	0.0
0.353801	3.526528264	91.124746	0.0	0.0
0.357325	3.561420182	91.098111	0.0	0.0
0.360885	3.596655717	91.071585	0.0	0.0
0.364481	3.632234870	91.045164	0.0	0.0
0.368112	3.668157640	91.018846	0.0	0.0
0.371779	3.704433846	90.992628	0.0	0.0
0.375483	3.741063487	90.966508	0.0	0.0
0.379224	3.778056381	90.940484	0.0	0.0
0.383002	3.815402710	90.914551	0.0	0.0
0.386818	3.853112292	90.888709	0.0	0.0
0.390672	3.891194945	90.862955	0.0	0.0
0.394564	3.929650668	90.837285	0.0	0.0
0.398495	3.968479462	90.811698	0.0	0.0
0.402465	4.007681327	90.786191	0.0	0.0
0.406474	4.047266080	90.760761	0.0	0.0
0.410524	4.087233721	90.735406	0.0	0.0
0.414614	4.127603885	90.710124	0.0	0.0
0.418745	4.168347121	90.684912	0.0	0.0
0.422916	4.209502697	90.659767	0.0	0.0
0.427130	4.251050979	90.634687	0.0	0.0
0.431385	4.293001785	90.609669	0.0	0.0
0.435683	4.335364932	90.584712	0.0	0.0
0.440024	4.378130602	90.559813	0.0	0.0
0.444407	4.421318431	90.534968	0.0	0.0
0.448835	4.464918602	90.510176	0.0	0.0
0.453307	4.508950749	90.485434	0.0	0.0
0.457823	4.553405055	90.460740	0.0	0.0
0.462384	4.598291337	90.436092	0.0	0.0
0.466990	4.643619413	90.411487	0.0	0.0
0.471643	4.689379466	90.386922	0.0	0.0
0.476342	4.735571495	90.362394	0.0	0.0
0.481087	4.782224954	90.337903	0.0	0.0
0.485880	4.829330024	90.313445	0.0	0.0
0.490721	4.876886706	90.289019	0.0	0.0
0.495610	4.924904818	90.264620	0.0	0.0
0.500547	4.973384359	90.240248	0.0	0.0
0.505534	5.022335147	90.215899	0.0	0.0
0.510571	5.071757182	90.191572	0.0	0.0
0.515657	5.121650464	90.167263	0.0	0.0
0.520795	5.172034629	90.142971	0.0	0.0
0.525983	5.222899858	90.118693	0.0	0.0
0.531224	5.274255970	90.094426	0.0	0.0
0.536516	5.326112781	90.070170	0.0	0.0
0.541861	5.378460475	90.045919	0.0	0.0
0.547260	5.431318687	90.021674	0.0	0.0
0.552712	5.484687416	89.997431	0.0	0.0
0.558218	5.538566663	89.973188	0.0	0.0
0.563780	5.592966245	89.948941	0.0	0.0
0.569396	5.647895980	89.924690	0.0	0.0
0.575069	5.703346050	89.900432	0.0	0.0
0.580798	5.759326274	89.876164	0.0	0.0
0.586585	5.815856285	89.851883	0.0	0.0
0.592429	5.872926268	89.827588	0.0	0.0
0.598331	5.930546038	89.803276	0.0	0.0
0.604292	5.988715597	89.778945	0.0	0.0
0.610312	6.047444761	89.754592	0.0	0.0
0.616392	6.106743349	89.730215	0.0	0.0
0.622533	6.166601543	89.705811	0.0	0.0
0.628736	6.227048796	89.681379	0.0	0.0
0.634999	6.288065472	89.656915	0.0	0.0
0.641326	6.349681025	89.632418	0.0	0.0
0.647715	6.411875819	89.607884	0.0	0.0
0.654168	6.474679307	89.583312	0.0	0.0
0.660685	6.538081671	89.558699	0.0	0.0
0.667268	6.602092730	89.534042	0.0	0.0
0.673915	6.666712482	89.509340	0.0	0.0
0.680629	6.731960564	89.484589	0.0	0.0
0.687410	6.797836976	89.459788	0.0	0.0
0.694259	6.864351535	89.434933	0.0	0.0
0.701175	6.931494423	89.410023	0.0	0.0
0.708161	6.999295093	89.385055	0.0	0.0
0.715216	7.067733910	89.360027	0.0	0.0
0.722342	7.136840328	89.334935	0.0	0.0
0.729538	7.206614345	89.309778	0.0	0.0
0.736806	7.277055963	89.284553	0.0	0.0
0.744147	7.348174998	89.259258	0.0	0.0
0.751561	7.419981268	89.233890	0.0	0.0
0.759048	7.492484591	89.208447	0.0	0.0
0.766610	7.565684967	89.182926	0.0	0.0
0.774248	7.639592214	89.157324	0.0	0.0
0.781961	7.714206332	89.131640	0.0	0.0
0.789752	7.789546955	89.105869	0.0	0.0
0.797620	7.865623902	89.080011	0.0	0.0
0.805566	7.942427354	89.054063	0.0	0.0
0.813592	8.019976948	89.028022	0.0	0.0
0.821698	8.098282501	89.001884	0.0	0.0
0.829884	8.177353830	88.975649	0.0	0.0
0.838152	8.257181118	88.949313	0.0	0.0
0.846502	8.337784000	88.922873	0.0	0.0
0.854936	8.419182111	88.896328	0.0	0.0
0.863453	8.501375452	88.869674	0.0	0.0
0.872055	8.584364023	88.842909	0.0	0.0
0.880743	8.668167458	88.816030	0.0	0.0
0.889518	8.752785757	88.789034	0.0	0.0
0.898380	8.838238557	88.761919	0.0	0.0
0.907330	8.924525857	88.734682	0.0	0.0
0.916370	9.011667292	88.707321	0.0	0.0
0.925499	9.099672680	88.679833	0.0	0.0
0.934720	9.188532203	88.652215	0.0	0.0
0.944032	9.278285132	88.624464	0.0	0.0
0.953437	9.368921649	88.596578	0.0	0.0
0.962936	9.460451572	88.568553	0.0	0.0
0.972529	9.552904355	88.540388	0.0	0.0
0.982218	9.646270178	88.512079	0.0	0.0
0.992004	9.740568677	88.483624	0.0	0.0
1.001887	9.835809671	88.455019	0.0	0.0
1.011868	9.932022612	88.426264	0.0	0.0
1.021949	10.029217318	88.397352	0.0	0.0
1.032131	10.127295611	88.368281	0.0	0.0
1.042414	10.226453846	88.339051	0.0	0.0
1.052799	10.326593846	88.309658	0.0	0.0
1.063288	10.427813787	88.280098	0.0	0.0
1.073881	10.530015492	88.250369	0.0	0.0
1.084580	10.633297139	88.220467	0.0	0.0
1.095385	10.737560550	88.190392	0.0	0.0
1.106298	10.842903903	88.160137	0.0	0.0
1.117320	10.949425373	88.129701	0.0	0.0
1.128451	11.056928608	88.099083	0.0	0.0
1.139694	11.165708137	88.068274	0.0	0.0
1.151048	11.275469431	88.037278	0.0	0.0
1.162516	11.386507019	88.006086	0.0	0.0
1.174097	11.498624548	87.974702	0.0	0.0
1.185794	11.611920194	87.943116	0.0	0.0
1.197608	11.726492135	87.911327	0.0	0.0
1.209540	11.842144017	87.879331	0.0	0.0
1.221590	11.959170370	87.847129	0.0	0.0
1.233760	12.077374840	87.814714	0.0	0.0
1.246052	12.196855604	87.782083	0.0	0.0
1.258466	12.317710839	87.749234	0.0	0.0
1.271004	12.439744191	87.716163	0.0	0.0
1.283666	12.563152014	87.682869	0.0	0.0
1.296455	12.687934308	87.649345	0.0	0.0
1.309371	12.814091072	87.615591	0.0	0.0
1.322416	12.941622307	87.581601	0.0	0.0
1.335591	13.070528013	87.547372	0.0	0.0
1.348897	13.200808189	87.512903	0.0	0.0
1.362336	13.332659188	87.478187	0.0	0.0
1.375908	13.465884658	87.443225	0.0	0.0
1.389616	13.600680952	87.408010	0.0	0.0
1.403460	13.736949893	87.372540	0.0	0.0
1.417443	13.874789657	87.336809	0.0	0.0
1.431564	14.014102068	87.300819	0.0	0.0
1.445826	14.155083479	87.264562	0.0	0.0
1.460231	14.297635714	87.228033	0.0	0.0
1.474779	14.441856949	87.191233	0.0	0.0
1.489471	14.587649007	87.154157	0.0	0.0
1.504310	14.735208242	87.116800	0.0	0.0
1.519297	14.884436477	87.079159	0.0	0.0
1.534434	15.035431888	87.041227	0.0	0.0
1.549721	15.188096299	87.003007	0.0	0.0
1.565160	15.342527887	86.964491	0.0	0.0
1.580753	15.498824828	86.925676	0.0	0.0
1.596502	15.656987121	86.886556	0.0	0.0
1.612408	15.816916591	86.847129	0.0	0.0
1.628471	15.978711414	86.807395	0.0	0.0
1.644695	16.142371590	86.767343	0.0	0.0
1.661081	16.307995295	86.726972	0.0	0.0
1.677630	16.475582530	86.686279	0.0	0.0
1.694344	16.645133294	86.645259	0.0	0.0
1.711224	16.816647588	86.603909	0.0	0.0
1.728272	16.990125411	86.562225	0.0	0.0
1.745491	17.165763116	86.520199	0.0	0.0
1.762880	17.343364351	86.477833	0.0	0.0
1.780443	17.523027291	86.435118	0.0	0.0
1.798181	17.704751938	86.392051	0.0	0.0
1.816096	17.888636466	86.348628	0.0	0.0
1.834189	18.074680877	86.304846	0.0	0.0
1.852463	18.262786994	86.260697	0.0	0.0
1.870918	18.453052994	86.216182	0.0	0.0
1.889558	18.645577052	86.171291	0.0	0.0
1.908383	18.840162816	86.126023	0.0	0.0
1.927396	19.037104815	86.080372	0.0	0.0
1.946598	19.236108520	86.034335	0.0	0.0
1.965991	19.437370284	85.987908	0.0	0.0
1.985578	19.640890107	85.941082	0.0	0.0
2.005359	19.846569812	85.893859	0.0	0.0
2.025338	20.054605753	85.846228	0.0	0.0
2.045516	20.264703399	85.798187	0.0	0.0
2.065895	20.477157281	85.749731	0.0	0.0
2.086477	20.691771045	85.700855	0.0	0.0
2.107264	20.908642867	85.651555	0.0	0.0
2.128258	21.127772749	85.601825	0.0	0.0
2.149461	21.348964336	85.551661	0.0	0.0
2.170875	21.572512159	85.501059	0.0	0.0
2.192503	21.798121688	85.450010	0.0	0.0
2.214346	22.025891099	85.398513	0.0	0.0
2.236407	22.255820392	85.346560	0.0	0.0
2.258688	22.487909568	85.294147	0.0	0.0
2.281191	22.721962273	85.241268	0.0	0.0
2.303917	22.958174860	85.187922	0.0	0.0
2.326871	23.196449153	85.134096	0.0	0.0
2.350052	23.436588800	85.079793	0.0	0.0
2.373465	23.678790152	85.025001	0.0	0.0
2.397111	23.922955033	84.969718	0.0	0.0
2.420993	24.168887091	84.913936	0.0	0.0
2.445113	24.416684502	84.857650	0.0	0.0
2.469473	24.666347266	84.800857	0.0	0.0
2.494075	24.917679030	84.743551	0.0	0.0
2.518923	25.170777970	84.685722	0.0	0.0
2.544018	25.425447734	84.627369	0.0	0.0
2.569364	25.681786498	84.568481	0.0	0.0
2.594961	25.939696085	84.509060	0.0	0.0
2.620814	26.199078319	84.449092	0.0	0.0
2.646925	26.459933201	84.388574	0.0	0.0
2.673295	26.722162553	84.327502	0.0	0.0
2.699928	26.985766375	84.265868	0.0	0.0
2.726827	27.250646492	84.203664	0.0	0.0
2.753994	27.516901079	84.140886	0.0	0.0
2.781431	27.784235608	84.077528	0.0	0.0
2.809141	28.052846430	84.013585	0.0	0.0
2.837128	28.322635371	83.949045	0.0	0.0
2.865393	28.593504252	83.883908	0.0	0.0
2.893941	28.865453075	83.818161	0.0	0.0
2.922772	29.138580015	83.751803	0.0	0.0
2.951891	29.412688720	83.684825	0.0	0.0
2.981300	29.687975542	83.617219	0.0	0.0
3.011001	29.964342306	83.548983	0.0	0.0
3.040999	30.241690834	83.480104	0.0	0.0
3.071296	30.520315657	83.410577	0.0	0.0
3.101894	30.800020421	83.340397	0.0	0.0
3.132797	31.081001479	83.269556	0.0	0.0
3.164008	31.363357007	83.198046	0.0	0.0
3.195530	31.646988829	83.125860	0.0	0.0
3.227367	31.932093299	83.052989	0.0	0.0
3.259520	32.218866769	82.979430	0.0	0.0
3.291993	32.507211062	82.905173	0.0	0.0
3.324791	32.797518884	82.830208	0.0	0.0
3.357915	33.089790236	82.754531	0.0	0.0
3.391368	33.384221470	82.678135	0.0	0.0
3.425156	33.681008940	82.601007	0.0	0.0
3.459279	33.980447174	82.523146	0.0	0.0
3.493743	34.282634350	82.444539	0.0	0.0
3.528550	34.587766819	82.365179	0.0	0.0
3.563704	34.896237289	82.285059	0.0	0.0
3.599208	35.208242111	82.204170	0.0	0.0
3.635066	35.524075816	82.122504	0.0	0.0
3.671281	35.844032932	82.040053	0.0	0.0
3.707857	36.168309814	81.956808	0.0	0.0
3.744797	36.497299165	81.872761	0.0	0.0
3.782106	36.831295517	81.787902	0.0	0.0
3.819786	37.170593398	81.702224	0.0	0.0
3.857841	37.515487338	81.615719	0.0	0.0
3.896276	37.866173690	81.528374	0.0	0.0
3.935093	38.223143336	81.440185	0.0	0.0
3.974297	38.586494452	81.351140	0.0	0.0
4.013892	38.956619745	81.261230	0.0	0.0
4.053881	39.333617391	81.170447	0.0	0.0
4.094269	39.717781919	81.078780	0.0	0.0
4.135059	40.109211505	80.986220	0.0	0.0
4.176255	40.508102504	80.892760	0.0	0.0
4.217862	40.914553091	80.798386	0.0	0.0
4.259883	41.328563266	80.703091	0.0	0.0
4.302323	41.750231206	80.606865	0.0	0.0
4.345186	42.179360557	80.509696	0.0	0.0
4.388476	42.615951320	80.411576	0.0	0.0
4.432197	43.059807142	80.312494	0.0	0.0
4.476353	43.510633493	80.212442	0.0	0.0
4.520950	43.968135845	80.111404	0.0	0.0
4.565991	44.432019667	80.009375	0.0	0.0
4.611480	44.901695900	79.906343	0.0	0.0
4.657423	45.376870016	79.802294	0.0	0.0
4.703824	45.856658426	79.697220	0.0	0.0
4.750687	46.340668425	79.591109	0.0	0.0
4.798016	46.828016423	79.483953	0.0	0.0
4.845817	47.318015186	79.375737	0.0	0.0
4.894095	47.809977478	79.266449	0.0	0.0
4.942853	48.302823359	79.156081	0.0	0.0
4.992097	48.795767416	79.044619	0.0	0.0
5.041832	49.288024238	78.932052	0.0	0.0
5.092062	49.778513883	78.818368	0.0	0.0
5.142793	50.266450940	78.703553	0.0	0.0
5.194029	50.751049997	78.587598	0.0	0.0
5.245776	51.231329290	78.470489	0.0	0.0
5.298038	51.706699759	78.352214	0.0	0.0
5.350821	52.176474169	78.232759	0.0	0.0
5.404129	52.639965285	78.112116	0.0	0.0
5.457969	53.096976754	77.990265	0.0	0.0
5.512345	53.547115870	77.867198	0.0	0.0
5.567263	53.990186280	77.742900	0.0	0.0
5.622728	54.426286161	77.617358	0.0	0.0
5.678746	54.855710042	77.490558	0.0	0.0
5.735321	55.278752452	77.362489	0.0	0.0
5.792460	55.696296980	77.233134	0.0	0.0
5.850169	56.109030861	77.102478	0.0	0.0
5.908453	56.518034036	76.970510	0.0	0.0
5.967317	56.924779152	76.837215	0.0	0.0
6.026767	57.330542504	76.702579	0.0	0.0
6.086810	57.736993090	76.566585	0.0	0.0
6.147451	58.146094442	76.429221	0.0	0.0
6.208696	58.559711911	76.290470	0.0	0.0
6.270552	58.979809027	76.150315	0.0	0.0
6.333023	59.408545673	76.008747	0.0	0.0
6.396117	59.847983553	75.865745	0.0	0.0
6.459840	60.300086199	75.721293	0.0	0.0
6.524198	60.766817138	75.575377	0.0	0.0
6.589196	61.249943549	75.427983	0.0	0.0
6.654842	61.750938076	75.279092	0.0	0.0
6.721143	62.270978839	75.128685	0.0	0.0
6.788103	62.810851249	74.976752	0.0	0.0
6.855731	63.371144365	74.823270	0.0	0.0
6.924033	63.951760010	74.668223	0.0	0.0
6.993015	64.552207302	74.511597	0.0	0.0
7.062684	65.171504476	74.353371	0.0	0.0
7.133048	65.808080709	74.193528	0.0	0.0
7.204112	66.459874295	74.032052	0.0	0.0
7.275884	67.124234469	73.868923	0.0	0.0
7.348372	67.798117761	73.704120	0.0	0.0
7.421582	68.478087994	73.537628	0.0	0.0
7.495521	69.160414462	73.369427	0.0	0.0
7.570196	69.841170106	73.199500	0.0	0.0
7.645616	70.516133339	73.027823	0.0	0.0
7.721787	71.181377102	72.854380	0.0	0.0
7.798717	71.832974335	72.679149	0.0	0.0
7.876413	72.467587038	72.502112	0.0	0.0
7.954883	73.082171742	72.323247	0.0	0.0
8.034135	73.674666740	72.142533	0.0	0.0
8.114177	74.243403032	71.959949	0.0	0.0
8.195016	74.788184265	71.775475	0.0	0.0
8.276661	75.309599499	71.589087	0.0	0.0
8.359119	75.809612262	71.400767	0.0	0.0
8.442398	76.291167848	71.210491	0.0	0.0
8.526507	76.758684200	71.018237	0.0	0.0
8.611454	77.217462845	70.823981	0.0	0.0
8.697247	77.674179785	70.627702	0.0	0.0
8.783896	78.135903724	70.429373	0.0	0.0
8.871407	78.610685134	70.228976	0.0	0.0
8.959790	79.106770838	70.026484	0.0	0.0
9.049054	79.632309484	69.821871	0.0	0.0
9.139207	80.195253364	69.615116	0.0	0.0
9.230258	80.802769362	69.406193	0.0	0.0
9.322216	81.460551712	69.195077	0.0	0.0
9.415091	82.173214710	68.981739	0.0	0.0
9.508890	82.943310943	68.766160	0.0	0.0
9.603625	83.771331293	68.548306	0.0	0.0
9.699303	84.655410407	68.328156	0.0	0.0
9.795934	85.591424874	68.105681	0.0	0.0
9.893528	86.572698694	67.880854	0.0	0.0
9.992094	87.590788691	67.653648	0.0	0.0
10.091640	88.635189981	67.424039	0.0	0.0
10.192180	89.694317742	67.191988	0.0	0.0
10.293720	90.755998091	66.957476	0.0	0.0
10.396280	91.807860794	66.720451	0.0	0.0
10.499850	92.838615555	66.480928	0.0	0.0
10.604460	93.838837434	66.238833	0.0	0.0
10.710110	94.801457724	65.994158	0.0	0.0
10.816810	95.723040250	65.746874	0.0	0.0
10.924570	96.603977718	65.496950	0.0	0.0
11.033410	97.448982597	65.244333	0.0	0.0
11.143340	98.267774359	64.988992	0.0	0.0
11.254350	99.072821415	64.730943	0.0	0.0
11.366480	99.883759059	64.470086	0.0	0.0
11.479720	100.721204350	64.206435	0.0	0.0
11.594090	101.605774347	63.939935	0.0	0.0
11.709600	102.562994932	63.670557	0.0	0.0
11.826250	103.613483164	63.398290	0.0	0.0
11.944080	104.774910807	63.123033	0.0	0.0
12.063070	106.062004332	62.844823	0.0	0.0
12.183250	107.481636091	62.563582	0.0	0.0
12.304630	109.032824321	62.279277	0.0	0.0
12.427220	110.704769609	61.991874	0.0	0.0
12.551030	112.481763721	61.701342	0.0	0.0
12.676070	114.334353714	61.407645	0.0	0.0
12.802360	116.232104884	61.110728	0.0	0.0
12.929900	118.138691936	60.810580	0.0	0.0
13.058720	120.014844282	60.507119	0.0	0.0
13.188820	121.826200158	60.200335	0.0	0.0
13.320220	123.547233682	59.890170	0.0	0.0
13.452920	125.158309558	59.576613	0.0	0.0
13.586950	126.658446024	59.259580	0.0	0.0
13.722310	128.060406019	58.939061	0.0	0.0
13.859020	129.394624249	58.614997	0.0	0.0
13.997100	130.708225421	58.287327	0.0	0.0
14.136540	132.058151887	57.956063	0.0	0.0
14.277380	133.510181882	57.621097	0.0	0.0
14.419620	135.130093641	57.282417	0.0	0.0
14.563280	136.971884222	56.939962	0.0	0.0
14.708370	139.068933627	56.593695	0.0	0.0
14.854910	141.422223619	56.243555	0.0	0.0
15.002900	143.993465374	55.889528	0.0	0.0
15.152370	146.695281835	55.531528	0.0	0.0
15.303330	149.388262414	55.169518	0.0	0.0
15.455790	151.884890052	54.803458	0.0	0.0
15.609770	153.950522986	54.433288	0.0	0.0
15.765290	155.320084746	54.058943	0.0	0.0
15.922350	155.716717686	53.680410	0.0	0.0
16.080980	154.867491218	53.297600	0.0	0.0
16.241190	152.532854756	52.910475	0.0	0.0
16.403000	148.531181829	52.518970	0.0	0.0
16.566420	142.757423614	52.123047	0.0	0.0
16.731460	135.206671288	51.722665	0.0	0.0
16.898160	125.980046614	51.317712	0.0	0.0
17.066510	115.284701946	50.908196	0.0	0.0
17.236540	103.430874929	50.494028	0.0	0.0
17.408260	90.805282680	50.075168	0.0	0.0
17.581690	77.850308372	49.651552	0.0	0.0
17.756850	65.024730653	49.223114	0.0	0.0
17.933760	52.770245461	48.789789	0.0	0.0
18.112430	41.475631618	48.351538	0.0	0.0
18.292880	31.447199713	47.908295	0.0	0.0
18.475120	22.888175037	47.460020	0.0	0.0
18.659180	15.889076297	47.006622	0.0	0.0
18.845080	10.429973669	46.548039	0.0	0.0
19.032830	6.395117095	46.084229	0.0	0.0
19.222450	3.595467781	45.615127	0.0	0.0
19.413950	1.797571900	45.140695	0.0	0.0
19.607370	0.753535826	44.660818	0.0	0.0
19.802710	0.228444865	44.175482	0.0	0.0
20.000000	0.021460100	43.684600	0.0	0.0
