# UNCLASSIFIED
#
# Response info for SJG broad band site.
# 
# Effective: 26 May 1993
# Created:  17 July 2006
# File name: SJG_bb_rsp.txt
# Inid:  
# Source:  James Neely (TTD)
# System equipment:  Strekeisen STS-1 seismometer and digitizer.
# 
# The response file was derived from equations of state.
# Displacement response normalized to 1.0 at 1.0 Hz.
# 
# The calib values for this configuration are as follows:
# 
# SJG BHZ is 0.026101 nm/count at 1.0 Hz.
# SJG BHN is 0.026101 nm/count at 1.0 Hz.
# SJG BHE is 0.026101 nm/count at 1.0 Hz.
# 
# Freq(Hz)     Amp(counts/nm)   Phase(deg)  Error(amp) Error(phase)
#
   theoretical   0   instrument   fap
1000
0.001000	0.000131748	239.665040	0.0	0.0
0.001009	0.000135401	239.364595	0.0	0.0
0.001019	0.000139153	239.060853	0.0	0.0
0.001028	0.000143008	238.753812	0.0	0.0
0.001038	0.000146968	238.443475	0.0	0.0
0.001047	0.000151035	238.129839	0.0	0.0
0.001057	0.000155213	237.812706	0.0	0.0
0.001067	0.000159505	237.492176	0.0	0.0
0.001077	0.000163912	237.168148	0.0	0.0
0.001087	0.000168439	236.840623	0.0	0.0
0.001097	0.000173089	236.509500	0.0	0.0
0.001107	0.000177864	236.174780	0.0	0.0
0.001117	0.000182767	235.836462	0.0	0.0
0.001127	0.000187803	235.494347	0.0	0.0
0.001138	0.000192974	235.148634	0.0	0.0
0.001148	0.000198284	234.799025	0.0	0.0
0.001159	0.000203737	234.445617	0.0	0.0
0.001170	0.000209335	234.088413	0.0	0.0
0.001181	0.000215082	233.727311	0.0	0.0
0.001191	0.000220983	233.362213	0.0	0.0
0.001202	0.000227041	232.993116	0.0	0.0
0.001214	0.000233260	232.620023	0.0	0.0
0.001225	0.000239643	232.242833	0.0	0.0
0.001236	0.000246195	231.861445	0.0	0.0
0.001248	0.000252920	231.475961	0.0	0.0
0.001259	0.000259822	231.086279	0.0	0.0
0.001271	0.000266906	230.692300	0.0	0.0
0.001283	0.000274175	230.294024	0.0	0.0
0.001295	0.000281634	229.891351	0.0	0.0
0.001307	0.000289288	229.484382	0.0	0.0
0.001319	0.000297141	229.072915	0.0	0.0
0.001331	0.000305197	228.657051	0.0	0.0
0.001343	0.000313461	228.236591	0.0	0.0
0.001356	0.000321939	227.811533	0.0	0.0
0.001368	0.000330634	227.381879	0.0	0.0
0.001381	0.000339552	226.947628	0.0	0.0
0.001394	0.000348698	226.508680	0.0	0.0
0.001407	0.000358076	226.064936	0.0	0.0
0.001420	0.000367693	225.616495	0.0	0.0
0.001433	0.000377552	225.163157	0.0	0.0
0.001446	0.000387659	224.705022	0.0	0.0
0.001459	0.000398019	224.241991	0.0	0.0
0.001473	0.000408639	223.774063	0.0	0.0
0.001487	0.000419522	223.301039	0.0	0.0
0.001500	0.000430674	222.823118	0.0	0.0
0.001514	0.000442101	222.340101	0.0	0.0
0.001528	0.000453808	221.852087	0.0	0.0
0.001542	0.000465801	221.358877	0.0	0.0
0.001557	0.000478086	220.860570	0.0	0.0
0.001571	0.000490666	220.357067	0.0	0.0
0.001586	0.000503549	219.848368	0.0	0.0
0.001600	0.000516740	219.334473	0.0	0.0
0.001615	0.000530244	218.815381	0.0	0.0
0.001630	0.000544067	218.290993	0.0	0.0
0.001645	0.000558214	217.761309	0.0	0.0
0.001660	0.000572691	217.226228	0.0	0.0
0.001676	0.000587504	216.685952	0.0	0.0
0.001691	0.000602657	216.140279	0.0	0.0
0.001707	0.000618156	215.589311	0.0	0.0
0.001723	0.000634007	215.032946	0.0	0.0
0.001739	0.000650215	214.471186	0.0	0.0
0.001755	0.000666785	213.904129	0.0	0.0
0.001771	0.000683722	213.331677	0.0	0.0
0.001788	0.000701030	212.753928	0.0	0.0
0.001804	0.000718717	212.170784	0.0	0.0
0.001821	0.000736784	211.582245	0.0	0.0
0.001838	0.000755239	210.988409	0.0	0.0
0.001855	0.000774085	210.389278	0.0	0.0
0.001872	0.000793326	209.784951	0.0	0.0
0.001889	0.000812968	209.175228	0.0	0.0
0.001907	0.000833013	208.560310	0.0	0.0
0.001924	0.000853466	207.940197	0.0	0.0
0.001942	0.000874331	207.314887	0.0	0.0
0.001960	0.000895612	206.684483	0.0	0.0
0.001978	0.000917311	206.048983	0.0	0.0
0.001997	0.000939431	205.408488	0.0	0.0
0.002015	0.000961976	204.762997	0.0	0.0
0.002034	0.000984949	204.112611	0.0	0.0
0.002053	0.001008350	203.457430	0.0	0.0
0.002072	0.001032180	202.797453	0.0	0.0
0.002091	0.001056450	202.132682	0.0	0.0
0.002110	0.001081160	201.463415	0.0	0.0
0.002130	0.001106290	200.789553	0.0	0.0
0.002149	0.001131870	200.111197	0.0	0.0
0.002169	0.001157890	199.428645	0.0	0.0
0.002189	0.001184340	198.741698	0.0	0.0
0.002210	0.001211230	198.050657	0.0	0.0
0.002230	0.001238570	197.355620	0.0	0.0
0.002251	0.001266340	196.656589	0.0	0.0
0.002272	0.001294540	195.953863	0.0	0.0
0.002293	0.001323190	195.247343	0.0	0.0
0.002314	0.001352260	194.537328	0.0	0.0
0.002335	0.001381780	193.823918	0.0	0.0
0.002357	0.001411720	193.107314	0.0	0.0
0.002379	0.001442090	192.387515	0.0	0.0
0.002401	0.001472880	191.664722	0.0	0.0
0.002423	0.001504100	190.939134	0.0	0.0
0.002446	0.001535740	190.210952	0.0	0.0
0.002468	0.001567790	189.480176	0.0	0.0
0.002491	0.001600250	188.747106	0.0	0.0
0.002514	0.001633120	188.011841	0.0	0.0
0.002537	0.001666400	187.274682	0.0	0.0
0.002561	0.001700070	186.535630	0.0	0.0
0.002585	0.001734130	185.794883	0.0	0.0
0.002609	0.001768590	185.052742	0.0	0.0
0.002633	0.001803420	184.309308	0.0	0.0
0.002657	0.001838640	183.564679	0.0	0.0
0.002682	0.001874220	182.819257	0.0	0.0
0.002707	0.001910170	182.073041	0.0	0.0
0.002732	0.001946480	181.326332	0.0	0.0
0.002757	0.001983140	180.579328	0.0	0.0
0.002783	0.002020150	179.832132	0.0	0.0
0.002808	0.002057500	179.084941	0.0	0.0
0.002834	0.002095190	178.337958	0.0	0.0
0.002861	0.002133200	177.591481	0.0	0.0
0.002887	0.002171540	176.845510	0.0	0.0
0.002914	0.002210190	176.100347	0.0	0.0
0.002941	0.002249150	175.356290	0.0	0.0
0.002968	0.002288410	174.613240	0.0	0.0
0.002996	0.002327970	173.871597	0.0	0.0
0.003023	0.002367820	173.131562	0.0	0.0
0.003051	0.002407960	172.393133	0.0	0.0
0.003080	0.002448370	171.656611	0.0	0.0
0.003108	0.002489050	170.922197	0.0	0.0
0.003137	0.002530010	170.189989	0.0	0.0
0.003166	0.002571220	169.460190	0.0	0.0
0.003195	0.002612690	168.732897	0.0	0.0
0.003225	0.002654410	168.008412	0.0	0.0
0.003255	0.002696380	167.286735	0.0	0.0
0.003285	0.002738590	166.568065	0.0	0.0
0.003315	0.002781040	165.852603	0.0	0.0
0.003346	0.002823720	165.140549	0.0	0.0
0.003377	0.002866630	164.431802	0.0	0.0
0.003408	0.002909760	163.726763	0.0	0.0
0.003440	0.002953120	163.025433	0.0	0.0
0.003472	0.002996700	162.327810	0.0	0.0
0.003504	0.003040490	161.634296	0.0	0.0
0.003536	0.003084500	160.944790	0.0	0.0
0.003569	0.003128720	160.259492	0.0	0.0
0.003602	0.003173150	159.578402	0.0	0.0
0.003635	0.003217790	158.901821	0.0	0.0
0.003669	0.003262640	158.229648	0.0	0.0
0.003703	0.003307690	157.561984	0.0	0.0
0.003737	0.003352950	156.899029	0.0	0.0
0.003772	0.003398420	156.240882	0.0	0.0
0.003807	0.003444090	155.587444	0.0	0.0
0.003842	0.003489970	154.938815	0.0	0.0
0.003878	0.003536050	154.295195	0.0	0.0
0.003914	0.003582340	153.656585	0.0	0.0
0.003950	0.003628830	153.022983	0.0	0.0
0.003987	0.003675540	152.394490	0.0	0.0
0.004024	0.003722450	151.771107	0.0	0.0
0.004061	0.003769580	151.152934	0.0	0.0
0.004098	0.003816920	150.539869	0.0	0.0
0.004136	0.003864480	149.932115	0.0	0.0
0.004175	0.003912260	149.329670	0.0	0.0
0.004213	0.003960260	148.732535	0.0	0.0
0.004252	0.004008480	148.140610	0.0	0.0
0.004292	0.004056940	147.554094	0.0	0.0
0.004331	0.004105620	146.972889	0.0	0.0
0.004372	0.004154540	146.397094	0.0	0.0
0.004412	0.004203690	145.826609	0.0	0.0
0.004453	0.004253090	145.261434	0.0	0.0
0.004494	0.004302740	144.701670	0.0	0.0
0.004536	0.004352630	144.147317	0.0	0.0
0.004578	0.004402780	143.598274	0.0	0.0
0.004620	0.004453190	143.054541	0.0	0.0
0.004663	0.004503870	142.516120	0.0	0.0
0.004706	0.004554810	141.983009	0.0	0.0
0.004750	0.004606030	141.455210	0.0	0.0
0.004794	0.004657520	140.932721	0.0	0.0
0.004838	0.004709300	140.415444	0.0	0.0
0.004883	0.004761370	139.903378	0.0	0.0
0.004928	0.004813740	139.396524	0.0	0.0
0.004974	0.004866400	138.894881	0.0	0.0
0.005020	0.004919380	138.398450	0.0	0.0
0.005066	0.004972660	137.907030	0.0	0.0
0.005113	0.005026260	137.420723	0.0	0.0
0.005161	0.005080180	136.939527	0.0	0.0
0.005209	0.005134440	136.463343	0.0	0.0
0.005257	0.005189020	135.992072	0.0	0.0
0.005305	0.005243950	135.525813	0.0	0.0
0.005355	0.005299230	135.064466	0.0	0.0
0.005404	0.005354860	134.608032	0.0	0.0
0.005454	0.005410850	134.156311	0.0	0.0
0.005505	0.005467210	133.709502	0.0	0.0
0.005556	0.005523930	133.267406	0.0	0.0
0.005607	0.005581040	132.830023	0.0	0.0
0.005659	0.005638530	132.397354	0.0	0.0
0.005712	0.005696410	131.969297	0.0	0.0
0.005764	0.005754690	131.545754	0.0	0.0
0.005818	0.005813380	131.126824	0.0	0.0
0.005872	0.005872480	130.712408	0.0	0.0
0.005926	0.005931990	130.302406	0.0	0.0
0.005981	0.005991930	129.896818	0.0	0.0
0.006036	0.006052300	129.495644	0.0	0.0
0.006092	0.006113100	129.098783	0.0	0.0
0.006149	0.006174350	128.706137	0.0	0.0
0.006206	0.006236050	128.317806	0.0	0.0
0.006263	0.006298210	127.933689	0.0	0.0
0.006321	0.006360840	127.553686	0.0	0.0
0.006380	0.006423930	127.177699	0.0	0.0
0.006439	0.006487500	126.805826	0.0	0.0
0.006498	0.006551560	126.438069	0.0	0.0
0.006559	0.006616110	126.074126	0.0	0.0
0.006619	0.006681160	125.714199	0.0	0.0
0.006681	0.006746710	125.358188	0.0	0.0
0.006743	0.006812780	125.005992	0.0	0.0
0.006805	0.006879370	124.657512	0.0	0.0
0.006868	0.006946480	124.312848	0.0	0.0
0.006932	0.007014130	123.971899	0.0	0.0
0.006996	0.007082320	123.634568	0.0	0.0
0.007061	0.007151050	123.300952	0.0	0.0
0.007126	0.007220340	122.970853	0.0	0.0
0.007192	0.007290200	122.644371	0.0	0.0
0.007259	0.007360620	122.321306	0.0	0.0
0.007326	0.007431620	122.001757	0.0	0.0
0.007394	0.007503200	121.685526	0.0	0.0
0.007462	0.007575370	121.372812	0.0	0.0
0.007531	0.007648140	121.063315	0.0	0.0
0.007601	0.007721520	120.757236	0.0	0.0
0.007672	0.007795510	120.454375	0.0	0.0
0.007743	0.007870120	120.154732	0.0	0.0
0.007814	0.007945350	119.858207	0.0	0.0
0.007887	0.008021230	119.564901	0.0	0.0
0.007960	0.008097740	119.274712	0.0	0.0
0.008034	0.008174900	118.987643	0.0	0.0
0.008108	0.008252720	118.703492	0.0	0.0
0.008183	0.008331210	118.422360	0.0	0.0
0.008259	0.008410370	118.144247	0.0	0.0
0.008335	0.008490210	117.869054	0.0	0.0
0.008412	0.008570730	117.596780	0.0	0.0
0.008490	0.008651950	117.327326	0.0	0.0
0.008569	0.008733880	117.060692	0.0	0.0
0.008648	0.008816520	116.796878	0.0	0.0
0.008729	0.008899870	116.535784	0.0	0.0
0.008809	0.008983950	116.277510	0.0	0.0
0.008891	0.009068770	116.021857	0.0	0.0
0.008973	0.009154320	115.768825	0.0	0.0
0.009056	0.009240630	115.518514	0.0	0.0
0.009140	0.009327700	115.270724	0.0	0.0
0.009225	0.009415530	115.025556	0.0	0.0
0.009310	0.009504140	114.782909	0.0	0.0
0.009397	0.009593530	114.542784	0.0	0.0
0.009484	0.009683720	114.305081	0.0	0.0
0.009572	0.009774700	114.069900	0.0	0.0
0.009660	0.009866490	113.837041	0.0	0.0
0.009750	0.009959100	113.606605	0.0	0.0
0.009840	0.010052500	113.378592	0.0	0.0
0.009931	0.010146800	113.152902	0.0	0.0
0.010023	0.010241900	112.929536	0.0	0.0
0.010116	0.010337900	112.708392	0.0	0.0
0.010210	0.010434700	112.489473	0.0	0.0
0.010304	0.010532400	112.272877	0.0	0.0
0.010400	0.010630900	112.058405	0.0	0.0
0.010496	0.010730400	111.846158	0.0	0.0
0.010593	0.010830700	111.636035	0.0	0.0
0.010691	0.010931900	111.428037	0.0	0.0
0.010790	0.011034100	111.222165	0.0	0.0
0.010890	0.011137200	111.018417	0.0	0.0
0.010991	0.011241200	110.816595	0.0	0.0
0.011093	0.011346100	110.616898	0.0	0.0
0.011196	0.011452000	110.419128	0.0	0.0
0.011299	0.011558900	110.223384	0.0	0.0
0.011404	0.011666700	110.029666	0.0	0.0
0.011510	0.011775500	109.837775	0.0	0.0
0.011616	0.011885300	109.647911	0.0	0.0
0.011724	0.011996100	109.459874	0.0	0.0
0.011832	0.012107900	109.273665	0.0	0.0
0.011942	0.012220700	109.089383	0.0	0.0
0.012053	0.012334500	108.906929	0.0	0.0
0.012164	0.012449400	108.726203	0.0	0.0
0.012277	0.012565300	108.547306	0.0	0.0
0.012391	0.012682300	108.370238	0.0	0.0
0.012505	0.012800400	108.194798	0.0	0.0
0.012621	0.012919500	108.021188	0.0	0.0
0.012738	0.013039700	107.849308	0.0	0.0
0.012856	0.013161000	107.679057	0.0	0.0
0.012975	0.013283400	107.510436	0.0	0.0
0.013095	0.013406900	107.343546	0.0	0.0
0.013217	0.013531600	107.178286	0.0	0.0
0.013339	0.013657400	107.014558	0.0	0.0
0.013463	0.013784400	106.852560	0.0	0.0
0.013587	0.013912500	106.692094	0.0	0.0
0.013713	0.014041800	106.533160	0.0	0.0
0.013840	0.014172300	106.375758	0.0	0.0
0.013968	0.014304000	106.219888	0.0	0.0
0.014098	0.014436800	106.065551	0.0	0.0
0.014228	0.014570900	105.912747	0.0	0.0
0.014360	0.014706300	105.761377	0.0	0.0
0.014493	0.014842900	105.611440	0.0	0.0
0.014627	0.014980700	105.463037	0.0	0.0
0.014763	0.015119800	105.315968	0.0	0.0
0.014900	0.015260200	105.170434	0.0	0.0
0.015038	0.015401800	105.026234	0.0	0.0
0.015177	0.015544800	104.883370	0.0	0.0
0.015317	0.015689100	104.741941	0.0	0.0
0.015459	0.015834700	104.601849	0.0	0.0
0.015602	0.015981700	104.463092	0.0	0.0
0.015747	0.016130000	104.325672	0.0	0.0
0.015893	0.016279600	104.189589	0.0	0.0
0.016040	0.016430700	104.054742	0.0	0.0
0.016189	0.016583100	103.921234	0.0	0.0
0.016339	0.016737000	103.788963	0.0	0.0
0.016490	0.016892300	103.658031	0.0	0.0
0.016643	0.017048900	103.528237	0.0	0.0
0.016797	0.017207100	103.399682	0.0	0.0
0.016952	0.017366700	103.272467	0.0	0.0
0.017109	0.017527800	103.146291	0.0	0.0
0.017268	0.017690300	103.021455	0.0	0.0
0.017428	0.017854400	102.897660	0.0	0.0
0.017589	0.018019900	102.775106	0.0	0.0
0.017752	0.018187000	102.653692	0.0	0.0
0.017917	0.018355600	102.533420	0.0	0.0
0.018082	0.018525800	102.414291	0.0	0.0
0.018250	0.018697600	102.296303	0.0	0.0
0.018419	0.018871000	102.179458	0.0	0.0
0.018590	0.019045900	102.063557	0.0	0.0
0.018762	0.019222500	101.948899	0.0	0.0
0.018936	0.019400700	101.835184	0.0	0.0
0.019111	0.019580500	101.722614	0.0	0.0
0.019288	0.019762000	101.611089	0.0	0.0
0.019467	0.019945200	101.500609	0.0	0.0
0.019647	0.020130000	101.391075	0.0	0.0
0.019829	0.020316600	101.282686	0.0	0.0
0.020013	0.020504900	101.175244	0.0	0.0
0.020198	0.020694900	101.068749	0.0	0.0
0.020385	0.020886700	100.963301	0.0	0.0
0.020574	0.021080300	100.858801	0.0	0.0
0.020764	0.021275700	100.755349	0.0	0.0
0.020957	0.021472800	100.652745	0.0	0.0
0.021151	0.021671800	100.551121	0.0	0.0
0.021347	0.021872600	100.450446	0.0	0.0
0.021544	0.022075300	100.350691	0.0	0.0
0.021744	0.022279800	100.251857	0.0	0.0
0.021945	0.022486300	100.153933	0.0	0.0
0.022149	0.022694600	100.056911	0.0	0.0
0.022354	0.022904900	99.960781	0.0	0.0
0.022561	0.023117100	99.865523	0.0	0.0
0.022770	0.023331300	99.771138	0.0	0.0
0.022981	0.023547400	99.677626	0.0	0.0
0.023193	0.023765600	99.584958	0.0	0.0
0.023408	0.023985800	99.493134	0.0	0.0
0.023625	0.024208000	99.402155	0.0	0.0
0.023844	0.024432300	99.312001	0.0	0.0
0.024065	0.024658600	99.222663	0.0	0.0
0.024288	0.024887000	99.134142	0.0	0.0
0.024513	0.025117600	99.046427	0.0	0.0
0.024740	0.025350300	98.959500	0.0	0.0
0.024969	0.025585100	98.873360	0.0	0.0
0.025200	0.025822100	98.787999	0.0	0.0
0.025433	0.026061300	98.703417	0.0	0.0
0.025669	0.026302700	98.619585	0.0	0.0
0.025907	0.026546300	98.536523	0.0	0.0
0.026147	0.026792200	98.454201	0.0	0.0
0.026389	0.027040400	98.372621	0.0	0.0
0.026633	0.027290800	98.291772	0.0	0.0
0.026880	0.027543600	98.211645	0.0	0.0
0.027129	0.027798700	98.132242	0.0	0.0
0.027380	0.028056200	98.053542	0.0	0.0
0.027634	0.028316100	97.975556	0.0	0.0
0.027890	0.028578300	97.898255	0.0	0.0
0.028148	0.028843000	97.821649	0.0	0.0
0.028409	0.029110200	97.745729	0.0	0.0
0.028672	0.029379800	97.670476	0.0	0.0
0.028938	0.029651900	97.595900	0.0	0.0
0.029206	0.029926500	97.521981	0.0	0.0
0.029476	0.030203700	97.448721	0.0	0.0
0.029749	0.030483400	97.376100	0.0	0.0
0.030025	0.030765700	97.304128	0.0	0.0
0.030303	0.031050600	97.232787	0.0	0.0
0.030583	0.031338200	97.162076	0.0	0.0
0.030867	0.031628400	97.091988	0.0	0.0
0.031153	0.031921300	97.022521	0.0	0.0
0.031441	0.032216900	96.953657	0.0	0.0
0.031732	0.032515300	96.885398	0.0	0.0
0.032026	0.032816400	96.817742	0.0	0.0
0.032323	0.033120200	96.750671	0.0	0.0
0.032622	0.033427000	96.684186	0.0	0.0
0.032924	0.033736500	96.618277	0.0	0.0
0.033229	0.034048900	96.552946	0.0	0.0
0.033537	0.034364200	96.488182	0.0	0.0
0.033848	0.034682400	96.423986	0.0	0.0
0.034161	0.035003600	96.360340	0.0	0.0
0.034478	0.035327700	96.297244	0.0	0.0
0.034797	0.035654800	96.234689	0.0	0.0
0.035119	0.035985000	96.172675	0.0	0.0
0.035445	0.036318200	96.111203	0.0	0.0
0.035773	0.036654400	96.050254	0.0	0.0
0.036104	0.036993800	95.989829	0.0	0.0
0.036439	0.037336400	95.929919	0.0	0.0
0.036776	0.037682100	95.870514	0.0	0.0
0.037117	0.038031000	95.811624	0.0	0.0
0.037461	0.038383100	95.753242	0.0	0.0
0.037807	0.038738500	95.695348	0.0	0.0
0.038158	0.039097200	95.637942	0.0	0.0
0.038511	0.039459200	95.581025	0.0	0.0
0.038868	0.039824500	95.524598	0.0	0.0
0.039228	0.040193200	95.468643	0.0	0.0
0.039591	0.040565300	95.413149	0.0	0.0
0.039958	0.040940900	95.358128	0.0	0.0
0.040328	0.041319900	95.303570	0.0	0.0
0.040701	0.041702500	95.249477	0.0	0.0
0.041078	0.042088600	95.195819	0.0	0.0
0.041459	0.042478200	95.142618	0.0	0.0
0.041843	0.042871500	95.089863	0.0	0.0
0.042230	0.043268400	95.037536	0.0	0.0
0.042622	0.043668900	94.985649	0.0	0.0
0.043016	0.044073200	94.934191	0.0	0.0
0.043415	0.044481200	94.883153	0.0	0.0
0.043817	0.044893000	94.832537	0.0	0.0
0.044223	0.045308600	94.782344	0.0	0.0
0.044632	0.045728000	94.732555	0.0	0.0
0.045046	0.046151300	94.683169	0.0	0.0
0.045463	0.046578500	94.634190	0.0	0.0
0.045884	0.047009700	94.585606	0.0	0.0
0.046309	0.047444800	94.537421	0.0	0.0
0.046738	0.047884000	94.489623	0.0	0.0
0.047171	0.048327200	94.442205	0.0	0.0
0.047608	0.048774600	94.395177	0.0	0.0
0.048049	0.049226000	94.348521	0.0	0.0
0.048494	0.049681700	94.302238	0.0	0.0
0.048943	0.050141500	94.256327	0.0	0.0
0.049396	0.050605600	94.210782	0.0	0.0
0.049854	0.051074000	94.165592	0.0	0.0
0.050315	0.051546700	94.120769	0.0	0.0
0.050782	0.052023800	94.076293	0.0	0.0
0.051252	0.052505300	94.032166	0.0	0.0
0.051727	0.052991300	93.988390	0.0	0.0
0.052206	0.053481700	93.944944	0.0	0.0
0.052689	0.053976700	93.901851	0.0	0.0
0.053177	0.054476200	93.859081	0.0	0.0
0.053670	0.054980400	93.816645	0.0	0.0
0.054167	0.055489200	93.774536	0.0	0.0
0.054669	0.056002700	93.732752	0.0	0.0
0.055175	0.056520900	93.691287	0.0	0.0
0.055686	0.057044000	93.650141	0.0	0.0
0.056202	0.057571900	93.609306	0.0	0.0
0.056722	0.058104600	93.568772	0.0	0.0
0.057248	0.058642300	93.528551	0.0	0.0
0.057778	0.059184900	93.488633	0.0	0.0
0.058313	0.059732600	93.449011	0.0	0.0
0.058853	0.060285300	93.409686	0.0	0.0
0.059398	0.060843100	93.370648	0.0	0.0
0.059948	0.061406000	93.331900	0.0	0.0
0.060504	0.061974200	93.293441	0.0	0.0
0.061064	0.062547600	93.255265	0.0	0.0
0.061630	0.063126300	93.217361	0.0	0.0
0.062200	0.063710300	93.179731	0.0	0.0
0.062777	0.064299800	93.142378	0.0	0.0
0.063358	0.064894600	93.105291	0.0	0.0
0.063945	0.065495000	93.068472	0.0	0.0
0.064537	0.066100900	93.031913	0.0	0.0
0.065135	0.066712400	92.995615	0.0	0.0
0.065738	0.067329500	92.959580	0.0	0.0
0.066347	0.067952400	92.923789	0.0	0.0
0.066962	0.068580900	92.888252	0.0	0.0
0.067582	0.069215300	92.852953	0.0	0.0
0.068208	0.069855500	92.817902	0.0	0.0
0.068840	0.070501700	92.783100	0.0	0.0
0.069477	0.071153800	92.748530	0.0	0.0
0.070121	0.071811900	92.714192	0.0	0.0
0.070770	0.072476100	92.680089	0.0	0.0
0.071426	0.073146400	92.646211	0.0	0.0
0.072087	0.073822900	92.612560	0.0	0.0
0.072755	0.074505600	92.579138	0.0	0.0
0.073429	0.075194600	92.545926	0.0	0.0
0.074109	0.075890000	92.512947	0.0	0.0
0.074795	0.076591700	92.480171	0.0	0.0
0.075488	0.077300000	92.447609	0.0	0.0
0.076187	0.078014800	92.415255	0.0	0.0
0.076893	0.078736100	92.383109	0.0	0.0
0.077605	0.079464100	92.351163	0.0	0.0
0.078324	0.080198800	92.319418	0.0	0.0
0.079049	0.080940300	92.287877	0.0	0.0
0.079781	0.081688600	92.256531	0.0	0.0
0.080520	0.082443900	92.225372	0.0	0.0
0.081266	0.083206000	92.194401	0.0	0.0
0.082019	0.083975200	92.163620	0.0	0.0
0.082779	0.084751500	92.133032	0.0	0.0
0.083545	0.085534900	92.102617	0.0	0.0
0.084319	0.086325500	92.072378	0.0	0.0
0.085100	0.087123400	92.042326	0.0	0.0
0.085888	0.087928700	92.012444	0.0	0.0
0.086684	0.088741400	91.982732	0.0	0.0
0.087487	0.089561500	91.953183	0.0	0.0
0.088297	0.090389200	91.923809	0.0	0.0
0.089115	0.091224500	91.894602	0.0	0.0
0.089940	0.092067500	91.865554	0.0	0.0
0.090773	0.092918200	91.836656	0.0	0.0
0.091614	0.093776800	91.807930	0.0	0.0
0.092463	0.094643300	91.779349	0.0	0.0
0.093319	0.095517700	91.750915	0.0	0.0
0.094183	0.096400200	91.722639	0.0	0.0
0.095056	0.097290700	91.694503	0.0	0.0
0.095936	0.098189500	91.666520	0.0	0.0
0.096825	0.099096500	91.638671	0.0	0.0
0.097721	0.100012000	91.610969	0.0	0.0
0.098627	0.100936000	91.583396	0.0	0.0
0.099540	0.101868000	91.555964	0.0	0.0
0.100462	0.102809000	91.528663	0.0	0.0
0.101393	0.103758000	91.501489	0.0	0.0
0.102332	0.104716000	91.474455	0.0	0.0
0.103280	0.105683000	91.447537	0.0	0.0
0.104236	0.106659000	91.420742	0.0	0.0
0.105202	0.107644000	91.394069	0.0	0.0
0.106176	0.108638000	91.367514	0.0	0.0
0.107159	0.109641000	91.341077	0.0	0.0
0.108152	0.110653000	91.314753	0.0	0.0
0.109154	0.111674000	91.288550	0.0	0.0
0.110165	0.112705000	91.262443	0.0	0.0
0.111185	0.113746000	91.236455	0.0	0.0
0.112215	0.114795000	91.210566	0.0	0.0
0.113254	0.115855000	91.184778	0.0	0.0
0.114303	0.116924000	91.159097	0.0	0.0
0.115362	0.118003000	91.133504	0.0	0.0
0.116430	0.119092000	91.108020	0.0	0.0
0.117509	0.120190000	91.082630	0.0	0.0
0.118597	0.121299000	91.057324	0.0	0.0
0.119696	0.122418000	91.032117	0.0	0.0
0.120804	0.123547000	91.006988	0.0	0.0
0.121923	0.124687000	90.981952	0.0	0.0
0.123052	0.125837000	90.956993	0.0	0.0
0.124192	0.126998000	90.932120	0.0	0.0
0.125342	0.128169000	90.907330	0.0	0.0
0.126503	0.129351000	90.882614	0.0	0.0
0.127675	0.130543000	90.857972	0.0	0.0
0.128858	0.131747000	90.833398	0.0	0.0
0.130051	0.132961000	90.808907	0.0	0.0
0.131256	0.134187000	90.784482	0.0	0.0
0.132471	0.135424000	90.760112	0.0	0.0
0.133698	0.136672000	90.735824	0.0	0.0
0.134937	0.137931000	90.711587	0.0	0.0
0.136187	0.139202000	90.687406	0.0	0.0
0.137448	0.140485000	90.663295	0.0	0.0
0.138721	0.141779000	90.639236	0.0	0.0
0.140006	0.143085000	90.615230	0.0	0.0
0.141303	0.144403000	90.591284	0.0	0.0
0.142611	0.145733000	90.567378	0.0	0.0
0.143932	0.147076000	90.543526	0.0	0.0
0.145265	0.148430000	90.519719	0.0	0.0
0.146611	0.149797000	90.495954	0.0	0.0
0.147969	0.151176000	90.472241	0.0	0.0
0.149339	0.152567000	90.448554	0.0	0.0
0.150723	0.153972000	90.424918	0.0	0.0
0.152119	0.155389000	90.401306	0.0	0.0
0.153528	0.156819000	90.377737	0.0	0.0
0.154950	0.158262000	90.354199	0.0	0.0
0.156385	0.159718000	90.330685	0.0	0.0
0.157833	0.161188000	90.307204	0.0	0.0
0.159295	0.162670000	90.283754	0.0	0.0
0.160770	0.164166000	90.260317	0.0	0.0
0.162260	0.165676000	90.236907	0.0	0.0
0.163762	0.167200000	90.213526	0.0	0.0
0.165279	0.168737000	90.190149	0.0	0.0
0.166810	0.170288000	90.166800	0.0	0.0
0.168355	0.171853000	90.143459	0.0	0.0
0.169914	0.173433000	90.120133	0.0	0.0
0.171488	0.175027000	90.096815	0.0	0.0
0.173077	0.176635000	90.073500	0.0	0.0
0.174680	0.178258000	90.050196	0.0	0.0
0.176298	0.179895000	90.026893	0.0	0.0
0.177930	0.181547000	90.003603	0.0	0.0
0.179579	0.183215000	89.980302	0.0	0.0
0.181242	0.184897000	89.957009	0.0	0.0
0.182921	0.186594000	89.933701	0.0	0.0
0.184615	0.188307000	89.910389	0.0	0.0
0.186325	0.190035000	89.887079	0.0	0.0
0.188050	0.191779000	89.863748	0.0	0.0
0.189792	0.193539000	89.840417	0.0	0.0
0.191550	0.195314000	89.817070	0.0	0.0
0.193324	0.197106000	89.793698	0.0	0.0
0.195115	0.198913000	89.770312	0.0	0.0
0.196922	0.200737000	89.746912	0.0	0.0
0.198746	0.202578000	89.723485	0.0	0.0
0.200587	0.204435000	89.700030	0.0	0.0
0.202445	0.206308000	89.676557	0.0	0.0
0.204320	0.208199000	89.653055	0.0	0.0
0.206212	0.210106000	89.629524	0.0	0.0
0.208122	0.212031000	89.605965	0.0	0.0
0.210050	0.213973000	89.582361	0.0	0.0
0.211995	0.215932000	89.558731	0.0	0.0
0.213959	0.217909000	89.535058	0.0	0.0
0.215941	0.219903000	89.511344	0.0	0.0
0.217941	0.221916000	89.487597	0.0	0.0
0.219959	0.223946000	89.463799	0.0	0.0
0.221997	0.225995000	89.439956	0.0	0.0
0.224053	0.228062000	89.416074	0.0	0.0
0.226128	0.230148000	89.392135	0.0	0.0
0.228222	0.232252000	89.368135	0.0	0.0
0.230336	0.234375000	89.344092	0.0	0.0
0.232470	0.236517000	89.319996	0.0	0.0
0.234623	0.238678000	89.295835	0.0	0.0
0.236796	0.240858000	89.271612	0.0	0.0
0.238989	0.243058000	89.247335	0.0	0.0
0.241203	0.245278000	89.222985	0.0	0.0
0.243437	0.247517000	89.198572	0.0	0.0
0.245692	0.249776000	89.174087	0.0	0.0
0.247967	0.252056000	89.149539	0.0	0.0
0.250264	0.254356000	89.124921	0.0	0.0
0.252582	0.256676000	89.100218	0.0	0.0
0.254922	0.259017000	89.075448	0.0	0.0
0.257283	0.261378000	89.050593	0.0	0.0
0.259666	0.263761000	89.025651	0.0	0.0
0.262071	0.266165000	89.000637	0.0	0.0
0.264498	0.268590000	88.975535	0.0	0.0
0.266948	0.271036000	88.950342	0.0	0.0
0.269420	0.273505000	88.925058	0.0	0.0
0.271916	0.275995000	88.899681	0.0	0.0
0.274434	0.278507000	88.874221	0.0	0.0
0.276976	0.281042000	88.848655	0.0	0.0
0.279542	0.283599000	88.822996	0.0	0.0
0.282131	0.286179000	88.797232	0.0	0.0
0.284744	0.288781000	88.771367	0.0	0.0
0.287381	0.291407000	88.745401	0.0	0.0
0.290043	0.294055000	88.719314	0.0	0.0
0.292730	0.296728000	88.693130	0.0	0.0
0.295441	0.299423000	88.666840	0.0	0.0
0.298177	0.302143000	88.640420	0.0	0.0
0.300939	0.304887000	88.613900	0.0	0.0
0.303726	0.307655000	88.587255	0.0	0.0
0.306540	0.310447000	88.560478	0.0	0.0
0.309379	0.313264000	88.533592	0.0	0.0
0.312244	0.316105000	88.506578	0.0	0.0
0.315136	0.318972000	88.479434	0.0	0.0
0.318055	0.321864000	88.452160	0.0	0.0
0.321001	0.324782000	88.424760	0.0	0.0
0.323974	0.327725000	88.397212	0.0	0.0
0.326975	0.330694000	88.369542	0.0	0.0
0.330004	0.333690000	88.341726	0.0	0.0
0.333060	0.336711000	88.313762	0.0	0.0
0.336145	0.339760000	88.285661	0.0	0.0
0.339258	0.342835000	88.257414	0.0	0.0
0.342401	0.345937000	88.229013	0.0	0.0
0.345572	0.349067000	88.200463	0.0	0.0
0.348773	0.352224000	88.171760	0.0	0.0
0.352003	0.355409000	88.142895	0.0	0.0
0.355264	0.358621000	88.113887	0.0	0.0
0.358554	0.361863000	88.084697	0.0	0.0
0.361875	0.365132000	88.055358	0.0	0.0
0.365227	0.368431000	88.025843	0.0	0.0
0.368610	0.371758000	87.996166	0.0	0.0
0.372024	0.375115000	87.966313	0.0	0.0
0.375469	0.378501000	87.936287	0.0	0.0
0.378947	0.381918000	87.906093	0.0	0.0
0.382457	0.385364000	87.875706	0.0	0.0
0.385999	0.388841000	87.845143	0.0	0.0
0.389575	0.392348000	87.814404	0.0	0.0
0.393183	0.395886000	87.783467	0.0	0.0
0.396825	0.399456000	87.752339	0.0	0.0
0.400500	0.403057000	87.721023	0.0	0.0
0.404210	0.406690000	87.689512	0.0	0.0
0.407954	0.410355000	87.657809	0.0	0.0
0.411732	0.414052000	87.625889	0.0	0.0
0.415546	0.417782000	87.593773	0.0	0.0
0.419394	0.421545000	87.561462	0.0	0.0
0.423279	0.425342000	87.528931	0.0	0.0
0.427199	0.429172000	87.496191	0.0	0.0
0.431156	0.433036000	87.463232	0.0	0.0
0.435150	0.436934000	87.430063	0.0	0.0
0.439180	0.440868000	87.396670	0.0	0.0
0.443248	0.444836000	87.363047	0.0	0.0
0.447353	0.448840000	87.329210	0.0	0.0
0.451497	0.452879000	87.295132	0.0	0.0
0.455679	0.456955000	87.260829	0.0	0.0
0.459899	0.461067000	87.226294	0.0	0.0
0.464159	0.465216000	87.191516	0.0	0.0
0.468458	0.469402000	87.156493	0.0	0.0
0.472797	0.473626000	87.121239	0.0	0.0
0.477176	0.477888000	87.085730	0.0	0.0
0.481596	0.482188000	87.049968	0.0	0.0
0.486056	0.486528000	87.013953	0.0	0.0
0.490558	0.490906000	86.977688	0.0	0.0
0.495102	0.495325000	86.941149	0.0	0.0
0.499688	0.499783000	86.904359	0.0	0.0
0.504316	0.504283000	86.867300	0.0	0.0
0.508987	0.508823000	86.829972	0.0	0.0
0.513701	0.513405000	86.792377	0.0	0.0
0.518459	0.518029000	86.754502	0.0	0.0
0.523261	0.522695000	86.716349	0.0	0.0
0.528108	0.527405000	86.677914	0.0	0.0
0.532999	0.532158000	86.639183	0.0	0.0
0.537936	0.536956000	86.600173	0.0	0.0
0.542919	0.541798000	86.560868	0.0	0.0
0.547947	0.546685000	86.521266	0.0	0.0
0.553022	0.551618000	86.481367	0.0	0.0
0.558145	0.556597000	86.441162	0.0	0.0
0.563314	0.561623000	86.400656	0.0	0.0
0.568532	0.566697000	86.359836	0.0	0.0
0.573798	0.571819000	86.318696	0.0	0.0
0.579112	0.576989000	86.277253	0.0	0.0
0.584476	0.582209000	86.235472	0.0	0.0
0.589890	0.587478000	86.193380	0.0	0.0
0.595353	0.592799000	86.150950	0.0	0.0
0.600868	0.598170000	86.108194	0.0	0.0
0.606433	0.603594000	86.065102	0.0	0.0
0.612050	0.609070000	86.021671	0.0	0.0
0.617719	0.614600000	85.977896	0.0	0.0
0.623440	0.620184000	85.933773	0.0	0.0
0.629215	0.625823000	85.889290	0.0	0.0
0.635043	0.631517000	85.844460	0.0	0.0
0.640924	0.637268000	85.799278	0.0	0.0
0.646861	0.643076000	85.753726	0.0	0.0
0.652852	0.648942000	85.707797	0.0	0.0
0.658899	0.654866000	85.661508	0.0	0.0
0.665002	0.660850000	85.614840	0.0	0.0
0.671161	0.666895000	85.567799	0.0	0.0
0.677378	0.673001000	85.520369	0.0	0.0
0.683652	0.679169000	85.472545	0.0	0.0
0.689984	0.685401000	85.424341	0.0	0.0
0.696375	0.691696000	85.375734	0.0	0.0
0.702824	0.698056000	85.326724	0.0	0.0
0.709334	0.704482000	85.277311	0.0	0.0
0.715904	0.710975000	85.227489	0.0	0.0
0.722535	0.717535000	85.177251	0.0	0.0
0.729227	0.724164000	85.126597	0.0	0.0
0.735981	0.730863000	85.075508	0.0	0.0
0.742798	0.737632000	85.024002	0.0	0.0
0.749678	0.744473000	84.972068	0.0	0.0
0.756622	0.751386000	84.919687	0.0	0.0
0.763630	0.758374000	84.866865	0.0	0.0
0.770703	0.765435000	84.813602	0.0	0.0
0.777841	0.772573000	84.759884	0.0	0.0
0.785046	0.779787000	84.705716	0.0	0.0
0.792317	0.787079000	84.651077	0.0	0.0
0.799656	0.794450000	84.595982	0.0	0.0
0.807062	0.801900000	84.540407	0.0	0.0
0.814537	0.809432000	84.484354	0.0	0.0
0.822082	0.817045000	84.427827	0.0	0.0
0.829696	0.824741000	84.370805	0.0	0.0
0.837381	0.832521000	84.313304	0.0	0.0
0.845137	0.840387000	84.255292	0.0	0.0
0.852964	0.848338000	84.196780	0.0	0.0
0.860865	0.856377000	84.137767	0.0	0.0
0.868838	0.864503000	84.078247	0.0	0.0
0.876886	0.872719000	84.018189	0.0	0.0
0.885008	0.881025000	83.957617	0.0	0.0
0.893205	0.889421000	83.896515	0.0	0.0
0.901478	0.897910000	83.834883	0.0	0.0
0.909827	0.906491000	83.772704	0.0	0.0
0.918254	0.915167000	83.709983	0.0	0.0
0.926759	0.923937000	83.646701	0.0	0.0
0.935343	0.932802000	83.582862	0.0	0.0
0.944007	0.941764000	83.518469	0.0	0.0
0.952750	0.950822000	83.453495	0.0	0.0
0.961575	0.959979000	83.387944	0.0	0.0
0.970481	0.969233000	83.321814	0.0	0.0
0.979470	0.978587000	83.255096	0.0	0.0
0.988542	0.988041000	83.187778	0.0	0.0
0.997698	0.997595000	83.119867	0.0	0.0
1.006939	1.007250000	83.051350	0.0	0.0
1.016265	1.017000000	82.982198	0.0	0.0
1.025678	1.026860000	82.912442	0.0	0.0
1.035178	1.036820000	82.842052	0.0	0.0
1.044766	1.046880000	82.771036	0.0	0.0
1.054443	1.057050000	82.699370	0.0	0.0
1.064209	1.067310000	82.627046	0.0	0.0
1.074066	1.077680000	82.554088	0.0	0.0
1.084014	1.088150000	82.480456	0.0	0.0
1.094055	1.098720000	82.406175	0.0	0.0
1.104188	1.109400000	82.331198	0.0	0.0
1.114415	1.120180000	82.255539	0.0	0.0
1.124737	1.131050000	82.179197	0.0	0.0
1.135155	1.142030000	82.102159	0.0	0.0
1.145669	1.153120000	82.024414	0.0	0.0
1.156280	1.164300000	81.945941	0.0	0.0
1.166990	1.175580000	81.866765	0.0	0.0
1.177799	1.186960000	81.786854	0.0	0.0
1.188708	1.198440000	81.706208	0.0	0.0
1.199718	1.210010000	81.624824	0.0	0.0
1.210830	1.221680000	81.542678	0.0	0.0
1.222045	1.233450000	81.459779	0.0	0.0
1.233363	1.245320000	81.376087	0.0	0.0
1.244787	1.257270000	81.291644	0.0	0.0
1.256317	1.269320000	81.206430	0.0	0.0
1.267953	1.281460000	81.120396	0.0	0.0
1.279697	1.293700000	81.033565	0.0	0.0
1.291550	1.306020000	80.945937	0.0	0.0
1.303512	1.318430000	80.857460	0.0	0.0
1.315586	1.330930000	80.768188	0.0	0.0
1.327771	1.343520000	80.678063	0.0	0.0
1.340069	1.356190000	80.587090	0.0	0.0
1.352481	1.368950000	80.495257	0.0	0.0
1.365008	1.381790000	80.402570	0.0	0.0
1.377651	1.394720000	80.308999	0.0	0.0
1.390411	1.407730000	80.214549	0.0	0.0
1.403289	1.420820000	80.119199	0.0	0.0
1.416287	1.434000000	80.022964	0.0	0.0
1.429405	1.447260000	79.925804	0.0	0.0
1.442644	1.460600000	79.827696	0.0	0.0
1.456006	1.474030000	79.728675	0.0	0.0
1.469492	1.487540000	79.628720	0.0	0.0
1.483103	1.501140000	79.527807	0.0	0.0
1.496839	1.514830000	79.425896	0.0	0.0
1.510703	1.528610000	79.323031	0.0	0.0
1.524696	1.542480000	79.219198	0.0	0.0
1.538818	1.556450000	79.114348	0.0	0.0
1.553071	1.570510000	79.008495	0.0	0.0
1.567455	1.584680000	78.901591	0.0	0.0
1.581973	1.598950000	78.793676	0.0	0.0
1.596626	1.613330000	78.684740	0.0	0.0
1.611414	1.627840000	78.574722	0.0	0.0
1.626340	1.642460000	78.463664	0.0	0.0
1.641403	1.657210000	78.351489	0.0	0.0
1.656606	1.672100000	78.238239	0.0	0.0
1.671950	1.687130000	78.123893	0.0	0.0
1.687436	1.702320000	78.008417	0.0	0.0
1.703065	1.717660000	77.891810	0.0	0.0
1.718839	1.733180000	77.774056	0.0	0.0
1.734759	1.748880000	77.655153	0.0	0.0
1.750827	1.764770000	77.535086	0.0	0.0
1.767044	1.780860000	77.413842	0.0	0.0
1.783410	1.797170000	77.291371	0.0	0.0
1.799929	1.813710000	77.167735	0.0	0.0
1.816600	1.830480000	77.042834	0.0	0.0
1.833425	1.847520000	76.916695	0.0	0.0
1.850407	1.864820000	76.789329	0.0	0.0
1.867546	1.882400000	76.660687	0.0	0.0
1.884843	1.900270000	76.530736	0.0	0.0
1.902301	1.918460000	76.399510	0.0	0.0
1.919921	1.936970000	76.266984	0.0	0.0
1.937703	1.955820000	76.133091	0.0	0.0
1.955651	1.975020000	75.997889	0.0	0.0
1.973764	1.994590000	75.861291	0.0	0.0
1.992046	2.014530000	75.723347	0.0	0.0
2.010496	2.034860000	75.583980	0.0	0.0
2.029118	2.055590000	75.443220	0.0	0.0
2.047912	2.076730000	75.301026	0.0	0.0
2.066880	2.098290000	75.157385	0.0	0.0
2.086024	2.120270000	75.012291	0.0	0.0
2.105345	2.142680000	74.865701	0.0	0.0
2.124845	2.165530000	74.717621	0.0	0.0
2.144526	2.188810000	74.568026	0.0	0.0
2.164389	2.212520000	74.416893	0.0	0.0
2.184436	2.236660000	74.264197	0.0	0.0
2.204669	2.261230000	74.109944	0.0	0.0
2.225089	2.286210000	73.954081	0.0	0.0
2.245698	2.311600000	73.796603	0.0	0.0
2.266498	2.337380000	73.637495	0.0	0.0
2.287491	2.363530000	73.476742	0.0	0.0
2.308678	2.390030000	73.314294	0.0	0.0
2.330061	2.416860000	73.150146	0.0	0.0
2.351643	2.443990000	72.984305	0.0	0.0
2.373424	2.471400000	72.816700	0.0	0.0
2.395407	2.499040000	72.647339	0.0	0.0
2.417594	2.526900000	72.476204	0.0	0.0
2.439986	2.554930000	72.303245	0.0	0.0
2.462586	2.583080000	72.128472	0.0	0.0
2.485395	2.611330000	71.951835	0.0	0.0
2.508415	2.639640000	71.773312	0.0	0.0
2.531648	2.667950000	71.592878	0.0	0.0
2.555097	2.696220000	71.410537	0.0	0.0
2.578763	2.724430000	71.226237	0.0	0.0
2.602648	2.752510000	71.039952	0.0	0.0
2.626754	2.780450000	70.851654	0.0	0.0
2.651084	2.808200000	70.661343	0.0	0.0
2.675638	2.835730000	70.468936	0.0	0.0
2.700421	2.863010000	70.274483	0.0	0.0
2.725433	2.890020000	70.077901	0.0	0.0
2.750676	2.916750000	69.879156	0.0	0.0
2.776153	2.943180000	69.678245	0.0	0.0
2.801867	2.969310000	69.475158	0.0	0.0
2.827818	2.995140000	69.269808	0.0	0.0
2.854010	3.020700000	69.062212	0.0	0.0
2.880444	3.046000000	68.852308	0.0	0.0
2.907123	3.071070000	68.640077	0.0	0.0
2.934050	3.095960000	68.425527	0.0	0.0
2.961225	3.120720000	68.208537	0.0	0.0
2.988653	3.145410000	67.989164	0.0	0.0
3.016334	3.170100000	67.767308	0.0	0.0
3.044272	3.194870000	67.542971	0.0	0.0
3.072469	3.219790000	67.316126	0.0	0.0
3.100927	3.244980000	67.086710	0.0	0.0
3.129648	3.270510000	66.854676	0.0	0.0
3.158635	3.296490000	66.620018	0.0	0.0
3.187891	3.323030000	66.382698	0.0	0.0
3.217418	3.350230000	66.142662	0.0	0.0
3.247218	3.378170000	65.899874	0.0	0.0
3.277295	3.406960000	65.654334	0.0	0.0
3.307650	3.436690000	65.405941	0.0	0.0
3.338286	3.467430000	65.154686	0.0	0.0
3.369206	3.499250000	64.900523	0.0	0.0
3.400412	3.532200000	64.643396	0.0	0.0
3.431907	3.566310000	64.383279	0.0	0.0
3.463694	3.601600000	64.120143	0.0	0.0
3.495776	3.638070000	63.853931	0.0	0.0
3.528154	3.675700000	63.584571	0.0	0.0
3.560833	3.714430000	63.312071	0.0	0.0
3.593814	3.754200000	63.036328	0.0	0.0
3.627100	3.794920000	62.757314	0.0	0.0
3.660695	3.836480000	62.475010	0.0	0.0
3.694601	3.878760000	62.189342	0.0	0.0
3.728821	3.921600000	61.900260	0.0	0.0
3.763358	3.964850000	61.607719	0.0	0.0
3.798215	4.008350000	61.311681	0.0	0.0
3.833395	4.051930000	61.012078	0.0	0.0
3.868901	4.095420000	60.708864	0.0	0.0
3.904735	4.138660000	60.401962	0.0	0.0
3.940902	4.181500000	60.091371	0.0	0.0
3.977403	4.223820000	59.776979	0.0	0.0
4.014242	4.265520000	59.458745	0.0	0.0
4.051423	4.306530000	59.136649	0.0	0.0
4.088948	4.346810000	58.810598	0.0	0.0
4.126821	4.386400000	58.480560	0.0	0.0
4.165044	4.425330000	58.146432	0.0	0.0
4.203622	4.463720000	57.808210	0.0	0.0
4.242556	4.501730000	57.465762	0.0	0.0
4.281852	4.539560000	57.119114	0.0	0.0
4.321511	4.577460000	56.768133	0.0	0.0
4.361538	4.615730000	56.412807	0.0	0.0
4.401935	4.654670000	56.053030	0.0	0.0
4.442707	4.694630000	55.688771	0.0	0.0
4.483856	4.735970000	55.319934	0.0	0.0
4.525386	4.779030000	54.946470	0.0	0.0
4.567301	4.824120000	54.568330	0.0	0.0
4.609604	4.871540000	54.185414	0.0	0.0
4.652300	4.921520000	53.797712	0.0	0.0
4.695390	4.974220000	53.405071	0.0	0.0
4.738880	5.029700000	53.007485	0.0	0.0
4.782772	5.087940000	52.604851	0.0	0.0
4.827071	5.148790000	52.197125	0.0	0.0
4.871780	5.212010000	51.784221	0.0	0.0
4.916904	5.277200000	51.366096	0.0	0.0
4.962445	5.343890000	50.942625	0.0	0.0
5.008408	5.411480000	50.513786	0.0	0.0
5.054797	5.479290000	50.079499	0.0	0.0
5.101615	5.546600000	49.639667	0.0	0.0
5.148867	5.612650000	49.194247	0.0	0.0
5.196557	5.676680000	48.743160	0.0	0.0
5.244689	5.737990000	48.286355	0.0	0.0
5.293266	5.795940000	47.823706	0.0	0.0
5.342293	5.850050000	47.355189	0.0	0.0
5.391775	5.899990000	46.880784	0.0	0.0
5.441714	5.945610000	46.400204	0.0	0.0
5.492116	5.987010000	45.913675	0.0	0.0
5.542986	6.024490000	45.420934	0.0	0.0
5.594326	6.058590000	44.922038	0.0	0.0
5.646141	6.090050000	44.416723	0.0	0.0
5.698437	6.119800000	43.576597	0.0	0.0
5.751217	6.148920000	43.055538	0.0	0.0
5.804486	6.178520000	42.527969	0.0	0.0
5.858248	6.209760000	41.993836	0.0	0.0
5.912508	6.243700000	41.453075	0.0	0.0
5.967271	6.281260000	40.905626	0.0	0.0
6.022541	6.323120000	40.351440	0.0	0.0
6.078323	6.369700000	39.790463	0.0	0.0
6.134622	6.421050000	39.222643	0.0	0.0
6.191442	6.476870000	38.647942	0.0	0.0
6.248788	6.536480000	38.066314	0.0	0.0
6.306666	6.598880000	37.477707	0.0	0.0
6.365079	6.662760000	36.882106	0.0	0.0
6.424034	6.726630000	36.279456	0.0	0.0
6.483534	6.788930000	35.669750	0.0	0.0
6.543586	6.848130000	35.052943	0.0	0.0
6.604194	6.902930000	34.429027	0.0	0.0
6.665363	6.952360000	33.797990	0.0	0.0
6.727099	6.995910000	33.159812	0.0	0.0
6.789407	7.033680000	32.514493	0.0	0.0
6.852292	7.066400000	31.862036	0.0	0.0
6.915759	7.095460000	31.202453	0.0	0.0
6.979814	7.122820000	30.535752	0.0	0.0
7.044462	7.150920000	29.861956	0.0	0.0
7.109709	7.182460000	29.181089	0.0	0.0
7.175561	7.220120000	28.493178	0.0	0.0
7.242022	7.266210000	27.798283	0.0	0.0
7.309099	7.322370000	27.096437	0.0	0.0
7.376798	7.389090000	26.387695	0.0	0.0
7.445123	7.465470000	25.672140	0.0	0.0
7.514081	7.548890000	24.949833	0.0	0.0
7.583678	7.634820000	24.220853	0.0	0.0
7.653919	7.716850000	23.485301	0.0	0.0
7.724811	7.786790000	22.743264	0.0	0.0
7.796360	7.835010000	21.994853	0.0	0.0
7.868572	7.850970000	21.240184	0.0	0.0
7.941452	7.823890000	20.479396	0.0	0.0
8.015007	7.743550000	19.712617	0.0	0.0
8.089243	7.601170000	18.939996	0.0	0.0
8.164168	7.390200000	18.161668	0.0	0.0
8.239786	7.107120000	17.377823	0.0	0.0
8.316104	6.751950000	16.588629	0.0	0.0
8.393129	6.328600000	15.794263	0.0	0.0
8.470868	5.844810000	14.994913	0.0	0.0
8.549327	5.311880000	14.190786	0.0	0.0
8.628513	4.744020000	13.382088	0.0	0.0
8.708431	4.157480000	12.569055	0.0	0.0
8.789091	3.569460000	11.751883	0.0	0.0
8.870497	2.996940000	10.930835	0.0	0.0
8.952657	2.455580000	10.106142	0.0	0.0
9.035578	1.958680000	9.278055	0.0	0.0
9.119268	1.516420000	8.446822	0.0	0.0
9.203732	1.135350000	7.612726	0.0	0.0
9.288979	0.818219000	6.776019	0.0	0.0
9.375015	0.564151000	5.936989	0.0	0.0
9.461848	0.369078000	5.095910	0.0	0.0
9.549486	0.226430000	4.253059	0.0	0.0
9.637935	0.127973000	3.408739	0.0	0.0
9.727203	0.064693400	2.563237	0.0	0.0
9.817298	0.027643900	1.716843	0.0	0.0
9.908228	0.008663260	0.869851	0.0	0.0
10.000000	0.000900637	0.022564	0.0	0.0
