# UNCLASSIFIED
#
# Response info for TEIG broad_band site.
#
# Effective: 04 Jun 2006
# Creation date: 27 Jul 2009
# File name: TEIG.BB.1149379200
#
# Source: James Neely (TTD), TSgt Swindle (TTD)
# System equipment: Guralp CMG-3TB seismometer, Kinemetrics_Q680 digitizer
#
# The response file was derived from equations of state.
# Displacement response normalized to 1.0 at 1.0 Hz.
#
# The nominal calib values for this configuration are as follows:
#
# TEIG BHZ is 0.038000 nm/count at 1.0 Hz.
# TEIG BH1 is 0.037900 nm/count at 1.0 Hz.
# TEIG BH2 is 0.038200 nm/count at 1.0 Hz.
#
# Freq(Hz)     Amp(counts/nm)    Phase(deg)   Error(amp) Error(phase)
#
 theoretical  0       system    fap   J.Neely
1000				
0.001000	0.000014644	260.221757	0.0	0.0
0.001010	0.000015086	260.123407	0.0	0.0
0.001020	0.000015541	260.024052	0.0	0.0
0.001030	0.000016010	259.923682	0.0	0.0
0.001040	0.000016493	259.822284	0.0	0.0
0.001051	0.000016991	259.719839	0.0	0.0
0.001061	0.000017504	259.616345	0.0	0.0
0.001072	0.000018032	259.511790	0.0	0.0
0.001083	0.000018576	259.406155	0.0	0.0
0.001093	0.000019137	259.299436	0.0	0.0
0.001104	0.000019715	259.191625	0.0	0.0
0.001115	0.000020310	259.082698	0.0	0.0
0.001126	0.000020923	258.972645	0.0	0.0
0.001138	0.000021554	258.861464	0.0	0.0
0.001149	0.000022204	258.749135	0.0	0.0
0.001160	0.000022875	258.635645	0.0	0.0
0.001172	0.000023565	258.520983	0.0	0.0
0.001184	0.000024276	258.405138	0.0	0.0
0.001195	0.000025009	258.288087	0.0	0.0
0.001207	0.000025763	258.169830	0.0	0.0
0.001219	0.000026541	258.050355	0.0	0.0
0.001231	0.000027342	257.929630	0.0	0.0
0.001244	0.000028167	257.807662	0.0	0.0
0.001256	0.000029017	257.684421	0.0	0.0
0.001269	0.000029892	257.559905	0.0	0.0
0.001281	0.000030794	257.434090	0.0	0.0
0.001294	0.000031724	257.306976	0.0	0.0
0.001307	0.000032681	257.178530	0.0	0.0
0.001320	0.000033667	257.048750	0.0	0.0
0.001333	0.000034683	256.917614	0.0	0.0
0.001346	0.000035729	256.785109	0.0	0.0
0.001360	0.000036807	256.651214	0.0	0.0
0.001373	0.000037918	256.515925	0.0	0.0
0.001387	0.000039062	256.379220	0.0	0.0
0.001401	0.000040241	256.241087	0.0	0.0
0.001415	0.000041455	256.101502	0.0	0.0
0.001429	0.000042705	255.960453	0.0	0.0
0.001443	0.000043994	255.817928	0.0	0.0
0.001457	0.000045321	255.673903	0.0	0.0
0.001472	0.000046688	255.528355	0.0	0.0
0.001487	0.000048097	255.381280	0.0	0.0
0.001501	0.000049547	255.232657	0.0	0.0
0.001516	0.000051042	255.082461	0.0	0.0
0.001532	0.000052582	254.930679	0.0	0.0
0.001547	0.000054168	254.777298	0.0	0.0
0.001562	0.000055801	254.622294	0.0	0.0
0.001578	0.000057484	254.465642	0.0	0.0
0.001593	0.000059218	254.307330	0.0	0.0
0.001609	0.000061004	254.147333	0.0	0.0
0.001625	0.000062844	253.985648	0.0	0.0
0.001642	0.000064739	253.822230	0.0	0.0
0.001658	0.000066691	253.657074	0.0	0.0
0.001674	0.000068702	253.490167	0.0	0.0
0.001691	0.000070774	253.321463	0.0	0.0
0.001708	0.000072908	253.150968	0.0	0.0
0.001725	0.000075106	252.978648	0.0	0.0
0.001742	0.000077370	252.804476	0.0	0.0
0.001760	0.000079703	252.628439	0.0	0.0
0.001777	0.000082106	252.450510	0.0	0.0
0.001795	0.000084581	252.270665	0.0	0.0
0.001813	0.000087130	252.088888	0.0	0.0
0.001831	0.000089756	251.905152	0.0	0.0
0.001849	0.000092461	251.719433	0.0	0.0
0.001867	0.000095248	251.531704	0.0	0.0
0.001886	0.000098118	251.341949	0.0	0.0
0.001905	0.000101074	251.150131	0.0	0.0
0.001924	0.000104120	250.956245	0.0	0.0
0.001943	0.000107257	250.760242	0.0	0.0
0.001962	0.000110488	250.562107	0.0	0.0
0.001982	0.000113816	250.361812	0.0	0.0
0.002002	0.000117244	250.159340	0.0	0.0
0.002022	0.000120775	249.954643	0.0	0.0
0.002042	0.000124412	249.747724	0.0	0.0
0.002062	0.000128159	249.538524	0.0	0.0
0.002083	0.000132017	249.327036	0.0	0.0
0.002103	0.000135992	249.113222	0.0	0.0
0.002124	0.000140085	248.897062	0.0	0.0
0.002145	0.000144302	248.678508	0.0	0.0
0.002167	0.000148645	248.457552	0.0	0.0
0.002188	0.000153118	248.234153	0.0	0.0
0.002210	0.000157725	248.008283	0.0	0.0
0.002232	0.000162470	247.779912	0.0	0.0
0.002254	0.000167357	247.548999	0.0	0.0
0.002277	0.000172390	247.315525	0.0	0.0
0.002300	0.000177574	247.079449	0.0	0.0
0.002322	0.000182913	246.840741	0.0	0.0
0.002346	0.000188412	246.599370	0.0	0.0
0.002369	0.000194075	246.355294	0.0	0.0
0.002393	0.000199907	246.108482	0.0	0.0
0.002416	0.000205913	245.858913	0.0	0.0
0.002441	0.000212099	245.606523	0.0	0.0
0.002465	0.000218469	245.351303	0.0	0.0
0.002489	0.000225029	245.093208	0.0	0.0
0.002514	0.000231785	244.832196	0.0	0.0
0.002539	0.000238742	244.568233	0.0	0.0
0.002565	0.000245907	244.301277	0.0	0.0
0.002590	0.000253284	244.031305	0.0	0.0
0.002616	0.000260881	243.758261	0.0	0.0
0.002642	0.000268704	243.482112	0.0	0.0
0.002668	0.000276759	243.202813	0.0	0.0
0.002695	0.000285053	242.920329	0.0	0.0
0.002722	0.000293594	242.634616	0.0	0.0
0.002749	0.000302388	242.345628	0.0	0.0
0.002776	0.000311442	242.053340	0.0	0.0
0.002804	0.000320764	241.757684	0.0	0.0
0.002832	0.000330362	241.458636	0.0	0.0
0.002860	0.000340244	241.156149	0.0	0.0
0.002888	0.000350418	240.850176	0.0	0.0
0.002917	0.000360892	240.540670	0.0	0.0
0.002946	0.000371674	240.227584	0.0	0.0
0.002976	0.000382775	239.910869	0.0	0.0
0.003005	0.000394202	239.590499	0.0	0.0
0.003035	0.000405964	239.266394	0.0	0.0
0.003066	0.000418073	238.938539	0.0	0.0
0.003096	0.000430536	238.606861	0.0	0.0
0.003127	0.000443364	238.271325	0.0	0.0
0.003158	0.000456568	237.931880	0.0	0.0
0.003190	0.000470158	237.588467	0.0	0.0
0.003221	0.000484145	237.241048	0.0	0.0
0.003253	0.000498538	236.889561	0.0	0.0
0.003286	0.000513352	236.533968	0.0	0.0
0.003319	0.000528595	236.174199	0.0	0.0
0.003352	0.000544281	235.810224	0.0	0.0
0.003385	0.000560421	235.441973	0.0	0.0
0.003419	0.000577029	235.069395	0.0	0.0
0.003453	0.000594116	234.692452	0.0	0.0
0.003487	0.000611696	234.311071	0.0	0.0
0.003522	0.000629781	233.925204	0.0	0.0
0.003557	0.000648386	233.534811	0.0	0.0
0.003592	0.000667523	233.139809	0.0	0.0
0.003628	0.000687209	232.740173	0.0	0.0
0.003664	0.000707456	232.335829	0.0	0.0
0.003701	0.000728280	231.926730	0.0	0.0
0.003738	0.000749696	231.512826	0.0	0.0
0.003775	0.000771718	231.094048	0.0	0.0
0.003813	0.000794364	230.670346	0.0	0.0
0.003851	0.000817647	230.241664	0.0	0.0
0.003889	0.000841586	229.807953	0.0	0.0
0.003928	0.000866196	229.369146	0.0	0.0
0.003967	0.000891494	228.925208	0.0	0.0
0.004006	0.000917497	228.476070	0.0	0.0
0.004046	0.000944223	228.021679	0.0	0.0
0.004087	0.000971690	227.561980	0.0	0.0
0.004127	0.000999914	227.096929	0.0	0.0
0.004168	0.001028920	226.626476	0.0	0.0
0.004210	0.001058710	226.150545	0.0	0.0
0.004252	0.001089320	225.669109	0.0	0.0
0.004294	0.001120760	225.182109	0.0	0.0
0.004337	0.001153060	224.689496	0.0	0.0
0.004380	0.001186220	224.191224	0.0	0.0
0.004424	0.001220280	223.687239	0.0	0.0
0.004468	0.001255240	223.177497	0.0	0.0
0.004512	0.001291140	222.661970	0.0	0.0
0.004557	0.001327980	222.140596	0.0	0.0
0.004603	0.001365800	221.613338	0.0	0.0
0.004649	0.001404600	221.080164	0.0	0.0
0.004695	0.001444420	220.541028	0.0	0.0
0.004742	0.001485270	219.995892	0.0	0.0
0.004789	0.001527170	219.444729	0.0	0.0
0.004837	0.001570150	218.887515	0.0	0.0
0.004885	0.001614210	218.324219	0.0	0.0
0.004934	0.001659390	217.754801	0.0	0.0
0.004983	0.001705700	217.179259	0.0	0.0
0.005032	0.001753170	216.597559	0.0	0.0
0.005082	0.001801810	216.009684	0.0	0.0
0.005133	0.001851640	215.415632	0.0	0.0
0.005184	0.001902690	214.815381	0.0	0.0
0.005236	0.001954970	214.208937	0.0	0.0
0.005288	0.002008510	213.596289	0.0	0.0
0.005341	0.002063310	212.977452	0.0	0.0
0.005394	0.002119400	212.352422	0.0	0.0
0.005448	0.002176800	211.721214	0.0	0.0
0.005502	0.002235520	211.083835	0.0	0.0
0.005557	0.002295590	210.440310	0.0	0.0
0.005612	0.002357010	209.790680	0.0	0.0
0.005668	0.002419810	209.134959	0.0	0.0
0.005725	0.002484000	208.473188	0.0	0.0
0.005782	0.002549590	207.805404	0.0	0.0
0.005839	0.002616600	207.131662	0.0	0.0
0.005897	0.002685030	206.452022	0.0	0.0
0.005956	0.002754910	205.766518	0.0	0.0
0.006015	0.002826240	205.075248	0.0	0.0
0.006075	0.002899040	204.378258	0.0	0.0
0.006136	0.002973310	203.675638	0.0	0.0
0.006197	0.003049060	202.967470	0.0	0.0
0.006259	0.003126300	202.253847	0.0	0.0
0.006321	0.003205040	201.534868	0.0	0.0
0.006384	0.003285270	200.810639	0.0	0.0
0.006448	0.003367000	200.081262	0.0	0.0
0.006512	0.003450250	199.346870	0.0	0.0
0.006577	0.003535000	198.607580	0.0	0.0
0.006642	0.003621260	197.863519	0.0	0.0
0.006708	0.003709020	197.114839	0.0	0.0
0.006775	0.003798290	196.361672	0.0	0.0
0.006843	0.003889060	195.604185	0.0	0.0
0.006911	0.003981330	194.842524	0.0	0.0
0.006980	0.004075080	194.076861	0.0	0.0
0.007049	0.004170320	193.307364	0.0	0.0
0.007120	0.004267030	192.534211	0.0	0.0
0.007191	0.004365210	191.757583	0.0	0.0
0.007262	0.004464830	190.977681	0.0	0.0
0.007335	0.004565900	190.194689	0.0	0.0
0.007408	0.004668400	189.408808	0.0	0.0
0.007481	0.004772310	188.620257	0.0	0.0
0.007556	0.004877620	187.829226	0.0	0.0
0.007631	0.004984300	187.035934	0.0	0.0
0.007707	0.005092350	186.240613	0.0	0.0
0.007784	0.005201740	185.443469	0.0	0.0
0.007862	0.005312460	184.644733	0.0	0.0
0.007940	0.005424480	183.844629	0.0	0.0
0.008019	0.005537780	183.043396	0.0	0.0
0.008099	0.005652350	182.241262	0.0	0.0
0.008180	0.005768150	181.438462	0.0	0.0
0.008261	0.005885170	180.635239	0.0	0.0
0.008343	0.006003390	179.831811	0.0	0.0
0.008426	0.006122780	179.028435	0.0	0.0
0.008510	0.006243320	178.225330	0.0	0.0
0.008595	0.006364980	177.422743	0.0	0.0
0.008681	0.006487740	176.620905	0.0	0.0
0.008767	0.006611580	175.820051	0.0	0.0
0.008855	0.006736470	175.020420	0.0	0.0
0.008943	0.006862400	174.222227	0.0	0.0
0.009032	0.006989330	173.425705	0.0	0.0
0.009122	0.007117240	172.631087	0.0	0.0
0.009213	0.007246120	171.838581	0.0	0.0
0.009305	0.007375940	171.048413	0.0	0.0
0.009397	0.007506680	170.260795	0.0	0.0
0.009491	0.007638320	169.475928	0.0	0.0
0.009586	0.007770840	168.694018	0.0	0.0
0.009681	0.007904230	167.915264	0.0	0.0
0.009777	0.008038450	167.139863	0.0	0.0
0.009875	0.008173510	166.367998	0.0	0.0
0.009973	0.008309380	165.599848	0.0	0.0
0.010073	0.008446040	164.835561	0.0	0.0
0.010173	0.008583490	164.075376	0.0	0.0
0.010274	0.008721710	163.319414	0.0	0.0
0.010377	0.008860680	162.567833	0.0	0.0
0.010480	0.009000410	161.820782	0.0	0.0
0.010584	0.009140870	161.078406	0.0	0.0
0.010690	0.009282070	160.340843	0.0	0.0
0.010796	0.009423980	159.608225	0.0	0.0
0.010904	0.009566610	158.880677	0.0	0.0
0.011013	0.009709960	158.158320	0.0	0.0
0.011122	0.009854020	157.441200	0.0	0.0
0.011233	0.009998780	156.729492	0.0	0.0
0.011345	0.010144200	156.023297	0.0	0.0
0.011458	0.010290400	155.322645	0.0	0.0
0.011572	0.010437300	154.627688	0.0	0.0
0.011688	0.010584900	153.938448	0.0	0.0
0.011804	0.010733200	153.255004	0.0	0.0
0.011922	0.010882200	152.577427	0.0	0.0
0.012040	0.011031900	151.905783	0.0	0.0
0.012160	0.011182400	151.240077	0.0	0.0
0.012281	0.011333600	150.580420	0.0	0.0
0.012404	0.011485500	149.926860	0.0	0.0
0.012527	0.011638200	149.279337	0.0	0.0
0.012652	0.011791700	148.637995	0.0	0.0
0.012778	0.011945900	148.002767	0.0	0.0
0.012906	0.012101000	147.373684	0.0	0.0
0.013034	0.012256800	146.750822	0.0	0.0
0.013164	0.012413400	146.134106	0.0	0.0
0.013295	0.012570800	145.523604	0.0	0.0
0.013428	0.012729100	144.919327	0.0	0.0
0.013561	0.012888300	144.321196	0.0	0.0
0.013696	0.013048300	143.729262	0.0	0.0
0.013833	0.013209200	143.143530	0.0	0.0
0.013971	0.013371000	142.563955	0.0	0.0
0.014110	0.013533800	141.990493	0.0	0.0
0.014250	0.013697400	141.423181	0.0	0.0
0.014392	0.013862100	140.861929	0.0	0.0
0.014536	0.014027700	140.306805	0.0	0.0
0.014681	0.014194300	139.757680	0.0	0.0
0.014827	0.014361900	139.214576	0.0	0.0
0.014975	0.014530600	138.677439	0.0	0.0
0.015124	0.014700300	138.146284	0.0	0.0
0.015275	0.014871200	137.620984	0.0	0.0
0.015427	0.015043100	137.101584	0.0	0.0
0.015580	0.015216100	136.587992	0.0	0.0
0.015736	0.015390300	136.080148	0.0	0.0
0.015892	0.015565600	135.578058	0.0	0.0
0.016051	0.015742200	135.081660	0.0	0.0
0.016211	0.015920000	134.590893	0.0	0.0
0.016372	0.016099000	134.105725	0.0	0.0
0.016535	0.016279200	133.626095	0.0	0.0
0.016700	0.016460700	133.151968	0.0	0.0
0.016866	0.016643600	132.683255	0.0	0.0
0.017034	0.016827800	132.219949	0.0	0.0
0.017204	0.017013300	131.761959	0.0	0.0
0.017375	0.017200200	131.309252	0.0	0.0
0.017549	0.017388500	130.861765	0.0	0.0
0.017723	0.017578200	130.419462	0.0	0.0
0.017900	0.017769400	129.982281	0.0	0.0
0.018078	0.017962100	129.550160	0.0	0.0
0.018258	0.018156300	129.123039	0.0	0.0
0.018440	0.018351900	128.700857	0.0	0.0
0.018624	0.018549200	128.283600	0.0	0.0
0.018810	0.018748000	127.871164	0.0	0.0
0.018997	0.018948400	127.463533	0.0	0.0
0.019186	0.019150400	127.060627	0.0	0.0
0.019377	0.019354100	126.662389	0.0	0.0
0.019570	0.019559500	126.268781	0.0	0.0
0.019765	0.019766600	125.879747	0.0	0.0
0.019962	0.019975300	125.495211	0.0	0.0
0.020161	0.020185900	125.115136	0.0	0.0
0.020362	0.020398200	124.739470	0.0	0.0
0.020565	0.020612300	124.368156	0.0	0.0
0.020770	0.020828300	124.001142	0.0	0.0
0.020977	0.021046100	123.638358	0.0	0.0
0.021186	0.021265800	123.279786	0.0	0.0
0.021397	0.021487400	122.925342	0.0	0.0
0.021610	0.021710900	122.574992	0.0	0.0
0.021825	0.021936400	122.228686	0.0	0.0
0.022043	0.022163900	121.886359	0.0	0.0
0.022262	0.022393400	121.547963	0.0	0.0
0.022484	0.022625000	121.213468	0.0	0.0
0.022708	0.022858600	120.882810	0.0	0.0
0.022934	0.023094300	120.555930	0.0	0.0
0.023163	0.023332100	120.232812	0.0	0.0
0.023394	0.023572100	119.913368	0.0	0.0
0.023627	0.023814200	119.597585	0.0	0.0
0.023862	0.024058600	119.285390	0.0	0.0
0.024100	0.024305200	118.976758	0.0	0.0
0.024340	0.024554000	118.671644	0.0	0.0
0.024582	0.024805200	118.369973	0.0	0.0
0.024827	0.025058600	118.071741	0.0	0.0
0.025075	0.025314400	117.776873	0.0	0.0
0.025324	0.025572600	117.485343	0.0	0.0
0.025577	0.025833100	117.197101	0.0	0.0
0.025832	0.026096100	116.912112	0.0	0.0
0.026089	0.026361600	116.630327	0.0	0.0
0.026349	0.026629500	116.351702	0.0	0.0
0.026611	0.026900000	116.076211	0.0	0.0
0.026876	0.027173000	115.803800	0.0	0.0
0.027144	0.027448600	115.534427	0.0	0.0
0.027415	0.027726800	115.268067	0.0	0.0
0.027688	0.028007600	115.004681	0.0	0.0
0.027964	0.028291100	114.744225	0.0	0.0
0.028242	0.028577300	114.486652	0.0	0.0
0.028524	0.028866200	114.231949	0.0	0.0
0.028808	0.029157800	113.980052	0.0	0.0
0.029095	0.029452300	113.730948	0.0	0.0
0.029385	0.029749500	113.484593	0.0	0.0
0.029677	0.030049700	113.240951	0.0	0.0
0.029973	0.030352700	112.999986	0.0	0.0
0.030272	0.030658600	112.761672	0.0	0.0
0.030573	0.030967400	112.525968	0.0	0.0
0.030878	0.031279200	112.292847	0.0	0.0
0.031185	0.031594100	112.062277	0.0	0.0
0.031496	0.031912000	111.834219	0.0	0.0
0.031810	0.032232900	111.608642	0.0	0.0
0.032127	0.032557000	111.385523	0.0	0.0
0.032447	0.032884200	111.164826	0.0	0.0
0.032770	0.033214600	110.946520	0.0	0.0
0.033097	0.033548200	110.730578	0.0	0.0
0.033426	0.033885000	110.516971	0.0	0.0
0.033759	0.034225200	110.305666	0.0	0.0
0.034096	0.034568600	110.096643	0.0	0.0
0.034435	0.034915400	109.889863	0.0	0.0
0.034778	0.035265500	109.685307	0.0	0.0
0.035125	0.035619100	109.482948	0.0	0.0
0.035475	0.035976200	109.282753	0.0	0.0
0.035828	0.036336700	109.084695	0.0	0.0
0.036185	0.036700800	108.888758	0.0	0.0
0.036546	0.037068400	108.694903	0.0	0.0
0.036910	0.037439600	108.503117	0.0	0.0
0.037278	0.037814500	108.313368	0.0	0.0
0.037649	0.038193100	108.125630	0.0	0.0
0.038024	0.038575300	107.939887	0.0	0.0
0.038403	0.038961300	107.756102	0.0	0.0
0.038785	0.039351200	107.574267	0.0	0.0
0.039172	0.039744800	107.394346	0.0	0.0
0.039562	0.040142300	107.216322	0.0	0.0
0.039956	0.040543800	107.040174	0.0	0.0
0.040354	0.040949100	106.865875	0.0	0.0
0.040756	0.041358500	106.693404	0.0	0.0
0.041162	0.041772000	106.522739	0.0	0.0
0.041572	0.042189500	106.353865	0.0	0.0
0.041987	0.042611100	106.186751	0.0	0.0
0.042405	0.043036800	106.021383	0.0	0.0
0.042827	0.043466800	105.857738	0.0	0.0
0.043254	0.043901000	105.695800	0.0	0.0
0.043685	0.044339500	105.535542	0.0	0.0
0.044120	0.044782400	105.376949	0.0	0.0
0.044560	0.045229600	105.219999	0.0	0.0
0.045004	0.045681300	105.064673	0.0	0.0
0.045452	0.046137400	104.910956	0.0	0.0
0.045905	0.046598000	104.758828	0.0	0.0
0.046362	0.047063200	104.608267	0.0	0.0
0.046824	0.047532900	104.459259	0.0	0.0
0.047291	0.048007400	104.311782	0.0	0.0
0.047762	0.048486500	104.165823	0.0	0.0
0.048238	0.048970400	104.021360	0.0	0.0
0.048718	0.049459100	103.878382	0.0	0.0
0.049204	0.049952600	103.736864	0.0	0.0
0.049694	0.050451000	103.596795	0.0	0.0
0.050189	0.050954300	103.458159	0.0	0.0
0.050689	0.051462600	103.320934	0.0	0.0
0.051194	0.051976000	103.185109	0.0	0.0
0.051704	0.052494400	103.050667	0.0	0.0
0.052219	0.053018100	102.917593	0.0	0.0
0.052739	0.053546900	102.785870	0.0	0.0
0.053265	0.054080900	102.655482	0.0	0.0
0.053795	0.054620200	102.526416	0.0	0.0
0.054331	0.055164900	102.398655	0.0	0.0
0.054873	0.055715000	102.272189	0.0	0.0
0.055419	0.056270600	102.146998	0.0	0.0
0.055971	0.056831700	102.023069	0.0	0.0
0.056529	0.057398300	101.900391	0.0	0.0
0.057092	0.057970600	101.778947	0.0	0.0
0.057661	0.058548600	101.658722	0.0	0.0
0.058235	0.059132300	101.539705	0.0	0.0
0.058816	0.059721700	101.421883	0.0	0.0
0.059402	0.060317100	101.305241	0.0	0.0
0.059993	0.060918300	101.189767	0.0	0.0
0.060591	0.061525600	101.075446	0.0	0.0
0.061195	0.062138900	100.962267	0.0	0.0
0.061804	0.062758200	100.850219	0.0	0.0
0.062420	0.063383700	100.739286	0.0	0.0
0.063042	0.064015500	100.629456	0.0	0.0
0.063670	0.064653500	100.520719	0.0	0.0
0.064304	0.065297800	100.413063	0.0	0.0
0.064945	0.065948600	100.306474	0.0	0.0
0.065592	0.066605800	100.200941	0.0	0.0
0.066246	0.067269600	100.096454	0.0	0.0
0.066906	0.067939900	99.992999	0.0	0.0
0.067572	0.068616900	99.890566	0.0	0.0
0.068245	0.069300700	99.789144	0.0	0.0
0.068925	0.069991200	99.688723	0.0	0.0
0.069612	0.070688600	99.589288	0.0	0.0
0.070305	0.071393000	99.490832	0.0	0.0
0.071006	0.072104300	99.393344	0.0	0.0
0.071713	0.072822800	99.296811	0.0	0.0
0.072428	0.073548300	99.201225	0.0	0.0
0.073149	0.074281100	99.106575	0.0	0.0
0.073878	0.075021200	99.012849	0.0	0.0
0.074614	0.075768600	98.920041	0.0	0.0
0.075357	0.076523500	98.828136	0.0	0.0
0.076108	0.077285800	98.737127	0.0	0.0
0.076866	0.078055800	98.647005	0.0	0.0
0.077632	0.078833400	98.557758	0.0	0.0
0.078406	0.079618700	98.469380	0.0	0.0
0.079187	0.080411900	98.381856	0.0	0.0
0.079976	0.081212900	98.295183	0.0	0.0
0.080773	0.082021900	98.209347	0.0	0.0
0.081577	0.082839000	98.124340	0.0	0.0
0.082390	0.083664200	98.040155	0.0	0.0
0.083211	0.084497500	97.956782	0.0	0.0
0.084040	0.085339200	97.874210	0.0	0.0
0.084877	0.086189300	97.792434	0.0	0.0
0.085723	0.087047800	97.711442	0.0	0.0
0.086577	0.087914800	97.631229	0.0	0.0
0.087439	0.088790500	97.551783	0.0	0.0
0.088310	0.089674800	97.473097	0.0	0.0
0.089190	0.090568000	97.395164	0.0	0.0
0.090079	0.091470000	97.317973	0.0	0.0
0.090976	0.092381100	97.241520	0.0	0.0
0.091883	0.093301100	97.165793	0.0	0.0
0.092798	0.094230400	97.090787	0.0	0.0
0.093722	0.095168800	97.016492	0.0	0.0
0.094656	0.096116600	96.942901	0.0	0.0
0.095599	0.097073900	96.870008	0.0	0.0
0.096552	0.098040600	96.797803	0.0	0.0
0.097514	0.099016900	96.726280	0.0	0.0
0.098485	0.100003000	96.655431	0.0	0.0
0.099466	0.100999000	96.585248	0.0	0.0
0.100457	0.102005000	96.515723	0.0	0.0
0.101458	0.103020000	96.446854	0.0	0.0
0.102469	0.104046000	96.378628	0.0	0.0
0.103490	0.105082000	96.311039	0.0	0.0
0.104521	0.106129000	96.244085	0.0	0.0
0.105562	0.107186000	96.177754	0.0	0.0
0.106614	0.108253000	96.112038	0.0	0.0
0.107676	0.109331000	96.046938	0.0	0.0
0.108749	0.110419000	95.982435	0.0	0.0
0.109832	0.111519000	95.918534	0.0	0.0
0.110926	0.112629000	95.855223	0.0	0.0
0.112031	0.113751000	95.792492	0.0	0.0
0.113148	0.114883000	95.730344	0.0	0.0
0.114275	0.116027000	95.668764	0.0	0.0
0.115413	0.117182000	95.607756	0.0	0.0
0.116563	0.118349000	95.547299	0.0	0.0
0.117724	0.119527000	95.487402	0.0	0.0
0.118897	0.120717000	95.428046	0.0	0.0
0.120082	0.121919000	95.369234	0.0	0.0
0.121278	0.123133000	95.310952	0.0	0.0
0.122486	0.124359000	95.253205	0.0	0.0
0.123707	0.125596000	95.195978	0.0	0.0
0.124939	0.126847000	95.139266	0.0	0.0
0.126184	0.128110000	95.083068	0.0	0.0
0.127441	0.129385000	95.027377	0.0	0.0
0.128711	0.130673000	94.972182	0.0	0.0
0.129993	0.131973000	94.917483	0.0	0.0
0.131288	0.133287000	94.863272	0.0	0.0
0.132596	0.134614000	94.809545	0.0	0.0
0.133917	0.135954000	94.756297	0.0	0.0
0.135251	0.137307000	94.703520	0.0	0.0
0.136599	0.138674000	94.651213	0.0	0.0
0.137960	0.140054000	94.599366	0.0	0.0
0.139334	0.141448000	94.547973	0.0	0.0
0.140722	0.142855000	94.497036	0.0	0.0
0.142124	0.144277000	94.446542	0.0	0.0
0.143540	0.145713000	94.396492	0.0	0.0
0.144970	0.147163000	94.346875	0.0	0.0
0.146414	0.148628000	94.297691	0.0	0.0
0.147873	0.150107000	94.248935	0.0	0.0
0.149346	0.151600000	94.200596	0.0	0.0
0.150834	0.153109000	94.152679	0.0	0.0
0.152337	0.154633000	94.105168	0.0	0.0
0.153855	0.156171000	94.058066	0.0	0.0
0.155387	0.157725000	94.011367	0.0	0.0
0.156935	0.159295000	93.965067	0.0	0.0
0.158499	0.160879000	93.919158	0.0	0.0
0.160078	0.162480000	93.873637	0.0	0.0
0.161673	0.164097000	93.828500	0.0	0.0
0.163284	0.165729000	93.783742	0.0	0.0
0.164910	0.167378000	93.739357	0.0	0.0
0.166553	0.169043000	93.695345	0.0	0.0
0.168213	0.170725000	93.651698	0.0	0.0
0.169888	0.172423000	93.608411	0.0	0.0
0.171581	0.174138000	93.565484	0.0	0.0
0.173290	0.175870000	93.522908	0.0	0.0
0.175017	0.177620000	93.480679	0.0	0.0
0.176760	0.179387000	93.438797	0.0	0.0
0.178521	0.181171000	93.397254	0.0	0.0
0.180300	0.182973000	93.356046	0.0	0.0
0.182096	0.184792000	93.315171	0.0	0.0
0.183910	0.186630000	93.274625	0.0	0.0
0.185743	0.188486000	93.234401	0.0	0.0
0.187593	0.190361000	93.194497	0.0	0.0
0.189462	0.192254000	93.154910	0.0	0.0
0.191350	0.194165000	93.115633	0.0	0.0
0.193256	0.196096000	93.076666	0.0	0.0
0.195181	0.198046000	93.038001	0.0	0.0
0.197126	0.200015000	92.999638	0.0	0.0
0.199090	0.202004000	92.961571	0.0	0.0
0.201073	0.204012000	92.923796	0.0	0.0
0.203077	0.206040000	92.886310	0.0	0.0
0.205100	0.208088000	92.849109	0.0	0.0
0.207143	0.210157000	92.812189	0.0	0.0
0.209207	0.212246000	92.775547	0.0	0.0
0.211291	0.214356000	92.739181	0.0	0.0
0.213396	0.216486000	92.703083	0.0	0.0
0.215522	0.218638000	92.667253	0.0	0.0
0.217669	0.220811000	92.631685	0.0	0.0
0.219838	0.223005000	92.596380	0.0	0.0
0.222028	0.225221000	92.561329	0.0	0.0
0.224240	0.227459000	92.526531	0.0	0.0
0.226474	0.229720000	92.491983	0.0	0.0
0.228730	0.232002000	92.457680	0.0	0.0
0.231009	0.234307000	92.423620	0.0	0.0
0.233311	0.236635000	92.389799	0.0	0.0
0.235635	0.238986000	92.356214	0.0	0.0
0.237983	0.241360000	92.322862	0.0	0.0
0.240354	0.243758000	92.289738	0.0	0.0
0.242748	0.246179000	92.256840	0.0	0.0
0.245167	0.248624000	92.224166	0.0	0.0
0.247609	0.251093000	92.191711	0.0	0.0
0.250076	0.253587000	92.159471	0.0	0.0
0.252567	0.256105000	92.127445	0.0	0.0
0.255084	0.258648000	92.095630	0.0	0.0
0.257625	0.261216000	92.064019	0.0	0.0
0.260192	0.263810000	92.032613	0.0	0.0
0.262784	0.266429000	92.001408	0.0	0.0
0.265402	0.269074000	91.970399	0.0	0.0
0.268046	0.271745000	91.939585	0.0	0.0
0.270716	0.274443000	91.908963	0.0	0.0
0.273413	0.277167000	91.878528	0.0	0.0
0.276137	0.279917000	91.848279	0.0	0.0
0.278888	0.282695000	91.818212	0.0	0.0
0.281667	0.285501000	91.788324	0.0	0.0
0.284473	0.288334000	91.758612	0.0	0.0
0.287307	0.291195000	91.729074	0.0	0.0
0.290170	0.294084000	91.699707	0.0	0.0
0.293060	0.297001000	91.670506	0.0	0.0
0.295980	0.299947000	91.641470	0.0	0.0
0.298929	0.302922000	91.612597	0.0	0.0
0.301907	0.305927000	91.583882	0.0	0.0
0.304915	0.308961000	91.555323	0.0	0.0
0.307953	0.312024000	91.526917	0.0	0.0
0.311021	0.315118000	91.498663	0.0	0.0
0.314119	0.318243000	91.470556	0.0	0.0
0.317249	0.321398000	91.442593	0.0	0.0
0.320409	0.324584000	91.414773	0.0	0.0
0.323602	0.327801000	91.387092	0.0	0.0
0.326825	0.331050000	91.359548	0.0	0.0
0.330082	0.334331000	91.332137	0.0	0.0
0.333370	0.337644000	91.304858	0.0	0.0
0.336691	0.340990000	91.277708	0.0	0.0
0.340046	0.344368000	91.250683	0.0	0.0
0.343433	0.347780000	91.223782	0.0	0.0
0.346855	0.351224000	91.197001	0.0	0.0
0.350311	0.354703000	91.170338	0.0	0.0
0.353801	0.358216000	91.143790	0.0	0.0
0.357325	0.361763000	91.117356	0.0	0.0
0.360885	0.365345000	91.091031	0.0	0.0
0.364481	0.368963000	91.064813	0.0	0.0
0.368112	0.372615000	91.038701	0.0	0.0
0.371779	0.376303000	91.012691	0.0	0.0
0.375483	0.380028000	90.986781	0.0	0.0
0.379224	0.383789000	90.960967	0.0	0.0
0.383002	0.387586000	90.935249	0.0	0.0
0.386818	0.391421000	90.909622	0.0	0.0
0.390672	0.395293000	90.884085	0.0	0.0
0.394564	0.399203000	90.858635	0.0	0.0
0.398495	0.403152000	90.833270	0.0	0.0
0.402465	0.407138000	90.807987	0.0	0.0
0.406474	0.411164000	90.782783	0.0	0.0
0.410524	0.415229000	90.757657	0.0	0.0
0.414614	0.419334000	90.732605	0.0	0.0
0.418745	0.423479000	90.707625	0.0	0.0
0.422916	0.427664000	90.682715	0.0	0.0
0.427130	0.431890000	90.657872	0.0	0.0
0.431385	0.436157000	90.633094	0.0	0.0
0.435683	0.440466000	90.608379	0.0	0.0
0.440024	0.444817000	90.583723	0.0	0.0
0.444407	0.449210000	90.559125	0.0	0.0
0.448835	0.453646000	90.534581	0.0	0.0
0.453307	0.458126000	90.510090	0.0	0.0
0.457823	0.462648000	90.485650	0.0	0.0
0.462384	0.467215000	90.461257	0.0	0.0
0.466990	0.471827000	90.436911	0.0	0.0
0.471643	0.476483000	90.412607	0.0	0.0
0.476342	0.481184000	90.388343	0.0	0.0
0.481087	0.485931000	90.364118	0.0	0.0
0.485880	0.490724000	90.339928	0.0	0.0
0.490721	0.495565000	90.315773	0.0	0.0
0.495610	0.500451000	90.291648	0.0	0.0
0.500547	0.505385000	90.267552	0.0	0.0
0.505534	0.510368000	90.243482	0.0	0.0
0.510571	0.515398000	90.219437	0.0	0.0
0.515657	0.520478000	90.195412	0.0	0.0
0.520795	0.525606000	90.171408	0.0	0.0
0.525983	0.530785000	90.147420	0.0	0.0
0.531224	0.536014000	90.123446	0.0	0.0
0.536516	0.541293000	90.099485	0.0	0.0
0.541861	0.546623000	90.075533	0.0	0.0
0.547260	0.552006000	90.051590	0.0	0.0
0.552712	0.557440000	90.027651	0.0	0.0
0.558218	0.562927000	90.003715	0.0	0.0
0.563780	0.568468000	89.979779	0.0	0.0
0.569396	0.574062000	89.955841	0.0	0.0
0.575069	0.579710000	89.931899	0.0	0.0
0.580798	0.585413000	89.907951	0.0	0.0
0.586585	0.591171000	89.883993	0.0	0.0
0.592429	0.596985000	89.860024	0.0	0.0
0.598331	0.602855000	89.836041	0.0	0.0
0.604292	0.608782000	89.812042	0.0	0.0
0.610312	0.614767000	89.788024	0.0	0.0
0.616392	0.620809000	89.763986	0.0	0.0
0.622533	0.626910000	89.739924	0.0	0.0
0.628736	0.633070000	89.715837	0.0	0.0
0.634999	0.639290000	89.691722	0.0	0.0
0.641326	0.645570000	89.667577	0.0	0.0
0.647715	0.651911000	89.643399	0.0	0.0
0.654168	0.658313000	89.619186	0.0	0.0
0.660685	0.664778000	89.594935	0.0	0.0
0.667268	0.671304000	89.570644	0.0	0.0
0.673915	0.677895000	89.546312	0.0	0.0
0.680629	0.684549000	89.521934	0.0	0.0
0.687410	0.691268000	89.497510	0.0	0.0
0.694259	0.698052000	89.473036	0.0	0.0
0.701175	0.704902000	89.448510	0.0	0.0
0.708161	0.711819000	89.423930	0.0	0.0
0.715216	0.718802000	89.399294	0.0	0.0
0.722342	0.725854000	89.374598	0.0	0.0
0.729538	0.732974000	89.349841	0.0	0.0
0.736806	0.740163000	89.325019	0.0	0.0
0.744147	0.747423000	89.300132	0.0	0.0
0.751561	0.754753000	89.275175	0.0	0.0
0.759048	0.762155000	89.250147	0.0	0.0
0.766610	0.769629000	89.225046	0.0	0.0
0.774248	0.777176000	89.199868	0.0	0.0
0.781961	0.784797000	89.174611	0.0	0.0
0.789752	0.792492000	89.149273	0.0	0.0
0.797620	0.800262000	89.123851	0.0	0.0
0.805566	0.808109000	89.098344	0.0	0.0
0.813592	0.816033000	89.072747	0.0	0.0
0.821698	0.824035000	89.047059	0.0	0.0
0.829884	0.832115000	89.021278	0.0	0.0
0.838152	0.840275000	88.995399	0.0	0.0
0.846502	0.848515000	88.969422	0.0	0.0
0.854936	0.856837000	88.943344	0.0	0.0
0.863453	0.865242000	88.917162	0.0	0.0
0.872055	0.873729000	88.890873	0.0	0.0
0.880743	0.882301000	88.864475	0.0	0.0
0.889518	0.890957000	88.837965	0.0	0.0
0.898380	0.899700000	88.811341	0.0	0.0
0.907330	0.908530000	88.784600	0.0	0.0
0.916370	0.917448000	88.757739	0.0	0.0
0.925499	0.926456000	88.730756	0.0	0.0
0.934720	0.935554000	88.703647	0.0	0.0
0.944032	0.944744000	88.676412	0.0	0.0
0.953437	0.954026000	88.649046	0.0	0.0
0.962936	0.963402000	88.621547	0.0	0.0
0.972529	0.972872000	88.593912	0.0	0.0
0.982218	0.982439000	88.566139	0.0	0.0
0.992004	0.992103000	88.538224	0.0	0.0
1.001887	1.001870000	88.510166	0.0	0.0
1.011868	1.011730000	88.481962	0.0	0.0
1.021949	1.021690000	88.453608	0.0	0.0
1.032131	1.031760000	88.425099	0.0	0.0
1.042414	1.041930000	88.396437	0.0	0.0
1.052799	1.052200000	88.367618	0.0	0.0
1.063288	1.062580000	88.338637	0.0	0.0
1.073881	1.073070000	88.309493	0.0	0.0
1.084580	1.083670000	88.280182	0.0	0.0
1.095385	1.094380000	88.250703	0.0	0.0
1.106298	1.105210000	88.221051	0.0	0.0
1.117320	1.116140000	88.191222	0.0	0.0
1.128451	1.127200000	88.161218	0.0	0.0
1.139694	1.138370000	88.131030	0.0	0.0
1.151048	1.149660000	88.100660	0.0	0.0
1.162516	1.161070000	88.070101	0.0	0.0
1.174097	1.172600000	88.039355	0.0	0.0
1.185794	1.184260000	88.008414	0.0	0.0
1.197608	1.196040000	87.977276	0.0	0.0
1.209540	1.207950000	87.945938	0.0	0.0
1.221590	1.220000000	87.914400	0.0	0.0
1.233760	1.232170000	87.882656	0.0	0.0
1.246052	1.244480000	87.850702	0.0	0.0
1.258466	1.256920000	87.818537	0.0	0.0
1.271004	1.269510000	87.786156	0.0	0.0
1.283666	1.282230000	87.753560	0.0	0.0
1.296455	1.295090000	87.720740	0.0	0.0
1.309371	1.308100000	87.687696	0.0	0.0
1.322416	1.321260000	87.654424	0.0	0.0
1.335591	1.334560000	87.620921	0.0	0.0
1.348897	1.348020000	87.587183	0.0	0.0
1.362336	1.361630000	87.553207	0.0	0.0
1.375908	1.375400000	87.518992	0.0	0.0
1.389616	1.389330000	87.484530	0.0	0.0
1.403460	1.403410000	87.449822	0.0	0.0
1.417443	1.417660000	87.414859	0.0	0.0
1.431564	1.432080000	87.379645	0.0	0.0
1.445826	1.446670000	87.344172	0.0	0.0
1.460231	1.461420000	87.308435	0.0	0.0
1.474779	1.476350000	87.272433	0.0	0.0
1.489471	1.491460000	87.236165	0.0	0.0
1.504310	1.506750000	87.199623	0.0	0.0
1.519297	1.522220000	87.162804	0.0	0.0
1.534434	1.537870000	87.125703	0.0	0.0
1.549721	1.553710000	87.088321	0.0	0.0
1.565160	1.569740000	87.050653	0.0	0.0
1.580753	1.585970000	87.012693	0.0	0.0
1.596502	1.602390000	86.974437	0.0	0.0
1.612408	1.619010000	86.935882	0.0	0.0
1.628471	1.635830000	86.897028	0.0	0.0
1.644695	1.652850000	86.857866	0.0	0.0
1.661081	1.670080000	86.818393	0.0	0.0
1.677630	1.687520000	86.778606	0.0	0.0
1.694344	1.705180000	86.738501	0.0	0.0
1.711224	1.723050000	86.698076	0.0	0.0
1.728272	1.741130000	86.657325	0.0	0.0
1.745491	1.759440000	86.616241	0.0	0.0
1.762880	1.777970000	86.574826	0.0	0.0
1.780443	1.796720000	86.533072	0.0	0.0
1.798181	1.815700000	86.490976	0.0	0.0
1.816096	1.834910000	86.448532	0.0	0.0
1.834189	1.854360000	86.405738	0.0	0.0
1.852463	1.874040000	86.362588	0.0	0.0
1.870918	1.893950000	86.319081	0.0	0.0
1.889558	1.914100000	86.275208	0.0	0.0
1.908383	1.934500000	86.230968	0.0	0.0
1.927396	1.955130000	86.186355	0.0	0.0
1.946598	1.976010000	86.141366	0.0	0.0
1.965991	1.997130000	86.095996	0.0	0.0
1.985578	2.018500000	86.050238	0.0	0.0
2.005359	2.040120000	86.004093	0.0	0.0
2.025338	2.061980000	85.957551	0.0	0.0
2.045516	2.084090000	85.910609	0.0	0.0
2.065895	2.106460000	85.863263	0.0	0.0
2.086477	2.129070000	85.815507	0.0	0.0
2.107264	2.151930000	85.767338	0.0	0.0
2.128258	2.175040000	85.718751	0.0	0.0
2.149461	2.198400000	85.669740	0.0	0.0
2.170875	2.222010000	85.620302	0.0	0.0
2.192503	2.245860000	85.570428	0.0	0.0
2.214346	2.269960000	85.520117	0.0	0.0
2.236407	2.294310000	85.469362	0.0	0.0
2.258688	2.318900000	85.418159	0.0	0.0
2.281191	2.343730000	85.366501	0.0	0.0
2.303917	2.368810000	85.314387	0.0	0.0
2.326871	2.394110000	85.261806	0.0	0.0
2.350052	2.419660000	85.208759	0.0	0.0
2.373465	2.445430000	85.155235	0.0	0.0
2.397111	2.471440000	85.101232	0.0	0.0
2.420993	2.497660000	85.046743	0.0	0.0
2.445113	2.524120000	84.991762	0.0	0.0
2.469473	2.550780000	84.936286	0.0	0.0
2.494075	2.577670000	84.880309	0.0	0.0
2.518923	2.604760000	84.823823	0.0	0.0
2.544018	2.632060000	84.766824	0.0	0.0
2.569364	2.659560000	84.709304	0.0	0.0
2.594961	2.687260000	84.651263	0.0	0.0
2.620814	2.715150000	84.592689	0.0	0.0
2.646925	2.743230000	84.533578	0.0	0.0
2.673295	2.771500000	84.473926	0.0	0.0
2.699928	2.799950000	84.413725	0.0	0.0
2.726827	2.828570000	84.352968	0.0	0.0
2.753994	2.857370000	84.291650	0.0	0.0
2.781431	2.886350000	84.229767	0.0	0.0
2.809141	2.915480000	84.167311	0.0	0.0
2.837128	2.944790000	84.104273	0.0	0.0
2.865393	2.974260000	84.040651	0.0	0.0
2.893941	3.003890000	83.976434	0.0	0.0
2.922772	3.033680000	83.911621	0.0	0.0
2.951891	3.063640000	83.846201	0.0	0.0
2.981300	3.093750000	83.780168	0.0	0.0
3.011001	3.124040000	83.713519	0.0	0.0
3.040999	3.154490000	83.646242	0.0	0.0
3.071296	3.185120000	83.578332	0.0	0.0
3.101894	3.215920000	83.509785	0.0	0.0
3.132797	3.246910000	83.440590	0.0	0.0
3.164008	3.278100000	83.370742	0.0	0.0
3.195530	3.309490000	83.300233	0.0	0.0
3.227367	3.341090000	83.229055	0.0	0.0
3.259520	3.372920000	83.157204	0.0	0.0
3.291993	3.404990000	83.084671	0.0	0.0
3.324791	3.437320000	83.011445	0.0	0.0
3.357915	3.469930000	82.937523	0.0	0.0
3.391368	3.502830000	82.862898	0.0	0.0
3.425156	3.536050000	82.787558	0.0	0.0
3.459279	3.569610000	82.711500	0.0	0.0
3.493743	3.603530000	82.634712	0.0	0.0
3.528550	3.637850000	82.557188	0.0	0.0
3.563704	3.672590000	82.478920	0.0	0.0
3.599208	3.707770000	82.399901	0.0	0.0
3.635066	3.743450000	82.320120	0.0	0.0
3.671281	3.779630000	82.239572	0.0	0.0
3.707857	3.816360000	82.158246	0.0	0.0
3.744797	3.853670000	82.076136	0.0	0.0
3.782106	3.891590000	81.993229	0.0	0.0
3.819786	3.930170000	81.909522	0.0	0.0
3.857841	3.969420000	81.825005	0.0	0.0
3.896276	4.009400000	81.739666	0.0	0.0
3.935093	4.050130000	81.653500	0.0	0.0
3.974297	4.091640000	81.566496	0.0	0.0
4.013892	4.133960000	81.478644	0.0	0.0
4.053881	4.177130000	81.389938	0.0	0.0
4.094269	4.221160000	81.300364	0.0	0.0
4.135059	4.266080000	81.209917	0.0	0.0
4.176255	4.311900000	81.118587	0.0	0.0
4.217862	4.358640000	81.026362	0.0	0.0
4.259883	4.406310000	80.933234	0.0	0.0
4.302323	4.454920000	80.839193	0.0	0.0
4.345186	4.504460000	80.744228	0.0	0.0
4.388476	4.554910000	80.648331	0.0	0.0
4.432197	4.606280000	80.551490	0.0	0.0
4.476353	4.658530000	80.453698	0.0	0.0
4.520950	4.711640000	80.354939	0.0	0.0
4.565991	4.765570000	80.255207	0.0	0.0
4.611480	4.820270000	80.154492	0.0	0.0
4.657423	4.875700000	80.052779	0.0	0.0
4.703824	4.931780000	79.950059	0.0	0.0
4.750687	4.988470000	79.846323	0.0	0.0
4.798016	5.045680000	79.741560	0.0	0.0
4.845817	5.103340000	79.635756	0.0	0.0
4.894095	5.161350000	79.528900	0.0	0.0
4.942853	5.219640000	79.420984	0.0	0.0
4.992097	5.278100000	79.311993	0.0	0.0
5.041832	5.336650000	79.201915	0.0	0.0
5.092062	5.395180000	79.090741	0.0	0.0
5.142793	5.453610000	78.978457	0.0	0.0
5.194029	5.511830000	78.865051	0.0	0.0
5.245776	5.569760000	78.750510	0.0	0.0
5.298038	5.627330000	78.634824	0.0	0.0
5.350821	5.684450000	78.517977	0.0	0.0
5.404129	5.741070000	78.399961	0.0	0.0
5.457969	5.797140000	78.280759	0.0	0.0
5.512345	5.852630000	78.160359	0.0	0.0
5.567263	5.907510000	78.038748	0.0	0.0
5.622728	5.961800000	77.915913	0.0	0.0
5.678746	6.015520000	77.791839	0.0	0.0
5.735321	6.068710000	77.666516	0.0	0.0
5.792460	6.121450000	77.539927	0.0	0.0
5.850169	6.173820000	77.412057	0.0	0.0
5.908453	6.225940000	77.282893	0.0	0.0
5.967317	6.277950000	77.152423	0.0	0.0
6.026767	6.330020000	77.020632	0.0	0.0
6.086810	6.382320000	76.887501	0.0	0.0
6.147451	6.435050000	76.753019	0.0	0.0
6.208696	6.488440000	76.617170	0.0	0.0
6.270552	6.542690000	76.479937	0.0	0.0
6.333023	6.598050000	76.341309	0.0	0.0
6.396117	6.654750000	76.201265	0.0	0.0
6.459840	6.713010000	76.059792	0.0	0.0
6.524198	6.773040000	75.916872	0.0	0.0
6.589196	6.835040000	75.772494	0.0	0.0
6.654842	6.899180000	75.626636	0.0	0.0
6.721143	6.965600000	75.479281	0.0	0.0
6.788103	7.034390000	75.330418	0.0	0.0
6.855731	7.105620000	75.180023	0.0	0.0
6.924033	7.179260000	75.028082	0.0	0.0
6.993015	7.255290000	74.874578	0.0	0.0
7.062684	7.333570000	74.719493	0.0	0.0
7.133048	7.413930000	74.562806	0.0	0.0
7.204112	7.496130000	74.404504	0.0	0.0
7.275884	7.579890000	74.244565	0.0	0.0
7.348372	7.664850000	74.082969	0.0	0.0
7.421582	7.750600000	73.919698	0.0	0.0
7.495521	7.836730000	73.754736	0.0	0.0
7.570196	7.922740000	73.588061	0.0	0.0
7.645616	8.008190000	73.419652	0.0	0.0
7.721787	8.092570000	73.249491	0.0	0.0
7.798717	8.175450000	73.077556	0.0	0.0
7.876413	8.256410000	72.903828	0.0	0.0
7.954883	8.335070000	72.728286	0.0	0.0
8.034135	8.411170000	72.550908	0.0	0.0
8.114177	8.484510000	72.371672	0.0	0.0
8.195016	8.555030000	72.190558	0.0	0.0
8.276661	8.622770000	72.007542	0.0	0.0
8.359119	8.687900000	71.822603	0.0	0.0
8.442398	8.750770000	71.635719	0.0	0.0
8.526507	8.811820000	71.446866	0.0	0.0
8.611454	8.871660000	71.256021	0.0	0.0
8.697247	8.931000000	71.063160	0.0	0.0
8.783896	8.990650000	70.868257	0.0	0.0
8.871407	9.051500000	70.671293	0.0	0.0
8.959790	9.114460000	70.472239	0.0	0.0
9.049054	9.180480000	70.271071	0.0	0.0
9.139207	9.250420000	70.067765	0.0	0.0
9.230258	9.325080000	69.862295	0.0	0.0
9.322216	9.405130000	69.654634	0.0	0.0
9.415091	9.491040000	69.444754	0.0	0.0
9.508890	9.583080000	69.232633	0.0	0.0
9.603625	9.681270000	69.018238	0.0	0.0
9.699303	9.785370000	68.801545	0.0	0.0
9.795934	9.894850000	68.582527	0.0	0.0
9.893528	10.008900000	68.361152	0.0	0.0
9.992094	10.126500000	68.137395	0.0	0.0
10.091640	10.246400000	67.911228	0.0	0.0
10.192180	10.367300000	67.682614	0.0	0.0
10.293720	10.487500000	67.451530	0.0	0.0
10.396280	10.605800000	67.217924	0.0	0.0
10.499850	10.720700000	66.981810	0.0	0.0
10.604460	10.831000000	66.743112	0.0	0.0
10.710110	10.936100000	66.501821	0.0	0.0
10.816810	11.035300000	66.257905	0.0	0.0
10.924570	11.128800000	66.011333	0.0	0.0
11.033410	11.217100000	65.762050	0.0	0.0
11.143340	11.301200000	65.510023	0.0	0.0
11.254350	11.382700000	65.255267	0.0	0.0
11.366480	11.463600000	64.997679	0.0	0.0
11.479720	11.546400000	64.737272	0.0	0.0
11.594090	11.633500000	64.473990	0.0	0.0
11.709600	11.727500000	64.207799	0.0	0.0
11.826250	11.831000000	63.938689	0.0	0.0
11.944080	11.946000000	63.666557	0.0	0.0
12.063070	12.073900000	63.391436	0.0	0.0
12.183250	12.215500000	63.113246	0.0	0.0
12.304630	12.370600000	62.831952	0.0	0.0
12.427220	12.538000000	62.547518	0.0	0.0
12.551030	12.715600000	62.259910	0.0	0.0
12.676070	12.900400000	61.969090	0.0	0.0
12.802360	13.088700000	61.675000	0.0	0.0
12.929900	13.276400000	61.377626	0.0	0.0
13.058720	13.459200000	61.076884	0.0	0.0
13.188820	13.633400000	60.772761	0.0	0.0
13.320220	13.795900000	60.465195	0.0	0.0
13.452920	13.945000000	60.154172	0.0	0.0
13.586950	14.080500000	59.839607	0.0	0.0
13.722310	14.204100000	59.521484	0.0	0.0
13.859020	14.319200000	59.199742	0.0	0.0
13.997100	14.431100000	58.874316	0.0	0.0
14.136540	14.546300000	58.545216	0.0	0.0
14.277380	14.672100000	58.212329	0.0	0.0
14.419620	14.815600000	57.875640	0.0	0.0
14.563280	14.982700000	57.535083	0.0	0.0
14.708370	15.176900000	57.190618	0.0	0.0
14.854910	15.398300000	56.842179	0.0	0.0
15.002900	15.642700000	56.489749	0.0	0.0
15.152370	15.900500000	56.133237	0.0	0.0
15.303330	16.156700000	55.772602	0.0	0.0
15.455790	16.391100000	55.407800	0.0	0.0
15.609770	16.578800000	55.038764	0.0	0.0
15.765290	16.691800000	54.665427	0.0	0.0
15.922350	16.700700000	54.287769	0.0	0.0
16.080980	16.577300000	53.905697	0.0	0.0
16.241190	16.296800000	53.519168	0.0	0.0
16.403000	15.840600000	53.128113	0.0	0.0
16.566420	15.198700000	52.732486	0.0	0.0
16.731460	14.371400000	52.332242	0.0	0.0
16.898160	13.370000000	51.927263	0.0	0.0
17.066510	12.217400000	51.517551	0.0	0.0
17.236540	10.946600000	51.103012	0.0	0.0
17.408260	9.598810000	50.683599	0.0	0.0
17.581690	8.220400000	50.259242	0.0	0.0
17.756850	6.859540000	49.829870	0.0	0.0
17.933760	5.562220000	49.395410	0.0	0.0
18.112430	4.368770000	48.955817	0.0	0.0
18.292880	3.310710000	48.511018	0.0	0.0
18.475120	2.408770000	48.060967	0.0	0.0
18.659180	1.671850000	47.605567	0.0	0.0
18.845080	1.097440000	47.144745	0.0	0.0
19.032830	0.673011000	46.678456	0.0	0.0
19.222450	0.378524000	46.206627	0.0	0.0
19.413950	0.189355000	45.729210	0.0	0.0
19.607370	0.079440500	45.246086	0.0	0.0
19.802710	0.024108100	44.757232	0.0	0.0
20.000000	0.002267560	44.262551	0.0	0.0

