# UNCLASSIFIED
#
# Response info for ATD broad-band site.
#
# Effective: 17 Mar 2005
# Creation date: 07 Mar 2007
# File name: ATD_BB_rsp.txt
#
# Source: James Neely (TTD), TSgt Magar
# System equipment: Streckeisen_STS-2 seismometer and Nanometrics_Europa-T
# digitizer.
#
# The response file was derived from equations of state.
# Displacement response normalized to 1.0 at 1.0 Hz.
#
# The calib values for this configuration are as follows:
#
# ATD BHZ is 0.015900 nm/count at 1.0 Hz.
# ATD BHN is 0.015900 nm/count at 1.0 Hz.
# ATD BHE is 0.015900 nm/count at 1.0 Hz.
#
# Freq(Hz)     Amp(counts/nm)    Phase(deg)   Error(amp) Error(phase)
#
 theoretical  0       system    fap   J.Neely
1000
0.001000	0.000014316	260.222752	0.0	0.0
0.001010	0.000014748	260.124412	0.0	0.0
0.001020	0.000015193	260.025067	0.0	0.0
0.001030	0.000015652	259.924707	0.0	0.0
0.001040	0.000016124	259.823320	0.0	0.0
0.001051	0.000016611	259.720885	0.0	0.0
0.001061	0.000017112	259.617401	0.0	0.0
0.001072	0.000017629	259.512857	0.0	0.0
0.001083	0.000018161	259.407232	0.0	0.0
0.001093	0.000018709	259.300524	0.0	0.0
0.001104	0.000019273	259.192723	0.0	0.0
0.001115	0.000019855	259.083807	0.0	0.0
0.001126	0.000020454	258.973766	0.0	0.0
0.001138	0.000021071	258.862596	0.0	0.0
0.001149	0.000021707	258.750278	0.0	0.0
0.001160	0.000022363	258.636799	0.0	0.0
0.001172	0.000023037	258.522149	0.0	0.0
0.001184	0.000023733	258.406315	0.0	0.0
0.001195	0.000024449	258.289277	0.0	0.0
0.001207	0.000025187	258.171032	0.0	0.0
0.001219	0.000025947	258.051568	0.0	0.0
0.001231	0.000026730	257.930855	0.0	0.0
0.001244	0.000027536	257.808900	0.0	0.0
0.001256	0.000028367	257.685671	0.0	0.0
0.001269	0.000029223	257.561167	0.0	0.0
0.001281	0.000030105	257.435365	0.0	0.0
0.001294	0.000031014	257.308264	0.0	0.0
0.001307	0.000031949	257.179831	0.0	0.0
0.001320	0.000032913	257.050064	0.0	0.0
0.001333	0.000033907	256.918941	0.0	0.0
0.001346	0.000034930	256.786449	0.0	0.0
0.001360	0.000035984	256.652567	0.0	0.0
0.001373	0.000037069	256.517291	0.0	0.0
0.001387	0.000038188	256.380600	0.0	0.0
0.001401	0.000039340	256.242481	0.0	0.0
0.001415	0.000040527	256.102910	0.0	0.0
0.001429	0.000041749	255.961875	0.0	0.0
0.001443	0.000043009	255.819364	0.0	0.0
0.001457	0.000044306	255.675353	0.0	0.0
0.001472	0.000045643	255.529819	0.0	0.0
0.001487	0.000047020	255.382760	0.0	0.0
0.001501	0.000048438	255.234151	0.0	0.0
0.001516	0.000049899	255.083970	0.0	0.0
0.001532	0.000051405	254.932203	0.0	0.0
0.001547	0.000052955	254.778837	0.0	0.0
0.001562	0.000054552	254.623848	0.0	0.0
0.001578	0.000056198	254.467212	0.0	0.0
0.001593	0.000057893	254.308916	0.0	0.0
0.001609	0.000059639	254.148935	0.0	0.0
0.001625	0.000061437	253.987265	0.0	0.0
0.001642	0.000063290	253.823863	0.0	0.0
0.001658	0.000065199	253.658724	0.0	0.0
0.001674	0.000067165	253.491833	0.0	0.0
0.001691	0.000069190	253.323145	0.0	0.0
0.001708	0.000071276	253.152668	0.0	0.0
0.001725	0.000073425	252.980364	0.0	0.0
0.001742	0.000075639	252.806210	0.0	0.0
0.001760	0.000077919	252.630190	0.0	0.0
0.001777	0.000080268	252.452279	0.0	0.0
0.001795	0.000082687	252.272451	0.0	0.0
0.001813	0.000085180	252.090691	0.0	0.0
0.001831	0.000087747	251.906974	0.0	0.0
0.001849	0.000090391	251.721273	0.0	0.0
0.001867	0.000093116	251.533562	0.0	0.0
0.001886	0.000095922	251.343826	0.0	0.0
0.001905	0.000098812	251.152027	0.0	0.0
0.001924	0.000101789	250.958159	0.0	0.0
0.001943	0.000104856	250.762175	0.0	0.0
0.001962	0.000108014	250.564059	0.0	0.0
0.001982	0.000111268	250.363784	0.0	0.0
0.002002	0.000114620	250.161331	0.0	0.0
0.002022	0.000118072	249.956654	0.0	0.0
0.002042	0.000121627	249.749755	0.0	0.0
0.002062	0.000125290	249.540576	0.0	0.0
0.002083	0.000129062	249.329108	0.0	0.0
0.002103	0.000132948	249.115315	0.0	0.0
0.002124	0.000136950	248.899176	0.0	0.0
0.002145	0.000141072	248.680643	0.0	0.0
0.002167	0.000145317	248.459708	0.0	0.0
0.002188	0.000149690	248.236331	0.0	0.0
0.002210	0.000154194	248.010482	0.0	0.0
0.002232	0.000158833	247.782133	0.0	0.0
0.002254	0.000163611	247.551242	0.0	0.0
0.002277	0.000168531	247.317790	0.0	0.0
0.002300	0.000173599	247.081737	0.0	0.0
0.002322	0.000178819	246.843052	0.0	0.0
0.002346	0.000184194	246.601704	0.0	0.0
0.002369	0.000189731	246.357651	0.0	0.0
0.002393	0.000195432	246.110862	0.0	0.0
0.002416	0.000201304	245.861317	0.0	0.0
0.002441	0.000207351	245.608952	0.0	0.0
0.002465	0.000213579	245.353755	0.0	0.0
0.002489	0.000219992	245.095685	0.0	0.0
0.002514	0.000226597	244.834697	0.0	0.0
0.002539	0.000233398	244.570760	0.0	0.0
0.002565	0.000240402	244.303829	0.0	0.0
0.002590	0.000247615	244.033882	0.0	0.0
0.002616	0.000255041	243.760864	0.0	0.0
0.002642	0.000262689	243.484741	0.0	0.0
0.002668	0.000270564	243.205468	0.0	0.0
0.002695	0.000278673	242.923011	0.0	0.0
0.002722	0.000287022	242.637324	0.0	0.0
0.002749	0.000295619	242.348363	0.0	0.0
0.002776	0.000304471	242.056102	0.0	0.0
0.002804	0.000313584	241.760474	0.0	0.0
0.002832	0.000322967	241.461454	0.0	0.0
0.002860	0.000332628	241.158995	0.0	0.0
0.002888	0.000342574	240.853050	0.0	0.0
0.002917	0.000352813	240.543573	0.0	0.0
0.002946	0.000363355	240.230515	0.0	0.0
0.002976	0.000374207	239.913829	0.0	0.0
0.003005	0.000385378	239.593489	0.0	0.0
0.003035	0.000396877	239.269415	0.0	0.0
0.003066	0.000408714	238.941589	0.0	0.0
0.003096	0.000420899	238.609942	0.0	0.0
0.003127	0.000433440	238.274436	0.0	0.0
0.003158	0.000446348	237.935022	0.0	0.0
0.003190	0.000459634	237.591641	0.0	0.0
0.003221	0.000473307	237.244253	0.0	0.0
0.003253	0.000487379	236.892798	0.0	0.0
0.003286	0.000501861	236.537238	0.0	0.0
0.003319	0.000516763	236.177501	0.0	0.0
0.003352	0.000532098	235.813559	0.0	0.0
0.003385	0.000547877	235.445341	0.0	0.0
0.003419	0.000564113	235.072797	0.0	0.0
0.003453	0.000580817	234.695887	0.0	0.0
0.003487	0.000598003	234.314541	0.0	0.0
0.003522	0.000615684	233.928708	0.0	0.0
0.003557	0.000633872	233.538350	0.0	0.0
0.003592	0.000652582	233.143384	0.0	0.0
0.003628	0.000671827	232.743783	0.0	0.0
0.003664	0.000691621	232.339475	0.0	0.0
0.003701	0.000711978	231.930412	0.0	0.0
0.003738	0.000732914	231.516545	0.0	0.0
0.003775	0.000754444	231.097804	0.0	0.0
0.003813	0.000776582	230.674140	0.0	0.0
0.003851	0.000799345	230.245495	0.0	0.0
0.003889	0.000822748	229.811823	0.0	0.0
0.003928	0.000846807	229.373054	0.0	0.0
0.003967	0.000871539	228.929155	0.0	0.0
0.004006	0.000896960	228.480057	0.0	0.0
0.004046	0.000923088	228.025705	0.0	0.0
0.004087	0.000949939	227.566046	0.0	0.0
0.004127	0.000977532	227.101036	0.0	0.0
0.004168	0.001005880	226.630623	0.0	0.0
0.004210	0.001035010	226.154734	0.0	0.0
0.004252	0.001064940	225.673340	0.0	0.0
0.004294	0.001095680	225.186382	0.0	0.0
0.004337	0.001127250	224.693811	0.0	0.0
0.004380	0.001159670	224.195583	0.0	0.0
0.004424	0.001192960	223.691641	0.0	0.0
0.004468	0.001227140	223.181943	0.0	0.0
0.004512	0.001262240	222.666460	0.0	0.0
0.004557	0.001298260	222.145130	0.0	0.0
0.004603	0.001335230	221.617918	0.0	0.0
0.004649	0.001373160	221.084789	0.0	0.0
0.004695	0.001412090	220.545700	0.0	0.0
0.004742	0.001452020	220.000610	0.0	0.0
0.004789	0.001492990	219.449494	0.0	0.0
0.004837	0.001535000	218.892328	0.0	0.0
0.004885	0.001578080	218.329080	0.0	0.0
0.004934	0.001622250	217.759710	0.0	0.0
0.004983	0.001667520	217.184216	0.0	0.0
0.005032	0.001713930	216.602566	0.0	0.0
0.005082	0.001761480	216.014741	0.0	0.0
0.005133	0.001810200	215.420739	0.0	0.0
0.005184	0.001860100	214.820539	0.0	0.0
0.005236	0.001911210	214.214147	0.0	0.0
0.005288	0.001963550	213.601551	0.0	0.0
0.005341	0.002017120	212.982766	0.0	0.0
0.005394	0.002071960	212.357789	0.0	0.0
0.005448	0.002128080	211.726635	0.0	0.0
0.005502	0.002185490	211.089310	0.0	0.0
0.005557	0.002244210	210.445839	0.0	0.0
0.005612	0.002304260	209.796264	0.0	0.0
0.005668	0.002365650	209.140598	0.0	0.0
0.005725	0.002428400	208.478884	0.0	0.0
0.005782	0.002492520	207.811156	0.0	0.0
0.005839	0.002558030	207.137471	0.0	0.0
0.005897	0.002624930	206.457890	0.0	0.0
0.005956	0.002693250	205.772445	0.0	0.0
0.006015	0.002762980	205.081234	0.0	0.0
0.006075	0.002834150	204.384303	0.0	0.0
0.006136	0.002906760	203.681743	0.0	0.0
0.006197	0.002980810	202.973636	0.0	0.0
0.006259	0.003056330	202.260075	0.0	0.0
0.006321	0.003133300	201.541157	0.0	0.0
0.006384	0.003211730	200.816991	0.0	0.0
0.006448	0.003291640	200.087677	0.0	0.0
0.006512	0.003373020	199.353349	0.0	0.0
0.006577	0.003455870	198.614124	0.0	0.0
0.006642	0.003540200	197.870128	0.0	0.0
0.006708	0.003626000	197.121514	0.0	0.0
0.006775	0.003713270	196.368413	0.0	0.0
0.006843	0.003802010	195.610994	0.0	0.0
0.006911	0.003892210	194.849400	0.0	0.0
0.006980	0.003983870	194.083805	0.0	0.0
0.007049	0.004076980	193.314378	0.0	0.0
0.007120	0.004171520	192.541295	0.0	0.0
0.007191	0.004267500	191.764737	0.0	0.0
0.007262	0.004364900	190.984906	0.0	0.0
0.007335	0.004463710	190.201986	0.0	0.0
0.007408	0.004563910	189.416179	0.0	0.0
0.007481	0.004665490	188.627701	0.0	0.0
0.007556	0.004768440	187.836744	0.0	0.0
0.007631	0.004872740	187.043527	0.0	0.0
0.007707	0.004978370	186.248282	0.0	0.0
0.007784	0.005085310	185.451214	0.0	0.0
0.007862	0.005193550	184.652555	0.0	0.0
0.007940	0.005303060	183.852529	0.0	0.0
0.008019	0.005413830	183.051374	0.0	0.0
0.008099	0.005525830	182.249320	0.0	0.0
0.008180	0.005639050	181.446600	0.0	0.0
0.008261	0.005753450	180.643459	0.0	0.0
0.008343	0.005869030	179.840113	0.0	0.0
0.008426	0.005985740	179.036820	0.0	0.0
0.008510	0.006103580	178.233798	0.0	0.0
0.008595	0.006222520	177.431296	0.0	0.0
0.008681	0.006342530	176.629542	0.0	0.0
0.008767	0.006463600	175.828775	0.0	0.0
0.008855	0.006585700	175.029230	0.0	0.0
0.008943	0.006708800	174.231125	0.0	0.0
0.009032	0.006832890	173.434692	0.0	0.0
0.009122	0.006957950	172.640163	0.0	0.0
0.009213	0.007083940	171.847748	0.0	0.0
0.009305	0.007210850	171.057671	0.0	0.0
0.009397	0.007338670	170.270145	0.0	0.0
0.009491	0.007467360	169.485372	0.0	0.0
0.009586	0.007596920	168.703555	0.0	0.0
0.009681	0.007727320	167.924897	0.0	0.0
0.009777	0.007858540	167.149592	0.0	0.0
0.009875	0.007990580	166.377824	0.0	0.0
0.009973	0.008123410	165.609771	0.0	0.0
0.010073	0.008257010	164.845583	0.0	0.0
0.010173	0.008391380	164.085498	0.0	0.0
0.010274	0.008526510	163.329637	0.0	0.0
0.010377	0.008662380	162.578157	0.0	0.0
0.010480	0.008798970	161.831209	0.0	0.0
0.010584	0.008936290	161.088937	0.0	0.0
0.010690	0.009074320	160.351479	0.0	0.0
0.010796	0.009213070	159.618967	0.0	0.0
0.010904	0.009352510	158.891526	0.0	0.0
0.011013	0.009492650	158.169277	0.0	0.0
0.011122	0.009633480	157.452267	0.0	0.0
0.011233	0.009775000	156.740669	0.0	0.0
0.011345	0.009917220	156.034585	0.0	0.0
0.011458	0.010060100	155.334045	0.0	0.0
0.011572	0.010203700	154.639202	0.0	0.0
0.011688	0.010348000	153.950077	0.0	0.0
0.011804	0.010493000	153.266749	0.0	0.0
0.011922	0.010638700	152.589288	0.0	0.0
0.012040	0.010785000	151.917763	0.0	0.0
0.012160	0.010932100	151.252176	0.0	0.0
0.012281	0.011080000	150.592640	0.0	0.0
0.012404	0.011228500	149.939202	0.0	0.0
0.012527	0.011377800	149.291802	0.0	0.0
0.012652	0.011527800	148.650584	0.0	0.0
0.012778	0.011678600	148.015481	0.0	0.0
0.012906	0.011830100	147.386524	0.0	0.0
0.013034	0.011982500	146.763790	0.0	0.0
0.013164	0.012135600	146.147204	0.0	0.0
0.013295	0.012289500	145.536832	0.0	0.0
0.013428	0.012444300	144.932687	0.0	0.0
0.013561	0.012599900	144.334689	0.0	0.0
0.013696	0.012756300	143.742890	0.0	0.0
0.013833	0.012913600	143.157293	0.0	0.0
0.013971	0.013071800	142.577855	0.0	0.0
0.014110	0.013230900	142.004532	0.0	0.0
0.014250	0.013390900	141.437359	0.0	0.0
0.014392	0.013551900	140.876249	0.0	0.0
0.014536	0.013713800	140.321268	0.0	0.0
0.014681	0.013876700	139.772286	0.0	0.0
0.014827	0.014040600	139.229328	0.0	0.0
0.014975	0.014205500	138.692338	0.0	0.0
0.015124	0.014371400	138.161332	0.0	0.0
0.015275	0.014538400	137.636181	0.0	0.0
0.015427	0.014706500	137.116933	0.0	0.0
0.015580	0.014875600	136.603494	0.0	0.0
0.015736	0.015045900	136.095804	0.0	0.0
0.015892	0.015217400	135.593870	0.0	0.0
0.016051	0.015390000	135.097630	0.0	0.0
0.016211	0.015563700	134.607022	0.0	0.0
0.016372	0.015738700	134.122015	0.0	0.0
0.016535	0.015915000	133.642547	0.0	0.0
0.016700	0.016092400	133.168584	0.0	0.0
0.016866	0.016271200	132.700036	0.0	0.0
0.017034	0.016451300	132.236897	0.0	0.0
0.017204	0.016632600	131.779076	0.0	0.0
0.017375	0.016815400	131.326540	0.0	0.0
0.017549	0.016999500	130.879225	0.0	0.0
0.017723	0.017185000	130.437096	0.0	0.0
0.017900	0.017371900	130.000091	0.0	0.0
0.018078	0.017560200	129.568147	0.0	0.0
0.018258	0.017750000	129.141205	0.0	0.0
0.018440	0.017941400	128.719204	0.0	0.0
0.018624	0.018134200	128.302130	0.0	0.0
0.018810	0.018328600	127.889878	0.0	0.0
0.018997	0.018524500	127.482434	0.0	0.0
0.019186	0.018722000	127.079716	0.0	0.0
0.019377	0.018921200	126.681668	0.0	0.0
0.019570	0.019121900	126.288252	0.0	0.0
0.019765	0.019324400	125.899412	0.0	0.0
0.019962	0.019528500	125.515072	0.0	0.0
0.020161	0.019734300	125.135195	0.0	0.0
0.020362	0.019941900	124.759728	0.0	0.0
0.020565	0.020151200	124.388616	0.0	0.0
0.020770	0.020362400	124.021806	0.0	0.0
0.020977	0.020575300	123.659228	0.0	0.0
0.021186	0.020790100	123.300864	0.0	0.0
0.021397	0.021006800	122.946630	0.0	0.0
0.021610	0.021225300	122.596492	0.0	0.0
0.021825	0.021445800	122.250400	0.0	0.0
0.022043	0.021668200	121.908289	0.0	0.0
0.022262	0.021892500	121.570112	0.0	0.0
0.022484	0.022118900	121.235837	0.0	0.0
0.022708	0.022347300	120.905403	0.0	0.0
0.022934	0.022577700	120.578748	0.0	0.0
0.023163	0.022810300	120.255857	0.0	0.0
0.023394	0.023044900	119.936643	0.0	0.0
0.023627	0.023281600	119.621090	0.0	0.0
0.023862	0.023520500	119.309130	0.0	0.0
0.024100	0.023761600	119.000734	0.0	0.0
0.024340	0.024004900	118.695860	0.0	0.0
0.024582	0.024250400	118.394429	0.0	0.0
0.024827	0.024498200	118.096441	0.0	0.0
0.025075	0.024748300	117.801819	0.0	0.0
0.025324	0.025000700	117.510537	0.0	0.0
0.025577	0.025255500	117.222547	0.0	0.0
0.025832	0.025512600	116.937811	0.0	0.0
0.026089	0.025772100	116.656282	0.0	0.0
0.026349	0.026034100	116.377915	0.0	0.0
0.026611	0.026298500	116.102686	0.0	0.0
0.026876	0.026565400	115.830539	0.0	0.0
0.027144	0.026834900	115.561431	0.0	0.0
0.027415	0.027106800	115.295341	0.0	0.0
0.027688	0.027381400	115.032226	0.0	0.0
0.027964	0.027658600	114.772044	0.0	0.0
0.028242	0.027938400	114.514748	0.0	0.0
0.028524	0.028220800	114.260325	0.0	0.0
0.028808	0.028506000	114.008710	0.0	0.0
0.029095	0.028793900	113.759893	0.0	0.0
0.029385	0.029084500	113.513826	0.0	0.0
0.029677	0.029377900	113.270475	0.0	0.0
0.029973	0.029674200	113.029804	0.0	0.0
0.030272	0.029973300	112.791787	0.0	0.0
0.030573	0.030275200	112.556382	0.0	0.0
0.030878	0.030580100	112.323564	0.0	0.0
0.031185	0.030887900	112.093300	0.0	0.0
0.031496	0.031198700	111.865551	0.0	0.0
0.031810	0.031512500	111.640287	0.0	0.0
0.032127	0.031829400	111.417483	0.0	0.0
0.032447	0.032149300	111.197103	0.0	0.0
0.032770	0.032472300	110.979119	0.0	0.0
0.033097	0.032798500	110.763502	0.0	0.0
0.033426	0.033127900	110.550223	0.0	0.0
0.033759	0.033460400	110.339249	0.0	0.0
0.034096	0.033796200	110.130561	0.0	0.0
0.034435	0.034135200	109.924118	0.0	0.0
0.034778	0.034477600	109.719903	0.0	0.0
0.035125	0.034823300	109.517889	0.0	0.0
0.035475	0.035172400	109.318041	0.0	0.0
0.035828	0.035524900	109.120335	0.0	0.0
0.036185	0.035880900	108.924753	0.0	0.0
0.036546	0.036240300	108.731256	0.0	0.0
0.036910	0.036603300	108.539832	0.0	0.0
0.037278	0.036969800	108.350449	0.0	0.0
0.037649	0.037340000	108.163080	0.0	0.0
0.038024	0.037713700	107.977710	0.0	0.0
0.038403	0.038091200	107.794302	0.0	0.0
0.038785	0.038472300	107.612847	0.0	0.0
0.039172	0.038857200	107.433310	0.0	0.0
0.039562	0.039245900	107.255674	0.0	0.0
0.039956	0.039638400	107.079917	0.0	0.0
0.040354	0.040034800	106.906015	0.0	0.0
0.040756	0.040435100	106.733943	0.0	0.0
0.041162	0.040839400	106.563681	0.0	0.0
0.041572	0.041247600	106.395216	0.0	0.0
0.041987	0.041659800	106.228513	0.0	0.0
0.042405	0.042076100	106.063561	0.0	0.0
0.042827	0.042496600	105.900336	0.0	0.0
0.043254	0.042921200	105.738822	0.0	0.0
0.043685	0.043349900	105.578992	0.0	0.0
0.044120	0.043783000	105.420831	0.0	0.0
0.044560	0.044220300	105.264318	0.0	0.0
0.045004	0.044661900	105.109434	0.0	0.0
0.045452	0.045107900	104.956162	0.0	0.0
0.045905	0.045558300	104.804484	0.0	0.0
0.046362	0.046013200	104.654377	0.0	0.0
0.046824	0.046472500	104.505828	0.0	0.0
0.047291	0.046936500	104.358815	0.0	0.0
0.047762	0.047405000	104.213324	0.0	0.0
0.048238	0.047878100	104.069334	0.0	0.0
0.048718	0.048356000	103.926833	0.0	0.0
0.049204	0.048838600	103.785798	0.0	0.0
0.049694	0.049325900	103.646216	0.0	0.0
0.050189	0.049818100	103.508071	0.0	0.0
0.050689	0.050315200	103.371344	0.0	0.0
0.051194	0.050817200	103.236020	0.0	0.0
0.051704	0.051324200	103.102085	0.0	0.0
0.052219	0.051836300	102.969522	0.0	0.0
0.052739	0.052353400	102.838316	0.0	0.0
0.053265	0.052875600	102.708450	0.0	0.0
0.053795	0.053403000	102.579911	0.0	0.0
0.054331	0.053935700	102.452683	0.0	0.0
0.054873	0.054473700	102.326754	0.0	0.0
0.055419	0.055017000	102.202106	0.0	0.0
0.055971	0.055565700	102.078725	0.0	0.0
0.056529	0.056119800	101.956601	0.0	0.0
0.057092	0.056679500	101.835716	0.0	0.0
0.057661	0.057244700	101.716056	0.0	0.0
0.058235	0.057815500	101.597610	0.0	0.0
0.058816	0.058392000	101.480363	0.0	0.0
0.059402	0.058974300	101.364304	0.0	0.0
0.059993	0.059562300	101.249417	0.0	0.0
0.060591	0.060156200	101.135689	0.0	0.0
0.061195	0.060755900	101.023110	0.0	0.0
0.061804	0.061361700	100.911667	0.0	0.0
0.062420	0.061973400	100.801345	0.0	0.0
0.063042	0.062591300	100.692132	0.0	0.0
0.063670	0.063215300	100.584019	0.0	0.0
0.064304	0.063845500	100.476993	0.0	0.0
0.064945	0.064482000	100.371039	0.0	0.0
0.065592	0.065124800	100.266148	0.0	0.0
0.066246	0.065774000	100.162310	0.0	0.0
0.066906	0.066429600	100.059509	0.0	0.0
0.067572	0.067091800	99.957738	0.0	0.0
0.068245	0.067760600	99.856984	0.0	0.0
0.068925	0.068436000	99.757238	0.0	0.0
0.069612	0.069118100	99.658484	0.0	0.0
0.070305	0.069807100	99.560716	0.0	0.0
0.071006	0.070502900	99.463922	0.0	0.0
0.071713	0.071205600	99.368092	0.0	0.0
0.072428	0.071915300	99.273214	0.0	0.0
0.073149	0.072632100	99.179280	0.0	0.0
0.073878	0.073356000	99.086277	0.0	0.0
0.074614	0.074087100	98.994198	0.0	0.0
0.075357	0.074825500	98.903031	0.0	0.0
0.076108	0.075571300	98.812766	0.0	0.0
0.076866	0.076324500	98.723396	0.0	0.0
0.077632	0.077085100	98.634908	0.0	0.0
0.078406	0.077853400	98.547296	0.0	0.0
0.079187	0.078629300	98.460547	0.0	0.0
0.079976	0.079412900	98.374655	0.0	0.0
0.080773	0.080204400	98.289610	0.0	0.0
0.081577	0.081003700	98.205400	0.0	0.0
0.082390	0.081811000	98.122020	0.0	0.0
0.083211	0.082626300	98.039460	0.0	0.0
0.084040	0.083449700	97.957710	0.0	0.0
0.084877	0.084281400	97.876763	0.0	0.0
0.085723	0.085121300	97.796609	0.0	0.0
0.086577	0.085969600	97.717242	0.0	0.0
0.087439	0.086826300	97.638650	0.0	0.0
0.088310	0.087691600	97.560827	0.0	0.0
0.089190	0.088565500	97.483765	0.0	0.0
0.090079	0.089448100	97.407454	0.0	0.0
0.090976	0.090339500	97.331889	0.0	0.0
0.091883	0.091239800	97.257060	0.0	0.0
0.092798	0.092149000	97.182959	0.0	0.0
0.093722	0.093067300	97.109580	0.0	0.0
0.094656	0.093994800	97.036913	0.0	0.0
0.095599	0.094931400	96.964953	0.0	0.0
0.096552	0.095877500	96.893690	0.0	0.0
0.097514	0.096832900	96.823119	0.0	0.0
0.098485	0.097797900	96.753230	0.0	0.0
0.099466	0.098772500	96.684018	0.0	0.0
0.100457	0.099756800	96.615473	0.0	0.0
0.101458	0.100751000	96.547594	0.0	0.0
0.102469	0.101755000	96.480368	0.0	0.0
0.103490	0.102769000	96.413787	0.0	0.0
0.104521	0.103793000	96.347853	0.0	0.0
0.105562	0.104827000	96.282550	0.0	0.0
0.106614	0.105872000	96.217874	0.0	0.0
0.107676	0.106927000	96.153823	0.0	0.0
0.108749	0.107993000	96.090380	0.0	0.0
0.109832	0.109069000	96.027549	0.0	0.0
0.110926	0.110156000	95.965320	0.0	0.0
0.112031	0.111253000	95.903680	0.0	0.0
0.113148	0.112362000	95.842634	0.0	0.0
0.114275	0.113482000	95.782167	0.0	0.0
0.115413	0.114613000	95.722282	0.0	0.0
0.116563	0.115755000	95.662959	0.0	0.0
0.117724	0.116909000	95.604209	0.0	0.0
0.118897	0.118074000	95.546009	0.0	0.0
0.120082	0.119250000	95.488366	0.0	0.0
0.121278	0.120439000	95.431264	0.0	0.0
0.122486	0.121639000	95.374708	0.0	0.0
0.123707	0.122851000	95.318684	0.0	0.0
0.124939	0.124075000	95.263187	0.0	0.0
0.126184	0.125312000	95.208216	0.0	0.0
0.127441	0.126561000	95.153763	0.0	0.0
0.128711	0.127822000	95.099819	0.0	0.0
0.129993	0.129096000	95.046383	0.0	0.0
0.131288	0.130382000	94.993448	0.0	0.0
0.132596	0.131682000	94.941008	0.0	0.0
0.133917	0.132994000	94.889060	0.0	0.0
0.135251	0.134319000	94.837596	0.0	0.0
0.136599	0.135658000	94.786615	0.0	0.0
0.137960	0.137010000	94.736106	0.0	0.0
0.139334	0.138376000	94.686065	0.0	0.0
0.140722	0.139755000	94.636493	0.0	0.0
0.142124	0.141147000	94.587377	0.0	0.0
0.143540	0.142554000	94.538718	0.0	0.0
0.144970	0.143975000	94.490506	0.0	0.0
0.146414	0.145410000	94.442740	0.0	0.0
0.147873	0.146859000	94.395417	0.0	0.0
0.149346	0.148323000	94.348524	0.0	0.0
0.150834	0.149801000	94.302067	0.0	0.0
0.152337	0.151294000	94.256031	0.0	0.0
0.153855	0.152802000	94.210417	0.0	0.0
0.155387	0.154325000	94.165221	0.0	0.0
0.156935	0.155863000	94.120439	0.0	0.0
0.158499	0.157417000	94.076063	0.0	0.0
0.160078	0.158985000	94.032088	0.0	0.0
0.161673	0.160570000	93.988513	0.0	0.0
0.163284	0.162171000	93.945332	0.0	0.0
0.164910	0.163787000	93.902539	0.0	0.0
0.166553	0.165419000	93.860135	0.0	0.0
0.168213	0.167068000	93.818111	0.0	0.0
0.169888	0.168734000	93.776463	0.0	0.0
0.171581	0.170415000	93.735190	0.0	0.0
0.173290	0.172114000	93.694284	0.0	0.0
0.175017	0.173830000	93.653741	0.0	0.0
0.176760	0.175562000	93.613562	0.0	0.0
0.178521	0.177312000	93.573738	0.0	0.0
0.180300	0.179080000	93.534265	0.0	0.0
0.182096	0.180865000	93.495141	0.0	0.0
0.183910	0.182668000	93.456364	0.0	0.0
0.185743	0.184489000	93.417925	0.0	0.0
0.187593	0.186328000	93.379824	0.0	0.0
0.189462	0.188185000	93.342057	0.0	0.0
0.191350	0.190061000	93.304617	0.0	0.0
0.193256	0.191956000	93.267504	0.0	0.0
0.195181	0.193869000	93.230711	0.0	0.0
0.197126	0.195802000	93.194238	0.0	0.0
0.199090	0.197754000	93.158079	0.0	0.0
0.201073	0.199726000	93.122229	0.0	0.0
0.203077	0.201717000	93.086688	0.0	0.0
0.205100	0.203728000	93.051449	0.0	0.0
0.207143	0.205759000	93.016510	0.0	0.0
0.209207	0.207810000	92.981868	0.0	0.0
0.211291	0.209882000	92.947520	0.0	0.0
0.213396	0.211975000	92.913460	0.0	0.0
0.215522	0.214088000	92.879686	0.0	0.0
0.217669	0.216223000	92.846195	0.0	0.0
0.219838	0.218379000	92.812985	0.0	0.0
0.222028	0.220556000	92.780049	0.0	0.0
0.224240	0.222755000	92.747386	0.0	0.0
0.226474	0.224976000	92.714993	0.0	0.0
0.228730	0.227220000	92.682865	0.0	0.0
0.231009	0.229485000	92.651000	0.0	0.0
0.233311	0.231774000	92.619395	0.0	0.0
0.235635	0.234085000	92.588046	0.0	0.0
0.237983	0.236419000	92.556952	0.0	0.0
0.240354	0.238776000	92.526106	0.0	0.0
0.242748	0.241158000	92.495507	0.0	0.0
0.245167	0.243563000	92.465153	0.0	0.0
0.247609	0.245992000	92.435039	0.0	0.0
0.250076	0.248445000	92.405163	0.0	0.0
0.252567	0.250922000	92.375522	0.0	0.0
0.255084	0.253425000	92.346113	0.0	0.0
0.257625	0.255952000	92.316932	0.0	0.0
0.260192	0.258505000	92.287977	0.0	0.0
0.262784	0.261083000	92.259245	0.0	0.0
0.265402	0.263688000	92.230733	0.0	0.0
0.268046	0.266318000	92.202438	0.0	0.0
0.270716	0.268974000	92.174357	0.0	0.0
0.273413	0.271657000	92.146487	0.0	0.0
0.276137	0.274367000	92.118826	0.0	0.0
0.278888	0.277104000	92.091370	0.0	0.0
0.281667	0.279868000	92.064117	0.0	0.0
0.284473	0.282660000	92.037063	0.0	0.0
0.287307	0.285479000	92.010208	0.0	0.0
0.290170	0.288328000	91.983547	0.0	0.0
0.293060	0.291204000	91.957077	0.0	0.0
0.295980	0.294109000	91.930796	0.0	0.0
0.298929	0.297043000	91.904702	0.0	0.0
0.301907	0.300007000	91.878790	0.0	0.0
0.304915	0.303000000	91.853060	0.0	0.0
0.307953	0.306024000	91.827508	0.0	0.0
0.311021	0.309077000	91.802132	0.0	0.0
0.314119	0.312161000	91.776929	0.0	0.0
0.317249	0.315276000	91.751896	0.0	0.0
0.320409	0.318423000	91.727031	0.0	0.0
0.323602	0.321600000	91.702331	0.0	0.0
0.326825	0.324810000	91.677793	0.0	0.0
0.330082	0.328051000	91.653415	0.0	0.0
0.333370	0.331325000	91.629195	0.0	0.0
0.336691	0.334632000	91.605129	0.0	0.0
0.340046	0.337972000	91.581216	0.0	0.0
0.343433	0.341345000	91.557453	0.0	0.0
0.346855	0.344753000	91.533837	0.0	0.0
0.350311	0.348194000	91.510366	0.0	0.0
0.353801	0.351670000	91.487036	0.0	0.0
0.357325	0.355180000	91.463847	0.0	0.0
0.360885	0.358726000	91.440795	0.0	0.0
0.364481	0.362308000	91.417878	0.0	0.0
0.368112	0.365925000	91.395093	0.0	0.0
0.371779	0.369578000	91.372438	0.0	0.0
0.375483	0.373269000	91.349911	0.0	0.0
0.379224	0.376996000	91.327508	0.0	0.0
0.383002	0.380760000	91.305228	0.0	0.0
0.386818	0.384563000	91.283068	0.0	0.0
0.390672	0.388403000	91.261026	0.0	0.0
0.394564	0.392282000	91.239099	0.0	0.0
0.398495	0.396200000	91.217285	0.0	0.0
0.402465	0.400157000	91.195582	0.0	0.0
0.406474	0.404154000	91.173987	0.0	0.0
0.410524	0.408191000	91.152497	0.0	0.0
0.414614	0.412269000	91.131111	0.0	0.0
0.418745	0.416387000	91.109825	0.0	0.0
0.422916	0.420547000	91.088638	0.0	0.0
0.427130	0.424749000	91.067547	0.0	0.0
0.431385	0.428993000	91.046550	0.0	0.0
0.435683	0.433279000	91.025644	0.0	0.0
0.440024	0.437609000	91.004827	0.0	0.0
0.444407	0.441982000	90.984097	0.0	0.0
0.448835	0.446399000	90.963450	0.0	0.0
0.453307	0.450860000	90.942885	0.0	0.0
0.457823	0.455366000	90.922400	0.0	0.0
0.462384	0.459918000	90.901992	0.0	0.0
0.466990	0.464515000	90.881658	0.0	0.0
0.471643	0.469159000	90.861397	0.0	0.0
0.476342	0.473849000	90.841204	0.0	0.0
0.481087	0.478587000	90.821080	0.0	0.0
0.485880	0.483372000	90.801020	0.0	0.0
0.490721	0.488205000	90.781023	0.0	0.0
0.495610	0.493087000	90.761086	0.0	0.0
0.500547	0.498018000	90.741207	0.0	0.0
0.505534	0.502999000	90.721382	0.0	0.0
0.510571	0.508030000	90.701611	0.0	0.0
0.515657	0.513112000	90.681890	0.0	0.0
0.520795	0.518245000	90.662217	0.0	0.0
0.525983	0.523429000	90.642589	0.0	0.0
0.531224	0.528666000	90.623004	0.0	0.0
0.536516	0.533956000	90.603459	0.0	0.0
0.541861	0.539299000	90.583952	0.0	0.0
0.547260	0.544696000	90.564481	0.0	0.0
0.552712	0.550147000	90.545043	0.0	0.0
0.558218	0.555653000	90.525635	0.0	0.0
0.563780	0.561215000	90.506255	0.0	0.0
0.569396	0.566833000	90.486900	0.0	0.0
0.575069	0.572508000	90.467568	0.0	0.0
0.580798	0.578240000	90.448257	0.0	0.0
0.586585	0.584030000	90.428962	0.0	0.0
0.592429	0.589878000	90.409683	0.0	0.0
0.598331	0.595786000	90.390415	0.0	0.0
0.604292	0.601753000	90.371158	0.0	0.0
0.610312	0.607781000	90.351907	0.0	0.0
0.616392	0.613870000	90.332661	0.0	0.0
0.622533	0.620020000	90.313416	0.0	0.0
0.628736	0.626232000	90.294170	0.0	0.0
0.634999	0.632507000	90.274920	0.0	0.0
0.641326	0.638846000	90.255664	0.0	0.0
0.647715	0.645249000	90.236398	0.0	0.0
0.654168	0.651717000	90.217120	0.0	0.0
0.660685	0.658250000	90.197827	0.0	0.0
0.667268	0.664850000	90.178516	0.0	0.0
0.673915	0.671516000	90.159184	0.0	0.0
0.680629	0.678250000	90.139829	0.0	0.0
0.687410	0.685052000	90.120447	0.0	0.0
0.694259	0.691923000	90.101035	0.0	0.0
0.701175	0.698864000	90.081591	0.0	0.0
0.708161	0.705876000	90.062111	0.0	0.0
0.715216	0.712958000	90.042593	0.0	0.0
0.722342	0.720113000	90.023033	0.0	0.0
0.729538	0.727340000	90.003429	0.0	0.0
0.736806	0.734640000	89.983777	0.0	0.0
0.744147	0.742015000	89.964073	0.0	0.0
0.751561	0.749465000	89.944316	0.0	0.0
0.759048	0.756990000	89.924501	0.0	0.0
0.766610	0.764592000	89.904626	0.0	0.0
0.774248	0.772271000	89.884687	0.0	0.0
0.781961	0.780029000	89.864680	0.0	0.0
0.789752	0.787865000	89.844603	0.0	0.0
0.797620	0.795781000	89.824452	0.0	0.0
0.805566	0.803778000	89.804224	0.0	0.0
0.813592	0.811856000	89.783915	0.0	0.0
0.821698	0.820016000	89.763522	0.0	0.0
0.829884	0.828260000	89.743041	0.0	0.0
0.838152	0.836588000	89.722469	0.0	0.0
0.846502	0.845000000	89.701801	0.0	0.0
0.854936	0.853499000	89.681035	0.0	0.0
0.863453	0.862084000	89.660167	0.0	0.0
0.872055	0.870757000	89.639193	0.0	0.0
0.880743	0.879518000	89.618109	0.0	0.0
0.889518	0.888369000	89.596911	0.0	0.0
0.898380	0.897310000	89.575596	0.0	0.0
0.907330	0.906343000	89.554160	0.0	0.0
0.916370	0.915468000	89.532598	0.0	0.0
0.925499	0.924686000	89.510907	0.0	0.0
0.934720	0.933998000	89.489083	0.0	0.0
0.944032	0.943406000	89.467121	0.0	0.0
0.953437	0.952910000	89.445018	0.0	0.0
0.962936	0.962511000	89.422769	0.0	0.0
0.972529	0.972211000	89.400371	0.0	0.0
0.982218	0.982010000	89.377818	0.0	0.0
0.992004	0.991909000	89.355107	0.0	0.0
1.001887	1.001910000	89.332233	0.0	0.0
1.011868	1.012010000	89.309194	0.0	0.0
1.021949	1.022220000	89.285981	0.0	0.0
1.032131	1.032530000	89.262591	0.0	0.0
1.042414	1.042950000	89.239021	0.0	0.0
1.052799	1.053470000	89.215267	0.0	0.0
1.063288	1.064100000	89.191323	0.0	0.0
1.073881	1.074850000	89.167184	0.0	0.0
1.084580	1.085700000	89.142846	0.0	0.0
1.095385	1.096660000	89.118304	0.0	0.0
1.106298	1.107740000	89.093553	0.0	0.0
1.117320	1.118920000	89.068588	0.0	0.0
1.128451	1.130230000	89.043405	0.0	0.0
1.139694	1.141650000	89.017997	0.0	0.0
1.151048	1.153190000	88.992362	0.0	0.0
1.162516	1.164840000	88.966491	0.0	0.0
1.174097	1.176620000	88.940384	0.0	0.0
1.185794	1.188520000	88.914032	0.0	0.0
1.197608	1.200540000	88.887429	0.0	0.0
1.209540	1.212680000	88.860571	0.0	0.0
1.221590	1.224950000	88.833455	0.0	0.0
1.233760	1.237340000	88.806073	0.0	0.0
1.246052	1.249860000	88.778420	0.0	0.0
1.258466	1.262520000	88.750491	0.0	0.0
1.271004	1.275300000	88.722280	0.0	0.0
1.283666	1.288210000	88.693783	0.0	0.0
1.296455	1.301260000	88.664992	0.0	0.0
1.309371	1.314440000	88.635903	0.0	0.0
1.322416	1.327750000	88.606510	0.0	0.0
1.335591	1.341210000	88.576806	0.0	0.0
1.348897	1.354800000	88.546787	0.0	0.0
1.362336	1.368530000	88.516446	0.0	0.0
1.375908	1.382400000	88.485780	0.0	0.0
1.389616	1.396420000	88.454779	0.0	0.0
1.403460	1.410580000	88.423439	0.0	0.0
1.417443	1.424890000	88.391753	0.0	0.0
1.431564	1.439340000	88.359718	0.0	0.0
1.445826	1.453940000	88.327325	0.0	0.0
1.460231	1.468700000	88.294568	0.0	0.0
1.474779	1.483600000	88.261442	0.0	0.0
1.489471	1.498660000	88.227942	0.0	0.0
1.504310	1.513870000	88.194060	0.0	0.0
1.519297	1.529240000	88.159790	0.0	0.0
1.534434	1.544770000	88.125124	0.0	0.0
1.549721	1.560460000	88.090060	0.0	0.0
1.565160	1.576310000	88.054591	0.0	0.0
1.580753	1.592330000	88.018708	0.0	0.0
1.596502	1.608510000	87.982404	0.0	0.0
1.612408	1.624850000	87.945675	0.0	0.0
1.628471	1.641360000	87.908518	0.0	0.0
1.644695	1.658050000	87.870920	0.0	0.0
1.661081	1.674900000	87.832878	0.0	0.0
1.677630	1.691930000	87.794384	0.0	0.0
1.694344	1.709130000	87.755434	0.0	0.0
1.711224	1.726510000	87.716021	0.0	0.0
1.728272	1.744070000	87.676138	0.0	0.0
1.745491	1.761810000	87.635777	0.0	0.0
1.762880	1.779730000	87.594936	0.0	0.0
1.780443	1.797830000	87.553603	0.0	0.0
1.798181	1.816120000	87.511776	0.0	0.0
1.816096	1.834600000	87.469445	0.0	0.0
1.834189	1.853270000	87.426607	0.0	0.0
1.852463	1.872130000	87.383252	0.0	0.0
1.870918	1.891180000	87.339377	0.0	0.0
1.889558	1.910430000	87.294973	0.0	0.0
1.908383	1.929870000	87.250036	0.0	0.0
1.927396	1.949520000	87.204556	0.0	0.0
1.946598	1.969360000	87.158531	0.0	0.0
1.965991	1.989410000	87.111953	0.0	0.0
1.985578	2.009660000	87.064813	0.0	0.0
2.005359	2.030120000	87.017110	0.0	0.0
2.025338	2.050790000	86.968832	0.0	0.0
2.045516	2.071670000	86.919975	0.0	0.0
2.065895	2.092760000	86.870533	0.0	0.0
2.086477	2.114060000	86.820499	0.0	0.0
2.107264	2.135590000	86.769868	0.0	0.0
2.128258	2.157330000	86.718633	0.0	0.0
2.149461	2.179290000	86.666788	0.0	0.0
2.170875	2.201480000	86.614328	0.0	0.0
2.192503	2.223890000	86.561243	0.0	0.0
2.214346	2.246530000	86.507530	0.0	0.0
2.236407	2.269400000	86.453182	0.0	0.0
2.258688	2.292500000	86.398192	0.0	0.0
2.281191	2.315840000	86.342556	0.0	0.0
2.303917	2.339410000	86.286269	0.0	0.0
2.326871	2.363220000	86.229319	0.0	0.0
2.350052	2.387270000	86.171708	0.0	0.0
2.373465	2.411560000	86.113423	0.0	0.0
2.397111	2.436100000	86.054462	0.0	0.0
2.420993	2.460880000	85.994818	0.0	0.0
2.445113	2.485910000	85.934484	0.0	0.0
2.469473	2.511200000	85.873457	0.0	0.0
2.494075	2.536740000	85.811730	0.0	0.0
2.518923	2.562540000	85.749296	0.0	0.0
2.544018	2.588590000	85.686151	0.0	0.0
2.569364	2.614910000	85.622286	0.0	0.0
2.594961	2.641490000	85.557701	0.0	0.0
2.620814	2.668340000	85.492385	0.0	0.0
2.646925	2.695460000	85.426333	0.0	0.0
2.673295	2.722840000	85.359544	0.0	0.0
2.699928	2.750500000	85.292008	0.0	0.0
2.726827	2.778440000	85.223719	0.0	0.0
2.753994	2.806650000	85.154672	0.0	0.0
2.781431	2.835140000	85.084865	0.0	0.0
2.809141	2.863920000	85.014291	0.0	0.0
2.837128	2.892990000	84.942941	0.0	0.0
2.865393	2.922340000	84.870814	0.0	0.0
2.893941	2.951980000	84.797899	0.0	0.0
2.922772	2.981920000	84.724197	0.0	0.0
2.951891	3.012150000	84.649698	0.0	0.0
2.981300	3.042680000	84.574399	0.0	0.0
3.011001	3.073510000	84.498296	0.0	0.0
3.040999	3.104640000	84.421378	0.0	0.0
3.071296	3.136090000	84.343643	0.0	0.0
3.101894	3.167840000	84.265088	0.0	0.0
3.132797	3.199900000	84.185705	0.0	0.0
3.164008	3.232280000	84.105487	0.0	0.0
3.195530	3.264970000	84.024432	0.0	0.0
3.227367	3.297990000	83.942529	0.0	0.0
3.259520	3.331330000	83.859781	0.0	0.0
3.291993	3.364990000	83.776178	0.0	0.0
3.324791	3.398980000	83.691711	0.0	0.0
3.357915	3.433310000	83.606381	0.0	0.0
3.391368	3.467960000	83.520182	0.0	0.0
3.425156	3.502960000	83.433102	0.0	0.0
3.459279	3.538290000	83.345144	0.0	0.0
3.493743	3.573970000	83.256295	0.0	0.0
3.528550	3.609990000	83.166555	0.0	0.0
3.563704	3.646360000	83.075915	0.0	0.0
3.599208	3.683090000	82.984372	0.0	0.0
3.635066	3.720160000	82.891917	0.0	0.0
3.671281	3.757600000	82.798549	0.0	0.0
3.707857	3.795390000	82.704258	0.0	0.0
3.744797	3.833550000	82.609042	0.0	0.0
3.782106	3.872080000	82.512890	0.0	0.0
3.819786	3.910970000	82.415802	0.0	0.0
3.857841	3.950240000	82.317770	0.0	0.0
3.896276	3.989880000	82.218787	0.0	0.0
3.935093	4.029900000	82.118850	0.0	0.0
3.974297	4.070300000	82.017950	0.0	0.0
4.013892	4.111090000	81.916081	0.0	0.0
4.053881	4.152260000	81.813239	0.0	0.0
4.094269	4.193830000	81.709416	0.0	0.0
4.135059	4.235790000	81.604607	0.0	0.0
4.176255	4.278150000	81.498807	0.0	0.0
4.217862	4.320910000	81.392007	0.0	0.0
4.259883	4.364070000	81.284203	0.0	0.0
4.302323	4.407640000	81.175386	0.0	0.0
4.345186	4.451630000	81.065552	0.0	0.0
4.388476	4.496020000	80.954693	0.0	0.0
4.432197	4.540830000	80.842803	0.0	0.0
4.476353	4.586070000	80.729878	0.0	0.0
4.520950	4.631720000	80.615905	0.0	0.0
4.565991	4.677810000	80.500883	0.0	0.0
4.611480	4.724320000	80.384804	0.0	0.0
4.657423	4.771270000	80.267658	0.0	0.0
4.703824	4.818650000	80.149440	0.0	0.0
4.750687	4.866480000	80.030143	0.0	0.0
4.798016	4.914740000	79.909763	0.0	0.0
4.845817	4.963460000	79.788288	0.0	0.0
4.894095	5.012630000	79.665711	0.0	0.0
4.942853	5.062250000	79.542029	0.0	0.0
4.992097	5.112330000	79.417231	0.0	0.0
5.041832	5.162860000	79.291309	0.0	0.0
5.092062	5.213870000	79.164258	0.0	0.0
5.142793	5.265340000	79.036067	0.0	0.0
5.194029	5.317280000	78.906733	0.0	0.0
5.245776	5.369700000	78.776243	0.0	0.0
5.298038	5.422600000	78.644593	0.0	0.0
5.350821	5.475970000	78.511774	0.0	0.0
5.404129	5.529830000	78.377779	0.0	0.0
5.457969	5.584180000	78.242597	0.0	0.0
5.512345	5.639030000	78.106223	0.0	0.0
5.567263	5.694370000	77.968646	0.0	0.0
5.622728	5.750200000	77.829860	0.0	0.0
5.678746	5.806550000	77.689854	0.0	0.0
5.735321	5.863390000	77.548624	0.0	0.0
5.792460	5.920750000	77.406158	0.0	0.0
5.850169	5.978620000	77.262446	0.0	0.0
5.908453	6.037010000	77.117482	0.0	0.0
5.967317	6.095910000	76.971258	0.0	0.0
6.026767	6.155340000	76.823766	0.0	0.0
6.086810	6.215300000	76.674993	0.0	0.0
6.147451	6.275790000	76.524932	0.0	0.0
6.208696	6.336810000	76.373575	0.0	0.0
6.270552	6.398370000	76.220911	0.0	0.0
6.333023	6.460470000	76.066935	0.0	0.0
6.396117	6.523110000	75.911633	0.0	0.0
6.459840	6.586300000	75.754997	0.0	0.0
6.524198	6.650050000	75.597019	0.0	0.0
6.589196	6.714340000	75.437692	0.0	0.0
6.654842	6.779200000	75.277002	0.0	0.0
6.721143	6.844610000	75.114940	0.0	0.0
6.788103	6.910590000	74.951502	0.0	0.0
6.855731	6.977140000	74.786672	0.0	0.0
6.924033	7.044260000	74.620443	0.0	0.0
6.993015	7.111960000	74.452806	0.0	0.0
7.062684	7.180230000	74.283752	0.0	0.0
7.133048	7.249080000	74.113268	0.0	0.0
7.204112	7.318520000	73.941349	0.0	0.0
7.275884	7.388540000	73.767983	0.0	0.0
7.348372	7.459150000	73.593158	0.0	0.0
7.421582	7.530360000	73.416867	0.0	0.0
7.495521	7.602170000	73.239101	0.0	0.0
7.570196	7.674570000	73.059850	0.0	0.0
7.645616	7.747570000	72.879101	0.0	0.0
7.721787	7.821180000	72.696847	0.0	0.0
7.798717	7.895400000	72.513078	0.0	0.0
7.876413	7.970230000	72.327784	0.0	0.0
7.954883	8.045680000	72.140955	0.0	0.0
8.034135	8.121740000	71.952581	0.0	0.0
8.114177	8.198420000	71.762651	0.0	0.0
8.195016	8.275720000	71.571158	0.0	0.0
8.276661	8.353650000	71.378089	0.0	0.0
8.359119	8.432200000	71.183437	0.0	0.0
8.442398	8.511380000	70.987192	0.0	0.0
8.526507	8.591200000	70.789343	0.0	0.0
8.611454	8.671650000	70.589881	0.0	0.0
8.697247	8.752730000	70.388797	0.0	0.0
8.783896	8.834460000	70.186078	0.0	0.0
8.871407	8.916820000	69.981720	0.0	0.0
8.959790	8.999830000	69.775709	0.0	0.0
9.049054	9.083490000	69.568037	0.0	0.0
9.139207	9.167790000	69.358695	0.0	0.0
9.230258	9.252740000	69.147674	0.0	0.0
9.322216	9.338340000	68.934964	0.0	0.0
9.415091	9.424600000	68.720554	0.0	0.0
9.508890	9.511510000	68.504440	0.0	0.0
9.603625	9.599070000	68.286605	0.0	0.0
9.699303	9.687300000	68.067047	0.0	0.0
9.795934	9.776180000	67.845756	0.0	0.0
9.893528	9.865720000	67.622720	0.0	0.0
9.992094	9.955930000	67.397934	0.0	0.0
10.091640	10.046800000	67.171391	0.0	0.0
10.192180	10.138300000	66.943075	0.0	0.0
10.293720	10.230500000	66.712985	0.0	0.0
10.396280	10.323400000	66.481091	0.0	0.0
10.499850	10.416900000	66.247429	0.0	0.0
10.604460	10.511100000	66.011948	0.0	0.0
10.710110	10.606000000	65.774662	0.0	0.0
10.816810	10.701500000	65.535565	0.0	0.0
10.924570	10.797700000	65.294649	0.0	0.0
11.033410	10.894600000	65.051887	0.0	0.0
11.143340	10.992100000	64.807273	0.0	0.0
11.254350	11.090300000	64.560845	0.0	0.0
11.366480	11.189200000	64.312534	0.0	0.0
11.479720	11.288700000	64.062377	0.0	0.0
11.594090	11.388900000	63.810349	0.0	0.0
11.709600	11.489800000	63.556447	0.0	0.0
11.826250	11.591300000	63.300689	0.0	0.0
11.944080	11.693600000	63.043006	0.0	0.0
12.063070	11.796400000	62.783462	0.0	0.0
12.183250	11.900000000	62.522011	0.0	0.0
12.304630	12.004200000	62.258651	0.0	0.0
12.427220	12.109100000	61.993382	0.0	0.0
12.551030	12.214600000	61.726203	0.0	0.0
12.676070	12.320800000	61.457114	0.0	0.0
12.802360	12.427600000	61.186094	0.0	0.0
12.929900	12.535200000	60.913165	0.0	0.0
13.058720	12.643300000	60.638285	0.0	0.0
13.188820	12.752100000	60.361477	0.0	0.0
13.320220	12.861600000	60.082724	0.0	0.0
13.452920	12.971800000	59.802048	0.0	0.0
13.586950	13.082500000	59.519411	0.0	0.0
13.722310	13.194000000	59.234838	0.0	0.0
13.859020	13.306000000	58.948312	0.0	0.0
13.997100	13.418700000	58.659817	0.0	0.0
14.136540	13.532100000	58.369399	0.0	0.0
14.277380	13.646100000	58.077003	0.0	0.0
14.419620	13.760700000	57.782656	0.0	0.0
14.563280	13.876000000	57.486344	0.0	0.0
14.708370	13.991900000	57.188074	0.0	0.0
14.854910	14.108400000	56.887834	0.0	0.0
15.002900	14.225600000	56.585653	0.0	0.0
15.152370	14.343300000	56.281499	0.0	0.0
15.303330	14.461700000	55.975381	0.0	0.0
15.455790	14.580700000	55.667311	0.0	0.0
15.609770	14.700300000	55.357278	0.0	0.0
15.765290	14.820600000	55.045274	0.0	0.0
15.922350	14.941400000	54.731329	0.0	0.0
16.080980	15.062900000	54.415418	0.0	0.0
16.241190	15.184600000	54.097552	0.0	0.0
16.403000	15.304300000	53.777724	0.0	0.0
16.566420	15.412800000	53.455950	0.0	0.0
16.731460	15.483400000	53.132243	0.0	0.0
16.898160	15.457900000	52.806559	0.0	0.0
17.066510	15.235300000	52.478952	0.0	0.0
17.236540	14.679700000	52.149401	0.0	0.0
17.408260	13.656500000	51.817920	0.0	0.0
17.581690	12.095100000	51.484508	0.0	0.0
17.756850	10.049900000	51.149163	0.0	0.0
17.933760	7.719670000	50.811883	0.0	0.0
18.112430	5.401170000	50.472687	0.0	0.0
18.292880	3.389280000	50.131574	0.0	0.0
18.475120	1.875040000	49.788563	0.0	0.0
18.659180	0.896063000	49.443637	0.0	0.0
18.845080	0.360405000	49.096796	0.0	0.0
19.032830	0.117729000	48.748061	0.0	0.0
19.222450	0.029624000	48.397433	0.0	0.0
19.413950	0.005265240	48.044934	0.0	0.0
19.607370	0.000560206	47.690530	0.0	0.0
19.802710	0.000023283	47.334260	0.0	0.0
20.000000	0.000000270	46.976110	0.0	0.0
