# UNCLASSIFIED
#
# Response info for DAVOX broad-band site.
#
# Effective: 25 July 2002
# Creation date: 03 Mar 2008
# File name: DAVOX_bb_rsp.txt
#
# Source: James Neely (TTD), TSgt Walkup
# System equipment: Streckeisen_STS-2 seismometer and Nanometrics Trident
# digitizer.
#
# The response file was derived from equations of state.
# Displacement response normalized to 1.0 at 1.0 Hz.
#
# The calib values for this configuration are as follows:
#
# DAVOX HHZ is 0.260910 nm/count at 1.0 Hz.
# DAVOX HHN is 0.260910 nm/count at 1.0 Hz.
# DAVOX HHE is 0.260910 nm/count at 1.0 Hz.
#
# Freq(Hz)     Amp(counts/nm)    Phase(deg)   Error(amp) Error(phase)
#
 theoretical  0       system    fap   J.Neely
1000
0.001000	0.000010142	305.225377	0.0	0.0
0.001011	0.000010540	304.800602	0.0	0.0
0.001022	0.000010953	304.374607	0.0	0.0
0.001034	0.000011382	303.947466	0.0	0.0
0.001045	0.000011827	303.519142	0.0	0.0
0.001057	0.000012288	303.089671	0.0	0.0
0.001068	0.000012767	302.659092	0.0	0.0
0.001080	0.000013263	302.227442	0.0	0.0
0.001092	0.000013778	301.794685	0.0	0.0
0.001104	0.000014312	301.360896	0.0	0.0
0.001116	0.000014866	300.926112	0.0	0.0
0.001129	0.000015440	300.490264	0.0	0.0
0.001141	0.000016035	300.053462	0.0	0.0
0.001154	0.000016653	299.615706	0.0	0.0
0.001167	0.000017293	299.176966	0.0	0.0
0.001180	0.000017957	298.737314	0.0	0.0
0.001193	0.000018645	298.296752	0.0	0.0
0.001206	0.000019358	297.855285	0.0	0.0
0.001219	0.000020098	297.412950	0.0	0.0
0.001233	0.000020864	296.969750	0.0	0.0
0.001246	0.000021659	296.525689	0.0	0.0
0.001260	0.000022482	296.080835	0.0	0.0
0.001274	0.000023336	295.635128	0.0	0.0
0.001288	0.000024220	295.188636	0.0	0.0
0.001303	0.000025136	294.741362	0.0	0.0
0.001317	0.000026086	294.293309	0.0	0.0
0.001332	0.000027070	293.844481	0.0	0.0
0.001346	0.000028089	293.394883	0.0	0.0
0.001361	0.000029145	292.944546	0.0	0.0
0.001376	0.000030240	292.493475	0.0	0.0
0.001392	0.000031373	292.041702	0.0	0.0
0.001407	0.000032548	291.589169	0.0	0.0
0.001423	0.000033764	291.135939	0.0	0.0
0.001438	0.000035024	290.681985	0.0	0.0
0.001454	0.000036329	290.227336	0.0	0.0
0.001470	0.000037680	289.771966	0.0	0.0
0.001487	0.000039080	289.315905	0.0	0.0
0.001503	0.000040530	288.859152	0.0	0.0
0.001520	0.000042031	288.401682	0.0	0.0
0.001537	0.000043585	287.943521	0.0	0.0
0.001554	0.000045195	287.484669	0.0	0.0
0.001571	0.000046862	287.025098	0.0	0.0
0.001588	0.000048587	286.564835	0.0	0.0
0.001606	0.000050374	286.103850	0.0	0.0
0.001623	0.000052224	285.642168	0.0	0.0
0.001641	0.000054138	285.179734	0.0	0.0
0.001660	0.000056121	284.716597	0.0	0.0
0.001678	0.000058173	284.252703	0.0	0.0
0.001697	0.000060297	283.788071	0.0	0.0
0.001715	0.000062496	283.322649	0.0	0.0
0.001734	0.000064772	282.856481	0.0	0.0
0.001754	0.000067128	282.389535	0.0	0.0
0.001773	0.000069566	281.921757	0.0	0.0
0.001793	0.000072089	281.453189	0.0	0.0
0.001813	0.000074700	280.983775	0.0	0.0
0.001833	0.000077402	280.513531	0.0	0.0
0.001853	0.000080199	280.042402	0.0	0.0
0.001873	0.000083093	279.570378	0.0	0.0
0.001894	0.000086087	279.097450	0.0	0.0
0.001915	0.000089186	278.623608	0.0	0.0
0.001936	0.000092392	278.148794	0.0	0.0
0.001958	0.000095709	277.672997	0.0	0.0
0.001979	0.000099141	277.196205	0.0	0.0
0.002001	0.000102691	276.718383	0.0	0.0
0.002024	0.000106364	276.239495	0.0	0.0
0.002046	0.000110165	275.759506	0.0	0.0
0.002069	0.000114096	275.278422	0.0	0.0
0.002091	0.000118162	274.796163	0.0	0.0
0.002115	0.000122369	274.312734	0.0	0.0
0.002138	0.000126720	273.828078	0.0	0.0
0.002162	0.000131221	273.342175	0.0	0.0
0.002186	0.000135876	272.854987	0.0	0.0
0.002210	0.000140691	272.366474	0.0	0.0
0.002234	0.000145671	271.876597	0.0	0.0
0.002259	0.000150821	271.385295	0.0	0.0
0.002284	0.000156147	270.892567	0.0	0.0
0.002309	0.000161655	270.398352	0.0	0.0
0.002335	0.000167351	269.902587	0.0	0.0
0.002361	0.000173242	269.405251	0.0	0.0
0.002387	0.000179333	268.906299	0.0	0.0
0.002413	0.000185631	268.405688	0.0	0.0
0.002440	0.000192143	267.903354	0.0	0.0
0.002467	0.000198876	267.399235	0.0	0.0
0.002495	0.000205838	266.893321	0.0	0.0
0.002522	0.000213036	266.385531	0.0	0.0
0.002550	0.000220477	265.875817	0.0	0.0
0.002578	0.000228170	265.364133	0.0	0.0
0.002607	0.000236123	264.850413	0.0	0.0
0.002636	0.000244344	264.334591	0.0	0.0
0.002665	0.000252842	263.816653	0.0	0.0
0.002694	0.000261626	263.296498	0.0	0.0
0.002724	0.000270706	262.774075	0.0	0.0
0.002754	0.000280090	262.249318	0.0	0.0
0.002785	0.000289790	261.722192	0.0	0.0
0.002816	0.000299814	261.192611	0.0	0.0
0.002847	0.000310174	260.660507	0.0	0.0
0.002878	0.000320880	260.125828	0.0	0.0
0.002910	0.000331943	259.588503	0.0	0.0
0.002943	0.000343375	259.048462	0.0	0.0
0.002975	0.000355188	258.505634	0.0	0.0
0.003008	0.000367393	257.959950	0.0	0.0
0.003041	0.000380003	257.411338	0.0	0.0
0.003075	0.000393031	256.859742	0.0	0.0
0.003109	0.000406490	256.305059	0.0	0.0
0.003144	0.000420394	255.747232	0.0	0.0
0.003178	0.000434757	255.186189	0.0	0.0
0.003214	0.000449592	254.621857	0.0	0.0
0.003249	0.000464915	254.054148	0.0	0.0
0.003285	0.000480740	253.482974	0.0	0.0
0.003322	0.000497084	252.908276	0.0	0.0
0.003358	0.000513962	252.329981	0.0	0.0
0.003396	0.000531390	251.747986	0.0	0.0
0.003433	0.000549385	251.162217	0.0	0.0
0.003471	0.000567965	250.572600	0.0	0.0
0.003510	0.000587147	249.979033	0.0	0.0
0.003548	0.000606950	249.381456	0.0	0.0
0.003588	0.000627391	248.779784	0.0	0.0
0.003627	0.000648489	248.173911	0.0	0.0
0.003668	0.000670265	247.563782	0.0	0.0
0.003708	0.000692737	246.949295	0.0	0.0
0.003749	0.000715927	246.330364	0.0	0.0
0.003791	0.000739854	245.706903	0.0	0.0
0.003833	0.000764541	245.078826	0.0	0.0
0.003875	0.000790008	244.446052	0.0	0.0
0.003918	0.000816279	243.808511	0.0	0.0
0.003962	0.000843375	243.166091	0.0	0.0
0.004005	0.000871319	242.518727	0.0	0.0
0.004050	0.000900134	241.866325	0.0	0.0
0.004095	0.000929846	241.208792	0.0	0.0
0.004140	0.000960477	240.546066	0.0	0.0
0.004186	0.000992052	239.878058	0.0	0.0
0.004232	0.001024600	239.204696	0.0	0.0
0.004279	0.001058140	238.525864	0.0	0.0
0.004326	0.001092690	237.841524	0.0	0.0
0.004374	0.001128300	237.151594	0.0	0.0
0.004423	0.001164980	236.455970	0.0	0.0
0.004472	0.001202760	235.754603	0.0	0.0
0.004521	0.001241660	235.047422	0.0	0.0
0.004571	0.001281720	234.334344	0.0	0.0
0.004622	0.001322950	233.615319	0.0	0.0
0.004673	0.001365400	232.890284	0.0	0.0
0.004725	0.001409080	232.159155	0.0	0.0
0.004777	0.001454020	231.421892	0.0	0.0
0.004830	0.001500250	230.678446	0.0	0.0
0.004884	0.001547800	229.928774	0.0	0.0
0.004938	0.001596700	229.172795	0.0	0.0
0.004992	0.001646970	228.410503	0.0	0.0
0.005048	0.001698640	227.641857	0.0	0.0
0.005104	0.001751740	226.866807	0.0	0.0
0.005160	0.001806290	226.085338	0.0	0.0
0.005217	0.001862320	225.297426	0.0	0.0
0.005275	0.001919860	224.503070	0.0	0.0
0.005333	0.001978930	223.702234	0.0	0.0
0.005392	0.002039560	222.894944	0.0	0.0
0.005452	0.002101770	222.081193	0.0	0.0
0.005513	0.002165590	221.260983	0.0	0.0
0.005574	0.002231030	220.434350	0.0	0.0
0.005635	0.002298130	219.601314	0.0	0.0
0.005698	0.002366890	218.761904	0.0	0.0
0.005761	0.002437350	217.916169	0.0	0.0
0.005825	0.002509520	217.064170	0.0	0.0
0.005889	0.002583420	216.205953	0.0	0.0
0.005954	0.002659060	215.341596	0.0	0.0
0.006020	0.002736470	214.471167	0.0	0.0
0.006087	0.002815650	213.594766	0.0	0.0
0.006154	0.002896620	212.712495	0.0	0.0
0.006223	0.002979380	211.824463	0.0	0.0
0.006291	0.003063960	210.930781	0.0	0.0
0.006361	0.003150350	210.031569	0.0	0.0
0.006432	0.003238560	209.126999	0.0	0.0
0.006503	0.003328600	208.217189	0.0	0.0
0.006575	0.003420470	207.302309	0.0	0.0
0.006648	0.003514160	206.382537	0.0	0.0
0.006721	0.003609690	205.458054	0.0	0.0
0.006796	0.003707040	204.529037	0.0	0.0
0.006871	0.003806210	203.595702	0.0	0.0
0.006947	0.003907190	202.658262	0.0	0.0
0.007024	0.004009980	201.716928	0.0	0.0
0.007102	0.004114560	200.771949	0.0	0.0
0.007180	0.004220930	199.823545	0.0	0.0
0.007260	0.004329060	198.871972	0.0	0.0
0.007340	0.004438940	197.917485	0.0	0.0
0.007422	0.004550550	196.960358	0.0	0.0
0.007504	0.004663880	196.000863	0.0	0.0
0.007587	0.004778900	195.039279	0.0	0.0
0.007671	0.004895590	194.075895	0.0	0.0
0.007756	0.005013930	193.110995	0.0	0.0
0.007842	0.005133880	192.144892	0.0	0.0
0.007929	0.005255430	191.177871	0.0	0.0
0.008016	0.005378540	190.210257	0.0	0.0
0.008105	0.005503190	189.242345	0.0	0.0
0.008195	0.005629350	188.274467	0.0	0.0
0.008286	0.005756980	187.306917	0.0	0.0
0.008377	0.005886060	186.340030	0.0	0.0
0.008470	0.006016550	185.374105	0.0	0.0
0.008564	0.006148430	184.409481	0.0	0.0
0.008659	0.006281660	183.446445	0.0	0.0
0.008755	0.006416200	182.485328	0.0	0.0
0.008852	0.006552040	181.526445	0.0	0.0
0.008950	0.006689130	180.570083	0.0	0.0
0.009049	0.006827450	179.616572	0.0	0.0
0.009149	0.006966960	178.666184	0.0	0.0
0.009250	0.007107640	177.719232	0.0	0.0
0.009353	0.007249460	176.775998	0.0	0.0
0.009456	0.007392380	175.836766	0.0	0.0
0.009561	0.007536390	174.901808	0.0	0.0
0.009667	0.007681460	173.971387	0.0	0.0
0.009774	0.007827560	173.045770	0.0	0.0
0.009882	0.007974670	172.125198	0.0	0.0
0.009992	0.008122760	171.209914	0.0	0.0
0.010102	0.008271830	170.300120	0.0	0.0
0.010214	0.008421850	169.396125	0.0	0.0
0.010327	0.008572800	168.498082	0.0	0.0
0.010442	0.008724660	167.606222	0.0	0.0
0.010557	0.008877430	166.720691	0.0	0.0
0.010674	0.009031090	165.841705	0.0	0.0
0.010792	0.009185640	164.969466	0.0	0.0
0.010912	0.009341060	164.104023	0.0	0.0
0.011033	0.009497340	163.245635	0.0	0.0
0.011155	0.009654490	162.394474	0.0	0.0
0.011278	0.009812500	161.550566	0.0	0.0
0.011403	0.009971370	160.714135	0.0	0.0
0.011530	0.010131100	159.885193	0.0	0.0
0.011657	0.010291700	159.063878	0.0	0.0
0.011786	0.010453100	158.250316	0.0	0.0
0.011917	0.010615400	157.444563	0.0	0.0
0.012049	0.010778600	156.646667	0.0	0.0
0.012182	0.010942700	155.856728	0.0	0.0
0.012317	0.011107700	155.074837	0.0	0.0
0.012454	0.011273600	154.300963	0.0	0.0
0.012591	0.011440400	153.535180	0.0	0.0
0.012731	0.011608100	152.777503	0.0	0.0
0.012872	0.011776800	152.027993	0.0	0.0
0.013014	0.011946400	151.286596	0.0	0.0
0.013159	0.012117000	150.553411	0.0	0.0
0.013304	0.012288600	149.828426	0.0	0.0
0.013452	0.012461300	149.111575	0.0	0.0
0.013601	0.012634900	148.402839	0.0	0.0
0.013751	0.012809700	147.702288	0.0	0.0
0.013903	0.012985500	147.009844	0.0	0.0
0.014057	0.013162400	146.325518	0.0	0.0
0.014213	0.013340500	145.649186	0.0	0.0
0.014370	0.013519700	144.980936	0.0	0.0
0.014530	0.013700100	144.320638	0.0	0.0
0.014690	0.013881700	143.668286	0.0	0.0
0.014853	0.014064500	143.023830	0.0	0.0
0.015018	0.014248600	142.387217	0.0	0.0
0.015184	0.014434000	141.758353	0.0	0.0
0.015352	0.014620700	141.137219	0.0	0.0
0.015522	0.014808700	140.523792	0.0	0.0
0.015694	0.014998100	139.917903	0.0	0.0
0.015868	0.015188900	139.319595	0.0	0.0
0.016044	0.015381200	138.728735	0.0	0.0
0.016221	0.015574900	138.145259	0.0	0.0
0.016401	0.015770100	137.569133	0.0	0.0
0.016582	0.015966900	137.000257	0.0	0.0
0.016766	0.016165200	136.438533	0.0	0.0
0.016952	0.016365100	135.883953	0.0	0.0
0.017139	0.016566600	135.336361	0.0	0.0
0.017329	0.016769700	134.795744	0.0	0.0
0.017521	0.016974600	134.262004	0.0	0.0
0.017715	0.017181200	133.735046	0.0	0.0
0.017911	0.017389500	133.214799	0.0	0.0
0.018110	0.017599600	132.701194	0.0	0.0
0.018310	0.017811500	132.194163	0.0	0.0
0.018513	0.018025300	131.693585	0.0	0.0
0.018718	0.018241000	131.199394	0.0	0.0
0.018925	0.018458500	130.711545	0.0	0.0
0.019135	0.018678100	130.229924	0.0	0.0
0.019347	0.018899600	129.754463	0.0	0.0
0.019561	0.019123100	129.285097	0.0	0.0
0.019778	0.019348700	128.821715	0.0	0.0
0.019997	0.019576400	128.364253	0.0	0.0
0.020218	0.019806200	127.912647	0.0	0.0
0.020442	0.020038100	127.466793	0.0	0.0
0.020668	0.020272200	127.026648	0.0	0.0
0.020897	0.020508600	126.592112	0.0	0.0
0.021129	0.020747200	126.163104	0.0	0.0
0.021363	0.020988200	125.739564	0.0	0.0
0.021599	0.021231400	125.321417	0.0	0.0
0.021838	0.021477100	124.908585	0.0	0.0
0.022080	0.021725100	124.500994	0.0	0.0
0.022325	0.021975600	124.098588	0.0	0.0
0.022572	0.022228500	123.701262	0.0	0.0
0.022822	0.022484000	123.308978	0.0	0.0
0.023075	0.022742000	122.921651	0.0	0.0
0.023330	0.023002500	122.539213	0.0	0.0
0.023589	0.023265700	122.161598	0.0	0.0
0.023850	0.023531600	121.788742	0.0	0.0
0.024114	0.023800200	121.420579	0.0	0.0
0.024381	0.024071500	121.057034	0.0	0.0
0.024651	0.024345500	120.698059	0.0	0.0
0.024924	0.024622400	120.343580	0.0	0.0
0.025200	0.024902100	119.993527	0.0	0.0
0.025479	0.025184700	119.647841	0.0	0.0
0.025761	0.025470200	119.306480	0.0	0.0
0.026046	0.025758700	118.969364	0.0	0.0
0.026335	0.026050200	118.636438	0.0	0.0
0.026627	0.026344700	118.307651	0.0	0.0
0.026921	0.026642300	117.982940	0.0	0.0
0.027220	0.026943000	117.662243	0.0	0.0
0.027521	0.027246900	117.345511	0.0	0.0
0.027826	0.027553900	117.032696	0.0	0.0
0.028134	0.027864200	116.723731	0.0	0.0
0.028445	0.028177800	116.418560	0.0	0.0
0.028760	0.028494700	116.117147	0.0	0.0
0.029079	0.028815000	115.819430	0.0	0.0
0.029401	0.029138700	115.525356	0.0	0.0
0.029727	0.029465800	115.234874	0.0	0.0
0.030056	0.029796400	114.947945	0.0	0.0
0.030389	0.030130500	114.664518	0.0	0.0
0.030725	0.030468200	114.384530	0.0	0.0
0.031065	0.030809600	114.107959	0.0	0.0
0.031409	0.031154600	113.834735	0.0	0.0
0.031757	0.031503300	113.564822	0.0	0.0
0.032109	0.031855700	113.298185	0.0	0.0
0.032464	0.032211900	113.034758	0.0	0.0
0.032824	0.032572000	112.774516	0.0	0.0
0.033187	0.032936000	112.517411	0.0	0.0
0.033555	0.033303900	112.263404	0.0	0.0
0.033926	0.033675800	112.012442	0.0	0.0
0.034302	0.034051700	111.764495	0.0	0.0
0.034682	0.034431700	111.519520	0.0	0.0
0.035066	0.034815800	111.277475	0.0	0.0
0.035454	0.035204000	111.038325	0.0	0.0
0.035847	0.035596500	110.802024	0.0	0.0
0.036244	0.035993300	110.568545	0.0	0.0
0.036645	0.036394400	110.337849	0.0	0.0
0.037051	0.036799800	110.109893	0.0	0.0
0.037462	0.037209700	109.884642	0.0	0.0
0.037876	0.037624000	109.662070	0.0	0.0
0.038296	0.038042800	109.442127	0.0	0.0
0.038720	0.038466300	109.224795	0.0	0.0
0.039149	0.038894300	109.010025	0.0	0.0
0.039582	0.039327100	108.797795	0.0	0.0
0.040021	0.039764500	108.588069	0.0	0.0
0.040464	0.040206800	108.380811	0.0	0.0
0.040912	0.040653900	108.175995	0.0	0.0
0.041365	0.041105900	107.973584	0.0	0.0
0.041823	0.041562800	107.773553	0.0	0.0
0.042286	0.042024800	107.575866	0.0	0.0
0.042754	0.042491800	107.380500	0.0	0.0
0.043228	0.042964000	107.187416	0.0	0.0
0.043707	0.043441300	106.996595	0.0	0.0
0.044191	0.043923900	106.808001	0.0	0.0
0.044680	0.044411700	106.621613	0.0	0.0
0.045175	0.044905000	106.437399	0.0	0.0
0.045675	0.045403700	106.255329	0.0	0.0
0.046181	0.045907800	106.075382	0.0	0.0
0.046692	0.046417500	105.897526	0.0	0.0
0.047209	0.046932800	105.721739	0.0	0.0
0.047732	0.047453700	105.547997	0.0	0.0
0.048261	0.047980400	105.376270	0.0	0.0
0.048795	0.048512900	105.206534	0.0	0.0
0.049335	0.049051300	105.038765	0.0	0.0
0.049882	0.049595600	104.872943	0.0	0.0
0.050434	0.050145900	104.709038	0.0	0.0
0.050993	0.050702300	104.547028	0.0	0.0
0.051557	0.051264800	104.386891	0.0	0.0
0.052128	0.051833500	104.228603	0.0	0.0
0.052706	0.052408400	104.072146	0.0	0.0
0.053289	0.052989700	103.917492	0.0	0.0
0.053879	0.053577500	103.764620	0.0	0.0
0.054476	0.054171700	103.613511	0.0	0.0
0.055079	0.054772400	103.464144	0.0	0.0
0.055689	0.055379800	103.316495	0.0	0.0
0.056306	0.055993900	103.170546	0.0	0.0
0.056929	0.056614800	103.026275	0.0	0.0
0.057560	0.057242500	102.883662	0.0	0.0
0.058197	0.057877200	102.742691	0.0	0.0
0.058842	0.058518900	102.603336	0.0	0.0
0.059493	0.059167600	102.465582	0.0	0.0
0.060152	0.059823500	102.329409	0.0	0.0
0.060818	0.060486700	102.194800	0.0	0.0
0.061492	0.061157200	102.061732	0.0	0.0
0.062173	0.061835100	101.930193	0.0	0.0
0.062861	0.062520500	101.800160	0.0	0.0
0.063557	0.063213500	101.671617	0.0	0.0
0.064261	0.063914200	101.544548	0.0	0.0
0.064973	0.064622500	101.418933	0.0	0.0
0.065692	0.065338800	101.294756	0.0	0.0
0.066420	0.066062900	101.172001	0.0	0.0
0.067155	0.066795000	101.050652	0.0	0.0
0.067899	0.067535300	100.930693	0.0	0.0
0.068651	0.068283700	100.812104	0.0	0.0
0.069411	0.069040400	100.694873	0.0	0.0
0.070180	0.069805400	100.578983	0.0	0.0
0.070957	0.070579000	100.464418	0.0	0.0
0.071743	0.071361100	100.351166	0.0	0.0
0.072537	0.072151800	100.239207	0.0	0.0
0.073341	0.072951300	100.128529	0.0	0.0
0.074153	0.073759600	100.019117	0.0	0.0
0.074974	0.074576900	99.910956	0.0	0.0
0.075804	0.075403200	99.804033	0.0	0.0
0.076644	0.076238600	99.698333	0.0	0.0
0.077492	0.077083300	99.593841	0.0	0.0
0.078351	0.077937400	99.490545	0.0	0.0
0.079218	0.078800900	99.388432	0.0	0.0
0.080095	0.079673900	99.287486	0.0	0.0
0.080982	0.080556600	99.187695	0.0	0.0
0.081879	0.081449100	99.089047	0.0	0.0
0.082786	0.082351500	98.991529	0.0	0.0
0.083703	0.083263800	98.895127	0.0	0.0
0.084630	0.084186300	98.799828	0.0	0.0
0.085567	0.085118900	98.705622	0.0	0.0
0.086514	0.086061900	98.612495	0.0	0.0
0.087472	0.087015300	98.520436	0.0	0.0
0.088441	0.087979300	98.429432	0.0	0.0
0.089421	0.088954000	98.339473	0.0	0.0
0.090411	0.089939400	98.250545	0.0	0.0
0.091412	0.090935800	98.162638	0.0	0.0
0.092424	0.091943100	98.075741	0.0	0.0
0.093448	0.092961700	97.989842	0.0	0.0
0.094483	0.093991500	97.904930	0.0	0.0
0.095529	0.095032700	97.820995	0.0	0.0
0.096587	0.096085400	97.738025	0.0	0.0
0.097656	0.097149800	97.656010	0.0	0.0
0.098738	0.098226000	97.574940	0.0	0.0
0.099831	0.099314100	97.494803	0.0	0.0
0.100937	0.100414000	97.415589	0.0	0.0
0.102055	0.101527000	97.337295	0.0	0.0
0.103185	0.102651000	97.259897	0.0	0.0
0.104327	0.103788000	97.183395	0.0	0.0
0.105483	0.104938000	97.107780	0.0	0.0
0.106651	0.106100000	97.033039	0.0	0.0
0.107832	0.107276000	96.959165	0.0	0.0
0.109026	0.108464000	96.886140	0.0	0.0
0.110233	0.109666000	96.813970	0.0	0.0
0.111454	0.110880000	96.742634	0.0	0.0
0.112688	0.112109000	96.672123	0.0	0.0
0.113936	0.113350000	96.602435	0.0	0.0
0.115198	0.114606000	96.533559	0.0	0.0
0.116474	0.115876000	96.465483	0.0	0.0
0.117763	0.117159000	96.398202	0.0	0.0
0.119068	0.118457000	96.331701	0.0	0.0
0.120386	0.119769000	96.265983	0.0	0.0
0.121719	0.121096000	96.201028	0.0	0.0
0.123067	0.122437000	96.136837	0.0	0.0
0.124430	0.123793000	96.073400	0.0	0.0
0.125808	0.125165000	96.010701	0.0	0.0
0.127201	0.126551000	95.948742	0.0	0.0
0.128610	0.127953000	95.887512	0.0	0.0
0.130034	0.129370000	95.827004	0.0	0.0
0.131474	0.130804000	95.767207	0.0	0.0
0.132930	0.132252000	95.708118	0.0	0.0
0.134402	0.133717000	95.649724	0.0	0.0
0.135890	0.135199000	95.592022	0.0	0.0
0.137395	0.136696000	95.535007	0.0	0.0
0.138917	0.138211000	95.478667	0.0	0.0
0.140455	0.139742000	95.422995	0.0	0.0
0.142011	0.141290000	95.367987	0.0	0.0
0.143583	0.142855000	95.313637	0.0	0.0
0.145173	0.144437000	95.259935	0.0	0.0
0.146781	0.146037000	95.206874	0.0	0.0
0.148406	0.147655000	95.154451	0.0	0.0
0.150050	0.149291000	95.102655	0.0	0.0
0.151711	0.150944000	95.051485	0.0	0.0
0.153391	0.152616000	95.000928	0.0	0.0
0.155090	0.154307000	94.950985	0.0	0.0
0.156808	0.156017000	94.901643	0.0	0.0
0.158544	0.157745000	94.852900	0.0	0.0
0.160300	0.159492000	94.804750	0.0	0.0
0.162075	0.161259000	94.757186	0.0	0.0
0.163870	0.163046000	94.710199	0.0	0.0
0.165684	0.164852000	94.663791	0.0	0.0
0.167519	0.166678000	94.617948	0.0	0.0
0.169374	0.168525000	94.572669	0.0	0.0
0.171250	0.170392000	94.527945	0.0	0.0
0.173146	0.172279000	94.483775	0.0	0.0
0.175064	0.174188000	94.440151	0.0	0.0
0.177002	0.176118000	94.397066	0.0	0.0
0.178963	0.178069000	94.354518	0.0	0.0
0.180944	0.180041000	94.312500	0.0	0.0
0.182948	0.182036000	94.271006	0.0	0.0
0.184974	0.184053000	94.230034	0.0	0.0
0.187022	0.186092000	94.189574	0.0	0.0
0.189094	0.188154000	94.149625	0.0	0.0
0.191188	0.190238000	94.110180	0.0	0.0
0.193305	0.192346000	94.071234	0.0	0.0
0.195445	0.194477000	94.032785	0.0	0.0
0.197610	0.196632000	93.994825	0.0	0.0
0.199798	0.198810000	93.957351	0.0	0.0
0.202011	0.201013000	93.920358	0.0	0.0
0.204248	0.203240000	93.883842	0.0	0.0
0.206510	0.205492000	93.847796	0.0	0.0
0.208796	0.207769000	93.812220	0.0	0.0
0.211109	0.210071000	93.777105	0.0	0.0
0.213447	0.212399000	93.742448	0.0	0.0
0.215810	0.214752000	93.708247	0.0	0.0
0.218200	0.217131000	93.674496	0.0	0.0
0.220616	0.219537000	93.641190	0.0	0.0
0.223060	0.221970000	93.608326	0.0	0.0
0.225530	0.224430000	93.575901	0.0	0.0
0.228027	0.226917000	93.543908	0.0	0.0
0.230552	0.229431000	93.512345	0.0	0.0
0.233105	0.231973000	93.481209	0.0	0.0
0.235687	0.234544000	93.450492	0.0	0.0
0.238297	0.237143000	93.420197	0.0	0.0
0.240936	0.239771000	93.390314	0.0	0.0
0.243604	0.242428000	93.360841	0.0	0.0
0.246302	0.245115000	93.331777	0.0	0.0
0.249029	0.247831000	93.303115	0.0	0.0
0.251787	0.250578000	93.274853	0.0	0.0
0.254575	0.253355000	93.246988	0.0	0.0
0.257394	0.256162000	93.219516	0.0	0.0
0.260245	0.259001000	93.192432	0.0	0.0
0.263127	0.261872000	93.165734	0.0	0.0
0.266040	0.264774000	93.139420	0.0	0.0
0.268987	0.267709000	93.113484	0.0	0.0
0.271965	0.270676000	93.087926	0.0	0.0
0.274977	0.273676000	93.062740	0.0	0.0
0.278022	0.276710000	93.037923	0.0	0.0
0.281101	0.279777000	93.013474	0.0	0.0
0.284214	0.282878000	92.989387	0.0	0.0
0.287361	0.286014000	92.965662	0.0	0.0
0.290544	0.289184000	92.942293	0.0	0.0
0.293761	0.292390000	92.919280	0.0	0.0
0.297014	0.295631000	92.896619	0.0	0.0
0.300303	0.298908000	92.874305	0.0	0.0
0.303629	0.302222000	92.852339	0.0	0.0
0.306991	0.305572000	92.830715	0.0	0.0
0.310391	0.308960000	92.809433	0.0	0.0
0.313828	0.312385000	92.788487	0.0	0.0
0.317303	0.315849000	92.767877	0.0	0.0
0.320817	0.319351000	92.747600	0.0	0.0
0.324370	0.322891000	92.727652	0.0	0.0
0.327962	0.326472000	92.708032	0.0	0.0
0.331594	0.330092000	92.688737	0.0	0.0
0.335266	0.333752000	92.669763	0.0	0.0
0.338979	0.337452000	92.651110	0.0	0.0
0.342732	0.341194000	92.632774	0.0	0.0
0.346528	0.344978000	92.614754	0.0	0.0
0.350365	0.348804000	92.597046	0.0	0.0
0.354245	0.352672000	92.579648	0.0	0.0
0.358168	0.356583000	92.562559	0.0	0.0
0.362134	0.360538000	92.545776	0.0	0.0
0.366145	0.364537000	92.529296	0.0	0.0
0.370199	0.368580000	92.513118	0.0	0.0
0.374299	0.372668000	92.497240	0.0	0.0
0.378444	0.376802000	92.481658	0.0	0.0
0.382635	0.380981000	92.466372	0.0	0.0
0.386872	0.385207000	92.451378	0.0	0.0
0.391156	0.389481000	92.436676	0.0	0.0
0.395488	0.393801000	92.422263	0.0	0.0
0.399868	0.398170000	92.408137	0.0	0.0
0.404296	0.402588000	92.394296	0.0	0.0
0.408773	0.407054000	92.380738	0.0	0.0
0.413300	0.411571000	92.367462	0.0	0.0
0.417877	0.416137000	92.354465	0.0	0.0
0.422504	0.420755000	92.341747	0.0	0.0
0.427183	0.425424000	92.329303	0.0	0.0
0.431914	0.430145000	92.317134	0.0	0.0
0.436697	0.434918000	92.305237	0.0	0.0
0.441532	0.439745000	92.293611	0.0	0.0
0.446422	0.444626000	92.282254	0.0	0.0
0.451366	0.449561000	92.271163	0.0	0.0
0.456364	0.454551000	92.260339	0.0	0.0
0.461418	0.459596000	92.249778	0.0	0.0
0.466528	0.464698000	92.239479	0.0	0.0
0.471694	0.469857000	92.229442	0.0	0.0
0.476917	0.475073000	92.219663	0.0	0.0
0.482199	0.480348000	92.210142	0.0	0.0
0.487539	0.485681000	92.200877	0.0	0.0
0.492938	0.491074000	92.191867	0.0	0.0
0.498396	0.496527000	92.183110	0.0	0.0
0.503916	0.502041000	92.174604	0.0	0.0
0.509496	0.507616000	92.166348	0.0	0.0
0.515138	0.513254000	92.158342	0.0	0.0
0.520843	0.518955000	92.150582	0.0	0.0
0.526611	0.524719000	92.143069	0.0	0.0
0.532442	0.530548000	92.135800	0.0	0.0
0.538339	0.536441000	92.128774	0.0	0.0
0.544300	0.542401000	92.121991	0.0	0.0
0.550328	0.548427000	92.115447	0.0	0.0
0.556422	0.554521000	92.109143	0.0	0.0
0.562584	0.560683000	92.103077	0.0	0.0
0.568814	0.566913000	92.097248	0.0	0.0
0.575113	0.573214000	92.091654	0.0	0.0
0.581482	0.579584000	92.086294	0.0	0.0
0.587921	0.586026000	92.081167	0.0	0.0
0.594432	0.592541000	92.076271	0.0	0.0
0.601014	0.599128000	92.071606	0.0	0.0
0.607670	0.605788000	92.067171	0.0	0.0
0.614399	0.612524000	92.062963	0.0	0.0
0.621203	0.619335000	92.058982	0.0	0.0
0.628082	0.626222000	92.055227	0.0	0.0
0.635038	0.633186000	92.051696	0.0	0.0
0.642070	0.640228000	92.048389	0.0	0.0
0.649180	0.647349000	92.045304	0.0	0.0
0.656369	0.654550000	92.042440	0.0	0.0
0.663638	0.661832000	92.039796	0.0	0.0
0.670987	0.669196000	92.037370	0.0	0.0
0.678418	0.676642000	92.035162	0.0	0.0
0.685930	0.684171000	92.033171	0.0	0.0
0.693526	0.691786000	92.031395	0.0	0.0
0.701206	0.699485000	92.029834	0.0	0.0
0.708972	0.707271000	92.028486	0.0	0.0
0.716823	0.715145000	92.027350	0.0	0.0
0.724761	0.723106000	92.026424	0.0	0.0
0.732787	0.731158000	92.025709	0.0	0.0
0.740902	0.739300000	92.025203	0.0	0.0
0.749106	0.747533000	92.024904	0.0	0.0
0.757402	0.755859000	92.024812	0.0	0.0
0.765789	0.764279000	92.024925	0.0	0.0
0.774270	0.772793000	92.025243	0.0	0.0
0.782844	0.781403000	92.025764	0.0	0.0
0.791513	0.790110000	92.026487	0.0	0.0
0.800278	0.798915000	92.027411	0.0	0.0
0.809141	0.807820000	92.028536	0.0	0.0
0.818101	0.816824000	92.029859	0.0	0.0
0.827161	0.825930000	92.031380	0.0	0.0
0.836321	0.835139000	92.033098	0.0	0.0
0.845582	0.844451000	92.035011	0.0	0.0
0.854946	0.853869000	92.037119	0.0	0.0
0.864414	0.863393000	92.039421	0.0	0.0
0.873986	0.873024000	92.041914	0.0	0.0
0.883665	0.882764000	92.044598	0.0	0.0
0.893450	0.892614000	92.047473	0.0	0.0
0.903344	0.902575000	92.050536	0.0	0.0
0.913348	0.912648000	92.053787	0.0	0.0
0.923462	0.922836000	92.057224	0.0	0.0
0.933689	0.933138000	92.060846	0.0	0.0
0.944028	0.943557000	92.064653	0.0	0.0
0.954483	0.954094000	92.068643	0.0	0.0
0.965053	0.964750000	92.072814	0.0	0.0
0.975740	0.975526000	92.077166	0.0	0.0
0.986545	0.986425000	92.081697	0.0	0.0
0.997470	0.997447000	92.086406	0.0	0.0
1.008516	1.008590000	92.091293	0.0	0.0
1.019684	1.019870000	92.096355	0.0	0.0
1.030976	1.031270000	92.101591	0.0	0.0
1.042393	1.042800000	92.107000	0.0	0.0
1.053936	1.054460000	92.112582	0.0	0.0
1.065608	1.066250000	92.118334	0.0	0.0
1.077408	1.078180000	92.124255	0.0	0.0
1.089339	1.090240000	92.130345	0.0	0.0
1.101403	1.102440000	92.136602	0.0	0.0
1.113600	1.114780000	92.143024	0.0	0.0
1.125932	1.127250000	92.149610	0.0	0.0
1.138400	1.139870000	92.156359	0.0	0.0
1.151007	1.152640000	92.163270	0.0	0.0
1.163753	1.165540000	92.170341	0.0	0.0
1.176640	1.178600000	92.177571	0.0	0.0
1.189670	1.191800000	92.184959	0.0	0.0
1.202845	1.205160000	92.192503	0.0	0.0
1.216165	1.218660000	92.200202	0.0	0.0
1.229633	1.232320000	92.208055	0.0	0.0
1.243250	1.246130000	92.216061	0.0	0.0
1.257018	1.260110000	92.224217	0.0	0.0
1.270938	1.274240000	92.232523	0.0	0.0
1.285012	1.288530000	92.240977	0.0	0.0
1.299242	1.302980000	92.249578	0.0	0.0
1.313630	1.317600000	92.258325	0.0	0.0
1.328177	1.332390000	92.267216	0.0	0.0
1.342885	1.347350000	92.276250	0.0	0.0
1.357757	1.362470000	92.285426	0.0	0.0
1.372792	1.377770000	92.294742	0.0	0.0
1.387995	1.393240000	92.304198	0.0	0.0
1.403365	1.408890000	92.313790	0.0	0.0
1.418906	1.424720000	92.323520	0.0	0.0
1.434619	1.440730000	92.333385	0.0	0.0
1.450506	1.456920000	92.343384	0.0	0.0
1.466569	1.473300000	92.353516	0.0	0.0
1.482810	1.489860000	92.363779	0.0	0.0
1.499230	1.506620000	92.374172	0.0	0.0
1.515833	1.523560000	92.384695	0.0	0.0
1.532619	1.540700000	92.395346	0.0	0.0
1.549591	1.558040000	92.406123	0.0	0.0
1.566751	1.575570000	92.417027	0.0	0.0
1.584101	1.593300000	92.428055	0.0	0.0
1.601644	1.611240000	92.439207	0.0	0.0
1.619380	1.629380000	92.450481	0.0	0.0
1.637313	1.647730000	92.461878	0.0	0.0
1.655445	1.666290000	92.473395	0.0	0.0
1.673777	1.685060000	92.485031	0.0	0.0
1.692313	1.704050000	92.496788	0.0	0.0
1.711053	1.723260000	92.508661	0.0	0.0
1.730001	1.742680000	92.520652	0.0	0.0
1.749159	1.762330000	92.532760	0.0	0.0
1.768530	1.782200000	92.544984	0.0	0.0
1.788114	1.802310000	92.557323	0.0	0.0
1.807916	1.822640000	92.569777	0.0	0.0
1.827937	1.843200000	92.582345	0.0	0.0
1.848179	1.864000000	92.595026	0.0	0.0
1.868646	1.885040000	92.607821	0.0	0.0
1.889339	1.906320000	92.620729	0.0	0.0
1.910262	1.927840000	92.633749	0.0	0.0
1.931416	1.949610000	92.646882	0.0	0.0
1.952804	1.971640000	92.660126	0.0	0.0
1.974430	1.993910000	92.673483	0.0	0.0
1.996294	2.016440000	92.686951	0.0	0.0
2.018401	2.039220000	92.700532	0.0	0.0
2.040753	2.062270000	92.714225	0.0	0.0
2.063352	2.085590000	92.728030	0.0	0.0
2.086202	2.109170000	92.741947	0.0	0.0
2.109304	2.133020000	92.755977	0.0	0.0
2.132663	2.157150000	92.770121	0.0	0.0
2.156280	2.181550000	92.784378	0.0	0.0
2.180158	2.206230000	92.798748	0.0	0.0
2.204301	2.231200000	92.813234	0.0	0.0
2.228712	2.256450000	92.827836	0.0	0.0
2.253393	2.282000000	92.842554	0.0	0.0
2.278347	2.307830000	92.857388	0.0	0.0
2.303577	2.333970000	92.872341	0.0	0.0
2.329087	2.360400000	92.887413	0.0	0.0
2.354879	2.387140000	92.902604	0.0	0.0
2.380957	2.414180000	92.917918	0.0	0.0
2.407324	2.441540000	92.933354	0.0	0.0
2.433982	2.469210000	92.948914	0.0	0.0
2.460936	2.497200000	92.964599	0.0	0.0
2.488188	2.525510000	92.980411	0.0	0.0
2.515743	2.554150000	92.996353	0.0	0.0
2.543602	2.583110000	93.012424	0.0	0.0
2.571770	2.612410000	93.028627	0.0	0.0
2.600249	2.642050000	93.044964	0.0	0.0
2.629045	2.672020000	93.061438	0.0	0.0
2.658159	2.702340000	93.078049	0.0	0.0
2.687595	2.733020000	93.094800	0.0	0.0
2.717357	2.764040000	93.111693	0.0	0.0
2.747449	2.795420000	93.128730	0.0	0.0
2.777874	2.827160000	93.145914	0.0	0.0
2.808637	2.859270000	93.163248	0.0	0.0
2.839739	2.891750000	93.180733	0.0	0.0
2.871187	2.924610000	93.198373	0.0	0.0
2.902982	2.957840000	93.216169	0.0	0.0
2.935130	2.991450000	93.234125	0.0	0.0
2.967633	3.025450000	93.252243	0.0	0.0
3.000497	3.059850000	93.270526	0.0	0.0
3.033724	3.094640000	93.288977	0.0	0.0
3.067320	3.129840000	93.307600	0.0	0.0
3.101287	3.165440000	93.326396	0.0	0.0
3.135631	3.201450000	93.345370	0.0	0.0
3.170354	3.237880000	93.364523	0.0	0.0
3.205463	3.274730000	93.383861	0.0	0.0
3.240960	3.312010000	93.403384	0.0	0.0
3.276850	3.349720000	93.423098	0.0	0.0
3.313138	3.387860000	93.443005	0.0	0.0
3.349828	3.426450000	93.463109	0.0	0.0
3.386924	3.465490000	93.483413	0.0	0.0
3.424431	3.504970000	93.503921	0.0	0.0
3.462353	3.544920000	93.524636	0.0	0.0
3.500695	3.585330000	93.545561	0.0	0.0
3.539461	3.626210000	93.566700	0.0	0.0
3.578657	3.667570000	93.588057	0.0	0.0
3.618287	3.709410000	93.609635	0.0	0.0
3.658356	3.751730000	93.631439	0.0	0.0
3.698869	3.794550000	93.653471	0.0	0.0
3.739830	3.837860000	93.675736	0.0	0.0
3.781245	3.881690000	93.698236	0.0	0.0
3.823118	3.926020000	93.720976	0.0	0.0
3.865455	3.970870000	93.743959	0.0	0.0
3.908261	4.016250000	93.767190	0.0	0.0
3.951541	4.062160000	93.790671	0.0	0.0
3.995300	4.108610000	93.814407	0.0	0.0
4.039544	4.155600000	93.838401	0.0	0.0
4.084278	4.203140000	93.862657	0.0	0.0
4.129507	4.251250000	93.887178	0.0	0.0
4.175237	4.299920000	93.911969	0.0	0.0
4.221474	4.349160000	93.937033	0.0	0.0
4.268222	4.398980000	93.962373	0.0	0.0
4.315489	4.449390000	93.987994	0.0	0.0
4.363278	4.500400000	94.013897	0.0	0.0
4.411597	4.552010000	94.040089	0.0	0.0
4.460451	4.604230000	94.066571	0.0	0.0
4.509846	4.657080000	94.093347	0.0	0.0
4.559788	4.710550000	94.120422	0.0	0.0
4.610283	4.764650000	94.147797	0.0	0.0
4.661337	4.819400000	94.175477	0.0	0.0
4.712957	4.874800000	94.203465	0.0	0.0
4.765148	4.930870000	94.231763	0.0	0.0
4.817917	4.987600000	94.260376	0.0	0.0
4.871271	5.045010000	94.289307	0.0	0.0
4.925215	5.103120000	94.318558	0.0	0.0
4.979757	5.161920000	94.348133	0.0	0.0
5.034902	5.221430000	94.378034	0.0	0.0
5.090659	5.281650000	94.408265	0.0	0.0
5.147033	5.342600000	94.438828	0.0	0.0
5.204031	5.404290000	94.469726	0.0	0.0
5.261660	5.466730000	94.500962	0.0	0.0
5.319928	5.529920000	94.532538	0.0	0.0
5.378840	5.593880000	94.564457	0.0	0.0
5.438406	5.658620000	94.596722	0.0	0.0
5.498630	5.724150000	94.629333	0.0	0.0
5.559522	5.790490000	94.662294	0.0	0.0
5.621088	5.857630000	94.695608	0.0	0.0
5.683336	5.925600000	94.729275	0.0	0.0
5.746273	5.994400000	94.763298	0.0	0.0
5.809907	6.064050000	94.797679	0.0	0.0
5.874246	6.134560000	94.832418	0.0	0.0
5.939297	6.205950000	94.867519	0.0	0.0
6.005069	6.278210000	94.902982	0.0	0.0
6.071569	6.351380000	94.938809	0.0	0.0
6.138806	6.425460000	94.975000	0.0	0.0
6.206787	6.500460000	95.011557	0.0	0.0
6.275520	6.576400000	95.048481	0.0	0.0
6.345015	6.653290000	95.085772	0.0	0.0
6.415280	6.731150000	95.123432	0.0	0.0
6.486323	6.809990000	95.161460	0.0	0.0
6.558152	6.889830000	95.199856	0.0	0.0
6.630777	6.970680000	95.238622	0.0	0.0
6.704206	7.052550000	95.277757	0.0	0.0
6.778448	7.135470000	95.317260	0.0	0.0
6.853513	7.219440000	95.357132	0.0	0.0
6.929408	7.304490000	95.397372	0.0	0.0
7.006144	7.390630000	95.437978	0.0	0.0
7.083730	7.477880000	95.478951	0.0	0.0
7.162175	7.566260000	95.520289	0.0	0.0
7.241489	7.655780000	95.561991	0.0	0.0
7.321681	7.746460000	95.604054	0.0	0.0
7.402761	7.838320000	95.646478	0.0	0.0
7.484739	7.931380000	95.689260	0.0	0.0
7.567625	8.025660000	95.732398	0.0	0.0
7.651429	8.121180000	95.775890	0.0	0.0
7.736161	8.217960000	95.819733	0.0	0.0
7.821831	8.316020000	95.863924	0.0	0.0
7.908450	8.415370000	95.908460	0.0	0.0
7.996028	8.516050000	95.953337	0.0	0.0
8.084576	8.618070000	95.998551	0.0	0.0
8.174104	8.721460000	96.044099	0.0	0.0
8.264624	8.826240000	96.089977	0.0	0.0
8.356146	8.932430000	96.136179	0.0	0.0
8.448682	9.040050000	96.182701	0.0	0.0
8.542243	9.149140000	96.229537	0.0	0.0
8.636839	9.259710000	96.276683	0.0	0.0
8.732483	9.371790000	96.324131	0.0	0.0
8.829187	9.485420000	96.371878	0.0	0.0
8.926961	9.600600000	96.419914	0.0	0.0
9.025818	9.717380000	96.468234	0.0	0.0
9.125770	9.835780000	96.516831	0.0	0.0
9.226828	9.955830000	96.565697	0.0	0.0
9.329006	10.077500000	96.614824	0.0	0.0
9.432315	10.201000000	96.664203	0.0	0.0
9.536769	10.326200000	96.713827	0.0	0.0
9.642379	10.453100000	96.763685	0.0	0.0
9.749158	10.581800000	96.813768	0.0	0.0
9.857120	10.712400000	96.864066	0.0	0.0
9.966278	10.844900000	96.914570	0.0	0.0
10.076640	10.979200000	96.965266	0.0	0.0
10.188230	11.115500000	97.016146	0.0	0.0
10.301060	11.253800000	97.067200	0.0	0.0
10.415130	11.394000000	97.118408	0.0	0.0
10.530470	11.536400000	97.169764	0.0	0.0
10.647080	11.680800000	97.221251	0.0	0.0
10.764990	11.827300000	97.272860	0.0	0.0
10.884200	11.976000000	97.324571	0.0	0.0
11.004730	12.126900000	97.376371	0.0	0.0
11.126600	12.280100000	97.428248	0.0	0.0
11.249810	12.435600000	97.480180	0.0	0.0
11.374390	12.593400000	97.532156	0.0	0.0
11.500350	12.753600000	97.584158	0.0	0.0
11.627710	12.916200000	97.636168	0.0	0.0
11.756470	13.081300000	97.688164	0.0	0.0
11.886660	13.249000000	97.740131	0.0	0.0
12.018290	13.419200000	97.792048	0.0	0.0
12.151390	13.592000000	97.843900	0.0	0.0
12.285950	13.767600000	97.895657	0.0	0.0
12.422000	13.945900000	97.947302	0.0	0.0
12.559560	14.127000000	97.998814	0.0	0.0
12.698650	14.310900000	98.050172	0.0	0.0
12.839270	14.497800000	98.101345	0.0	0.0
12.981460	14.687600000	98.152319	0.0	0.0
13.125210	14.880500000	98.203057	0.0	0.0
13.270560	15.076500000	98.253543	0.0	0.0
13.417520	15.275600000	98.303747	0.0	0.0
13.566100	15.478000000	98.353640	0.0	0.0
13.716330	15.683700000	98.403196	0.0	0.0
13.868230	15.892700000	98.452388	0.0	0.0
14.021810	16.105200000	98.501184	0.0	0.0
14.177080	16.321300000	98.549549	0.0	0.0
14.334080	16.540900000	98.597460	0.0	0.0
14.492810	16.764200000	98.644878	0.0	0.0
14.653310	16.991200000	98.691776	0.0	0.0
14.815580	17.222100000	98.738115	0.0	0.0
14.979650	17.456900000	98.783862	0.0	0.0
15.145530	17.695700000	98.828979	0.0	0.0
15.313250	17.938600000	98.873433	0.0	0.0
15.482830	18.185700000	98.917184	0.0	0.0
15.654290	18.437100000	98.960195	0.0	0.0
15.827640	18.692900000	99.002422	0.0	0.0
16.002920	18.953100000	99.043831	0.0	0.0
16.180130	19.218000000	99.084373	0.0	0.0
16.359310	19.487500000	99.124012	0.0	0.0
16.540470	19.761800000	99.162699	0.0	0.0
16.723640	20.041100000	99.200393	0.0	0.0
16.908840	20.325300000	99.237047	0.0	0.0
17.096090	20.614700000	99.272614	0.0	0.0
17.285410	20.909400000	99.307044	0.0	0.0
17.476830	21.209500000	99.340290	0.0	0.0
17.670370	21.515000000	99.372301	0.0	0.0
17.866050	21.826300000	99.403024	0.0	0.0
18.063900	22.143300000	99.432408	0.0	0.0
18.263940	22.466200000	99.460399	0.0	0.0
18.466190	22.795200000	99.486940	0.0	0.0
18.670680	23.130400000	99.511975	0.0	0.0
18.877440	23.472000000	99.535448	0.0	0.0
19.086490	23.820100000	99.557298	0.0	0.0
19.297850	24.174900000	99.577464	0.0	0.0
19.511560	24.536600000	99.595887	0.0	0.0
19.727630	24.905300000	99.612500	0.0	0.0
19.946090	25.281200000	99.627240	0.0	0.0
20.166980	25.664500000	99.640040	0.0	0.0
20.390300	26.055300000	99.650833	0.0	0.0
20.616110	26.453900000	99.659549	0.0	0.0
20.844410	26.860500000	99.666116	0.0	0.0
21.075240	27.275300000	99.670463	0.0	0.0
21.308630	27.698500000	99.672515	0.0	0.0
21.544600	28.130300000	99.672195	0.0	0.0
21.783180	28.570900000	99.669425	0.0	0.0
22.024410	29.020600000	99.664126	0.0	0.0
22.268310	29.479600000	99.656215	0.0	0.0
22.514900	29.948200000	99.645609	0.0	0.0
22.764230	30.426600000	99.632221	0.0	0.0
23.016320	30.915200000	99.615963	0.0	0.0
23.271210	31.414100000	99.596744	0.0	0.0
23.528910	31.923600000	99.574473	0.0	0.0
23.789470	32.444200000	99.549052	0.0	0.0
24.052910	32.976000000	99.520385	0.0	0.0
24.319280	33.519400000	99.488368	0.0	0.0
24.588590	34.074700000	99.452902	0.0	0.0
24.860880	34.642300000	99.413879	0.0	0.0
25.136190	35.222400000	99.371187	0.0	0.0
25.414550	35.815600000	99.324715	0.0	0.0
25.695990	36.422200000	99.274347	0.0	0.0
25.980540	37.042500000	99.219963	0.0	0.0
26.268250	37.676900000	99.161438	0.0	0.0
26.559150	38.326000000	99.098644	0.0	0.0
26.853260	38.990100000	99.031452	0.0	0.0
27.150630	39.669800000	98.959723	0.0	0.0
27.451300	40.365400000	98.883314	0.0	0.0
27.755300	41.077500000	98.802080	0.0	0.0
28.062660	41.806600000	98.715872	0.0	0.0
28.373420	42.553200000	98.624532	0.0	0.0
28.687630	43.317900000	98.527893	0.0	0.0
29.005320	44.101300000	98.425786	0.0	0.0
29.326520	44.904000000	98.318040	0.0	0.0
29.651280	45.726600000	98.204466	0.0	0.0
29.979640	46.569800000	98.084873	0.0	0.0
30.311630	47.434300000	97.959064	0.0	0.0
30.647300	48.320800000	97.826828	0.0	0.0
30.986690	49.230000000	97.687947	0.0	0.0
31.329840	50.162800000	97.542194	0.0	0.0
31.676780	51.119900000	97.389335	0.0	0.0
32.027570	52.102200000	97.229114	0.0	0.0
32.382240	53.110600000	97.061274	0.0	0.0
32.740840	54.146000000	96.885538	0.0	0.0
33.103420	55.209400000	96.701614	0.0	0.0
33.470000	56.301900000	96.509210	0.0	0.0
33.840650	57.424400000	96.307994	0.0	0.0
34.215400	58.578200000	96.097639	0.0	0.0
34.594300	59.764400000	95.877787	0.0	0.0
34.977400	60.984100000	95.648062	0.0	0.0
35.364740	62.238800000	95.408073	0.0	0.0
35.756360	63.529600000	95.157409	0.0	0.0
36.152330	64.858200000	94.895613	0.0	0.0
36.552680	66.225800000	94.622231	0.0	0.0
36.957460	67.634000000	94.336767	0.0	0.0
37.366730	69.084500000	94.038690	0.0	0.0
37.780530	70.578900000	93.727451	0.0	0.0
38.198910	72.119100000	93.402462	0.0	0.0
38.621920	73.706700000	93.063096	0.0	0.0
39.049620	75.343900000	92.708682	0.0	0.0
39.482060	77.032400000	92.338515	0.0	0.0
39.919280	78.774600000	91.951853	0.0	0.0
40.361340	80.572400000	91.547891	0.0	0.0
40.808300	82.428300000	91.125772	0.0	0.0
41.260220	84.344500000	90.684584	0.0	0.0
41.717130	86.323500000	90.223386	0.0	0.0
42.179100	88.367700000	89.741138	0.0	0.0
42.646200	90.479900000	89.236729	0.0	0.0
43.118460	92.662700000	88.709022	0.0	0.0
43.595950	94.918700000	88.156764	0.0	0.0
44.078730	97.250800000	87.578630	0.0	0.0
44.566860	99.661800000	86.973213	0.0	0.0
45.060390	102.155000000	86.339030	0.0	0.0
45.559390	104.732000000	85.674478	0.0	0.0
46.063910	107.396000000	84.977885	0.0	0.0
46.574020	110.151000000	84.247452	0.0	0.0
47.089780	112.998000000	83.481286	0.0	0.0
47.611260	115.940000000	82.677377	0.0	0.0
48.138500	118.978000000	81.833650	0.0	0.0
48.671590	122.114000000	80.947848	0.0	0.0
49.210570	125.326000000	80.017687	0.0	0.0
49.755530	128.513000000	79.040700	0.0	0.0
50.306520	131.336000000	78.014395	0.0	0.0
50.863620	132.996000000	76.936146	0.0	0.0
51.426880	132.073000000	75.803319	0.0	0.0
51.996380	126.705000000	74.613176	0.0	0.0
52.572190	115.292000000	73.362988	0.0	0.0
53.154370	97.536100000	72.050067	0.0	0.0
53.743000	75.179400000	70.671749	0.0	0.0
54.338150	51.732300000	69.225514	0.0	0.0
54.939890	31.111700000	67.709031	0.0	0.0
55.548290	15.967000000	66.120238	0.0	0.0
56.163430	6.791750000	64.457400	0.0	0.0
56.785390	2.302940000	62.719239	0.0	0.0
57.414230	0.588029000	60.905102	0.0	0.0
58.050030	0.103065000	59.014965	0.0	0.0
58.692870	0.010401200	57.049612	0.0	0.0
59.342840	0.000386039	55.010715	0.0	0.0
60.000000	0.000002942	52.901078	0.0	0.0
