# UNCLASSIFIED
#
# Response info for RES IDC broadband site.
#
# Effective: 06 Sep 2007
# Response Created: 24 Jul 2009
# File name: RES.BB.1189114500 
# Inid:  
# Source:  James Neely (TTDE), TSgt Swindle (TTDD)
# System equipment:  Guralp CMG-3T sensor and Canadian GD2 digitizer 
#
# This response file was derived from equations of state.
# 
# Displacement response relative to 1.0 at 1 Hz. 
# The nominal calib value for this configuration follows:
#
# RES BHZ is 0.032005 nm/count at 1 Hz.
# RES BHN is 0.031833 nm/count at 1 Hz.
# RES BHE is 0.031833 nm/count at 1 Hz. 
#
# Freq(Hz)     Amp(counts/nm)   Phase(deg)  Error(amp)  Error(phase)
#
 theoretical   0   instrument   fap
1000
0.001000	0.000014418	260.222790	0.0	0.0
0.001010	0.000014853	260.124450	0.0	0.0
0.001020	0.000015302	260.025106	0.0	0.0
0.001030	0.000015763	259.924746	0.0	0.0
0.001040	0.000016239	259.823360	0.0	0.0
0.001051	0.000016729	259.720925	0.0	0.0
0.001061	0.000017234	259.617442	0.0	0.0
0.001072	0.000017754	259.512898	0.0	0.0
0.001083	0.000018290	259.407274	0.0	0.0
0.001093	0.000018842	259.300567	0.0	0.0
0.001104	0.000019411	259.192766	0.0	0.0
0.001115	0.000019997	259.083851	0.0	0.0
0.001126	0.000020600	258.973809	0.0	0.0
0.001138	0.000021222	258.862641	0.0	0.0
0.001149	0.000021862	258.750323	0.0	0.0
0.001160	0.000022522	258.636845	0.0	0.0
0.001172	0.000023202	258.522195	0.0	0.0
0.001184	0.000023902	258.406362	0.0	0.0
0.001195	0.000024623	258.289324	0.0	0.0
0.001207	0.000025367	258.171080	0.0	0.0
0.001219	0.000026132	258.051617	0.0	0.0
0.001231	0.000026921	257.930904	0.0	0.0
0.001244	0.000027733	257.808950	0.0	0.0
0.001256	0.000028570	257.685722	0.0	0.0
0.001269	0.000029432	257.561218	0.0	0.0
0.001281	0.000030320	257.435417	0.0	0.0
0.001294	0.000031235	257.308316	0.0	0.0
0.001307	0.000032178	257.179884	0.0	0.0
0.001320	0.000033148	257.050117	0.0	0.0
0.001333	0.000034149	256.918995	0.0	0.0
0.001346	0.000035179	256.786504	0.0	0.0
0.001360	0.000036240	256.652623	0.0	0.0
0.001373	0.000037334	256.517348	0.0	0.0
0.001387	0.000038460	256.380658	0.0	0.0
0.001401	0.000039621	256.242539	0.0	0.0
0.001415	0.000040816	256.102969	0.0	0.0
0.001429	0.000042047	255.961935	0.0	0.0
0.001443	0.000043316	255.819424	0.0	0.0
0.001457	0.000044623	255.675414	0.0	0.0
0.001472	0.000045969	255.529881	0.0	0.0
0.001487	0.000047356	255.382823	0.0	0.0
0.001501	0.000048784	255.234215	0.0	0.0
0.001516	0.000050256	255.084035	0.0	0.0
0.001532	0.000051772	254.932269	0.0	0.0
0.001547	0.000053333	254.778904	0.0	0.0
0.001562	0.000054942	254.623915	0.0	0.0
0.001578	0.000056599	254.467281	0.0	0.0
0.001593	0.000058306	254.308985	0.0	0.0
0.001609	0.000060064	254.149005	0.0	0.0
0.001625	0.000061876	253.987337	0.0	0.0
0.001642	0.000063742	253.823935	0.0	0.0
0.001658	0.000065664	253.658797	0.0	0.0
0.001674	0.000067644	253.491907	0.0	0.0
0.001691	0.000069684	253.323221	0.0	0.0
0.001708	0.000071785	253.152744	0.0	0.0
0.001725	0.000073949	252.980442	0.0	0.0
0.001742	0.000076179	252.806289	0.0	0.0
0.001760	0.000078475	252.630270	0.0	0.0
0.001777	0.000080841	252.452360	0.0	0.0
0.001795	0.000083278	252.272533	0.0	0.0
0.001813	0.000085788	252.090775	0.0	0.0
0.001831	0.000088373	251.907059	0.0	0.0
0.001849	0.000091037	251.721359	0.0	0.0
0.001867	0.000093780	251.533650	0.0	0.0
0.001886	0.000096606	251.343914	0.0	0.0
0.001905	0.000099517	251.152117	0.0	0.0
0.001924	0.000102516	250.958250	0.0	0.0
0.001943	0.000105604	250.762268	0.0	0.0
0.001962	0.000108786	250.564154	0.0	0.0
0.001982	0.000112063	250.363879	0.0	0.0
0.002002	0.000115438	250.161428	0.0	0.0
0.002022	0.000118915	249.956753	0.0	0.0
0.002042	0.000122496	249.749855	0.0	0.0
0.002062	0.000126184	249.540678	0.0	0.0
0.002083	0.000129984	249.329212	0.0	0.0
0.002103	0.000133897	249.115420	0.0	0.0
0.002124	0.000137927	248.899283	0.0	0.0
0.002145	0.000142079	248.680751	0.0	0.0
0.002167	0.000146355	248.459818	0.0	0.0
0.002188	0.000150759	248.236443	0.0	0.0
0.002210	0.000155295	248.010596	0.0	0.0
0.002232	0.000159967	247.782248	0.0	0.0
0.002254	0.000164779	247.551359	0.0	0.0
0.002277	0.000169735	247.317910	0.0	0.0
0.002300	0.000174839	247.081858	0.0	0.0
0.002322	0.000180095	246.843175	0.0	0.0
0.002346	0.000185509	246.601829	0.0	0.0
0.002369	0.000191085	246.357778	0.0	0.0
0.002393	0.000196827	246.110992	0.0	0.0
0.002416	0.000202741	245.861448	0.0	0.0
0.002441	0.000208832	245.609085	0.0	0.0
0.002465	0.000215104	245.353891	0.0	0.0
0.002489	0.000221563	245.095823	0.0	0.0
0.002514	0.000228215	244.834838	0.0	0.0
0.002539	0.000235065	244.570903	0.0	0.0
0.002565	0.000242119	244.303974	0.0	0.0
0.002590	0.000249382	244.034030	0.0	0.0
0.002616	0.000256862	243.761014	0.0	0.0
0.002642	0.000264565	243.484893	0.0	0.0
0.002668	0.000272496	243.205623	0.0	0.0
0.002695	0.000280662	242.923169	0.0	0.0
0.002722	0.000289071	242.637485	0.0	0.0
0.002749	0.000297730	242.348527	0.0	0.0
0.002776	0.000306644	242.056268	0.0	0.0
0.002804	0.000315823	241.760643	0.0	0.0
0.002832	0.000325274	241.461626	0.0	0.0
0.002860	0.000335003	241.159170	0.0	0.0
0.002888	0.000345020	240.853229	0.0	0.0
0.002917	0.000355333	240.543754	0.0	0.0
0.002946	0.000365949	240.230700	0.0	0.0
0.002976	0.000376878	239.914017	0.0	0.0
0.003005	0.000388129	239.593681	0.0	0.0
0.003035	0.000399711	239.269609	0.0	0.0
0.003066	0.000411633	238.941787	0.0	0.0
0.003096	0.000423904	238.610143	0.0	0.0
0.003127	0.000436535	238.274641	0.0	0.0
0.003158	0.000449535	237.935231	0.0	0.0
0.003190	0.000462916	237.591853	0.0	0.0
0.003221	0.000476687	237.244469	0.0	0.0
0.003253	0.000490859	236.893018	0.0	0.0
0.003286	0.000505444	236.537461	0.0	0.0
0.003319	0.000520453	236.177728	0.0	0.0
0.003352	0.000535897	235.813791	0.0	0.0
0.003385	0.000551789	235.445577	0.0	0.0
0.003419	0.000568141	235.073036	0.0	0.0
0.003453	0.000584965	234.696131	0.0	0.0
0.003487	0.000602274	234.314789	0.0	0.0
0.003522	0.000620080	233.928961	0.0	0.0
0.003557	0.000638398	233.538607	0.0	0.0
0.003592	0.000657242	233.143645	0.0	0.0
0.003628	0.000676624	232.744049	0.0	0.0
0.003664	0.000696560	232.339746	0.0	0.0
0.003701	0.000717063	231.930687	0.0	0.0
0.003738	0.000738149	231.516825	0.0	0.0
0.003775	0.000759832	231.098089	0.0	0.0
0.003813	0.000782128	230.674430	0.0	0.0
0.003851	0.000805054	230.245790	0.0	0.0
0.003889	0.000828624	229.812123	0.0	0.0
0.003928	0.000852855	229.373359	0.0	0.0
0.003967	0.000877763	228.929465	0.0	0.0
0.004006	0.000903366	228.480372	0.0	0.0
0.004046	0.000929681	228.026026	0.0	0.0
0.004087	0.000956724	227.566372	0.0	0.0
0.004127	0.000984514	227.101367	0.0	0.0
0.004168	0.001013070	226.630960	0.0	0.0
0.004210	0.001042410	226.155076	0.0	0.0
0.004252	0.001072540	225.673688	0.0	0.0
0.004294	0.001103500	225.186735	0.0	0.0
0.004337	0.001135300	224.694170	0.0	0.0
0.004380	0.001167950	224.195947	0.0	0.0
0.004424	0.001201480	223.692011	0.0	0.0
0.004468	0.001235910	223.182318	0.0	0.0
0.004512	0.001271250	222.666841	0.0	0.0
0.004557	0.001307530	222.145517	0.0	0.0
0.004603	0.001344760	221.618311	0.0	0.0
0.004649	0.001382970	221.085187	0.0	0.0
0.004695	0.001422180	220.546104	0.0	0.0
0.004742	0.001462400	220.001020	0.0	0.0
0.004789	0.001503650	219.449909	0.0	0.0
0.004837	0.001545970	218.892749	0.0	0.0
0.004885	0.001589350	218.329506	0.0	0.0
0.004934	0.001633840	217.760142	0.0	0.0
0.004983	0.001679440	217.184654	0.0	0.0
0.005032	0.001726170	216.603009	0.0	0.0
0.005082	0.001774070	216.015190	0.0	0.0
0.005133	0.001823130	215.421193	0.0	0.0
0.005184	0.001873400	214.820998	0.0	0.0
0.005236	0.001924870	214.214611	0.0	0.0
0.005288	0.001977580	213.602020	0.0	0.0
0.005341	0.002031540	212.983240	0.0	0.0
0.005394	0.002086770	212.358268	0.0	0.0
0.005448	0.002143290	211.727118	0.0	0.0
0.005502	0.002201110	211.089797	0.0	0.0
0.005557	0.002260250	210.446330	0.0	0.0
0.005612	0.002320730	209.796760	0.0	0.0
0.005668	0.002382560	209.141098	0.0	0.0
0.005725	0.002445760	208.479387	0.0	0.0
0.005782	0.002510340	207.811663	0.0	0.0
0.005839	0.002576320	207.137981	0.0	0.0
0.005897	0.002643700	206.458402	0.0	0.0
0.005956	0.002712510	205.772959	0.0	0.0
0.006015	0.002782740	205.081750	0.0	0.0
0.006075	0.002854420	204.384822	0.0	0.0
0.006136	0.002927550	203.682262	0.0	0.0
0.006197	0.003002130	202.974157	0.0	0.0
0.006259	0.003078180	202.260596	0.0	0.0
0.006321	0.003155710	201.541679	0.0	0.0
0.006384	0.003234710	200.817512	0.0	0.0
0.006448	0.003315190	200.088198	0.0	0.0
0.006512	0.003397150	199.353869	0.0	0.0
0.006577	0.003480600	198.614642	0.0	0.0
0.006642	0.003565530	197.870643	0.0	0.0
0.006708	0.003651950	197.122027	0.0	0.0
0.006775	0.003739840	196.368923	0.0	0.0
0.006843	0.003829220	195.611500	0.0	0.0
0.006911	0.003920070	194.849902	0.0	0.0
0.006980	0.004012380	194.084302	0.0	0.0
0.007049	0.004106160	193.314869	0.0	0.0
0.007120	0.004201380	192.541779	0.0	0.0
0.007191	0.004298050	191.765215	0.0	0.0
0.007262	0.004396150	190.985376	0.0	0.0
0.007335	0.004495670	190.202447	0.0	0.0
0.007408	0.004596590	189.416630	0.0	0.0
0.007481	0.004698900	188.628143	0.0	0.0
0.007556	0.004802590	187.837176	0.0	0.0
0.007631	0.004907640	187.043947	0.0	0.0
0.007707	0.005014020	186.248690	0.0	0.0
0.007784	0.005121730	185.451609	0.0	0.0
0.007862	0.005230750	184.652937	0.0	0.0
0.007940	0.005341050	183.852896	0.0	0.0
0.008019	0.005452620	183.051726	0.0	0.0
0.008099	0.005565430	182.249656	0.0	0.0
0.008180	0.005679450	181.446919	0.0	0.0
0.008261	0.005794680	180.643760	0.0	0.0
0.008343	0.005911080	179.840395	0.0	0.0
0.008426	0.006028640	179.037082	0.0	0.0
0.008510	0.006147330	178.234040	0.0	0.0
0.008595	0.006267120	177.431517	0.0	0.0
0.008681	0.006388000	176.629741	0.0	0.0
0.008767	0.006509940	175.828951	0.0	0.0
0.008855	0.006632910	175.029383	0.0	0.0
0.008943	0.006756900	174.231253	0.0	0.0
0.009032	0.006881890	173.434795	0.0	0.0
0.009122	0.007007840	172.640240	0.0	0.0
0.009213	0.007134740	171.847798	0.0	0.0
0.009305	0.007262570	171.057694	0.0	0.0
0.009397	0.007391310	170.270140	0.0	0.0
0.009491	0.007520930	169.485337	0.0	0.0
0.009586	0.007651410	168.703491	0.0	0.0
0.009681	0.007782750	167.924801	0.0	0.0
0.009777	0.007914930	167.149465	0.0	0.0
0.009875	0.008047910	166.377665	0.0	0.0
0.009973	0.008181690	165.609579	0.0	0.0
0.010073	0.008316260	164.845358	0.0	0.0
0.010173	0.008451600	164.085238	0.0	0.0
0.010274	0.008587700	163.329342	0.0	0.0
0.010377	0.008724550	162.577827	0.0	0.0
0.010480	0.008862130	161.830843	0.0	0.0
0.010584	0.009000440	161.088534	0.0	0.0
0.010690	0.009139460	160.351038	0.0	0.0
0.010796	0.009279200	159.618488	0.0	0.0
0.010904	0.009419650	158.891009	0.0	0.0
0.011013	0.009560800	158.168721	0.0	0.0
0.011122	0.009702650	157.451671	0.0	0.0
0.011233	0.009845190	156.740033	0.0	0.0
0.011345	0.009988430	156.033908	0.0	0.0
0.011458	0.010132400	155.333327	0.0	0.0
0.011572	0.010277000	154.638442	0.0	0.0
0.011688	0.010422300	153.949275	0.0	0.0
0.011804	0.010568300	153.265904	0.0	0.0
0.011922	0.010715100	152.588401	0.0	0.0
0.012040	0.010862500	151.916832	0.0	0.0
0.012160	0.011010700	151.251201	0.0	0.0
0.012281	0.011159600	150.591621	0.0	0.0
0.012404	0.011309200	149.938139	0.0	0.0
0.012527	0.011459500	149.290693	0.0	0.0
0.012652	0.011610600	148.649431	0.0	0.0
0.012778	0.011762500	148.014282	0.0	0.0
0.012906	0.011915100	147.385279	0.0	0.0
0.013034	0.012068600	146.762499	0.0	0.0
0.013164	0.012222800	146.145866	0.0	0.0
0.013295	0.012377800	145.535447	0.0	0.0
0.013428	0.012533700	144.931255	0.0	0.0
0.013561	0.012690400	144.333209	0.0	0.0
0.013696	0.012848000	143.741363	0.0	0.0
0.013833	0.013006400	143.155718	0.0	0.0
0.013971	0.013165800	142.576232	0.0	0.0
0.014110	0.013326000	142.002860	0.0	0.0
0.014250	0.013487200	141.435639	0.0	0.0
0.014392	0.013649300	140.874479	0.0	0.0
0.014536	0.013812300	140.319449	0.0	0.0
0.014681	0.013976400	139.770418	0.0	0.0
0.014827	0.014141500	139.227410	0.0	0.0
0.014975	0.014307600	138.690370	0.0	0.0
0.015124	0.014474700	138.159313	0.0	0.0
0.015275	0.014642900	137.634112	0.0	0.0
0.015427	0.014812200	137.114813	0.0	0.0
0.015580	0.014982600	136.601323	0.0	0.0
0.015736	0.015154100	136.093583	0.0	0.0
0.015892	0.015326700	135.591597	0.0	0.0
0.016051	0.015500600	135.095305	0.0	0.0
0.016211	0.015675600	134.604645	0.0	0.0
0.016372	0.015851900	134.119586	0.0	0.0
0.016535	0.016029400	133.640065	0.0	0.0
0.016700	0.016208100	133.166050	0.0	0.0
0.016866	0.016388200	132.697449	0.0	0.0
0.017034	0.016569500	132.234257	0.0	0.0
0.017204	0.016752200	131.776384	0.0	0.0
0.017375	0.016936200	131.323794	0.0	0.0
0.017549	0.017121700	130.876425	0.0	0.0
0.017723	0.017308500	130.434242	0.0	0.0
0.017900	0.017496700	129.997182	0.0	0.0
0.018078	0.017686500	129.565184	0.0	0.0
0.018258	0.017877600	129.138187	0.0	0.0
0.018440	0.018070300	128.716131	0.0	0.0
0.018624	0.018264500	128.299002	0.0	0.0
0.018810	0.018460300	127.886695	0.0	0.0
0.018997	0.018657700	127.479195	0.0	0.0
0.019186	0.018856600	127.076421	0.0	0.0
0.019377	0.019057200	126.678316	0.0	0.0
0.019570	0.019259400	126.284844	0.0	0.0
0.019765	0.019463300	125.895947	0.0	0.0
0.019962	0.019668900	125.511549	0.0	0.0
0.020161	0.019876200	125.131616	0.0	0.0
0.020362	0.020085300	124.756091	0.0	0.0
0.020565	0.020296100	124.384921	0.0	0.0
0.020770	0.020508800	124.018052	0.0	0.0
0.020977	0.020723200	123.655415	0.0	0.0
0.021186	0.020939600	123.296992	0.0	0.0
0.021397	0.021157800	122.942699	0.0	0.0
0.021610	0.021377900	122.592501	0.0	0.0
0.021825	0.021599900	122.246348	0.0	0.0
0.022043	0.021823900	121.904177	0.0	0.0
0.022262	0.022049900	121.565940	0.0	0.0
0.022484	0.022277900	121.231604	0.0	0.0
0.022708	0.022507900	120.901107	0.0	0.0
0.022934	0.022740000	120.574390	0.0	0.0
0.023163	0.022974200	120.251437	0.0	0.0
0.023394	0.023210500	119.932160	0.0	0.0
0.023627	0.023449000	119.616545	0.0	0.0
0.023862	0.023689600	119.304521	0.0	0.0
0.024100	0.023932400	118.996061	0.0	0.0
0.024340	0.024177400	118.691122	0.0	0.0
0.024582	0.024424700	118.389627	0.0	0.0
0.024827	0.024674300	118.091574	0.0	0.0
0.025075	0.024926200	117.796886	0.0	0.0
0.025324	0.025180400	117.505538	0.0	0.0
0.025577	0.025437000	117.217481	0.0	0.0
0.025832	0.025696000	116.932678	0.0	0.0
0.026089	0.025957400	116.651082	0.0	0.0
0.026349	0.026221200	116.372647	0.0	0.0
0.026611	0.026487500	116.097349	0.0	0.0
0.026876	0.026756400	115.825133	0.0	0.0
0.027144	0.027027700	115.555957	0.0	0.0
0.027415	0.027301700	115.289796	0.0	0.0
0.027688	0.027578200	115.026611	0.0	0.0
0.027964	0.027857300	114.766359	0.0	0.0
0.028242	0.028139100	114.508991	0.0	0.0
0.028524	0.028423600	114.254496	0.0	0.0
0.028808	0.028710800	114.002809	0.0	0.0
0.029095	0.029000800	113.753918	0.0	0.0
0.029385	0.029293500	113.507778	0.0	0.0
0.029677	0.029589000	113.264353	0.0	0.0
0.029973	0.029887400	113.023607	0.0	0.0
0.030272	0.030188600	112.785515	0.0	0.0
0.030573	0.030492800	112.550034	0.0	0.0
0.030878	0.030799800	112.317139	0.0	0.0
0.031185	0.031109900	112.086798	0.0	0.0
0.031496	0.031422900	111.858972	0.0	0.0
0.031810	0.031739000	111.633629	0.0	0.0
0.032127	0.032058100	111.410746	0.0	0.0
0.032447	0.032380300	111.190287	0.0	0.0
0.032770	0.032705700	110.972222	0.0	0.0
0.033097	0.033034100	110.756524	0.0	0.0
0.033426	0.033365800	110.543164	0.0	0.0
0.033759	0.033700800	110.332108	0.0	0.0
0.034096	0.034039000	110.123336	0.0	0.0
0.034435	0.034380400	109.916811	0.0	0.0
0.034778	0.034725300	109.712511	0.0	0.0
0.035125	0.035073500	109.510412	0.0	0.0
0.035475	0.035425100	109.310479	0.0	0.0
0.035828	0.035780100	109.112686	0.0	0.0
0.036185	0.036138600	108.917017	0.0	0.0
0.036546	0.036500600	108.723433	0.0	0.0
0.036910	0.036866200	108.531920	0.0	0.0
0.037278	0.037235400	108.342448	0.0	0.0
0.037649	0.037608200	108.154989	0.0	0.0
0.038024	0.037984600	107.969527	0.0	0.0
0.038403	0.038364700	107.786028	0.0	0.0
0.038785	0.038748600	107.604480	0.0	0.0
0.039172	0.039136300	107.424850	0.0	0.0
0.039562	0.039527800	107.247120	0.0	0.0
0.039956	0.039923100	107.071269	0.0	0.0
0.040354	0.040322300	106.897270	0.0	0.0
0.040756	0.040725400	106.725102	0.0	0.0
0.041162	0.041132600	106.554743	0.0	0.0
0.041572	0.041543700	106.386179	0.0	0.0
0.041987	0.041958900	106.219377	0.0	0.0
0.042405	0.042378200	106.054326	0.0	0.0
0.042827	0.042801600	105.891000	0.0	0.0
0.043254	0.043229200	105.729384	0.0	0.0
0.043685	0.043661100	105.569451	0.0	0.0
0.044120	0.044097200	105.411187	0.0	0.0
0.044560	0.044537600	105.254569	0.0	0.0
0.045004	0.044982400	105.099580	0.0	0.0
0.045452	0.045431600	104.946201	0.0	0.0
0.045905	0.045885200	104.794416	0.0	0.0
0.046362	0.046343300	104.644201	0.0	0.0
0.046824	0.046806000	104.495543	0.0	0.0
0.047291	0.047273200	104.348419	0.0	0.0
0.047762	0.047745100	104.202817	0.0	0.0
0.048238	0.048221600	104.058715	0.0	0.0
0.048718	0.048702900	103.916101	0.0	0.0
0.049204	0.049188900	103.774951	0.0	0.0
0.049694	0.049679800	103.635254	0.0	0.0
0.050189	0.050175500	103.496993	0.0	0.0
0.050689	0.050676100	103.360148	0.0	0.0
0.051194	0.051181700	103.224706	0.0	0.0
0.051704	0.051692300	103.090651	0.0	0.0
0.052219	0.052208000	102.957967	0.0	0.0
0.052739	0.052728800	102.826640	0.0	0.0
0.053265	0.053254700	102.696650	0.0	0.0
0.053795	0.053785900	102.567988	0.0	0.0
0.054331	0.054322400	102.440634	0.0	0.0
0.054873	0.054864200	102.314579	0.0	0.0
0.055419	0.055411300	102.189804	0.0	0.0
0.055971	0.055963900	102.066294	0.0	0.0
0.056529	0.056522000	101.944040	0.0	0.0
0.057092	0.057085600	101.823024	0.0	0.0
0.057661	0.057654900	101.703232	0.0	0.0
0.058235	0.058229800	101.584652	0.0	0.0
0.058816	0.058810400	101.467271	0.0	0.0
0.059402	0.059396800	101.351075	0.0	0.0
0.059993	0.059989000	101.236051	0.0	0.0
0.060591	0.060587000	101.122185	0.0	0.0
0.061195	0.061191100	101.009466	0.0	0.0
0.061804	0.061801100	100.897882	0.0	0.0
0.062420	0.062417200	100.787417	0.0	0.0
0.063042	0.063039500	100.678061	0.0	0.0
0.063670	0.063667900	100.569802	0.0	0.0
0.064304	0.064302500	100.462630	0.0	0.0
0.064945	0.064943500	100.356528	0.0	0.0
0.065592	0.065590900	100.251489	0.0	0.0
0.066246	0.066244700	100.147499	0.0	0.0
0.066906	0.066905000	100.044547	0.0	0.0
0.067572	0.067571800	99.942622	0.0	0.0
0.068245	0.068245300	99.841714	0.0	0.0
0.068925	0.068925600	99.741811	0.0	0.0
0.069612	0.069612500	99.642899	0.0	0.0
0.070305	0.070306300	99.544972	0.0	0.0
0.071006	0.071007100	99.448018	0.0	0.0
0.071713	0.071714700	99.352025	0.0	0.0
0.072428	0.072429500	99.256983	0.0	0.0
0.073149	0.073151300	99.162884	0.0	0.0
0.073878	0.073880300	99.069714	0.0	0.0
0.074614	0.074616600	98.977467	0.0	0.0
0.075357	0.075360200	98.886130	0.0	0.0
0.076108	0.076111200	98.795694	0.0	0.0
0.076866	0.076869700	98.706150	0.0	0.0
0.077632	0.077635800	98.617488	0.0	0.0
0.078406	0.078409400	98.529699	0.0	0.0
0.079187	0.079190800	98.442772	0.0	0.0
0.079976	0.079979900	98.356701	0.0	0.0
0.080773	0.080776900	98.271474	0.0	0.0
0.081577	0.081581900	98.187081	0.0	0.0
0.082390	0.082394800	98.103516	0.0	0.0
0.083211	0.083215800	98.020770	0.0	0.0
0.084040	0.084045100	97.938832	0.0	0.0
0.084877	0.084882600	97.857695	0.0	0.0
0.085723	0.085728400	97.777349	0.0	0.0
0.086577	0.086582600	97.697787	0.0	0.0
0.087439	0.087445300	97.619000	0.0	0.0
0.088310	0.088316600	97.540980	0.0	0.0
0.089190	0.089196700	97.463719	0.0	0.0
0.090079	0.090085400	97.387208	0.0	0.0
0.090976	0.090983000	97.311440	0.0	0.0
0.091883	0.091889600	97.236406	0.0	0.0
0.092798	0.092805200	97.162099	0.0	0.0
0.093722	0.093729900	97.088510	0.0	0.0
0.094656	0.094663800	97.015633	0.0	0.0
0.095599	0.095607000	96.943461	0.0	0.0
0.096552	0.096559700	96.871983	0.0	0.0
0.097514	0.097521800	96.801196	0.0	0.0
0.098485	0.098493500	96.731089	0.0	0.0
0.099466	0.099474800	96.661657	0.0	0.0
0.100457	0.100466000	96.592889	0.0	0.0
0.101458	0.101467000	96.524785	0.0	0.0
0.102469	0.102478000	96.457332	0.0	0.0
0.103490	0.103499000	96.390523	0.0	0.0
0.104521	0.104530000	96.324358	0.0	0.0
0.105562	0.105572000	96.258823	0.0	0.0
0.106614	0.106623000	96.193911	0.0	0.0
0.107676	0.107686000	96.129624	0.0	0.0
0.108749	0.108759000	96.065941	0.0	0.0
0.109832	0.109842000	96.002869	0.0	0.0
0.110926	0.110937000	95.940395	0.0	0.0
0.112031	0.112042000	95.878509	0.0	0.0
0.113148	0.113158000	95.817215	0.0	0.0
0.114275	0.114286000	95.756497	0.0	0.0
0.115413	0.115424000	95.696360	0.0	0.0
0.116563	0.116574000	95.636782	0.0	0.0
0.117724	0.117736000	95.577774	0.0	0.0
0.118897	0.118909000	95.519315	0.0	0.0
0.120082	0.120094000	95.461409	0.0	0.0
0.121278	0.121290000	95.404043	0.0	0.0
0.122486	0.122499000	95.347220	0.0	0.0
0.123707	0.123719000	95.290926	0.0	0.0
0.124939	0.124952000	95.235157	0.0	0.0
0.126184	0.126197000	95.179912	0.0	0.0
0.127441	0.127454000	95.125183	0.0	0.0
0.128711	0.128724000	95.070959	0.0	0.0
0.129993	0.130006000	95.017242	0.0	0.0
0.131288	0.131301000	94.964022	0.0	0.0
0.132596	0.132610000	94.911296	0.0	0.0
0.133917	0.133931000	94.859059	0.0	0.0
0.135251	0.135265000	94.807303	0.0	0.0
0.136599	0.136613000	94.756028	0.0	0.0
0.137960	0.137974000	94.705222	0.0	0.0
0.139334	0.139348000	94.654881	0.0	0.0
0.140722	0.140737000	94.605006	0.0	0.0
0.142124	0.142139000	94.555586	0.0	0.0
0.143540	0.143555000	94.506619	0.0	0.0
0.144970	0.144985000	94.458097	0.0	0.0
0.146414	0.146430000	94.410018	0.0	0.0
0.147873	0.147888000	94.362380	0.0	0.0
0.149346	0.149362000	94.315168	0.0	0.0
0.150834	0.150850000	94.268390	0.0	0.0
0.152337	0.152353000	94.222029	0.0	0.0
0.153855	0.153871000	94.176089	0.0	0.0
0.155387	0.155404000	94.130564	0.0	0.0
0.156935	0.156952000	94.085449	0.0	0.0
0.158499	0.158516000	94.040737	0.0	0.0
0.160078	0.160095000	93.996425	0.0	0.0
0.161673	0.161690000	93.952509	0.0	0.0
0.163284	0.163301000	93.908984	0.0	0.0
0.164910	0.164928000	93.865845	0.0	0.0
0.166553	0.166571000	93.823091	0.0	0.0
0.168213	0.168230000	93.780715	0.0	0.0
0.169888	0.169906000	93.738711	0.0	0.0
0.171581	0.171599000	93.697079	0.0	0.0
0.173290	0.173309000	93.655813	0.0	0.0
0.175017	0.175035000	93.614906	0.0	0.0
0.176760	0.176779000	93.574359	0.0	0.0
0.178521	0.178540000	93.534165	0.0	0.0
0.180300	0.180319000	93.494319	0.0	0.0
0.182096	0.182116000	93.454819	0.0	0.0
0.183910	0.183930000	93.415663	0.0	0.0
0.185743	0.185762000	93.376841	0.0	0.0
0.187593	0.187613000	93.338355	0.0	0.0
0.189462	0.189482000	93.300199	0.0	0.0
0.191350	0.191370000	93.262368	0.0	0.0
0.193256	0.193277000	93.224861	0.0	0.0
0.195181	0.195202000	93.187671	0.0	0.0
0.197126	0.197147000	93.150797	0.0	0.0
0.199090	0.199111000	93.114234	0.0	0.0
0.201073	0.201095000	93.077978	0.0	0.0
0.203077	0.203098000	93.042027	0.0	0.0
0.205100	0.205121000	93.006375	0.0	0.0
0.207143	0.207165000	92.971020	0.0	0.0
0.209207	0.209229000	92.935959	0.0	0.0
0.211291	0.211313000	92.901189	0.0	0.0
0.213396	0.213419000	92.866703	0.0	0.0
0.215522	0.215545000	92.832502	0.0	0.0
0.217669	0.217692000	92.798579	0.0	0.0
0.219838	0.219861000	92.764935	0.0	0.0
0.222028	0.222051000	92.731561	0.0	0.0
0.224240	0.224264000	92.698458	0.0	0.0
0.226474	0.226498000	92.665621	0.0	0.0
0.228730	0.228754000	92.633047	0.0	0.0
0.231009	0.231033000	92.600732	0.0	0.0
0.233311	0.233335000	92.568674	0.0	0.0
0.235635	0.235660000	92.536870	0.0	0.0
0.237983	0.238007000	92.505317	0.0	0.0
0.240354	0.240379000	92.474009	0.0	0.0
0.242748	0.242773000	92.442946	0.0	0.0
0.245167	0.245192000	92.412124	0.0	0.0
0.247609	0.247635000	92.381540	0.0	0.0
0.250076	0.250102000	92.351190	0.0	0.0
0.252567	0.252594000	92.321073	0.0	0.0
0.255084	0.255110000	92.291185	0.0	0.0
0.257625	0.257652000	92.261522	0.0	0.0
0.260192	0.260219000	92.232083	0.0	0.0
0.262784	0.262811000	92.202863	0.0	0.0
0.265402	0.265429000	92.173860	0.0	0.0
0.268046	0.268074000	92.145072	0.0	0.0
0.270716	0.270744000	92.116496	0.0	0.0
0.273413	0.273442000	92.088127	0.0	0.0
0.276137	0.276166000	92.059966	0.0	0.0
0.278888	0.278917000	92.032006	0.0	0.0
0.281667	0.281696000	92.004247	0.0	0.0
0.284473	0.284502000	91.976685	0.0	0.0
0.287307	0.287337000	91.949319	0.0	0.0
0.290170	0.290199000	91.922144	0.0	0.0
0.293060	0.293090000	91.895159	0.0	0.0
0.295980	0.296010000	91.868360	0.0	0.0
0.298929	0.298959000	91.841747	0.0	0.0
0.301907	0.301938000	91.815313	0.0	0.0
0.304915	0.304946000	91.789059	0.0	0.0
0.307953	0.307984000	91.762981	0.0	0.0
0.311021	0.311052000	91.737077	0.0	0.0
0.314119	0.314151000	91.711344	0.0	0.0
0.317249	0.317281000	91.685780	0.0	0.0
0.320409	0.320442000	91.660382	0.0	0.0
0.323602	0.323634000	91.635147	0.0	0.0
0.326825	0.326858000	91.610073	0.0	0.0
0.330082	0.330114000	91.585158	0.0	0.0
0.333370	0.333403000	91.560399	0.0	0.0
0.336691	0.336725000	91.535793	0.0	0.0
0.340046	0.340079000	91.511339	0.0	0.0
0.343433	0.343467000	91.487034	0.0	0.0
0.346855	0.346889000	91.462875	0.0	0.0
0.350311	0.350345000	91.438861	0.0	0.0
0.353801	0.353835000	91.414987	0.0	0.0
0.357325	0.357360000	91.391254	0.0	0.0
0.360885	0.360920000	91.367657	0.0	0.0
0.364481	0.364516000	91.344195	0.0	0.0
0.368112	0.368147000	91.320865	0.0	0.0
0.371779	0.371815000	91.297666	0.0	0.0
0.375483	0.375519000	91.274594	0.0	0.0
0.379224	0.379260000	91.251648	0.0	0.0
0.383002	0.383039000	91.228824	0.0	0.0
0.386818	0.386855000	91.206122	0.0	0.0
0.390672	0.390708000	91.183539	0.0	0.0
0.394564	0.394601000	91.161072	0.0	0.0
0.398495	0.398532000	91.138719	0.0	0.0
0.402465	0.402502000	91.116479	0.0	0.0
0.406474	0.406512000	91.094348	0.0	0.0
0.410524	0.410562000	91.072325	0.0	0.0
0.414614	0.414652000	91.050408	0.0	0.0
0.418745	0.418783000	91.028594	0.0	0.0
0.422916	0.422955000	91.006882	0.0	0.0
0.427130	0.427169000	90.985268	0.0	0.0
0.431385	0.431424000	90.963752	0.0	0.0
0.435683	0.435722000	90.942330	0.0	0.0
0.440024	0.440063000	90.921001	0.0	0.0
0.444407	0.444447000	90.899763	0.0	0.0
0.448835	0.448875000	90.878613	0.0	0.0
0.453307	0.453346000	90.857550	0.0	0.0
0.457823	0.457863000	90.836571	0.0	0.0
0.462384	0.462424000	90.815675	0.0	0.0
0.466990	0.467031000	90.794859	0.0	0.0
0.471643	0.471684000	90.774121	0.0	0.0
0.476342	0.476383000	90.753459	0.0	0.0
0.481087	0.481128000	90.732872	0.0	0.0
0.485880	0.485922000	90.712356	0.0	0.0
0.490721	0.490763000	90.691911	0.0	0.0
0.495610	0.495652000	90.671534	0.0	0.0
0.500547	0.500589000	90.651223	0.0	0.0
0.505534	0.505576000	90.630976	0.0	0.0
0.510571	0.510613000	90.610791	0.0	0.0
0.515657	0.515700000	90.590667	0.0	0.0
0.520795	0.520837000	90.570600	0.0	0.0
0.525983	0.526026000	90.550590	0.0	0.0
0.531224	0.531266000	90.530633	0.0	0.0
0.536516	0.536558000	90.510729	0.0	0.0
0.541861	0.541904000	90.490876	0.0	0.0
0.547260	0.547302000	90.471070	0.0	0.0
0.552712	0.552754000	90.451312	0.0	0.0
0.558218	0.558261000	90.431597	0.0	0.0
0.563780	0.563822000	90.411925	0.0	0.0
0.569396	0.569439000	90.392293	0.0	0.0
0.575069	0.575112000	90.372700	0.0	0.0
0.580798	0.580841000	90.353144	0.0	0.0
0.586585	0.586627000	90.333623	0.0	0.0
0.592429	0.592471000	90.314134	0.0	0.0
0.598331	0.598373000	90.294677	0.0	0.0
0.604292	0.604334000	90.275248	0.0	0.0
0.610312	0.610355000	90.255847	0.0	0.0
0.616392	0.616435000	90.236471	0.0	0.0
0.622533	0.622576000	90.217117	0.0	0.0
0.628736	0.628778000	90.197786	0.0	0.0
0.634999	0.635042000	90.178474	0.0	0.0
0.641326	0.641368000	90.159179	0.0	0.0
0.647715	0.647757000	90.139901	0.0	0.0
0.654168	0.654209000	90.120636	0.0	0.0
0.660685	0.660727000	90.101383	0.0	0.0
0.667268	0.667309000	90.082140	0.0	0.0
0.673915	0.673956000	90.062905	0.0	0.0
0.680629	0.680670000	90.043676	0.0	0.0
0.687410	0.687450000	90.024452	0.0	0.0
0.694259	0.694299000	90.005230	0.0	0.0
0.701175	0.701215000	89.986008	0.0	0.0
0.708161	0.708200000	89.966786	0.0	0.0
0.715216	0.715255000	89.947560	0.0	0.0
0.722342	0.722380000	89.928329	0.0	0.0
0.729538	0.729576000	89.909091	0.0	0.0
0.736806	0.736843000	89.889844	0.0	0.0
0.744147	0.744184000	89.870586	0.0	0.0
0.751561	0.751597000	89.851316	0.0	0.0
0.759048	0.759084000	89.832031	0.0	0.0
0.766610	0.766645000	89.812730	0.0	0.0
0.774248	0.774282000	89.793410	0.0	0.0
0.781961	0.781995000	89.774070	0.0	0.0
0.789752	0.789785000	89.754708	0.0	0.0
0.797620	0.797652000	89.735322	0.0	0.0
0.805566	0.805598000	89.715910	0.0	0.0
0.813592	0.813622000	89.696470	0.0	0.0
0.821698	0.821727000	89.677000	0.0	0.0
0.829884	0.829912000	89.657498	0.0	0.0
0.838152	0.838179000	89.637963	0.0	0.0
0.846502	0.846528000	89.618392	0.0	0.0
0.854936	0.854960000	89.598784	0.0	0.0
0.863453	0.863477000	89.579137	0.0	0.0
0.872055	0.872078000	89.559448	0.0	0.0
0.880743	0.880765000	89.539716	0.0	0.0
0.889518	0.889538000	89.519938	0.0	0.0
0.898380	0.898398000	89.500114	0.0	0.0
0.907330	0.907347000	89.480240	0.0	0.0
0.916370	0.916385000	89.460316	0.0	0.0
0.925499	0.925513000	89.440338	0.0	0.0
0.934720	0.934732000	89.420306	0.0	0.0
0.944032	0.944043000	89.400216	0.0	0.0
0.953437	0.953446000	89.380068	0.0	0.0
0.962936	0.962943000	89.359859	0.0	0.0
0.972529	0.972534000	89.339587	0.0	0.0
0.982218	0.982221000	89.319250	0.0	0.0
0.992004	0.992005000	89.298846	0.0	0.0
1.001887	1.001890000	89.278373	0.0	0.0
1.011868	1.011860000	89.257831	0.0	0.0
1.021949	1.021940000	89.237214	0.0	0.0
1.032131	1.032120000	89.216522	0.0	0.0
1.042414	1.042400000	89.195753	0.0	0.0
1.052799	1.052780000	89.174906	0.0	0.0
1.063288	1.063270000	89.153977	0.0	0.0
1.073881	1.073860000	89.132966	0.0	0.0
1.084580	1.084560000	89.111869	0.0	0.0
1.095385	1.095360000	89.090686	0.0	0.0
1.106298	1.106270000	89.069413	0.0	0.0
1.117320	1.117290000	89.048048	0.0	0.0
1.128451	1.128410000	89.026591	0.0	0.0
1.139694	1.139650000	89.005036	0.0	0.0
1.151048	1.151000000	88.983386	0.0	0.0
1.162516	1.162470000	88.961634	0.0	0.0
1.174097	1.174050000	88.939782	0.0	0.0
1.185794	1.185740000	88.917825	0.0	0.0
1.197608	1.197550000	88.895761	0.0	0.0
1.209540	1.209470000	88.873588	0.0	0.0
1.221590	1.221520000	88.851306	0.0	0.0
1.233760	1.233690000	88.828911	0.0	0.0
1.246052	1.245970000	88.806400	0.0	0.0
1.258466	1.258380000	88.783772	0.0	0.0
1.271004	1.270910000	88.761025	0.0	0.0
1.283666	1.283570000	88.738157	0.0	0.0
1.296455	1.296350000	88.715164	0.0	0.0
1.309371	1.309260000	88.692045	0.0	0.0
1.322416	1.322300000	88.668798	0.0	0.0
1.335591	1.335470000	88.645419	0.0	0.0
1.348897	1.348770000	88.621908	0.0	0.0
1.362336	1.362200000	88.598261	0.0	0.0
1.375908	1.375770000	88.574478	0.0	0.0
1.389616	1.389470000	88.550553	0.0	0.0
1.403460	1.403300000	88.526487	0.0	0.0
1.417443	1.417280000	88.502275	0.0	0.0
1.431564	1.431390000	88.477918	0.0	0.0
1.445826	1.445650000	88.453410	0.0	0.0
1.460231	1.460040000	88.428749	0.0	0.0
1.474779	1.474580000	88.403935	0.0	0.0
1.489471	1.489260000	88.378966	0.0	0.0
1.504310	1.504090000	88.353836	0.0	0.0
1.519297	1.519070000	88.328545	0.0	0.0
1.534434	1.534200000	88.303088	0.0	0.0
1.549721	1.549470000	88.277466	0.0	0.0
1.565160	1.564900000	88.251675	0.0	0.0
1.580753	1.580480000	88.225712	0.0	0.0
1.596502	1.596220000	88.199574	0.0	0.0
1.612408	1.612110000	88.173259	0.0	0.0
1.628471	1.628170000	88.146767	0.0	0.0
1.644695	1.644380000	88.120091	0.0	0.0
1.661081	1.660750000	88.093231	0.0	0.0
1.677630	1.677280000	88.066183	0.0	0.0
1.694344	1.693980000	88.038945	0.0	0.0
1.711224	1.710850000	88.011516	0.0	0.0
1.728272	1.727880000	87.983892	0.0	0.0
1.745491	1.745080000	87.956068	0.0	0.0
1.762880	1.762460000	87.928045	0.0	0.0
1.780443	1.780000000	87.899818	0.0	0.0
1.798181	1.797730000	87.871385	0.0	0.0
1.816096	1.815620000	87.842743	0.0	0.0
1.834189	1.833700000	87.813889	0.0	0.0
1.852463	1.851950000	87.784819	0.0	0.0
1.870918	1.870390000	87.755534	0.0	0.0
1.889558	1.889010000	87.726027	0.0	0.0
1.908383	1.907810000	87.696297	0.0	0.0
1.927396	1.926800000	87.666341	0.0	0.0
1.946598	1.945980000	87.636156	0.0	0.0
1.965991	1.965350000	87.605740	0.0	0.0
1.985578	1.984910000	87.575087	0.0	0.0
2.005359	2.004670000	87.544198	0.0	0.0
2.025338	2.024630000	87.513067	0.0	0.0
2.045516	2.044780000	87.481691	0.0	0.0
2.065895	2.065130000	87.450069	0.0	0.0
2.086477	2.085680000	87.418196	0.0	0.0
2.107264	2.106440000	87.386070	0.0	0.0
2.128258	2.127410000	87.353687	0.0	0.0
2.149461	2.148580000	87.321045	0.0	0.0
2.170875	2.169960000	87.288140	0.0	0.0
2.192503	2.191560000	87.254969	0.0	0.0
2.214346	2.213370000	87.221528	0.0	0.0
2.236407	2.235390000	87.187814	0.0	0.0
2.258688	2.257640000	87.153824	0.0	0.0
2.281191	2.280100000	87.119555	0.0	0.0
2.303917	2.302790000	87.085005	0.0	0.0
2.326871	2.325710000	87.050166	0.0	0.0
2.350052	2.348850000	87.015041	0.0	0.0
2.373465	2.372220000	86.979621	0.0	0.0
2.397111	2.395820000	86.943905	0.0	0.0
2.420993	2.419660000	86.907888	0.0	0.0
2.445113	2.443730000	86.871568	0.0	0.0
2.469473	2.468050000	86.834942	0.0	0.0
2.494075	2.492600000	86.798006	0.0	0.0
2.518923	2.517400000	86.760755	0.0	0.0
2.544018	2.542440000	86.723186	0.0	0.0
2.569364	2.567730000	86.685295	0.0	0.0
2.594961	2.593280000	86.647081	0.0	0.0
2.620814	2.619070000	86.608537	0.0	0.0
2.646925	2.645120000	86.569659	0.0	0.0
2.673295	2.671440000	86.530446	0.0	0.0
2.699928	2.698010000	86.490893	0.0	0.0
2.726827	2.724840000	86.450994	0.0	0.0
2.753994	2.751940000	86.410748	0.0	0.0
2.781431	2.779310000	86.370150	0.0	0.0
2.809141	2.806950000	86.329197	0.0	0.0
2.837128	2.834860000	86.287883	0.0	0.0
2.865393	2.863060000	86.246206	0.0	0.0
2.893941	2.891530000	86.204159	0.0	0.0
2.922772	2.920280000	86.161741	0.0	0.0
2.951891	2.949310000	86.118946	0.0	0.0
2.981300	2.978640000	86.075771	0.0	0.0
3.011001	3.008250000	86.032213	0.0	0.0
3.040999	3.038160000	85.988264	0.0	0.0
3.071296	3.068370000	85.943921	0.0	0.0
3.101894	3.098870000	85.899183	0.0	0.0
3.132797	3.129670000	85.854042	0.0	0.0
3.164008	3.160780000	85.808494	0.0	0.0
3.195530	3.192200000	85.762536	0.0	0.0
3.227367	3.223930000	85.716160	0.0	0.0
3.259520	3.255970000	85.669367	0.0	0.0
3.291993	3.288330000	85.622150	0.0	0.0
3.324791	3.321010000	85.574502	0.0	0.0
3.357915	3.354010000	85.526421	0.0	0.0
3.391368	3.387340000	85.477904	0.0	0.0
3.425156	3.421000000	85.428941	0.0	0.0
3.459279	3.454990000	85.379532	0.0	0.0
3.493743	3.489320000	85.329669	0.0	0.0
3.528550	3.523980000	85.279350	0.0	0.0
3.563704	3.558990000	85.228567	0.0	0.0
3.599208	3.594350000	85.177318	0.0	0.0
3.635066	3.630050000	85.125596	0.0	0.0
3.671281	3.666100000	85.073397	0.0	0.0
3.707857	3.702520000	85.020715	0.0	0.0
3.744797	3.739290000	84.967547	0.0	0.0
3.782106	3.776420000	84.913884	0.0	0.0
3.819786	3.813920000	84.859724	0.0	0.0
3.857841	3.851790000	84.805062	0.0	0.0
3.896276	3.890030000	84.749890	0.0	0.0
3.935093	3.928650000	84.694205	0.0	0.0
3.974297	3.967650000	84.638001	0.0	0.0
4.013892	4.007040000	84.581271	0.0	0.0
4.053881	4.046810000	84.524012	0.0	0.0
4.094269	4.086980000	84.466216	0.0	0.0
4.135059	4.127540000	84.407879	0.0	0.0
4.176255	4.168500000	84.348996	0.0	0.0
4.217862	4.209860000	84.289559	0.0	0.0
4.259883	4.251630000	84.229564	0.0	0.0
4.302323	4.293820000	84.169005	0.0	0.0
4.345186	4.336410000	84.107875	0.0	0.0
4.388476	4.379430000	84.046169	0.0	0.0
4.432197	4.422870000	83.983881	0.0	0.0
4.476353	4.466730000	83.921005	0.0	0.0
4.520950	4.511030000	83.857534	0.0	0.0
4.565991	4.555760000	83.793464	0.0	0.0
4.611480	4.600930000	83.728787	0.0	0.0
4.657423	4.646540000	83.663497	0.0	0.0
4.703824	4.692610000	83.597586	0.0	0.0
4.750687	4.739120000	83.531051	0.0	0.0
4.798016	4.786090000	83.463885	0.0	0.0
4.845817	4.833520000	83.396080	0.0	0.0
4.894095	4.881420000	83.327629	0.0	0.0
4.942853	4.929780000	83.258528	0.0	0.0
4.992097	4.978620000	83.188768	0.0	0.0
5.041832	5.027940000	83.118343	0.0	0.0
5.092062	5.077740000	83.047246	0.0	0.0
5.142793	5.128030000	82.975470	0.0	0.0
5.194029	5.178810000	82.903010	0.0	0.0
5.245776	5.230090000	82.829855	0.0	0.0
5.298038	5.281860000	82.756002	0.0	0.0
5.350821	5.334150000	82.681442	0.0	0.0
5.404129	5.386940000	82.606170	0.0	0.0
5.457969	5.440250000	82.530175	0.0	0.0
5.512345	5.494080000	82.453452	0.0	0.0
5.567263	5.548440000	82.375993	0.0	0.0
5.622728	5.603320000	82.297791	0.0	0.0
5.678746	5.658740000	82.218838	0.0	0.0
5.735321	5.714700000	82.139128	0.0	0.0
5.792460	5.771210000	82.058651	0.0	0.0
5.850169	5.828260000	81.977401	0.0	0.0
5.908453	5.885870000	81.895368	0.0	0.0
5.967317	5.944040000	81.812548	0.0	0.0
6.026767	6.002780000	81.728930	0.0	0.0
6.086810	6.062090000	81.644507	0.0	0.0
6.147451	6.121970000	81.559271	0.0	0.0
6.208696	6.182430000	81.473213	0.0	0.0
6.270552	6.243490000	81.386325	0.0	0.0
6.333023	6.305130000	81.298601	0.0	0.0
6.396117	6.367370000	81.210030	0.0	0.0
6.459840	6.430210000	81.120603	0.0	0.0
6.524198	6.493660000	81.030314	0.0	0.0
6.589196	6.557730000	80.939154	0.0	0.0
6.654842	6.622410000	80.847113	0.0	0.0
6.721143	6.687720000	80.754182	0.0	0.0
6.788103	6.753660000	80.660354	0.0	0.0
6.855731	6.820240000	80.565619	0.0	0.0
6.924033	6.887460000	80.469967	0.0	0.0
6.993015	6.955320000	80.373392	0.0	0.0
7.062684	7.023840000	80.275882	0.0	0.0
7.133048	7.093020000	80.177428	0.0	0.0
7.204112	7.162870000	80.078023	0.0	0.0
7.275884	7.233380000	79.977656	0.0	0.0
7.348372	7.304580000	79.876316	0.0	0.0
7.421582	7.376460000	79.773995	0.0	0.0
7.495521	7.449020000	79.670685	0.0	0.0
7.570196	7.522280000	79.566374	0.0	0.0
7.645616	7.596240000	79.461052	0.0	0.0
7.721787	7.670920000	79.354711	0.0	0.0
7.798717	7.746300000	79.247340	0.0	0.0
7.876413	7.822400000	79.138928	0.0	0.0
7.954883	7.899230000	79.029467	0.0	0.0
8.034135	7.976790000	78.918945	0.0	0.0
8.114177	8.055090000	78.807352	0.0	0.0
8.195016	8.134140000	78.694677	0.0	0.0
8.276661	8.213940000	78.580911	0.0	0.0
8.359119	8.294490000	78.466042	0.0	0.0
8.442398	8.375810000	78.350061	0.0	0.0
8.526507	8.457910000	78.232955	0.0	0.0
8.611454	8.540770000	78.114715	0.0	0.0
8.697247	8.624430000	77.995330	0.0	0.0
8.783896	8.708870000	77.874786	0.0	0.0
8.871407	8.794110000	77.753075	0.0	0.0
8.959790	8.880150000	77.630186	0.0	0.0
9.049054	8.967000000	77.506105	0.0	0.0
9.139207	9.054670000	77.380822	0.0	0.0
9.230258	9.143170000	77.254326	0.0	0.0
9.322216	9.232500000	77.126605	0.0	0.0
9.415091	9.322660000	76.997646	0.0	0.0
9.508890	9.413660000	76.867441	0.0	0.0
9.603625	9.505520000	76.735972	0.0	0.0
9.699303	9.598240000	76.603231	0.0	0.0
9.795934	9.691820000	76.469207	0.0	0.0
9.893528	9.786270000	76.333884	0.0	0.0
9.992094	9.881600000	76.197253	0.0	0.0
10.091640	9.977810000	76.059302	0.0	0.0
10.192180	10.074900000	75.920014	0.0	0.0
10.293720	10.172900000	75.779382	0.0	0.0
10.396280	10.271800000	75.637378	0.0	0.0
10.499850	10.371700000	75.494017	0.0	0.0
10.604460	10.472400000	75.349260	0.0	0.0
10.710110	10.574100000	75.203108	0.0	0.0
10.816810	10.676700000	75.055547	0.0	0.0
10.924570	10.780200000	74.906565	0.0	0.0
11.033410	10.884700000	74.756137	0.0	0.0
11.143340	10.990200000	74.604249	0.0	0.0
11.254350	11.096600000	74.450916	0.0	0.0
11.366480	11.204000000	74.296086	0.0	0.0
11.479720	11.312300000	74.139772	0.0	0.0
11.594090	11.421700000	73.981949	0.0	0.0
11.709600	11.532000000	73.822605	0.0	0.0
11.826250	11.643300000	73.661742	0.0	0.0
11.944080	11.755600000	73.499305	0.0	0.0
12.063070	11.869000000	73.335324	0.0	0.0
12.183250	11.983300000	73.169759	0.0	0.0
12.304630	12.098700000	73.002599	0.0	0.0
12.427220	12.215100000	72.833831	0.0	0.0
12.551030	12.332600000	72.663444	0.0	0.0
12.676070	12.451100000	72.491425	0.0	0.0
12.802360	12.570600000	72.317750	0.0	0.0
12.929900	12.691200000	72.142420	0.0	0.0
13.058720	12.812900000	71.965396	0.0	0.0
13.188820	12.935600000	71.786680	0.0	0.0
13.320220	13.059500000	71.606248	0.0	0.0
13.452920	13.184400000	71.424101	0.0	0.0
13.586950	13.310400000	71.240200	0.0	0.0
13.722310	13.437500000	71.054548	0.0	0.0
13.859020	13.565700000	70.867120	0.0	0.0
13.997100	13.695000000	70.677892	0.0	0.0
14.136540	13.825400000	70.486879	0.0	0.0
14.277380	13.956900000	70.294029	0.0	0.0
14.419620	14.089600000	70.099346	0.0	0.0
14.563280	14.223400000	69.902804	0.0	0.0
14.708370	14.358400000	69.704394	0.0	0.0
14.854910	14.494500000	69.504090	0.0	0.0
15.002900	14.631700000	69.301896	0.0	0.0
15.152370	14.770100000	69.097774	0.0	0.0
15.303330	14.909700000	68.891714	0.0	0.0
15.455790	15.050400000	68.683706	0.0	0.0
15.609770	15.192300000	68.473725	0.0	0.0
15.765290	15.335400000	68.261748	0.0	0.0
15.922350	15.479700000	68.047779	0.0	0.0
16.080980	15.625200000	67.831781	0.0	0.0
16.241190	15.771800000	67.613744	0.0	0.0
16.403000	15.919700000	67.393644	0.0	0.0
16.566420	16.068800000	67.171473	0.0	0.0
16.731460	16.219000000	66.947221	0.0	0.0
16.898160	16.370500000	66.720838	0.0	0.0
17.066510	16.523200000	66.492343	0.0	0.0
17.236540	16.676300000	66.261698	0.0	0.0
17.408260	16.821700000	66.028895	0.0	0.0
17.581690	16.916000000	65.793913	0.0	0.0
17.756850	16.824000000	65.556728	0.0	0.0
17.933760	16.268300000	65.317320	0.0	0.0
18.112430	14.888100000	65.075679	0.0	0.0
18.292880	12.469800000	64.831784	0.0	0.0
18.475120	9.222030000	64.585628	0.0	0.0
18.659180	5.806830000	64.337175	0.0	0.0
18.845080	2.995320000	64.086404	0.0	0.0
19.032830	1.209170000	63.833308	0.0	0.0
19.222450	0.358979000	63.577867	0.0	0.0
19.413950	0.071085600	63.320073	0.0	0.0
19.607370	0.007825170	63.059879	0.0	0.0
19.802710	0.000305275	62.797292	0.0	0.0
20.000000	0.000000338	62.532278	0.0	0.0

