# UNCLASSIFIED
#
# Calibration info for PDAR and TXAR GS13 seismometers.
# 
# Created: 21 Apr. 2006
# File name: txar_sp_2006110_rsp.txt / TXAR.SP.1139948580 / PDAR.SP_32.961070400 
# Inid:  
# Source:  James Neely (TTD)
# System equipment:  GS13 seismometer and AIM24S-1 digitizer.
# 
# The response file was derived from actual RB calibrations.
# Displacement response relative to 1.0 at 1.0 Hz.
# 
# The PD32 nominal calib values are as follows:
# 
# PD32 sz  is 0.014746 nm/count at 1.0 Hz. effective 06 Apr 2006
# PD32 sz  is 0.014900 nm/count at 1.0 Hz. effective 21 Oct 2008
# PD32 SHZ is 0.015465 nm/count at 1.0 Hz. effective 23 Sep 2010
# PD32 sn  is 0.014746 nm/count at 1.0 Hz. effective 06 Apr 2006
# PD32 sn  is 0.014900 nm/count at 1.0 Hz. effective 21 Oct 2008
# PD32 SHN is 0.016000 nm/count at 1.0 Hz. effective 23 Sep 2010
# PD32 SHN is 0.015020 nm/count at 1.0 Hz. effective 08 Jul 2014 New Seis
# PD32 se  is 0.014746 nm/count at 1.0 Hz. effective 06 Apr 2006
# PD32 se  is 0.014900 nm/count at 1.0 Hz. effective 21 Oct 2008
# PD32 SHE is 0.015416 nm/count at 1.0 Hz. effective 23 Sep 2010
# 
# Freq(Hz)     Amp(counts/nm)   Phase(deg)  Error(amp)  Error(phase)
#
 theoretical  0   instrument    fap
509
0.117200	0.002522796	261.000000	0.0	0.0
0.156300	0.005710062	258.000000	0.0	0.0
0.195300	0.011400647	254.000000	0.0	0.0
0.234400	0.019561950	250.000000	0.0	0.0
0.273400	0.030746700	246.700000	0.0	0.0
0.312500	0.045174721	243.090909	0.0	0.0
0.351600	0.064061090	239.000000	0.0	0.0
0.390600	0.085105869	234.781818	0.0	0.0
0.429700	0.111611979	231.736364	0.0	0.0
0.468800	0.143514801	227.790909	0.0	0.0
0.507800	0.181993691	223.518182	0.0	0.0
0.546900	0.228439689	220.463636	0.0	0.0
0.585900	0.274246870	217.090909	0.0	0.0
0.625000	0.326907942	213.518182	0.0	0.0
0.664100	0.379558686	209.300000	0.0	0.0
0.703100	0.441449200	205.463636	0.0	0.0
0.742200	0.505584414	202.163636	0.0	0.0
0.781300	0.570342856	198.800000	0.0	0.0
0.820300	0.640968000	195.354545	0.0	0.0
0.859400	0.715191958	191.736364	0.0	0.0
0.898400	0.797020961	188.218182	0.0	0.0
0.937500	0.874285135	185.027273	0.0	0.0
0.976600	0.956569920	181.800000	0.0	0.0
1.015600	1.028866569	178.781818	0.0	0.0
1.054700	1.107068262	175.909091	0.0	0.0
1.093800	1.181758754	173.090909	0.0	0.0
1.132800	1.264123788	170.654545	0.0	0.0
1.171900	1.340881980	167.727273	0.0	0.0
1.210900	1.413333467	165.127273	0.0	0.0
1.250000	1.487494839	162.718182	0.0	0.0
1.289100	1.564670779	160.736364	0.0	0.0
1.328100	1.644729239	158.654545	0.0	0.0
1.367200	1.719222355	156.609091	0.0	0.0
1.406300	1.791677315	154.736364	0.0	0.0
1.445300	1.863466712	152.918182	0.0	0.0
1.484400	1.939894977	151.045455	0.0	0.0
1.523400	2.012651108	149.400000	0.0	0.0
1.562500	2.078835028	147.909091	0.0	0.0
1.601600	2.143381682	146.627273	0.0	0.0
1.640600	2.213571815	145.081818	0.0	0.0
1.679700	2.282514475	143.700000	0.0	0.0
1.718800	2.356764860	142.100000	0.0	0.0
1.757800	2.424916189	140.772727	0.0	0.0
1.796900	2.492644089	139.481818	0.0	0.0
1.835900	2.552882581	138.290909	0.0	0.0
1.875000	2.616820898	137.136364	0.0	0.0
1.914100	2.685968944	136.009091	0.0	0.0
1.953100	2.755652689	135.072727	0.0	0.0
1.992200	2.822907010	134.109091	0.0	0.0
2.031300	2.888269438	133.145455	0.0	0.0
2.070300	2.952980335	132.245455	0.0	0.0
2.109400	3.013793467	131.309091	0.0	0.0
2.148400	3.076590461	130.490909	0.0	0.0
2.187500	3.140790516	129.600000	0.0	0.0
2.226600	3.203964233	128.836364	0.0	0.0
2.265600	3.266572691	128.027273	0.0	0.0
2.304700	3.326775487	127.381818	0.0	0.0
2.343800	3.389595096	126.700000	0.0	0.0
2.382800	3.451411027	126.027273	0.0	0.0
2.421900	3.514661304	125.318182	0.0	0.0
2.460900	3.579116084	124.672727	0.0	0.0
2.500000	3.648180959	123.954545	0.0	0.0
2.539100	3.710671706	123.372727	0.0	0.0
2.578100	3.777142722	122.736364	0.0	0.0
2.617200	3.832822698	122.327273	0.0	0.0
2.656300	3.892527305	121.745455	0.0	0.0
2.695300	3.946371994	121.281818	0.0	0.0
2.734400	4.006555253	120.654545	0.0	0.0
2.773400	4.066677978	120.127273	0.0	0.0
2.812500	4.125305991	119.600000	0.0	0.0
2.851600	4.186160532	119.172727	0.0	0.0
2.890600	4.247856299	118.736364	0.0	0.0
2.929700	4.311177245	118.309091	0.0	0.0
2.968800	4.370086489	117.863636	0.0	0.0
3.007800	4.429812238	117.327273	0.0	0.0
3.046900	4.487867424	116.872727	0.0	0.0
3.085900	4.550071404	116.463636	0.0	0.0
3.125000	4.611100280	116.145455	0.0	0.0
3.164100	4.674172610	115.781818	0.0	0.0
3.203100	4.730795051	115.390909	0.0	0.0
3.242200	4.789545980	115.072727	0.0	0.0
3.281300	4.847306528	114.681818	0.0	0.0
3.320300	4.904919351	114.336364	0.0	0.0
3.359400	4.969956951	113.981818	0.0	0.0
3.398400	5.031339068	113.636364	0.0	0.0
3.437500	5.092956650	113.281818	0.0	0.0
3.476600	5.150347638	112.945455	0.0	0.0
3.515600	5.210849700	112.636364	0.0	0.0
3.554700	5.271010281	112.327273	0.0	0.0
3.593800	5.331778342	112.036364	0.0	0.0
3.632800	5.387946901	111.709091	0.0	0.0
3.671900	5.447077727	111.418182	0.0	0.0
3.710900	5.505508445	111.118182	0.0	0.0
3.750000	5.567594939	110.872727	0.0	0.0
3.789100	5.629769483	110.609091	0.0	0.0
3.828100	5.685334234	110.345455	0.0	0.0
3.867200	5.745207569	110.054545	0.0	0.0
3.906300	5.802688134	109.827273	0.0	0.0
3.945300	5.866758542	109.590909	0.0	0.0
3.984400	5.924901207	109.345455	0.0	0.0
4.023400	5.985400445	109.081818	0.0	0.0
4.062500	6.045465368	108.800000	0.0	0.0
4.101600	6.105567426	108.563636	0.0	0.0
4.140600	6.167493953	108.363636	0.0	0.0
4.179700	6.227689184	108.145455	0.0	0.0
4.218800	6.286605528	107.909091	0.0	0.0
4.257800	6.344056992	107.663636	0.0	0.0
4.296900	6.403655706	107.445455	0.0	0.0
4.335900	6.462453619	107.263636	0.0	0.0
4.375000	6.523460805	107.054545	0.0	0.0
4.414100	6.584517950	106.863636	0.0	0.0
4.453100	6.644084927	106.627273	0.0	0.0
4.492200	6.704527468	106.427273	0.0	0.0
4.531300	6.765007317	106.236364	0.0	0.0
4.570300	6.821804263	106.027273	0.0	0.0
4.609400	6.880166415	105.872727	0.0	0.0
4.648400	6.929670479	105.663636	0.0	0.0
4.687500	6.990885512	105.472727	0.0	0.0
4.726600	7.046985795	105.263636	0.0	0.0
4.765600	7.117039977	105.127273	0.0	0.0
4.804700	7.173930832	104.963636	0.0	0.0
4.843800	7.233825382	104.790909	0.0	0.0
4.882800	7.291305573	104.563636	0.0	0.0
4.921900	7.350461445	104.427273	0.0	0.0
4.960900	7.411031421	104.236364	0.0	0.0
5.000000	7.469442461	104.072727	0.0	0.0
5.039100	7.530217535	103.909091	0.0	0.0
5.078100	7.587703289	103.754545	0.0	0.0
5.117200	7.641326468	103.600000	0.0	0.0
5.156300	7.702131063	103.472727	0.0	0.0
5.195300	7.762011236	103.300000	0.0	0.0
5.234400	7.822884303	103.190909	0.0	0.0
5.273400	7.881170351	102.981818	0.0	0.0
5.312500	7.941267989	102.863636	0.0	0.0
5.351600	8.003903187	102.663636	0.0	0.0
5.390600	8.062231953	102.509091	0.0	0.0
5.429700	8.121560262	102.372727	0.0	0.0
5.468800	8.179188607	102.236364	0.0	0.0
5.507800	8.236655255	102.100000	0.0	0.0
5.546900	8.296864029	101.981818	0.0	0.0
5.585900	8.357822751	101.818182	0.0	0.0
5.625000	8.418087505	101.700000	0.0	0.0
5.664100	8.476602567	101.563636	0.0	0.0
5.703100	8.535861315	101.409091	0.0	0.0
5.742200	8.596181717	101.290909	0.0	0.0
5.781300	8.657433065	101.163636	0.0	0.0
5.820300	8.717659777	101.000000	0.0	0.0
5.859400	8.777142447	100.936364	0.0	0.0
5.898400	8.834638150	100.818182	0.0	0.0
5.937500	8.893202227	100.727273	0.0	0.0
5.976600	8.952703272	100.600000	0.0	0.0
6.015600	9.013010142	100.490909	0.0	0.0
6.054700	9.073491728	100.345455	0.0	0.0
6.093800	9.131130720	100.227273	0.0	0.0
6.132800	9.185723052	100.054545	0.0	0.0
6.171900	9.247190188	99.945455	0.0	0.0
6.210900	9.309519461	99.781818	0.0	0.0
6.250000	9.370087657	99.654545	0.0	0.0
6.289100	9.429693813	99.554545	0.0	0.0
6.328100	9.483205280	99.481818	0.0	0.0
6.367200	9.541800012	99.390909	0.0	0.0
6.406300	9.600394744	99.272727	0.0	0.0
6.445300	9.662884156	99.154545	0.0	0.0
6.484400	9.718451459	99.027273	0.0	0.0
6.523400	9.776902450	98.918182	0.0	0.0
6.562500	9.834473957	98.809091	0.0	0.0
6.601600	9.894104181	98.736364	0.0	0.0
6.640600	9.952555173	98.636364	0.0	0.0
6.679700	10.012203890	98.500000	0.0	0.0
6.718800	10.072919192	98.418182	0.0	0.0
6.757800	10.131388539	98.309091	0.0	0.0
6.796900	10.193207858	98.254545	0.0	0.0
6.835900	10.251695567	98.154545	0.0	0.0
6.875000	10.313571082	98.045455	0.0	0.0
6.914100	10.374398577	97.936364	0.0	0.0
6.953100	10.431825018	97.827273	0.0	0.0
6.992200	10.489389341	97.727273	0.0	0.0
7.031300	10.549149480	97.636364	0.0	0.0
7.070300	10.613214279	97.536364	0.0	0.0
7.109400	10.670790322	97.445455	0.0	0.0
7.148400	10.729327023	97.354545	0.0	0.0
7.187500	10.789142983	97.290909	0.0	0.0
7.226600	10.852378338	97.181818	0.0	0.0
7.265600	10.912087712	97.081818	0.0	0.0
7.304700	10.969663195	97.018182	0.0	0.0
7.343800	11.028380710	96.927273	0.0	0.0
7.382800	11.092751534	96.827273	0.0	0.0
7.421900	11.155001782	96.709091	0.0	0.0
7.460900	11.218313768	96.627273	0.0	0.0
7.500000	11.278285432	96.554545	0.0	0.0
7.539100	11.333523735	96.500000	0.0	0.0
7.578100	11.390960133	96.400000	0.0	0.0
7.617200	11.450931410	96.272727	0.0	0.0
7.656300	11.507301384	96.190909	0.0	0.0
7.695300	11.565917785	96.136364	0.0	0.0
7.734400	11.617386733	96.045455	0.0	0.0
7.773400	11.680855525	95.972727	0.0	0.0
7.812500	11.743296610	95.881818	0.0	0.0
7.851600	11.807011453	95.790909	0.0	0.0
7.890600	11.863175008	95.690909	0.0	0.0
7.929700	11.924455999	95.609091	0.0	0.0
7.968800	11.981999323	95.545455	0.0	0.0
8.007800	12.043160952	95.481818	0.0	0.0
8.046900	12.099431577	95.390909	0.0	0.0
8.085900	12.160617790	95.300000	0.0	0.0
8.125000	12.213028474	95.254545	0.0	0.0
8.164100	12.269232788	95.181818	0.0	0.0
8.203100	12.327843055	95.090909	0.0	0.0
8.242200	12.391790364	95.009091	0.0	0.0
8.281300	12.455789067	94.936364	0.0	0.0
8.320300	12.514448429	94.854545	0.0	0.0
8.359400	12.574574222	94.800000	0.0	0.0
8.398400	12.629273650	94.718182	0.0	0.0
8.437500	12.690727332	94.636364	0.0	0.0
8.476600	12.754875837	94.554545	0.0	0.0
8.515600	12.814900937	94.500000	0.0	0.0
8.554700	12.872394158	94.445455	0.0	0.0
8.593800	12.929875205	94.372727	0.0	0.0
8.632800	12.993991808	94.263636	0.0	0.0
8.671900	13.059677215	94.209091	0.0	0.0
8.710900	13.118410297	94.154545	0.0	0.0
8.750000	13.175914873	94.090909	0.0	0.0
8.789100	13.227868239	94.018182	0.0	0.0
8.828100	13.293519325	93.927273	0.0	0.0
8.867200	13.353794416	93.854545	0.0	0.0
8.906300	13.418294514	93.754545	0.0	0.0
8.945300	13.478462811	93.690909	0.0	0.0
8.984400	13.541628567	93.636364	0.0	0.0
9.023400	13.603258063	93.563636	0.0	0.0
9.062500	13.659343850	93.518182	0.0	0.0
9.101600	13.719712724	93.436364	0.0	0.0
9.140600	13.774175539	93.381818	0.0	0.0
9.179700	13.830200885	93.300000	0.0	0.0
9.218800	13.890562973	93.209091	0.0	0.0
9.257800	13.950786853	93.145455	0.0	0.0
9.296900	14.015573939	93.100000	0.0	0.0
9.335900	14.071422703	93.045455	0.0	0.0
9.375000	14.131834709	92.981818	0.0	0.0
9.414100	14.192259207	92.900000	0.0	0.0
9.453100	14.252545428	92.818182	0.0	0.0
9.492200	14.311496939	92.763636	0.0	0.0
9.531300	14.370448450	92.700000	0.0	0.0
9.570300	14.424719277	92.645455	0.0	0.0
9.609400	14.486684401	92.600000	0.0	0.0
9.648400	14.548524052	92.527273	0.0	0.0
9.687500	14.613598462	92.481818	0.0	0.0
9.726600	14.666439414	92.400000	0.0	0.0
9.765600	14.731412350	92.372727	0.0	0.0
9.804700	14.793491056	92.318182	0.0	0.0
9.843800	14.850931349	92.290909	0.0	0.0
9.882800	14.908208607	92.190909	0.0	0.0
9.921900	14.968757569	92.100000	0.0	0.0
9.960900	15.024449909	92.027273	0.0	0.0
10.000000	15.081847512	92.000000	0.0	0.0
10.039100	15.137648502	91.936364	0.0	0.0
10.078100	15.196455396	91.854545	0.0	0.0
10.117200	15.253816484	91.781818	0.0	0.0
10.156300	15.315973690	91.736364	0.0	0.0
10.195300	15.379615009	91.663636	0.0	0.0
10.234400	15.435366018	91.636364	0.0	0.0
10.273400	15.497428897	91.554545	0.0	0.0
10.312500	15.559667967	91.500000	0.0	0.0
10.351600	15.626838300	91.418182	0.0	0.0
10.390600	15.690638850	91.363636	0.0	0.0
10.429700	15.749682984	91.309091	0.0	0.0
10.468800	15.815346856	91.272727	0.0	0.0
10.507800	15.875926177	91.190909	0.0	0.0
10.546900	15.936669110	91.145455	0.0	0.0
10.585900	15.995599231	91.072727	0.0	0.0
10.625000	16.058041468	91.027273	0.0	0.0
10.664100	16.113761679	91.009091	0.0	0.0
10.703100	16.167614552	90.927273	0.0	0.0
10.742200	16.228375649	90.872727	0.0	0.0
10.781300	16.292559387	90.818182	0.0	0.0
10.820300	16.356630670	90.745455	0.0	0.0
10.859400	16.415736634	90.718182	0.0	0.0
10.898400	16.476415812	90.663636	0.0	0.0
10.937500	16.538989639	90.600000	0.0	0.0
10.976600	16.598114164	90.500000	0.0	0.0
11.015600	16.660574601	90.445455	0.0	0.0
11.054700	16.723211739	90.381818	0.0	0.0
11.093800	16.780604622	90.345455	0.0	0.0
11.132800	16.836071858	90.281818	0.0	0.0
11.171900	16.902277261	90.236364	0.0	0.0
11.210900	16.961281442	90.172727	0.0	0.0
11.250000	17.022218418	90.081818	0.0	0.0
11.289100	17.074230430	90.072727	0.0	0.0
11.328100	17.131422968	90.063636	0.0	0.0
11.367200	17.192352990	90.036364	0.0	0.0
11.406300	17.249684396	89.972727	0.0	0.0
11.445300	17.310475551	89.890909	0.0	0.0
11.484400	17.371430504	89.845455	0.0	0.0
11.523400	17.434071356	89.772727	0.0	0.0
11.562500	17.493226830	89.736364	0.0	0.0
11.601600	17.554219485	89.654545	0.0	0.0
11.640600	17.620605197	89.681818	0.0	0.0
11.679700	17.679791636	89.600000	0.0	0.0
11.718800	17.738978075	89.563636	0.0	0.0
11.757800	17.790563531	89.454545	0.0	0.0
11.796900	17.853461998	89.381818	0.0	0.0
11.835900	17.921861030	89.381818	0.0	0.0
11.875000	17.981066056	89.309091	0.0	0.0
11.914100	18.053492962	89.272727	0.0	0.0
11.953100	18.110694231	89.218182	0.0	0.0
11.992200	18.171838267	89.163636	0.0	0.0
12.031300	18.229178665	89.100000	0.0	0.0
12.070300	18.290183572	89.072727	0.0	0.0
12.109400	18.347511585	89.018182	0.0	0.0
12.148400	18.404675898	88.963636	0.0	0.0
12.187500	18.473576882	88.918182	0.0	0.0
12.226600	18.538663927	88.872727	0.0	0.0
12.265600	18.601691346	88.800000	0.0	0.0
12.304700	18.662942610	88.727273	0.0	0.0
12.343800	18.718328223	88.663636	0.0	0.0
12.382800	18.773538223	88.627273	0.0	0.0
12.421900	18.844647960	88.590909	0.0	0.0
12.460900	18.913708158	88.554545	0.0	0.0
12.500000	18.977027845	88.490909	0.0	0.0
12.539100	19.032403595	88.454545	0.0	0.0
12.578100	19.083608469	88.427273	0.0	0.0
12.617200	19.132916189	88.400000	0.0	0.0
12.656300	19.192208030	88.336364	0.0	0.0
12.695300	19.273524928	88.263636	0.0	0.0
12.734400	19.338956335	88.181818	0.0	0.0
12.773400	19.396153090	88.163636	0.0	0.0
12.812500	19.443311858	88.090909	0.0	0.0
12.851600	19.510813684	88.063636	0.0	0.0
12.890600	19.565925927	88.018182	0.0	0.0
12.929700	19.631436731	87.990909	0.0	0.0
12.968800	19.688742297	87.945455	0.0	0.0
13.007800	19.752084814	87.900000	0.0	0.0
13.046900	19.811457384	87.845455	0.0	0.0
13.085900	19.870678106	87.781818	0.0	0.0
13.125000	19.925879237	87.745455	0.0	0.0
13.164100	19.991515508	87.700000	0.0	0.0
13.203100	20.059138466	87.609091	0.0	0.0
13.242200	20.124860105	87.600000	0.0	0.0
13.281300	20.182169973	87.536364	0.0	0.0
13.320300	20.243552737	87.509091	0.0	0.0
13.359400	20.298725547	87.445455	0.0	0.0
13.398400	20.362245369	87.390909	0.0	0.0
13.437500	20.428080856	87.345455	0.0	0.0
13.476600	20.487521821	87.300000	0.0	0.0
13.515600	20.551112193	87.236364	0.0	0.0
13.554700	20.610565601	87.181818	0.0	0.0
13.593800	20.672182508	87.154545	0.0	0.0
13.632800	20.738000548	87.145455	0.0	0.0
13.671900	20.806187578	87.063636	0.0	0.0
13.710900	20.874275830	87.009091	0.0	0.0
13.750000	20.935995065	86.963636	0.0	0.0
13.789100	20.991134973	86.963636	0.0	0.0
13.828100	21.050504639	86.945455	0.0	0.0
13.867200	21.105608122	86.872727	0.0	0.0
13.906300	21.165117560	86.854545	0.0	0.0
13.945300	21.217811597	86.763636	0.0	0.0
13.984400	21.283984238	86.745455	0.0	0.0
14.023400	21.350044102	86.672727	0.0	0.0
14.062500	21.416295651	86.618182	0.0	0.0
14.101600	21.473594864	86.581818	0.0	0.0
14.140600	21.532983174	86.518182	0.0	0.0
14.179700	21.592523762	86.481818	0.0	0.0
14.218800	21.652064351	86.427273	0.0	0.0
14.257800	21.713725165	86.409091	0.0	0.0
14.296900	21.775550960	86.354545	0.0	0.0
14.335900	21.839522803	86.336364	0.0	0.0
14.375000	21.899088323	86.263636	0.0	0.0
14.414100	21.963250840	86.200000	0.0	0.0
14.453100	22.022676456	86.145455	0.0	0.0
14.492200	22.082254447	86.109091	0.0	0.0
14.531300	22.141832437	86.072727	0.0	0.0
14.570300	22.189642846	86.036364	0.0	0.0
14.609400	22.263166051	85.981818	0.0	0.0
14.648400	22.331945240	85.936364	0.0	0.0
14.687500	22.403275315	85.900000	0.0	0.0
14.726600	22.467618257	85.845455	0.0	0.0
14.765600	22.524760925	85.809091	0.0	0.0
14.804700	22.577317406	85.781818	0.0	0.0
14.843800	22.644054167	85.745455	0.0	0.0
14.882800	22.703548240	85.690909	0.0	0.0
14.921900	22.770343373	85.636364	0.0	0.0
14.960900	22.834635510	85.581818	0.0	0.0
15.000000	22.889521482	85.518182	0.0	0.0
15.039100	22.941982176	85.472727	0.0	0.0
15.078100	22.991848654	85.454545	0.0	0.0
15.117200	23.049057800	85.400000	0.0	0.0
15.156300	23.084499647	85.354545	0.0	0.0
15.195300	23.124530029	85.300000	0.0	0.0
15.234400	23.157356993	85.290909	0.0	0.0
15.273400	23.192353219	85.245455	0.0	0.0
15.312500	23.220110575	85.218182	0.0	0.0
15.351600	23.230723560	85.163636	0.0	0.0
15.390600	23.236175178	85.109091	0.0	0.0
15.429700	23.219746933	85.090909	0.0	0.0
15.468800	23.205609943	85.045455	0.0	0.0
15.507800	23.191183842	84.981818	0.0	0.0
15.546900	23.169493098	84.963636	0.0	0.0
15.585900	23.140260788	84.945455	0.0	0.0
15.625000	23.072398987	84.872727	0.0	0.0
15.664100	23.006999999	84.818182	0.0	0.0
15.703100	22.924695625	84.781818	0.0	0.0
15.742200	22.830739100	84.754545	0.0	0.0
15.781300	22.729889333	84.709091	0.0	0.0
15.820300	22.603165254	84.645455	0.0	0.0
15.859400	22.470096352	84.581818	0.0	0.0
15.898400	22.311832335	84.536364	0.0	0.0
15.937500	22.145415554	84.509091	0.0	0.0
15.976600	21.954816754	84.418182	0.0	0.0
16.015600	21.733722748	84.363636	0.0	0.0
16.054700	21.505856329	84.372727	0.0	0.0
16.093800	21.249094022	84.418182	0.0	0.0
16.132800	21.006133126	84.381818	0.0	0.0
16.171900	20.724703210	84.227273	0.0	0.0
16.210900	20.438239801	84.218182	0.0	0.0
16.250000	20.119912728	84.163636	0.0	0.0
16.289100	19.789851896	84.245455	0.0	0.0
16.328100	19.450718631	84.272727	0.0	0.0
16.367200	19.087415024	84.290909	0.0	0.0
16.406300	18.711196418	84.172727	0.0	0.0
16.445300	18.346017372	84.072727	0.0	0.0
16.484400	17.927828530	83.863636	0.0	0.0
16.523400	17.496978283	83.927273	0.0	0.0
16.562500	17.037215571	83.900000	0.0	0.0
16.601600	16.608551745	84.000000	0.0	0.0
16.640600	16.183709428	83.863636	0.0	0.0
16.679700	15.745004193	83.845455	0.0	0.0
16.718800	15.286075898	83.754545	0.0	0.0
16.757800	14.787638360	83.704545	0.0	0.0
16.796900	14.284515028	83.654545	0.0	0.0
16.835900	13.791133861	83.604545	0.0	0.0
16.875000	13.313407833	83.554545	0.0	0.0
16.914100	12.869660065	83.504545	0.0	0.0
16.953100	12.402860271	83.454545	0.0	0.0
16.992200	11.915526792	83.404545	0.0	0.0
17.031300	11.375619884	83.354545	0.0	0.0
17.070300	10.843019643	83.304545	0.0	0.0
17.109400	10.426627798	83.254545	0.0	0.0
17.148400	9.960222949	83.204545	0.0	0.0
17.187500	9.519667990	83.154545	0.0	0.0
17.226600	9.010419772	83.104545	0.0	0.0
17.265600	8.558722549	83.054545	0.0	0.0
17.304700	8.112674934	83.004545	0.0	0.0
17.343800	7.680182314	82.954545	0.0	0.0
17.382800	7.242565985	82.904545	0.0	0.0
17.421900	6.829889832	82.854545	0.0	0.0
17.460900	6.427190472	82.804545	0.0	0.0
17.500000	6.073613330	82.754545	0.0	0.0
17.539100	5.702335410	82.704545	0.0	0.0
17.578100	5.359302789	82.654545	0.0	0.0
17.617200	5.004330404	82.604545	0.0	0.0
17.656300	4.657709805	82.554545	0.0	0.0
17.695300	4.315585727	82.504545	0.0	0.0
17.734400	3.996502934	82.454545	0.0	0.0
17.773400	3.707564344	82.404545	0.0	0.0
17.812500	3.423356675	82.354545	0.0	0.0
17.851600	3.162574635	82.304545	0.0	0.0
17.890600	2.922239554	82.254545	0.0	0.0
17.929700	2.702998161	82.204545	0.0	0.0
17.968800	2.474680150	82.154545	0.0	0.0
18.007800	2.253091558	82.104545	0.0	0.0
18.046900	2.046199934	82.054545	0.0	0.0
18.085900	1.866473995	82.004545	0.0	0.0
18.125000	1.710215123	81.954545	0.0	0.0
18.164100	1.550228448	81.904545	0.0	0.0
18.203100	1.403283294	81.854545	0.0	0.0
18.242200	1.254939148	81.804545	0.0	0.0
18.281300	1.130760715	81.754545	0.0	0.0
18.320300	1.010047207	81.704545	0.0	0.0
18.359400	0.900428833	81.654545	0.0	0.0
18.398400	0.799512966	81.604545	0.0	0.0
18.437500	0.708868486	81.554545	0.0	0.0
18.476600	0.632324834	81.504545	0.0	0.0
18.515600	0.558811150	81.454545	0.0	0.0
18.554700	0.491627033	81.404545	0.0	0.0
18.593800	0.429226312	81.354545	0.0	0.0
18.632800	0.374546200	81.304545	0.0	0.0
18.671900	0.327825746	81.254545	0.0	0.0
18.710900	0.284716646	81.204545	0.0	0.0
18.750000	0.243654255	81.154545	0.0	0.0
18.789100	0.209475507	81.104545	0.0	0.0
18.828100	0.179901079	81.054545	0.0	0.0
18.867200	0.159614040	81.004545	0.0	0.0
18.906300	0.135070681	80.954545	0.0	0.0
18.945300	0.114659641	80.904545	0.0	0.0
18.984400	0.093186161	80.854545	0.0	0.0
19.023400	0.078493482	80.804545	0.0	0.0
19.062500	0.064470594	80.754545	0.0	0.0
19.101600	0.052610175	80.704545	0.0	0.0
19.140600	0.043174595	80.654545	0.0	0.0
19.179700	0.034563247	80.604545	0.0	0.0
19.218800	0.028933974	80.554545	0.0	0.0
19.257800	0.022689971	80.504545	0.0	0.0
19.296900	0.018847783	80.454545	0.0	0.0
19.335900	0.014801950	80.404545	0.0	0.0
19.375000	0.012110186	80.354545	0.0	0.0
19.414100	0.009419468	80.304545	0.0	0.0
19.453100	0.007396636	80.254545	0.0	0.0
19.492200	0.005439865	80.204545	0.0	0.0
19.531300	0.004141767	80.154545	0.0	0.0
19.570300	0.003118284	80.104545	0.0	0.0
19.609400	0.002295239	80.054545	0.0	0.0
19.648400	0.001671125	80.004545	0.0	0.0
19.687500	0.001137650	79.954545	0.0	0.0
19.726600	0.000801439	79.904545	0.0	0.0
19.765600	0.000526790	79.854545	0.0	0.0
19.804700	0.000376739	79.804545	0.0	0.0
19.843800	0.000249792	79.754545	0.0	0.0
19.882800	0.000167977	79.704545	0.0	0.0
19.921900	0.000117186	79.654545	0.0	0.0
19.960900	0.000095920	79.604545	0.0	0.0
