# UNCLASSIFIED								
#									
# Response info for I51H1-H4 infrasound channels.			
#	
# Effective: 10 Nov 2008
# Created: 29 Jan 2009
# File name: I51GB.BDF.1226338004			
#						
# Source: James	Neely 
# System equipment: MB2005 microbarometer sensor and Nanometrics Europa-Trident
# digitizer.
#	
# The response file was	derived	from equations of state.
# Pressure response normalized to 1.0 at 0.1 Hz.	
#
# The Ncalib values are as follows:
#
# I51H1 BDF is 0.000100 Pa/count at 0.10 Hz.
# I51H2 BDF is 0.000100 Pa/count at 0.10 Hz.
# I51H3 BDF is 0.000100 Pa/count at 0.10 Hz.
# I51H4 BDF is 0.000100 Pa/count at 0.10 Hz.
#
# Freq(Hz)     Amp(counts/Pa)   Phase(deg)   Error(amp)  Error(phase)				
#
 theoretical   0   instrument   fap
2048
0.010000	0.710845318	44.948123	0.0	0.0
0.014880	0.834298757	33.833213	0.0	0.0
0.019761	0.896837689	26.756495	0.0	0.0
0.024641	0.931332118	21.986571	0.0	0.0
0.029521	0.951951731	18.594158	0.0	0.0
0.034402	0.965123045	16.072052	0.0	0.0
0.039282	0.973997573	14.128772	0.0	0.0
0.044162	0.980239924	12.587581	0.0	0.0
0.049043	0.984787720	11.336032	0.0	0.0
0.053923	0.988198625	10.299552	0.0	0.0
0.058803	0.990819902	9.426900	0.0	0.0
0.063683	0.992876410	8.681786	0.0	0.0
0.068564	0.994518690	8.037828	0.0	0.0
0.073444	0.995850481	7.475405	0.0	0.0
0.078324	0.996945086	6.979638	0.0	0.0
0.083205	0.997855454	6.539042	0.0	0.0
0.088085	0.998620586	6.144618	0.0	0.0
0.092965	0.999269710	5.789215	0.0	0.0
0.097846	0.999825071	5.467080	0.0	0.0
0.102726	1.000303837	5.173537	0.0	0.0
0.107606	1.000719428	4.904743	0.0	0.0
0.112487	1.001082452	4.657513	0.0	0.0
0.117367	1.001401382	4.429184	0.0	0.0
0.122247	1.001683056	4.217514	0.0	0.0
0.127128	1.001933033	4.020602	0.0	0.0
0.132008	1.002155877	3.836823	0.0	0.0
0.136888	1.002355358	3.664783	0.0	0.0
0.141768	1.002534612	3.503279	0.0	0.0
0.146649	1.002696270	3.351266	0.0	0.0
0.151529	1.002842546	3.207831	0.0	0.0
0.156409	1.002975316	3.072177	0.0	0.0
0.161290	1.003096179	2.943602	0.0	0.0
0.166170	1.003206505	2.821484	0.0	0.0
0.171050	1.003307472	2.705273	0.0	0.0
0.175931	1.003400096	2.594480	0.0	0.0
0.180811	1.003485260	2.488669	0.0	0.0
0.185691	1.003563734	2.387448	0.0	0.0
0.190572	1.003636188	2.290465	0.0	0.0
0.195452	1.003703212	2.197405	0.0	0.0
0.200332	1.003765325	2.107982	0.0	0.0
0.205213	1.003822986	2.021937	0.0	0.0
0.210093	1.003876600	1.939035	0.0	0.0
0.214973	1.003926527	1.859063	0.0	0.0
0.219853	1.003973088	1.781827	0.0	0.0
0.224734	1.004016570	1.707148	0.0	0.0
0.229614	1.004057229	1.634864	0.0	0.0
0.234494	1.004095296	1.564826	0.0	0.0
0.239375	1.004130977	1.496897	0.0	0.0
0.244255	1.004164459	1.430951	0.0	0.0
0.249135	1.004195911	1.366871	0.0	0.0
0.254016	1.004225484	1.304550	0.0	0.0
0.258896	1.004253319	1.243889	0.0	0.0
0.263776	1.004279539	1.184796	0.0	0.0
0.268657	1.004304261	1.127185	0.0	0.0
0.273537	1.004327587	1.070978	0.0	0.0
0.278417	1.004349613	1.016101	0.0	0.0
0.283298	1.004370427	0.962485	0.0	0.0
0.288178	1.004390107	0.910066	0.0	0.0
0.293058	1.004408729	0.858784	0.0	0.0
0.297938	1.004426358	0.808584	0.0	0.0
0.302819	1.004443057	0.759413	0.0	0.0
0.307699	1.004458882	0.711223	0.0	0.0
0.312579	1.004473887	0.663968	0.0	0.0
0.317460	1.004488121	0.617604	0.0	0.0
0.322340	1.004501627	0.572091	0.0	0.0
0.327220	1.004514448	0.527391	0.0	0.0
0.332101	1.004526623	0.483469	0.0	0.0
0.336981	1.004538187	0.440290	0.0	0.0
0.341861	1.004549174	0.397823	0.0	0.0
0.346742	1.004559615	0.356038	0.0	0.0
0.351622	1.004569538	0.314906	0.0	0.0
0.356502	1.004578971	0.274401	0.0	0.0
0.361383	1.004587938	0.234497	0.0	0.0
0.366263	1.004596464	0.195171	0.0	0.0
0.371143	1.004604569	0.156398	0.0	0.0
0.376023	1.004612275	0.118159	0.0	0.0
0.380904	1.004619601	0.080432	0.0	0.0
0.385784	1.004626564	0.043198	0.0	0.0
0.390664	1.004633182	0.006439	0.0	0.0
0.395545	1.004639471	-0.029864	0.0	0.0
0.400425	1.004645445	-0.065726	0.0	0.0
0.405305	1.004651118	-0.101163	0.0	0.0
0.410186	1.004656504	-0.136192	0.0	0.0
0.415066	1.004661614	-0.170825	0.0	0.0
0.419946	1.004666461	-0.205077	0.0	0.0
0.424827	1.004671056	-0.238962	0.0	0.0
0.429707	1.004675409	-0.272491	0.0	0.0
0.434587	1.004679530	-0.305676	0.0	0.0
0.439468	1.004683428	-0.338530	0.0	0.0
0.444348	1.004687112	-0.371062	0.0	0.0
0.449228	1.004690590	-0.403284	0.0	0.0
0.454108	1.004693870	-0.435204	0.0	0.0
0.458989	1.004696959	-0.466834	0.0	0.0
0.463869	1.004699865	-0.498182	0.0	0.0
0.468749	1.004702595	-0.529257	0.0	0.0
0.473630	1.004705154	-0.560068	0.0	0.0
0.478510	1.004707548	-0.590621	0.0	0.0
0.483390	1.004709784	-0.620926	0.0	0.0
0.488271	1.004711867	-0.650990	0.0	0.0
0.493151	1.004713801	-0.680820	0.0	0.0
0.498031	1.004715592	-0.710422	0.0	0.0
0.502912	1.004717245	-0.739803	0.0	0.0
0.507792	1.004718764	-0.768970	0.0	0.0
0.512672	1.004720143	-0.797929	0.0	0.0
0.517553	1.004721406	-0.826686	0.0	0.0
0.522433	1.004722548	-0.855246	0.0	0.0
0.527313	1.004723571	-0.883615	0.0	0.0
0.532193	1.004724480	-0.911798	0.0	0.0
0.537074	1.004725277	-0.939800	0.0	0.0
0.541954	1.004725966	-0.967626	0.0	0.0
0.546834	1.004726550	-0.995280	0.0	0.0
0.551715	1.004727032	-1.022768	0.0	0.0
0.556595	1.004727414	-1.050094	0.0	0.0
0.561475	1.004727700	-1.077261	0.0	0.0
0.566356	1.004727892	-1.104275	0.0	0.0
0.571236	1.004727992	-1.131138	0.0	0.0
0.576116	1.004728003	-1.157855	0.0	0.0
0.580997	1.004727927	-1.184430	0.0	0.0
0.585877	1.004727766	-1.210865	0.0	0.0
0.590757	1.004727522	-1.237165	0.0	0.0
0.595638	1.004727197	-1.263333	0.0	0.0
0.600518	1.004726793	-1.289371	0.0	0.0
0.605398	1.004726312	-1.315284	0.0	0.0
0.610278	1.004725756	-1.341074	0.0	0.0
0.615159	1.004725126	-1.366744	0.0	0.0
0.620039	1.004724424	-1.392297	0.0	0.0
0.624919	1.004723652	-1.417735	0.0	0.0
0.629800	1.004722821	-1.443061	0.0	0.0
0.634680	1.004721912	-1.468279	0.0	0.0
0.639560	1.004720937	-1.493390	0.0	0.0
0.644441	1.004719897	-1.518396	0.0	0.0
0.649321	1.004718794	-1.543301	0.0	0.0
0.654201	1.004717628	-1.568106	0.0	0.0
0.659082	1.004716401	-1.592813	0.0	0.0
0.663962	1.004715115	-1.617426	0.0	0.0
0.668842	1.004713769	-1.641945	0.0	0.0
0.673723	1.004712366	-1.666373	0.0	0.0
0.678603	1.004710905	-1.690712	0.0	0.0
0.683483	1.004709389	-1.714963	0.0	0.0
0.688363	1.004707819	-1.739129	0.0	0.0
0.693244	1.004706194	-1.763212	0.0	0.0
0.698124	1.004704516	-1.787213	0.0	0.0
0.703004	1.004702786	-1.811133	0.0	0.0
0.707885	1.004701005	-1.834975	0.0	0.0
0.712765	1.004699174	-1.858740	0.0	0.0
0.717645	1.004697292	-1.882430	0.0	0.0
0.722526	1.004695362	-1.906046	0.0	0.0
0.727406	1.004693383	-1.929590	0.0	0.0
0.732286	1.004691357	-1.953063	0.0	0.0
0.737167	1.004689273	-1.976466	0.0	0.0
0.742047	1.004687154	-1.999802	0.0	0.0
0.746927	1.004684989	-2.023070	0.0	0.0
0.751808	1.004682779	-2.046273	0.0	0.0
0.756688	1.004680524	-2.069412	0.0	0.0
0.761568	1.004678226	-2.092488	0.0	0.0
0.766448	1.004675885	-2.115502	0.0	0.0
0.771329	1.004673500	-2.138456	0.0	0.0
0.776209	1.004671074	-2.161350	0.0	0.0
0.781089	1.004668595	-2.184186	0.0	0.0
0.785970	1.004666086	-2.206965	0.0	0.0
0.790850	1.004663536	-2.229687	0.0	0.0
0.795730	1.004660945	-2.252355	0.0	0.0
0.800611	1.004658315	-2.274968	0.0	0.0
0.805491	1.004655645	-2.297528	0.0	0.0
0.810371	1.004652926	-2.320036	0.0	0.0
0.815252	1.004650179	-2.342492	0.0	0.0
0.820132	1.004647393	-2.364898	0.0	0.0
0.825012	1.004644570	-2.387255	0.0	0.0
0.829893	1.004641709	-2.409563	0.0	0.0
0.834773	1.004638811	-2.431824	0.0	0.0
0.839653	1.004635867	-2.454037	0.0	0.0
0.844533	1.004632896	-2.476205	0.0	0.0
0.849414	1.004629888	-2.498327	0.0	0.0
0.854294	1.004626846	-2.520405	0.0	0.0
0.859174	1.004623768	-2.542439	0.0	0.0
0.864055	1.004620654	-2.564430	0.0	0.0
0.868935	1.004617496	-2.586378	0.0	0.0
0.873815	1.004614313	-2.608285	0.0	0.0
0.878696	1.004611096	-2.630151	0.0	0.0
0.883576	1.004607845	-2.651977	0.0	0.0
0.888456	1.004604561	-2.673764	0.0	0.0
0.893337	1.004601243	-2.695511	0.0	0.0
0.898217	1.004597891	-2.717220	0.0	0.0
0.903097	1.004594507	-2.738892	0.0	0.0
0.907978	1.004591090	-2.760527	0.0	0.0
0.912858	1.004587641	-2.782125	0.0	0.0
0.917738	1.004584159	-2.803687	0.0	0.0
0.922618	1.004580635	-2.825214	0.0	0.0
0.927499	1.004577089	-2.846706	0.0	0.0
0.932379	1.004573512	-2.868164	0.0	0.0
0.937259	1.004569903	-2.889588	0.0	0.0
0.942140	1.004566263	-2.910979	0.0	0.0
0.947020	1.004562592	-2.932338	0.0	0.0
0.951900	1.004558890	-2.953664	0.0	0.0
0.956781	1.004555157	-2.974959	0.0	0.0
0.961661	1.004551394	-2.996223	0.0	0.0
0.966541	1.004547600	-3.017456	0.0	0.0
0.971422	1.004543777	-3.038658	0.0	0.0
0.976302	1.004539923	-3.059831	0.0	0.0
0.981182	1.004536040	-3.080975	0.0	0.0
0.986063	1.004532126	-3.102090	0.0	0.0
0.990943	1.004528184	-3.123176	0.0	0.0
0.995823	1.004524212	-3.144234	0.0	0.0
1.000704	1.004520210	-3.165265	0.0	0.0
1.005584	1.004516180	-3.186268	0.0	0.0
1.010464	1.004512120	-3.207245	0.0	0.0
1.015344	1.004508032	-3.228195	0.0	0.0
1.020225	1.004503915	-3.249119	0.0	0.0
1.025105	1.004499770	-3.270017	0.0	0.0
1.029985	1.004495596	-3.290890	0.0	0.0
1.034866	1.004491393	-3.311738	0.0	0.0
1.039746	1.004487163	-3.332562	0.0	0.0
1.044626	1.004482904	-3.353361	0.0	0.0
1.049507	1.004478618	-3.374136	0.0	0.0
1.054387	1.004474304	-3.394887	0.0	0.0
1.059267	1.004469961	-3.415615	0.0	0.0
1.064148	1.004465592	-3.436321	0.0	0.0
1.069028	1.004461194	-3.457003	0.0	0.0
1.073908	1.004456770	-3.477664	0.0	0.0
1.078789	1.004452318	-3.498302	0.0	0.0
1.083669	1.004447838	-3.518919	0.0	0.0
1.088549	1.004443332	-3.539514	0.0	0.0
1.093429	1.004438788	-3.560087	0.0	0.0
1.098310	1.004434228	-3.580640	0.0	0.0
1.103190	1.004429641	-3.601173	0.0	0.0
1.108070	1.004425027	-3.621685	0.0	0.0
1.112951	1.004420386	-3.642177	0.0	0.0
1.117831	1.004415718	-3.662649	0.0	0.0
1.122711	1.004411024	-3.683102	0.0	0.0
1.127592	1.004406294	-3.703535	0.0	0.0
1.132472	1.004401547	-3.723950	0.0	0.0
1.137352	1.004396774	-3.744345	0.0	0.0
1.142233	1.004391975	-3.764722	0.0	0.0
1.147113	1.004387150	-3.785081	0.0	0.0
1.151993	1.004382288	-3.805422	0.0	0.0
1.156874	1.004377411	-3.825744	0.0	0.0
1.161754	1.004372507	-3.846049	0.0	0.0
1.166634	1.004367578	-3.866337	0.0	0.0
1.171514	1.004362623	-3.886607	0.0	0.0
1.176395	1.004357632	-3.906861	0.0	0.0
1.181275	1.004352625	-3.927098	0.0	0.0
1.186155	1.004347593	-3.947318	0.0	0.0
1.191036	1.004342535	-3.967522	0.0	0.0
1.195916	1.004337452	-3.987709	0.0	0.0
1.200796	1.004332333	-4.007881	0.0	0.0
1.205677	1.004327199	-4.028037	0.0	0.0
1.210557	1.004322040	-4.048177	0.0	0.0
1.215437	1.004316855	-4.068302	0.0	0.0
1.220318	1.004311646	-4.088412	0.0	0.0
1.225198	1.004306411	-4.108507	0.0	0.0
1.230078	1.004301140	-4.128586	0.0	0.0
1.234959	1.004295855	-4.148652	0.0	0.0
1.239839	1.004290545	-4.168702	0.0	0.0
1.244719	1.004285210	-4.188738	0.0	0.0
1.249599	1.004279850	-4.208761	0.0	0.0
1.254480	1.004274465	-4.228769	0.0	0.0
1.259360	1.004269045	-4.248763	0.0	0.0
1.264240	1.004263610	-4.268744	0.0	0.0
1.269121	1.004258151	-4.288711	0.0	0.0
1.274001	1.004252667	-4.308665	0.0	0.0
1.278881	1.004247159	-4.328605	0.0	0.0
1.283762	1.004241625	-4.348533	0.0	0.0
1.288642	1.004236068	-4.368447	0.0	0.0
1.293522	1.004230485	-4.388349	0.0	0.0
1.298403	1.004224879	-4.408238	0.0	0.0
1.303283	1.004219247	-4.428115	0.0	0.0
1.308163	1.004213582	-4.447980	0.0	0.0
1.313044	1.004207902	-4.467832	0.0	0.0
1.317924	1.004202197	-4.487672	0.0	0.0
1.322804	1.004196469	-4.507500	0.0	0.0
1.327684	1.004190716	-4.527316	0.0	0.0
1.332565	1.004184939	-4.547121	0.0	0.0
1.337445	1.004179137	-4.566914	0.0	0.0
1.342325	1.004173312	-4.586696	0.0	0.0
1.347206	1.004167462	-4.606466	0.0	0.0
1.352086	1.004161588	-4.626226	0.0	0.0
1.356966	1.004155690	-4.645974	0.0	0.0
1.361847	1.004149769	-4.665711	0.0	0.0
1.366727	1.004143823	-4.685437	0.0	0.0
1.371607	1.004137853	-4.705153	0.0	0.0
1.376488	1.004131859	-4.724858	0.0	0.0
1.381368	1.004125842	-4.744553	0.0	0.0
1.386248	1.004119800	-4.764237	0.0	0.0
1.391129	1.004113735	-4.783911	0.0	0.0
1.396009	1.004107645	-4.803575	0.0	0.0
1.400889	1.004101522	-4.823229	0.0	0.0
1.405769	1.004095386	-4.842873	0.0	0.0
1.410650	1.004089225	-4.862507	0.0	0.0
1.415530	1.004083041	-4.882131	0.0	0.0
1.420410	1.004076833	-4.901746	0.0	0.0
1.425291	1.004070601	-4.921351	0.0	0.0
1.430171	1.004064346	-4.940947	0.0	0.0
1.435051	1.004058067	-4.960533	0.0	0.0
1.439932	1.004051764	-4.980110	0.0	0.0
1.444812	1.004045428	-4.999678	0.0	0.0
1.449692	1.004039079	-5.019237	0.0	0.0
1.454573	1.004032705	-5.038787	0.0	0.0
1.459453	1.004026309	-5.058328	0.0	0.0
1.464333	1.004019888	-5.077860	0.0	0.0
1.469214	1.004013445	-5.097384	0.0	0.0
1.474094	1.004006968	-5.116898	0.0	0.0
1.478974	1.004000477	-5.136405	0.0	0.0
1.483854	1.003993963	-5.155902	0.0	0.0
1.488735	1.003987426	-5.175392	0.0	0.0
1.493615	1.003980855	-5.194873	0.0	0.0
1.498495	1.003974271	-5.214346	0.0	0.0
1.503376	1.003967664	-5.233811	0.0	0.0
1.508256	1.003961033	-5.253268	0.0	0.0
1.513136	1.003954369	-5.272717	0.0	0.0
1.518017	1.003947692	-5.292158	0.0	0.0
1.522897	1.003940991	-5.311591	0.0	0.0
1.527777	1.003934268	-5.331016	0.0	0.0
1.532658	1.003927511	-5.350434	0.0	0.0
1.537538	1.003920740	-5.369844	0.0	0.0
1.542418	1.003913947	-5.389247	0.0	0.0
1.547299	1.003907131	-5.408642	0.0	0.0
1.552179	1.003900281	-5.428030	0.0	0.0
1.557059	1.003893418	-5.447410	0.0	0.0
1.561939	1.003886532	-5.466783	0.0	0.0
1.566820	1.003879613	-5.486149	0.0	0.0
1.571700	1.003872681	-5.505508	0.0	0.0
1.576580	1.003865726	-5.524860	0.0	0.0
1.581461	1.003858748	-5.544205	0.0	0.0
1.586341	1.003851737	-5.563543	0.0	0.0
1.591221	1.003844712	-5.582874	0.0	0.0
1.596102	1.003837665	-5.602198	0.0	0.0
1.600982	1.003830595	-5.621515	0.0	0.0
1.605862	1.003823502	-5.640826	0.0	0.0
1.610743	1.003816375	-5.660131	0.0	0.0
1.615623	1.003809236	-5.679428	0.0	0.0
1.620503	1.003802074	-5.698720	0.0	0.0
1.625384	1.003794889	-5.718004	0.0	0.0
1.630264	1.003787671	-5.737283	0.0	0.0
1.635144	1.003780440	-5.756555	0.0	0.0
1.640024	1.003773186	-5.775820	0.0	0.0
1.644905	1.003765910	-5.795080	0.0	0.0
1.649785	1.003758610	-5.814334	0.0	0.0
1.654665	1.003751288	-5.833581	0.0	0.0
1.659546	1.003743932	-5.852822	0.0	0.0
1.664426	1.003736564	-5.872058	0.0	0.0
1.669306	1.003729174	-5.891287	0.0	0.0
1.674187	1.003721760	-5.910510	0.0	0.0
1.679067	1.003714323	-5.929728	0.0	0.0
1.683947	1.003706864	-5.948940	0.0	0.0
1.688828	1.003699382	-5.968146	0.0	0.0
1.693708	1.003691877	-5.987346	0.0	0.0
1.698588	1.003684340	-6.006541	0.0	0.0
1.703469	1.003676789	-6.025730	0.0	0.0
1.708349	1.003669216	-6.044914	0.0	0.0
1.713229	1.003661621	-6.064092	0.0	0.0
1.718109	1.003654002	-6.083265	0.0	0.0
1.722990	1.003646361	-6.102432	0.0	0.0
1.727870	1.003638697	-6.121594	0.0	0.0
1.732750	1.003631010	-6.140751	0.0	0.0
1.737631	1.003623301	-6.159902	0.0	0.0
1.742511	1.003615559	-6.179048	0.0	0.0
1.747391	1.003607805	-6.198189	0.0	0.0
1.752272	1.003600028	-6.217325	0.0	0.0
1.757152	1.003592228	-6.236455	0.0	0.0
1.762032	1.003584405	-6.255581	0.0	0.0
1.766913	1.003576560	-6.274702	0.0	0.0
1.771793	1.003568692	-6.293818	0.0	0.0
1.776673	1.003560792	-6.312928	0.0	0.0
1.781554	1.003552879	-6.332034	0.0	0.0
1.786434	1.003544944	-6.351135	0.0	0.0
1.791314	1.003536986	-6.370231	0.0	0.0
1.796194	1.003529005	-6.389322	0.0	0.0
1.801075	1.003520992	-6.408409	0.0	0.0
1.805955	1.003512966	-6.427491	0.0	0.0
1.810835	1.003504918	-6.446569	0.0	0.0
1.815716	1.003496847	-6.465641	0.0	0.0
1.820596	1.003488754	-6.484709	0.0	0.0
1.825476	1.003480628	-6.503773	0.0	0.0
1.830357	1.003472490	-6.522832	0.0	0.0
1.835237	1.003464329	-6.541886	0.0	0.0
1.840117	1.003456145	-6.560936	0.0	0.0
1.844998	1.003447929	-6.579982	0.0	0.0
1.849878	1.003439701	-6.599024	0.0	0.0
1.854758	1.003431450	-6.618061	0.0	0.0
1.859639	1.003423167	-6.637093	0.0	0.0
1.864519	1.003414871	-6.656122	0.0	0.0
1.869399	1.003406553	-6.675146	0.0	0.0
1.874279	1.003398202	-6.694166	0.0	0.0
1.879160	1.003389839	-6.713182	0.0	0.0
1.884040	1.003381454	-6.732194	0.0	0.0
1.888920	1.003373036	-6.751201	0.0	0.0
1.893801	1.003364605	-6.770205	0.0	0.0
1.898681	1.003356153	-6.789204	0.0	0.0
1.903561	1.003347667	-6.808199	0.0	0.0
1.908442	1.003339170	-6.827191	0.0	0.0
1.913322	1.003330650	-6.846178	0.0	0.0
1.918202	1.003322107	-6.865162	0.0	0.0
1.923083	1.003313533	-6.884142	0.0	0.0
1.927963	1.003304945	-6.903118	0.0	0.0
1.932843	1.003296336	-6.922090	0.0	0.0
1.937724	1.003287694	-6.941058	0.0	0.0
1.942604	1.003279040	-6.960022	0.0	0.0
1.947484	1.003270363	-6.978983	0.0	0.0
1.952364	1.003261654	-6.997939	0.0	0.0
1.957245	1.003252933	-7.016893	0.0	0.0
1.962125	1.003244189	-7.035843	0.0	0.0
1.967005	1.003235423	-7.054788	0.0	0.0
1.971886	1.003226625	-7.073731	0.0	0.0
1.976766	1.003217814	-7.092669	0.0	0.0
1.981646	1.003208981	-7.111604	0.0	0.0
1.986527	1.003200126	-7.130536	0.0	0.0
1.991407	1.003191239	-7.149464	0.0	0.0
1.996287	1.003182339	-7.168389	0.0	0.0
2.001168	1.003173416	-7.187310	0.0	0.0
2.006048	1.003164472	-7.206228	0.0	0.0
2.010928	1.003155495	-7.225142	0.0	0.0
2.015809	1.003146506	-7.244053	0.0	0.0
2.020689	1.003137495	-7.262960	0.0	0.0
2.025569	1.003128461	-7.281865	0.0	0.0
2.030449	1.003119406	-7.300766	0.0	0.0
2.035330	1.003110327	-7.319663	0.0	0.0
2.040210	1.003101217	-7.338558	0.0	0.0
2.045090	1.003092095	-7.357449	0.0	0.0
2.049971	1.003082950	-7.376337	0.0	0.0
2.054851	1.003073783	-7.395221	0.0	0.0
2.059731	1.003064593	-7.414103	0.0	0.0
2.064612	1.003055382	-7.432981	0.0	0.0
2.069492	1.003046148	-7.451856	0.0	0.0
2.074372	1.003036882	-7.470729	0.0	0.0
2.079253	1.003027604	-7.489598	0.0	0.0
2.084133	1.003018303	-7.508464	0.0	0.0
2.089013	1.003008981	-7.527327	0.0	0.0
2.093894	1.002999636	-7.546187	0.0	0.0
2.098774	1.002990269	-7.565043	0.0	0.0
2.103654	1.002980879	-7.583897	0.0	0.0
2.108534	1.002971458	-7.602748	0.0	0.0
2.113415	1.002962024	-7.621597	0.0	0.0
2.118295	1.002952568	-7.640442	0.0	0.0
2.123175	1.002943090	-7.659284	0.0	0.0
2.128056	1.002933590	-7.678123	0.0	0.0
2.132936	1.002924068	-7.696959	0.0	0.0
2.137816	1.002914513	-7.715793	0.0	0.0
2.142697	1.002904946	-7.734624	0.0	0.0
2.147577	1.002895357	-7.753452	0.0	0.0
2.152457	1.002885746	-7.772277	0.0	0.0
2.157338	1.002876113	-7.791099	0.0	0.0
2.162218	1.002866448	-7.809919	0.0	0.0
2.167098	1.002856770	-7.828736	0.0	0.0
2.171979	1.002847071	-7.847550	0.0	0.0
2.176859	1.002837349	-7.866362	0.0	0.0
2.181739	1.002827595	-7.885170	0.0	0.0
2.186619	1.002817829	-7.903977	0.0	0.0
2.191500	1.002808040	-7.922780	0.0	0.0
2.196380	1.002798220	-7.941581	0.0	0.0
2.201260	1.002788388	-7.960380	0.0	0.0
2.206141	1.002778533	-7.979175	0.0	0.0
2.211021	1.002768656	-7.997968	0.0	0.0
2.215901	1.002758748	-8.016759	0.0	0.0
2.220782	1.002748827	-8.035547	0.0	0.0
2.225662	1.002738884	-8.054332	0.0	0.0
2.230542	1.002728908	-8.073116	0.0	0.0
2.235423	1.002718921	-8.091896	0.0	0.0
2.240303	1.002708912	-8.110674	0.0	0.0
2.245183	1.002698870	-8.129450	0.0	0.0
2.250064	1.002688817	-8.148223	0.0	0.0
2.254944	1.002678741	-8.166994	0.0	0.0
2.259824	1.002668634	-8.185762	0.0	0.0
2.264704	1.002658514	-8.204528	0.0	0.0
2.269585	1.002648372	-8.223292	0.0	0.0
2.274465	1.002638198	-8.242053	0.0	0.0
2.279345	1.002628012	-8.260811	0.0	0.0
2.284226	1.002617804	-8.279568	0.0	0.0
2.289106	1.002607564	-8.298322	0.0	0.0
2.293986	1.002597312	-8.317074	0.0	0.0
2.298867	1.002587037	-8.335823	0.0	0.0
2.303747	1.002576731	-8.354570	0.0	0.0
2.308627	1.002566412	-8.373316	0.0	0.0
2.313508	1.002556072	-8.392058	0.0	0.0
2.318388	1.002545700	-8.410799	0.0	0.0
2.323268	1.002535315	-8.429537	0.0	0.0
2.328149	1.002524909	-8.448273	0.0	0.0
2.333029	1.002514480	-8.467007	0.0	0.0
2.337909	1.002504019	-8.485738	0.0	0.0
2.342789	1.002493547	-8.504468	0.0	0.0
2.347670	1.002483052	-8.523196	0.0	0.0
2.352550	1.002472525	-8.541921	0.0	0.0
2.357430	1.002461986	-8.560644	0.0	0.0
2.362311	1.002451426	-8.579365	0.0	0.0
2.367191	1.002440843	-8.598084	0.0	0.0
2.372071	1.002430238	-8.616800	0.0	0.0
2.376952	1.002419601	-8.635515	0.0	0.0
2.381832	1.002408952	-8.654227	0.0	0.0
2.386712	1.002398281	-8.672938	0.0	0.0
2.391593	1.002387588	-8.691647	0.0	0.0
2.396473	1.002376874	-8.710353	0.0	0.0
2.401353	1.002366127	-8.729058	0.0	0.0
2.406234	1.002355368	-8.747760	0.0	0.0
2.411114	1.002344587	-8.766461	0.0	0.0
2.415994	1.002333784	-8.785159	0.0	0.0
2.420875	1.002322959	-8.803856	0.0	0.0
2.425755	1.002312112	-8.822550	0.0	0.0
2.430635	1.002301233	-8.841243	0.0	0.0
2.435515	1.002290343	-8.859933	0.0	0.0
2.440396	1.002279430	-8.878622	0.0	0.0
2.445276	1.002268495	-8.897309	0.0	0.0
2.450156	1.002257538	-8.915994	0.0	0.0
2.455037	1.002246560	-8.934677	0.0	0.0
2.459917	1.002235549	-8.953358	0.0	0.0
2.464797	1.002224526	-8.972038	0.0	0.0
2.469678	1.002213481	-8.990715	0.0	0.0
2.474558	1.002202415	-9.009390	0.0	0.0
2.479438	1.002191326	-9.028064	0.0	0.0
2.484319	1.002180216	-9.046736	0.0	0.0
2.489199	1.002169073	-9.065406	0.0	0.0
2.494079	1.002157919	-9.084074	0.0	0.0
2.498960	1.002146742	-9.102741	0.0	0.0
2.503840	1.002135544	-9.121406	0.0	0.0
2.508720	1.002124314	-9.140069	0.0	0.0
2.513600	1.002113071	-9.158730	0.0	0.0
2.518481	1.002101807	-9.177389	0.0	0.0
2.523361	1.002090521	-9.196047	0.0	0.0
2.528241	1.002079203	-9.214703	0.0	0.0
2.533122	1.002067873	-9.233357	0.0	0.0
2.538002	1.002056521	-9.252010	0.0	0.0
2.542882	1.002045147	-9.270660	0.0	0.0
2.547763	1.002033741	-9.289309	0.0	0.0
2.552643	1.002022323	-9.307957	0.0	0.0
2.557523	1.002010884	-9.326602	0.0	0.0
2.562404	1.001999412	-9.345246	0.0	0.0
2.567284	1.001987928	-9.363889	0.0	0.0
2.572164	1.001976423	-9.382529	0.0	0.0
2.577045	1.001964885	-9.401169	0.0	0.0
2.581925	1.001953336	-9.419806	0.0	0.0
2.586805	1.001941765	-9.438442	0.0	0.0
2.591685	1.001930162	-9.457076	0.0	0.0
2.596566	1.001918547	-9.475709	0.0	0.0
2.601446	1.001906910	-9.494340	0.0	0.0
2.606326	1.001895241	-9.512969	0.0	0.0
2.611207	1.001883560	-9.531597	0.0	0.0
2.616087	1.001871857	-9.550223	0.0	0.0
2.620967	1.001860123	-9.568848	0.0	0.0
2.625848	1.001848376	-9.587471	0.0	0.0
2.630728	1.001836598	-9.606093	0.0	0.0
2.635608	1.001824808	-9.624713	0.0	0.0
2.640489	1.001812996	-9.643331	0.0	0.0
2.645369	1.001801152	-9.661948	0.0	0.0
2.650249	1.001789296	-9.680564	0.0	0.0
2.655130	1.001777418	-9.699178	0.0	0.0
2.660010	1.001765508	-9.717790	0.0	0.0
2.664890	1.001753586	-9.736401	0.0	0.0
2.669770	1.001741643	-9.755011	0.0	0.0
2.674651	1.001729667	-9.773619	0.0	0.0
2.679531	1.001717680	-9.792225	0.0	0.0
2.684411	1.001705671	-9.810830	0.0	0.0
2.689292	1.001693630	-9.829434	0.0	0.0
2.694172	1.001681577	-9.848037	0.0	0.0
2.699052	1.001669502	-9.866637	0.0	0.0
2.703933	1.001657396	-9.885237	0.0	0.0
2.708813	1.001645277	-9.903835	0.0	0.0
2.713693	1.001633137	-9.922431	0.0	0.0
2.718574	1.001620975	-9.941026	0.0	0.0
2.723454	1.001608781	-9.959620	0.0	0.0
2.728334	1.001596575	-9.978212	0.0	0.0
2.733215	1.001584347	-9.996803	0.0	0.0
2.738095	1.001572097	-10.015393	0.0	0.0
2.742975	1.001559816	-10.033981	0.0	0.0
2.747855	1.001547522	-10.052568	0.0	0.0
2.752736	1.001535207	-10.071153	0.0	0.0
2.757616	1.001522870	-10.089737	0.0	0.0
2.762496	1.001510501	-10.108320	0.0	0.0
2.767377	1.001498121	-10.126902	0.0	0.0
2.772257	1.001485718	-10.145482	0.0	0.0
2.777137	1.001473293	-10.164061	0.0	0.0
2.782018	1.001460847	-10.182638	0.0	0.0
2.786898	1.001448369	-10.201214	0.0	0.0
2.791778	1.001435879	-10.219789	0.0	0.0
2.796659	1.001423367	-10.238363	0.0	0.0
2.801539	1.001410834	-10.256935	0.0	0.0
2.806419	1.001398278	-10.275506	0.0	0.0
2.811300	1.001385691	-10.294076	0.0	0.0
2.816180	1.001373092	-10.312644	0.0	0.0
2.821060	1.001360471	-10.331212	0.0	0.0
2.825940	1.001347828	-10.349777	0.0	0.0
2.830821	1.001335164	-10.368342	0.0	0.0
2.835701	1.001322467	-10.386905	0.0	0.0
2.840581	1.001309759	-10.405468	0.0	0.0
2.845462	1.001297029	-10.424029	0.0	0.0
2.850342	1.001284277	-10.442589	0.0	0.0
2.855222	1.001271493	-10.461147	0.0	0.0
2.860103	1.001258698	-10.479704	0.0	0.0
2.864983	1.001245881	-10.498260	0.0	0.0
2.869863	1.001233042	-10.516815	0.0	0.0
2.874744	1.001220171	-10.535369	0.0	0.0
2.879624	1.001207288	-10.553921	0.0	0.0
2.884504	1.001194383	-10.572473	0.0	0.0
2.889385	1.001181457	-10.591023	0.0	0.0
2.894265	1.001168499	-10.609572	0.0	0.0
2.899145	1.001155529	-10.628120	0.0	0.0
2.904025	1.001142537	-10.646666	0.0	0.0
2.908906	1.001129514	-10.665212	0.0	0.0
2.913786	1.001116479	-10.683756	0.0	0.0
2.918666	1.001103421	-10.702299	0.0	0.0
2.923547	1.001090332	-10.720842	0.0	0.0
2.928427	1.001077232	-10.739382	0.0	0.0
2.933307	1.001064109	-10.757922	0.0	0.0
2.938188	1.001050955	-10.776461	0.0	0.0
2.943068	1.001037789	-10.794998	0.0	0.0
2.947948	1.001024591	-10.813535	0.0	0.0
2.952829	1.001011382	-10.832070	0.0	0.0
2.957709	1.000998150	-10.850604	0.0	0.0
2.962589	1.000984887	-10.869137	0.0	0.0
2.967470	1.000971612	-10.887669	0.0	0.0
2.972350	1.000958305	-10.906200	0.0	0.0
2.977230	1.000944987	-10.924730	0.0	0.0
2.982110	1.000931646	-10.943259	0.0	0.0
2.986991	1.000918274	-10.961786	0.0	0.0
2.991871	1.000904891	-10.980313	0.0	0.0
2.996751	1.000891475	-10.998838	0.0	0.0
3.001632	1.000878047	-11.017363	0.0	0.0
3.006512	1.000864598	-11.035887	0.0	0.0
3.011392	1.000851117	-11.054409	0.0	0.0
3.016273	1.000837625	-11.072930	0.0	0.0
3.021153	1.000824100	-11.091451	0.0	0.0
3.026033	1.000810564	-11.109970	0.0	0.0
3.030914	1.000797006	-11.128488	0.0	0.0
3.035794	1.000783417	-11.147005	0.0	0.0
3.040674	1.000769815	-11.165522	0.0	0.0
3.045555	1.000756192	-11.184037	0.0	0.0
3.050435	1.000742537	-11.202551	0.0	0.0
3.055315	1.000728870	-11.221064	0.0	0.0
3.060195	1.000715182	-11.239576	0.0	0.0
3.065076	1.000701462	-11.258087	0.0	0.0
3.069956	1.000687730	-11.276597	0.0	0.0
3.074836	1.000673976	-11.295107	0.0	0.0
3.079717	1.000660191	-11.313615	0.0	0.0
3.084597	1.000646393	-11.332122	0.0	0.0
3.089477	1.000632575	-11.350628	0.0	0.0
3.094358	1.000618734	-11.369134	0.0	0.0
3.099238	1.000604862	-11.387638	0.0	0.0
3.104118	1.000590978	-11.406141	0.0	0.0
3.108999	1.000577072	-11.424643	0.0	0.0
3.113879	1.000563134	-11.443145	0.0	0.0
3.118759	1.000549185	-11.461646	0.0	0.0
3.123640	1.000535214	-11.480145	0.0	0.0
3.128520	1.000521221	-11.498644	0.0	0.0
3.133400	1.000507196	-11.517141	0.0	0.0
3.138280	1.000493160	-11.535638	0.0	0.0
3.143161	1.000479102	-11.554134	0.0	0.0
3.148041	1.000465023	-11.572628	0.0	0.0
3.152921	1.000450921	-11.591122	0.0	0.0
3.157802	1.000436788	-11.609616	0.0	0.0
3.162682	1.000422643	-11.628108	0.0	0.0
3.167562	1.000408477	-11.646599	0.0	0.0
3.172443	1.000394289	-11.665089	0.0	0.0
3.177323	1.000380069	-11.683578	0.0	0.0
3.182203	1.000365837	-11.702067	0.0	0.0
3.187084	1.000351584	-11.720554	0.0	0.0
3.191964	1.000337309	-11.739041	0.0	0.0
3.196844	1.000323002	-11.757527	0.0	0.0
3.201725	1.000308683	-11.776012	0.0	0.0
3.206605	1.000294343	-11.794496	0.0	0.0
3.211485	1.000279981	-11.812979	0.0	0.0
3.216365	1.000265587	-11.831462	0.0	0.0
3.221246	1.000251182	-11.849943	0.0	0.0
3.226126	1.000236755	-11.868423	0.0	0.0
3.231006	1.000222306	-11.886904	0.0	0.0
3.235887	1.000207826	-11.905382	0.0	0.0
3.240767	1.000193334	-11.923860	0.0	0.0
3.245647	1.000178820	-11.942337	0.0	0.0
3.250528	1.000164275	-11.960814	0.0	0.0
3.255408	1.000149717	-11.979289	0.0	0.0
3.260288	1.000135139	-11.997764	0.0	0.0
3.265169	1.000120528	-12.016237	0.0	0.0
3.270049	1.000105906	-12.034711	0.0	0.0
3.274929	1.000091252	-12.053183	0.0	0.0
3.279810	1.000076586	-12.071654	0.0	0.0
3.284690	1.000061899	-12.090124	0.0	0.0
3.289570	1.000047180	-12.108594	0.0	0.0
3.294450	1.000032449	-12.127063	0.0	0.0
3.299331	1.000017687	-12.145531	0.0	0.0
3.304211	1.000002913	-12.163998	0.0	0.0
3.309091	0.999988117	-12.182465	0.0	0.0
3.313972	0.999973290	-12.200930	0.0	0.0
3.318852	0.999958451	-12.219395	0.0	0.0
3.323732	0.999943580	-12.237859	0.0	0.0
3.328613	0.999928698	-12.256322	0.0	0.0
3.333493	0.999913784	-12.274785	0.0	0.0
3.338373	0.999898858	-12.293246	0.0	0.0
3.343254	0.999883911	-12.311707	0.0	0.0
3.348134	0.999868931	-12.330167	0.0	0.0
3.353014	0.999853941	-12.348627	0.0	0.0
3.357895	0.999838918	-12.367085	0.0	0.0
3.362775	0.999823884	-12.385543	0.0	0.0
3.367655	0.999808819	-12.404000	0.0	0.0
3.372535	0.999793742	-12.422456	0.0	0.0
3.377416	0.999778633	-12.440912	0.0	0.0
3.382296	0.999763512	-12.459366	0.0	0.0
3.387176	0.999748369	-12.477820	0.0	0.0
3.392057	0.999733196	-12.496274	0.0	0.0
3.396937	0.999718010	-12.514726	0.0	0.0
3.401817	0.999702793	-12.533178	0.0	0.0
3.406698	0.999687564	-12.551629	0.0	0.0
3.411578	0.999672313	-12.570079	0.0	0.0
3.416458	0.999657031	-12.588528	0.0	0.0
3.421339	0.999641738	-12.606977	0.0	0.0
3.426219	0.999626412	-12.625425	0.0	0.0
3.431099	0.999611075	-12.643873	0.0	0.0
3.435980	0.999595716	-12.662319	0.0	0.0
3.440860	0.999580326	-12.680765	0.0	0.0
3.445740	0.999564924	-12.699210	0.0	0.0
3.450620	0.999549500	-12.717654	0.0	0.0
3.455501	0.999534045	-12.736098	0.0	0.0
3.460381	0.999518578	-12.754541	0.0	0.0
3.465261	0.999503089	-12.772983	0.0	0.0
3.470142	0.999487579	-12.791425	0.0	0.0
3.475022	0.999472037	-12.809866	0.0	0.0
3.479902	0.999456484	-12.828306	0.0	0.0
3.484783	0.999440909	-12.846745	0.0	0.0
3.489663	0.999425302	-12.865184	0.0	0.0
3.494543	0.999409684	-12.883622	0.0	0.0
3.499424	0.999394044	-12.902059	0.0	0.0
3.504304	0.999378382	-12.920496	0.0	0.0
3.509184	0.999362689	-12.938932	0.0	0.0
3.514065	0.999346984	-12.957368	0.0	0.0
3.518945	0.999331258	-12.975802	0.0	0.0
3.523825	0.999315500	-12.994236	0.0	0.0
3.528705	0.999299731	-13.012669	0.0	0.0
3.533586	0.999283939	-13.031102	0.0	0.0
3.538466	0.999268127	-13.049534	0.0	0.0
3.543346	0.999252282	-13.067965	0.0	0.0
3.548227	0.999236426	-13.086396	0.0	0.0
3.553107	0.999220548	-13.104826	0.0	0.0
3.557987	0.999204639	-13.123255	0.0	0.0
3.562868	0.999188718	-13.141684	0.0	0.0
3.567748	0.999172776	-13.160112	0.0	0.0
3.572628	0.999156802	-13.178539	0.0	0.0
3.577509	0.999140816	-13.196965	0.0	0.0
3.582389	0.999124808	-13.215392	0.0	0.0
3.587269	0.999108770	-13.233817	0.0	0.0
3.592150	0.999092719	-13.252242	0.0	0.0
3.597030	0.999076647	-13.270666	0.0	0.0
3.601910	0.999060544	-13.289089	0.0	0.0
3.606790	0.999044428	-13.307512	0.0	0.0
3.611671	0.999028292	-13.325934	0.0	0.0
3.616551	0.999012123	-13.344356	0.0	0.0
3.621431	0.998995943	-13.362777	0.0	0.0
3.626312	0.998979731	-13.381197	0.0	0.0
3.631192	0.998963508	-13.399617	0.0	0.0
3.636072	0.998947264	-13.418036	0.0	0.0
3.640953	0.998930987	-13.436454	0.0	0.0
3.645833	0.998914699	-13.454872	0.0	0.0
3.650713	0.998898380	-13.473289	0.0	0.0
3.655594	0.998882049	-13.491706	0.0	0.0
3.660474	0.998865686	-13.510122	0.0	0.0
3.665354	0.998849312	-13.528537	0.0	0.0
3.670235	0.998832906	-13.546951	0.0	0.0
3.675115	0.998816489	-13.565366	0.0	0.0
3.679995	0.998800040	-13.583779	0.0	0.0
3.684875	0.998783579	-13.602192	0.0	0.0
3.689756	0.998767087	-13.620604	0.0	0.0
3.694636	0.998750583	-13.639016	0.0	0.0
3.699516	0.998734058	-13.657427	0.0	0.0
3.704397	0.998717502	-13.675838	0.0	0.0
3.709277	0.998700933	-13.694248	0.0	0.0
3.714157	0.998684333	-13.712657	0.0	0.0
3.719038	0.998667722	-13.731066	0.0	0.0
3.723918	0.998651079	-13.749474	0.0	0.0
3.728798	0.998634424	-13.767881	0.0	0.0
3.733679	0.998617738	-13.786289	0.0	0.0
3.738559	0.998601040	-13.804695	0.0	0.0
3.743439	0.998584311	-13.823101	0.0	0.0
3.748320	0.998567570	-13.841506	0.0	0.0
3.753200	0.998550798	-13.859911	0.0	0.0
3.758080	0.998534014	-13.878315	0.0	0.0
3.762960	0.998517199	-13.896718	0.0	0.0
3.767841	0.998500372	-13.915121	0.0	0.0
3.772721	0.998483523	-13.933524	0.0	0.0
3.777601	0.998466643	-13.951926	0.0	0.0
3.782482	0.998449752	-13.970327	0.0	0.0
3.787362	0.998432828	-13.988728	0.0	0.0
3.792242	0.998415894	-14.007128	0.0	0.0
3.797123	0.998398928	-14.025527	0.0	0.0
3.802003	0.998381950	-14.043926	0.0	0.0
3.806883	0.998364951	-14.062325	0.0	0.0
3.811764	0.998347920	-14.080723	0.0	0.0
3.816644	0.998330877	-14.099121	0.0	0.0
3.821524	0.998313813	-14.117517	0.0	0.0
3.826405	0.998296718	-14.135914	0.0	0.0
3.831285	0.998279611	-14.154309	0.0	0.0
3.836165	0.998262483	-14.172705	0.0	0.0
3.841045	0.998245323	-14.191099	0.0	0.0
3.845926	0.998228151	-14.209493	0.0	0.0
3.850806	0.998210958	-14.227887	0.0	0.0
3.855686	0.998193733	-14.246280	0.0	0.0
3.860567	0.998176497	-14.264673	0.0	0.0
3.865447	0.998159240	-14.283065	0.0	0.0
3.870327	0.998141950	-14.301456	0.0	0.0
3.875208	0.998124650	-14.319847	0.0	0.0
3.880088	0.998107328	-14.338238	0.0	0.0
3.884968	0.998089974	-14.356628	0.0	0.0
3.889849	0.998072609	-14.375017	0.0	0.0
3.894729	0.998055222	-14.393406	0.0	0.0
3.899609	0.998037804	-14.411794	0.0	0.0
3.904490	0.998020374	-14.430182	0.0	0.0
3.909370	0.998002923	-14.448570	0.0	0.0
3.914250	0.997985440	-14.466956	0.0	0.0
3.919130	0.997967946	-14.485343	0.0	0.0
3.924011	0.997950430	-14.503728	0.0	0.0
3.928891	0.997932883	-14.522114	0.0	0.0
3.933771	0.997915324	-14.540499	0.0	0.0
3.938652	0.997897744	-14.558883	0.0	0.0
3.943532	0.997880132	-14.577267	0.0	0.0
3.948412	0.997862509	-14.595650	0.0	0.0
3.953293	0.997844854	-14.614033	0.0	0.0
3.958173	0.997827188	-14.632415	0.0	0.0
3.963053	0.997809500	-14.650796	0.0	0.0
3.967934	0.997791781	-14.669178	0.0	0.0
3.972814	0.997774050	-14.687559	0.0	0.0
3.977694	0.997756288	-14.705939	0.0	0.0
3.982575	0.997738514	-14.724319	0.0	0.0
3.987455	0.997720709	-14.742698	0.0	0.0
3.992335	0.997702893	-14.761077	0.0	0.0
3.997215	0.997685044	-14.779455	0.0	0.0
4.002096	0.997667185	-14.797833	0.0	0.0
4.006976	0.997649293	-14.816210	0.0	0.0
4.011856	0.997631391	-14.834587	0.0	0.0
4.016737	0.997613457	-14.852964	0.0	0.0
4.021617	0.997595511	-14.871340	0.0	0.0
4.026497	0.997577535	-14.889715	0.0	0.0
4.031378	0.997559546	-14.908090	0.0	0.0
4.036258	0.997541526	-14.926464	0.0	0.0
4.041138	0.997523494	-14.944839	0.0	0.0
4.046019	0.997505432	-14.963212	0.0	0.0
4.050899	0.997487357	-14.981585	0.0	0.0
4.055779	0.997469252	-14.999958	0.0	0.0
4.060660	0.997451134	-15.018330	0.0	0.0
4.065540	0.997432986	-15.036701	0.0	0.0
4.070420	0.997414825	-15.055072	0.0	0.0
4.075300	0.997396634	-15.073443	0.0	0.0
4.080181	0.997378430	-15.091814	0.0	0.0
4.085061	0.997360196	-15.110183	0.0	0.0
4.089941	0.997341940	-15.128553	0.0	0.0
4.094822	0.997323672	-15.146922	0.0	0.0
4.099702	0.997305373	-15.165290	0.0	0.0
4.104582	0.997287063	-15.183658	0.0	0.0
4.109463	0.997268721	-15.202025	0.0	0.0
4.114343	0.997250368	-15.220392	0.0	0.0
4.119223	0.997231983	-15.238759	0.0	0.0
4.124104	0.997213587	-15.257125	0.0	0.0
4.128984	0.997195159	-15.275491	0.0	0.0
4.133864	0.997176720	-15.293856	0.0	0.0
4.138745	0.997158250	-15.312221	0.0	0.0
4.143625	0.997139768	-15.330585	0.0	0.0
4.148505	0.997121264	-15.348949	0.0	0.0
4.153385	0.997102730	-15.367313	0.0	0.0
4.158266	0.997084183	-15.385676	0.0	0.0
4.163146	0.997065605	-15.404039	0.0	0.0
4.168026	0.997047016	-15.422401	0.0	0.0
4.172907	0.997028396	-15.440762	0.0	0.0
4.177787	0.997009764	-15.459124	0.0	0.0
4.182667	0.996991110	-15.477484	0.0	0.0
4.187548	0.996972425	-15.495845	0.0	0.0
4.192428	0.996953729	-15.514205	0.0	0.0
4.197308	0.996935001	-15.532565	0.0	0.0
4.202189	0.996916262	-15.550924	0.0	0.0
4.207069	0.996897501	-15.569282	0.0	0.0
4.211949	0.996878709	-15.587641	0.0	0.0
4.216830	0.996859906	-15.605998	0.0	0.0
4.221710	0.996841071	-15.624356	0.0	0.0
4.226590	0.996822225	-15.642713	0.0	0.0
4.231470	0.996803357	-15.661069	0.0	0.0
4.236351	0.996784458	-15.679426	0.0	0.0
4.241231	0.996765547	-15.697781	0.0	0.0
4.246111	0.996746616	-15.716137	0.0	0.0
4.250992	0.996727652	-15.734492	0.0	0.0
4.255872	0.996708678	-15.752846	0.0	0.0
4.260752	0.996689671	-15.771200	0.0	0.0
4.265633	0.996670654	-15.789554	0.0	0.0
4.270513	0.996651615	-15.807907	0.0	0.0
4.275393	0.996632544	-15.826260	0.0	0.0
4.280274	0.996613463	-15.844612	0.0	0.0
4.285154	0.996594349	-15.862964	0.0	0.0
4.290034	0.996575225	-15.881316	0.0	0.0
4.294915	0.996556079	-15.899667	0.0	0.0
4.299795	0.996536902	-15.918018	0.0	0.0
4.304675	0.996517713	-15.936368	0.0	0.0
4.309555	0.996498493	-15.954718	0.0	0.0
4.314436	0.996479261	-15.973068	0.0	0.0
4.319316	0.996459998	-15.991417	0.0	0.0
4.324196	0.996440724	-16.009766	0.0	0.0
4.329077	0.996421418	-16.028114	0.0	0.0
4.333957	0.996402101	-16.046462	0.0	0.0
4.338837	0.996382752	-16.064809	0.0	0.0
4.343718	0.996363393	-16.083156	0.0	0.0
4.348598	0.996344001	-16.101503	0.0	0.0
4.353478	0.996324598	-16.119850	0.0	0.0
4.358359	0.996305164	-16.138196	0.0	0.0
4.363239	0.996285719	-16.156541	0.0	0.0
4.368119	0.996266242	-16.174887	0.0	0.0
4.373000	0.996246754	-16.193231	0.0	0.0
4.377880	0.996227235	-16.211576	0.0	0.0
4.382760	0.996207694	-16.229920	0.0	0.0
4.387640	0.996188142	-16.248263	0.0	0.0
4.392521	0.996168558	-16.266607	0.0	0.0
4.397401	0.996148963	-16.284950	0.0	0.0
4.402281	0.996129336	-16.303292	0.0	0.0
4.407162	0.996109689	-16.321634	0.0	0.0
4.412042	0.996090030	-16.339976	0.0	0.0
4.416922	0.996070339	-16.358317	0.0	0.0
4.421803	0.996050637	-16.376658	0.0	0.0
4.426683	0.996030904	-16.394999	0.0	0.0
4.431563	0.996011149	-16.413339	0.0	0.0
4.436444	0.995991383	-16.431679	0.0	0.0
4.441324	0.995971586	-16.450018	0.0	0.0
4.446204	0.995951778	-16.468357	0.0	0.0
4.451085	0.995931938	-16.486696	0.0	0.0
4.455965	0.995912086	-16.505034	0.0	0.0
4.460845	0.995892204	-16.523372	0.0	0.0
4.465726	0.995872299	-16.541710	0.0	0.0
4.470606	0.995852384	-16.560047	0.0	0.0
4.475486	0.995832437	-16.578384	0.0	0.0
4.480366	0.995812479	-16.596720	0.0	0.0
4.485247	0.995792490	-16.615056	0.0	0.0
4.490127	0.995772489	-16.633392	0.0	0.0
4.495007	0.995752457	-16.651727	0.0	0.0
4.499888	0.995732414	-16.670062	0.0	0.0
4.504768	0.995712338	-16.688397	0.0	0.0
4.509648	0.995692252	-16.706732	0.0	0.0
4.514529	0.995672135	-16.725065	0.0	0.0
4.519409	0.995652006	-16.743399	0.0	0.0
4.524289	0.995631846	-16.761732	0.0	0.0
4.529170	0.995611675	-16.780065	0.0	0.0
4.534050	0.995591472	-16.798397	0.0	0.0
4.538930	0.995571258	-16.816729	0.0	0.0
4.543811	0.995551012	-16.835061	0.0	0.0
4.548691	0.995530755	-16.853393	0.0	0.0
4.553571	0.995510467	-16.871724	0.0	0.0
4.558451	0.995490168	-16.890054	0.0	0.0
4.563332	0.995469847	-16.908385	0.0	0.0
4.568212	0.995449495	-16.926715	0.0	0.0
4.573092	0.995429132	-16.945044	0.0	0.0
4.577973	0.995408737	-16.963373	0.0	0.0
4.582853	0.995388331	-16.981703	0.0	0.0
4.587733	0.995367894	-17.000031	0.0	0.0
4.592614	0.995347445	-17.018359	0.0	0.0
4.597494	0.995326975	-17.036687	0.0	0.0
4.602374	0.995306474	-17.055015	0.0	0.0
4.607255	0.995285961	-17.073342	0.0	0.0
4.612135	0.995265418	-17.091669	0.0	0.0
4.617015	0.995244862	-17.109995	0.0	0.0
4.621896	0.995224276	-17.128322	0.0	0.0
4.626776	0.995203678	-17.146647	0.0	0.0
4.631656	0.995183049	-17.164973	0.0	0.0
4.636536	0.995162408	-17.183298	0.0	0.0
4.641417	0.995141747	-17.201623	0.0	0.0
4.646297	0.995121054	-17.219947	0.0	0.0
4.651177	0.995100350	-17.238271	0.0	0.0
4.656058	0.995079614	-17.256595	0.0	0.0
4.660938	0.995058867	-17.274918	0.0	0.0
4.665818	0.995038089	-17.293242	0.0	0.0
4.670699	0.995017299	-17.311564	0.0	0.0
4.675579	0.994996479	-17.329887	0.0	0.0
4.680459	0.994975637	-17.348209	0.0	0.0
4.685340	0.994954783	-17.366530	0.0	0.0
4.690220	0.994933899	-17.384852	0.0	0.0
4.695100	0.994913003	-17.403173	0.0	0.0
4.699981	0.994892076	-17.421494	0.0	0.0
4.704861	0.994871137	-17.439814	0.0	0.0
4.709741	0.994850168	-17.458134	0.0	0.0
4.714621	0.994829177	-17.476454	0.0	0.0
4.719502	0.994808174	-17.494774	0.0	0.0
4.724382	0.994787141	-17.513093	0.0	0.0
4.729262	0.994766096	-17.531411	0.0	0.0
4.734143	0.994745020	-17.549730	0.0	0.0
4.739023	0.994723922	-17.568048	0.0	0.0
4.743903	0.994702814	-17.586366	0.0	0.0
4.748784	0.994681674	-17.604683	0.0	0.0
4.753664	0.994660513	-17.623001	0.0	0.0
4.758544	0.994639341	-17.641317	0.0	0.0
4.763425	0.994618137	-17.659634	0.0	0.0
4.768305	0.994596922	-17.677950	0.0	0.0
4.773185	0.994575676	-17.696266	0.0	0.0
4.778066	0.994554408	-17.714582	0.0	0.0
4.782946	0.994533130	-17.732897	0.0	0.0
4.787826	0.994511820	-17.751212	0.0	0.0
4.792706	0.994490489	-17.769527	0.0	0.0
4.797587	0.994469146	-17.787841	0.0	0.0
4.802467	0.994447772	-17.806155	0.0	0.0
4.807347	0.994426378	-17.824468	0.0	0.0
4.812228	0.994404971	-17.842782	0.0	0.0
4.817108	0.994383534	-17.861095	0.0	0.0
4.821988	0.994362075	-17.879408	0.0	0.0
4.826869	0.994340605	-17.897720	0.0	0.0
4.831749	0.994319104	-17.916032	0.0	0.0
4.836629	0.994297592	-17.934344	0.0	0.0
4.841510	0.994276048	-17.952655	0.0	0.0
4.846390	0.994254483	-17.970967	0.0	0.0
4.851270	0.994232907	-17.989278	0.0	0.0
4.856151	0.994211299	-18.007588	0.0	0.0
4.861031	0.994189681	-18.025898	0.0	0.0
4.865911	0.994168031	-18.044208	0.0	0.0
4.870791	0.994146370	-18.062518	0.0	0.0
4.875672	0.994124678	-18.080827	0.0	0.0
4.880552	0.994102974	-18.099136	0.0	0.0
4.885432	0.994081240	-18.117445	0.0	0.0
4.890313	0.994059493	-18.135754	0.0	0.0
4.895193	0.994037716	-18.154062	0.0	0.0
4.900073	0.994015918	-18.172370	0.0	0.0
4.904954	0.993994108	-18.190677	0.0	0.0
4.909834	0.993972267	-18.208984	0.0	0.0
4.914714	0.993950415	-18.227291	0.0	0.0
4.919595	0.993928532	-18.245598	0.0	0.0
4.924475	0.993906638	-18.263904	0.0	0.0
4.929355	0.993884722	-18.282210	0.0	0.0
4.934236	0.993862775	-18.300516	0.0	0.0
4.939116	0.993840817	-18.318821	0.0	0.0
4.943996	0.993818827	-18.337126	0.0	0.0
4.948876	0.993796827	-18.355431	0.0	0.0
4.953757	0.993774795	-18.373736	0.0	0.0
4.958637	0.993752752	-18.392040	0.0	0.0
4.963517	0.993730678	-18.410344	0.0	0.0
4.968398	0.993708592	-18.428648	0.0	0.0
4.973278	0.993686476	-18.446951	0.0	0.0
4.978158	0.993664348	-18.465254	0.0	0.0
4.983039	0.993642189	-18.483557	0.0	0.0
4.987919	0.993620019	-18.501859	0.0	0.0
4.992799	0.993597818	-18.520161	0.0	0.0
4.997680	0.993575606	-18.538463	0.0	0.0
5.002560	0.993553362	-18.556765	0.0	0.0
5.007440	0.993531107	-18.575066	0.0	0.0
5.012321	0.993508821	-18.593367	0.0	0.0
5.017201	0.993486523	-18.611668	0.0	0.0
5.022081	0.993464195	-18.629969	0.0	0.0
5.026961	0.993441845	-18.648269	0.0	0.0
5.031842	0.993419485	-18.666569	0.0	0.0
5.036722	0.993397093	-18.684868	0.0	0.0
5.041602	0.993374690	-18.703167	0.0	0.0
5.046483	0.993352255	-18.721467	0.0	0.0
5.051363	0.993329799	-18.739765	0.0	0.0
5.056243	0.993307333	-18.758064	0.0	0.0
5.061124	0.993284835	-18.776362	0.0	0.0
5.066004	0.993262326	-18.794660	0.0	0.0
5.070884	0.993239786	-18.812957	0.0	0.0
5.075765	0.993217225	-18.831255	0.0	0.0
5.080645	0.993194652	-18.849552	0.0	0.0
5.085525	0.993172048	-18.867849	0.0	0.0
5.090406	0.993149423	-18.886145	0.0	0.0
5.095286	0.993126787	-18.904442	0.0	0.0
5.100166	0.993104120	-18.922737	0.0	0.0
5.105046	0.993081432	-18.941033	0.0	0.0
5.109927	0.993058732	-18.959328	0.0	0.0
5.114807	0.993036002	-18.977623	0.0	0.0
5.119687	0.993013250	-18.995918	0.0	0.0
5.124568	0.992990487	-19.014213	0.0	0.0
5.129448	0.992967693	-19.032507	0.0	0.0
5.134328	0.992944877	-19.050801	0.0	0.0
5.139209	0.992922041	-19.069095	0.0	0.0
5.144089	0.992899194	-19.087389	0.0	0.0
5.148969	0.992876315	-19.105682	0.0	0.0
5.153850	0.992853415	-19.123975	0.0	0.0
5.158730	0.992830504	-19.142267	0.0	0.0
5.163610	0.992807562	-19.160560	0.0	0.0
5.168491	0.992784599	-19.178852	0.0	0.0
5.173371	0.992761624	-19.197144	0.0	0.0
5.178251	0.992738619	-19.215435	0.0	0.0
5.183131	0.992715592	-19.233726	0.0	0.0
5.188012	0.992692554	-19.252017	0.0	0.0
5.192892	0.992669486	-19.270308	0.0	0.0
5.197772	0.992646406	-19.288599	0.0	0.0
5.202653	0.992623294	-19.306889	0.0	0.0
5.207533	0.992600162	-19.325179	0.0	0.0
5.212413	0.992577018	-19.343469	0.0	0.0
5.217294	0.992553844	-19.361758	0.0	0.0
5.222174	0.992530658	-19.380047	0.0	0.0
5.227054	0.992507442	-19.398336	0.0	0.0
5.231935	0.992484204	-19.416625	0.0	0.0
5.236815	0.992460954	-19.434913	0.0	0.0
5.241695	0.992437674	-19.453201	0.0	0.0
5.246576	0.992414383	-19.471489	0.0	0.0
5.251456	0.992391061	-19.489777	0.0	0.0
5.256336	0.992367727	-19.508064	0.0	0.0
5.261216	0.992344363	-19.526351	0.0	0.0
5.266097	0.992320987	-19.544638	0.0	0.0
5.270977	0.992297580	-19.562924	0.0	0.0
5.275857	0.992274162	-19.581211	0.0	0.0
5.280738	0.992250713	-19.599497	0.0	0.0
5.285618	0.992227253	-19.617783	0.0	0.0
5.290498	0.992203762	-19.636068	0.0	0.0
5.295379	0.992180259	-19.654353	0.0	0.0
5.300259	0.992156726	-19.672638	0.0	0.0
5.305139	0.992133182	-19.690923	0.0	0.0
5.310020	0.992109606	-19.709207	0.0	0.0
5.314900	0.992086019	-19.727492	0.0	0.0
5.319780	0.992062401	-19.745776	0.0	0.0
5.324661	0.992038772	-19.764059	0.0	0.0
5.329541	0.992015112	-19.782343	0.0	0.0
5.334421	0.991991441	-19.800626	0.0	0.0
5.339301	0.991967739	-19.818909	0.0	0.0
5.344182	0.991944026	-19.837191	0.0	0.0
5.349062	0.991920282	-19.855474	0.0	0.0
5.353942	0.991896526	-19.873756	0.0	0.0
5.358823	0.991872740	-19.892038	0.0	0.0
5.363703	0.991848942	-19.910320	0.0	0.0
5.368583	0.991825114	-19.928601	0.0	0.0
5.373464	0.991801264	-19.946882	0.0	0.0
5.378344	0.991777403	-19.965163	0.0	0.0
5.383224	0.991753512	-19.983444	0.0	0.0
5.388105	0.991729609	-20.001724	0.0	0.0
5.392985	0.991705674	-20.020004	0.0	0.0
5.397865	0.991681719	-20.038284	0.0	0.0
5.402746	0.991657753	-20.056564	0.0	0.0
5.407626	0.991633756	-20.074843	0.0	0.0
5.412506	0.991609748	-20.093122	0.0	0.0
5.417386	0.991585709	-20.111401	0.0	0.0
5.422267	0.991561649	-20.129680	0.0	0.0
5.427147	0.991537577	-20.147958	0.0	0.0
5.432027	0.991513474	-20.166237	0.0	0.0
5.436908	0.991489351	-20.184515	0.0	0.0
5.441788	0.991465216	-20.202792	0.0	0.0
5.446668	0.991441051	-20.221070	0.0	0.0
5.451549	0.991416864	-20.239347	0.0	0.0
5.456429	0.991392667	-20.257624	0.0	0.0
5.461309	0.991368438	-20.275900	0.0	0.0
5.466190	0.991344188	-20.294177	0.0	0.0
5.471070	0.991319927	-20.312453	0.0	0.0
5.475950	0.991295635	-20.330729	0.0	0.0
5.480831	0.991271322	-20.349005	0.0	0.0
5.485711	0.991246988	-20.367281	0.0	0.0
5.490591	0.991222643	-20.385556	0.0	0.0
5.495471	0.991198268	-20.403831	0.0	0.0
5.500352	0.991173871	-20.422105	0.0	0.0
5.505232	0.991149462	-20.440380	0.0	0.0
5.510112	0.991125023	-20.458655	0.0	0.0
5.514993	0.991100563	-20.476929	0.0	0.0
5.519873	0.991076092	-20.495202	0.0	0.0
5.524753	0.991051590	-20.513476	0.0	0.0
5.529634	0.991027066	-20.531749	0.0	0.0
5.534514	0.991002532	-20.550022	0.0	0.0
5.539394	0.990977967	-20.568295	0.0	0.0
5.544275	0.990953381	-20.586568	0.0	0.0
5.549155	0.990928783	-20.604840	0.0	0.0
5.554035	0.990904155	-20.623112	0.0	0.0
5.558916	0.990879516	-20.641384	0.0	0.0
5.563796	0.990854845	-20.659656	0.0	0.0
5.568676	0.990830154	-20.677927	0.0	0.0
5.573556	0.990805452	-20.696198	0.0	0.0
5.578437	0.990780718	-20.714469	0.0	0.0
5.583317	0.990755974	-20.732740	0.0	0.0
5.588197	0.990731198	-20.751011	0.0	0.0
5.593078	0.990706402	-20.769281	0.0	0.0
5.597958	0.990681595	-20.787551	0.0	0.0
5.602838	0.990656756	-20.805821	0.0	0.0
5.607719	0.990631907	-20.824090	0.0	0.0
5.612599	0.990607027	-20.842360	0.0	0.0
5.617479	0.990582135	-20.860629	0.0	0.0
5.622360	0.990557212	-20.878898	0.0	0.0
5.627240	0.990532279	-20.897166	0.0	0.0
5.632120	0.990507315	-20.915435	0.0	0.0
5.637001	0.990482339	-20.933703	0.0	0.0
5.641881	0.990457333	-20.951971	0.0	0.0
5.646761	0.990432316	-20.970238	0.0	0.0
5.651641	0.990407268	-20.988506	0.0	0.0
5.656522	0.990382208	-21.006773	0.0	0.0
5.661402	0.990357118	-21.025040	0.0	0.0
5.666282	0.990332016	-21.043307	0.0	0.0
5.671163	0.990306884	-21.061574	0.0	0.0
5.676043	0.990281741	-21.079840	0.0	0.0
5.680923	0.990256567	-21.098106	0.0	0.0
5.685804	0.990231382	-21.116372	0.0	0.0
5.690684	0.990206166	-21.134638	0.0	0.0
5.695564	0.990180939	-21.152903	0.0	0.0
5.700445	0.990155680	-21.171169	0.0	0.0
5.705325	0.990130401	-21.189433	0.0	0.0
5.710205	0.990105111	-21.207698	0.0	0.0
5.715086	0.990079790	-21.225963	0.0	0.0
5.719966	0.990054459	-21.244227	0.0	0.0
5.724846	0.990029096	-21.262491	0.0	0.0
5.729726	0.990003722	-21.280755	0.0	0.0
5.734607	0.989978317	-21.299018	0.0	0.0
5.739487	0.989952891	-21.317282	0.0	0.0
5.744367	0.989927454	-21.335545	0.0	0.0
5.749248	0.989901987	-21.353808	0.0	0.0
5.754128	0.989876498	-21.372071	0.0	0.0
5.759008	0.989850999	-21.390333	0.0	0.0
5.763889	0.989825468	-21.408596	0.0	0.0
5.768769	0.989799917	-21.426858	0.0	0.0
5.773649	0.989774355	-21.445119	0.0	0.0
5.778530	0.989748761	-21.463381	0.0	0.0
5.783410	0.989723147	-21.481643	0.0	0.0
5.788290	0.989697521	-21.499904	0.0	0.0
5.793171	0.989671865	-21.518165	0.0	0.0
5.798051	0.989646188	-21.536425	0.0	0.0
5.802931	0.989620500	-21.554686	0.0	0.0
5.807811	0.989594782	-21.572946	0.0	0.0
5.812692	0.989569042	-21.591206	0.0	0.0
5.817572	0.989543281	-21.609466	0.0	0.0
5.822452	0.989517509	-21.627726	0.0	0.0
5.827333	0.989491706	-21.645985	0.0	0.0
5.832213	0.989465883	-21.664245	0.0	0.0
5.837093	0.989440038	-21.682504	0.0	0.0
5.841974	0.989414183	-21.700762	0.0	0.0
5.846854	0.989388297	-21.719021	0.0	0.0
5.851734	0.989362389	-21.737279	0.0	0.0
5.856615	0.989336471	-21.755538	0.0	0.0
5.861495	0.989310522	-21.773795	0.0	0.0
5.866375	0.989284552	-21.792053	0.0	0.0
5.871256	0.989258561	-21.810311	0.0	0.0
5.876136	0.989232559	-21.828568	0.0	0.0
5.881016	0.989206526	-21.846825	0.0	0.0
5.885896	0.989180473	-21.865082	0.0	0.0
5.890777	0.989154408	-21.883338	0.0	0.0
5.895657	0.989128312	-21.901595	0.0	0.0
5.900537	0.989102196	-21.919851	0.0	0.0
5.905418	0.989076069	-21.938107	0.0	0.0
5.910298	0.989049911	-21.956363	0.0	0.0
5.915178	0.989023732	-21.974618	0.0	0.0
5.920059	0.988997542	-21.992874	0.0	0.0
5.924939	0.988971321	-22.011129	0.0	0.0
5.929819	0.988945080	-22.029383	0.0	0.0
5.934700	0.988918826	-22.047639	0.0	0.0
5.939580	0.988892543	-22.065893	0.0	0.0
5.944460	0.988866249	-22.084147	0.0	0.0
5.949341	0.988839923	-22.102401	0.0	0.0
5.954221	0.988813577	-22.120655	0.0	0.0
5.959101	0.988787220	-22.138909	0.0	0.0
5.963981	0.988760832	-22.157162	0.0	0.0
5.968862	0.988734433	-22.175415	0.0	0.0
5.973742	0.988708003	-22.193669	0.0	0.0
5.978622	0.988681563	-22.211921	0.0	0.0
5.983503	0.988655091	-22.230174	0.0	0.0
5.988383	0.988628599	-22.248426	0.0	0.0
5.993263	0.988602096	-22.266678	0.0	0.0
5.998144	0.988575562	-22.284930	0.0	0.0
6.003024	0.988549017	-22.303182	0.0	0.0
6.007904	0.988522441	-22.321434	0.0	0.0
6.012785	0.988495854	-22.339685	0.0	0.0
6.017665	0.988469237	-22.357936	0.0	0.0
6.022545	0.988442608	-22.376187	0.0	0.0
6.027426	0.988415949	-22.394438	0.0	0.0
6.032306	0.988389269	-22.412688	0.0	0.0
6.037186	0.988362578	-22.430939	0.0	0.0
6.042066	0.988335857	-22.449189	0.0	0.0
6.046947	0.988309123	-22.467439	0.0	0.0
6.051827	0.988282360	-22.485689	0.0	0.0
6.056707	0.988255576	-22.503938	0.0	0.0
6.061588	0.988228780	-22.522187	0.0	0.0
6.066468	0.988201955	-22.540436	0.0	0.0
6.071348	0.988175118	-22.558685	0.0	0.0
6.076229	0.988148250	-22.576934	0.0	0.0
6.081109	0.988121361	-22.595182	0.0	0.0
6.085989	0.988094461	-22.613431	0.0	0.0
6.090870	0.988067531	-22.631679	0.0	0.0
6.095750	0.988040580	-22.649927	0.0	0.0
6.100630	0.988013618	-22.668174	0.0	0.0
6.105511	0.987986626	-22.686422	0.0	0.0
6.110391	0.987959612	-22.704669	0.0	0.0
6.115271	0.987932588	-22.722916	0.0	0.0
6.120151	0.987905533	-22.741163	0.0	0.0
6.125032	0.987878456	-22.759410	0.0	0.0
6.129912	0.987851359	-22.777656	0.0	0.0
6.134792	0.987824252	-22.795902	0.0	0.0
6.139673	0.987797113	-22.814148	0.0	0.0
6.144553	0.987769954	-22.832394	0.0	0.0
6.149433	0.987742774	-22.850640	0.0	0.0
6.154314	0.987715583	-22.868885	0.0	0.0
6.159194	0.987688361	-22.887130	0.0	0.0
6.164074	0.987661118	-22.905376	0.0	0.0
6.168955	0.987633855	-22.923620	0.0	0.0
6.173835	0.987606570	-22.941865	0.0	0.0
6.178715	0.987579275	-22.960109	0.0	0.0
6.183596	0.987551950	-22.978354	0.0	0.0
6.188476	0.987524603	-22.996598	0.0	0.0
6.193356	0.987497236	-23.014841	0.0	0.0
6.198236	0.987469857	-23.033085	0.0	0.0
6.203117	0.987442448	-23.051329	0.0	0.0
6.207997	0.987415018	-23.069572	0.0	0.0
6.212877	0.987387568	-23.087815	0.0	0.0
6.217758	0.987360106	-23.106058	0.0	0.0
6.222638	0.987332614	-23.124300	0.0	0.0
6.227518	0.987305101	-23.142543	0.0	0.0
6.232399	0.987277567	-23.160785	0.0	0.0
6.237279	0.987250023	-23.179027	0.0	0.0
6.242159	0.987222447	-23.197269	0.0	0.0
6.247040	0.987194851	-23.215511	0.0	0.0
6.251920	0.987167244	-23.233752	0.0	0.0
6.256800	0.987139606	-23.251993	0.0	0.0
6.261681	0.987111948	-23.270234	0.0	0.0
6.266561	0.987084278	-23.288475	0.0	0.0
6.271441	0.987056578	-23.306716	0.0	0.0
6.276321	0.987028858	-23.324956	0.0	0.0
6.281202	0.987001125	-23.343197	0.0	0.0
6.286082	0.986973363	-23.361437	0.0	0.0
6.290962	0.986945580	-23.379677	0.0	0.0
6.295843	0.986917786	-23.397917	0.0	0.0
6.300723	0.986889961	-23.416156	0.0	0.0
6.305603	0.986862126	-23.434395	0.0	0.0
6.310484	0.986834260	-23.452634	0.0	0.0
6.315364	0.986806373	-23.470873	0.0	0.0
6.320244	0.986778474	-23.489112	0.0	0.0
6.325125	0.986750546	-23.507351	0.0	0.0
6.330005	0.986722607	-23.525589	0.0	0.0
6.334885	0.986694637	-23.543827	0.0	0.0
6.339766	0.986666656	-23.562065	0.0	0.0
6.344646	0.986638645	-23.580303	0.0	0.0
6.349526	0.986610612	-23.598541	0.0	0.0
6.354406	0.986582569	-23.616778	0.0	0.0
6.359287	0.986554495	-23.635015	0.0	0.0
6.364167	0.986526411	-23.653252	0.0	0.0
6.369047	0.986498295	-23.671489	0.0	0.0
6.373928	0.986470160	-23.689726	0.0	0.0
6.378808	0.986442013	-23.707962	0.0	0.0
6.383688	0.986413835	-23.726198	0.0	0.0
6.388569	0.986385647	-23.744434	0.0	0.0
6.393449	0.986357428	-23.762670	0.0	0.0
6.398329	0.986329188	-23.780906	0.0	0.0
6.403210	0.986300938	-23.799142	0.0	0.0
6.408090	0.986272657	-23.817377	0.0	0.0
6.412970	0.986244355	-23.835612	0.0	0.0
6.417851	0.986216042	-23.853847	0.0	0.0
6.422731	0.986187699	-23.872081	0.0	0.0
6.427611	0.986159335	-23.890316	0.0	0.0
6.432492	0.986130960	-23.908551	0.0	0.0
6.437372	0.986102555	-23.926785	0.0	0.0
6.442252	0.986074128	-23.945019	0.0	0.0
6.447132	0.986045692	-23.963252	0.0	0.0
6.452013	0.986017224	-23.981486	0.0	0.0
6.456893	0.985988736	-23.999719	0.0	0.0
6.461773	0.985960227	-24.017953	0.0	0.0
6.466654	0.985931707	-24.036186	0.0	0.0
6.471534	0.985903156	-24.054419	0.0	0.0
6.476414	0.985874585	-24.072651	0.0	0.0
6.481295	0.985845993	-24.090884	0.0	0.0
6.486175	0.985817391	-24.109116	0.0	0.0
6.491055	0.985788758	-24.127348	0.0	0.0
6.495936	0.985760104	-24.145580	0.0	0.0
6.500816	0.985731429	-24.163812	0.0	0.0
6.505696	0.985702734	-24.182043	0.0	0.0
6.510577	0.985674027	-24.200275	0.0	0.0
6.515457	0.985645291	-24.218506	0.0	0.0
6.520337	0.985616533	-24.236737	0.0	0.0
6.525217	0.985587755	-24.254968	0.0	0.0
6.530098	0.985558957	-24.273198	0.0	0.0
6.534978	0.985530147	-24.291428	0.0	0.0
6.539858	0.985501307	-24.309659	0.0	0.0
6.544739	0.985472446	-24.327889	0.0	0.0
6.549619	0.985443564	-24.346119	0.0	0.0
6.554499	0.985414662	-24.364349	0.0	0.0
6.559380	0.985385749	-24.382578	0.0	0.0
6.564260	0.985356806	-24.400807	0.0	0.0
6.569140	0.985327842	-24.419036	0.0	0.0
6.574021	0.985298857	-24.437265	0.0	0.0
6.578901	0.985269861	-24.455494	0.0	0.0
6.583781	0.985240835	-24.473723	0.0	0.0
6.588662	0.985211788	-24.491951	0.0	0.0
6.593542	0.985182730	-24.510179	0.0	0.0
6.598422	0.985153642	-24.528407	0.0	0.0
6.603302	0.985124533	-24.546635	0.0	0.0
6.608183	0.985095404	-24.564863	0.0	0.0
6.613063	0.985066264	-24.583090	0.0	0.0
6.617943	0.985037093	-24.601318	0.0	0.0
6.622824	0.985007902	-24.619545	0.0	0.0
6.627704	0.984978699	-24.637772	0.0	0.0
6.632584	0.984949466	-24.655999	0.0	0.0
6.637465	0.984920223	-24.674225	0.0	0.0
6.642345	0.984890949	-24.692452	0.0	0.0
6.647225	0.984861654	-24.710678	0.0	0.0
6.652106	0.984832349	-24.728904	0.0	0.0
6.656986	0.984803013	-24.747129	0.0	0.0
6.661866	0.984773656	-24.765355	0.0	0.0
6.666747	0.984744288	-24.783581	0.0	0.0
6.671627	0.984714890	-24.801806	0.0	0.0
6.676507	0.984685482	-24.820031	0.0	0.0
6.681387	0.984656043	-24.838256	0.0	0.0
6.686268	0.984626583	-24.856481	0.0	0.0
6.691148	0.984597112	-24.874705	0.0	0.0
6.696028	0.984567611	-24.892930	0.0	0.0
6.700909	0.984538100	-24.911154	0.0	0.0
6.705789	0.984508557	-24.929378	0.0	0.0
6.710669	0.984478994	-24.947602	0.0	0.0
6.715550	0.984449420	-24.965826	0.0	0.0
6.720430	0.984419816	-24.984049	0.0	0.0
6.725310	0.984390191	-25.002273	0.0	0.0
6.730191	0.984360556	-25.020496	0.0	0.0
6.735071	0.984330890	-25.038719	0.0	0.0
6.739951	0.984301203	-25.056941	0.0	0.0
6.744832	0.984271505	-25.075164	0.0	0.0
6.749712	0.984241778	-25.093387	0.0	0.0
6.754592	0.984212029	-25.111609	0.0	0.0
6.759472	0.984182270	-25.129831	0.0	0.0
6.764353	0.984152481	-25.148053	0.0	0.0
6.769233	0.984122670	-25.166275	0.0	0.0
6.774113	0.984092840	-25.184496	0.0	0.0
6.778994	0.984062998	-25.202717	0.0	0.0
6.783874	0.984033125	-25.220939	0.0	0.0
6.788754	0.984003233	-25.239160	0.0	0.0
6.793635	0.983973320	-25.257381	0.0	0.0
6.798515	0.983943396	-25.275601	0.0	0.0
6.803395	0.983913441	-25.293822	0.0	0.0
6.808276	0.983883466	-25.312042	0.0	0.0
6.813156	0.983853471	-25.330262	0.0	0.0
6.818036	0.983823454	-25.348482	0.0	0.0
6.822917	0.983793417	-25.366702	0.0	0.0
6.827797	0.983763370	-25.384922	0.0	0.0
6.832677	0.983733292	-25.403141	0.0	0.0
6.837557	0.983703194	-25.421360	0.0	0.0
6.842438	0.983673075	-25.439579	0.0	0.0
6.847318	0.983642935	-25.457798	0.0	0.0
6.852198	0.983612775	-25.476017	0.0	0.0
6.857079	0.983582603	-25.494236	0.0	0.0
6.861959	0.983552402	-25.512454	0.0	0.0
6.866839	0.983522180	-25.530672	0.0	0.0
6.871720	0.983491938	-25.548890	0.0	0.0
6.876600	0.983461675	-25.567108	0.0	0.0
6.881480	0.983431391	-25.585326	0.0	0.0
6.886361	0.983401097	-25.603543	0.0	0.0
6.891241	0.983370772	-25.621761	0.0	0.0
6.896121	0.983340427	-25.639978	0.0	0.0
6.901002	0.983310061	-25.658195	0.0	0.0
6.905882	0.983279684	-25.676412	0.0	0.0
6.910762	0.983249277	-25.694628	0.0	0.0
6.915642	0.983218850	-25.712845	0.0	0.0
6.920523	0.983188402	-25.731061	0.0	0.0
6.925403	0.983157943	-25.749277	0.0	0.0
6.930283	0.983127454	-25.767493	0.0	0.0
6.935164	0.983096944	-25.785709	0.0	0.0
6.940044	0.983066414	-25.803925	0.0	0.0
6.944924	0.983035873	-25.822140	0.0	0.0
6.949805	0.983005302	-25.840355	0.0	0.0
6.954685	0.982974710	-25.858570	0.0	0.0
6.959565	0.982944108	-25.876785	0.0	0.0
6.964446	0.982913475	-25.895000	0.0	0.0
6.969326	0.982882821	-25.913214	0.0	0.0
6.974206	0.982852157	-25.931429	0.0	0.0
6.979087	0.982821462	-25.949643	0.0	0.0
6.983967	0.982790747	-25.967857	0.0	0.0
6.988847	0.982760022	-25.986071	0.0	0.0
6.993727	0.982729266	-26.004285	0.0	0.0
6.998608	0.982698489	-26.022498	0.0	0.0
7.003488	0.982667702	-26.040712	0.0	0.0
7.008368	0.982636885	-26.058925	0.0	0.0
7.013249	0.982606056	-26.077138	0.0	0.0
7.018129	0.982575197	-26.095351	0.0	0.0
7.023009	0.982544318	-26.113564	0.0	0.0
7.027890	0.982513428	-26.131776	0.0	0.0
7.032770	0.982482508	-26.149989	0.0	0.0
7.037650	0.982451568	-26.168201	0.0	0.0
7.042531	0.982420616	-26.186413	0.0	0.0
7.047411	0.982389635	-26.204624	0.0	0.0
7.052291	0.982358632	-26.222836	0.0	0.0
7.057172	0.982327610	-26.241048	0.0	0.0
7.062052	0.982296576	-26.259259	0.0	0.0
7.066932	0.982265513	-26.277470	0.0	0.0
7.071812	0.982234429	-26.295681	0.0	0.0
7.076693	0.982203334	-26.313892	0.0	0.0
7.081573	0.982172209	-26.332103	0.0	0.0
7.086453	0.982141063	-26.350313	0.0	0.0
7.091334	0.982109897	-26.368524	0.0	0.0
7.096214	0.982078710	-26.386734	0.0	0.0
7.101094	0.982047513	-26.404944	0.0	0.0
7.105975	0.982016286	-26.423153	0.0	0.0
7.110855	0.981985038	-26.441363	0.0	0.0
7.115735	0.981953769	-26.459572	0.0	0.0
7.120616	0.981922480	-26.477782	0.0	0.0
7.125496	0.981891181	-26.495991	0.0	0.0
7.130376	0.981859850	-26.514200	0.0	0.0
7.135257	0.981828500	-26.532409	0.0	0.0
7.140137	0.981797129	-26.550617	0.0	0.0
7.145017	0.981765738	-26.568826	0.0	0.0
7.149897	0.981734326	-26.587034	0.0	0.0
7.154778	0.981702894	-26.605242	0.0	0.0
7.159658	0.981671441	-26.623450	0.0	0.0
7.164538	0.981639978	-26.641658	0.0	0.0
7.169419	0.981608484	-26.659866	0.0	0.0
7.174299	0.981576970	-26.678073	0.0	0.0
7.179179	0.981545435	-26.696280	0.0	0.0
7.184060	0.981513881	-26.714488	0.0	0.0
7.188940	0.981482305	-26.732694	0.0	0.0
7.193820	0.981450709	-26.750901	0.0	0.0
7.198701	0.981419093	-26.769108	0.0	0.0
7.203581	0.981387466	-26.787315	0.0	0.0
7.208461	0.981355808	-26.805521	0.0	0.0
7.213342	0.981324131	-26.823727	0.0	0.0
7.218222	0.981292433	-26.841933	0.0	0.0
7.223102	0.981260714	-26.860139	0.0	0.0
7.227982	0.981228976	-26.878344	0.0	0.0
7.232863	0.981197226	-26.896550	0.0	0.0
7.237743	0.981165446	-26.914755	0.0	0.0
7.242623	0.981133645	-26.932960	0.0	0.0
7.247504	0.981101825	-26.951165	0.0	0.0
7.252384	0.981069994	-26.969370	0.0	0.0
7.257264	0.981038132	-26.987574	0.0	0.0
7.262145	0.981006250	-27.005779	0.0	0.0
7.267025	0.980974348	-27.023983	0.0	0.0
7.271905	0.980942435	-27.042187	0.0	0.0
7.276786	0.980910492	-27.060391	0.0	0.0
7.281666	0.980878528	-27.078595	0.0	0.0
7.286546	0.980846553	-27.096799	0.0	0.0
7.291427	0.980814549	-27.115002	0.0	0.0
7.296307	0.980782524	-27.133206	0.0	0.0
7.301187	0.980750489	-27.151409	0.0	0.0
7.306067	0.980718423	-27.169612	0.0	0.0
7.310948	0.980686337	-27.187814	0.0	0.0
7.315828	0.980654241	-27.206017	0.0	0.0
7.320708	0.980622113	-27.224220	0.0	0.0
7.325589	0.980589966	-27.242422	0.0	0.0
7.330469	0.980557798	-27.260624	0.0	0.0
7.335349	0.980525620	-27.278826	0.0	0.0
7.340230	0.980493412	-27.297028	0.0	0.0
7.345110	0.980461183	-27.315230	0.0	0.0
7.349990	0.980428943	-27.333431	0.0	0.0
7.354871	0.980396674	-27.351632	0.0	0.0
7.359751	0.980364383	-27.369834	0.0	0.0
7.364631	0.980332073	-27.388035	0.0	0.0
7.369512	0.980299752	-27.406236	0.0	0.0
7.374392	0.980267401	-27.424436	0.0	0.0
7.379272	0.980235029	-27.442637	0.0	0.0
7.384152	0.980202637	-27.460837	0.0	0.0
7.389033	0.980170225	-27.479037	0.0	0.0
7.393913	0.980137802	-27.497237	0.0	0.0
7.398793	0.980105348	-27.515437	0.0	0.0
7.403674	0.980072875	-27.533637	0.0	0.0
7.408554	0.980040381	-27.551837	0.0	0.0
7.413434	0.980007867	-27.570036	0.0	0.0
7.418315	0.979975333	-27.588235	0.0	0.0
7.423195	0.979942778	-27.606434	0.0	0.0
7.428075	0.979910203	-27.624633	0.0	0.0
7.432956	0.979877607	-27.642832	0.0	0.0
7.437836	0.979845000	-27.661031	0.0	0.0
7.442716	0.979812364	-27.679229	0.0	0.0
7.447597	0.979779707	-27.697427	0.0	0.0
7.452477	0.979747030	-27.715625	0.0	0.0
7.457357	0.979714333	-27.733823	0.0	0.0
7.462237	0.979681615	-27.752021	0.0	0.0
7.467118	0.979648877	-27.770219	0.0	0.0
7.471998	0.979616119	-27.788416	0.0	0.0
7.476878	0.979583339	-27.806614	0.0	0.0
7.481759	0.979550540	-27.824811	0.0	0.0
7.486639	0.979517721	-27.843008	0.0	0.0
7.491519	0.979484881	-27.861204	0.0	0.0
7.496400	0.979452021	-27.879401	0.0	0.0
7.501280	0.979419141	-27.897597	0.0	0.0
7.506160	0.979386250	-27.915794	0.0	0.0
7.511041	0.979353329	-27.933990	0.0	0.0
7.515921	0.979320387	-27.952186	0.0	0.0
7.520801	0.979287425	-27.970382	0.0	0.0
7.525682	0.979254443	-27.988578	0.0	0.0
7.530562	0.979221440	-28.006773	0.0	0.0
7.535442	0.979188427	-28.024968	0.0	0.0
7.540322	0.979155384	-28.043163	0.0	0.0
7.545203	0.979122321	-28.061358	0.0	0.0
7.550083	0.979089237	-28.079553	0.0	0.0
7.554963	0.979056142	-28.097748	0.0	0.0
7.559844	0.979023018	-28.115943	0.0	0.0
7.564724	0.978989874	-28.134137	0.0	0.0
7.569604	0.978956709	-28.152331	0.0	0.0
7.574485	0.978923533	-28.170526	0.0	0.0
7.579365	0.978890328	-28.188719	0.0	0.0
7.584245	0.978857102	-28.206913	0.0	0.0
7.589126	0.978823865	-28.225107	0.0	0.0
7.594006	0.978790598	-28.243300	0.0	0.0
7.598886	0.978757312	-28.261494	0.0	0.0
7.603767	0.978724004	-28.279687	0.0	0.0
7.608647	0.978690687	-28.297880	0.0	0.0
7.613527	0.978657339	-28.316072	0.0	0.0
7.618407	0.978623971	-28.334265	0.0	0.0
7.623288	0.978590593	-28.352458	0.0	0.0
7.628168	0.978557184	-28.370650	0.0	0.0
7.633048	0.978523755	-28.388842	0.0	0.0
7.637929	0.978490306	-28.407034	0.0	0.0
7.642809	0.978456837	-28.425226	0.0	0.0
7.647689	0.978423357	-28.443418	0.0	0.0
7.652570	0.978389847	-28.461609	0.0	0.0
7.657450	0.978356317	-28.479801	0.0	0.0
7.662330	0.978322766	-28.497992	0.0	0.0
7.667211	0.978289195	-28.516183	0.0	0.0
7.672091	0.978255604	-28.534374	0.0	0.0
7.676971	0.978221992	-28.552565	0.0	0.0
7.681852	0.978188361	-28.570755	0.0	0.0
7.686732	0.978154709	-28.588946	0.0	0.0
7.691612	0.978121037	-28.607136	0.0	0.0
7.696492	0.978087345	-28.625326	0.0	0.0
7.701373	0.978053632	-28.643516	0.0	0.0
7.706253	0.978019898	-28.661706	0.0	0.0
7.711133	0.977986145	-28.679896	0.0	0.0
7.716014	0.977952372	-28.698085	0.0	0.0
7.720894	0.977918578	-28.716274	0.0	0.0
7.725774	0.977884764	-28.734464	0.0	0.0
7.730655	0.977850930	-28.752653	0.0	0.0
7.735535	0.977817086	-28.770841	0.0	0.0
7.740415	0.977783211	-28.789030	0.0	0.0
7.745296	0.977749316	-28.807219	0.0	0.0
7.750176	0.977715400	-28.825407	0.0	0.0
7.755056	0.977681465	-28.843595	0.0	0.0
7.759937	0.977647509	-28.861783	0.0	0.0
7.764817	0.977613534	-28.879971	0.0	0.0
7.769697	0.977579538	-28.898159	0.0	0.0
7.774577	0.977545521	-28.916347	0.0	0.0
7.779458	0.977511495	-28.934534	0.0	0.0
7.784338	0.977477437	-28.952722	0.0	0.0
7.789218	0.977443360	-28.970909	0.0	0.0
7.794099	0.977409263	-28.989096	0.0	0.0
7.798979	0.977375155	-29.007283	0.0	0.0
7.803859	0.977341018	-29.025469	0.0	0.0
7.808740	0.977306860	-29.043656	0.0	0.0
7.813620	0.977272691	-29.061842	0.0	0.0
7.818500	0.977238493	-29.080028	0.0	0.0
7.823381	0.977204274	-29.098214	0.0	0.0
7.828261	0.977170045	-29.116400	0.0	0.0
7.833141	0.977135786	-29.134586	0.0	0.0
7.838022	0.977101507	-29.152772	0.0	0.0
7.842902	0.977067217	-29.170957	0.0	0.0
7.847782	0.977032898	-29.189142	0.0	0.0
7.852662	0.976998558	-29.207327	0.0	0.0
7.857543	0.976964198	-29.225512	0.0	0.0
7.862423	0.976929817	-29.243697	0.0	0.0
7.867303	0.976895417	-29.261882	0.0	0.0
7.872184	0.976861006	-29.280066	0.0	0.0
7.877064	0.976826565	-29.298251	0.0	0.0
7.881944	0.976792104	-29.316435	0.0	0.0
7.886825	0.976757623	-29.334619	0.0	0.0
7.891705	0.976723122	-29.352803	0.0	0.0
7.896585	0.976688600	-29.370986	0.0	0.0
7.901466	0.976654048	-29.389170	0.0	0.0
7.906346	0.976619486	-29.407354	0.0	0.0
7.911226	0.976584904	-29.425537	0.0	0.0
7.916107	0.976550302	-29.443720	0.0	0.0
7.920987	0.976515679	-29.461903	0.0	0.0
7.925867	0.976481037	-29.480085	0.0	0.0
7.930747	0.976446374	-29.498268	0.0	0.0
7.935628	0.976411691	-29.516451	0.0	0.0
7.940508	0.976376997	-29.534633	0.0	0.0
7.945388	0.976342274	-29.552815	0.0	0.0
7.950269	0.976307530	-29.570997	0.0	0.0
7.955149	0.976272766	-29.589179	0.0	0.0
7.960029	0.976237992	-29.607361	0.0	0.0
7.964910	0.976203188	-29.625542	0.0	0.0
7.969790	0.976168374	-29.643724	0.0	0.0
7.974670	0.976133540	-29.661905	0.0	0.0
7.979551	0.976098674	-29.680086	0.0	0.0
7.984431	0.976063790	-29.698267	0.0	0.0
7.989311	0.976028885	-29.716448	0.0	0.0
7.994192	0.975993960	-29.734629	0.0	0.0
7.999072	0.975959005	-29.752809	0.0	0.0
8.003952	0.975924021	-29.770989	0.0	0.0
8.008832	0.975889006	-29.789169	0.0	0.0
8.013713	0.975853951	-29.807350	0.0	0.0
8.018593	0.975818877	-29.825530	0.0	0.0
8.023473	0.975783743	-29.843709	0.0	0.0
8.028354	0.975748580	-29.861889	0.0	0.0
8.033234	0.975713347	-29.880068	0.0	0.0
8.038114	0.975678066	-29.898247	0.0	0.0
8.042995	0.975642725	-29.916426	0.0	0.0
8.047875	0.975607295	-29.934605	0.0	0.0
8.052755	0.975571787	-29.952784	0.0	0.0
8.057636	0.975536181	-29.970963	0.0	0.0
8.062516	0.975500467	-29.989141	0.0	0.0
8.067396	0.975464625	-30.007320	0.0	0.0
8.072277	0.975428647	-30.025498	0.0	0.0
8.077157	0.975392502	-30.043676	0.0	0.0
8.082037	0.975356181	-30.061854	0.0	0.0
8.086917	0.975319654	-30.080031	0.0	0.0
8.091798	0.975282893	-30.098209	0.0	0.0
8.096678	0.975245868	-30.116387	0.0	0.0
8.101558	0.975208560	-30.134564	0.0	0.0
8.106439	0.975170920	-30.152741	0.0	0.0
8.111319	0.975132909	-30.170918	0.0	0.0
8.116199	0.975094488	-30.189095	0.0	0.0
8.121080	0.975055608	-30.207271	0.0	0.0
8.125960	0.975016221	-30.225448	0.0	0.0
8.130840	0.974976267	-30.243625	0.0	0.0
8.135721	0.974935671	-30.261801	0.0	0.0
8.140601	0.974894391	-30.279977	0.0	0.0
8.145481	0.974852332	-30.298153	0.0	0.0
8.150362	0.974809414	-30.316328	0.0	0.0
8.155242	0.974765561	-30.334504	0.0	0.0
8.160122	0.974720674	-30.352679	0.0	0.0
8.165002	0.974674657	-30.370854	0.0	0.0
8.169883	0.974627382	-30.389030	0.0	0.0
8.174763	0.974578743	-30.407205	0.0	0.0
8.179643	0.974528623	-30.425380	0.0	0.0
8.184524	0.974476856	-30.443554	0.0	0.0
8.189404	0.974423316	-30.461729	0.0	0.0
8.194284	0.974367848	-30.479903	0.0	0.0
8.199165	0.974310265	-30.498077	0.0	0.0
8.204045	0.974250404	-30.516251	0.0	0.0
8.208925	0.974188058	-30.534426	0.0	0.0
8.213806	0.974123034	-30.552599	0.0	0.0
8.218686	0.974055098	-30.570773	0.0	0.0
8.223566	0.973984037	-30.588946	0.0	0.0
8.228447	0.973909578	-30.607120	0.0	0.0
8.233327	0.973831477	-30.625293	0.0	0.0
8.238207	0.973749452	-30.643466	0.0	0.0
8.243087	0.973663212	-30.661639	0.0	0.0
8.247968	0.973572435	-30.679812	0.0	0.0
8.252848	0.973476791	-30.697984	0.0	0.0
8.257728	0.973375940	-30.716157	0.0	0.0
8.262609	0.973269512	-30.734329	0.0	0.0
8.267489	0.973157128	-30.752501	0.0	0.0
8.272369	0.973038369	-30.770673	0.0	0.0
8.277250	0.972912817	-30.788845	0.0	0.0
8.282130	0.972780016	-30.807016	0.0	0.0
8.287010	0.972639508	-30.825188	0.0	0.0
8.291891	0.972490789	-30.843359	0.0	0.0
8.296771	0.972333352	-30.861531	0.0	0.0
8.301651	0.972166654	-30.879702	0.0	0.0
8.306532	0.971990130	-30.897873	0.0	0.0
8.311412	0.971803188	-30.916043	0.0	0.0
8.316292	0.971605225	-30.934214	0.0	0.0
8.321172	0.971395600	-30.952384	0.0	0.0
8.326053	0.971173642	-30.970555	0.0	0.0
8.330933	0.970938672	-30.988725	0.0	0.0
8.335813	0.970689951	-31.006895	0.0	0.0
8.340694	0.970426759	-31.025065	0.0	0.0
8.345574	0.970148302	-31.043234	0.0	0.0
8.350454	0.969853781	-31.061404	0.0	0.0
8.355335	0.969542382	-31.079573	0.0	0.0
8.360215	0.969213230	-31.097743	0.0	0.0
8.365095	0.968865451	-31.115912	0.0	0.0
8.369976	0.968498123	-31.134081	0.0	0.0
8.374856	0.968110304	-31.152250	0.0	0.0
8.379736	0.967701023	-31.170418	0.0	0.0
8.384617	0.967269280	-31.188587	0.0	0.0
8.389497	0.966814037	-31.206755	0.0	0.0
8.394377	0.966334245	-31.224923	0.0	0.0
8.399257	0.965828818	-31.243091	0.0	0.0
8.404138	0.965296628	-31.261260	0.0	0.0
8.409018	0.964736543	-31.279427	0.0	0.0
8.413898	0.964147387	-31.297595	0.0	0.0
8.418779	0.963527966	-31.315762	0.0	0.0
8.423659	0.962877049	-31.333930	0.0	0.0
8.428539	0.962193395	-31.352097	0.0	0.0
8.433420	0.961475713	-31.370264	0.0	0.0
8.438300	0.960722722	-31.388431	0.0	0.0
8.443180	0.959933076	-31.406598	0.0	0.0
8.448061	0.959105446	-31.424764	0.0	0.0
8.452941	0.958238454	-31.442931	0.0	0.0
8.457821	0.957330696	-31.461097	0.0	0.0
8.462702	0.956380776	-31.479263	0.0	0.0
8.467582	0.955387258	-31.497429	0.0	0.0
8.472462	0.954348690	-31.515595	0.0	0.0
8.477343	0.953263607	-31.533761	0.0	0.0
8.482223	0.952130518	-31.551926	0.0	0.0
8.487103	0.950947941	-31.570091	0.0	0.0
8.491983	0.949714365	-31.588257	0.0	0.0
8.496864	0.948428260	-31.606422	0.0	0.0
8.501744	0.947088114	-31.624587	0.0	0.0
8.506624	0.945692368	-31.642751	0.0	0.0
8.511505	0.944239494	-31.660916	0.0	0.0
8.516385	0.942727931	-31.679081	0.0	0.0
8.521265	0.941156143	-31.697245	0.0	0.0
8.526146	0.939522570	-31.715409	0.0	0.0
8.531026	0.937825675	-31.733573	0.0	0.0
8.535906	0.936063889	-31.751737	0.0	0.0
8.540787	0.934235695	-31.769901	0.0	0.0
8.545667	0.932339536	-31.788064	0.0	0.0
8.550547	0.930373913	-31.806228	0.0	0.0
8.555428	0.928337297	-31.824391	0.0	0.0
8.560308	0.926228203	-31.842555	0.0	0.0
8.565188	0.924045140	-31.860718	0.0	0.0
8.570068	0.921786652	-31.878880	0.0	0.0
8.574949	0.919451298	-31.897043	0.0	0.0
8.579829	0.917037659	-31.915206	0.0	0.0
8.584709	0.914544335	-31.933368	0.0	0.0
8.589590	0.911969987	-31.951530	0.0	0.0
8.594470	0.909313270	-31.969693	0.0	0.0
8.599350	0.906572887	-31.987855	0.0	0.0
8.604231	0.903747572	-32.006016	0.0	0.0
8.609111	0.900836102	-32.024178	0.0	0.0
8.613991	0.897837302	-32.042339	0.0	0.0
8.618872	0.894750017	-32.060501	0.0	0.0
8.623752	0.891573169	-32.078662	0.0	0.0
8.628632	0.888305702	-32.096823	0.0	0.0
8.633513	0.884946623	-32.114984	0.0	0.0
8.638393	0.881494984	-32.133145	0.0	0.0
8.643273	0.877949902	-32.151306	0.0	0.0
8.648153	0.874310553	-32.169466	0.0	0.0
8.653034	0.870576151	-32.187626	0.0	0.0
8.657914	0.866745989	-32.205787	0.0	0.0
8.662794	0.862819429	-32.223947	0.0	0.0
8.667675	0.858795889	-32.242106	0.0	0.0
8.672555	0.854674856	-32.260267	0.0	0.0
8.677435	0.850455886	-32.278426	0.0	0.0
8.682316	0.846138612	-32.296586	0.0	0.0
8.687196	0.841722745	-32.314745	0.0	0.0
8.692076	0.837208054	-32.332904	0.0	0.0
8.696957	0.832594405	-32.351063	0.0	0.0
8.701837	0.827881722	-32.369222	0.0	0.0
8.706717	0.823070027	-32.387380	0.0	0.0
8.711598	0.818159420	-32.405539	0.0	0.0
8.716478	0.813150068	-32.423698	0.0	0.0
8.721358	0.808042244	-32.441856	0.0	0.0
8.726238	0.802836291	-32.460014	0.0	0.0
8.731119	0.797532647	-32.478172	0.0	0.0
8.735999	0.792131819	-32.496330	0.0	0.0
8.740879	0.786634422	-32.514487	0.0	0.0
8.745760	0.781041144	-32.532645	0.0	0.0
8.750640	0.775352775	-32.550803	0.0	0.0
8.755520	0.769570180	-32.568960	0.0	0.0
8.760401	0.763694321	-32.587117	0.0	0.0
8.765281	0.757726239	-32.605274	0.0	0.0
8.770161	0.751667060	-32.623431	0.0	0.0
8.775042	0.745518027	-32.641587	0.0	0.0
8.779922	0.739280442	-32.659744	0.0	0.0
8.784802	0.732955703	-32.677900	0.0	0.0
8.789683	0.726545284	-32.696057	0.0	0.0
8.794563	0.720050769	-32.714213	0.0	0.0
8.799443	0.713473807	-32.732369	0.0	0.0
8.804323	0.706816135	-32.750524	0.0	0.0
8.809204	0.700079576	-32.768680	0.0	0.0
8.814084	0.693266031	-32.786835	0.0	0.0
8.818964	0.686377479	-32.804991	0.0	0.0
8.823845	0.679415984	-32.823146	0.0	0.0
8.828725	0.672383681	-32.841301	0.0	0.0
8.833605	0.665282778	-32.859456	0.0	0.0
8.838486	0.658115553	-32.877611	0.0	0.0
8.843366	0.650884372	-32.895765	0.0	0.0
8.848246	0.643591656	-32.913920	0.0	0.0
8.853127	0.636239876	-32.932074	0.0	0.0
8.858007	0.628831599	-32.950228	0.0	0.0
8.862887	0.621369430	-32.968383	0.0	0.0
8.867768	0.613856043	-32.986537	0.0	0.0
8.872648	0.606294157	-33.004690	0.0	0.0
8.877528	0.598686562	-33.022844	0.0	0.0
8.882408	0.591036075	-33.040997	0.0	0.0
8.887289	0.583345569	-33.059150	0.0	0.0
8.892169	0.575617969	-33.077304	0.0	0.0
8.897049	0.567856224	-33.095457	0.0	0.0
8.901930	0.560063335	-33.113610	0.0	0.0
8.906810	0.552242340	-33.131762	0.0	0.0
8.911690	0.544396284	-33.149915	0.0	0.0
8.916571	0.536528263	-33.168067	0.0	0.0
8.921451	0.528641381	-33.186220	0.0	0.0
8.926331	0.520738771	-33.204372	0.0	0.0
8.931212	0.512823583	-33.222524	0.0	0.0
8.936092	0.504898969	-33.240675	0.0	0.0
8.940972	0.496968098	-33.258827	0.0	0.0
8.945853	0.489034159	-33.276979	0.0	0.0
8.950733	0.481100313	-33.295130	0.0	0.0
8.955613	0.473169735	-33.313282	0.0	0.0
8.960493	0.465245614	-33.331433	0.0	0.0
8.965374	0.457331088	-33.349584	0.0	0.0
8.970254	0.449429324	-33.367734	0.0	0.0
8.975134	0.441543448	-33.385885	0.0	0.0
8.980015	0.433676569	-33.404036	0.0	0.0
8.984895	0.425831794	-33.422186	0.0	0.0
8.989775	0.418012182	-33.440336	0.0	0.0
8.994656	0.410220760	-33.458486	0.0	0.0
8.999536	0.402460537	-33.476636	0.0	0.0
9.004416	0.394734484	-33.494786	0.0	0.0
9.009297	0.387045521	-33.512936	0.0	0.0
9.014177	0.379396538	-33.531085	0.0	0.0
9.019057	0.371790379	-33.549235	0.0	0.0
9.023938	0.364229817	-33.567384	0.0	0.0
9.028818	0.356717607	-33.585533	0.0	0.0
9.033698	0.349256435	-33.603682	0.0	0.0
9.038578	0.341848927	-33.621831	0.0	0.0
9.043459	0.334497634	-33.639979	0.0	0.0
9.048339	0.327205086	-33.658128	0.0	0.0
9.053219	0.319973724	-33.676276	0.0	0.0
9.058100	0.312805904	-33.694425	0.0	0.0
9.062980	0.305703941	-33.712573	0.0	0.0
9.067860	0.298670083	-33.730721	0.0	0.0
9.072741	0.291706481	-33.748868	0.0	0.0
9.077621	0.284815215	-33.767016	0.0	0.0
9.082501	0.277998321	-33.785163	0.0	0.0
9.087382	0.271257705	-33.803311	0.0	0.0
9.092262	0.264595245	-33.821458	0.0	0.0
9.097142	0.258012703	-33.839605	0.0	0.0
9.102023	0.251511773	-33.857752	0.0	0.0
9.106903	0.245094061	-33.875899	0.0	0.0
9.111783	0.238761096	-33.894045	0.0	0.0
9.116663	0.232514328	-33.912192	0.0	0.0
9.121544	0.226355101	-33.930338	0.0	0.0
9.126424	0.220284683	-33.948484	0.0	0.0
9.131304	0.214304271	-33.966630	0.0	0.0
9.136185	0.208414969	-33.984776	0.0	0.0
9.141065	0.202617770	-34.002922	0.0	0.0
9.145945	0.196913612	-34.021068	0.0	0.0
9.150826	0.191303325	-34.039213	0.0	0.0
9.155706	0.185787682	-34.057358	0.0	0.0
9.160586	0.180367328	-34.075503	0.0	0.0
9.165467	0.175042872	-34.093648	0.0	0.0
9.170347	0.169814795	-34.111793	0.0	0.0
9.175227	0.164683521	-34.129938	0.0	0.0
9.180108	0.159649386	-34.148083	0.0	0.0
9.184988	0.154712630	-34.166227	0.0	0.0
9.189868	0.149873435	-34.184371	0.0	0.0
9.194748	0.145131895	-34.202515	0.0	0.0
9.199629	0.140488018	-34.220659	0.0	0.0
9.204509	0.135941734	-34.238803	0.0	0.0
9.209389	0.131492916	-34.256947	0.0	0.0
9.214270	0.127141349	-34.275091	0.0	0.0
9.219150	0.122886740	-34.293234	0.0	0.0
9.224030	0.118728750	-34.311377	0.0	0.0
9.228911	0.114666931	-34.329520	0.0	0.0
9.233791	0.110700819	-34.347663	0.0	0.0
9.238671	0.106829850	-34.365806	0.0	0.0
9.243552	0.103053394	-34.383949	0.0	0.0
9.248432	0.099370783	-34.402092	0.0	0.0
9.253312	0.095781274	-34.420234	0.0	0.0
9.258193	0.092284074	-34.438376	0.0	0.0
9.263073	0.088878331	-34.456518	0.0	0.0
9.267953	0.085563146	-34.474660	0.0	0.0
9.272833	0.082337565	-34.492802	0.0	0.0
9.277714	0.079200588	-34.510944	0.0	0.0
9.282594	0.076151168	-34.529085	0.0	0.0
9.287474	0.073188219	-34.547227	0.0	0.0
9.292355	0.070310608	-34.565368	0.0	0.0
9.297235	0.067517167	-34.583509	0.0	0.0
9.302115	0.064806691	-34.601650	0.0	0.0
9.306996	0.062177940	-34.619791	0.0	0.0
9.311876	0.059629643	-34.637932	0.0	0.0
9.316756	0.057160501	-34.656072	0.0	0.0
9.321637	0.054769184	-34.674213	0.0	0.0
9.326517	0.052454340	-34.692353	0.0	0.0
9.331397	0.050214594	-34.710493	0.0	0.0
9.336278	0.048048551	-34.728633	0.0	0.0
9.341158	0.045954796	-34.746773	0.0	0.0
9.346038	0.043931900	-34.764913	0.0	0.0
9.350918	0.041978418	-34.783052	0.0	0.0
9.355799	0.040092896	-34.801191	0.0	0.0
9.360679	0.038273867	-34.819331	0.0	0.0
9.365559	0.036519860	-34.837470	0.0	0.0
9.370440	0.034829395	-34.855609	0.0	0.0
9.375320	0.033200990	-34.873748	0.0	0.0
9.380200	0.031633162	-34.891886	0.0	0.0
9.385081	0.030124423	-34.910025	0.0	0.0
9.389961	0.028673293	-34.928163	0.0	0.0
9.394841	0.027278292	-34.946301	0.0	0.0
9.399722	0.025937945	-34.964439	0.0	0.0
9.404602	0.024650785	-34.982578	0.0	0.0
9.409482	0.023415351	-35.000715	0.0	0.0
9.414363	0.022230196	-35.018853	0.0	0.0
9.419243	0.021093879	-35.036990	0.0	0.0
9.424123	0.020004973	-35.055128	0.0	0.0
9.429003	0.018962066	-35.073265	0.0	0.0
9.433884	0.017963762	-35.091402	0.0	0.0
9.438764	0.017008676	-35.109539	0.0	0.0
9.443644	0.016095445	-35.127676	0.0	0.0
9.448525	0.015222724	-35.145813	0.0	0.0
9.453405	0.014389184	-35.163949	0.0	0.0
9.458285	0.013593519	-35.182085	0.0	0.0
9.463166	0.012834442	-35.200222	0.0	0.0
9.468046	0.012110688	-35.218358	0.0	0.0
9.472926	0.011421017	-35.236493	0.0	0.0
9.477807	0.010764208	-35.254629	0.0	0.0
9.482687	0.010139067	-35.272765	0.0	0.0
9.487567	0.009544421	-35.290901	0.0	0.0
9.492448	0.008979125	-35.309036	0.0	0.0
9.497328	0.008442056	-35.327171	0.0	0.0
9.502208	0.007932120	-35.345306	0.0	0.0
9.507088	0.007448244	-35.363441	0.0	0.0
9.511969	0.006989385	-35.381576	0.0	0.0
9.516849	0.006554524	-35.399710	0.0	0.0
9.521729	0.006142670	-35.417845	0.0	0.0
9.526610	0.005752856	-35.435979	0.0	0.0
9.531490	0.005384144	-35.454114	0.0	0.0
9.536370	0.005035620	-35.472248	0.0	0.0
9.541251	0.004706399	-35.490381	0.0	0.0
9.546131	0.004395621	-35.508515	0.0	0.0
9.551011	0.004102451	-35.526649	0.0	0.0
9.555892	0.003826082	-35.544782	0.0	0.0
9.560772	0.003565733	-35.562916	0.0	0.0
9.565652	0.003320646	-35.581049	0.0	0.0
9.570533	0.003090093	-35.599182	0.0	0.0
9.575413	0.002873366	-35.617315	0.0	0.0
9.580293	0.002669784	-35.635448	0.0	0.0
9.585173	0.002478693	-35.653580	0.0	0.0
9.590054	0.002299458	-35.671713	0.0	0.0
9.594934	0.002131472	-35.689845	0.0	0.0
9.599814	0.001974149	-35.707978	0.0	0.0
9.604695	0.001826927	-35.726110	0.0	0.0
9.609575	0.001689264	-35.744241	0.0	0.0
9.614455	0.001560644	-35.762373	0.0	0.0
9.619336	0.001440568	-35.780505	0.0	0.0
9.624216	0.001328562	-35.798636	0.0	0.0
9.629096	0.001224169	-35.816767	0.0	0.0
9.633977	0.001126955	-35.834899	0.0	0.0
9.638857	0.001036502	-35.853030	0.0	0.0
9.643737	0.000952414	-35.871161	0.0	0.0
9.648618	0.000874311	-35.889291	0.0	0.0
9.653498	0.000801832	-35.907422	0.0	0.0
9.658378	0.000734634	-35.925553	0.0	0.0
9.663258	0.000672390	-35.943683	0.0	0.0
9.668139	0.000614787	-35.961813	0.0	0.0
9.673019	0.000561532	-35.979943	0.0	0.0
9.677899	0.000512343	-35.998073	0.0	0.0
9.682780	0.000466955	-36.016203	0.0	0.0
9.687660	0.000425116	-36.034332	0.0	0.0
9.692540	0.000386589	-36.052462	0.0	0.0
9.697421	0.000351147	-36.070591	0.0	0.0
9.702301	0.000318579	-36.088720	0.0	0.0
9.707181	0.000288684	-36.106849	0.0	0.0
9.712062	0.000261272	-36.124979	0.0	0.0
9.716942	0.000236167	-36.143107	0.0	0.0
9.721822	0.000213199	-36.161236	0.0	0.0
9.726703	0.000192212	-36.179364	0.0	0.0
9.731583	0.000173057	-36.197492	0.0	0.0
9.736463	0.000155596	-36.215621	0.0	0.0
9.741343	0.000139700	-36.233749	0.0	0.0
9.746224	0.000125246	-36.251876	0.0	0.0
9.751104	0.000112120	-36.270005	0.0	0.0
9.755984	0.000100217	-36.288132	0.0	0.0
9.760865	0.000089438	-36.306260	0.0	0.0
9.765745	0.000079689	-36.324387	0.0	0.0
9.770625	0.000070886	-36.342514	0.0	0.0
9.775506	0.000062948	-36.360641	0.0	0.0
9.780386	0.000055800	-36.378768	0.0	0.0
9.785266	0.000049375	-36.396894	0.0	0.0
9.790147	0.000043608	-36.415021	0.0	0.0
9.795027	0.000038441	-36.433148	0.0	0.0
9.799907	0.000033819	-36.451274	0.0	0.0
9.804788	0.000029691	-36.469400	0.0	0.0
9.809668	0.000026012	-36.487526	0.0	0.0
9.814548	0.000022739	-36.505652	0.0	0.0
9.819428	0.000019832	-36.523778	0.0	0.0
9.824309	0.000017255	-36.541903	0.0	0.0
9.829189	0.000014977	-36.560029	0.0	0.0
9.834069	0.000012965	-36.578154	0.0	0.0
9.838950	0.000011194	-36.596280	0.0	0.0
9.843830	0.000009638	-36.614405	0.0	0.0
9.848710	0.000008274	-36.632529	0.0	0.0
9.853591	0.000007081	-36.650654	0.0	0.0
9.858471	0.000006041	-36.668779	0.0	0.0
9.863351	0.000005136	-36.686903	0.0	0.0
9.868232	0.000004351	-36.705028	0.0	0.0
9.873112	0.000003672	-36.723152	0.0	0.0
9.877992	0.000003087	-36.741276	0.0	0.0
9.882873	0.000002584	-36.759400	0.0	0.0
9.887753	0.000002153	-36.777523	0.0	0.0
9.892633	0.000001785	-36.795647	0.0	0.0
9.897513	0.000001473	-36.813770	0.0	0.0
9.902394	0.000001208	-36.831894	0.0	0.0
9.907274	0.000000984	-36.850017	0.0	0.0
9.912154	0.000000797	-36.868140	0.0	0.0
9.917035	0.000000640	-36.886263	0.0	0.0
9.921915	0.000000510	-36.904386	0.0	0.0
9.926795	0.000000403	-36.922508	0.0	0.0
9.931676	0.000000314	-36.940631	0.0	0.0
9.936556	0.000000242	-36.958753	0.0	0.0
9.941436	0.000000184	-36.976875	0.0	0.0
9.946317	0.000000137	-36.994997	0.0	0.0
9.951197	0.000000099	-37.013119	0.0	0.0
9.956077	0.000000070	-37.031241	0.0	0.0
9.960958	0.000000047	-37.049362	0.0	0.0
9.965838	0.000000029	-37.067484	0.0	0.0
9.970718	0.000000016	-37.085605	0.0	0.0
9.975598	0.000000006	-37.103727	0.0	0.0
9.980479	0.000000002	-37.121850	0.0	0.0
9.985359	0.000000007	-37.139964	0.0	0.0
9.990239	0.000000011	-37.158087	0.0	0.0
9.995120	0.000000013	-37.176210	0.0	0.0
10.000000	0.000000015	-37.194333	0.0	0.0

