# UNCLASSIFIED
#
# Response info for EKA 3ESPV broadband site.
#
# Effective: 25  Nov 2008
# Response Created: 30 Apr 2009
# File name: EKA_BB.1227571200  
# Source:  James Neely, Greg Swindle (TTD)
# System equipment:  Guralp CMG-3ESPV sensor and DM24 digitizer
#
# This response file was derived from equations of state.
# Displacement response normalized to 1.0 at 1.0 Hz.
# 
# The calib values for this configuration are as follows:
#
# EKB1 BHZ is 0.109412 nm/count at 1.0 Hz.
# EKB2 BHZ is 0.108941 nm/count at 1.0 Hz.
# EKB3 BHZ is 0.108388 nm/count at 1.0 Hz.
# EKB4 BHZ is 0.108641 nm/count at 1.0 Hz.
# EKB5 BHZ is 0.108008 nm/count at 1.0 Hz.
# EKB6 BHZ is 0.108312 nm/count at 1.0 Hz.
# EKB7 BHZ is 0.108076 nm/count at 1.0 Hz.
# EKB8 BHZ is 0.109160 nm/count at 1.0 Hz.
# EKB9 BHZ is 0.109016 nm/count at 1.0 Hz.
# EKB10 BHZ is 0.108162 nm/count at 1.0 Hz.
# EKR1 BHZ is 0.107430 nm/count at 1.0 Hz.
# EKR2 BHZ is 0.108398 nm/count at 1.0 Hz.
# EKR3 BHZ is 0.109263 nm/count at 1.0 Hz.
# EKR4 BHZ is 0.108196 nm/count at 1.0 Hz.
# EKR5 BHZ is 0.110734 nm/count at 1.0 Hz.
# EKR6 BHZ is 0.108008 nm/count at 1.0 Hz.
# EKR7 BHZ is 0.107925 nm/count at 1.0 Hz.
# EKR8 BHZ is 0.108995 nm/count at 1.0 Hz.
# EKR9 BHZ is 0.108520 nm/count at 1.0 Hz.
# EKR10 BHZ is 0.109008 nm/count at 1.0 Hz.
#
# Freq(Hz)     Amp(counts/nm)   Phase(deg)  Error(amp)  Error(phase)
#
 theoretical  0       system    fap   J.Neely
1000
0.001000	0.000000020	268.851910	0.0	0.0
0.001010	0.000000021	268.840475	0.0	0.0
0.001020	0.000000021	268.828926	0.0	0.0
0.001030	0.000000022	268.817262	0.0	0.0
0.001040	0.000000023	268.805483	0.0	0.0
0.001051	0.000000023	268.793585	0.0	0.0
0.001061	0.000000024	268.781570	0.0	0.0
0.001072	0.000000025	268.769435	0.0	0.0
0.001083	0.000000025	268.757179	0.0	0.0
0.001093	0.000000026	268.744801	0.0	0.0
0.001104	0.000000027	268.732300	0.0	0.0
0.001115	0.000000028	268.719674	0.0	0.0
0.001126	0.000000029	268.706923	0.0	0.0
0.001138	0.000000030	268.694045	0.0	0.0
0.001149	0.000000030	268.681039	0.0	0.0
0.001160	0.000000031	268.667903	0.0	0.0
0.001172	0.000000032	268.654636	0.0	0.0
0.001184	0.000000033	268.641238	0.0	0.0
0.001195	0.000000034	268.627706	0.0	0.0
0.001207	0.000000035	268.614039	0.0	0.0
0.001219	0.000000036	268.600237	0.0	0.0
0.001231	0.000000037	268.586297	0.0	0.0
0.001244	0.000000039	268.572219	0.0	0.0
0.001256	0.000000040	268.558000	0.0	0.0
0.001269	0.000000041	268.543640	0.0	0.0
0.001281	0.000000042	268.529136	0.0	0.0
0.001294	0.000000043	268.514490	0.0	0.0
0.001307	0.000000045	268.499697	0.0	0.0
0.001320	0.000000046	268.484757	0.0	0.0
0.001333	0.000000047	268.469668	0.0	0.0
0.001346	0.000000049	268.454429	0.0	0.0
0.001360	0.000000050	268.439038	0.0	0.0
0.001373	0.000000052	268.423494	0.0	0.0
0.001387	0.000000053	268.407796	0.0	0.0
0.001401	0.000000055	268.391942	0.0	0.0
0.001415	0.000000057	268.375930	0.0	0.0
0.001429	0.000000058	268.359758	0.0	0.0
0.001443	0.000000060	268.343427	0.0	0.0
0.001457	0.000000062	268.326932	0.0	0.0
0.001472	0.000000064	268.310273	0.0	0.0
0.001487	0.000000066	268.293448	0.0	0.0
0.001501	0.000000068	268.276457	0.0	0.0
0.001516	0.000000070	268.259296	0.0	0.0
0.001532	0.000000072	268.241964	0.0	0.0
0.001547	0.000000074	268.224461	0.0	0.0
0.001562	0.000000076	268.206784	0.0	0.0
0.001578	0.000000079	268.188930	0.0	0.0
0.001593	0.000000081	268.170899	0.0	0.0
0.001609	0.000000083	268.152688	0.0	0.0
0.001625	0.000000086	268.134297	0.0	0.0
0.001642	0.000000089	268.115723	0.0	0.0
0.001658	0.000000091	268.096963	0.0	0.0
0.001674	0.000000094	268.078019	0.0	0.0
0.001691	0.000000097	268.058884	0.0	0.0
0.001708	0.000000100	268.039561	0.0	0.0
0.001725	0.000000103	268.020046	0.0	0.0
0.001742	0.000000106	268.000336	0.0	0.0
0.001760	0.000000109	267.980430	0.0	0.0
0.001777	0.000000112	267.960326	0.0	0.0
0.001795	0.000000116	267.940022	0.0	0.0
0.001813	0.000000119	267.919517	0.0	0.0
0.001831	0.000000123	267.898809	0.0	0.0
0.001849	0.000000127	267.877894	0.0	0.0
0.001867	0.000000130	267.856772	0.0	0.0
0.001886	0.000000134	267.835440	0.0	0.0
0.001905	0.000000138	267.813895	0.0	0.0
0.001924	0.000000143	267.792138	0.0	0.0
0.001943	0.000000147	267.770163	0.0	0.0
0.001962	0.000000151	267.747971	0.0	0.0
0.001982	0.000000156	267.725557	0.0	0.0
0.002002	0.000000161	267.702922	0.0	0.0
0.002022	0.000000165	267.680061	0.0	0.0
0.002042	0.000000170	267.656974	0.0	0.0
0.002062	0.000000175	267.633657	0.0	0.0
0.002083	0.000000181	267.610109	0.0	0.0
0.002103	0.000000186	267.586327	0.0	0.0
0.002124	0.000000192	267.562310	0.0	0.0
0.002145	0.000000198	267.538052	0.0	0.0
0.002167	0.000000204	267.513555	0.0	0.0
0.002188	0.000000210	267.488815	0.0	0.0
0.002210	0.000000216	267.463829	0.0	0.0
0.002232	0.000000223	267.438596	0.0	0.0
0.002254	0.000000229	267.413111	0.0	0.0
0.002277	0.000000236	267.387374	0.0	0.0
0.002300	0.000000243	267.361382	0.0	0.0
0.002322	0.000000251	267.335132	0.0	0.0
0.002346	0.000000258	267.308621	0.0	0.0
0.002369	0.000000266	267.281847	0.0	0.0
0.002393	0.000000274	267.254808	0.0	0.0
0.002416	0.000000282	267.227501	0.0	0.0
0.002441	0.000000291	267.199922	0.0	0.0
0.002465	0.000000300	267.172071	0.0	0.0
0.002489	0.000000309	267.143943	0.0	0.0
0.002514	0.000000318	267.115537	0.0	0.0
0.002539	0.000000327	267.086849	0.0	0.0
0.002565	0.000000337	267.057876	0.0	0.0
0.002590	0.000000348	267.028617	0.0	0.0
0.002616	0.000000358	266.999068	0.0	0.0
0.002642	0.000000369	266.969226	0.0	0.0
0.002668	0.000000380	266.939088	0.0	0.0
0.002695	0.000000391	266.908651	0.0	0.0
0.002722	0.000000403	266.877913	0.0	0.0
0.002749	0.000000415	266.846870	0.0	0.0
0.002776	0.000000428	266.815521	0.0	0.0
0.002804	0.000000441	266.783860	0.0	0.0
0.002832	0.000000454	266.751887	0.0	0.0
0.002860	0.000000468	266.719597	0.0	0.0
0.002888	0.000000482	266.686987	0.0	0.0
0.002917	0.000000496	266.654055	0.0	0.0
0.002946	0.000000511	266.620797	0.0	0.0
0.002976	0.000000527	266.587209	0.0	0.0
0.003005	0.000000543	266.553290	0.0	0.0
0.003035	0.000000559	266.519034	0.0	0.0
0.003066	0.000000576	266.484441	0.0	0.0
0.003096	0.000000593	266.449505	0.0	0.0
0.003127	0.000000611	266.414224	0.0	0.0
0.003158	0.000000630	266.378594	0.0	0.0
0.003190	0.000000649	266.342612	0.0	0.0
0.003221	0.000000668	266.306274	0.0	0.0
0.003253	0.000000688	266.269577	0.0	0.0
0.003286	0.000000709	266.232518	0.0	0.0
0.003319	0.000000730	266.195092	0.0	0.0
0.003352	0.000000752	266.157298	0.0	0.0
0.003385	0.000000775	266.119130	0.0	0.0
0.003419	0.000000798	266.080585	0.0	0.0
0.003453	0.000000822	266.041660	0.0	0.0
0.003487	0.000000847	266.002351	0.0	0.0
0.003522	0.000000873	265.962653	0.0	0.0
0.003557	0.000000899	265.922565	0.0	0.0
0.003592	0.000000926	265.882080	0.0	0.0
0.003628	0.000000954	265.841198	0.0	0.0
0.003664	0.000000983	265.799911	0.0	0.0
0.003701	0.000001012	265.758218	0.0	0.0
0.003738	0.000001043	265.716115	0.0	0.0
0.003775	0.000001074	265.673596	0.0	0.0
0.003813	0.000001107	265.630658	0.0	0.0
0.003851	0.000001140	265.587298	0.0	0.0
0.003889	0.000001174	265.543511	0.0	0.0
0.003928	0.000001210	265.499291	0.0	0.0
0.003967	0.000001246	265.454638	0.0	0.0
0.004006	0.000001284	265.409546	0.0	0.0
0.004046	0.000001322	265.364010	0.0	0.0
0.004087	0.000001362	265.318025	0.0	0.0
0.004127	0.000001403	265.271590	0.0	0.0
0.004168	0.000001445	265.224698	0.0	0.0
0.004210	0.000001489	265.177345	0.0	0.0
0.004252	0.000001534	265.129527	0.0	0.0
0.004294	0.000001580	265.081239	0.0	0.0
0.004337	0.000001628	265.032477	0.0	0.0
0.004380	0.000001677	264.983238	0.0	0.0
0.004424	0.000001727	264.933514	0.0	0.0
0.004468	0.000001779	264.883303	0.0	0.0
0.004512	0.000001833	264.832600	0.0	0.0
0.004557	0.000001888	264.781400	0.0	0.0
0.004603	0.000001945	264.729698	0.0	0.0
0.004649	0.000002003	264.677490	0.0	0.0
0.004695	0.000002063	264.624771	0.0	0.0
0.004742	0.000002126	264.571535	0.0	0.0
0.004789	0.000002190	264.517778	0.0	0.0
0.004837	0.000002255	264.463496	0.0	0.0
0.004885	0.000002323	264.408684	0.0	0.0
0.004934	0.000002393	264.353335	0.0	0.0
0.004983	0.000002465	264.297446	0.0	0.0
0.005032	0.000002539	264.241011	0.0	0.0
0.005082	0.000002616	264.184025	0.0	0.0
0.005133	0.000002694	264.126483	0.0	0.0
0.005184	0.000002775	264.068379	0.0	0.0
0.005236	0.000002859	264.009709	0.0	0.0
0.005288	0.000002945	263.950467	0.0	0.0
0.005341	0.000003033	263.890648	0.0	0.0
0.005394	0.000003125	263.830247	0.0	0.0
0.005448	0.000003219	263.769258	0.0	0.0
0.005502	0.000003315	263.707676	0.0	0.0
0.005557	0.000003415	263.645494	0.0	0.0
0.005612	0.000003518	263.582708	0.0	0.0
0.005668	0.000003623	263.519313	0.0	0.0
0.005725	0.000003732	263.455302	0.0	0.0
0.005782	0.000003845	263.390669	0.0	0.0
0.005839	0.000003960	263.325410	0.0	0.0
0.005897	0.000004079	263.259519	0.0	0.0
0.005956	0.000004202	263.192988	0.0	0.0
0.006015	0.000004328	263.125814	0.0	0.0
0.006075	0.000004458	263.057990	0.0	0.0
0.006136	0.000004592	262.989509	0.0	0.0
0.006197	0.000004730	262.920366	0.0	0.0
0.006259	0.000004872	262.850556	0.0	0.0
0.006321	0.000005018	262.780072	0.0	0.0
0.006384	0.000005169	262.708907	0.0	0.0
0.006448	0.000005324	262.637056	0.0	0.0
0.006512	0.000005484	262.564514	0.0	0.0
0.006577	0.000005648	262.491272	0.0	0.0
0.006642	0.000005818	262.417326	0.0	0.0
0.006708	0.000005992	262.342669	0.0	0.0
0.006775	0.000006172	262.267293	0.0	0.0
0.006843	0.000006357	262.191195	0.0	0.0
0.006911	0.000006548	262.114367	0.0	0.0
0.006980	0.000006744	262.036801	0.0	0.0
0.007049	0.000006947	261.958493	0.0	0.0
0.007120	0.000007155	261.879435	0.0	0.0
0.007191	0.000007369	261.799620	0.0	0.0
0.007262	0.000007590	261.719043	0.0	0.0
0.007335	0.000007818	261.637696	0.0	0.0
0.007408	0.000008052	261.555573	0.0	0.0
0.007481	0.000008293	261.472668	0.0	0.0
0.007556	0.000008542	261.388972	0.0	0.0
0.007631	0.000008798	261.304479	0.0	0.0
0.007707	0.000009061	261.219184	0.0	0.0
0.007784	0.000009333	261.133079	0.0	0.0
0.007862	0.000009612	261.046156	0.0	0.0
0.007940	0.000009900	260.958408	0.0	0.0
0.008019	0.000010196	260.869830	0.0	0.0
0.008099	0.000010501	260.780414	0.0	0.0
0.008180	0.000010816	260.690153	0.0	0.0
0.008261	0.000011139	260.599040	0.0	0.0
0.008343	0.000011472	260.507067	0.0	0.0
0.008426	0.000011816	260.414228	0.0	0.0
0.008510	0.000012169	260.320515	0.0	0.0
0.008595	0.000012533	260.225921	0.0	0.0
0.008681	0.000012907	260.130438	0.0	0.0
0.008767	0.000013293	260.034061	0.0	0.0
0.008855	0.000013690	259.936781	0.0	0.0
0.008943	0.000014099	259.838590	0.0	0.0
0.009032	0.000014520	259.739482	0.0	0.0
0.009122	0.000014954	259.639449	0.0	0.0
0.009213	0.000015400	259.538484	0.0	0.0
0.009305	0.000015860	259.436580	0.0	0.0
0.009397	0.000016333	259.333728	0.0	0.0
0.009491	0.000016821	259.229922	0.0	0.0
0.009586	0.000017322	259.125154	0.0	0.0
0.009681	0.000017839	259.019416	0.0	0.0
0.009777	0.000018371	258.912701	0.0	0.0
0.009875	0.000018918	258.805001	0.0	0.0
0.009973	0.000019482	258.696309	0.0	0.0
0.010073	0.000020062	258.586613	0.0	0.0
0.010173	0.000020660	258.475914	0.0	0.0
0.010274	0.000021275	258.364201	0.0	0.0
0.010377	0.000021909	258.251464	0.0	0.0
0.010480	0.000022561	258.137698	0.0	0.0
0.010584	0.000023232	258.022893	0.0	0.0
0.010690	0.000023923	257.907043	0.0	0.0
0.010796	0.000024634	257.790141	0.0	0.0
0.010904	0.000025367	257.672179	0.0	0.0
0.011013	0.000026120	257.553151	0.0	0.0
0.011122	0.000026896	257.433038	0.0	0.0
0.011233	0.000027695	257.311845	0.0	0.0
0.011345	0.000028518	257.189566	0.0	0.0
0.011458	0.000029364	257.066182	0.0	0.0
0.011572	0.000030235	256.941699	0.0	0.0
0.011688	0.000031132	256.816099	0.0	0.0
0.011804	0.000032055	256.689375	0.0	0.0
0.011922	0.000033006	256.561524	0.0	0.0
0.012040	0.000033984	256.432537	0.0	0.0
0.012160	0.000034990	256.302399	0.0	0.0
0.012281	0.000036026	256.171116	0.0	0.0
0.012404	0.000037093	256.038681	0.0	0.0
0.012527	0.000038190	255.905069	0.0	0.0
0.012652	0.000039320	255.770294	0.0	0.0
0.012778	0.000040483	255.634332	0.0	0.0
0.012906	0.000041679	255.497177	0.0	0.0
0.013034	0.000042910	255.358836	0.0	0.0
0.013164	0.000044178	255.219283	0.0	0.0
0.013295	0.000045482	255.078524	0.0	0.0
0.013428	0.000046824	254.936555	0.0	0.0
0.013561	0.000048205	254.793352	0.0	0.0
0.013696	0.000049626	254.648921	0.0	0.0
0.013833	0.000051088	254.503258	0.0	0.0
0.013971	0.000052593	254.356351	0.0	0.0
0.014110	0.000054141	254.208185	0.0	0.0
0.014250	0.000055734	254.058768	0.0	0.0
0.014392	0.000057374	253.908076	0.0	0.0
0.014536	0.000059060	253.756129	0.0	0.0
0.014681	0.000060796	253.602892	0.0	0.0
0.014827	0.000062581	253.448375	0.0	0.0
0.014975	0.000064418	253.292564	0.0	0.0
0.015124	0.000066308	253.135469	0.0	0.0
0.015275	0.000068253	252.977058	0.0	0.0
0.015427	0.000070253	252.817350	0.0	0.0
0.015580	0.000072311	252.656324	0.0	0.0
0.015736	0.000074428	252.493969	0.0	0.0
0.015892	0.000076605	252.330295	0.0	0.0
0.016051	0.000078846	252.165293	0.0	0.0
0.016211	0.000081150	251.998951	0.0	0.0
0.016372	0.000083520	251.831272	0.0	0.0
0.016535	0.000085958	251.662245	0.0	0.0
0.016700	0.000088465	251.491872	0.0	0.0
0.016866	0.000091044	251.320133	0.0	0.0
0.017034	0.000093697	251.147042	0.0	0.0
0.017204	0.000096425	250.972579	0.0	0.0
0.017375	0.000099231	250.796748	0.0	0.0
0.017549	0.000102116	250.619540	0.0	0.0
0.017723	0.000105083	250.440960	0.0	0.0
0.017900	0.000108134	250.261000	0.0	0.0
0.018078	0.000111272	250.079655	0.0	0.0
0.018258	0.000114499	249.896917	0.0	0.0
0.018440	0.000117816	249.712783	0.0	0.0
0.018624	0.000121228	249.527266	0.0	0.0
0.018810	0.000124735	249.340343	0.0	0.0
0.018997	0.000128341	249.152028	0.0	0.0
0.019186	0.000132049	248.962308	0.0	0.0
0.019377	0.000135860	248.771179	0.0	0.0
0.019570	0.000139779	248.578649	0.0	0.0
0.019765	0.000143807	248.384713	0.0	0.0
0.019962	0.000147948	248.189362	0.0	0.0
0.020161	0.000152205	247.992601	0.0	0.0
0.020362	0.000156581	247.794431	0.0	0.0
0.020565	0.000161078	247.594850	0.0	0.0
0.020770	0.000165700	247.393857	0.0	0.0
0.020977	0.000170452	247.191444	0.0	0.0
0.021186	0.000175334	246.987629	0.0	0.0
0.021397	0.000180353	246.782395	0.0	0.0
0.021610	0.000185510	246.575753	0.0	0.0
0.021825	0.000190809	246.367705	0.0	0.0
0.022043	0.000196255	246.158242	0.0	0.0
0.022262	0.000201850	245.947370	0.0	0.0
0.022484	0.000207600	245.735099	0.0	0.0
0.022708	0.000213508	245.521426	0.0	0.0
0.022934	0.000219577	245.306345	0.0	0.0
0.023163	0.000225813	245.089879	0.0	0.0
0.023394	0.000232219	244.872007	0.0	0.0
0.023627	0.000238800	244.652753	0.0	0.0
0.023862	0.000245560	244.432104	0.0	0.0
0.024100	0.000252504	244.210079	0.0	0.0
0.024340	0.000259637	243.986684	0.0	0.0
0.024582	0.000266963	243.761900	0.0	0.0
0.024827	0.000274487	243.535763	0.0	0.0
0.025075	0.000282215	243.308256	0.0	0.0
0.025324	0.000290151	243.079397	0.0	0.0
0.025577	0.000298300	242.849189	0.0	0.0
0.025832	0.000306669	242.617642	0.0	0.0
0.026089	0.000315262	242.384760	0.0	0.0
0.026349	0.000324085	242.150545	0.0	0.0
0.026611	0.000333144	241.915019	0.0	0.0
0.026876	0.000342445	241.678179	0.0	0.0
0.027144	0.000351993	241.440030	0.0	0.0
0.027415	0.000361795	241.200595	0.0	0.0
0.027688	0.000371856	240.959882	0.0	0.0
0.027964	0.000382185	240.717896	0.0	0.0
0.028242	0.000392786	240.474638	0.0	0.0
0.028524	0.000403666	240.230143	0.0	0.0
0.028808	0.000414833	239.984393	0.0	0.0
0.029095	0.000426293	239.737425	0.0	0.0
0.029385	0.000438054	239.489240	0.0	0.0
0.029677	0.000450122	239.239849	0.0	0.0
0.029973	0.000462504	238.989265	0.0	0.0
0.030272	0.000475210	238.737509	0.0	0.0
0.030573	0.000488246	238.484586	0.0	0.0
0.030878	0.000501619	238.230517	0.0	0.0
0.031185	0.000515339	237.975318	0.0	0.0
0.031496	0.000529413	237.718995	0.0	0.0
0.031810	0.000543850	237.461564	0.0	0.0
0.032127	0.000558657	237.203051	0.0	0.0
0.032447	0.000573845	236.943464	0.0	0.0
0.032770	0.000589421	236.682821	0.0	0.0
0.033097	0.000605395	236.421141	0.0	0.0
0.033426	0.000621776	236.158443	0.0	0.0
0.033759	0.000638574	235.894740	0.0	0.0
0.034096	0.000655798	235.630058	0.0	0.0
0.034435	0.000673457	235.364405	0.0	0.0
0.034778	0.000691563	235.097809	0.0	0.0
0.035125	0.000710124	234.830293	0.0	0.0
0.035475	0.000729152	234.561865	0.0	0.0
0.035828	0.000748657	234.292548	0.0	0.0
0.036185	0.000768650	234.022374	0.0	0.0
0.036546	0.000789142	233.751346	0.0	0.0
0.036910	0.000810145	233.479503	0.0	0.0
0.037278	0.000831668	233.206858	0.0	0.0
0.037649	0.000853725	232.933429	0.0	0.0
0.038024	0.000876328	232.659251	0.0	0.0
0.038403	0.000899487	232.384331	0.0	0.0
0.038785	0.000923216	232.108710	0.0	0.0
0.039172	0.000947528	231.832396	0.0	0.0
0.039562	0.000972435	231.555419	0.0	0.0
0.039956	0.000997950	231.277808	0.0	0.0
0.040354	0.001024090	230.999580	0.0	0.0
0.040756	0.001050860	230.720760	0.0	0.0
0.041162	0.001078280	230.441370	0.0	0.0
0.041572	0.001106360	230.161452	0.0	0.0
0.041987	0.001135120	229.881008	0.0	0.0
0.042405	0.001164580	229.600080	0.0	0.0
0.042827	0.001194740	229.318687	0.0	0.0
0.043254	0.001225620	229.036863	0.0	0.0
0.043685	0.001257240	228.754622	0.0	0.0
0.044120	0.001289620	228.471998	0.0	0.0
0.044560	0.001322760	228.189015	0.0	0.0
0.045004	0.001356690	227.905699	0.0	0.0
0.045452	0.001391420	227.622082	0.0	0.0
0.045905	0.001426980	227.338192	0.0	0.0
0.046362	0.001463370	227.054047	0.0	0.0
0.046824	0.001500610	226.769684	0.0	0.0
0.047291	0.001538730	226.485121	0.0	0.0
0.047762	0.001577740	226.200395	0.0	0.0
0.048238	0.001617650	225.915526	0.0	0.0
0.048718	0.001658500	225.630552	0.0	0.0
0.049204	0.001700290	225.345486	0.0	0.0
0.049694	0.001743060	225.060366	0.0	0.0
0.050189	0.001786800	224.775221	0.0	0.0
0.050689	0.001831560	224.490070	0.0	0.0
0.051194	0.001877350	224.204947	0.0	0.0
0.051704	0.001924180	223.919879	0.0	0.0
0.052219	0.001972090	223.634894	0.0	0.0
0.052739	0.002021090	223.350021	0.0	0.0
0.053265	0.002071210	223.065281	0.0	0.0
0.053795	0.002122470	222.780709	0.0	0.0
0.054331	0.002174890	222.496329	0.0	0.0
0.054873	0.002228490	222.212173	0.0	0.0
0.055419	0.002283300	221.928261	0.0	0.0
0.055971	0.002339350	221.644622	0.0	0.0
0.056529	0.002396660	221.361289	0.0	0.0
0.057092	0.002455250	221.078283	0.0	0.0
0.057661	0.002515160	220.795627	0.0	0.0
0.058235	0.002576400	220.513355	0.0	0.0
0.058816	0.002639010	220.231494	0.0	0.0
0.059402	0.002703000	219.950065	0.0	0.0
0.059993	0.002768420	219.669096	0.0	0.0
0.060591	0.002835290	219.388610	0.0	0.0
0.061195	0.002903630	219.108637	0.0	0.0
0.061804	0.002973480	218.829202	0.0	0.0
0.062420	0.003044870	218.550324	0.0	0.0
0.063042	0.003117830	218.272030	0.0	0.0
0.063670	0.003192390	217.994348	0.0	0.0
0.064304	0.003268570	217.717303	0.0	0.0
0.064945	0.003346420	217.440911	0.0	0.0
0.065592	0.003425970	217.165202	0.0	0.0
0.066246	0.003507250	216.890199	0.0	0.0
0.066906	0.003590290	216.615920	0.0	0.0
0.067572	0.003675140	216.342392	0.0	0.0
0.068245	0.003761820	216.069636	0.0	0.0
0.068925	0.003850370	215.797677	0.0	0.0
0.069612	0.003940830	215.526526	0.0	0.0
0.070305	0.004033240	215.256215	0.0	0.0
0.071006	0.004127630	214.986761	0.0	0.0
0.071713	0.004224050	214.718184	0.0	0.0
0.072428	0.004322540	214.450502	0.0	0.0
0.073149	0.004423130	214.183741	0.0	0.0
0.073878	0.004525870	213.917910	0.0	0.0
0.074614	0.004630800	213.653039	0.0	0.0
0.075357	0.004737960	213.389137	0.0	0.0
0.076108	0.004847400	213.126225	0.0	0.0
0.076866	0.004959160	212.864325	0.0	0.0
0.077632	0.005073300	212.603449	0.0	0.0
0.078406	0.005189840	212.343618	0.0	0.0
0.079187	0.005308850	212.084841	0.0	0.0
0.079976	0.005430370	211.827143	0.0	0.0
0.080773	0.005554460	211.570535	0.0	0.0
0.081577	0.005681150	211.315028	0.0	0.0
0.082390	0.005810510	211.060644	0.0	0.0
0.083211	0.005942580	210.807395	0.0	0.0
0.084040	0.006077420	210.555291	0.0	0.0
0.084877	0.006215090	210.304351	0.0	0.0
0.085723	0.006355630	210.054583	0.0	0.0
0.086577	0.006499110	209.806005	0.0	0.0
0.087439	0.006645590	209.558623	0.0	0.0
0.088310	0.006795120	209.312453	0.0	0.0
0.089190	0.006947760	209.067504	0.0	0.0
0.090079	0.007103580	208.823787	0.0	0.0
0.090976	0.007262630	208.581316	0.0	0.0
0.091883	0.007424980	208.340096	0.0	0.0
0.092798	0.007590710	208.100139	0.0	0.0
0.093722	0.007759860	207.861454	0.0	0.0
0.094656	0.007932510	207.624049	0.0	0.0
0.095599	0.008108740	207.387935	0.0	0.0
0.096552	0.008288600	207.153116	0.0	0.0
0.097514	0.008472180	206.919604	0.0	0.0
0.098485	0.008659540	206.687403	0.0	0.0
0.099466	0.008850760	206.456520	0.0	0.0
0.100457	0.009045920	206.226957	0.0	0.0
0.101458	0.009245090	205.998737	0.0	0.0
0.102469	0.009448360	205.771847	0.0	0.0
0.103490	0.009655800	205.546293	0.0	0.0
0.104521	0.009867490	205.322101	0.0	0.0
0.105562	0.010083500	205.099255	0.0	0.0
0.106614	0.010304000	204.877759	0.0	0.0
0.107676	0.010529000	204.657640	0.0	0.0
0.108749	0.010758600	204.438859	0.0	0.0
0.109832	0.010992800	204.221462	0.0	0.0
0.110926	0.011231900	204.005433	0.0	0.0
0.112031	0.011475800	203.790756	0.0	0.0
0.113148	0.011724800	203.577475	0.0	0.0
0.114275	0.011978800	203.365554	0.0	0.0
0.115413	0.012237900	203.155034	0.0	0.0
0.116563	0.012502400	202.945864	0.0	0.0
0.117724	0.012772200	202.738101	0.0	0.0
0.118897	0.013047600	202.531694	0.0	0.0
0.120082	0.013328500	202.326683	0.0	0.0
0.121278	0.013615200	202.123035	0.0	0.0
0.122486	0.013907700	201.920787	0.0	0.0
0.123707	0.014206100	201.719908	0.0	0.0
0.124939	0.014510500	201.520400	0.0	0.0
0.126184	0.014821200	201.322283	0.0	0.0
0.127441	0.015138200	201.125542	0.0	0.0
0.128711	0.015461500	200.930163	0.0	0.0
0.129993	0.015791500	200.736165	0.0	0.0
0.131288	0.016128100	200.543534	0.0	0.0
0.132596	0.016471500	200.352272	0.0	0.0
0.133917	0.016821900	200.162380	0.0	0.0
0.135251	0.017179400	199.973845	0.0	0.0
0.136599	0.017544100	199.786684	0.0	0.0
0.137960	0.017916200	199.600868	0.0	0.0
0.139334	0.018295800	199.416400	0.0	0.0
0.140722	0.018683100	199.233295	0.0	0.0
0.142124	0.019078200	199.051526	0.0	0.0
0.143540	0.019481300	198.871108	0.0	0.0
0.144970	0.019892500	198.692016	0.0	0.0
0.146414	0.020312100	198.514263	0.0	0.0
0.147873	0.020740100	198.337850	0.0	0.0
0.149346	0.021176700	198.162741	0.0	0.0
0.150834	0.021622100	197.988972	0.0	0.0
0.152337	0.022076500	197.816497	0.0	0.0
0.153855	0.022540100	197.645340	0.0	0.0
0.155387	0.023013000	197.475488	0.0	0.0
0.156935	0.023495500	197.306942	0.0	0.0
0.158499	0.023987700	197.139680	0.0	0.0
0.160078	0.024489700	196.973703	0.0	0.0
0.161673	0.025001900	196.809010	0.0	0.0
0.163284	0.025524500	196.645590	0.0	0.0
0.164910	0.026057500	196.483434	0.0	0.0
0.166553	0.026601200	196.322552	0.0	0.0
0.168213	0.027155900	196.162922	0.0	0.0
0.169888	0.027721800	196.004535	0.0	0.0
0.171581	0.028299000	195.847401	0.0	0.0
0.173290	0.028887900	195.691499	0.0	0.0
0.175017	0.029488500	195.536821	0.0	0.0
0.176760	0.030101300	195.383375	0.0	0.0
0.178521	0.030726400	195.231141	0.0	0.0
0.180300	0.031364000	195.080112	0.0	0.0
0.182096	0.032014500	194.930287	0.0	0.0
0.183910	0.032678000	194.781663	0.0	0.0
0.185743	0.033354900	194.634217	0.0	0.0
0.187593	0.034045300	194.487954	0.0	0.0
0.189462	0.034749700	194.342868	0.0	0.0
0.191350	0.035468200	194.198939	0.0	0.0
0.193256	0.036201100	194.056177	0.0	0.0
0.195181	0.036948700	193.914556	0.0	0.0
0.197126	0.037711300	193.774083	0.0	0.0
0.199090	0.038489300	193.634743	0.0	0.0
0.201073	0.039282800	193.496528	0.0	0.0
0.203077	0.040092300	193.359436	0.0	0.0
0.205100	0.040918000	193.223452	0.0	0.0
0.207143	0.041760400	193.088569	0.0	0.0
0.209207	0.042619600	192.954785	0.0	0.0
0.211291	0.043496000	192.822092	0.0	0.0
0.213396	0.044390100	192.690471	0.0	0.0
0.215522	0.045302000	192.559926	0.0	0.0
0.217669	0.046232300	192.430444	0.0	0.0
0.219838	0.047181200	192.302022	0.0	0.0
0.222028	0.048149200	192.174643	0.0	0.0
0.224240	0.049136600	192.048304	0.0	0.0
0.226474	0.050143700	191.922999	0.0	0.0
0.228730	0.051171100	191.798715	0.0	0.0
0.231009	0.052219100	191.675445	0.0	0.0
0.233311	0.053288100	191.553182	0.0	0.0
0.235635	0.054378500	191.431920	0.0	0.0
0.237983	0.055490800	191.311652	0.0	0.0
0.240354	0.056625400	191.192361	0.0	0.0
0.242748	0.057782700	191.074046	0.0	0.0
0.245167	0.058963300	190.956700	0.0	0.0
0.247609	0.060167500	190.840312	0.0	0.0
0.250076	0.061395800	190.724872	0.0	0.0
0.252567	0.062648800	190.610377	0.0	0.0
0.255084	0.063926800	190.496817	0.0	0.0
0.257625	0.065230500	190.384177	0.0	0.0
0.260192	0.066560400	190.272460	0.0	0.0
0.262784	0.067916800	190.161651	0.0	0.0
0.265402	0.069300500	190.051741	0.0	0.0
0.268046	0.070711900	189.942728	0.0	0.0
0.270716	0.072151600	189.834603	0.0	0.0
0.273413	0.073620100	189.727350	0.0	0.0
0.276137	0.075118000	189.620970	0.0	0.0
0.278888	0.076646000	189.515449	0.0	0.0
0.281667	0.078204600	189.410782	0.0	0.0
0.284473	0.079794400	189.306959	0.0	0.0
0.287307	0.081416000	189.203976	0.0	0.0
0.290170	0.083070200	189.101824	0.0	0.0
0.293060	0.084757500	189.000490	0.0	0.0
0.295980	0.086478600	188.899970	0.0	0.0
0.298929	0.088234200	188.800259	0.0	0.0
0.301907	0.090025000	188.701342	0.0	0.0
0.304915	0.091851600	188.603217	0.0	0.0
0.307953	0.093714800	188.505873	0.0	0.0
0.311021	0.095615400	188.409307	0.0	0.0
0.314119	0.097554000	188.313505	0.0	0.0
0.317249	0.099531500	188.218463	0.0	0.0
0.320409	0.101549000	188.124174	0.0	0.0
0.323602	0.103606000	188.030625	0.0	0.0
0.326825	0.105705000	187.937815	0.0	0.0
0.330082	0.107846000	187.845732	0.0	0.0
0.333370	0.110029000	187.754371	0.0	0.0
0.336691	0.112257000	187.663722	0.0	0.0
0.340046	0.114529000	187.573781	0.0	0.0
0.343433	0.116846000	187.484537	0.0	0.0
0.346855	0.119210000	187.395984	0.0	0.0
0.350311	0.121621000	187.308115	0.0	0.0
0.353801	0.124081000	187.220921	0.0	0.0
0.357325	0.126590000	187.134396	0.0	0.0
0.360885	0.129149000	187.048534	0.0	0.0
0.364481	0.131759000	186.963325	0.0	0.0
0.368112	0.134422000	186.878763	0.0	0.0
0.371779	0.137138000	186.794840	0.0	0.0
0.375483	0.139908000	186.711551	0.0	0.0
0.379224	0.142734000	186.628886	0.0	0.0
0.383002	0.145617000	186.546839	0.0	0.0
0.386818	0.148557000	186.465402	0.0	0.0
0.390672	0.151556000	186.384571	0.0	0.0
0.394564	0.154616000	186.304335	0.0	0.0
0.398495	0.157736000	186.224690	0.0	0.0
0.402465	0.160919000	186.145627	0.0	0.0
0.406474	0.164166000	186.067142	0.0	0.0
0.410524	0.167478000	185.989224	0.0	0.0
0.414614	0.170856000	185.911869	0.0	0.0
0.418745	0.174302000	185.835069	0.0	0.0
0.422916	0.177817000	185.758818	0.0	0.0
0.427130	0.181402000	185.683108	0.0	0.0
0.431385	0.185059000	185.607933	0.0	0.0
0.435683	0.188790000	185.533288	0.0	0.0
0.440024	0.192595000	185.459163	0.0	0.0
0.444407	0.196476000	185.385553	0.0	0.0
0.448835	0.200435000	185.312452	0.0	0.0
0.453307	0.204474000	185.239851	0.0	0.0
0.457823	0.208593000	185.167747	0.0	0.0
0.462384	0.212795000	185.096130	0.0	0.0
0.466990	0.217081000	185.024998	0.0	0.0
0.471643	0.221453000	184.954340	0.0	0.0
0.476342	0.225913000	184.884151	0.0	0.0
0.481087	0.230462000	184.814426	0.0	0.0
0.485880	0.235102000	184.745156	0.0	0.0
0.490721	0.239835000	184.676339	0.0	0.0
0.495610	0.244662000	184.607964	0.0	0.0
0.500547	0.249587000	184.540027	0.0	0.0
0.505534	0.254610000	184.472521	0.0	0.0
0.510571	0.259734000	184.405441	0.0	0.0
0.515657	0.264960000	184.338780	0.0	0.0
0.520795	0.270292000	184.272532	0.0	0.0
0.525983	0.275730000	184.206689	0.0	0.0
0.531224	0.281276000	184.141249	0.0	0.0
0.536516	0.286935000	184.076203	0.0	0.0
0.541861	0.292706000	184.011545	0.0	0.0
0.547260	0.298593000	183.947270	0.0	0.0
0.552712	0.304598000	183.883372	0.0	0.0
0.558218	0.310724000	183.819844	0.0	0.0
0.563780	0.316972000	183.756681	0.0	0.0
0.569396	0.323345000	183.693876	0.0	0.0
0.575069	0.329846000	183.631425	0.0	0.0
0.580798	0.336477000	183.569322	0.0	0.0
0.586585	0.343241000	183.507559	0.0	0.0
0.592429	0.350141000	183.446131	0.0	0.0
0.598331	0.357179000	183.385034	0.0	0.0
0.604292	0.364357000	183.324260	0.0	0.0
0.610312	0.371680000	183.263804	0.0	0.0
0.616392	0.379149000	183.203662	0.0	0.0
0.622533	0.386768000	183.143825	0.0	0.0
0.628736	0.394540000	183.084291	0.0	0.0
0.634999	0.402467000	183.025052	0.0	0.0
0.641326	0.410553000	182.966103	0.0	0.0
0.647715	0.418801000	182.907438	0.0	0.0
0.654168	0.427214000	182.849052	0.0	0.0
0.660685	0.435796000	182.790940	0.0	0.0
0.667268	0.444550000	182.733095	0.0	0.0
0.673915	0.453479000	182.675512	0.0	0.0
0.680629	0.462586000	182.618187	0.0	0.0
0.687410	0.471877000	182.561113	0.0	0.0
0.694259	0.481353000	182.504284	0.0	0.0
0.701175	0.491019000	182.447696	0.0	0.0
0.708161	0.500878000	182.391343	0.0	0.0
0.715216	0.510935000	182.335220	0.0	0.0
0.722342	0.521193000	182.279321	0.0	0.0
0.729538	0.531657000	182.223642	0.0	0.0
0.736806	0.542330000	182.168175	0.0	0.0
0.744147	0.553217000	182.112917	0.0	0.0
0.751561	0.564322000	182.057863	0.0	0.0
0.759048	0.575649000	182.003006	0.0	0.0
0.766610	0.587202000	181.948342	0.0	0.0
0.774248	0.598987000	181.893865	0.0	0.0
0.781961	0.611008000	181.839569	0.0	0.0
0.789752	0.623270000	181.785451	0.0	0.0
0.797620	0.635776000	181.731504	0.0	0.0
0.805566	0.648533000	181.677724	0.0	0.0
0.813592	0.661545000	181.624104	0.0	0.0
0.821698	0.674818000	181.570641	0.0	0.0
0.829884	0.688356000	181.517329	0.0	0.0
0.838152	0.702165000	181.464163	0.0	0.0
0.846502	0.716250000	181.411136	0.0	0.0
0.854936	0.730617000	181.358246	0.0	0.0
0.863453	0.745271000	181.305486	0.0	0.0
0.872055	0.760219000	181.252852	0.0	0.0
0.880743	0.775465000	181.200337	0.0	0.0
0.889518	0.791017000	181.147938	0.0	0.0
0.898380	0.806879000	181.095648	0.0	0.0
0.907330	0.823059000	181.043464	0.0	0.0
0.916370	0.839562000	180.991379	0.0	0.0
0.925499	0.856395000	180.939389	0.0	0.0
0.934720	0.873565000	180.887489	0.0	0.0
0.944032	0.891079000	180.835675	0.0	0.0
0.953437	0.908942000	180.783939	0.0	0.0
0.962936	0.927163000	180.732279	0.0	0.0
0.972529	0.945749000	180.680688	0.0	0.0
0.982218	0.964706000	180.629161	0.0	0.0
0.992004	0.984043000	180.577695	0.0	0.0
1.001887	1.003770000	180.526283	0.0	0.0
1.011868	1.023880000	180.474923	0.0	0.0
1.021949	1.044400000	180.423606	0.0	0.0
1.032131	1.065340000	180.372325	0.0	0.0
1.042414	1.086690000	180.321081	0.0	0.0
1.052799	1.108460000	180.269868	0.0	0.0
1.063288	1.130680000	180.218678	0.0	0.0
1.073881	1.153330000	180.167510	0.0	0.0
1.084580	1.176450000	180.116355	0.0	0.0
1.095385	1.200020000	180.065212	0.0	0.0
1.106298	1.224070000	180.014072	0.0	0.0
1.117320	1.248600000	179.962931	0.0	0.0
1.128451	1.273620000	179.911788	0.0	0.0
1.139694	1.299140000	179.860630	0.0	0.0
1.151048	1.325170000	179.809461	0.0	0.0
1.162516	1.351730000	179.758268	0.0	0.0
1.174097	1.378810000	179.707055	0.0	0.0
1.185794	1.406440000	179.655809	0.0	0.0
1.197608	1.434630000	179.604526	0.0	0.0
1.209540	1.463380000	179.553201	0.0	0.0
1.221590	1.492710000	179.501835	0.0	0.0
1.233760	1.522620000	179.450419	0.0	0.0
1.246052	1.553140000	179.398944	0.0	0.0
1.258466	1.584270000	179.347411	0.0	0.0
1.271004	1.616020000	179.295811	0.0	0.0
1.283666	1.648410000	179.244144	0.0	0.0
1.296455	1.681450000	179.192398	0.0	0.0
1.309371	1.715150000	179.140573	0.0	0.0
1.322416	1.749540000	179.088661	0.0	0.0
1.335591	1.784610000	179.036658	0.0	0.0
1.348897	1.820380000	178.984561	0.0	0.0
1.362336	1.856880000	178.932360	0.0	0.0
1.375908	1.894100000	178.880057	0.0	0.0
1.389616	1.932070000	178.827640	0.0	0.0
1.403460	1.970810000	178.775108	0.0	0.0
1.417443	2.010320000	178.722451	0.0	0.0
1.431564	2.050620000	178.669672	0.0	0.0
1.445826	2.091730000	178.616759	0.0	0.0
1.460231	2.133670000	178.563707	0.0	0.0
1.474779	2.176450000	178.510513	0.0	0.0
1.489471	2.220080000	178.457176	0.0	0.0
1.504310	2.264590000	178.403683	0.0	0.0
1.519297	2.309980000	178.350032	0.0	0.0
1.534434	2.356290000	178.296215	0.0	0.0
1.549721	2.403520000	178.242233	0.0	0.0
1.565160	2.451700000	178.188077	0.0	0.0
1.580753	2.500830000	178.133742	0.0	0.0
1.596502	2.550950000	178.079219	0.0	0.0
1.612408	2.602080000	178.024506	0.0	0.0
1.628471	2.654220000	177.969603	0.0	0.0
1.644695	2.707400000	177.914496	0.0	0.0
1.661081	2.761640000	177.859181	0.0	0.0
1.677630	2.816970000	177.803656	0.0	0.0
1.694344	2.873400000	177.747913	0.0	0.0
1.711224	2.930950000	177.691949	0.0	0.0
1.728272	2.989650000	177.635757	0.0	0.0
1.745491	3.049520000	177.579328	0.0	0.0
1.762880	3.110590000	177.522665	0.0	0.0
1.780443	3.172870000	177.465755	0.0	0.0
1.798181	3.236400000	177.408594	0.0	0.0
1.816096	3.301200000	177.351176	0.0	0.0
1.834189	3.367290000	177.293497	0.0	0.0
1.852463	3.434700000	177.235549	0.0	0.0
1.870918	3.503460000	177.177332	0.0	0.0
1.889558	3.573600000	177.118831	0.0	0.0
1.908383	3.645140000	177.060048	0.0	0.0
1.927396	3.718110000	177.000973	0.0	0.0
1.946598	3.792550000	176.941604	0.0	0.0
1.965991	3.868490000	176.881932	0.0	0.0
1.985578	3.945950000	176.821951	0.0	0.0
2.005359	4.024960000	176.761659	0.0	0.0
2.025338	4.105570000	176.701044	0.0	0.0
2.045516	4.187800000	176.640103	0.0	0.0
2.065895	4.271690000	176.578830	0.0	0.0
2.086477	4.357260000	176.517219	0.0	0.0
2.107264	4.444560000	176.455264	0.0	0.0
2.128258	4.533620000	176.392959	0.0	0.0
2.149461	4.624480000	176.330298	0.0	0.0
2.170875	4.717170000	176.267275	0.0	0.0
2.192503	4.811720000	176.203881	0.0	0.0
2.214346	4.908180000	176.140114	0.0	0.0
2.236407	5.006570000	176.075963	0.0	0.0
2.258688	5.106950000	176.011424	0.0	0.0
2.281191	5.209340000	175.946491	0.0	0.0
2.303917	5.313780000	175.881160	0.0	0.0
2.326871	5.420310000	175.815418	0.0	0.0
2.350052	5.528980000	175.749267	0.0	0.0
2.373465	5.639810000	175.682692	0.0	0.0
2.397111	5.752850000	175.615691	0.0	0.0
2.420993	5.868150000	175.548255	0.0	0.0
2.445113	5.985740000	175.480379	0.0	0.0
2.469473	6.105660000	175.412057	0.0	0.0
2.494075	6.227970000	175.343282	0.0	0.0
2.518923	6.352710000	175.274045	0.0	0.0
2.544018	6.479920000	175.204341	0.0	0.0
2.569364	6.609660000	175.134160	0.0	0.0
2.594961	6.741980000	175.063502	0.0	0.0
2.620814	6.876930000	174.992353	0.0	0.0
2.646925	7.014560000	174.920706	0.0	0.0
2.673295	7.154950000	174.848561	0.0	0.0
2.699928	7.298130000	174.775904	0.0	0.0
2.726827	7.444190000	174.702728	0.0	0.0
2.753994	7.593170000	174.629028	0.0	0.0
2.781431	7.745150000	174.554798	0.0	0.0
2.809141	7.900200000	174.480029	0.0	0.0
2.837128	8.058370000	174.404711	0.0	0.0
2.865393	8.219750000	174.328841	0.0	0.0
2.893941	8.384390000	174.252406	0.0	0.0
2.922772	8.552380000	174.175404	0.0	0.0
2.951891	8.723770000	174.097824	0.0	0.0
2.981300	8.898630000	174.019659	0.0	0.0
3.011001	9.077040000	173.940903	0.0	0.0
3.040999	9.259060000	173.861544	0.0	0.0
3.071296	9.444750000	173.781576	0.0	0.0
3.101894	9.634170000	173.700994	0.0	0.0
3.132797	9.827400000	173.619786	0.0	0.0
3.164008	10.024500000	173.537945	0.0	0.0
3.195530	10.225500000	173.455463	0.0	0.0
3.227367	10.430600000	173.372330	0.0	0.0
3.259520	10.639600000	173.288541	0.0	0.0
3.291993	10.852900000	173.204087	0.0	0.0
3.324791	11.070300000	173.118955	0.0	0.0
3.357915	11.292000000	173.033141	0.0	0.0
3.391368	11.518100000	172.946638	0.0	0.0
3.425156	11.748700000	172.859430	0.0	0.0
3.459279	11.983800000	172.771517	0.0	0.0
3.493743	12.223600000	172.682883	0.0	0.0
3.528550	12.468200000	172.593523	0.0	0.0
3.563704	12.717600000	172.503425	0.0	0.0
3.599208	12.972100000	172.412583	0.0	0.0
3.635066	13.231800000	172.320986	0.0	0.0
3.671281	13.496700000	172.228626	0.0	0.0
3.707857	13.767100000	172.135492	0.0	0.0
3.744797	14.042900000	172.041577	0.0	0.0
3.782106	14.324400000	171.946867	0.0	0.0
3.819786	14.611700000	171.851357	0.0	0.0
3.857841	14.904800000	171.755036	0.0	0.0
3.896276	15.203800000	171.657892	0.0	0.0
3.935093	15.508900000	171.559920	0.0	0.0
3.974297	15.820100000	171.461106	0.0	0.0
4.013892	16.137600000	171.361440	0.0	0.0
4.053881	16.461300000	171.260913	0.0	0.0
4.094269	16.791400000	171.159514	0.0	0.0
4.135059	17.128000000	171.057234	0.0	0.0
4.176255	17.471100000	170.954062	0.0	0.0
4.217862	17.821000000	170.849987	0.0	0.0
4.259883	18.177800000	170.744999	0.0	0.0
4.302323	18.541600000	170.639086	0.0	0.0
4.345186	18.912600000	170.532238	0.0	0.0
4.388476	19.291000000	170.424443	0.0	0.0
4.432197	19.677100000	170.315693	0.0	0.0
4.476353	20.071000000	170.205975	0.0	0.0
4.520950	20.473100000	170.095275	0.0	0.0
4.565991	20.883400000	169.983586	0.0	0.0
4.611480	21.302200000	169.870895	0.0	0.0
4.657423	21.729600000	169.757189	0.0	0.0
4.703824	22.165800000	169.642456	0.0	0.0
4.750687	22.610900000	169.526686	0.0	0.0
4.798016	23.064900000	169.409869	0.0	0.0
4.845817	23.528000000	169.291988	0.0	0.0
4.894095	24.000200000	169.173033	0.0	0.0
4.942853	24.481600000	169.052993	0.0	0.0
4.992097	24.972400000	168.931854	0.0	0.0
5.041832	25.472700000	168.809602	0.0	0.0
5.092062	25.982700000	168.686228	0.0	0.0
5.142793	26.502700000	168.561716	0.0	0.0
5.194029	27.033000000	168.436054	0.0	0.0
5.245776	27.574000000	168.309228	0.0	0.0
5.298038	28.126100000	168.181228	0.0	0.0
5.350821	28.689600000	168.052036	0.0	0.0
5.404129	29.264800000	167.921644	0.0	0.0
5.457969	29.852100000	167.790032	0.0	0.0
5.512345	30.451600000	167.657191	0.0	0.0
5.567263	31.063400000	167.523104	0.0	0.0
5.622728	31.687600000	167.387758	0.0	0.0
5.678746	32.324200000	167.251139	0.0	0.0
5.735321	32.973300000	167.113234	0.0	0.0
5.792460	33.634900000	166.974026	0.0	0.0
5.850169	34.309100000	166.833499	0.0	0.0
5.908453	34.996300000	166.691640	0.0	0.0
5.967317	35.696900000	166.548436	0.0	0.0
6.026767	36.411300000	166.403870	0.0	0.0
6.086810	37.140100000	166.257925	0.0	0.0
6.147451	37.884100000	166.110587	0.0	0.0
6.208696	38.643600000	165.961840	0.0	0.0
6.270552	39.419200000	165.811666	0.0	0.0
6.333023	40.211200000	165.660053	0.0	0.0
6.396117	41.019600000	165.506982	0.0	0.0
6.459840	41.844500000	165.352435	0.0	0.0
6.524198	42.685600000	165.196398	0.0	0.0
6.589196	43.543000000	165.038855	0.0	0.0
6.654842	44.416500000	164.879787	0.0	0.0
6.721143	45.306600000	164.719174	0.0	0.0
6.788103	46.213700000	164.557006	0.0	0.0
6.855731	47.138600000	164.393258	0.0	0.0
6.924033	48.082200000	164.227914	0.0	0.0
6.993015	49.045600000	164.060958	0.0	0.0
7.062684	50.029500000	163.892371	0.0	0.0
7.133048	51.034600000	163.722131	0.0	0.0
7.204112	52.061000000	163.550226	0.0	0.0
7.275884	53.108500000	163.376632	0.0	0.0
7.348372	54.176800000	163.201329	0.0	0.0
7.421582	55.265400000	163.024299	0.0	0.0
7.495521	56.374400000	162.845524	0.0	0.0
7.570196	57.504000000	162.664985	0.0	0.0
7.645616	58.655100000	162.482656	0.0	0.0
7.721787	59.829000000	162.298522	0.0	0.0
7.798717	61.027400000	162.112559	0.0	0.0
7.876413	62.251600000	161.924749	0.0	0.0
7.954883	63.502400000	161.735069	0.0	0.0
8.034135	64.780100000	161.543498	0.0	0.0
8.114177	66.084300000	161.350012	0.0	0.0
8.195016	67.414000000	161.154593	0.0	0.0
8.276661	68.768500000	160.957214	0.0	0.0
8.359119	70.147700000	160.757857	0.0	0.0
8.442398	71.552300000	160.556498	0.0	0.0
8.526507	72.984100000	160.353111	0.0	0.0
8.611454	74.445400000	160.147676	0.0	0.0
8.697247	75.938300000	159.940167	0.0	0.0
8.783896	77.464400000	159.730558	0.0	0.0
8.871407	79.023700000	159.518830	0.0	0.0
8.959790	80.615300000	159.304955	0.0	0.0
9.049054	82.237600000	159.088907	0.0	0.0
9.139207	83.889400000	158.870662	0.0	0.0
9.230258	85.570700000	158.650194	0.0	0.0
9.322216	87.283300000	158.427478	0.0	0.0
9.415091	89.030200000	158.202484	0.0	0.0
9.508890	90.815000000	157.975190	0.0	0.0
9.603625	92.639900000	157.745563	0.0	0.0
9.699303	94.505400000	157.513580	0.0	0.0
9.795934	96.409700000	157.279212	0.0	0.0
9.893528	98.350300000	157.042429	0.0	0.0
9.992094	100.325000000	156.803205	0.0	0.0
10.091640	102.335000000	156.561514	0.0	0.0
10.192180	104.382000000	156.317315	0.0	0.0
10.293720	106.472000000	156.070589	0.0	0.0
10.396280	108.610000000	155.821281	0.0	0.0
10.499850	110.797000000	155.569408	0.0	0.0
10.604460	113.031000000	155.314891	0.0	0.0
10.710110	115.308000000	155.057723	0.0	0.0
10.816810	117.625000000	154.797872	0.0	0.0
10.924570	119.981000000	154.535308	0.0	0.0
11.033410	122.382000000	154.269973	0.0	0.0
11.143340	124.834000000	154.001836	0.0	0.0
11.254350	127.343000000	153.730914	0.0	0.0
11.366480	129.910000000	153.457099	0.0	0.0
11.479720	132.531000000	153.180409	0.0	0.0
11.594090	135.200000000	152.900786	0.0	0.0
11.709600	137.913000000	152.618196	0.0	0.0
11.826250	140.673000000	152.332630	0.0	0.0
11.944080	143.490000000	152.043981	0.0	0.0
12.063070	146.373000000	151.752288	0.0	0.0
12.183250	149.324000000	151.457467	0.0	0.0
12.304630	152.339000000	151.159483	0.0	0.0
12.427220	155.409000000	150.858301	0.0	0.0
12.551030	158.528000000	150.553885	0.0	0.0
12.676070	161.702000000	150.246200	0.0	0.0
12.802360	164.943000000	149.935184	0.0	0.0
12.929900	168.262000000	149.620825	0.0	0.0
13.058720	171.660000000	149.303037	0.0	0.0
13.188820	175.126000000	148.981807	0.0	0.0
13.320220	178.650000000	148.657072	0.0	0.0
13.452920	182.231000000	148.328819	0.0	0.0
13.586950	185.879000000	147.996959	0.0	0.0
13.722310	189.615000000	147.661477	0.0	0.0
13.859020	193.444000000	147.322311	0.0	0.0
13.997100	197.354000000	146.979393	0.0	0.0
14.136540	201.329000000	146.632734	0.0	0.0
14.277380	205.364000000	146.282217	0.0	0.0
14.419620	209.477000000	145.927826	0.0	0.0
14.563280	213.689000000	145.569493	0.0	0.0
14.708370	218.008000000	145.207176	0.0	0.0
14.854910	222.413000000	144.840807	0.0	0.0
15.002900	226.884000000	144.470366	0.0	0.0
15.152370	231.423000000	144.095759	0.0	0.0
15.303330	236.063000000	143.716940	0.0	0.0
15.455790	240.824000000	143.333865	0.0	0.0
15.609770	245.695000000	142.946460	0.0	0.0
15.765290	250.640000000	142.554655	0.0	0.0
15.922350	255.651000000	142.158427	0.0	0.0
16.080980	260.772000000	141.757676	0.0	0.0
16.241190	266.037000000	141.352353	0.0	0.0
16.403000	271.413000000	140.942384	0.0	0.0
16.566420	276.843000000	140.527717	0.0	0.0
16.731460	282.374000000	140.108302	0.0	0.0
16.898160	288.098000000	139.684009	0.0	0.0
17.066510	293.606000000	139.254836	0.0	0.0
17.236540	297.070000000	138.820679	0.0	0.0
17.408260	294.721000000	138.381483	0.0	0.0
17.581690	281.647000000	137.937167	0.0	0.0
17.756850	254.111000000	137.487648	0.0	0.0
17.933760	212.219000000	137.032844	0.0	0.0
18.112430	161.058000000	136.572696	0.0	0.0
18.292880	109.128000000	136.107119	0.0	0.0
18.475120	64.810800000	135.636053	0.0	0.0
18.659180	33.024300000	135.159385	0.0	0.0
18.845080	14.045600000	134.677026	0.0	0.0
19.032830	4.795880000	134.188914	0.0	0.0
19.222450	1.237460000	133.694959	0.0	0.0
19.413950	0.216933000	133.195094	0.0	0.0
19.607370	0.020571200	132.689174	0.0	0.0
19.802710	0.000489348	132.177160	0.0	0.0
20.000000	0.000003304	131.658929	0.0	0.0

