# UNCLASSIFIED
#
# Response info for MDT broad-band site.
#
# Effective: 28 FEB 2012
# Created: 18 JUN 2012
# File name: MDT.BB.1330430400
# Source:  James Neely (TTD), TSgt Swindle (TTD)
# System equipment: Strekeisen STS-2 High Gain and Guralp DM24 digitizer.
# INID: 5791 5792 5793
#
# The response file was derived from equations of state.
# Displacement response relative to 1.0 at 1.0 Hz.
#
# The calib values for this configuration are as follows:
#
# MDT BHZ is 0.022831 nm/count at 1.00 Hz.
# MDT BHN is 0.022831 nm/count at 1.00 Hz.
# MDT BHE is 0.022831 nm/count at 1.00 Hz.
#
# Freq(Hz)    Ampl(counts/nm)   Phase(deg)  Error(amp) Error(phase)
#
 theoretical   0   instrument   fap
1000
0.001000	0.000014350	260.300000	0.0	0.0
0.001010	0.000014783	260.125667	0.0	0.0
0.001020	0.000015229	260.026334	0.0	0.0
0.001030	0.000015689	259.925987	0.0	0.0
0.001040	0.000016163	259.824612	0.0	0.0
0.001051	0.000016650	259.722190	0.0	0.0
0.001061	0.000017153	259.618719	0.0	0.0
0.001072	0.000017671	259.514188	0.0	0.0
0.001083	0.000018204	259.408576	0.0	0.0
0.001093	0.000018753	259.301882	0.0	0.0
0.001104	0.000019319	259.194095	0.0	0.0
0.001115	0.000019902	259.085193	0.0	0.0
0.001126	0.000020503	258.975165	0.0	0.0
0.001138	0.000021122	258.864009	0.0	0.0
0.001149	0.000021759	258.751705	0.0	0.0
0.001160	0.000022416	258.638241	0.0	0.0
0.001172	0.000023092	258.523605	0.0	0.0
0.001184	0.000023789	258.407786	0.0	0.0
0.001195	0.000024507	258.290762	0.0	0.0
0.001207	0.000025247	258.172531	0.0	0.0
0.001219	0.000026009	258.053083	0.0	0.0
0.001231	0.000026794	257.932385	0.0	0.0
0.001244	0.000027602	257.810445	0.0	0.0
0.001256	0.000028435	257.687232	0.0	0.0
0.001269	0.000029293	257.562743	0.0	0.0
0.001281	0.000030177	257.436957	0.0	0.0
0.001294	0.000031088	257.309871	0.0	0.0
0.001307	0.000032026	257.181454	0.0	0.0
0.001320	0.000032992	257.051703	0.0	0.0
0.001333	0.000033988	256.920597	0.0	0.0
0.001346	0.000035013	256.788122	0.0	0.0
0.001360	0.000036069	256.654256	0.0	0.0
0.001373	0.000037158	256.518997	0.0	0.0
0.001387	0.000038279	256.382323	0.0	0.0
0.001401	0.000039434	256.244221	0.0	0.0
0.001415	0.000040624	256.104667	0.0	0.0
0.001429	0.000041849	255.963650	0.0	0.0
0.001443	0.000043112	255.821157	0.0	0.0
0.001457	0.000044412	255.677163	0.0	0.0
0.001472	0.000045752	255.531648	0.0	0.0
0.001487	0.000047132	255.384606	0.0	0.0
0.001501	0.000048554	255.236016	0.0	0.0
0.001516	0.000050019	255.085854	0.0	0.0
0.001532	0.000051527	254.934106	0.0	0.0
0.001547	0.000053082	254.780759	0.0	0.0
0.001562	0.000054683	254.625789	0.0	0.0
0.001578	0.000056332	254.469172	0.0	0.0
0.001593	0.000058031	254.310895	0.0	0.0
0.001609	0.000059781	254.150934	0.0	0.0
0.001625	0.000061584	253.989284	0.0	0.0
0.001642	0.000063441	253.825902	0.0	0.0
0.001658	0.000065354	253.660783	0.0	0.0
0.001674	0.000067325	253.493913	0.0	0.0
0.001691	0.000069355	253.325246	0.0	0.0
0.001708	0.000071446	253.154789	0.0	0.0
0.001725	0.000073600	252.982507	0.0	0.0
0.001742	0.000075819	252.808374	0.0	0.0
0.001760	0.000078105	252.632376	0.0	0.0
0.001777	0.000080459	252.454486	0.0	0.0
0.001795	0.000082885	252.274681	0.0	0.0
0.001813	0.000085383	252.092943	0.0	0.0
0.001831	0.000087956	251.909248	0.0	0.0
0.001849	0.000090607	251.723570	0.0	0.0
0.001867	0.000093338	251.535882	0.0	0.0
0.001886	0.000096151	251.346168	0.0	0.0
0.001905	0.000099048	251.154393	0.0	0.0
0.001924	0.000102032	250.960549	0.0	0.0
0.001943	0.000105106	250.764589	0.0	0.0
0.001962	0.000108272	250.566497	0.0	0.0
0.001982	0.000111534	250.366246	0.0	0.0
0.002002	0.000114893	250.163818	0.0	0.0
0.002022	0.000118354	249.959165	0.0	0.0
0.002042	0.000121918	249.752291	0.0	0.0
0.002062	0.000125589	249.543137	0.0	0.0
0.002083	0.000129370	249.331696	0.0	0.0
0.002103	0.000133265	249.117927	0.0	0.0
0.002124	0.000137277	248.901815	0.0	0.0
0.002145	0.000141409	248.683308	0.0	0.0
0.002167	0.000145664	248.462400	0.0	0.0
0.002188	0.000150048	248.239049	0.0	0.0
0.002210	0.000154562	248.013228	0.0	0.0
0.002232	0.000159212	247.784906	0.0	0.0
0.002254	0.000164001	247.554043	0.0	0.0
0.002277	0.000168934	247.320619	0.0	0.0
0.002300	0.000174014	247.084594	0.0	0.0
0.002322	0.000179246	246.845937	0.0	0.0
0.002346	0.000184634	246.604617	0.0	0.0
0.002369	0.000190184	246.360594	0.0	0.0
0.002393	0.000195899	246.113835	0.0	0.0
0.002416	0.000201785	245.864319	0.0	0.0
0.002441	0.000207846	245.611983	0.0	0.0
0.002465	0.000214089	245.356817	0.0	0.0
0.002489	0.000220518	245.098777	0.0	0.0
0.002514	0.000227138	244.837821	0.0	0.0
0.002539	0.000233956	244.573914	0.0	0.0
0.002565	0.000240976	244.307015	0.0	0.0
0.002590	0.000248206	244.037100	0.0	0.0
0.002616	0.000255650	243.764113	0.0	0.0
0.002642	0.000263316	243.488023	0.0	0.0
0.002668	0.000271210	243.208782	0.0	0.0
0.002695	0.000279338	242.926359	0.0	0.0
0.002722	0.000287708	242.640705	0.0	0.0
0.002749	0.000296325	242.351778	0.0	0.0
0.002776	0.000305197	242.059551	0.0	0.0
0.002804	0.000314333	241.763957	0.0	0.0
0.002832	0.000323739	241.464972	0.0	0.0
0.002860	0.000333422	241.162548	0.0	0.0
0.002888	0.000343392	240.856639	0.0	0.0
0.002917	0.000353656	240.547197	0.0	0.0
0.002946	0.000364222	240.234175	0.0	0.0
0.002976	0.000375100	239.917526	0.0	0.0
0.003005	0.000386298	239.597223	0.0	0.0
0.003035	0.000397825	239.273185	0.0	0.0
0.003066	0.000409690	238.945397	0.0	0.0
0.003096	0.000421904	238.613788	0.0	0.0
0.003127	0.000434475	238.278321	0.0	0.0
0.003158	0.000447414	237.938946	0.0	0.0
0.003190	0.000460732	237.595603	0.0	0.0
0.003221	0.000474437	237.248254	0.0	0.0
0.003253	0.000488543	236.896839	0.0	0.0
0.003286	0.000503059	236.541320	0.0	0.0
0.003319	0.000517997	236.181623	0.0	0.0
0.003352	0.000533368	235.817723	0.0	0.0
0.003385	0.000549185	235.449546	0.0	0.0
0.003419	0.000565460	235.077044	0.0	0.0
0.003453	0.000582204	234.700177	0.0	0.0
0.003487	0.000599431	234.318873	0.0	0.0
0.003522	0.000617154	233.933083	0.0	0.0
0.003557	0.000635385	233.542769	0.0	0.0
0.003592	0.000654140	233.147847	0.0	0.0
0.003628	0.000673431	232.748290	0.0	0.0
0.003664	0.000693272	232.344027	0.0	0.0
0.003701	0.000713678	231.935009	0.0	0.0
0.003738	0.000734665	231.521188	0.0	0.0
0.003775	0.000756246	231.102493	0.0	0.0
0.003813	0.000778437	230.678876	0.0	0.0
0.003851	0.000801254	230.250279	0.0	0.0
0.003889	0.000824712	229.816654	0.0	0.0
0.003928	0.000848829	229.377933	0.0	0.0
0.003967	0.000873620	228.934082	0.0	0.0
0.004006	0.000899102	228.485034	0.0	0.0
0.004046	0.000925292	228.030732	0.0	0.0
0.004087	0.000952208	227.571122	0.0	0.0
0.004127	0.000979866	227.106163	0.0	0.0
0.004168	0.001008290	226.635802	0.0	0.0
0.004210	0.001037480	226.159964	0.0	0.0
0.004252	0.001067480	225.678622	0.0	0.0
0.004294	0.001098290	225.191716	0.0	0.0
0.004337	0.001129940	224.699199	0.0	0.0
0.004380	0.001162440	224.201024	0.0	0.0
0.004424	0.001195810	223.697136	0.0	0.0
0.004468	0.001230070	223.187493	0.0	0.0
0.004512	0.001265250	222.672066	0.0	0.0
0.004557	0.001301360	222.150792	0.0	0.0
0.004603	0.001338410	221.623636	0.0	0.0
0.004649	0.001376440	221.090564	0.0	0.0
0.004695	0.001415460	220.551532	0.0	0.0
0.004742	0.001455490	220.006501	0.0	0.0
0.004789	0.001496550	219.455443	0.0	0.0
0.004837	0.001538660	218.898336	0.0	0.0
0.004885	0.001581850	218.335148	0.0	0.0
0.004934	0.001626120	217.765839	0.0	0.0
0.004983	0.001671500	217.190406	0.0	0.0
0.005032	0.001718020	216.608818	0.0	0.0
0.005082	0.001765690	216.021055	0.0	0.0
0.005133	0.001814520	215.427116	0.0	0.0
0.005184	0.001864540	214.826979	0.0	0.0
0.005236	0.001915780	214.220651	0.0	0.0
0.005288	0.001968240	213.608120	0.0	0.0
0.005341	0.002021940	212.989400	0.0	0.0
0.005394	0.002076910	212.364490	0.0	0.0
0.005448	0.002133160	211.733402	0.0	0.0
0.005502	0.002190700	211.096144	0.0	0.0
0.005557	0.002249570	210.452742	0.0	0.0
0.005612	0.002309760	209.803236	0.0	0.0
0.005668	0.002371300	209.147640	0.0	0.0
0.005725	0.002434200	208.485995	0.0	0.0
0.005782	0.002498470	207.818339	0.0	0.0
0.005839	0.002564130	207.144725	0.0	0.0
0.005897	0.002631200	206.465216	0.0	0.0
0.005956	0.002699680	205.779844	0.0	0.0
0.006015	0.002769580	205.088706	0.0	0.0
0.006075	0.002840920	204.391851	0.0	0.0
0.006136	0.002913700	203.689365	0.0	0.0
0.006197	0.002987930	202.981334	0.0	0.0
0.006259	0.003063620	202.267850	0.0	0.0
0.006321	0.003140780	201.549010	0.0	0.0
0.006384	0.003219400	200.824922	0.0	0.0
0.006448	0.003299500	200.095687	0.0	0.0
0.006512	0.003381070	199.361439	0.0	0.0
0.006577	0.003464130	198.622294	0.0	0.0
0.006642	0.003548650	197.878379	0.0	0.0
0.006708	0.003634660	197.129848	0.0	0.0
0.006775	0.003722140	196.376830	0.0	0.0
0.006843	0.003811090	195.619495	0.0	0.0
0.006911	0.003901500	194.857986	0.0	0.0
0.006980	0.003993380	194.092476	0.0	0.0
0.007049	0.004086710	193.323135	0.0	0.0
0.007120	0.004181480	192.550139	0.0	0.0
0.007191	0.004277690	191.773670	0.0	0.0
0.007262	0.004375320	190.993928	0.0	0.0
0.007335	0.004474370	190.211098	0.0	0.0
0.007408	0.004574810	189.425381	0.0	0.0
0.007481	0.004676630	188.636995	0.0	0.0
0.007556	0.004779830	187.846131	0.0	0.0
0.007631	0.004884370	187.053007	0.0	0.0
0.007707	0.004990250	186.257856	0.0	0.0
0.007784	0.005097450	185.460884	0.0	0.0
0.007862	0.005205950	184.662321	0.0	0.0
0.007940	0.005315720	183.862393	0.0	0.0
0.008019	0.005426760	183.061336	0.0	0.0
0.008099	0.005539030	182.259381	0.0	0.0
0.008180	0.005652510	181.456762	0.0	0.0
0.008261	0.005767190	180.653721	0.0	0.0
0.008343	0.005883040	179.850478	0.0	0.0
0.008426	0.006000030	179.047288	0.0	0.0
0.008510	0.006118150	178.244370	0.0	0.0
0.008595	0.006237380	177.441973	0.0	0.0
0.008681	0.006357680	176.640326	0.0	0.0
0.008767	0.006479030	175.839666	0.0	0.0
0.008855	0.006601420	175.040230	0.0	0.0
0.008943	0.006724820	174.242234	0.0	0.0
0.009032	0.006849210	173.445912	0.0	0.0
0.009122	0.006974560	172.651495	0.0	0.0
0.009213	0.007100850	171.859193	0.0	0.0
0.009305	0.007228070	171.069230	0.0	0.0
0.009397	0.007356190	170.281819	0.0	0.0
0.009491	0.007485190	169.497162	0.0	0.0
0.009586	0.007615060	168.715463	0.0	0.0
0.009681	0.007745770	167.936923	0.0	0.0
0.009777	0.007877310	167.161738	0.0	0.0
0.009875	0.008009650	166.390091	0.0	0.0
0.009973	0.008142800	165.622160	0.0	0.0
0.010073	0.008276730	164.858096	0.0	0.0
0.010173	0.008411420	164.098135	0.0	0.0
0.010274	0.008546860	163.342400	0.0	0.0
0.010377	0.008683050	162.591048	0.0	0.0
0.010480	0.008819980	161.844228	0.0	0.0
0.010584	0.008957630	161.102086	0.0	0.0
0.010690	0.009095990	160.364759	0.0	0.0
0.010796	0.009235060	159.632379	0.0	0.0
0.010904	0.009374840	158.905072	0.0	0.0
0.011013	0.009515310	158.182958	0.0	0.0
0.011122	0.009656480	157.466084	0.0	0.0
0.011233	0.009798340	156.754624	0.0	0.0
0.011345	0.009940890	156.048678	0.0	0.0
0.011458	0.010084100	155.348279	0.0	0.0
0.011572	0.010228100	154.653578	0.0	0.0
0.011688	0.010372700	153.964596	0.0	0.0
0.011804	0.010518000	153.281412	0.0	0.0
0.011922	0.010664100	152.604098	0.0	0.0
0.012040	0.010810800	151.932720	0.0	0.0
0.012160	0.010958200	151.267282	0.0	0.0
0.012281	0.011106400	150.607896	0.0	0.0
0.012404	0.011255300	149.954611	0.0	0.0
0.012527	0.011405000	149.307364	0.0	0.0
0.012652	0.011555300	148.666301	0.0	0.0
0.012778	0.011706500	148.031355	0.0	0.0
0.012906	0.011858400	147.402557	0.0	0.0
0.013034	0.012011100	146.779982	0.0	0.0
0.013164	0.012164600	146.163557	0.0	0.0
0.013295	0.012318900	145.553348	0.0	0.0
0.013428	0.012474000	144.949368	0.0	0.0
0.013561	0.012629900	144.351536	0.0	0.0
0.013696	0.012786800	143.759905	0.0	0.0
0.013833	0.012944400	143.174477	0.0	0.0
0.013971	0.013103000	142.595211	0.0	0.0
0.014110	0.013262500	142.022060	0.0	0.0
0.014250	0.013422900	141.455062	0.0	0.0
0.014392	0.013584200	140.894128	0.0	0.0
0.014536	0.013746500	140.339325	0.0	0.0
0.014681	0.013909800	139.790524	0.0	0.0
0.014827	0.014074100	139.247747	0.0	0.0
0.014975	0.014239400	138.710941	0.0	0.0
0.015124	0.014405700	138.180120	0.0	0.0
0.015275	0.014573100	137.655156	0.0	0.0
0.015427	0.014741600	137.136097	0.0	0.0
0.015580	0.014911100	136.622849	0.0	0.0
0.015736	0.015081800	136.115352	0.0	0.0
0.015892	0.015253700	135.613613	0.0	0.0
0.016051	0.015426700	135.117570	0.0	0.0
0.016211	0.015600900	134.627160	0.0	0.0
0.016372	0.015776300	134.142354	0.0	0.0
0.016535	0.015952900	133.663088	0.0	0.0
0.016700	0.016130800	133.189330	0.0	0.0
0.016866	0.016310000	132.720989	0.0	0.0
0.017034	0.016490500	132.258058	0.0	0.0
0.017204	0.016672300	131.800449	0.0	0.0
0.017375	0.016855500	131.348125	0.0	0.0
0.017549	0.017040000	130.901026	0.0	0.0
0.017723	0.017226000	130.459114	0.0	0.0
0.017900	0.017413300	130.022327	0.0	0.0
0.018078	0.017602100	129.590605	0.0	0.0
0.018258	0.017792400	129.163887	0.0	0.0
0.018440	0.017984200	128.742112	0.0	0.0
0.018624	0.018177500	128.325266	0.0	0.0
0.018810	0.018372300	127.913245	0.0	0.0
0.018997	0.018568700	127.506034	0.0	0.0
0.019186	0.018766700	127.103551	0.0	0.0
0.019377	0.018966300	126.705740	0.0	0.0
0.019570	0.019167500	126.312564	0.0	0.0
0.019765	0.019370500	125.923966	0.0	0.0
0.019962	0.019575100	125.539871	0.0	0.0
0.020161	0.019781400	125.160241	0.0	0.0
0.020362	0.019989500	124.785024	0.0	0.0
0.020565	0.020199300	124.414164	0.0	0.0
0.020770	0.020411000	124.047609	0.0	0.0
0.020977	0.020624400	123.685287	0.0	0.0
0.021186	0.020839700	123.327183	0.0	0.0
0.021397	0.021056900	122.973211	0.0	0.0
0.021610	0.021275900	122.623338	0.0	0.0
0.021825	0.021496900	122.277513	0.0	0.0
0.022043	0.021719900	121.935673	0.0	0.0
0.022262	0.021944800	121.597769	0.0	0.0
0.022484	0.022171700	121.263769	0.0	0.0
0.022708	0.022400600	120.933613	0.0	0.0
0.022934	0.022631600	120.607239	0.0	0.0
0.023163	0.022864700	120.284632	0.0	0.0
0.023394	0.023099900	119.965705	0.0	0.0
0.023627	0.023337200	119.650442	0.0	0.0
0.023862	0.023576600	119.338774	0.0	0.0
0.024100	0.023818300	119.030673	0.0	0.0
0.024340	0.024062200	118.726097	0.0	0.0
0.024582	0.024308300	118.424968	0.0	0.0
0.024827	0.024556700	118.127284	0.0	0.0
0.025075	0.024807300	117.832969	0.0	0.0
0.025324	0.025060400	117.541998	0.0	0.0
0.025577	0.025315700	117.254321	0.0	0.0
0.025832	0.025573500	116.969902	0.0	0.0
0.026089	0.025833600	116.688693	0.0	0.0
0.026349	0.026096200	116.410649	0.0	0.0
0.026611	0.026361200	116.135745	0.0	0.0
0.026876	0.026628800	115.863928	0.0	0.0
0.027144	0.026898900	115.595153	0.0	0.0
0.027415	0.027171500	115.329399	0.0	0.0
0.027688	0.027446700	115.066623	0.0	0.0
0.027964	0.027724500	114.806784	0.0	0.0
0.028242	0.028005000	114.549834	0.0	0.0
0.028524	0.028288100	114.295761	0.0	0.0
0.028808	0.028573900	114.044499	0.0	0.0
0.029095	0.028862500	113.796038	0.0	0.0
0.029385	0.029153900	113.550331	0.0	0.0
0.029677	0.029448000	113.307344	0.0	0.0
0.029973	0.029744900	113.067041	0.0	0.0
0.030272	0.030044700	112.829395	0.0	0.0
0.030573	0.030347400	112.594364	0.0	0.0
0.030878	0.030653000	112.361925	0.0	0.0
0.031185	0.030961600	112.132043	0.0	0.0
0.031496	0.031273100	111.904680	0.0	0.0
0.031810	0.031587700	111.679805	0.0	0.0
0.032127	0.031905300	111.457395	0.0	0.0
0.032447	0.032226000	111.237414	0.0	0.0
0.032770	0.032549700	111.019831	0.0	0.0
0.033097	0.032876700	110.804619	0.0	0.0
0.033426	0.033206800	110.591750	0.0	0.0
0.033759	0.033540100	110.381190	0.0	0.0
0.034096	0.033876700	110.172919	0.0	0.0
0.034435	0.034216600	109.966899	0.0	0.0
0.034778	0.034559800	109.763110	0.0	0.0
0.035125	0.034906300	109.561527	0.0	0.0
0.035475	0.035256200	109.362114	0.0	0.0
0.035828	0.035609600	109.164847	0.0	0.0
0.036185	0.035966400	108.969709	0.0	0.0
0.036546	0.036326700	108.776660	0.0	0.0
0.036910	0.036690500	108.585688	0.0	0.0
0.037278	0.037057900	108.396762	0.0	0.0
0.037649	0.037428900	108.209854	0.0	0.0
0.038024	0.037803600	108.024950	0.0	0.0
0.038403	0.038181900	107.842013	0.0	0.0
0.038785	0.038564000	107.661033	0.0	0.0
0.039172	0.038949800	107.481977	0.0	0.0
0.039562	0.039339400	107.304825	0.0	0.0
0.039956	0.039732800	107.129559	0.0	0.0
0.040354	0.040130200	106.956151	0.0	0.0
0.040756	0.040531400	106.784579	0.0	0.0
0.041162	0.040936600	106.614821	0.0	0.0
0.041572	0.041345800	106.446865	0.0	0.0
0.041987	0.041759000	106.280677	0.0	0.0
0.042405	0.042176300	106.116245	0.0	0.0
0.042827	0.042597800	105.953545	0.0	0.0
0.043254	0.043023300	105.792561	0.0	0.0
0.043685	0.043453200	105.633267	0.0	0.0
0.044120	0.043887200	105.475647	0.0	0.0
0.044560	0.044325500	105.319680	0.0	0.0
0.045004	0.044768200	105.165348	0.0	0.0
0.045452	0.045215300	105.012633	0.0	0.0
0.045905	0.045666700	104.861518	0.0	0.0
0.046362	0.046122700	104.711979	0.0	0.0
0.046824	0.046583100	104.564004	0.0	0.0
0.047291	0.047048100	104.417570	0.0	0.0
0.047762	0.047517800	104.272665	0.0	0.0
0.048238	0.047992000	104.129266	0.0	0.0
0.048718	0.048471000	103.987363	0.0	0.0
0.049204	0.048954700	103.846931	0.0	0.0
0.049694	0.049443300	103.707958	0.0	0.0
0.050189	0.049936600	103.570429	0.0	0.0
0.050689	0.050434900	103.434323	0.0	0.0
0.051194	0.050938100	103.299627	0.0	0.0
0.051704	0.051446300	103.166326	0.0	0.0
0.052219	0.051959500	103.034403	0.0	0.0
0.052739	0.052477800	102.903843	0.0	0.0
0.053265	0.053001300	102.774630	0.0	0.0
0.053795	0.053530000	102.646751	0.0	0.0
0.054331	0.054063900	102.520189	0.0	0.0
0.054873	0.054603100	102.394933	0.0	0.0
0.055419	0.055147700	102.270965	0.0	0.0
0.055971	0.055697700	102.148270	0.0	0.0
0.056529	0.056253100	102.026839	0.0	0.0
0.057092	0.056814100	101.906654	0.0	0.0
0.057661	0.057380700	101.787701	0.0	0.0
0.058235	0.057952800	101.669969	0.0	0.0
0.058816	0.058530700	101.553444	0.0	0.0
0.059402	0.059114300	101.438112	0.0	0.0
0.059993	0.059703700	101.323961	0.0	0.0
0.060591	0.060299000	101.210977	0.0	0.0
0.061195	0.060900100	101.099148	0.0	0.0
0.061804	0.061507300	100.988463	0.0	0.0
0.062420	0.062120500	100.878906	0.0	0.0
0.063042	0.062739800	100.770467	0.0	0.0
0.063670	0.063365300	100.663134	0.0	0.0
0.064304	0.063996900	100.556896	0.0	0.0
0.064945	0.064634900	100.451739	0.0	0.0
0.065592	0.065279200	100.347653	0.0	0.0
0.066246	0.065929900	100.244627	0.0	0.0
0.066906	0.066587100	100.142647	0.0	0.0
0.067572	0.067250800	100.041705	0.0	0.0
0.068245	0.067921200	99.941788	0.0	0.0
0.068925	0.068598200	99.842886	0.0	0.0
0.069612	0.069281900	99.744986	0.0	0.0
0.070305	0.069972500	99.648081	0.0	0.0
0.071006	0.070669900	99.552158	0.0	0.0
0.071713	0.071374300	99.457207	0.0	0.0
0.072428	0.072085600	99.363218	0.0	0.0
0.073149	0.072804100	99.270181	0.0	0.0
0.073878	0.073529700	99.178084	0.0	0.0
0.074614	0.074262500	99.086921	0.0	0.0
0.075357	0.075002600	98.996678	0.0	0.0
0.076108	0.075750100	98.907347	0.0	0.0
0.076866	0.076505000	98.818919	0.0	0.0
0.077632	0.077267500	98.731384	0.0	0.0
0.078406	0.078037500	98.644734	0.0	0.0
0.079187	0.078815200	98.558957	0.0	0.0
0.079976	0.079600700	98.474046	0.0	0.0
0.080773	0.080393900	98.389992	0.0	0.0
0.081577	0.081195100	98.306783	0.0	0.0
0.082390	0.082004200	98.224414	0.0	0.0
0.083211	0.082821500	98.142875	0.0	0.0
0.084040	0.083646800	98.062156	0.0	0.0
0.084877	0.084480400	97.982251	0.0	0.0
0.085723	0.085322200	97.903148	0.0	0.0
0.086577	0.086172500	97.824843	0.0	0.0
0.087439	0.087031200	97.747325	0.0	0.0
0.088310	0.087898500	97.670586	0.0	0.0
0.089190	0.088774400	97.594618	0.0	0.0
0.090079	0.089659000	97.519413	0.0	0.0
0.090976	0.090552400	97.444964	0.0	0.0
0.091883	0.091454800	97.371263	0.0	0.0
0.092798	0.092366100	97.298301	0.0	0.0
0.093722	0.093286500	97.226072	0.0	0.0
0.094656	0.094216100	97.154567	0.0	0.0
0.095599	0.095154900	97.083780	0.0	0.0
0.096552	0.096103100	97.013703	0.0	0.0
0.097514	0.097060800	96.944329	0.0	0.0
0.098485	0.098027900	96.875649	0.0	0.0
0.099466	0.099004700	96.807658	0.0	0.0
0.100457	0.099991300	96.740347	0.0	0.0
0.101458	0.100988000	96.673713	0.0	0.0
0.102469	0.101994000	96.607745	0.0	0.0
0.103490	0.103010000	96.542435	0.0	0.0
0.104521	0.104037000	96.477784	0.0	0.0
0.105562	0.105073000	96.413778	0.0	0.0
0.106614	0.106120000	96.350411	0.0	0.0
0.107676	0.107178000	96.287682	0.0	0.0
0.108749	0.108246000	96.225575	0.0	0.0
0.109832	0.109324000	96.164093	0.0	0.0
0.110926	0.110414000	96.103226	0.0	0.0
0.112031	0.111514000	96.042962	0.0	0.0
0.113148	0.112625000	95.983306	0.0	0.0
0.114275	0.113747000	95.924242	0.0	0.0
0.115413	0.114881000	95.865776	0.0	0.0
0.116563	0.116026000	95.807885	0.0	0.0
0.117724	0.117182000	95.750581	0.0	0.0
0.118897	0.118349000	95.693842	0.0	0.0
0.120082	0.119529000	95.637674	0.0	0.0
0.121278	0.120720000	95.582063	0.0	0.0
0.122486	0.121923000	95.527012	0.0	0.0
0.123707	0.123138000	95.472508	0.0	0.0
0.124939	0.124365000	95.418546	0.0	0.0
0.126184	0.125604000	95.365126	0.0	0.0
0.127441	0.126855000	95.312240	0.0	0.0
0.128711	0.128120000	95.259877	0.0	0.0
0.129993	0.129396000	95.208040	0.0	0.0
0.131288	0.130686000	95.156718	0.0	0.0
0.132596	0.131988000	95.105909	0.0	0.0
0.133917	0.133303000	95.055608	0.0	0.0
0.135251	0.134631000	95.005806	0.0	0.0
0.136599	0.135973000	94.956505	0.0	0.0
0.137960	0.137328000	94.907693	0.0	0.0
0.139334	0.138696000	94.859366	0.0	0.0
0.140722	0.140078000	94.811524	0.0	0.0
0.142124	0.141474000	94.764156	0.0	0.0
0.143540	0.142884000	94.717263	0.0	0.0
0.144970	0.144308000	94.670834	0.0	0.0
0.146414	0.145746000	94.624870	0.0	0.0
0.147873	0.147198000	94.579367	0.0	0.0
0.149346	0.148665000	94.534311	0.0	0.0
0.150834	0.150147000	94.489710	0.0	0.0
0.152337	0.151643000	94.445549	0.0	0.0
0.153855	0.153154000	94.401829	0.0	0.0
0.155387	0.154680000	94.358546	0.0	0.0
0.156935	0.156222000	94.315696	0.0	0.0
0.158499	0.157778000	94.273270	0.0	0.0
0.160078	0.159351000	94.231267	0.0	0.0
0.161673	0.160939000	94.189682	0.0	0.0
0.163284	0.162543000	94.148512	0.0	0.0
0.164910	0.164162000	94.107751	0.0	0.0
0.166553	0.165798000	94.067398	0.0	0.0
0.168213	0.167451000	94.027446	0.0	0.0
0.169888	0.169119000	93.987891	0.0	0.0
0.171581	0.170805000	93.948731	0.0	0.0
0.173290	0.172507000	93.909961	0.0	0.0
0.175017	0.174226000	93.871576	0.0	0.0
0.176760	0.175962000	93.833575	0.0	0.0
0.178521	0.177716000	93.795951	0.0	0.0
0.180300	0.179487000	93.758701	0.0	0.0
0.182096	0.181276000	93.721823	0.0	0.0
0.183910	0.183083000	93.685313	0.0	0.0
0.185743	0.184907000	93.649165	0.0	0.0
0.187593	0.186750000	93.613378	0.0	0.0
0.189462	0.188611000	93.577947	0.0	0.0
0.191350	0.190491000	93.542868	0.0	0.0
0.193256	0.192389000	93.508140	0.0	0.0
0.195181	0.194307000	93.473756	0.0	0.0
0.197126	0.196244000	93.439716	0.0	0.0
0.199090	0.198199000	93.406014	0.0	0.0
0.201073	0.200175000	93.372647	0.0	0.0
0.203077	0.202170000	93.339613	0.0	0.0
0.205100	0.204185000	93.306908	0.0	0.0
0.207143	0.206220000	93.274527	0.0	0.0
0.209207	0.208275000	93.242470	0.0	0.0
0.211291	0.210351000	93.210732	0.0	0.0
0.213396	0.212448000	93.179309	0.0	0.0
0.215522	0.214566000	93.148199	0.0	0.0
0.217669	0.216704000	93.117399	0.0	0.0
0.219838	0.218864000	93.086906	0.0	0.0
0.222028	0.221046000	93.056716	0.0	0.0
0.224240	0.223249000	93.026826	0.0	0.0
0.226474	0.225474000	92.997235	0.0	0.0
0.228730	0.227722000	92.967937	0.0	0.0
0.231009	0.229992000	92.938931	0.0	0.0
0.233311	0.232284000	92.910213	0.0	0.0
0.235635	0.234600000	92.881782	0.0	0.0
0.237983	0.236938000	92.853634	0.0	0.0
0.240354	0.239300000	92.825764	0.0	0.0
0.242748	0.241686000	92.798173	0.0	0.0
0.245167	0.244095000	92.770856	0.0	0.0
0.247609	0.246528000	92.743811	0.0	0.0
0.250076	0.248986000	92.717035	0.0	0.0
0.252567	0.251468000	92.690525	0.0	0.0
0.255084	0.253975000	92.664280	0.0	0.0
0.257625	0.256507000	92.638294	0.0	0.0
0.260192	0.259064000	92.612567	0.0	0.0
0.262784	0.261647000	92.587096	0.0	0.0
0.265402	0.264256000	92.561878	0.0	0.0
0.268046	0.266890000	92.536911	0.0	0.0
0.270716	0.269551000	92.512193	0.0	0.0
0.273413	0.272238000	92.487719	0.0	0.0
0.276137	0.274953000	92.463489	0.0	0.0
0.278888	0.277694000	92.439499	0.0	0.0
0.281667	0.280463000	92.415748	0.0	0.0
0.284473	0.283259000	92.392232	0.0	0.0
0.287307	0.286084000	92.368951	0.0	0.0
0.290170	0.288936000	92.345900	0.0	0.0
0.293060	0.291817000	92.323078	0.0	0.0
0.295980	0.294727000	92.300482	0.0	0.0
0.298929	0.297666000	92.278111	0.0	0.0
0.301907	0.300634000	92.255961	0.0	0.0
0.304915	0.303632000	92.234031	0.0	0.0
0.307953	0.306660000	92.212318	0.0	0.0
0.311021	0.309718000	92.190820	0.0	0.0
0.314119	0.312806000	92.169536	0.0	0.0
0.317249	0.315926000	92.148462	0.0	0.0
0.320409	0.319076000	92.127596	0.0	0.0
0.323602	0.322258000	92.106937	0.0	0.0
0.326825	0.325472000	92.086482	0.0	0.0
0.330082	0.328718000	92.066230	0.0	0.0
0.333370	0.331997000	92.046177	0.0	0.0
0.336691	0.335308000	92.026322	0.0	0.0
0.340046	0.338652000	92.006664	0.0	0.0
0.343433	0.342030000	91.987199	0.0	0.0
0.346855	0.345442000	91.967926	0.0	0.0
0.350311	0.348887000	91.948843	0.0	0.0
0.353801	0.352367000	91.929947	0.0	0.0
0.357325	0.355882000	91.911238	0.0	0.0
0.360885	0.359432000	91.892713	0.0	0.0
0.364481	0.363018000	91.874369	0.0	0.0
0.368112	0.366639000	91.856206	0.0	0.0
0.371779	0.370297000	91.838220	0.0	0.0
0.375483	0.373991000	91.820411	0.0	0.0
0.379224	0.377722000	91.802776	0.0	0.0
0.383002	0.381490000	91.785314	0.0	0.0
0.386818	0.385296000	91.768021	0.0	0.0
0.390672	0.389140000	91.750898	0.0	0.0
0.394564	0.393023000	91.733942	0.0	0.0
0.398495	0.396945000	91.717150	0.0	0.0
0.402465	0.400906000	91.700522	0.0	0.0
0.406474	0.404906000	91.684055	0.0	0.0
0.410524	0.408946000	91.667748	0.0	0.0
0.414614	0.413027000	91.651599	0.0	0.0
0.418745	0.417149000	91.635606	0.0	0.0
0.422916	0.421312000	91.619767	0.0	0.0
0.427130	0.425517000	91.604080	0.0	0.0
0.431385	0.429764000	91.588545	0.0	0.0
0.435683	0.434053000	91.573158	0.0	0.0
0.440024	0.438385000	91.557919	0.0	0.0
0.444407	0.442761000	91.542826	0.0	0.0
0.448835	0.447181000	91.527876	0.0	0.0
0.453307	0.451645000	91.513069	0.0	0.0
0.457823	0.456154000	91.498402	0.0	0.0
0.462384	0.460708000	91.483874	0.0	0.0
0.466990	0.465307000	91.469484	0.0	0.0
0.471643	0.469953000	91.455229	0.0	0.0
0.476342	0.474645000	91.441108	0.0	0.0
0.481087	0.479384000	91.427119	0.0	0.0
0.485880	0.484171000	91.413261	0.0	0.0
0.490721	0.489006000	91.399532	0.0	0.0
0.495610	0.493889000	91.385930	0.0	0.0
0.500547	0.498822000	91.372454	0.0	0.0
0.505534	0.503803000	91.359102	0.0	0.0
0.510571	0.508835000	91.345873	0.0	0.0
0.515657	0.513918000	91.332764	0.0	0.0
0.520795	0.519051000	91.319775	0.0	0.0
0.525983	0.524236000	91.306903	0.0	0.0
0.531224	0.529473000	91.294147	0.0	0.0
0.536516	0.534763000	91.281506	0.0	0.0
0.541861	0.540105000	91.268978	0.0	0.0
0.547260	0.545502000	91.256561	0.0	0.0
0.552712	0.550953000	91.244254	0.0	0.0
0.558218	0.556458000	91.232055	0.0	0.0
0.563780	0.562019000	91.219962	0.0	0.0
0.569396	0.567636000	91.207974	0.0	0.0
0.575069	0.573309000	91.196089	0.0	0.0
0.580798	0.579039000	91.184307	0.0	0.0
0.586585	0.584827000	91.172624	0.0	0.0
0.592429	0.590673000	91.161040	0.0	0.0
0.598331	0.596578000	91.149553	0.0	0.0
0.604292	0.602542000	91.138161	0.0	0.0
0.610312	0.608567000	91.126863	0.0	0.0
0.616392	0.614652000	91.115658	0.0	0.0
0.622533	0.620798000	91.104543	0.0	0.0
0.628736	0.627006000	91.093517	0.0	0.0
0.634999	0.633277000	91.082578	0.0	0.0
0.641326	0.639610000	91.071725	0.0	0.0
0.647715	0.646008000	91.060956	0.0	0.0
0.654168	0.652470000	91.050270	0.0	0.0
0.660685	0.658997000	91.039665	0.0	0.0
0.667268	0.665590000	91.029139	0.0	0.0
0.673915	0.672250000	91.018691	0.0	0.0
0.680629	0.678976000	91.008318	0.0	0.0
0.687410	0.685770000	90.998021	0.0	0.0
0.694259	0.692633000	90.987796	0.0	0.0
0.701175	0.699565000	90.977642	0.0	0.0
0.708161	0.706568000	90.967557	0.0	0.0
0.715216	0.713640000	90.957540	0.0	0.0
0.722342	0.720784000	90.947589	0.0	0.0
0.729538	0.728001000	90.937703	0.0	0.0
0.736806	0.735290000	90.927879	0.0	0.0
0.744147	0.742653000	90.918117	0.0	0.0
0.751561	0.750091000	90.908413	0.0	0.0
0.759048	0.757603000	90.898767	0.0	0.0
0.766610	0.765192000	90.889177	0.0	0.0
0.774248	0.772857000	90.879641	0.0	0.0
0.781961	0.780601000	90.870157	0.0	0.0
0.789752	0.788422000	90.860724	0.0	0.0
0.797620	0.796322000	90.851339	0.0	0.0
0.805566	0.804303000	90.842001	0.0	0.0
0.813592	0.812365000	90.832708	0.0	0.0
0.821698	0.820508000	90.823459	0.0	0.0
0.829884	0.828734000	90.814251	0.0	0.0
0.838152	0.837043000	90.805082	0.0	0.0
0.846502	0.845437000	90.795951	0.0	0.0
0.854936	0.853915000	90.786857	0.0	0.0
0.863453	0.862480000	90.777795	0.0	0.0
0.872055	0.871132000	90.768766	0.0	0.0
0.880743	0.879872000	90.759768	0.0	0.0
0.889518	0.888700000	90.750797	0.0	0.0
0.898380	0.897618000	90.741852	0.0	0.0
0.907330	0.906626000	90.732932	0.0	0.0
0.916370	0.915727000	90.724033	0.0	0.0
0.925499	0.924919000	90.715155	0.0	0.0
0.934720	0.934205000	90.706295	0.0	0.0
0.944032	0.943585000	90.697451	0.0	0.0
0.953437	0.953061000	90.688622	0.0	0.0
0.962936	0.962633000	90.679804	0.0	0.0
0.972529	0.972302000	90.670996	0.0	0.0
0.982218	0.982070000	90.662196	0.0	0.0
0.992004	0.991937000	90.653401	0.0	0.0
1.001887	1.001900000	90.644610	0.0	0.0
1.011868	1.011970000	90.635821	0.0	0.0
1.021949	1.022140000	90.627030	0.0	0.0
1.032131	1.032420000	90.618235	0.0	0.0
1.042414	1.042800000	90.609436	0.0	0.0
1.052799	1.053280000	90.600629	0.0	0.0
1.063288	1.063880000	90.591812	0.0	0.0
1.073881	1.074580000	90.582984	0.0	0.0
1.084580	1.085390000	90.574140	0.0	0.0
1.095385	1.096310000	90.565280	0.0	0.0
1.106298	1.107340000	90.556401	0.0	0.0
1.117320	1.118480000	90.547500	0.0	0.0
1.128451	1.129740000	90.538575	0.0	0.0
1.139694	1.141110000	90.529624	0.0	0.0
1.151048	1.152600000	90.520644	0.0	0.0
1.162516	1.164210000	90.511633	0.0	0.0
1.174097	1.175940000	90.502588	0.0	0.0
1.185794	1.187780000	90.493508	0.0	0.0
1.197608	1.199750000	90.484388	0.0	0.0
1.209540	1.211840000	90.475227	0.0	0.0
1.221590	1.224050000	90.466022	0.0	0.0
1.233760	1.236390000	90.456772	0.0	0.0
1.246052	1.248850000	90.447472	0.0	0.0
1.258466	1.261440000	90.438121	0.0	0.0
1.271004	1.274160000	90.428716	0.0	0.0
1.283666	1.287010000	90.419255	0.0	0.0
1.296455	1.299990000	90.409734	0.0	0.0
1.309371	1.313100000	90.400151	0.0	0.0
1.322416	1.326350000	90.390504	0.0	0.0
1.335591	1.339730000	90.380789	0.0	0.0
1.348897	1.353250000	90.371005	0.0	0.0
1.362336	1.366910000	90.361147	0.0	0.0
1.375908	1.380710000	90.351215	0.0	0.0
1.389616	1.394650000	90.341204	0.0	0.0
1.403460	1.408730000	90.331112	0.0	0.0
1.417443	1.422950000	90.320936	0.0	0.0
1.431564	1.437320000	90.310675	0.0	0.0
1.445826	1.451840000	90.300324	0.0	0.0
1.460231	1.466510000	90.289881	0.0	0.0
1.474779	1.481320000	90.279343	0.0	0.0
1.489471	1.496290000	90.268709	0.0	0.0
1.504310	1.511410000	90.257974	0.0	0.0
1.519297	1.526690000	90.247135	0.0	0.0
1.534434	1.542120000	90.236190	0.0	0.0
1.549721	1.557710000	90.225137	0.0	0.0
1.565160	1.573460000	90.213972	0.0	0.0
1.580753	1.589370000	90.202693	0.0	0.0
1.596502	1.605450000	90.191296	0.0	0.0
1.612408	1.621680000	90.179779	0.0	0.0
1.628471	1.638090000	90.168140	0.0	0.0
1.644695	1.654660000	90.156375	0.0	0.0
1.661081	1.671390000	90.144481	0.0	0.0
1.677630	1.688300000	90.132456	0.0	0.0
1.694344	1.705390000	90.120297	0.0	0.0
1.711224	1.722640000	90.108001	0.0	0.0
1.728272	1.740070000	90.095565	0.0	0.0
1.745491	1.757680000	90.082986	0.0	0.0
1.762880	1.775480000	90.070263	0.0	0.0
1.780443	1.793450000	90.057391	0.0	0.0
1.798181	1.811600000	90.044369	0.0	0.0
1.816096	1.829950000	90.031192	0.0	0.0
1.834189	1.848480000	90.017860	0.0	0.0
1.852463	1.867200000	90.004368	0.0	0.0
1.870918	1.886110000	89.990715	0.0	0.0
1.889558	1.905210000	89.976897	0.0	0.0
1.908383	1.924510000	89.962912	0.0	0.0
1.927396	1.944000000	89.948757	0.0	0.0
1.946598	1.963700000	89.934430	0.0	0.0
1.965991	1.983590000	89.919928	0.0	0.0
1.985578	2.003690000	89.905248	0.0	0.0
2.005359	2.023990000	89.890388	0.0	0.0
2.025338	2.044500000	89.875345	0.0	0.0
2.045516	2.065220000	89.860117	0.0	0.0
2.065895	2.086150000	89.844700	0.0	0.0
2.086477	2.107290000	89.829093	0.0	0.0
2.107264	2.128660000	89.813294	0.0	0.0
2.128258	2.150240000	89.797299	0.0	0.0
2.149461	2.172040000	89.781107	0.0	0.0
2.170875	2.194070000	89.764714	0.0	0.0
2.192503	2.216330000	89.748119	0.0	0.0
2.214346	2.238810000	89.731319	0.0	0.0
2.236407	2.261520000	89.714311	0.0	0.0
2.258688	2.284470000	89.697094	0.0	0.0
2.281191	2.307650000	89.679665	0.0	0.0
2.303917	2.331070000	89.662022	0.0	0.0
2.326871	2.354720000	89.644163	0.0	0.0
2.350052	2.378620000	89.626086	0.0	0.0
2.373465	2.402770000	89.607787	0.0	0.0
2.397111	2.427170000	89.589266	0.0	0.0
2.420993	2.451820000	89.570520	0.0	0.0
2.445113	2.476720000	89.551546	0.0	0.0
2.469473	2.501880000	89.532344	0.0	0.0
2.494075	2.527300000	89.512911	0.0	0.0
2.518923	2.552990000	89.493244	0.0	0.0
2.544018	2.578940000	89.473342	0.0	0.0
2.569364	2.605160000	89.453203	0.0	0.0
2.594961	2.631640000	89.432826	0.0	0.0
2.620814	2.658400000	89.412206	0.0	0.0
2.646925	2.685440000	89.391344	0.0	0.0
2.673295	2.712750000	89.370238	0.0	0.0
2.699928	2.740340000	89.348884	0.0	0.0
2.726827	2.768220000	89.327282	0.0	0.0
2.753994	2.796390000	89.305430	0.0	0.0
2.781431	2.824850000	89.283325	0.0	0.0
2.809141	2.853600000	89.260968	0.0	0.0
2.837128	2.882650000	89.238353	0.0	0.0
2.865393	2.912000000	89.215482	0.0	0.0
2.893941	2.941650000	89.192351	0.0	0.0
2.922772	2.971600000	89.168960	0.0	0.0
2.951891	3.001860000	89.145305	0.0	0.0
2.981300	3.032420000	89.121387	0.0	0.0
3.011001	3.063290000	89.097203	0.0	0.0
3.040999	3.094480000	89.072751	0.0	0.0
3.071296	3.125990000	89.048029	0.0	0.0
3.101894	3.157820000	89.023036	0.0	0.0
3.132797	3.189980000	88.997771	0.0	0.0
3.164008	3.222460000	88.972231	0.0	0.0
3.195530	3.255270000	88.946415	0.0	0.0
3.227367	3.288420000	88.920321	0.0	0.0
3.259520	3.321890000	88.893948	0.0	0.0
3.291993	3.355700000	88.867294	0.0	0.0
3.324791	3.389850000	88.840356	0.0	0.0
3.357915	3.424340000	88.813134	0.0	0.0
3.391368	3.459190000	88.785626	0.0	0.0
3.425156	3.494380000	88.757830	0.0	0.0
3.459279	3.529940000	88.729744	0.0	0.0
3.493743	3.565850000	88.701367	0.0	0.0
3.528550	3.602130000	88.672696	0.0	0.0
3.563704	3.638770000	88.643730	0.0	0.0
3.599208	3.675780000	88.614468	0.0	0.0
3.635066	3.713160000	88.584907	0.0	0.0
3.671281	3.750930000	88.555045	0.0	0.0
3.707857	3.789070000	88.524881	0.0	0.0
3.744797	3.827610000	88.494412	0.0	0.0
3.782106	3.866550000	88.463637	0.0	0.0
3.819786	3.905900000	88.432554	0.0	0.0
3.857841	3.945650000	88.401161	0.0	0.0
3.896276	3.985800000	88.369455	0.0	0.0
3.935093	4.026370000	88.337435	0.0	0.0
3.974297	4.067350000	88.305098	0.0	0.0
4.013892	4.108770000	88.272443	0.0	0.0
4.053881	4.150620000	88.239467	0.0	0.0
4.094269	4.192920000	88.206167	0.0	0.0
4.135059	4.235660000	88.172542	0.0	0.0
4.176255	4.278860000	88.138590	0.0	0.0
4.217862	4.322500000	88.104307	0.0	0.0
4.259883	4.366610000	88.069692	0.0	0.0
4.302323	4.411170000	88.034741	0.0	0.0
4.345186	4.456200000	87.999452	0.0	0.0
4.388476	4.501720000	87.963823	0.0	0.0
4.432197	4.547710000	87.927851	0.0	0.0
4.476353	4.594200000	87.891534	0.0	0.0
4.520950	4.641160000	87.854867	0.0	0.0
4.565991	4.688610000	87.817849	0.0	0.0
4.611480	4.736540000	87.780477	0.0	0.0
4.657423	4.784970000	87.742747	0.0	0.0
4.703824	4.833900000	87.704656	0.0	0.0
4.750687	4.883330000	87.666202	0.0	0.0
4.798016	4.933280000	87.627381	0.0	0.0
4.845817	4.983730000	87.588189	0.0	0.0
4.894095	5.034680000	87.548623	0.0	0.0
4.942853	5.086140000	87.508681	0.0	0.0
4.992097	5.138120000	87.468357	0.0	0.0
5.041832	5.190620000	87.427649	0.0	0.0
5.092062	5.243670000	87.386553	0.0	0.0
5.142793	5.297250000	87.345065	0.0	0.0
5.194029	5.351370000	87.303181	0.0	0.0
5.245776	5.406030000	87.260896	0.0	0.0
5.298038	5.461250000	87.218208	0.0	0.0
5.350821	5.517040000	87.175111	0.0	0.0
5.404129	5.573430000	87.131603	0.0	0.0
5.457969	5.630400000	87.087676	0.0	0.0
5.512345	5.687980000	87.043329	0.0	0.0
5.567263	5.746160000	86.998555	0.0	0.0
5.622728	5.804950000	86.953350	0.0	0.0
5.678746	5.864400000	86.907710	0.0	0.0
5.735321	5.924500000	86.861630	0.0	0.0
5.792460	5.985270000	86.815103	0.0	0.0
5.850169	6.046700000	86.768126	0.0	0.0
5.908453	6.108790000	86.720692	0.0	0.0
5.967317	6.171560000	86.672798	0.0	0.0
6.026767	6.235030000	86.624437	0.0	0.0
6.086810	6.299210000	86.575603	0.0	0.0
6.147451	6.364090000	86.526290	0.0	0.0
6.208696	6.429640000	86.476494	0.0	0.0
6.270552	6.495890000	86.426206	0.0	0.0
6.333023	6.562840000	86.375423	0.0	0.0
6.396117	6.630500000	86.324137	0.0	0.0
6.459840	6.698870000	86.272342	0.0	0.0
6.524198	6.767920000	86.220031	0.0	0.0
6.589196	6.837650000	86.167199	0.0	0.0
6.654842	6.908100000	86.113837	0.0	0.0
6.721143	6.979280000	86.059938	0.0	0.0
6.788103	7.051190000	86.005498	0.0	0.0
6.855731	7.123800000	85.950506	0.0	0.0
6.924033	7.197150000	85.894957	0.0	0.0
6.993015	7.271280000	85.838842	0.0	0.0
7.062684	7.346220000	85.782154	0.0	0.0
7.133048	7.421970000	85.724885	0.0	0.0
7.204112	7.498520000	85.667028	0.0	0.0
7.275884	7.575920000	85.608573	0.0	0.0
7.348372	7.654230000	85.549512	0.0	0.0
7.421582	7.733450000	85.489838	0.0	0.0
7.495521	7.813570000	85.429540	0.0	0.0
7.570196	7.894590000	85.368612	0.0	0.0
7.645616	7.976570000	85.307042	0.0	0.0
7.721787	8.059520000	85.244823	0.0	0.0
7.798717	8.143400000	85.181945	0.0	0.0
7.876413	8.228180000	85.118397	0.0	0.0
7.954883	8.313890000	85.054172	0.0	0.0
8.034135	8.400560000	84.989258	0.0	0.0
8.114177	8.488120000	84.923644	0.0	0.0
8.195016	8.576550000	84.857322	0.0	0.0
8.276661	8.665890000	84.790280	0.0	0.0
8.359119	8.756160000	84.722508	0.0	0.0
8.442398	8.847330000	84.653995	0.0	0.0
8.526507	8.939410000	84.584730	0.0	0.0
8.611454	9.032460000	84.514700	0.0	0.0
8.697247	9.126540000	84.443896	0.0	0.0
8.783896	9.221650000	84.372304	0.0	0.0
8.871407	9.317810000	84.299914	0.0	0.0
8.959790	9.415130000	84.226712	0.0	0.0
9.049054	9.513660000	84.152686	0.0	0.0
9.139207	9.613350000	84.077824	0.0	0.0
9.230258	9.714240000	84.002113	0.0	0.0
9.322216	9.816420000	83.925539	0.0	0.0
9.415091	9.919840000	83.848089	0.0	0.0
9.508890	10.024400000	83.769751	0.0	0.0
9.603625	10.130200000	83.690508	0.0	0.0
9.699303	10.237200000	83.610348	0.0	0.0
9.795934	10.345300000	83.529257	0.0	0.0
9.893528	10.454400000	83.447219	0.0	0.0
9.992094	10.564800000	83.364220	0.0	0.0
10.091640	10.676200000	83.280246	0.0	0.0
10.192180	10.788700000	83.195279	0.0	0.0
10.293720	10.902500000	83.109306	0.0	0.0
10.396280	11.017600000	83.022302	0.0	0.0
10.499850	11.133900000	82.934268	0.0	0.0
10.604460	11.251800000	82.845172	0.0	0.0
10.710110	11.371100000	82.755004	0.0	0.0
10.816810	11.492000000	82.663749	0.0	0.0
10.924570	11.614500000	82.571388	0.0	0.0
11.033410	11.738600000	82.477898	0.0	0.0
11.143340	11.864100000	82.383259	0.0	0.0
11.254350	11.991300000	82.287473	0.0	0.0
11.366480	12.119900000	82.190495	0.0	0.0
11.479720	12.249800000	82.092324	0.0	0.0
11.594090	12.381100000	81.992934	0.0	0.0
11.709600	12.513700000	81.892306	0.0	0.0
11.826250	12.647600000	81.790431	0.0	0.0
11.944080	12.783100000	81.687263	0.0	0.0
12.063070	12.920000000	81.582809	0.0	0.0
12.183250	13.058700000	81.477034	0.0	0.0
12.304630	13.199200000	81.369916	0.0	0.0
12.427220	13.341600000	81.261437	0.0	0.0
12.551030	13.486000000	81.151577	0.0	0.0
12.676070	13.632500000	81.040315	0.0	0.0
12.802360	13.780800000	80.927622	0.0	0.0
12.929900	13.931100000	80.813486	0.0	0.0
13.058720	14.083000000	80.697869	0.0	0.0
13.188820	14.236600000	80.580758	0.0	0.0
13.320220	14.391800000	80.462123	0.0	0.0
13.452920	14.548400000	80.341952	0.0	0.0
13.586950	14.706800000	80.220205	0.0	0.0
13.722310	14.867000000	80.096868	0.0	0.0
13.859020	15.029300000	79.971910	0.0	0.0
13.997100	15.193800000	79.845299	0.0	0.0
14.136540	15.360800000	79.717032	0.0	0.0
14.277380	15.530300000	79.587057	0.0	0.0
14.419620	15.702100000	79.455361	0.0	0.0
14.563280	15.876300000	79.321910	0.0	0.0
14.708370	16.052400000	79.186680	0.0	0.0
14.854910	16.230500000	79.049640	0.0	0.0
15.002900	16.410300000	78.910773	0.0	0.0
15.152370	16.591900000	78.770036	0.0	0.0
15.303330	16.775600000	78.627405	0.0	0.0
15.455790	16.961400000	78.482854	0.0	0.0
15.609770	17.149900000	78.336349	0.0	0.0
15.765290	17.341100000	78.187855	0.0	0.0
15.922350	17.535500000	78.037355	0.0	0.0
16.080980	17.732700000	77.884805	0.0	0.0
16.241190	17.932700000	77.730178	0.0	0.0
16.403000	18.134900000	77.573437	0.0	0.0
16.566420	18.339300000	77.414557	0.0	0.0
16.731460	18.545500000	77.253510	0.0	0.0
16.898160	18.753900000	77.090239	0.0	0.0
17.066510	18.964600000	76.924737	0.0	0.0
17.236540	19.178300000	76.756956	0.0	0.0
17.408260	19.395400000	76.586867	0.0	0.0
17.581690	19.616100000	76.414434	0.0	0.0
17.756850	19.840400000	76.239616	0.0	0.0
17.933760	20.067600000	76.062375	0.0	0.0
18.112430	20.297600000	75.882682	0.0	0.0
18.292880	20.529700000	75.700497	0.0	0.0
18.475120	20.764000000	75.515791	0.0	0.0
18.659180	20.884100000	75.328512	0.0	0.0
18.845080	19.387500000	75.138621	0.0	0.0
19.032830	13.427000000	74.946087	0.0	0.0
19.222450	5.379840000	74.750867	0.0	0.0
19.413950	0.973617000	74.552932	0.0	0.0
19.607370	0.054570700	74.352218	0.0	0.0
19.802710	0.000313994	74.148704	0.0	0.0
20.000000	0.000001362	73.942335	0.0	0.0

