# UNCLASSIFIED
#
# Response info for TKL broad-band site.
#
# Effective: 9 Aug 2006
# Creation date: 19 Jan 2007
# File name: TKL_BB_rsp.txt
#
# Source: James Neely (TTD), TSgt Magar
# System equipment: Streckeisen_STS-2 seismometer and Nanometrics_Europa-T
# digitizer.
#
# The response file was derived from equations of state.
# Displacement response normalized to 1.0 at 1.0 Hz.
#
# The calib values for this configuration are as follows:
#
# TKL BHZ is 0.007960 nm/count at 1.0 Hz.
# TKL BHN is 0.007960 nm/count at 1.0 Hz.
# TKL BHE is 0.007960 nm/count at 1.0 Hz.
#
# Freq(Hz)     Amp(counts/nm)    Phase(deg)   Error(amp) Error(phase)
#
 theoretical  0       system    fap   J.Neely
1000
0.001000	0.000014316	260.222752	0.0	0.0
0.001010	0.000014748	260.124412	0.0	0.0
0.001020	0.000015193	260.025067	0.0	0.0
0.001030	0.000015652	259.924707	0.0	0.0
0.001040	0.000016124	259.823320	0.0	0.0
0.001051	0.000016611	259.720885	0.0	0.0
0.001061	0.000017112	259.617401	0.0	0.0
0.001072	0.000017628	259.512857	0.0	0.0
0.001083	0.000018161	259.407232	0.0	0.0
0.001093	0.000018709	259.300524	0.0	0.0
0.001104	0.000019273	259.192723	0.0	0.0
0.001115	0.000019855	259.083807	0.0	0.0
0.001126	0.000020454	258.973765	0.0	0.0
0.001138	0.000021071	258.862596	0.0	0.0
0.001149	0.000021707	258.750278	0.0	0.0
0.001160	0.000022362	258.636799	0.0	0.0
0.001172	0.000023037	258.522149	0.0	0.0
0.001184	0.000023733	258.406315	0.0	0.0
0.001195	0.000024449	258.289276	0.0	0.0
0.001207	0.000025187	258.171031	0.0	0.0
0.001219	0.000025947	258.051568	0.0	0.0
0.001231	0.000026730	257.930854	0.0	0.0
0.001244	0.000027536	257.808899	0.0	0.0
0.001256	0.000028367	257.685671	0.0	0.0
0.001269	0.000029223	257.561166	0.0	0.0
0.001281	0.000030105	257.435364	0.0	0.0
0.001294	0.000031014	257.308263	0.0	0.0
0.001307	0.000031949	257.179830	0.0	0.0
0.001320	0.000032913	257.050063	0.0	0.0
0.001333	0.000033906	256.918940	0.0	0.0
0.001346	0.000034930	256.786448	0.0	0.0
0.001360	0.000035983	256.652566	0.0	0.0
0.001373	0.000037069	256.517291	0.0	0.0
0.001387	0.000038188	256.380599	0.0	0.0
0.001401	0.000039340	256.242480	0.0	0.0
0.001415	0.000040527	256.102909	0.0	0.0
0.001429	0.000041749	255.961874	0.0	0.0
0.001443	0.000043009	255.819363	0.0	0.0
0.001457	0.000044306	255.675352	0.0	0.0
0.001472	0.000045643	255.529818	0.0	0.0
0.001487	0.000047020	255.382759	0.0	0.0
0.001501	0.000048438	255.234150	0.0	0.0
0.001516	0.000049899	255.083969	0.0	0.0
0.001532	0.000051404	254.932202	0.0	0.0
0.001547	0.000052955	254.778836	0.0	0.0
0.001562	0.000054552	254.623847	0.0	0.0
0.001578	0.000056198	254.467211	0.0	0.0
0.001593	0.000057893	254.308914	0.0	0.0
0.001609	0.000059638	254.148933	0.0	0.0
0.001625	0.000061437	253.987264	0.0	0.0
0.001642	0.000063290	253.823861	0.0	0.0
0.001658	0.000065198	253.658722	0.0	0.0
0.001674	0.000067164	253.491831	0.0	0.0
0.001691	0.000069190	253.323144	0.0	0.0
0.001708	0.000071276	253.152666	0.0	0.0
0.001725	0.000073425	252.980362	0.0	0.0
0.001742	0.000075638	252.806208	0.0	0.0
0.001760	0.000077919	252.630188	0.0	0.0
0.001777	0.000080267	252.452277	0.0	0.0
0.001795	0.000082687	252.272449	0.0	0.0
0.001813	0.000085179	252.090689	0.0	0.0
0.001831	0.000087747	251.906972	0.0	0.0
0.001849	0.000090391	251.721271	0.0	0.0
0.001867	0.000093115	251.533560	0.0	0.0
0.001886	0.000095921	251.343823	0.0	0.0
0.001905	0.000098812	251.152024	0.0	0.0
0.001924	0.000101789	250.958156	0.0	0.0
0.001943	0.000104855	250.762173	0.0	0.0
0.001962	0.000108014	250.564057	0.0	0.0
0.001982	0.000111268	250.363781	0.0	0.0
0.002002	0.000114619	250.161329	0.0	0.0
0.002022	0.000118071	249.956651	0.0	0.0
0.002042	0.000121627	249.749752	0.0	0.0
0.002062	0.000125289	249.540573	0.0	0.0
0.002083	0.000129062	249.329106	0.0	0.0
0.002103	0.000132947	249.115312	0.0	0.0
0.002124	0.000136949	248.899173	0.0	0.0
0.002145	0.000141071	248.680640	0.0	0.0
0.002167	0.000145317	248.459705	0.0	0.0
0.002188	0.000149690	248.236327	0.0	0.0
0.002210	0.000154194	248.010479	0.0	0.0
0.002232	0.000158832	247.782129	0.0	0.0
0.002254	0.000163610	247.551238	0.0	0.0
0.002277	0.000168531	247.317787	0.0	0.0
0.002300	0.000173599	247.081733	0.0	0.0
0.002322	0.000178818	246.843048	0.0	0.0
0.002346	0.000184194	246.601700	0.0	0.0
0.002369	0.000189730	246.357647	0.0	0.0
0.002393	0.000195432	246.110858	0.0	0.0
0.002416	0.000201304	245.861313	0.0	0.0
0.002441	0.000207351	245.608947	0.0	0.0
0.002465	0.000213578	245.353751	0.0	0.0
0.002489	0.000219992	245.095680	0.0	0.0
0.002514	0.000226596	244.834693	0.0	0.0
0.002539	0.000233398	244.570755	0.0	0.0
0.002565	0.000240402	244.303824	0.0	0.0
0.002590	0.000247614	244.033877	0.0	0.0
0.002616	0.000255041	243.760859	0.0	0.0
0.002642	0.000262688	243.484736	0.0	0.0
0.002668	0.000270563	243.205463	0.0	0.0
0.002695	0.000278672	242.923006	0.0	0.0
0.002722	0.000287021	242.637319	0.0	0.0
0.002749	0.000295618	242.348357	0.0	0.0
0.002776	0.000304470	242.056096	0.0	0.0
0.002804	0.000313583	241.760468	0.0	0.0
0.002832	0.000322967	241.461448	0.0	0.0
0.002860	0.000332627	241.158989	0.0	0.0
0.002888	0.000342573	240.853044	0.0	0.0
0.002917	0.000352812	240.543567	0.0	0.0
0.002946	0.000363354	240.230509	0.0	0.0
0.002976	0.000374206	239.913823	0.0	0.0
0.003005	0.000385377	239.593483	0.0	0.0
0.003035	0.000396876	239.269408	0.0	0.0
0.003066	0.000408713	238.941582	0.0	0.0
0.003096	0.000420898	238.609935	0.0	0.0
0.003127	0.000433439	238.274429	0.0	0.0
0.003158	0.000446347	237.935015	0.0	0.0
0.003190	0.000459633	237.591634	0.0	0.0
0.003221	0.000473306	237.244245	0.0	0.0
0.003253	0.000487378	236.892790	0.0	0.0
0.003286	0.000501859	236.537230	0.0	0.0
0.003319	0.000516762	236.177493	0.0	0.0
0.003352	0.000532096	235.813551	0.0	0.0
0.003385	0.000547876	235.445333	0.0	0.0
0.003419	0.000564111	235.072788	0.0	0.0
0.003453	0.000580816	234.695879	0.0	0.0
0.003487	0.000598002	234.314532	0.0	0.0
0.003522	0.000615682	233.928699	0.0	0.0
0.003557	0.000633870	233.538341	0.0	0.0
0.003592	0.000652580	233.143375	0.0	0.0
0.003628	0.000671825	232.743773	0.0	0.0
0.003664	0.000691619	232.339466	0.0	0.0
0.003701	0.000711976	231.930402	0.0	0.0
0.003738	0.000732913	231.516535	0.0	0.0
0.003775	0.000754442	231.097794	0.0	0.0
0.003813	0.000776580	230.674130	0.0	0.0
0.003851	0.000799343	230.245485	0.0	0.0
0.003889	0.000822746	229.811813	0.0	0.0
0.003928	0.000846805	229.373043	0.0	0.0
0.003967	0.000871537	228.929144	0.0	0.0
0.004006	0.000896958	228.480046	0.0	0.0
0.004046	0.000923085	228.025694	0.0	0.0
0.004087	0.000949937	227.566034	0.0	0.0
0.004127	0.000977530	227.101024	0.0	0.0
0.004168	0.001005880	226.630612	0.0	0.0
0.004210	0.001035010	226.154722	0.0	0.0
0.004252	0.001064930	225.673328	0.0	0.0
0.004294	0.001095670	225.186369	0.0	0.0
0.004337	0.001127240	224.693798	0.0	0.0
0.004380	0.001159660	224.195570	0.0	0.0
0.004424	0.001192960	223.691628	0.0	0.0
0.004468	0.001227140	223.181929	0.0	0.0
0.004512	0.001262230	222.666446	0.0	0.0
0.004557	0.001298250	222.145117	0.0	0.0
0.004603	0.001335220	221.617904	0.0	0.0
0.004649	0.001373160	221.084775	0.0	0.0
0.004695	0.001412090	220.545685	0.0	0.0
0.004742	0.001452020	220.000595	0.0	0.0
0.004789	0.001492980	219.449479	0.0	0.0
0.004837	0.001534990	218.892312	0.0	0.0
0.004885	0.001578070	218.329064	0.0	0.0
0.004934	0.001622240	217.759694	0.0	0.0
0.004983	0.001667520	217.184200	0.0	0.0
0.005032	0.001713920	216.602550	0.0	0.0
0.005082	0.001761480	216.014724	0.0	0.0
0.005133	0.001810190	215.420722	0.0	0.0
0.005184	0.001860100	214.820522	0.0	0.0
0.005236	0.001911210	214.214130	0.0	0.0
0.005288	0.001963540	213.601533	0.0	0.0
0.005341	0.002017120	212.982748	0.0	0.0
0.005394	0.002071960	212.357771	0.0	0.0
0.005448	0.002128070	211.726616	0.0	0.0
0.005502	0.002185480	211.089291	0.0	0.0
0.005557	0.002244200	210.445820	0.0	0.0
0.005612	0.002304250	209.796245	0.0	0.0
0.005668	0.002365640	209.140579	0.0	0.0
0.005725	0.002428390	208.478864	0.0	0.0
0.005782	0.002492510	207.811136	0.0	0.0
0.005839	0.002558020	207.137451	0.0	0.0
0.005897	0.002624930	206.457869	0.0	0.0
0.005956	0.002693240	205.772423	0.0	0.0
0.006015	0.002762980	205.081212	0.0	0.0
0.006075	0.002834140	204.384281	0.0	0.0
0.006136	0.002906750	203.681720	0.0	0.0
0.006197	0.002980810	202.973613	0.0	0.0
0.006259	0.003056320	202.260051	0.0	0.0
0.006321	0.003133290	201.541134	0.0	0.0
0.006384	0.003211720	200.816967	0.0	0.0
0.006448	0.003291630	200.087653	0.0	0.0
0.006512	0.003373010	199.353325	0.0	0.0
0.006577	0.003455860	198.614099	0.0	0.0
0.006642	0.003540190	197.870102	0.0	0.0
0.006708	0.003625990	197.121489	0.0	0.0
0.006775	0.003713260	196.368387	0.0	0.0
0.006843	0.003802000	195.610967	0.0	0.0
0.006911	0.003892200	194.849373	0.0	0.0
0.006980	0.003983860	194.083778	0.0	0.0
0.007049	0.004076970	193.314350	0.0	0.0
0.007120	0.004171510	192.541266	0.0	0.0
0.007191	0.004267490	191.764709	0.0	0.0
0.007262	0.004364890	190.984877	0.0	0.0
0.007335	0.004463700	190.201957	0.0	0.0
0.007408	0.004563900	189.416148	0.0	0.0
0.007481	0.004665480	188.627670	0.0	0.0
0.007556	0.004768430	187.836713	0.0	0.0
0.007631	0.004872730	187.043496	0.0	0.0
0.007707	0.004978350	186.248250	0.0	0.0
0.007784	0.005085300	185.451182	0.0	0.0
0.007862	0.005193540	184.652522	0.0	0.0
0.007940	0.005303050	183.852496	0.0	0.0
0.008019	0.005413820	183.051340	0.0	0.0
0.008099	0.005525820	182.249286	0.0	0.0
0.008180	0.005639030	181.446565	0.0	0.0
0.008261	0.005753440	180.643423	0.0	0.0
0.008343	0.005869010	179.840077	0.0	0.0
0.008426	0.005985730	179.036783	0.0	0.0
0.008510	0.006103570	178.233761	0.0	0.0
0.008595	0.006222500	177.431258	0.0	0.0
0.008681	0.006342520	176.629504	0.0	0.0
0.008767	0.006463580	175.828736	0.0	0.0
0.008855	0.006585680	175.029191	0.0	0.0
0.008943	0.006708790	174.231085	0.0	0.0
0.009032	0.006832870	173.434652	0.0	0.0
0.009122	0.006957930	172.640122	0.0	0.0
0.009213	0.007083920	171.847706	0.0	0.0
0.009305	0.007210840	171.057628	0.0	0.0
0.009397	0.007338650	170.270102	0.0	0.0
0.009491	0.007467340	169.485328	0.0	0.0
0.009586	0.007596900	168.703511	0.0	0.0
0.009681	0.007727300	167.924852	0.0	0.0
0.009777	0.007858520	167.149546	0.0	0.0
0.009875	0.007990550	166.377777	0.0	0.0
0.009973	0.008123380	165.609724	0.0	0.0
0.010073	0.008256990	164.845536	0.0	0.0
0.010173	0.008391360	164.085449	0.0	0.0
0.010274	0.008526480	163.329588	0.0	0.0
0.010377	0.008662350	162.578107	0.0	0.0
0.010480	0.008798950	161.831159	0.0	0.0
0.010584	0.008936270	161.088886	0.0	0.0
0.010690	0.009074300	160.351427	0.0	0.0
0.010796	0.009213040	159.618914	0.0	0.0
0.010904	0.009352480	158.891473	0.0	0.0
0.011013	0.009492620	158.169223	0.0	0.0
0.011122	0.009633450	157.452212	0.0	0.0
0.011233	0.009774980	156.740613	0.0	0.0
0.011345	0.009917190	156.034528	0.0	0.0
0.011458	0.010060100	155.333988	0.0	0.0
0.011572	0.010203700	154.639144	0.0	0.0
0.011688	0.010348000	153.950018	0.0	0.0
0.011804	0.010492900	153.266689	0.0	0.0
0.011922	0.010638600	152.589227	0.0	0.0
0.012040	0.010785000	151.917701	0.0	0.0
0.012160	0.010932100	151.252113	0.0	0.0
0.012281	0.011079900	150.592576	0.0	0.0
0.012404	0.011228500	149.939137	0.0	0.0
0.012527	0.011377800	149.291736	0.0	0.0
0.012652	0.011527800	148.650518	0.0	0.0
0.012778	0.011678600	148.015413	0.0	0.0
0.012906	0.011830100	147.386456	0.0	0.0
0.013034	0.011982400	146.763721	0.0	0.0
0.013164	0.012135600	146.147134	0.0	0.0
0.013295	0.012289500	145.536761	0.0	0.0
0.013428	0.012444200	144.932615	0.0	0.0
0.013561	0.012599800	144.334615	0.0	0.0
0.013696	0.012756300	143.742816	0.0	0.0
0.013833	0.012913600	143.157218	0.0	0.0
0.013971	0.013071800	142.577779	0.0	0.0
0.014110	0.013230900	142.004454	0.0	0.0
0.014250	0.013390900	141.437281	0.0	0.0
0.014392	0.013551800	140.876169	0.0	0.0
0.014536	0.013713800	140.321187	0.0	0.0
0.014681	0.013876600	139.772204	0.0	0.0
0.014827	0.014040500	139.229245	0.0	0.0
0.014975	0.014205400	138.692254	0.0	0.0
0.015124	0.014371400	138.161246	0.0	0.0
0.015275	0.014538400	137.636095	0.0	0.0
0.015427	0.014706400	137.116845	0.0	0.0
0.015580	0.014875600	136.603405	0.0	0.0
0.015736	0.015045900	136.095714	0.0	0.0
0.015892	0.015217300	135.593779	0.0	0.0
0.016051	0.015389900	135.097537	0.0	0.0
0.016211	0.015563700	134.606928	0.0	0.0
0.016372	0.015738700	134.121919	0.0	0.0
0.016535	0.015914900	133.642450	0.0	0.0
0.016700	0.016092400	133.168486	0.0	0.0
0.016866	0.016271100	132.699936	0.0	0.0
0.017034	0.016451200	132.236796	0.0	0.0
0.017204	0.016632600	131.778974	0.0	0.0
0.017375	0.016815300	131.326436	0.0	0.0
0.017549	0.016999400	130.879120	0.0	0.0
0.017723	0.017184900	130.436990	0.0	0.0
0.017900	0.017371800	129.999982	0.0	0.0
0.018078	0.017560200	129.568037	0.0	0.0
0.018258	0.017750000	129.141093	0.0	0.0
0.018440	0.017941300	128.719091	0.0	0.0
0.018624	0.018134100	128.302016	0.0	0.0
0.018810	0.018328500	127.889762	0.0	0.0
0.018997	0.018524400	127.482317	0.0	0.0
0.019186	0.018722000	127.079597	0.0	0.0
0.019377	0.018921100	126.681547	0.0	0.0
0.019570	0.019121900	126.288130	0.0	0.0
0.019765	0.019324300	125.899288	0.0	0.0
0.019962	0.019528400	125.514946	0.0	0.0
0.020161	0.019734300	125.135068	0.0	0.0
0.020362	0.019941800	124.759599	0.0	0.0
0.020565	0.020151200	124.388486	0.0	0.0
0.020770	0.020362300	124.021674	0.0	0.0
0.020977	0.020575300	123.659094	0.0	0.0
0.021186	0.020790000	123.300728	0.0	0.0
0.021397	0.021006700	122.946492	0.0	0.0
0.021610	0.021225200	122.596352	0.0	0.0
0.021825	0.021445700	122.250258	0.0	0.0
0.022043	0.021668100	121.908145	0.0	0.0
0.022262	0.021892500	121.569967	0.0	0.0
0.022484	0.022118800	121.235690	0.0	0.0
0.022708	0.022347200	120.905253	0.0	0.0
0.022934	0.022577700	120.578596	0.0	0.0
0.023163	0.022810200	120.255703	0.0	0.0
0.023394	0.023044800	119.936487	0.0	0.0
0.023627	0.023281600	119.620933	0.0	0.0
0.023862	0.023520500	119.308970	0.0	0.0
0.024100	0.023761500	119.000572	0.0	0.0
0.024340	0.024004800	118.695695	0.0	0.0
0.024582	0.024250400	118.394263	0.0	0.0
0.024827	0.024498200	118.096272	0.0	0.0
0.025075	0.024748200	117.801648	0.0	0.0
0.025324	0.025000600	117.510364	0.0	0.0
0.025577	0.025255400	117.222371	0.0	0.0
0.025832	0.025512500	116.937633	0.0	0.0
0.026089	0.025772100	116.656102	0.0	0.0
0.026349	0.026034000	116.377732	0.0	0.0
0.026611	0.026298400	116.102500	0.0	0.0
0.026876	0.026565400	115.830351	0.0	0.0
0.027144	0.026834800	115.561241	0.0	0.0
0.027415	0.027106800	115.295148	0.0	0.0
0.027688	0.027381300	115.032030	0.0	0.0
0.027964	0.027658500	114.771846	0.0	0.0
0.028242	0.027938300	114.514547	0.0	0.0
0.028524	0.028220700	114.260122	0.0	0.0
0.028808	0.028505900	114.008504	0.0	0.0
0.029095	0.028793800	113.759684	0.0	0.0
0.029385	0.029084400	113.513614	0.0	0.0
0.029677	0.029377800	113.270261	0.0	0.0
0.029973	0.029674100	113.029587	0.0	0.0
0.030272	0.029973200	112.791567	0.0	0.0
0.030573	0.030275100	112.556159	0.0	0.0
0.030878	0.030580000	112.323338	0.0	0.0
0.031185	0.030887900	112.093071	0.0	0.0
0.031496	0.031198600	111.865319	0.0	0.0
0.031810	0.031512500	111.640051	0.0	0.0
0.032127	0.031829300	111.417245	0.0	0.0
0.032447	0.032149200	111.196862	0.0	0.0
0.032770	0.032472300	110.978874	0.0	0.0
0.033097	0.032798400	110.763254	0.0	0.0
0.033426	0.033127800	110.549972	0.0	0.0
0.033759	0.033460300	110.338995	0.0	0.0
0.034096	0.033796100	110.130303	0.0	0.0
0.034435	0.034135100	109.923857	0.0	0.0
0.034778	0.034477500	109.719638	0.0	0.0
0.035125	0.034823200	109.517621	0.0	0.0
0.035475	0.035172300	109.317770	0.0	0.0
0.035828	0.035524800	109.120060	0.0	0.0
0.036185	0.035880800	108.924475	0.0	0.0
0.036546	0.036240300	108.730974	0.0	0.0
0.036910	0.036603200	108.539546	0.0	0.0
0.037278	0.036969800	108.350159	0.0	0.0
0.037649	0.037339900	108.162787	0.0	0.0
0.038024	0.037713600	107.977412	0.0	0.0
0.038403	0.038091100	107.794000	0.0	0.0
0.038785	0.038472200	107.612541	0.0	0.0
0.039172	0.038857100	107.433001	0.0	0.0
0.039562	0.039245800	107.255360	0.0	0.0
0.039956	0.039638300	107.079600	0.0	0.0
0.040354	0.040034700	106.905693	0.0	0.0
0.040756	0.040435000	106.733617	0.0	0.0
0.041162	0.040839200	106.563351	0.0	0.0
0.041572	0.041247500	106.394881	0.0	0.0
0.041987	0.041659700	106.228174	0.0	0.0
0.042405	0.042076000	106.063218	0.0	0.0
0.042827	0.042496500	105.899988	0.0	0.0
0.043254	0.042921100	105.738470	0.0	0.0
0.043685	0.043349800	105.578635	0.0	0.0
0.044120	0.043782800	105.420470	0.0	0.0
0.044560	0.044220200	105.263952	0.0	0.0
0.045004	0.044661800	105.109063	0.0	0.0
0.045452	0.045107800	104.955786	0.0	0.0
0.045905	0.045558200	104.804104	0.0	0.0
0.046362	0.046013000	104.653992	0.0	0.0
0.046824	0.046472400	104.505438	0.0	0.0
0.047291	0.046936300	104.358419	0.0	0.0
0.047762	0.047404800	104.212923	0.0	0.0
0.048238	0.047878000	104.068928	0.0	0.0
0.048718	0.048355900	103.926422	0.0	0.0
0.049204	0.048838400	103.785381	0.0	0.0
0.049694	0.049325800	103.645794	0.0	0.0
0.050189	0.049818000	103.507644	0.0	0.0
0.050689	0.050315100	103.370911	0.0	0.0
0.051194	0.050817100	103.235582	0.0	0.0
0.051704	0.051324100	103.101641	0.0	0.0
0.052219	0.051836100	102.969072	0.0	0.0
0.052739	0.052353200	102.837861	0.0	0.0
0.053265	0.052875500	102.707988	0.0	0.0
0.053795	0.053402900	102.579444	0.0	0.0
0.054331	0.053935600	102.452210	0.0	0.0
0.054873	0.054473500	102.326275	0.0	0.0
0.055419	0.055016800	102.201621	0.0	0.0
0.055971	0.055565500	102.078234	0.0	0.0
0.056529	0.056119700	101.956103	0.0	0.0
0.057092	0.056679300	101.835212	0.0	0.0
0.057661	0.057244500	101.715545	0.0	0.0
0.058235	0.057815400	101.597092	0.0	0.0
0.058816	0.058391900	101.479840	0.0	0.0
0.059402	0.058974100	101.363773	0.0	0.0
0.059993	0.059562100	101.248879	0.0	0.0
0.060591	0.060156000	101.135145	0.0	0.0
0.061195	0.060755800	101.022559	0.0	0.0
0.061804	0.061361500	100.911109	0.0	0.0
0.062420	0.061973300	100.800780	0.0	0.0
0.063042	0.062591100	100.691560	0.0	0.0
0.063670	0.063215100	100.583439	0.0	0.0
0.064304	0.063845300	100.476405	0.0	0.0
0.064945	0.064481800	100.370444	0.0	0.0
0.065592	0.065124600	100.265546	0.0	0.0
0.066246	0.065773800	100.161700	0.0	0.0
0.066906	0.066429400	100.058892	0.0	0.0
0.067572	0.067091600	99.957113	0.0	0.0
0.068245	0.067760400	99.856351	0.0	0.0
0.068925	0.068435800	99.756596	0.0	0.0
0.069612	0.069117900	99.657834	0.0	0.0
0.070305	0.069806900	99.560058	0.0	0.0
0.071006	0.070502700	99.463256	0.0	0.0
0.071713	0.071205400	99.367417	0.0	0.0
0.072428	0.071915100	99.272531	0.0	0.0
0.073149	0.072631900	99.178588	0.0	0.0
0.073878	0.073355800	99.085576	0.0	0.0
0.074614	0.074086900	98.993488	0.0	0.0
0.075357	0.074825300	98.902312	0.0	0.0
0.076108	0.075571100	98.812038	0.0	0.0
0.076866	0.076324300	98.722659	0.0	0.0
0.077632	0.077084900	98.634162	0.0	0.0
0.078406	0.077853200	98.546541	0.0	0.0
0.079187	0.078629100	98.459782	0.0	0.0
0.079976	0.079412700	98.373881	0.0	0.0
0.080773	0.080204100	98.288825	0.0	0.0
0.081577	0.081003500	98.204606	0.0	0.0
0.082390	0.081810800	98.121216	0.0	0.0
0.083211	0.082626100	98.038646	0.0	0.0
0.084040	0.083449500	97.956885	0.0	0.0
0.084877	0.084281100	97.875928	0.0	0.0
0.085723	0.085121000	97.795763	0.0	0.0
0.086577	0.085969300	97.716385	0.0	0.0
0.087439	0.086826100	97.637783	0.0	0.0
0.088310	0.087691400	97.559949	0.0	0.0
0.089190	0.088565200	97.482876	0.0	0.0
0.090079	0.089447900	97.406554	0.0	0.0
0.090976	0.090339200	97.330978	0.0	0.0
0.091883	0.091239500	97.256137	0.0	0.0
0.092798	0.092148700	97.182025	0.0	0.0
0.093722	0.093067100	97.108633	0.0	0.0
0.094656	0.093994500	97.035955	0.0	0.0
0.095599	0.094931200	96.963983	0.0	0.0
0.096552	0.095877300	96.892708	0.0	0.0
0.097514	0.096832700	96.822124	0.0	0.0
0.098485	0.097797600	96.752223	0.0	0.0
0.099466	0.098772200	96.682999	0.0	0.0
0.100457	0.099756500	96.614441	0.0	0.0
0.101458	0.100751000	96.546549	0.0	0.0
0.102469	0.101755000	96.479309	0.0	0.0
0.103490	0.102769000	96.412716	0.0	0.0
0.104521	0.103793000	96.346768	0.0	0.0
0.105562	0.104827000	96.281452	0.0	0.0
0.106614	0.105872000	96.216762	0.0	0.0
0.107676	0.106927000	96.152697	0.0	0.0
0.108749	0.107992000	96.089240	0.0	0.0
0.109832	0.109069000	96.026395	0.0	0.0
0.110926	0.110155000	95.964151	0.0	0.0
0.112031	0.111253000	95.902496	0.0	0.0
0.113148	0.112362000	95.841436	0.0	0.0
0.114275	0.113482000	95.780954	0.0	0.0
0.115413	0.114612000	95.721054	0.0	0.0
0.116563	0.115755000	95.661716	0.0	0.0
0.117724	0.116908000	95.602950	0.0	0.0
0.118897	0.118073000	95.544735	0.0	0.0
0.120082	0.119250000	95.487076	0.0	0.0
0.121278	0.120438000	95.429958	0.0	0.0
0.122486	0.121639000	95.373386	0.0	0.0
0.123707	0.122851000	95.317345	0.0	0.0
0.124939	0.124075000	95.261831	0.0	0.0
0.126184	0.125312000	95.206844	0.0	0.0
0.127441	0.126560000	95.152374	0.0	0.0
0.128711	0.127822000	95.098412	0.0	0.0
0.129993	0.129095000	95.044959	0.0	0.0
0.131288	0.130382000	94.992006	0.0	0.0
0.132596	0.131681000	94.939548	0.0	0.0
0.133917	0.132994000	94.887582	0.0	0.0
0.135251	0.134319000	94.836100	0.0	0.0
0.136599	0.135658000	94.785101	0.0	0.0
0.137960	0.137010000	94.734573	0.0	0.0
0.139334	0.138375000	94.684513	0.0	0.0
0.140722	0.139754000	94.634921	0.0	0.0
0.142124	0.141147000	94.585786	0.0	0.0
0.143540	0.142554000	94.537108	0.0	0.0
0.144970	0.143975000	94.488876	0.0	0.0
0.146414	0.145409000	94.441090	0.0	0.0
0.147873	0.146859000	94.393747	0.0	0.0
0.149346	0.148322000	94.346833	0.0	0.0
0.150834	0.149801000	94.300355	0.0	0.0
0.152337	0.151294000	94.254297	0.0	0.0
0.153855	0.152802000	94.208663	0.0	0.0
0.155387	0.154324000	94.163445	0.0	0.0
0.156935	0.155863000	94.118641	0.0	0.0
0.158499	0.157416000	94.074242	0.0	0.0
0.160078	0.158985000	94.030245	0.0	0.0
0.161673	0.160570000	93.986648	0.0	0.0
0.163284	0.162170000	93.943444	0.0	0.0
0.164910	0.163787000	93.900628	0.0	0.0
0.166553	0.165419000	93.858200	0.0	0.0
0.168213	0.167068000	93.816152	0.0	0.0
0.169888	0.168733000	93.774480	0.0	0.0
0.171581	0.170415000	93.733182	0.0	0.0
0.173290	0.172114000	93.692252	0.0	0.0
0.175017	0.173829000	93.651685	0.0	0.0
0.176760	0.175562000	93.611480	0.0	0.0
0.178521	0.177312000	93.571630	0.0	0.0
0.180300	0.179079000	93.532132	0.0	0.0
0.182096	0.180864000	93.492982	0.0	0.0
0.183910	0.182667000	93.454178	0.0	0.0
0.185743	0.184488000	93.415712	0.0	0.0
0.187593	0.186327000	93.377584	0.0	0.0
0.189462	0.188185000	93.339789	0.0	0.0
0.191350	0.190061000	93.302321	0.0	0.0
0.193256	0.191955000	93.265181	0.0	0.0
0.195181	0.193869000	93.228360	0.0	0.0
0.197126	0.195802000	93.191857	0.0	0.0
0.199090	0.197754000	93.155669	0.0	0.0
0.201073	0.199725000	93.119790	0.0	0.0
0.203077	0.201716000	93.084219	0.0	0.0
0.205100	0.203727000	93.048950	0.0	0.0
0.207143	0.205758000	93.013980	0.0	0.0
0.209207	0.207810000	92.979308	0.0	0.0
0.211291	0.209882000	92.944928	0.0	0.0
0.213396	0.211974000	92.910836	0.0	0.0
0.215522	0.214088000	92.877031	0.0	0.0
0.217669	0.216222000	92.843507	0.0	0.0
0.219838	0.218378000	92.810264	0.0	0.0
0.222028	0.220555000	92.777295	0.0	0.0
0.224240	0.222754000	92.744599	0.0	0.0
0.226474	0.224976000	92.712171	0.0	0.0
0.228730	0.227219000	92.680009	0.0	0.0
0.231009	0.229485000	92.648110	0.0	0.0
0.233311	0.231773000	92.616469	0.0	0.0
0.235635	0.234084000	92.585085	0.0	0.0
0.237983	0.236418000	92.553954	0.0	0.0
0.240354	0.238776000	92.523072	0.0	0.0
0.242748	0.241157000	92.492436	0.0	0.0
0.245167	0.243562000	92.462045	0.0	0.0
0.247609	0.245991000	92.431893	0.0	0.0
0.250076	0.248444000	92.401979	0.0	0.0
0.252567	0.250922000	92.372299	0.0	0.0
0.255084	0.253424000	92.342851	0.0	0.0
0.257625	0.255952000	92.313630	0.0	0.0
0.260192	0.258505000	92.284636	0.0	0.0
0.262784	0.261083000	92.255863	0.0	0.0
0.265402	0.263687000	92.227309	0.0	0.0
0.268046	0.266317000	92.198973	0.0	0.0
0.270716	0.268973000	92.170850	0.0	0.0
0.273413	0.271656000	92.142938	0.0	0.0
0.276137	0.274366000	92.115234	0.0	0.0
0.278888	0.277103000	92.087734	0.0	0.0
0.281667	0.279867000	92.060437	0.0	0.0
0.284473	0.282659000	92.033339	0.0	0.0
0.287307	0.285479000	92.006438	0.0	0.0
0.290170	0.288327000	91.979732	0.0	0.0
0.293060	0.291203000	91.953215	0.0	0.0
0.295980	0.294108000	91.926888	0.0	0.0
0.298929	0.297043000	91.900746	0.0	0.0
0.301907	0.300006000	91.874787	0.0	0.0
0.304915	0.303000000	91.849009	0.0	0.0
0.307953	0.306023000	91.823408	0.0	0.0
0.311021	0.309077000	91.797982	0.0	0.0
0.314119	0.312161000	91.772729	0.0	0.0
0.317249	0.315275000	91.747645	0.0	0.0
0.320409	0.318422000	91.722729	0.0	0.0
0.323602	0.321599000	91.697976	0.0	0.0
0.326825	0.324809000	91.673386	0.0	0.0
0.330082	0.328050000	91.648955	0.0	0.0
0.333370	0.331324000	91.624681	0.0	0.0
0.336691	0.334631000	91.600561	0.0	0.0
0.340046	0.337971000	91.576593	0.0	0.0
0.343433	0.341345000	91.552774	0.0	0.0
0.346855	0.344752000	91.529101	0.0	0.0
0.350311	0.348193000	91.505573	0.0	0.0
0.353801	0.351669000	91.482186	0.0	0.0
0.357325	0.355180000	91.458938	0.0	0.0
0.360885	0.358725000	91.435827	0.0	0.0
0.364481	0.362307000	91.412850	0.0	0.0
0.368112	0.365924000	91.390005	0.0	0.0
0.371779	0.369578000	91.367289	0.0	0.0
0.375483	0.373268000	91.344699	0.0	0.0
0.379224	0.376995000	91.322234	0.0	0.0
0.383002	0.380759000	91.299891	0.0	0.0
0.386818	0.384562000	91.277667	0.0	0.0
0.390672	0.388402000	91.255560	0.0	0.0
0.394564	0.392281000	91.233567	0.0	0.0
0.398495	0.396199000	91.211687	0.0	0.0
0.402465	0.400156000	91.189916	0.0	0.0
0.406474	0.404153000	91.168253	0.0	0.0
0.410524	0.408190000	91.146694	0.0	0.0
0.414614	0.412268000	91.125239	0.0	0.0
0.418745	0.416386000	91.103882	0.0	0.0
0.422916	0.420546000	91.082624	0.0	0.0
0.427130	0.424748000	91.061461	0.0	0.0
0.431385	0.428991000	91.040391	0.0	0.0
0.435683	0.433278000	91.019411	0.0	0.0
0.440024	0.437607000	90.998519	0.0	0.0
0.444407	0.441981000	90.977713	0.0	0.0
0.448835	0.446397000	90.956991	0.0	0.0
0.453307	0.450859000	90.936348	0.0	0.0
0.457823	0.455365000	90.915785	0.0	0.0
0.462384	0.459917000	90.895297	0.0	0.0
0.466990	0.464514000	90.874884	0.0	0.0
0.471643	0.469158000	90.854541	0.0	0.0
0.476342	0.473848000	90.834267	0.0	0.0
0.481087	0.478585000	90.814059	0.0	0.0
0.485880	0.483370000	90.793915	0.0	0.0
0.490721	0.488204000	90.773833	0.0	0.0
0.495610	0.493086000	90.753810	0.0	0.0
0.500547	0.498017000	90.733844	0.0	0.0
0.505534	0.502998000	90.713931	0.0	0.0
0.510571	0.508029000	90.694071	0.0	0.0
0.515657	0.513110000	90.674260	0.0	0.0
0.520795	0.518243000	90.654496	0.0	0.0
0.525983	0.523428000	90.634775	0.0	0.0
0.531224	0.528665000	90.615097	0.0	0.0
0.536516	0.533954000	90.595458	0.0	0.0
0.541861	0.539297000	90.575856	0.0	0.0
0.547260	0.544694000	90.556288	0.0	0.0
0.552712	0.550145000	90.536753	0.0	0.0
0.558218	0.555652000	90.517246	0.0	0.0
0.563780	0.561214000	90.497766	0.0	0.0
0.569396	0.566832000	90.478310	0.0	0.0
0.575069	0.572506000	90.458875	0.0	0.0
0.580798	0.578238000	90.439460	0.0	0.0
0.586585	0.584028000	90.420061	0.0	0.0
0.592429	0.589877000	90.400675	0.0	0.0
0.598331	0.595784000	90.381301	0.0	0.0
0.604292	0.601752000	90.361934	0.0	0.0
0.610312	0.607779000	90.342574	0.0	0.0
0.616392	0.613868000	90.323217	0.0	0.0
0.622533	0.620018000	90.303859	0.0	0.0
0.628736	0.626230000	90.284500	0.0	0.0
0.634999	0.632506000	90.265135	0.0	0.0
0.641326	0.638844000	90.245762	0.0	0.0
0.647715	0.645247000	90.226379	0.0	0.0
0.654168	0.651715000	90.206982	0.0	0.0
0.660685	0.658248000	90.187568	0.0	0.0
0.667268	0.664848000	90.168135	0.0	0.0
0.673915	0.671514000	90.148680	0.0	0.0
0.680629	0.678248000	90.129200	0.0	0.0
0.687410	0.685050000	90.109692	0.0	0.0
0.694259	0.691922000	90.090152	0.0	0.0
0.701175	0.698862000	90.070579	0.0	0.0
0.708161	0.705874000	90.050969	0.0	0.0
0.715216	0.712956000	90.031318	0.0	0.0
0.722342	0.720111000	90.011625	0.0	0.0
0.729538	0.727338000	89.991885	0.0	0.0
0.736806	0.734638000	89.972096	0.0	0.0
0.744147	0.742013000	89.952254	0.0	0.0
0.751561	0.749463000	89.932357	0.0	0.0
0.759048	0.756988000	89.912400	0.0	0.0
0.766610	0.764590000	89.892381	0.0	0.0
0.774248	0.772269000	89.872297	0.0	0.0
0.781961	0.780026000	89.852144	0.0	0.0
0.789752	0.787863000	89.831918	0.0	0.0
0.797620	0.795779000	89.811617	0.0	0.0
0.805566	0.803776000	89.791237	0.0	0.0
0.813592	0.811854000	89.770775	0.0	0.0
0.821698	0.820014000	89.750226	0.0	0.0
0.829884	0.828258000	89.729587	0.0	0.0
0.838152	0.836586000	89.708856	0.0	0.0
0.846502	0.844999000	89.688027	0.0	0.0
0.854936	0.853497000	89.667099	0.0	0.0
0.863453	0.862082000	89.646066	0.0	0.0
0.872055	0.870755000	89.624925	0.0	0.0
0.880743	0.879516000	89.603672	0.0	0.0
0.889518	0.888367000	89.582304	0.0	0.0
0.898380	0.897308000	89.560816	0.0	0.0
0.907330	0.906341000	89.539205	0.0	0.0
0.916370	0.915465000	89.517467	0.0	0.0
0.925499	0.924683000	89.495597	0.0	0.0
0.934720	0.933996000	89.473592	0.0	0.0
0.944032	0.943404000	89.451447	0.0	0.0
0.953437	0.952908000	89.429159	0.0	0.0
0.962936	0.962509000	89.406724	0.0	0.0
0.972529	0.972208000	89.384136	0.0	0.0
0.982218	0.982008000	89.361392	0.0	0.0
0.992004	0.991906000	89.338487	0.0	0.0
1.001887	1.001910000	89.315417	0.0	0.0
1.011868	1.012010000	89.292179	0.0	0.0
1.021949	1.022220000	89.268766	0.0	0.0
1.032131	1.032530000	89.245173	0.0	0.0
1.042414	1.042950000	89.221398	0.0	0.0
1.052799	1.053470000	89.197436	0.0	0.0
1.063288	1.064100000	89.173281	0.0	0.0
1.073881	1.074840000	89.148931	0.0	0.0
1.084580	1.085690000	89.124377	0.0	0.0
1.095385	1.096660000	89.099618	0.0	0.0
1.106298	1.107730000	89.074647	0.0	0.0
1.117320	1.118920000	89.049459	0.0	0.0
1.128451	1.130230000	89.024052	0.0	0.0
1.139694	1.141650000	88.998415	0.0	0.0
1.151048	1.153180000	88.972550	0.0	0.0
1.162516	1.164840000	88.946446	0.0	0.0
1.174097	1.176620000	88.920104	0.0	0.0
1.185794	1.188510000	88.893513	0.0	0.0
1.197608	1.200530000	88.866669	0.0	0.0
1.209540	1.212680000	88.839566	0.0	0.0
1.221590	1.224950000	88.812204	0.0	0.0
1.233760	1.237340000	88.784573	0.0	0.0
1.246052	1.249860000	88.756666	0.0	0.0
1.258466	1.262510000	88.728482	0.0	0.0
1.271004	1.275290000	88.700012	0.0	0.0
1.283666	1.288210000	88.671254	0.0	0.0
1.296455	1.301250000	88.642198	0.0	0.0
1.309371	1.314430000	88.612842	0.0	0.0
1.322416	1.327750000	88.583178	0.0	0.0
1.335591	1.341200000	88.553200	0.0	0.0
1.348897	1.354790000	88.522905	0.0	0.0
1.362336	1.368530000	88.492283	0.0	0.0
1.375908	1.382400000	88.461334	0.0	0.0
1.389616	1.396420000	88.430045	0.0	0.0
1.403460	1.410580000	88.398416	0.0	0.0
1.417443	1.424880000	88.366436	0.0	0.0
1.431564	1.439340000	88.334105	0.0	0.0
1.445826	1.453940000	88.301412	0.0	0.0
1.460231	1.468690000	88.268350	0.0	0.0
1.474779	1.483600000	88.234917	0.0	0.0
1.489471	1.498660000	88.201107	0.0	0.0
1.504310	1.513870000	88.166911	0.0	0.0
1.519297	1.529240000	88.132323	0.0	0.0
1.534434	1.544770000	88.097335	0.0	0.0
1.549721	1.560460000	88.061946	0.0	0.0
1.565160	1.576310000	88.026147	0.0	0.0
1.580753	1.592320000	87.989931	0.0	0.0
1.596502	1.608500000	87.953291	0.0	0.0
1.612408	1.624850000	87.916221	0.0	0.0
1.628471	1.641360000	87.878719	0.0	0.0
1.644695	1.658040000	87.840773	0.0	0.0
1.661081	1.674900000	87.802378	0.0	0.0
1.677630	1.691920000	87.763528	0.0	0.0
1.694344	1.709130000	87.724217	0.0	0.0
1.711224	1.726510000	87.684439	0.0	0.0
1.728272	1.744070000	87.644187	0.0	0.0
1.745491	1.761800000	87.603452	0.0	0.0
1.762880	1.779720000	87.562233	0.0	0.0
1.780443	1.797830000	87.520519	0.0	0.0
1.798181	1.816120000	87.478305	0.0	0.0
1.816096	1.834600000	87.435583	0.0	0.0
1.834189	1.853270000	87.392349	0.0	0.0
1.852463	1.872120000	87.348594	0.0	0.0
1.870918	1.891180000	87.304315	0.0	0.0
1.889558	1.910420000	87.259502	0.0	0.0
1.908383	1.929870000	87.214150	0.0	0.0
1.927396	1.949510000	87.168252	0.0	0.0
1.946598	1.969360000	87.121803	0.0	0.0
1.965991	1.989400000	87.074797	0.0	0.0
1.985578	2.009660000	87.027224	0.0	0.0
2.005359	2.030120000	86.979082	0.0	0.0
2.025338	2.050780000	86.930360	0.0	0.0
2.045516	2.071660000	86.881055	0.0	0.0
2.065895	2.092750000	86.831159	0.0	0.0
2.086477	2.114060000	86.780667	0.0	0.0
2.107264	2.135580000	86.729571	0.0	0.0
2.128258	2.157320000	86.677867	0.0	0.0
2.149461	2.179290000	86.625547	0.0	0.0
2.170875	2.201470000	86.572606	0.0	0.0
2.192503	2.223890000	86.519035	0.0	0.0
2.214346	2.246530000	86.464831	0.0	0.0
2.236407	2.269390000	86.409985	0.0	0.0
2.258688	2.292500000	86.354493	0.0	0.0
2.281191	2.315830000	86.298347	0.0	0.0
2.303917	2.339400000	86.241546	0.0	0.0
2.326871	2.363210000	86.184075	0.0	0.0
2.350052	2.387260000	86.125938	0.0	0.0
2.373465	2.411550000	86.067121	0.0	0.0
2.397111	2.436090000	86.007621	0.0	0.0
2.420993	2.460870000	85.947432	0.0	0.0
2.445113	2.485910000	85.886547	0.0	0.0
2.469473	2.511190000	85.824962	0.0	0.0
2.494075	2.536740000	85.762672	0.0	0.0
2.518923	2.562530000	85.699667	0.0	0.0
2.544018	2.588590000	85.635945	0.0	0.0
2.569364	2.614910000	85.571497	0.0	0.0
2.594961	2.641490000	85.506322	0.0	0.0
2.620814	2.668330000	85.440409	0.0	0.0
2.646925	2.695450000	85.373753	0.0	0.0
2.673295	2.722830000	85.306353	0.0	0.0
2.699928	2.750490000	85.238199	0.0	0.0
2.726827	2.778430000	85.169285	0.0	0.0
2.753994	2.806640000	85.099607	0.0	0.0
2.781431	2.835140000	85.029160	0.0	0.0
2.809141	2.863910000	84.957940	0.0	0.0
2.837128	2.892980000	84.885935	0.0	0.0
2.865393	2.922330000	84.813147	0.0	0.0
2.893941	2.951970000	84.739562	0.0	0.0
2.922772	2.981910000	84.665184	0.0	0.0
2.951891	3.012140000	84.590001	0.0	0.0
2.981300	3.042670000	84.514009	0.0	0.0
3.011001	3.073500000	84.437205	0.0	0.0
3.040999	3.104640000	84.359579	0.0	0.0
3.071296	3.136080000	84.281128	0.0	0.0
3.101894	3.167830000	84.201848	0.0	0.0
3.132797	3.199890000	84.121731	0.0	0.0
3.164008	3.232270000	84.040773	0.0	0.0
3.195530	3.264970000	83.958967	0.0	0.0
3.227367	3.297980000	83.876306	0.0	0.0
3.259520	3.331320000	83.792790	0.0	0.0
3.291993	3.364980000	83.708412	0.0	0.0
3.324791	3.398980000	83.623160	0.0	0.0
3.357915	3.433300000	83.537035	0.0	0.0
3.391368	3.467960000	83.450033	0.0	0.0
3.425156	3.502950000	83.362141	0.0	0.0
3.459279	3.538280000	83.273362	0.0	0.0
3.493743	3.573960000	83.183682	0.0	0.0
3.528550	3.609980000	83.093101	0.0	0.0
3.563704	3.646350000	83.001612	0.0	0.0
3.599208	3.683080000	82.909208	0.0	0.0
3.635066	3.720150000	82.815885	0.0	0.0
3.671281	3.757590000	82.721636	0.0	0.0
3.707857	3.795380000	82.626456	0.0	0.0
3.744797	3.833540000	82.530340	0.0	0.0
3.782106	3.872070000	82.433278	0.0	0.0
3.819786	3.910960000	82.335269	0.0	0.0
3.857841	3.950230000	82.236307	0.0	0.0
3.896276	3.989870000	82.136382	0.0	0.0
3.935093	4.029890000	82.035492	0.0	0.0
3.974297	4.070290000	81.933629	0.0	0.0
4.013892	4.111080000	81.830786	0.0	0.0
4.053881	4.152250000	81.726958	0.0	0.0
4.094269	4.193820000	81.622138	0.0	0.0
4.135059	4.235780000	81.516322	0.0	0.0
4.176255	4.278140000	81.409502	0.0	0.0
4.217862	4.320900000	81.301670	0.0	0.0
4.259883	4.364060000	81.192823	0.0	0.0
4.302323	4.407630000	81.082952	0.0	0.0
4.345186	4.451610000	80.972050	0.0	0.0
4.388476	4.496010000	80.860112	0.0	0.0
4.432197	4.540820000	80.747131	0.0	0.0
4.476353	4.586050000	80.633101	0.0	0.0
4.520950	4.631710000	80.518012	0.0	0.0
4.565991	4.677790000	80.401860	0.0	0.0
4.611480	4.724310000	80.284639	0.0	0.0
4.657423	4.771250000	80.166338	0.0	0.0
4.703824	4.818640000	80.046951	0.0	0.0
4.750687	4.866460000	79.926472	0.0	0.0
4.798016	4.914730000	79.804897	0.0	0.0
4.845817	4.963450000	79.682213	0.0	0.0
4.894095	5.012610000	79.558413	0.0	0.0
4.942853	5.062230000	79.433494	0.0	0.0
4.992097	5.112310000	79.307445	0.0	0.0
5.041832	5.162850000	79.180258	0.0	0.0
5.092062	5.213850000	79.051927	0.0	0.0
5.142793	5.265320000	78.922443	0.0	0.0
5.194029	5.317270000	78.791799	0.0	0.0
5.245776	5.369690000	78.659986	0.0	0.0
5.298038	5.422580000	78.526997	0.0	0.0
5.350821	5.475960000	78.392824	0.0	0.0
5.404129	5.529820000	78.257459	0.0	0.0
5.457969	5.584170000	78.120892	0.0	0.0
5.512345	5.639010000	77.983117	0.0	0.0
5.567263	5.694350000	77.844123	0.0	0.0
5.622728	5.750190000	77.703903	0.0	0.0
5.678746	5.806530000	77.562448	0.0	0.0
5.735321	5.863380000	77.419752	0.0	0.0
5.792460	5.920730000	77.275803	0.0	0.0
5.850169	5.978600000	77.130592	0.0	0.0
5.908453	6.036990000	76.984111	0.0	0.0
5.967317	6.095900000	76.836353	0.0	0.0
6.026767	6.155330000	76.687309	0.0	0.0
6.086810	6.215280000	76.536967	0.0	0.0
6.147451	6.275770000	76.385320	0.0	0.0
6.208696	6.336790000	76.232358	0.0	0.0
6.270552	6.398350000	76.078070	0.0	0.0
6.333023	6.460450000	75.922452	0.0	0.0
6.396117	6.523090000	75.765490	0.0	0.0
6.459840	6.586280000	75.607175	0.0	0.0
6.524198	6.650030000	75.447498	0.0	0.0
6.589196	6.714320000	75.286453	0.0	0.0
6.654842	6.779180000	75.124026	0.0	0.0
6.721143	6.844600000	74.960207	0.0	0.0
6.788103	6.910580000	74.794991	0.0	0.0
6.855731	6.977120000	74.628364	0.0	0.0
6.924033	7.044240000	74.460317	0.0	0.0
6.993015	7.111940000	74.290842	0.0	0.0
7.062684	7.180210000	74.119929	0.0	0.0
7.133048	7.249060000	73.947564	0.0	0.0
7.204112	7.318500000	73.773744	0.0	0.0
7.275884	7.388520000	73.598454	0.0	0.0
7.348372	7.459140000	73.421684	0.0	0.0
7.421582	7.530340000	73.243425	0.0	0.0
7.495521	7.602150000	73.063669	0.0	0.0
7.570196	7.674550000	72.882406	0.0	0.0
7.645616	7.747550000	72.699621	0.0	0.0
7.721787	7.821160000	72.515309	0.0	0.0
7.798717	7.895380000	72.329458	0.0	0.0
7.876413	7.970210000	72.142058	0.0	0.0
7.954883	8.045650000	71.953100	0.0	0.0
8.034135	8.121710000	71.762572	0.0	0.0
8.114177	8.198390000	71.570465	0.0	0.0
8.195016	8.275700000	71.376768	0.0	0.0
8.276661	8.353630000	71.181472	0.0	0.0
8.359119	8.432180000	70.984567	0.0	0.0
8.442398	8.511360000	70.786043	0.0	0.0
8.526507	8.591170000	70.585890	0.0	0.0
8.611454	8.671620000	70.384097	0.0	0.0
8.697247	8.752710000	70.180656	0.0	0.0
8.783896	8.834430000	69.975553	0.0	0.0
8.871407	8.916800000	69.768783	0.0	0.0
8.959790	8.999810000	69.560335	0.0	0.0
9.049054	9.083460000	69.350196	0.0	0.0
9.139207	9.167760000	69.138361	0.0	0.0
9.230258	9.252710000	68.924817	0.0	0.0
9.322216	9.338320000	68.709556	0.0	0.0
9.415091	9.424580000	68.492566	0.0	0.0
9.508890	9.511480000	68.273843	0.0	0.0
9.603625	9.599050000	68.053370	0.0	0.0
9.699303	9.687270000	67.831143	0.0	0.0
9.795934	9.776160000	67.607153	0.0	0.0
9.893528	9.865700000	67.381388	0.0	0.0
9.992094	9.955900000	67.153841	0.0	0.0
10.091640	10.046800000	66.924507	0.0	0.0
10.192180	10.138300000	66.693367	0.0	0.0
10.293720	10.230500000	66.460422	0.0	0.0
10.396280	10.323400000	66.225640	0.0	0.0
10.499850	10.416900000	65.989058	0.0	0.0
10.604460	10.511100000	65.750623	0.0	0.0
10.710110	10.605900000	65.510350	0.0	0.0
10.816810	10.701500000	65.268231	0.0	0.0
10.924570	10.797700000	65.024261	0.0	0.0
11.033410	10.894500000	64.778409	0.0	0.0
11.143340	10.992100000	64.530670	0.0	0.0
11.254350	11.090300000	64.281083	0.0	0.0
11.366480	11.189100000	64.029575	0.0	0.0
11.479720	11.288700000	63.776187	0.0	0.0
11.594090	11.388900000	63.520890	0.0	0.0
11.709600	11.489800000	63.263683	0.0	0.0
11.826250	11.591300000	63.004581	0.0	0.0
11.944080	11.693500000	62.743518	0.0	0.0
12.063070	11.796400000	62.480554	0.0	0.0
12.183250	11.899900000	62.215645	0.0	0.0
12.304630	12.004200000	61.948789	0.0	0.0
12.427220	12.109000000	61.679983	0.0	0.0
12.551030	12.214600000	61.409228	0.0	0.0
12.676070	12.320800000	61.136522	0.0	0.0
12.802360	12.427600000	60.861843	0.0	0.0
12.929900	12.535100000	60.585214	0.0	0.0
13.058720	12.643300000	60.306593	0.0	0.0
13.188820	12.752100000	60.026003	0.0	0.0
13.320220	12.861600000	59.743423	0.0	0.0
13.452920	12.971700000	59.458878	0.0	0.0
13.586950	13.082500000	59.172328	0.0	0.0
13.722310	13.193900000	58.883797	0.0	0.0
13.859020	13.306000000	58.593268	0.0	0.0
13.997100	13.418700000	58.300726	0.0	0.0
14.136540	13.532100000	58.006215	0.0	0.0
14.277380	13.646100000	57.709679	0.0	0.0
14.419620	13.760700000	57.411146	0.0	0.0
14.563280	13.876000000	57.110600	0.0	0.0
14.708370	13.991800000	56.808048	0.0	0.0
14.854910	14.108400000	56.503479	0.0	0.0
15.002900	14.225500000	56.196919	0.0	0.0
15.152370	14.343300000	55.888336	0.0	0.0
15.303330	14.461700000	55.577741	0.0	0.0
15.455790	14.580700000	55.265142	0.0	0.0
15.609770	14.700300000	54.950529	0.0	0.0
15.765290	14.820500000	54.633893	0.0	0.0
15.922350	14.941400000	54.315264	0.0	0.0
16.080980	15.062800000	53.994616	0.0	0.0
16.241190	15.184500000	53.671959	0.0	0.0
16.403000	15.304200000	53.347288	0.0	0.0
16.566420	15.412700000	53.020615	0.0	0.0
16.731460	15.483400000	52.691952	0.0	0.0
16.898160	15.457900000	52.361259	0.0	0.0
17.066510	15.235300000	52.028586	0.0	0.0
17.236540	14.679700000	51.693910	0.0	0.0
17.408260	13.656400000	51.357248	0.0	0.0
17.581690	12.095100000	51.018595	0.0	0.0
17.756850	10.049900000	50.677951	0.0	0.0
17.933760	7.719650000	50.335312	0.0	0.0
18.112430	5.401150000	49.990696	0.0	0.0
18.292880	3.389280000	49.644102	0.0	0.0
18.475120	1.875040000	49.295549	0.0	0.0
18.659180	0.896060000	48.945017	0.0	0.0
18.845080	0.360404000	48.592508	0.0	0.0
19.032830	0.117728000	48.238041	0.0	0.0
19.222450	0.029623900	47.881617	0.0	0.0
19.413950	0.005265230	47.523256	0.0	0.0
19.607370	0.000560204	47.162923	0.0	0.0
19.802710	0.000023283	46.800658	0.0	0.0
20.000000	0.000000270	46.436446	0.0	0.0
