# UNCLASSIFIED
#
# Response info for VAE broad-band site.
#
# Effective: 01 Jan 2000
# Creation date: 08 Jun 2010
# File name: VAE.BB.946684800
#
# Source: James Neely (TTD), TSgt Swindle (TTD)
# System equipment: Streckeisen STS-1 seismometer and Quanterra Q680 digitizer.
#
# The response file was derived from equations of state.
# Displacement response normalized to 1.0 at 1.0 Hz.
#
# The calib values for this configuration are as follows:
#
# VAE BHZ is 0.161832 nm/count at 1.0 Hz.
# VAE BHN is 0.156916 nm/count at 1.0 Hz.
# VAE BHE is 0.160398 nm/count at 1.0 Hz.
#
# Freq(Hz)     Amp(counts/nm)    Phase(deg)   Error(amp) Error(phase)
#
 theoretical  0       system    fap   J.Neely
1000
0.001000	0.000131689	239.664989	0.0	0.0
0.001009	0.000135340	239.364510	0.0	0.0
0.001019	0.000139091	239.060779	0.0	0.0
0.001028	0.000142944	238.753753	0.0	0.0
0.001038	0.000146902	238.443417	0.0	0.0
0.001047	0.000150967	238.129726	0.0	0.0
0.001057	0.000155144	237.812634	0.0	0.0
0.001067	0.000159434	237.492096	0.0	0.0
0.001077	0.000163839	237.168065	0.0	0.0
0.001087	0.000168364	236.840528	0.0	0.0
0.001097	0.000173011	236.509438	0.0	0.0
0.001107	0.000177784	236.174717	0.0	0.0
0.001117	0.000182686	235.836350	0.0	0.0
0.001127	0.000187719	235.494292	0.0	0.0
0.001138	0.000192889	235.148529	0.0	0.0
0.001148	0.000198195	234.798981	0.0	0.0
0.001159	0.000203646	234.445601	0.0	0.0
0.001170	0.000209241	234.088344	0.0	0.0
0.001181	0.000214986	233.727196	0.0	0.0
0.001191	0.000220884	233.362110	0.0	0.0
0.001202	0.000226939	232.993041	0.0	0.0
0.001214	0.000233155	232.619908	0.0	0.0
0.001225	0.000239536	232.242700	0.0	0.0
0.001236	0.000246085	231.861370	0.0	0.0
0.001248	0.000252807	231.475874	0.0	0.0
0.001259	0.000259707	231.086164	0.0	0.0
0.001271	0.000266786	230.692198	0.0	0.0
0.001283	0.000274052	230.293930	0.0	0.0
0.001295	0.000281508	229.891315	0.0	0.0
0.001307	0.000289158	229.484310	0.0	0.0
0.001319	0.000297007	229.072872	0.0	0.0
0.001331	0.000305060	228.656923	0.0	0.0
0.001343	0.000313321	228.236490	0.0	0.0
0.001356	0.000321795	227.811462	0.0	0.0
0.001368	0.000330486	227.381832	0.0	0.0
0.001381	0.000339400	226.947562	0.0	0.0
0.001394	0.000348542	226.508610	0.0	0.0
0.001407	0.000357917	226.064904	0.0	0.0
0.001420	0.000367528	225.616407	0.0	0.0
0.001433	0.000377383	225.163116	0.0	0.0
0.001446	0.000387485	224.704962	0.0	0.0
0.001459	0.000397842	224.241909	0.0	0.0
0.001473	0.000408456	223.773925	0.0	0.0
0.001487	0.000419334	223.300979	0.0	0.0
0.001500	0.000430481	222.823039	0.0	0.0
0.001514	0.000441903	222.340042	0.0	0.0
0.001528	0.000453606	221.851960	0.0	0.0
0.001542	0.000465592	221.358769	0.0	0.0
0.001557	0.000477872	220.860479	0.0	0.0
0.001571	0.000490446	220.356999	0.0	0.0
0.001586	0.000503324	219.848309	0.0	0.0
0.001600	0.000516509	219.334425	0.0	0.0
0.001615	0.000530007	218.815263	0.0	0.0
0.001630	0.000543823	218.290878	0.0	0.0
0.001645	0.000557964	217.761156	0.0	0.0
0.001660	0.000572436	217.226158	0.0	0.0
0.001676	0.000587241	216.685844	0.0	0.0
0.001691	0.000602387	216.140176	0.0	0.0
0.001707	0.000617880	215.589189	0.0	0.0
0.001723	0.000633723	215.032851	0.0	0.0
0.001739	0.000649924	214.471134	0.0	0.0
0.001755	0.000666486	213.904047	0.0	0.0
0.001771	0.000683416	213.331605	0.0	0.0
0.001788	0.000700717	212.753788	0.0	0.0
0.001804	0.000718395	212.170652	0.0	0.0
0.001821	0.000736455	211.582153	0.0	0.0
0.001838	0.000754901	210.988353	0.0	0.0
0.001855	0.000773738	210.389214	0.0	0.0
0.001872	0.000792972	209.784809	0.0	0.0
0.001889	0.000812604	209.175108	0.0	0.0
0.001907	0.000832640	208.560194	0.0	0.0
0.001924	0.000853085	207.940079	0.0	0.0
0.001942	0.000873940	207.314786	0.0	0.0
0.001960	0.000895211	206.684408	0.0	0.0
0.001978	0.000916900	206.048905	0.0	0.0
0.001997	0.000939010	205.408418	0.0	0.0
0.002015	0.000961546	204.762916	0.0	0.0
0.002034	0.000984508	204.112550	0.0	0.0
0.002053	0.001007898	203.457301	0.0	0.0
0.002072	0.001031728	202.797294	0.0	0.0
0.002091	0.001055977	202.132591	0.0	0.0
0.002110	0.001080676	201.463294	0.0	0.0
0.002130	0.001105805	200.789406	0.0	0.0
0.002149	0.001131363	200.111110	0.0	0.0
0.002169	0.001157372	199.428456	0.0	0.0
0.002189	0.001183810	198.741567	0.0	0.0
0.002210	0.001210698	198.050539	0.0	0.0
0.002230	0.001238015	197.355472	0.0	0.0
0.002251	0.001265773	196.656474	0.0	0.0
0.002272	0.001293960	195.953691	0.0	0.0
0.002293	0.001322597	195.247241	0.0	0.0
0.002314	0.001351654	194.537247	0.0	0.0
0.002335	0.001381161	193.823838	0.0	0.0
0.002357	0.001411088	193.107180	0.0	0.0
0.002379	0.001441444	192.387380	0.0	0.0
0.002401	0.001472220	191.664615	0.0	0.0
0.002423	0.001503427	190.939034	0.0	0.0
0.002446	0.001535052	190.210791	0.0	0.0
0.002468	0.001567088	189.480075	0.0	0.0
0.002491	0.001599533	188.746984	0.0	0.0
0.002514	0.001632389	188.011750	0.0	0.0
0.002537	0.001665654	187.274511	0.0	0.0
0.002561	0.001699309	186.535441	0.0	0.0
0.002585	0.001733353	185.794718	0.0	0.0
0.002609	0.001767798	185.052553	0.0	0.0
0.002633	0.001802612	184.309130	0.0	0.0
0.002657	0.001837817	183.564572	0.0	0.0
0.002682	0.001873381	182.819101	0.0	0.0
0.002707	0.001909315	182.072935	0.0	0.0
0.002732	0.001945608	181.326207	0.0	0.0
0.002757	0.001982252	180.579170	0.0	0.0
0.002783	0.002019245	179.831960	0.0	0.0
0.002808	0.002056579	179.084771	0.0	0.0
0.002834	0.002094252	178.337830	0.0	0.0
0.002861	0.002132245	177.591274	0.0	0.0
0.002887	0.002170568	176.845357	0.0	0.0
0.002914	0.002209200	176.100218	0.0	0.0
0.002941	0.002248143	175.356078	0.0	0.0
0.002968	0.002287385	174.613077	0.0	0.0
0.002996	0.002326928	173.871461	0.0	0.0
0.003023	0.002366760	173.131340	0.0	0.0
0.003051	0.002406882	172.392956	0.0	0.0
0.003080	0.002447274	171.656443	0.0	0.0
0.003108	0.002487945	170.922011	0.0	0.0
0.003137	0.002528877	170.189789	0.0	0.0
0.003166	0.002570069	169.459981	0.0	0.0
0.003195	0.002611520	168.732713	0.0	0.0
0.003225	0.002653221	168.008205	0.0	0.0
0.003255	0.002695173	167.286529	0.0	0.0
0.003285	0.002737364	166.567920	0.0	0.0
0.003315	0.002779795	165.852467	0.0	0.0
0.003346	0.002822456	165.140328	0.0	0.0
0.003377	0.002865346	164.431654	0.0	0.0
0.003408	0.002908457	163.726548	0.0	0.0
0.003440	0.002951798	163.025197	0.0	0.0
0.003472	0.002995358	162.327652	0.0	0.0
0.003504	0.003039128	161.634090	0.0	0.0
0.003536	0.003083119	160.944577	0.0	0.0
0.003569	0.003127319	160.259279	0.0	0.0
0.003602	0.003171729	159.578233	0.0	0.0
0.003635	0.003216349	158.901594	0.0	0.0
0.003669	0.003261179	158.229432	0.0	0.0
0.003703	0.003306219	157.561814	0.0	0.0
0.003737	0.003351459	156.898858	0.0	0.0
0.003772	0.003396898	156.240641	0.0	0.0
0.003807	0.003442548	155.587197	0.0	0.0
0.003842	0.003488407	154.938631	0.0	0.0
0.003878	0.003534467	154.295006	0.0	0.0
0.003914	0.003580736	153.656346	0.0	0.0
0.003950	0.003627205	153.022757	0.0	0.0
0.003987	0.003673894	152.394238	0.0	0.0
0.004024	0.003720783	151.770852	0.0	0.0
0.004061	0.003767892	151.152660	0.0	0.0
0.004098	0.003815221	150.539666	0.0	0.0
0.004136	0.003862750	149.931921	0.0	0.0
0.004175	0.003910508	149.329456	0.0	0.0
0.004213	0.003958487	148.732268	0.0	0.0
0.004252	0.004006685	148.140411	0.0	0.0
0.004292	0.004055123	147.553876	0.0	0.0
0.004331	0.004103781	146.972680	0.0	0.0
0.004372	0.004152680	146.396837	0.0	0.0
0.004412	0.004201808	145.826345	0.0	0.0
0.004453	0.004251185	145.261213	0.0	0.0
0.004494	0.004300813	144.701445	0.0	0.0
0.004536	0.004350681	144.147031	0.0	0.0
0.004578	0.004400808	143.597958	0.0	0.0
0.004620	0.004451196	143.054238	0.0	0.0
0.004663	0.004501853	142.515827	0.0	0.0
0.004706	0.004552770	141.982732	0.0	0.0
0.004750	0.004603967	141.454933	0.0	0.0
0.004794	0.004655434	140.932417	0.0	0.0
0.004838	0.004707191	140.415138	0.0	0.0
0.004883	0.004759238	139.903105	0.0	0.0
0.004928	0.004811584	139.396268	0.0	0.0
0.004974	0.004864231	138.894621	0.0	0.0
0.005020	0.004917177	138.398122	0.0	0.0
0.005066	0.004970433	137.906741	0.0	0.0
0.005113	0.005024009	137.420446	0.0	0.0
0.005161	0.005077915	136.939215	0.0	0.0
0.005209	0.005132141	136.463003	0.0	0.0
0.005257	0.005186706	135.991786	0.0	0.0
0.005305	0.005241602	135.525508	0.0	0.0
0.005355	0.005296857	135.064154	0.0	0.0
0.005404	0.005352462	134.607676	0.0	0.0
0.005454	0.005408427	134.156029	0.0	0.0
0.005505	0.005464762	133.709176	0.0	0.0
0.005556	0.005521466	133.267086	0.0	0.0
0.005607	0.005578541	132.829704	0.0	0.0
0.005659	0.005636005	132.397000	0.0	0.0
0.005712	0.005693859	131.968927	0.0	0.0
0.005764	0.005752123	131.545438	0.0	0.0
0.005818	0.005810777	131.126493	0.0	0.0
0.005872	0.005869850	130.712053	0.0	0.0
0.005926	0.005929334	130.302065	0.0	0.0
0.005981	0.005989247	129.896495	0.0	0.0
0.006036	0.006049590	129.495291	0.0	0.0
0.006092	0.006110363	129.098419	0.0	0.0
0.006149	0.006171585	128.705821	0.0	0.0
0.006206	0.006233267	128.317463	0.0	0.0
0.006263	0.006295390	127.933300	0.0	0.0
0.006321	0.006357992	127.553281	0.0	0.0
0.006380	0.006421053	127.177361	0.0	0.0
0.006439	0.006484595	126.805507	0.0	0.0
0.006498	0.006548626	126.437664	0.0	0.0
0.006559	0.006613147	126.073788	0.0	0.0
0.006619	0.006678168	125.713848	0.0	0.0
0.006681	0.006743699	125.357783	0.0	0.0
0.006743	0.006809729	125.005562	0.0	0.0
0.006805	0.006876289	124.657133	0.0	0.0
0.006868	0.006943369	124.312460	0.0	0.0
0.006932	0.007010989	123.971502	0.0	0.0
0.006996	0.007079149	123.634207	0.0	0.0
0.007061	0.007147858	123.300537	0.0	0.0
0.007126	0.007217117	122.970457	0.0	0.0
0.007192	0.007286935	122.643914	0.0	0.0
0.007259	0.007357324	122.320874	0.0	0.0
0.007326	0.007428292	122.001299	0.0	0.0
0.007394	0.007499840	121.685138	0.0	0.0
0.007462	0.007571978	121.372360	0.0	0.0
0.007531	0.007644715	121.062923	0.0	0.0
0.007601	0.007718062	120.756784	0.0	0.0
0.007672	0.007792019	120.453911	0.0	0.0
0.007743	0.007866596	120.154258	0.0	0.0
0.007814	0.007941802	119.857792	0.0	0.0
0.007887	0.008017638	119.564473	0.0	0.0
0.007960	0.008094114	119.274267	0.0	0.0
0.008034	0.008171249	118.987131	0.0	0.0
0.008108	0.008249034	118.703032	0.0	0.0
0.008183	0.008327479	118.421934	0.0	0.0
0.008259	0.008406604	118.143803	0.0	0.0
0.008335	0.008486408	117.868598	0.0	0.0
0.008412	0.008566902	117.596289	0.0	0.0
0.008490	0.008648086	117.326840	0.0	0.0
0.008569	0.008729969	117.060216	0.0	0.0
0.008648	0.008812572	116.796386	0.0	0.0
0.008729	0.008895885	116.535312	0.0	0.0
0.008809	0.008979927	116.276967	0.0	0.0
0.008891	0.009064709	116.021315	0.0	0.0
0.008973	0.009150231	115.768324	0.0	0.0
0.009056	0.009236492	115.517965	0.0	0.0
0.009140	0.009323523	115.270201	0.0	0.0
0.009225	0.009411324	115.025008	0.0	0.0
0.009310	0.009499884	114.782352	0.0	0.0
0.009397	0.009589244	114.542202	0.0	0.0
0.009484	0.009679384	114.304530	0.0	0.0
0.009572	0.009770323	114.069306	0.0	0.0
0.009660	0.009862072	113.836503	0.0	0.0
0.009750	0.009954640	113.606091	0.0	0.0
0.009840	0.010047998	113.378041	0.0	0.0
0.009931	0.010142256	113.152325	0.0	0.0
0.010023	0.010237314	112.928907	0.0	0.0
0.010116	0.010333271	112.707794	0.0	0.0
0.010210	0.010430027	112.488910	0.0	0.0
0.010304	0.010527684	112.272272	0.0	0.0
0.010400	0.010626140	112.057826	0.0	0.0
0.010496	0.010725595	111.845565	0.0	0.0
0.010593	0.010825850	111.635437	0.0	0.0
0.010691	0.010927005	111.427457	0.0	0.0
0.010790	0.011029159	111.221554	0.0	0.0
0.010890	0.011132213	111.017742	0.0	0.0
0.010991	0.011236166	110.815974	0.0	0.0
0.011093	0.011341019	110.616244	0.0	0.0
0.011196	0.011446872	110.418525	0.0	0.0
0.011299	0.011553724	110.222772	0.0	0.0
0.011404	0.011661476	110.028980	0.0	0.0
0.011510	0.011770227	109.837142	0.0	0.0
0.011616	0.011879978	109.647199	0.0	0.0
0.011724	0.011990728	109.459162	0.0	0.0
0.011832	0.012102478	109.272990	0.0	0.0
0.011942	0.012215228	109.088679	0.0	0.0
0.012053	0.012328977	108.906190	0.0	0.0
0.012164	0.012443825	108.725516	0.0	0.0
0.012277	0.012559673	108.546621	0.0	0.0
0.012391	0.012676621	108.369500	0.0	0.0
0.012505	0.012794668	108.194117	0.0	0.0
0.012621	0.012913715	108.020482	0.0	0.0
0.012738	0.013033861	107.848546	0.0	0.0
0.012856	0.013155107	107.678289	0.0	0.0
0.012975	0.013277452	107.509722	0.0	0.0
0.013095	0.013400896	107.342798	0.0	0.0
0.013217	0.013525541	107.177512	0.0	0.0
0.013339	0.013651284	107.013834	0.0	0.0
0.013463	0.013778227	106.851760	0.0	0.0
0.013587	0.013906270	106.691271	0.0	0.0
0.013713	0.014035512	106.532340	0.0	0.0
0.013840	0.014165954	106.374961	0.0	0.0
0.013968	0.014297595	106.219107	0.0	0.0
0.014098	0.014430335	106.064762	0.0	0.0
0.014228	0.014564375	105.911922	0.0	0.0
0.014360	0.014699715	105.760549	0.0	0.0
0.014493	0.014836253	105.610641	0.0	0.0
0.014627	0.014973992	105.462192	0.0	0.0
0.014763	0.015113029	105.315168	0.0	0.0
0.014900	0.015253367	105.169554	0.0	0.0
0.015038	0.015394903	105.025348	0.0	0.0
0.015177	0.015537839	104.882525	0.0	0.0
0.015317	0.015682074	104.741073	0.0	0.0
0.015459	0.015827609	104.600969	0.0	0.0
0.015602	0.015974543	104.462220	0.0	0.0
0.015747	0.016122777	104.324784	0.0	0.0
0.015893	0.016272410	104.188669	0.0	0.0
0.016040	0.016423342	104.053853	0.0	0.0
0.016189	0.016575774	103.920315	0.0	0.0
0.016339	0.016729505	103.788054	0.0	0.0
0.016490	0.016884736	103.657050	0.0	0.0
0.016643	0.017041366	103.527290	0.0	0.0
0.016797	0.017199395	103.398757	0.0	0.0
0.016952	0.017358923	103.271448	0.0	0.0
0.017109	0.017519951	103.145336	0.0	0.0
0.017268	0.017682378	103.020420	0.0	0.0
0.017428	0.017846405	102.896682	0.0	0.0
0.017589	0.018011831	102.774112	0.0	0.0
0.017752	0.018178856	102.652701	0.0	0.0
0.017917	0.018347480	102.532431	0.0	0.0
0.018082	0.018517604	102.413287	0.0	0.0
0.018250	0.018689227	102.295266	0.0	0.0
0.018419	0.018862550	102.178347	0.0	0.0
0.018590	0.019037371	102.062527	0.0	0.0
0.018762	0.019213892	101.947791	0.0	0.0
0.018936	0.019392012	101.834131	0.0	0.0
0.019111	0.019571732	101.721526	0.0	0.0
0.019288	0.019753151	101.609974	0.0	0.0
0.019467	0.019936269	101.499467	0.0	0.0
0.019647	0.020120986	101.389980	0.0	0.0
0.019829	0.020307502	101.281518	0.0	0.0
0.020013	0.020495718	101.174060	0.0	0.0
0.020198	0.020685633	101.067600	0.0	0.0
0.020385	0.020877347	100.962130	0.0	0.0
0.020574	0.021070860	100.857633	0.0	0.0
0.020764	0.021266173	100.754102	0.0	0.0
0.020957	0.021463185	100.651531	0.0	0.0
0.021151	0.021662095	100.549901	0.0	0.0
0.021347	0.021862805	100.449213	0.0	0.0
0.021544	0.022065415	100.349449	0.0	0.0
0.021744	0.022269823	100.250609	0.0	0.0
0.021945	0.022476231	100.152671	0.0	0.0
0.022149	0.022684437	100.055636	0.0	0.0
0.022354	0.022894643	99.959486	0.0	0.0
0.022561	0.023106748	99.864222	0.0	0.0
0.022770	0.023320852	99.769829	0.0	0.0
0.022981	0.023536955	99.676297	0.0	0.0
0.023193	0.023754958	99.583620	0.0	0.0
0.023408	0.023975059	99.491789	0.0	0.0
0.023625	0.024197160	99.400795	0.0	0.0
0.023844	0.024421359	99.310628	0.0	0.0
0.024065	0.024647558	99.221279	0.0	0.0
0.024288	0.024875856	99.132744	0.0	0.0
0.024513	0.025106352	99.045010	0.0	0.0
0.024740	0.025338948	98.958072	0.0	0.0
0.024969	0.025573643	98.871923	0.0	0.0
0.025200	0.025810537	98.786549	0.0	0.0
0.025433	0.026049630	98.701947	0.0	0.0
0.025669	0.026290922	98.618108	0.0	0.0
0.025907	0.026534413	98.535026	0.0	0.0
0.026147	0.026780202	98.452692	0.0	0.0
0.026389	0.027028291	98.371095	0.0	0.0
0.026633	0.027278679	98.290233	0.0	0.0
0.026880	0.027531266	98.210096	0.0	0.0
0.027129	0.027786352	98.130675	0.0	0.0
0.027380	0.028043636	98.051967	0.0	0.0
0.027634	0.028303420	97.973961	0.0	0.0
0.027890	0.028565603	97.896651	0.0	0.0
0.028148	0.028830084	97.820031	0.0	0.0
0.028409	0.029097164	97.744090	0.0	0.0
0.028672	0.029366644	97.668828	0.0	0.0
0.028938	0.029638622	97.594231	0.0	0.0
0.029206	0.029913099	97.520296	0.0	0.0
0.029476	0.030190175	97.447018	0.0	0.0
0.029749	0.030469750	97.374385	0.0	0.0
0.030025	0.030751923	97.302396	0.0	0.0
0.030303	0.031036696	97.231042	0.0	0.0
0.030583	0.031324167	97.160316	0.0	0.0
0.030867	0.031614237	97.090212	0.0	0.0
0.031153	0.031907006	97.020725	0.0	0.0
0.031441	0.032202473	96.951846	0.0	0.0
0.031732	0.032500740	96.883570	0.0	0.0
0.032026	0.032801705	96.815892	0.0	0.0
0.032323	0.033105469	96.748806	0.0	0.0
0.032622	0.033412031	96.682305	0.0	0.0
0.032924	0.033721393	96.616383	0.0	0.0
0.033229	0.034033653	96.551033	0.0	0.0
0.033537	0.034348812	96.486252	0.0	0.0
0.033848	0.034666869	96.422032	0.0	0.0
0.034161	0.034987925	96.358369	0.0	0.0
0.034478	0.035311880	96.295255	0.0	0.0
0.034797	0.035638834	96.232685	0.0	0.0
0.035119	0.035968886	96.170654	0.0	0.0
0.035445	0.036301937	96.109158	0.0	0.0
0.035773	0.036638086	96.048190	0.0	0.0
0.036104	0.036977234	95.987743	0.0	0.0
0.036439	0.037319681	95.927815	0.0	0.0
0.036776	0.037665226	95.868398	0.0	0.0
0.037117	0.038013970	95.809487	0.0	0.0
0.037461	0.038365912	95.751079	0.0	0.0
0.037807	0.038721153	95.693166	0.0	0.0
0.038158	0.039079692	95.635744	0.0	0.0
0.038511	0.039441530	95.578809	0.0	0.0
0.038868	0.039806667	95.522354	0.0	0.0
0.039228	0.040175202	95.466376	0.0	0.0
0.039591	0.040547135	95.410870	0.0	0.0
0.039958	0.040922567	95.355829	0.0	0.0
0.040328	0.041301397	95.301249	0.0	0.0
0.040701	0.041683826	95.247126	0.0	0.0
0.041078	0.042069753	95.193454	0.0	0.0
0.041459	0.042459178	95.140231	0.0	0.0
0.041843	0.042852302	95.087448	0.0	0.0
0.042230	0.043249024	95.035105	0.0	0.0
0.042622	0.043649345	94.983193	0.0	0.0
0.043016	0.044053464	94.931711	0.0	0.0
0.043415	0.044461281	94.880654	0.0	0.0
0.043817	0.044872897	94.830015	0.0	0.0
0.044223	0.045288311	94.779791	0.0	0.0
0.044632	0.045707523	94.729979	0.0	0.0
0.045046	0.046130633	94.680573	0.0	0.0
0.045463	0.046557642	94.631569	0.0	0.0
0.045884	0.046988649	94.582963	0.0	0.0
0.046309	0.047423654	94.534750	0.0	0.0
0.046738	0.047862558	94.486927	0.0	0.0
0.047171	0.048305659	94.439489	0.0	0.0
0.047608	0.048752759	94.392433	0.0	0.0
0.048049	0.049203957	94.345753	0.0	0.0
0.048494	0.049659453	94.299446	0.0	0.0
0.048943	0.050119047	94.253508	0.0	0.0
0.049396	0.050582939	94.207934	0.0	0.0
0.049854	0.051051129	94.162723	0.0	0.0
0.050315	0.051523617	94.117867	0.0	0.0
0.050782	0.052000504	94.073365	0.0	0.0
0.051252	0.052481788	94.029212	0.0	0.0
0.051727	0.052967571	93.985405	0.0	0.0
0.052206	0.053457751	93.941938	0.0	0.0
0.052689	0.053952529	93.898811	0.0	0.0
0.053177	0.054451806	93.856017	0.0	0.0
0.053670	0.054955780	93.813553	0.0	0.0
0.054167	0.055464352	93.771416	0.0	0.0
0.054669	0.055977622	93.729602	0.0	0.0
0.055175	0.056495690	93.688108	0.0	0.0
0.055686	0.057018456	93.646929	0.0	0.0
0.056202	0.057546119	93.606062	0.0	0.0
0.056722	0.058078581	93.565505	0.0	0.0
0.057248	0.058616040	93.525252	0.0	0.0
0.057778	0.059158397	93.485302	0.0	0.0
0.058313	0.059705852	93.445649	0.0	0.0
0.058853	0.060258304	93.406291	0.0	0.0
0.059398	0.060815854	93.367225	0.0	0.0
0.059948	0.061378602	93.328447	0.0	0.0
0.060504	0.061946448	93.289954	0.0	0.0
0.061064	0.062519591	93.251741	0.0	0.0
0.061630	0.063098032	93.213808	0.0	0.0
0.062200	0.063681771	93.176149	0.0	0.0
0.062777	0.064271007	93.138762	0.0	0.0
0.063358	0.064865540	93.101643	0.0	0.0
0.063945	0.065465671	93.064789	0.0	0.0
0.064537	0.066071300	93.028197	0.0	0.0
0.065135	0.066682526	92.991864	0.0	0.0
0.065738	0.067299350	92.955787	0.0	0.0
0.066347	0.067921971	92.919962	0.0	0.0
0.066962	0.068550190	92.884387	0.0	0.0
0.067582	0.069184305	92.849058	0.0	0.0
0.068208	0.069824319	92.813973	0.0	0.0
0.068840	0.070470129	92.779128	0.0	0.0
0.069477	0.071121937	92.744521	0.0	0.0
0.070121	0.071779743	92.710148	0.0	0.0
0.070770	0.072443645	92.676007	0.0	0.0
0.071426	0.073113645	92.642094	0.0	0.0
0.072087	0.073789842	92.608407	0.0	0.0
0.072755	0.074472236	92.574942	0.0	0.0
0.073429	0.075160928	92.541698	0.0	0.0
0.074109	0.075856016	92.508670	0.0	0.0
0.074795	0.076557402	92.475857	0.0	0.0
0.075488	0.077265385	92.443255	0.0	0.0
0.076187	0.077979865	92.410861	0.0	0.0
0.076893	0.078700842	92.378674	0.0	0.0
0.077605	0.079428516	92.346690	0.0	0.0
0.078324	0.080162987	92.314905	0.0	0.0
0.079049	0.080904155	92.283319	0.0	0.0
0.079781	0.081652120	92.251927	0.0	0.0
0.080520	0.082406982	92.220727	0.0	0.0
0.081266	0.083168740	92.189717	0.0	0.0
0.082019	0.083937596	92.158894	0.0	0.0
0.082779	0.084713548	92.128255	0.0	0.0
0.083545	0.085496598	92.097797	0.0	0.0
0.084319	0.086286944	92.067519	0.0	0.0
0.085100	0.087084486	92.037417	0.0	0.0
0.085888	0.087889326	92.007488	0.0	0.0
0.086684	0.088701662	91.977731	0.0	0.0
0.087487	0.089521394	91.948143	0.0	0.0
0.088297	0.090348724	91.918721	0.0	0.0
0.089115	0.091183650	91.889463	0.0	0.0
0.089940	0.092026272	91.860365	0.0	0.0
0.090773	0.092876691	91.831426	0.0	0.0
0.091614	0.093734807	91.802644	0.0	0.0
0.092463	0.094600919	91.774015	0.0	0.0
0.093319	0.095474927	91.745537	0.0	0.0
0.094183	0.096357032	91.717208	0.0	0.0
0.095056	0.097247233	91.689026	0.0	0.0
0.095936	0.098145531	91.660988	0.0	0.0
0.096825	0.099052225	91.633091	0.0	0.0
0.097721	0.099967215	91.605334	0.0	0.0
0.098627	0.100890801	91.577713	0.0	0.0
0.099540	0.101822384	91.550227	0.0	0.0
0.100462	0.102762962	91.522874	0.0	0.0
0.101393	0.103711537	91.495650	0.0	0.0
0.102332	0.104669108	91.468551	0.0	0.0
0.103280	0.105635675	91.441580	0.0	0.0
0.104236	0.106611238	91.414731	0.0	0.0
0.105202	0.107595797	91.388004	0.0	0.0
0.106176	0.108589352	91.361395	0.0	0.0
0.107159	0.109591903	91.334901	0.0	0.0
0.108152	0.110603450	91.308519	0.0	0.0
0.109154	0.111623992	91.282252	0.0	0.0
0.110165	0.112654531	91.256092	0.0	0.0
0.111185	0.113695065	91.230039	0.0	0.0
0.112215	0.114743595	91.204092	0.0	0.0
0.113254	0.115803120	91.178249	0.0	0.0
0.114303	0.116871642	91.152504	0.0	0.0
0.115362	0.117950158	91.126858	0.0	0.0
0.116430	0.119038671	91.101308	0.0	0.0
0.117509	0.120136179	91.075851	0.0	0.0
0.118597	0.121244682	91.050486	0.0	0.0
0.119696	0.122363181	91.025210	0.0	0.0
0.120804	0.123491676	91.000023	0.0	0.0
0.121923	0.124631165	90.974921	0.0	0.0
0.123052	0.125780650	90.949901	0.0	0.0
0.124192	0.126941130	90.924962	0.0	0.0
0.125342	0.128111606	90.900102	0.0	0.0
0.126503	0.129293077	90.875318	0.0	0.0
0.127675	0.130484543	90.850609	0.0	0.0
0.128858	0.131688004	90.825974	0.0	0.0
0.130051	0.132901460	90.801408	0.0	0.0
0.131256	0.134126911	90.776909	0.0	0.0
0.132471	0.135363357	90.752478	0.0	0.0
0.133698	0.136610798	90.728110	0.0	0.0
0.134937	0.137869235	90.703805	0.0	0.0
0.136187	0.139139665	90.679560	0.0	0.0
0.137448	0.140422091	90.655372	0.0	0.0
0.138721	0.141715511	90.631239	0.0	0.0
0.140006	0.143020927	90.607162	0.0	0.0
0.141303	0.144338336	90.583135	0.0	0.0
0.142611	0.145667741	90.559157	0.0	0.0
0.143932	0.147010140	90.535228	0.0	0.0
0.145265	0.148363533	90.511345	0.0	0.0
0.146611	0.149729921	90.487504	0.0	0.0
0.147969	0.151108303	90.463706	0.0	0.0
0.149339	0.152498681	90.439947	0.0	0.0
0.150723	0.153903051	90.416226	0.0	0.0
0.152119	0.155319417	90.392538	0.0	0.0
0.153528	0.156748777	90.368886	0.0	0.0
0.154950	0.158191130	90.345264	0.0	0.0
0.156385	0.159646478	90.321671	0.0	0.0
0.157833	0.161115820	90.298108	0.0	0.0
0.159295	0.162597156	90.274568	0.0	0.0
0.160770	0.164092487	90.251052	0.0	0.0
0.162260	0.165601810	90.227557	0.0	0.0
0.163762	0.167125128	90.204081	0.0	0.0
0.165279	0.168661440	90.180623	0.0	0.0
0.166810	0.170211745	90.157179	0.0	0.0
0.168355	0.171776044	90.133750	0.0	0.0
0.169914	0.173355337	90.110332	0.0	0.0
0.171488	0.174948623	90.086923	0.0	0.0
0.173077	0.176555903	90.063521	0.0	0.0
0.174680	0.178178176	90.040126	0.0	0.0
0.176298	0.179814443	90.016733	0.0	0.0
0.177930	0.181465703	89.993342	0.0	0.0
0.179579	0.183132956	89.969949	0.0	0.0
0.181242	0.184814203	89.946554	0.0	0.0
0.182921	0.186510443	89.923155	0.0	0.0
0.184615	0.188222676	89.899749	0.0	0.0
0.186325	0.189950902	89.876335	0.0	0.0
0.188050	0.191693121	89.852910	0.0	0.0
0.189792	0.193452333	89.829472	0.0	0.0
0.191550	0.195226538	89.806019	0.0	0.0
0.193324	0.197017736	89.782551	0.0	0.0
0.195115	0.198824926	89.759064	0.0	0.0
0.196922	0.200647110	89.735556	0.0	0.0
0.198746	0.202487286	89.712024	0.0	0.0
0.200587	0.204343454	89.688469	0.0	0.0
0.202445	0.206215615	89.664887	0.0	0.0
0.204320	0.208105769	89.641277	0.0	0.0
0.206212	0.210011915	89.617635	0.0	0.0
0.208122	0.211936053	89.593961	0.0	0.0
0.210050	0.213877183	89.570253	0.0	0.0
0.211995	0.215835306	89.546508	0.0	0.0
0.213959	0.217811420	89.522724	0.0	0.0
0.215941	0.219804528	89.498899	0.0	0.0
0.217941	0.221816626	89.475032	0.0	0.0
0.219959	0.223845717	89.451119	0.0	0.0
0.221997	0.225893800	89.427160	0.0	0.0
0.224053	0.227959874	89.403152	0.0	0.0
0.226128	0.230044940	89.379093	0.0	0.0
0.228222	0.232147998	89.354981	0.0	0.0
0.230336	0.234270047	89.330813	0.0	0.0
0.232470	0.236411088	89.306589	0.0	0.0
0.234623	0.238571120	89.282305	0.0	0.0
0.236796	0.240750144	89.257961	0.0	0.0
0.238989	0.242949159	89.233552	0.0	0.0
0.241203	0.245168165	89.209079	0.0	0.0
0.243437	0.247406162	89.184538	0.0	0.0
0.245692	0.249665150	89.159928	0.0	0.0
0.247967	0.251943129	89.135245	0.0	0.0
0.250264	0.254242100	89.110489	0.0	0.0
0.252582	0.256561061	89.085656	0.0	0.0
0.254922	0.258901012	89.060745	0.0	0.0
0.257283	0.261260955	89.035755	0.0	0.0
0.259666	0.263642888	89.010682	0.0	0.0
0.262071	0.266045811	88.985525	0.0	0.0
0.264498	0.268469726	88.960281	0.0	0.0
0.266948	0.270914630	88.934949	0.0	0.0
0.269420	0.273382525	88.909524	0.0	0.0
0.271916	0.275871410	88.884008	0.0	0.0
0.274434	0.278382285	88.858396	0.0	0.0
0.276976	0.280916150	88.832686	0.0	0.0
0.279542	0.283472005	88.806877	0.0	0.0
0.282131	0.286050849	88.780965	0.0	0.0
0.284744	0.288651684	88.754950	0.0	0.0
0.287381	0.291276508	88.728828	0.0	0.0
0.290043	0.293924322	88.702598	0.0	0.0
0.292730	0.296595125	88.676256	0.0	0.0
0.295441	0.299289918	88.649802	0.0	0.0
0.298177	0.302007701	88.623233	0.0	0.0
0.300939	0.304750472	88.596545	0.0	0.0
0.303726	0.307517232	88.569738	0.0	0.0
0.306540	0.310307982	88.542809	0.0	0.0
0.309379	0.313123721	88.515754	0.0	0.0
0.312244	0.315964448	88.488574	0.0	0.0
0.315136	0.318829165	88.461265	0.0	0.0
0.318055	0.321719869	88.433823	0.0	0.0
0.321001	0.324636563	88.406247	0.0	0.0
0.323974	0.327578245	88.378536	0.0	0.0
0.326975	0.330546915	88.350685	0.0	0.0
0.330004	0.333540574	88.322694	0.0	0.0
0.333060	0.336560221	88.294560	0.0	0.0
0.336145	0.339607856	88.266280	0.0	0.0
0.339258	0.342681479	88.237851	0.0	0.0
0.342401	0.345782090	88.209272	0.0	0.0
0.345572	0.348910688	88.180539	0.0	0.0
0.348773	0.352066274	88.151652	0.0	0.0
0.352003	0.355249848	88.122605	0.0	0.0
0.355264	0.358461409	88.093398	0.0	0.0
0.358554	0.361700958	88.064028	0.0	0.0
0.361875	0.364968494	88.034493	0.0	0.0
0.365227	0.368266017	88.004790	0.0	0.0
0.368610	0.371591527	87.974915	0.0	0.0
0.372024	0.374947024	87.944867	0.0	0.0
0.375469	0.378332507	87.914644	0.0	0.0
0.378947	0.381746977	87.884242	0.0	0.0
0.382457	0.385191434	87.853658	0.0	0.0
0.385999	0.388666877	87.822891	0.0	0.0
0.389575	0.392172307	87.791938	0.0	0.0
0.393183	0.395708723	87.760796	0.0	0.0
0.396825	0.399277124	87.729462	0.0	0.0
0.400500	0.402876511	87.697933	0.0	0.0
0.404210	0.406507884	87.666208	0.0	0.0
0.407954	0.410171243	87.634282	0.0	0.0
0.411732	0.413866588	87.602154	0.0	0.0
0.415546	0.417594918	87.569820	0.0	0.0
0.419394	0.421356232	87.537278	0.0	0.0
0.423279	0.425151532	87.504525	0.0	0.0
0.427199	0.428979817	87.471558	0.0	0.0
0.431156	0.432842087	87.438374	0.0	0.0
0.435150	0.436739341	87.404971	0.0	0.0
0.439180	0.440670580	87.371345	0.0	0.0
0.443248	0.444636803	87.337494	0.0	0.0
0.447353	0.448639010	87.303415	0.0	0.0
0.451497	0.452676201	87.269103	0.0	0.0
0.455679	0.456750376	87.234559	0.0	0.0
0.459899	0.460860534	87.199776	0.0	0.0
0.464159	0.465007677	87.164753	0.0	0.0
0.468458	0.469191802	87.129488	0.0	0.0
0.472797	0.473413911	87.093975	0.0	0.0
0.477176	0.477674002	87.058213	0.0	0.0
0.481596	0.481972077	87.022199	0.0	0.0
0.486056	0.486310133	86.985929	0.0	0.0
0.490558	0.490686173	86.949399	0.0	0.0
0.495102	0.495103194	86.912608	0.0	0.0
0.499688	0.499559197	86.875552	0.0	0.0
0.504316	0.504057182	86.838227	0.0	0.0
0.508987	0.508595149	86.800630	0.0	0.0
0.513701	0.513175098	86.762758	0.0	0.0
0.518459	0.517797027	86.724608	0.0	0.0
0.523261	0.522461937	86.686177	0.0	0.0
0.528108	0.527168828	86.647460	0.0	0.0
0.532999	0.531920699	86.608455	0.0	0.0
0.537936	0.536715551	86.569158	0.0	0.0
0.542919	0.541555383	86.529566	0.0	0.0
0.547947	0.546440195	86.489675	0.0	0.0
0.553022	0.551370986	86.449482	0.0	0.0
0.558145	0.556347756	86.408983	0.0	0.0
0.563314	0.561371506	86.368175	0.0	0.0
0.568532	0.566443233	86.327054	0.0	0.0
0.573798	0.571562940	86.285617	0.0	0.0
0.579112	0.576730625	86.243858	0.0	0.0
0.584476	0.581948287	86.201777	0.0	0.0
0.589890	0.587215927	86.159368	0.0	0.0
0.595353	0.592533545	86.116628	0.0	0.0
0.600868	0.597903139	86.073552	0.0	0.0
0.606433	0.603323711	86.030139	0.0	0.0
0.612050	0.608798258	85.986382	0.0	0.0
0.617719	0.614324782	85.942278	0.0	0.0
0.623440	0.619906282	85.897824	0.0	0.0
0.629215	0.625542757	85.853017	0.0	0.0
0.635043	0.631234207	85.807850	0.0	0.0
0.640924	0.636982632	85.762321	0.0	0.0
0.646861	0.642788031	85.716426	0.0	0.0
0.652852	0.648651404	85.670161	0.0	0.0
0.658899	0.654572751	85.623521	0.0	0.0
0.665002	0.660555071	85.576502	0.0	0.0
0.671161	0.666596365	85.529101	0.0	0.0
0.677378	0.672699631	85.481312	0.0	0.0
0.683652	0.678865868	85.433132	0.0	0.0
0.689984	0.685094078	85.384557	0.0	0.0
0.696375	0.691386259	85.335581	0.0	0.0
0.702824	0.697743411	85.286201	0.0	0.0
0.709334	0.704166533	85.236412	0.0	0.0
0.715904	0.710656626	85.186210	0.0	0.0
0.722535	0.717213688	85.135591	0.0	0.0
0.729227	0.723839720	85.084548	0.0	0.0
0.735981	0.730535720	85.033080	0.0	0.0
0.742798	0.737301689	84.981179	0.0	0.0
0.749678	0.744139625	84.928842	0.0	0.0
0.756622	0.751050529	84.876065	0.0	0.0
0.763630	0.758034401	84.822842	0.0	0.0
0.770703	0.765093238	84.769169	0.0	0.0
0.777841	0.772227042	84.715040	0.0	0.0
0.785046	0.779437812	84.660451	0.0	0.0
0.792317	0.786726546	84.605396	0.0	0.0
0.799656	0.794094246	84.549872	0.0	0.0
0.807062	0.801540910	84.493873	0.0	0.0
0.814537	0.809069537	84.437392	0.0	0.0
0.822082	0.816679128	84.380427	0.0	0.0
0.829696	0.824371681	84.322971	0.0	0.0
0.837381	0.832149197	84.265019	0.0	0.0
0.845137	0.840010675	84.206567	0.0	0.0
0.852964	0.847958115	84.147608	0.0	0.0
0.860865	0.855993515	84.088136	0.0	0.0
0.868838	0.864115876	84.028147	0.0	0.0
0.876886	0.872328197	83.967635	0.0	0.0
0.885008	0.880630478	83.906595	0.0	0.0
0.893205	0.889022718	83.845021	0.0	0.0
0.901478	0.897507916	83.782907	0.0	0.0
0.909827	0.906086073	83.720247	0.0	0.0
0.918254	0.914757189	83.657036	0.0	0.0
0.926759	0.923523262	83.593268	0.0	0.0
0.935343	0.932384292	83.528936	0.0	0.0
0.944007	0.941342279	83.464036	0.0	0.0
0.952750	0.950396223	83.398561	0.0	0.0
0.961575	0.959549122	83.332504	0.0	0.0
0.970481	0.968799978	83.265859	0.0	0.0
0.979470	0.978149789	83.198621	0.0	0.0
0.988542	0.987598556	83.130784	0.0	0.0
0.997698	0.997148278	83.062339	0.0	0.0
1.006939	1.006798954	82.993279	0.0	0.0
1.016265	1.016554584	82.923606	0.0	0.0
1.025678	1.026400173	82.853302	0.0	0.0
1.035178	1.036355713	82.782367	0.0	0.0
1.044766	1.046411208	82.710793	0.0	0.0
1.054443	1.056576654	82.638571	0.0	0.0
1.064209	1.066832059	82.565701	0.0	0.0
1.074066	1.077197416	82.492167	0.0	0.0
1.084014	1.087662727	82.417967	0.0	0.0
1.094055	1.098227994	82.343088	0.0	0.0
1.104188	1.108903211	82.267534	0.0	0.0
1.114415	1.119678384	82.191291	0.0	0.0
1.124737	1.130543516	82.114350	0.0	0.0
1.135155	1.141518600	82.036703	0.0	0.0
1.145669	1.152603634	81.958348	0.0	0.0
1.156280	1.163778627	81.879278	0.0	0.0
1.166990	1.175053576	81.799476	0.0	0.0
1.177799	1.186428480	81.718942	0.0	0.0
1.188708	1.197903339	81.637666	0.0	0.0
1.199718	1.209468158	81.555641	0.0	0.0
1.210830	1.221132932	81.472858	0.0	0.0
1.222045	1.232897662	81.389308	0.0	0.0
1.233363	1.244762346	81.304991	0.0	0.0
1.244787	1.256706995	81.219882	0.0	0.0
1.256317	1.268751599	81.133981	0.0	0.0
1.267953	1.280886163	81.047286	0.0	0.0
1.279697	1.293120682	80.959781	0.0	0.0
1.291550	1.305435165	80.871457	0.0	0.0
1.303512	1.317839608	80.782313	0.0	0.0
1.315586	1.330334010	80.692325	0.0	0.0
1.327771	1.342918373	80.601499	0.0	0.0
1.340069	1.355582699	80.509820	0.0	0.0
1.352481	1.368336985	80.417277	0.0	0.0
1.365008	1.381171235	80.323861	0.0	0.0
1.377651	1.394095445	80.229565	0.0	0.0
1.390411	1.407099619	80.134378	0.0	0.0
1.403289	1.420183758	80.038292	0.0	0.0
1.416287	1.433357856	79.941289	0.0	0.0
1.429405	1.446611918	79.843369	0.0	0.0
1.442644	1.459945944	79.744522	0.0	0.0
1.456006	1.473369930	79.644730	0.0	0.0
1.469492	1.486873881	79.543985	0.0	0.0
1.483103	1.500467790	79.442277	0.0	0.0
1.496839	1.514151660	79.339604	0.0	0.0
1.510703	1.527925489	79.235942	0.0	0.0
1.524696	1.541789278	79.131280	0.0	0.0
1.538818	1.555753023	79.025618	0.0	0.0
1.553071	1.569806727	78.918936	0.0	0.0
1.567455	1.583970381	78.811234	0.0	0.0
1.581973	1.598233991	78.702486	0.0	0.0
1.596626	1.612617547	78.592683	0.0	0.0
1.611414	1.627111054	78.481821	0.0	0.0
1.626340	1.641724507	78.369876	0.0	0.0
1.641403	1.656467902	78.256852	0.0	0.0
1.656606	1.671351235	78.142724	0.0	0.0
1.671950	1.686374504	78.027482	0.0	0.0
1.687436	1.701557702	77.911116	0.0	0.0
1.703065	1.716890833	77.793615	0.0	0.0
1.718839	1.732403883	77.674960	0.0	0.0
1.734759	1.748096853	77.555142	0.0	0.0
1.750827	1.763979737	77.434141	0.0	0.0
1.767044	1.780062532	77.311948	0.0	0.0
1.783410	1.796365228	77.188558	0.0	0.0
1.799929	1.812897822	77.063938	0.0	0.0
1.816600	1.829660312	76.938092	0.0	0.0
1.833425	1.846692682	76.811001	0.0	0.0
1.850407	1.863984935	76.682639	0.0	0.0
1.867546	1.881557062	76.553001	0.0	0.0
1.884843	1.899429056	76.422077	0.0	0.0
1.902301	1.917600915	76.289838	0.0	0.0
1.919921	1.936102626	76.156274	0.0	0.0
1.937703	1.954944185	76.021381	0.0	0.0
1.955651	1.974135587	75.885122	0.0	0.0
1.973764	1.993696824	75.747502	0.0	0.0
1.992046	2.013627895	75.608485	0.0	0.0
2.010496	2.033948791	75.468074	0.0	0.0
2.029118	2.054669508	75.326233	0.0	0.0
2.047912	2.075800042	75.182958	0.0	0.0
2.066880	2.097350387	75.038228	0.0	0.0
2.086024	2.119320544	74.892022	0.0	0.0
2.105345	2.141720509	74.744327	0.0	0.0
2.124845	2.164560277	74.595122	0.0	0.0
2.144526	2.187829852	74.444386	0.0	0.0
2.164389	2.211529235	74.292105	0.0	0.0
2.184436	2.235658425	74.138258	0.0	0.0
2.204669	2.260217423	73.982824	0.0	0.0
2.225089	2.285186237	73.825787	0.0	0.0
2.245698	2.310564867	73.667126	0.0	0.0
2.266498	2.336333323	73.506819	0.0	0.0
2.287491	2.362471613	73.344843	0.0	0.0
2.308678	2.388959746	73.181184	0.0	0.0
2.330061	2.415777732	73.015818	0.0	0.0
2.351643	2.442895583	72.848715	0.0	0.0
2.373424	2.470293309	72.679866	0.0	0.0
2.395407	2.497920931	72.509242	0.0	0.0
2.417594	2.525768456	72.336817	0.0	0.0
2.439986	2.553785904	72.162576	0.0	0.0
2.462586	2.581923298	71.986486	0.0	0.0
2.485395	2.610170644	71.808532	0.0	0.0
2.508415	2.638457971	71.628688	0.0	0.0
2.531648	2.666755294	71.446930	0.0	0.0
2.555097	2.695012634	71.263223	0.0	0.0
2.578763	2.723210002	71.077552	0.0	0.0
2.602648	2.751287423	70.889889	0.0	0.0
2.626754	2.779204916	70.700209	0.0	0.0
2.651084	2.806942490	70.508477	0.0	0.0
2.675638	2.834460162	70.314684	0.0	0.0
2.700421	2.861727946	70.118777	0.0	0.0
2.725433	2.888725851	69.920746	0.0	0.0
2.750676	2.915443881	69.720563	0.0	0.0
2.776153	2.941862046	69.518192	0.0	0.0
2.801867	2.967980345	69.313597	0.0	0.0
2.827818	2.993798778	69.106766	0.0	0.0
2.854010	3.019347332	68.897653	0.0	0.0
2.880444	3.044636003	68.686237	0.0	0.0
2.907123	3.069694777	68.472481	0.0	0.0
2.934050	3.094573631	68.256346	0.0	0.0
2.961225	3.119322544	68.037819	0.0	0.0
2.988653	3.144001487	67.816844	0.0	0.0
3.016334	3.168680431	67.593407	0.0	0.0
3.044272	3.193439339	67.367459	0.0	0.0
3.072469	3.218348180	67.138970	0.0	0.0
3.100927	3.243526900	66.907905	0.0	0.0
3.129648	3.269045468	66.674234	0.0	0.0
3.158635	3.295023829	66.437913	0.0	0.0
3.187891	3.321541949	66.198903	0.0	0.0
3.217418	3.348729769	65.957168	0.0	0.0
3.247218	3.376657258	65.712674	0.0	0.0
3.277295	3.405434365	65.465369	0.0	0.0
3.307650	3.435151052	65.215227	0.0	0.0
3.338286	3.465877287	64.962204	0.0	0.0
3.369206	3.497683038	64.706254	0.0	0.0
3.400412	3.530618283	64.447341	0.0	0.0
3.431907	3.564713009	64.185419	0.0	0.0
3.463694	3.599987206	63.920443	0.0	0.0
3.495776	3.636450870	63.652364	0.0	0.0
3.528154	3.674054024	63.381154	0.0	0.0
3.560833	3.712766681	63.106747	0.0	0.0
3.593814	3.752518872	62.829112	0.0	0.0
3.627100	3.793220637	62.548201	0.0	0.0
3.660695	3.834772022	62.263954	0.0	0.0
3.694601	3.877023094	61.976332	0.0	0.0
3.728821	3.919843910	61.685283	0.0	0.0
3.763358	3.963074543	61.390756	0.0	0.0
3.798215	4.006565059	61.092700	0.0	0.0
3.833395	4.050115548	60.791063	0.0	0.0
3.868901	4.093586073	60.485792	0.0	0.0
3.904735	4.136806711	60.176842	0.0	0.0
3.940902	4.179627527	59.864143	0.0	0.0
3.977403	4.221928576	59.547656	0.0	0.0
4.014242	4.263609903	59.227319	0.0	0.0
4.051423	4.304601538	58.903068	0.0	0.0
4.088948	4.344873497	58.574854	0.0	0.0
4.126821	4.384435773	58.242613	0.0	0.0
4.165044	4.423348340	57.906296	0.0	0.0
4.203622	4.461721149	57.565828	0.0	0.0
4.242556	4.499714128	57.221169	0.0	0.0
4.281852	4.537527188	56.872233	0.0	0.0
4.321511	4.575410216	56.518979	0.0	0.0
4.361538	4.613663079	56.161330	0.0	0.0
4.401935	4.652585642	55.799234	0.0	0.0
4.442707	4.692527748	55.432612	0.0	0.0
4.483856	4.733849236	55.061414	0.0	0.0
4.525386	4.776889953	54.685569	0.0	0.0
4.567301	4.821959762	54.305005	0.0	0.0
4.609604	4.869358527	53.919662	0.0	0.0
4.652300	4.919316146	53.529458	0.0	0.0
4.695390	4.971992547	53.134349	0.0	0.0
4.738880	5.027447703	52.734246	0.0	0.0
4.782772	5.085661624	52.329094	0.0	0.0
4.827071	5.146494371	51.918812	0.0	0.0
4.871780	5.209676065	51.503337	0.0	0.0
4.916904	5.274836873	51.082587	0.0	0.0
4.962445	5.341497009	50.656509	0.0	0.0
5.008408	5.409056743	50.225021	0.0	0.0
5.054797	5.476836377	49.788050	0.0	0.0
5.101615	5.544126231	49.345536	0.0	0.0
5.148867	5.610146654	48.897395	0.0	0.0
5.196557	5.674147982	48.443558	0.0	0.0
5.244689	5.735420532	47.983954	0.0	0.0
5.293266	5.793344582	47.518521	0.0	0.0
5.342293	5.847430351	47.047182	0.0	0.0
5.391775	5.897347988	46.569857	0.0	0.0
5.441714	5.942957555	46.086499	0.0	0.0
5.492116	5.984329021	45.597021	0.0	0.0
5.542986	6.021792237	45.101349	0.0	0.0
5.594326	6.055876967	44.599437	0.0	0.0
5.646141	6.087322879	44.091213	0.0	0.0
5.698437	6.117069553	43.576597	0.0	0.0
5.751217	6.146166517	43.055538	0.0	0.0
5.804486	6.175753263	42.527969	0.0	0.0
5.858248	6.206979273	41.993836	0.0	0.0
5.912508	6.240904075	41.453075	0.0	0.0
5.967271	6.278447256	40.905626	0.0	0.0
6.022541	6.320298506	40.351440	0.0	0.0
6.078323	6.366847652	39.790463	0.0	0.0
6.134622	6.418174658	39.222643	0.0	0.0
6.191442	6.473969662	38.647942	0.0	0.0
6.248788	6.533562964	38.066314	0.0	0.0
6.306666	6.595925026	37.477707	0.0	0.0
6.365079	6.659776420	36.882106	0.0	0.0
6.424034	6.723617819	36.279456	0.0	0.0
6.483534	6.785889921	35.669750	0.0	0.0
6.543586	6.845073407	35.052943	0.0	0.0
6.604194	6.899848868	34.429027	0.0	0.0
6.665363	6.949246737	33.797990	0.0	0.0
6.727099	6.992787231	33.159812	0.0	0.0
6.789407	7.030540318	32.514493	0.0	0.0
6.852292	7.063245666	31.862036	0.0	0.0
6.915759	7.092282657	31.202453	0.0	0.0
6.979814	7.119630406	30.535752	0.0	0.0
7.044462	7.147717822	29.861956	0.0	0.0
7.109709	7.179243699	29.181089	0.0	0.0
7.175561	7.216886835	28.493178	0.0	0.0
7.242022	7.262966191	27.798283	0.0	0.0
7.309099	7.319091047	27.096437	0.0	0.0
7.376798	7.385781170	26.387695	0.0	0.0
7.445123	7.462126967	25.672140	0.0	0.0
7.514081	7.545509612	24.949833	0.0	0.0
7.583678	7.631401132	24.220853	0.0	0.0
7.653919	7.713394399	23.485301	0.0	0.0
7.724811	7.783303080	22.743264	0.0	0.0
7.796360	7.831501487	21.994853	0.0	0.0
7.868572	7.847454340	21.240184	0.0	0.0
7.941452	7.820386467	20.479396	0.0	0.0
8.015007	7.740092439	19.712617	0.0	0.0
8.089243	7.597766201	18.939996	0.0	0.0
8.164168	7.386890673	18.161668	0.0	0.0
8.239786	7.103937436	17.377823	0.0	0.0
8.316104	6.748936476	16.588629	0.0	0.0
8.393129	6.325766057	15.794263	0.0	0.0
8.470868	5.842192698	14.994913	0.0	0.0
8.549327	5.309501343	14.190786	0.0	0.0
8.628513	4.741895631	13.382088	0.0	0.0
8.708431	4.155618283	12.569055	0.0	0.0
8.789091	3.567861598	11.751883	0.0	0.0
8.870497	2.995597972	10.930835	0.0	0.0
8.952657	2.454480393	10.106142	0.0	0.0
9.035578	1.957802904	9.278055	0.0	0.0
9.119268	1.515740948	8.446822	0.0	0.0
9.203732	1.134841591	7.612726	0.0	0.0
9.288979	0.817852602	6.776019	0.0	0.0
9.375015	0.563899373	5.936989	0.0	0.0
9.461848	0.368912727	5.095910	0.0	0.0
9.549486	0.226328605	4.253059	0.0	0.0
9.637935	0.127915694	3.408739	0.0	0.0
9.727203	0.064664430	2.563237	0.0	0.0
9.817298	0.027631521	1.716843	0.0	0.0
9.908228	0.008659381	0.869851	0.0	0.0
10.000000	0.000900234	0.022564	0.0	0.0

