# UNCLASSIFIED								
#									
# Response info for I30H1-H6 infrasound channels.			
#	
# Effective: 28	Feb 2005
# Created: 25 Jan 2006
# File name: I30JP_BDF_rsp.txt						
#						
# Source: James	Neely 				
# System equipment: MB2000 microbarometer sensor and Nanometrics Europa-Trident
# digitizer.
#	
# The response file was	derived	from equations of state.
# Pressure response normalized to 1.0 at 1.0 Hz.	
#
# The Ncalib values are as follows:
#
# I30H1 BDF is 0.000100 Pa/count at 1.00 Hz.
# I30H2 BDF is 0.000100 Pa/count at 1.00 Hz.
# I30H3 BDF is 0.000100 Pa/count at 1.00 Hz.
# I30H4 BDF is 0.000100 Pa/count at 1.00 Hz.
# I30H5 BDF is 0.000100 Pa/count at 1.00 Hz.
# I30H6 BDF is 0.000100 Pa/count at 1.00 Hz.
# 
# Freq(Hz)     Amp(counts/Pa)   Phase(deg)   Error(amp)  Error(phase)				
#
   theoretical   0   instrument   fap
2048
0.010000	0.707646369	44.948123	0.0	0.0
0.014880	0.830544242	33.833213	0.0	0.0
0.019761	0.892801736	26.756495	0.0	0.0
0.024641	0.927140933	21.986571	0.0	0.0
0.029521	0.947667753	18.594158	0.0	0.0
0.034402	0.960779794	16.072052	0.0	0.0
0.039282	0.969614385	14.128772	0.0	0.0
0.044162	0.975828643	12.587581	0.0	0.0
0.049043	0.980355974	11.336032	0.0	0.0
0.053923	0.983751529	10.299552	0.0	0.0
0.058803	0.986361010	9.426900	0.0	0.0
0.063683	0.988408263	8.681786	0.0	0.0
0.068564	0.990043153	8.037828	0.0	0.0
0.073444	0.991368950	7.475405	0.0	0.0
0.078324	0.992458629	6.979638	0.0	0.0
0.083205	0.993364900	6.539042	0.0	0.0
0.088085	0.994126589	6.144618	0.0	0.0
0.092965	0.994772792	5.789215	0.0	0.0
0.097846	0.995325654	5.467080	0.0	0.0
0.102726	0.995802265	5.173537	0.0	0.0
0.107606	0.996215986	4.904743	0.0	0.0
0.112487	0.996577376	4.657513	0.0	0.0
0.117367	0.996894871	4.429184	0.0	0.0
0.122247	0.997175277	4.217514	0.0	0.0
0.127128	0.997424129	4.020602	0.0	0.0
0.132008	0.997645971	3.836823	0.0	0.0
0.136888	0.997844553	3.664783	0.0	0.0
0.141768	0.998023002	3.503279	0.0	0.0
0.146649	0.998183932	3.351266	0.0	0.0
0.151529	0.998329549	3.207831	0.0	0.0
0.156409	0.998461722	3.072177	0.0	0.0
0.161290	0.998582041	2.943602	0.0	0.0
0.166170	0.998691871	2.821484	0.0	0.0
0.171050	0.998792383	2.705273	0.0	0.0
0.175931	0.998884590	2.594480	0.0	0.0
0.180811	0.998969371	2.488669	0.0	0.0
0.185691	0.999047491	2.387448	0.0	0.0
0.190572	0.999119619	2.290465	0.0	0.0
0.195452	0.999186342	2.197405	0.0	0.0
0.200332	0.999248176	2.107982	0.0	0.0
0.205213	0.999305578	2.021937	0.0	0.0
0.210093	0.999358950	1.939035	0.0	0.0
0.214973	0.999408652	1.859063	0.0	0.0
0.219853	0.999455004	1.781827	0.0	0.0
0.224734	0.999498290	1.707148	0.0	0.0
0.229614	0.999538766	1.634864	0.0	0.0
0.234494	0.999576662	1.564826	0.0	0.0
0.239375	0.999612182	1.496897	0.0	0.0
0.244255	0.999645513	1.430951	0.0	0.0
0.249135	0.999676824	1.366871	0.0	0.0
0.254016	0.999706264	1.304550	0.0	0.0
0.258896	0.999733974	1.243889	0.0	0.0
0.263776	0.999760076	1.184796	0.0	0.0
0.268657	0.999784686	1.127185	0.0	0.0
0.273537	0.999807907	1.070978	0.0	0.0
0.278417	0.999829834	1.016101	0.0	0.0
0.283298	0.999850554	0.962485	0.0	0.0
0.288178	0.999870146	0.910066	0.0	0.0
0.293058	0.999888684	0.858784	0.0	0.0
0.297938	0.999906234	0.808584	0.0	0.0
0.302819	0.999922857	0.759413	0.0	0.0
0.307699	0.999938612	0.711223	0.0	0.0
0.312579	0.999953549	0.663968	0.0	0.0
0.317460	0.999967719	0.617604	0.0	0.0
0.322340	0.999981164	0.572091	0.0	0.0
0.327220	0.999993928	0.527391	0.0	0.0
0.332101	1.000006048	0.483469	0.0	0.0
0.336981	1.000017560	0.440290	0.0	0.0
0.341861	1.000028497	0.397823	0.0	0.0
0.346742	1.000038891	0.356038	0.0	0.0
0.351622	1.000048770	0.314906	0.0	0.0
0.356502	1.000058160	0.274401	0.0	0.0
0.361383	1.000067087	0.234497	0.0	0.0
0.366263	1.000075574	0.195171	0.0	0.0
0.371143	1.000083643	0.156398	0.0	0.0
0.376023	1.000091314	0.118159	0.0	0.0
0.380904	1.000098607	0.080432	0.0	0.0
0.385784	1.000105539	0.043198	0.0	0.0
0.390664	1.000112128	0.006439	0.0	0.0
0.395545	1.000118388	-0.029864	0.0	0.0
0.400425	1.000124335	-0.065726	0.0	0.0
0.405305	1.000129982	-0.101163	0.0	0.0
0.410186	1.000135344	-0.136192	0.0	0.0
0.415066	1.000140431	-0.170825	0.0	0.0
0.419946	1.000145257	-0.205077	0.0	0.0
0.424827	1.000149831	-0.238962	0.0	0.0
0.429707	1.000154164	-0.272491	0.0	0.0
0.434587	1.000158267	-0.305676	0.0	0.0
0.439468	1.000162147	-0.338530	0.0	0.0
0.444348	1.000165814	-0.371062	0.0	0.0
0.449228	1.000169276	-0.403284	0.0	0.0
0.454108	1.000172542	-0.435204	0.0	0.0
0.458989	1.000175617	-0.466834	0.0	0.0
0.463869	1.000178510	-0.498182	0.0	0.0
0.468749	1.000181228	-0.529257	0.0	0.0
0.473630	1.000183775	-0.560068	0.0	0.0
0.478510	1.000186159	-0.590621	0.0	0.0
0.483390	1.000188384	-0.620926	0.0	0.0
0.488271	1.000190458	-0.650990	0.0	0.0
0.493151	1.000192383	-0.680820	0.0	0.0
0.498031	1.000194167	-0.710422	0.0	0.0
0.502912	1.000195812	-0.739803	0.0	0.0
0.507792	1.000197324	-0.768970	0.0	0.0
0.512672	1.000198697	-0.797929	0.0	0.0
0.517553	1.000199955	-0.826686	0.0	0.0
0.522433	1.000201091	-0.855246	0.0	0.0
0.527313	1.000202110	-0.883615	0.0	0.0
0.532193	1.000203014	-0.911798	0.0	0.0
0.537074	1.000203808	-0.939800	0.0	0.0
0.541954	1.000204494	-0.967626	0.0	0.0
0.546834	1.000205075	-0.995280	0.0	0.0
0.551715	1.000205555	-1.022768	0.0	0.0
0.556595	1.000205936	-1.050094	0.0	0.0
0.561475	1.000206220	-1.077261	0.0	0.0
0.566356	1.000206411	-1.104275	0.0	0.0
0.571236	1.000206511	-1.131138	0.0	0.0
0.576116	1.000206521	-1.157855	0.0	0.0
0.580997	1.000206446	-1.184430	0.0	0.0
0.585877	1.000206285	-1.210865	0.0	0.0
0.590757	1.000206042	-1.237165	0.0	0.0
0.595638	1.000205719	-1.263333	0.0	0.0
0.600518	1.000205317	-1.289371	0.0	0.0
0.605398	1.000204838	-1.315284	0.0	0.0
0.610278	1.000204285	-1.341074	0.0	0.0
0.615159	1.000203658	-1.366744	0.0	0.0
0.620039	1.000202959	-1.392297	0.0	0.0
0.624919	1.000202190	-1.417735	0.0	0.0
0.629800	1.000201363	-1.443061	0.0	0.0
0.634680	1.000200458	-1.468279	0.0	0.0
0.639560	1.000199487	-1.493390	0.0	0.0
0.644441	1.000198452	-1.518396	0.0	0.0
0.649321	1.000197354	-1.543301	0.0	0.0
0.654201	1.000196193	-1.568106	0.0	0.0
0.659082	1.000194972	-1.592813	0.0	0.0
0.663962	1.000193691	-1.617426	0.0	0.0
0.668842	1.000192352	-1.641945	0.0	0.0
0.673723	1.000190954	-1.666373	0.0	0.0
0.678603	1.000189501	-1.690712	0.0	0.0
0.683483	1.000187992	-1.714963	0.0	0.0
0.688363	1.000186428	-1.739129	0.0	0.0
0.693244	1.000184811	-1.763212	0.0	0.0
0.698124	1.000183140	-1.787213	0.0	0.0
0.703004	1.000181418	-1.811133	0.0	0.0
0.707885	1.000179645	-1.834975	0.0	0.0
0.712765	1.000177822	-1.858740	0.0	0.0
0.717645	1.000175949	-1.882430	0.0	0.0
0.722526	1.000174027	-1.906046	0.0	0.0
0.727406	1.000172057	-1.929590	0.0	0.0
0.732286	1.000170040	-1.953063	0.0	0.0
0.737167	1.000167966	-1.976466	0.0	0.0
0.742047	1.000165856	-1.999802	0.0	0.0
0.746927	1.000163701	-2.023070	0.0	0.0
0.751808	1.000161501	-2.046273	0.0	0.0
0.756688	1.000159257	-2.069412	0.0	0.0
0.761568	1.000156969	-2.092488	0.0	0.0
0.766448	1.000154638	-2.115502	0.0	0.0
0.771329	1.000152264	-2.138456	0.0	0.0
0.776209	1.000149848	-2.161350	0.0	0.0
0.781089	1.000147381	-2.184186	0.0	0.0
0.785970	1.000144883	-2.206965	0.0	0.0
0.790850	1.000142344	-2.229687	0.0	0.0
0.795730	1.000139765	-2.252355	0.0	0.0
0.800611	1.000137147	-2.274968	0.0	0.0
0.805491	1.000134489	-2.297528	0.0	0.0
0.810371	1.000131783	-2.320036	0.0	0.0
0.815252	1.000129048	-2.342492	0.0	0.0
0.820132	1.000126275	-2.364898	0.0	0.0
0.825012	1.000123464	-2.387255	0.0	0.0
0.829893	1.000120616	-2.409563	0.0	0.0
0.834773	1.000117731	-2.431824	0.0	0.0
0.839653	1.000114800	-2.454037	0.0	0.0
0.844533	1.000111842	-2.476205	0.0	0.0
0.849414	1.000108848	-2.498327	0.0	0.0
0.854294	1.000105819	-2.520405	0.0	0.0
0.859174	1.000102755	-2.542439	0.0	0.0
0.864055	1.000099656	-2.564430	0.0	0.0
0.868935	1.000096512	-2.586378	0.0	0.0
0.873815	1.000093343	-2.608285	0.0	0.0
0.878696	1.000090141	-2.630151	0.0	0.0
0.883576	1.000086905	-2.651977	0.0	0.0
0.888456	1.000083635	-2.673764	0.0	0.0
0.893337	1.000080332	-2.695511	0.0	0.0
0.898217	1.000076995	-2.717220	0.0	0.0
0.903097	1.000073626	-2.738892	0.0	0.0
0.907978	1.000070225	-2.760527	0.0	0.0
0.912858	1.000066791	-2.782125	0.0	0.0
0.917738	1.000063325	-2.803687	0.0	0.0
0.922618	1.000059816	-2.825214	0.0	0.0
0.927499	1.000056287	-2.846706	0.0	0.0
0.932379	1.000052725	-2.868164	0.0	0.0
0.937259	1.000049133	-2.889588	0.0	0.0
0.942140	1.000045509	-2.910979	0.0	0.0
0.947020	1.000041855	-2.932338	0.0	0.0
0.951900	1.000038169	-2.953664	0.0	0.0
0.956781	1.000034453	-2.974959	0.0	0.0
0.961661	1.000030707	-2.996223	0.0	0.0
0.966541	1.000026931	-3.017456	0.0	0.0
0.971422	1.000023124	-3.038658	0.0	0.0
0.976302	1.000019288	-3.059831	0.0	0.0
0.981182	1.000015422	-3.080975	0.0	0.0
0.986063	1.000011526	-3.102090	0.0	0.0
0.990943	1.000007601	-3.123176	0.0	0.0
0.995823	1.000003647	-3.144234	0.0	0.0
1.000704	0.999999664	-3.165265	0.0	0.0
1.005584	0.999995651	-3.186268	0.0	0.0
1.010464	0.999991610	-3.207245	0.0	0.0
1.015344	0.999987540	-3.228195	0.0	0.0
1.020225	0.999983442	-3.249119	0.0	0.0
1.025105	0.999979315	-3.270017	0.0	0.0
1.029985	0.999975160	-3.290890	0.0	0.0
1.034866	0.999970977	-3.311738	0.0	0.0
1.039746	0.999966765	-3.332562	0.0	0.0
1.044626	0.999962526	-3.353361	0.0	0.0
1.049507	0.999958259	-3.374136	0.0	0.0
1.054387	0.999953964	-3.394887	0.0	0.0
1.059267	0.999949641	-3.415615	0.0	0.0
1.064148	0.999945291	-3.436321	0.0	0.0
1.069028	0.999940914	-3.457003	0.0	0.0
1.073908	0.999936509	-3.477664	0.0	0.0
1.078789	0.999932077	-3.498302	0.0	0.0
1.083669	0.999927618	-3.518919	0.0	0.0
1.088549	0.999923131	-3.539514	0.0	0.0
1.093429	0.999918608	-3.560087	0.0	0.0
1.098310	0.999914069	-3.580640	0.0	0.0
1.103190	0.999909502	-3.601173	0.0	0.0
1.108070	0.999904909	-3.621685	0.0	0.0
1.112951	0.999900289	-3.642177	0.0	0.0
1.117831	0.999895642	-3.662649	0.0	0.0
1.122711	0.999890969	-3.683102	0.0	0.0
1.127592	0.999886260	-3.703535	0.0	0.0
1.132472	0.999881535	-3.723950	0.0	0.0
1.137352	0.999876783	-3.744345	0.0	0.0
1.142233	0.999872006	-3.764722	0.0	0.0
1.147113	0.999867202	-3.785081	0.0	0.0
1.151993	0.999862362	-3.805422	0.0	0.0
1.156874	0.999857507	-3.825744	0.0	0.0
1.161754	0.999852625	-3.846049	0.0	0.0
1.166634	0.999847718	-3.866337	0.0	0.0
1.171514	0.999842785	-3.886607	0.0	0.0
1.176395	0.999837817	-3.906861	0.0	0.0
1.181275	0.999832833	-3.927098	0.0	0.0
1.186155	0.999827823	-3.947318	0.0	0.0
1.191036	0.999822788	-3.967522	0.0	0.0
1.195916	0.999817728	-3.987709	0.0	0.0
1.200796	0.999812632	-4.007881	0.0	0.0
1.205677	0.999807522	-4.028037	0.0	0.0
1.210557	0.999802385	-4.048177	0.0	0.0
1.215437	0.999797224	-4.068302	0.0	0.0
1.220318	0.999792038	-4.088412	0.0	0.0
1.225198	0.999786826	-4.108507	0.0	0.0
1.230078	0.999781580	-4.128586	0.0	0.0
1.234959	0.999776318	-4.148652	0.0	0.0
1.239839	0.999771032	-4.168702	0.0	0.0
1.244719	0.999765721	-4.188738	0.0	0.0
1.249599	0.999760385	-4.208761	0.0	0.0
1.254480	0.999755024	-4.228769	0.0	0.0
1.259360	0.999749629	-4.248763	0.0	0.0
1.264240	0.999744219	-4.268744	0.0	0.0
1.269121	0.999738784	-4.288711	0.0	0.0
1.274001	0.999733325	-4.308665	0.0	0.0
1.278881	0.999727841	-4.328605	0.0	0.0
1.283762	0.999722333	-4.348533	0.0	0.0
1.288642	0.999716800	-4.368447	0.0	0.0
1.293522	0.999711243	-4.388349	0.0	0.0
1.298403	0.999705661	-4.408238	0.0	0.0
1.303283	0.999700055	-4.428115	0.0	0.0
1.308163	0.999694415	-4.447980	0.0	0.0
1.313044	0.999688761	-4.467832	0.0	0.0
1.317924	0.999683082	-4.487672	0.0	0.0
1.322804	0.999677379	-4.507500	0.0	0.0
1.327684	0.999671652	-4.527316	0.0	0.0
1.332565	0.999665901	-4.547121	0.0	0.0
1.337445	0.999660126	-4.566914	0.0	0.0
1.342325	0.999654326	-4.586696	0.0	0.0
1.347206	0.999648503	-4.606466	0.0	0.0
1.352086	0.999642656	-4.626226	0.0	0.0
1.356966	0.999636784	-4.645974	0.0	0.0
1.361847	0.999630889	-4.665711	0.0	0.0
1.366727	0.999624970	-4.685437	0.0	0.0
1.371607	0.999619027	-4.705153	0.0	0.0
1.376488	0.999613061	-4.724858	0.0	0.0
1.381368	0.999607070	-4.744553	0.0	0.0
1.386248	0.999601056	-4.764237	0.0	0.0
1.391129	0.999595017	-4.783911	0.0	0.0
1.396009	0.999588956	-4.803575	0.0	0.0
1.400889	0.999582860	-4.823229	0.0	0.0
1.405769	0.999576751	-4.842873	0.0	0.0
1.410650	0.999570618	-4.862507	0.0	0.0
1.415530	0.999564462	-4.882131	0.0	0.0
1.420410	0.999558282	-4.901746	0.0	0.0
1.425291	0.999552078	-4.921351	0.0	0.0
1.430171	0.999545851	-4.940947	0.0	0.0
1.435051	0.999539600	-4.960533	0.0	0.0
1.439932	0.999533326	-4.980110	0.0	0.0
1.444812	0.999527018	-4.999678	0.0	0.0
1.449692	0.999520697	-5.019237	0.0	0.0
1.454573	0.999514353	-5.038787	0.0	0.0
1.459453	0.999507985	-5.058328	0.0	0.0
1.464333	0.999501594	-5.077860	0.0	0.0
1.469214	0.999495179	-5.097384	0.0	0.0
1.474094	0.999488731	-5.116898	0.0	0.0
1.478974	0.999482270	-5.136405	0.0	0.0
1.483854	0.999475785	-5.155902	0.0	0.0
1.488735	0.999469277	-5.175392	0.0	0.0
1.493615	0.999462736	-5.194873	0.0	0.0
1.498495	0.999456181	-5.214346	0.0	0.0
1.503376	0.999449604	-5.233811	0.0	0.0
1.508256	0.999443003	-5.253268	0.0	0.0
1.513136	0.999436369	-5.272717	0.0	0.0
1.518017	0.999429722	-5.292158	0.0	0.0
1.522897	0.999423052	-5.311591	0.0	0.0
1.527777	0.999416358	-5.331016	0.0	0.0
1.532658	0.999409632	-5.350434	0.0	0.0
1.537538	0.999402892	-5.369844	0.0	0.0
1.542418	0.999396129	-5.389247	0.0	0.0
1.547299	0.999389343	-5.408642	0.0	0.0
1.552179	0.999382524	-5.428030	0.0	0.0
1.557059	0.999375693	-5.447410	0.0	0.0
1.561939	0.999368838	-5.466783	0.0	0.0
1.566820	0.999361950	-5.486149	0.0	0.0
1.571700	0.999355049	-5.505508	0.0	0.0
1.576580	0.999348125	-5.524860	0.0	0.0
1.581461	0.999341178	-5.544205	0.0	0.0
1.586341	0.999334199	-5.563543	0.0	0.0
1.591221	0.999327206	-5.582874	0.0	0.0
1.596102	0.999320190	-5.602198	0.0	0.0
1.600982	0.999313152	-5.621515	0.0	0.0
1.605862	0.999306091	-5.640826	0.0	0.0
1.610743	0.999298996	-5.660131	0.0	0.0
1.615623	0.999291889	-5.679428	0.0	0.0
1.620503	0.999284759	-5.698720	0.0	0.0
1.625384	0.999277607	-5.718004	0.0	0.0
1.630264	0.999270421	-5.737283	0.0	0.0
1.635144	0.999263223	-5.756555	0.0	0.0
1.640024	0.999256002	-5.775820	0.0	0.0
1.644905	0.999248758	-5.795080	0.0	0.0
1.649785	0.999241491	-5.814334	0.0	0.0
1.654665	0.999234202	-5.833581	0.0	0.0
1.659546	0.999226879	-5.852822	0.0	0.0
1.664426	0.999219545	-5.872058	0.0	0.0
1.669306	0.999212187	-5.891287	0.0	0.0
1.674187	0.999204807	-5.910510	0.0	0.0
1.679067	0.999197404	-5.929728	0.0	0.0
1.683947	0.999189978	-5.948940	0.0	0.0
1.688828	0.999182529	-5.968146	0.0	0.0
1.693708	0.999175058	-5.987346	0.0	0.0
1.698588	0.999167555	-6.006541	0.0	0.0
1.703469	0.999160038	-6.025730	0.0	0.0
1.708349	0.999152499	-6.044914	0.0	0.0
1.713229	0.999144938	-6.064092	0.0	0.0
1.718109	0.999137354	-6.083265	0.0	0.0
1.722990	0.999129747	-6.102432	0.0	0.0
1.727870	0.999122117	-6.121594	0.0	0.0
1.732750	0.999114466	-6.140751	0.0	0.0
1.737631	0.999106791	-6.159902	0.0	0.0
1.742511	0.999099084	-6.179048	0.0	0.0
1.747391	0.999091364	-6.198189	0.0	0.0
1.752272	0.999083622	-6.217325	0.0	0.0
1.757152	0.999075857	-6.236455	0.0	0.0
1.762032	0.999068070	-6.255581	0.0	0.0
1.766913	0.999060260	-6.274702	0.0	0.0
1.771793	0.999052428	-6.293818	0.0	0.0
1.776673	0.999044563	-6.312928	0.0	0.0
1.781554	0.999036686	-6.332034	0.0	0.0
1.786434	0.999028786	-6.351135	0.0	0.0
1.791314	0.999020864	-6.370231	0.0	0.0
1.796194	0.999012919	-6.389322	0.0	0.0
1.801075	0.999004942	-6.408409	0.0	0.0
1.805955	0.998996952	-6.427491	0.0	0.0
1.810835	0.998988940	-6.446569	0.0	0.0
1.815716	0.998980906	-6.465641	0.0	0.0
1.820596	0.998972849	-6.484709	0.0	0.0
1.825476	0.998964760	-6.503773	0.0	0.0
1.830357	0.998956658	-6.522832	0.0	0.0
1.835237	0.998948534	-6.541886	0.0	0.0
1.840117	0.998940387	-6.560936	0.0	0.0
1.844998	0.998932208	-6.579982	0.0	0.0
1.849878	0.998924017	-6.599024	0.0	0.0
1.854758	0.998915803	-6.618061	0.0	0.0
1.859639	0.998907557	-6.637093	0.0	0.0
1.864519	0.998899299	-6.656122	0.0	0.0
1.869399	0.998891018	-6.675146	0.0	0.0
1.874279	0.998882705	-6.694166	0.0	0.0
1.879160	0.998874380	-6.713182	0.0	0.0
1.884040	0.998866032	-6.732194	0.0	0.0
1.888920	0.998857652	-6.751201	0.0	0.0
1.893801	0.998849259	-6.770205	0.0	0.0
1.898681	0.998840845	-6.789204	0.0	0.0
1.903561	0.998832398	-6.808199	0.0	0.0
1.908442	0.998823938	-6.827191	0.0	0.0
1.913322	0.998815457	-6.846178	0.0	0.0
1.918202	0.998806953	-6.865162	0.0	0.0
1.923083	0.998798416	-6.884142	0.0	0.0
1.927963	0.998789868	-6.903118	0.0	0.0
1.932843	0.998781297	-6.922090	0.0	0.0
1.937724	0.998772694	-6.941058	0.0	0.0
1.942604	0.998764079	-6.960022	0.0	0.0
1.947484	0.998755441	-6.978983	0.0	0.0
1.952364	0.998746772	-6.997939	0.0	0.0
1.957245	0.998738090	-7.016893	0.0	0.0
1.962125	0.998729385	-7.035843	0.0	0.0
1.967005	0.998720659	-7.054788	0.0	0.0
1.971886	0.998711900	-7.073731	0.0	0.0
1.976766	0.998703129	-7.092669	0.0	0.0
1.981646	0.998694336	-7.111604	0.0	0.0
1.986527	0.998685520	-7.130536	0.0	0.0
1.991407	0.998676673	-7.149464	0.0	0.0
1.996287	0.998667813	-7.168389	0.0	0.0
2.001168	0.998658931	-7.187310	0.0	0.0
2.006048	0.998650027	-7.206228	0.0	0.0
2.010928	0.998641090	-7.225142	0.0	0.0
2.015809	0.998632142	-7.244053	0.0	0.0
2.020689	0.998623171	-7.262960	0.0	0.0
2.025569	0.998614178	-7.281865	0.0	0.0
2.030449	0.998605163	-7.300766	0.0	0.0
2.035330	0.998596126	-7.319663	0.0	0.0
2.040210	0.998587056	-7.338558	0.0	0.0
2.045090	0.998577975	-7.357449	0.0	0.0
2.049971	0.998568871	-7.376337	0.0	0.0
2.054851	0.998559745	-7.395221	0.0	0.0
2.059731	0.998550597	-7.414103	0.0	0.0
2.064612	0.998541427	-7.432981	0.0	0.0
2.069492	0.998532235	-7.451856	0.0	0.0
2.074372	0.998523011	-7.470729	0.0	0.0
2.079253	0.998513774	-7.489598	0.0	0.0
2.084133	0.998504516	-7.508464	0.0	0.0
2.089013	0.998495235	-7.527327	0.0	0.0
2.093894	0.998485932	-7.546187	0.0	0.0
2.098774	0.998476607	-7.565043	0.0	0.0
2.103654	0.998467260	-7.583897	0.0	0.0
2.108534	0.998457881	-7.602748	0.0	0.0
2.113415	0.998448490	-7.621597	0.0	0.0
2.118295	0.998439076	-7.640442	0.0	0.0
2.123175	0.998429641	-7.659284	0.0	0.0
2.128056	0.998420184	-7.678123	0.0	0.0
2.132936	0.998410704	-7.696959	0.0	0.0
2.137816	0.998401193	-7.715793	0.0	0.0
2.142697	0.998391669	-7.734624	0.0	0.0
2.147577	0.998382123	-7.753452	0.0	0.0
2.152457	0.998372555	-7.772277	0.0	0.0
2.157338	0.998362965	-7.791099	0.0	0.0
2.162218	0.998353344	-7.809919	0.0	0.0
2.167098	0.998343710	-7.828736	0.0	0.0
2.171979	0.998334054	-7.847550	0.0	0.0
2.176859	0.998324376	-7.866362	0.0	0.0
2.181739	0.998314666	-7.885170	0.0	0.0
2.186619	0.998304943	-7.903977	0.0	0.0
2.191500	0.998295199	-7.922780	0.0	0.0
2.196380	0.998285423	-7.941581	0.0	0.0
2.201260	0.998275635	-7.960380	0.0	0.0
2.206141	0.998265825	-7.979175	0.0	0.0
2.211021	0.998255992	-7.997968	0.0	0.0
2.215901	0.998246128	-8.016759	0.0	0.0
2.220782	0.998236252	-8.035547	0.0	0.0
2.225662	0.998226354	-8.054332	0.0	0.0
2.230542	0.998216423	-8.073116	0.0	0.0
2.235423	0.998206481	-8.091896	0.0	0.0
2.240303	0.998196517	-8.110674	0.0	0.0
2.245183	0.998186520	-8.129450	0.0	0.0
2.250064	0.998176512	-8.148223	0.0	0.0
2.254944	0.998166482	-8.166994	0.0	0.0
2.259824	0.998156420	-8.185762	0.0	0.0
2.264704	0.998146345	-8.204528	0.0	0.0
2.269585	0.998136249	-8.223292	0.0	0.0
2.274465	0.998126121	-8.242053	0.0	0.0
2.279345	0.998115981	-8.260811	0.0	0.0
2.284226	0.998105819	-8.279568	0.0	0.0
2.289106	0.998095625	-8.298322	0.0	0.0
2.293986	0.998085419	-8.317074	0.0	0.0
2.298867	0.998075191	-8.335823	0.0	0.0
2.303747	0.998064931	-8.354570	0.0	0.0
2.308627	0.998054659	-8.373316	0.0	0.0
2.313508	0.998044365	-8.392058	0.0	0.0
2.318388	0.998034039	-8.410799	0.0	0.0
2.323268	0.998023701	-8.429537	0.0	0.0
2.328149	0.998013341	-8.448273	0.0	0.0
2.333029	0.998002960	-8.467007	0.0	0.0
2.337909	0.997992546	-8.485738	0.0	0.0
2.342789	0.997982121	-8.504468	0.0	0.0
2.347670	0.997971673	-8.523196	0.0	0.0
2.352550	0.997961194	-8.541921	0.0	0.0
2.357430	0.997950702	-8.560644	0.0	0.0
2.362311	0.997940189	-8.579365	0.0	0.0
2.367191	0.997929654	-8.598084	0.0	0.0
2.372071	0.997919097	-8.616800	0.0	0.0
2.376952	0.997908508	-8.635515	0.0	0.0
2.381832	0.997897907	-8.654227	0.0	0.0
2.386712	0.997887284	-8.672938	0.0	0.0
2.391593	0.997876639	-8.691647	0.0	0.0
2.396473	0.997865973	-8.710353	0.0	0.0
2.401353	0.997855274	-8.729058	0.0	0.0
2.406234	0.997844564	-8.747760	0.0	0.0
2.411114	0.997833831	-8.766461	0.0	0.0
2.415994	0.997823077	-8.785159	0.0	0.0
2.420875	0.997812301	-8.803856	0.0	0.0
2.425755	0.997801503	-8.822550	0.0	0.0
2.430635	0.997790673	-8.841243	0.0	0.0
2.435515	0.997779831	-8.859933	0.0	0.0
2.440396	0.997768967	-8.878622	0.0	0.0
2.445276	0.997758082	-8.897309	0.0	0.0
2.450156	0.997747174	-8.915994	0.0	0.0
2.455037	0.997736245	-8.934677	0.0	0.0
2.459917	0.997725284	-8.953358	0.0	0.0
2.464797	0.997714311	-8.972038	0.0	0.0
2.469678	0.997703316	-8.990715	0.0	0.0
2.474558	0.997692299	-9.009390	0.0	0.0
2.479438	0.997681260	-9.028064	0.0	0.0
2.484319	0.997670200	-9.046736	0.0	0.0
2.489199	0.997659107	-9.065406	0.0	0.0
2.494079	0.997648003	-9.084074	0.0	0.0
2.498960	0.997636877	-9.102741	0.0	0.0
2.503840	0.997625729	-9.121406	0.0	0.0
2.508720	0.997614549	-9.140069	0.0	0.0
2.513600	0.997603358	-9.158730	0.0	0.0
2.518481	0.997592144	-9.177389	0.0	0.0
2.523361	0.997580909	-9.196047	0.0	0.0
2.528241	0.997569642	-9.214703	0.0	0.0
2.533122	0.997558363	-9.233357	0.0	0.0
2.538002	0.997547061	-9.252010	0.0	0.0
2.542882	0.997535739	-9.270660	0.0	0.0
2.547763	0.997524384	-9.289309	0.0	0.0
2.552643	0.997513018	-9.307957	0.0	0.0
2.557523	0.997501630	-9.326602	0.0	0.0
2.562404	0.997490210	-9.345246	0.0	0.0
2.567284	0.997478778	-9.363889	0.0	0.0
2.572164	0.997467324	-9.382529	0.0	0.0
2.577045	0.997455838	-9.401169	0.0	0.0
2.581925	0.997444341	-9.419806	0.0	0.0
2.586805	0.997432822	-9.438442	0.0	0.0
2.591685	0.997421271	-9.457076	0.0	0.0
2.596566	0.997409708	-9.475709	0.0	0.0
2.601446	0.997398124	-9.494340	0.0	0.0
2.606326	0.997386507	-9.512969	0.0	0.0
2.611207	0.997374879	-9.531597	0.0	0.0
2.616087	0.997363229	-9.550223	0.0	0.0
2.620967	0.997351547	-9.568848	0.0	0.0
2.625848	0.997339854	-9.587471	0.0	0.0
2.630728	0.997328128	-9.606093	0.0	0.0
2.635608	0.997316391	-9.624713	0.0	0.0
2.640489	0.997304632	-9.643331	0.0	0.0
2.645369	0.997292841	-9.661948	0.0	0.0
2.650249	0.997281039	-9.680564	0.0	0.0
2.655130	0.997269214	-9.699178	0.0	0.0
2.660010	0.997257358	-9.717790	0.0	0.0
2.664890	0.997245490	-9.736401	0.0	0.0
2.669770	0.997233601	-9.755011	0.0	0.0
2.674651	0.997221679	-9.773619	0.0	0.0
2.679531	0.997209746	-9.792225	0.0	0.0
2.684411	0.997197791	-9.810830	0.0	0.0
2.689292	0.997185804	-9.829434	0.0	0.0
2.694172	0.997173805	-9.848037	0.0	0.0
2.699052	0.997161785	-9.866637	0.0	0.0
2.703933	0.997149733	-9.885237	0.0	0.0
2.708813	0.997137669	-9.903835	0.0	0.0
2.713693	0.997125583	-9.922431	0.0	0.0
2.718574	0.997113476	-9.941026	0.0	0.0
2.723454	0.997101336	-9.959620	0.0	0.0
2.728334	0.997089185	-9.978212	0.0	0.0
2.733215	0.997077012	-9.996803	0.0	0.0
2.738095	0.997064818	-10.015393	0.0	0.0
2.742975	0.997052592	-10.033981	0.0	0.0
2.747855	0.997040354	-10.052568	0.0	0.0
2.752736	0.997028094	-10.071153	0.0	0.0
2.757616	0.997015812	-10.089737	0.0	0.0
2.762496	0.997003499	-10.108320	0.0	0.0
2.767377	0.996991174	-10.126902	0.0	0.0
2.772257	0.996978827	-10.145482	0.0	0.0
2.777137	0.996966459	-10.164061	0.0	0.0
2.782018	0.996954069	-10.182638	0.0	0.0
2.786898	0.996941647	-10.201214	0.0	0.0
2.791778	0.996929213	-10.219789	0.0	0.0
2.796659	0.996916757	-10.238363	0.0	0.0
2.801539	0.996904280	-10.256935	0.0	0.0
2.806419	0.996891781	-10.275506	0.0	0.0
2.811300	0.996879251	-10.294076	0.0	0.0
2.816180	0.996866708	-10.312644	0.0	0.0
2.821060	0.996854144	-10.331212	0.0	0.0
2.825940	0.996841558	-10.349777	0.0	0.0
2.830821	0.996828951	-10.368342	0.0	0.0
2.835701	0.996816311	-10.386905	0.0	0.0
2.840581	0.996803660	-10.405468	0.0	0.0
2.845462	0.996790987	-10.424029	0.0	0.0
2.850342	0.996778293	-10.442589	0.0	0.0
2.855222	0.996765567	-10.461147	0.0	0.0
2.860103	0.996752829	-10.479704	0.0	0.0
2.864983	0.996740069	-10.498260	0.0	0.0
2.869863	0.996727288	-10.516815	0.0	0.0
2.874744	0.996714475	-10.535369	0.0	0.0
2.879624	0.996701650	-10.553921	0.0	0.0
2.884504	0.996688804	-10.572473	0.0	0.0
2.889385	0.996675936	-10.591023	0.0	0.0
2.894265	0.996663036	-10.609572	0.0	0.0
2.899145	0.996650124	-10.628120	0.0	0.0
2.904025	0.996637191	-10.646666	0.0	0.0
2.908906	0.996624226	-10.665212	0.0	0.0
2.913786	0.996611250	-10.683756	0.0	0.0
2.918666	0.996598251	-10.702299	0.0	0.0
2.923547	0.996585221	-10.720842	0.0	0.0
2.928427	0.996572179	-10.739382	0.0	0.0
2.933307	0.996559116	-10.757922	0.0	0.0
2.938188	0.996546021	-10.776461	0.0	0.0
2.943068	0.996532914	-10.794998	0.0	0.0
2.947948	0.996519776	-10.813535	0.0	0.0
2.952829	0.996506626	-10.832070	0.0	0.0
2.957709	0.996493454	-10.850604	0.0	0.0
2.962589	0.996480250	-10.869137	0.0	0.0
2.967470	0.996467035	-10.887669	0.0	0.0
2.972350	0.996453788	-10.906200	0.0	0.0
2.977230	0.996440529	-10.924730	0.0	0.0
2.982110	0.996427249	-10.943259	0.0	0.0
2.986991	0.996413937	-10.961786	0.0	0.0
2.991871	0.996400614	-10.980313	0.0	0.0
2.996751	0.996387259	-10.998838	0.0	0.0
3.001632	0.996373891	-11.017363	0.0	0.0
3.006512	0.996360503	-11.035887	0.0	0.0
3.011392	0.996347083	-11.054409	0.0	0.0
3.016273	0.996333651	-11.072930	0.0	0.0
3.021153	0.996320187	-11.091451	0.0	0.0
3.026033	0.996306712	-11.109970	0.0	0.0
3.030914	0.996293215	-11.128488	0.0	0.0
3.035794	0.996279687	-11.147005	0.0	0.0
3.040674	0.996266146	-11.165522	0.0	0.0
3.045555	0.996252584	-11.184037	0.0	0.0
3.050435	0.996238991	-11.202551	0.0	0.0
3.055315	0.996225386	-11.221064	0.0	0.0
3.060195	0.996211759	-11.239576	0.0	0.0
3.065076	0.996198101	-11.258087	0.0	0.0
3.069956	0.996184430	-11.276597	0.0	0.0
3.074836	0.996170739	-11.295107	0.0	0.0
3.079717	0.996157015	-11.313615	0.0	0.0
3.084597	0.996143280	-11.332122	0.0	0.0
3.089477	0.996129523	-11.350628	0.0	0.0
3.094358	0.996115745	-11.369134	0.0	0.0
3.099238	0.996101935	-11.387638	0.0	0.0
3.104118	0.996088114	-11.406141	0.0	0.0
3.108999	0.996074270	-11.424643	0.0	0.0
3.113879	0.996060395	-11.443145	0.0	0.0
3.118759	0.996046509	-11.461646	0.0	0.0
3.123640	0.996032601	-11.480145	0.0	0.0
3.128520	0.996018671	-11.498644	0.0	0.0
3.133400	0.996004709	-11.517141	0.0	0.0
3.138280	0.995990736	-11.535638	0.0	0.0
3.143161	0.995976742	-11.554134	0.0	0.0
3.148041	0.995962726	-11.572628	0.0	0.0
3.152921	0.995948688	-11.591122	0.0	0.0
3.157802	0.995934618	-11.609616	0.0	0.0
3.162682	0.995920537	-11.628108	0.0	0.0
3.167562	0.995906434	-11.646599	0.0	0.0
3.172443	0.995892310	-11.665089	0.0	0.0
3.177323	0.995878154	-11.683578	0.0	0.0
3.182203	0.995863986	-11.702067	0.0	0.0
3.187084	0.995849797	-11.720554	0.0	0.0
3.191964	0.995835586	-11.739041	0.0	0.0
3.196844	0.995821343	-11.757527	0.0	0.0
3.201725	0.995807089	-11.776012	0.0	0.0
3.206605	0.995792814	-11.794496	0.0	0.0
3.211485	0.995778516	-11.812979	0.0	0.0
3.216365	0.995764188	-11.831462	0.0	0.0
3.221246	0.995749847	-11.849943	0.0	0.0
3.226126	0.995735485	-11.868423	0.0	0.0
3.231006	0.995721101	-11.886904	0.0	0.0
3.235887	0.995706686	-11.905382	0.0	0.0
3.240767	0.995692259	-11.923860	0.0	0.0
3.245647	0.995677811	-11.942337	0.0	0.0
3.250528	0.995663331	-11.960814	0.0	0.0
3.255408	0.995648839	-11.979289	0.0	0.0
3.260288	0.995634326	-11.997764	0.0	0.0
3.265169	0.995619781	-12.016237	0.0	0.0
3.270049	0.995605224	-12.034711	0.0	0.0
3.274929	0.995590636	-12.053183	0.0	0.0
3.279810	0.995576037	-12.071654	0.0	0.0
3.284690	0.995561416	-12.090124	0.0	0.0
3.289570	0.995546763	-12.108594	0.0	0.0
3.294450	0.995532099	-12.127063	0.0	0.0
3.299331	0.995517403	-12.145531	0.0	0.0
3.304211	0.995502695	-12.163998	0.0	0.0
3.309091	0.995487966	-12.182465	0.0	0.0
3.313972	0.995473205	-12.200930	0.0	0.0
3.318852	0.995458433	-12.219395	0.0	0.0
3.323732	0.995443629	-12.237859	0.0	0.0
3.328613	0.995428814	-12.256322	0.0	0.0
3.333493	0.995413967	-12.274785	0.0	0.0
3.338373	0.995399109	-12.293246	0.0	0.0
3.343254	0.995384229	-12.311707	0.0	0.0
3.348134	0.995369317	-12.330167	0.0	0.0
3.353014	0.995354394	-12.348627	0.0	0.0
3.357895	0.995339439	-12.367085	0.0	0.0
3.362775	0.995324472	-12.385543	0.0	0.0
3.367655	0.995309475	-12.404000	0.0	0.0
3.372535	0.995294465	-12.422456	0.0	0.0
3.377416	0.995279424	-12.440912	0.0	0.0
3.382296	0.995264372	-12.459366	0.0	0.0
3.387176	0.995249297	-12.477820	0.0	0.0
3.392057	0.995234192	-12.496274	0.0	0.0
3.396937	0.995219074	-12.514726	0.0	0.0
3.401817	0.995203926	-12.533178	0.0	0.0
3.406698	0.995188765	-12.551629	0.0	0.0
3.411578	0.995173584	-12.570079	0.0	0.0
3.416458	0.995158370	-12.588528	0.0	0.0
3.421339	0.995143145	-12.606977	0.0	0.0
3.426219	0.995127888	-12.625425	0.0	0.0
3.431099	0.995112620	-12.643873	0.0	0.0
3.435980	0.995097331	-12.662319	0.0	0.0
3.440860	0.995082010	-12.680765	0.0	0.0
3.445740	0.995066677	-12.699210	0.0	0.0
3.450620	0.995051323	-12.717654	0.0	0.0
3.455501	0.995035937	-12.736098	0.0	0.0
3.460381	0.995020540	-12.754541	0.0	0.0
3.465261	0.995005121	-12.772983	0.0	0.0
3.470142	0.994989680	-12.791425	0.0	0.0
3.475022	0.994974209	-12.809866	0.0	0.0
3.479902	0.994958725	-12.828306	0.0	0.0
3.484783	0.994943220	-12.846745	0.0	0.0
3.489663	0.994927684	-12.865184	0.0	0.0
3.494543	0.994912136	-12.883622	0.0	0.0
3.499424	0.994896566	-12.902059	0.0	0.0
3.504304	0.994880975	-12.920496	0.0	0.0
3.509184	0.994865353	-12.938932	0.0	0.0
3.514065	0.994849719	-12.957368	0.0	0.0
3.518945	0.994834063	-12.975802	0.0	0.0
3.523825	0.994818376	-12.994236	0.0	0.0
3.528705	0.994802677	-13.012669	0.0	0.0
3.533586	0.994786957	-13.031102	0.0	0.0
3.538466	0.994771216	-13.049534	0.0	0.0
3.543346	0.994755442	-13.067965	0.0	0.0
3.548227	0.994739657	-13.086396	0.0	0.0
3.553107	0.994723851	-13.104826	0.0	0.0
3.557987	0.994708014	-13.123255	0.0	0.0
3.562868	0.994692165	-13.141684	0.0	0.0
3.567748	0.994676294	-13.160112	0.0	0.0
3.572628	0.994660392	-13.178539	0.0	0.0
3.577509	0.994644478	-13.196965	0.0	0.0
3.582389	0.994628542	-13.215392	0.0	0.0
3.587269	0.994612576	-13.233817	0.0	0.0
3.592150	0.994596598	-13.252242	0.0	0.0
3.597030	0.994580598	-13.270666	0.0	0.0
3.601910	0.994564567	-13.289089	0.0	0.0
3.606790	0.994548524	-13.307512	0.0	0.0
3.611671	0.994532460	-13.325934	0.0	0.0
3.616551	0.994516364	-13.344356	0.0	0.0
3.621431	0.994500257	-13.362777	0.0	0.0
3.626312	0.994484118	-13.381197	0.0	0.0
3.631192	0.994467968	-13.399617	0.0	0.0
3.636072	0.994451797	-13.418036	0.0	0.0
3.640953	0.994435594	-13.436454	0.0	0.0
3.645833	0.994419379	-13.454872	0.0	0.0
3.650713	0.994403133	-13.473289	0.0	0.0
3.655594	0.994386875	-13.491706	0.0	0.0
3.660474	0.994370586	-13.510122	0.0	0.0
3.665354	0.994354286	-13.528537	0.0	0.0
3.670235	0.994337954	-13.546951	0.0	0.0
3.675115	0.994321610	-13.565366	0.0	0.0
3.679995	0.994305235	-13.583779	0.0	0.0
3.684875	0.994288849	-13.602192	0.0	0.0
3.689756	0.994272431	-13.620604	0.0	0.0
3.694636	0.994256001	-13.639016	0.0	0.0
3.699516	0.994239551	-13.657427	0.0	0.0
3.704397	0.994223068	-13.675838	0.0	0.0
3.709277	0.994206575	-13.694248	0.0	0.0
3.714157	0.994190050	-13.712657	0.0	0.0
3.719038	0.994173513	-13.731066	0.0	0.0
3.723918	0.994156945	-13.749474	0.0	0.0
3.728798	0.994140365	-13.767881	0.0	0.0
3.733679	0.994123754	-13.786289	0.0	0.0
3.738559	0.994107131	-13.804695	0.0	0.0
3.743439	0.994090478	-13.823101	0.0	0.0
3.748320	0.994073812	-13.841506	0.0	0.0
3.753200	0.994057115	-13.859911	0.0	0.0
3.758080	0.994040407	-13.878315	0.0	0.0
3.762960	0.994023667	-13.896718	0.0	0.0
3.767841	0.994006916	-13.915121	0.0	0.0
3.772721	0.993990143	-13.933524	0.0	0.0
3.777601	0.993973339	-13.951926	0.0	0.0
3.782482	0.993956523	-13.970327	0.0	0.0
3.787362	0.993939677	-13.988728	0.0	0.0
3.792242	0.993922818	-14.007128	0.0	0.0
3.797123	0.993905928	-14.025527	0.0	0.0
3.802003	0.993889027	-14.043926	0.0	0.0
3.806883	0.993872104	-14.062325	0.0	0.0
3.811764	0.993855150	-14.080723	0.0	0.0
3.816644	0.993838184	-14.099121	0.0	0.0
3.821524	0.993821197	-14.117517	0.0	0.0
3.826405	0.993804178	-14.135914	0.0	0.0
3.831285	0.993787149	-14.154309	0.0	0.0
3.836165	0.993770097	-14.172705	0.0	0.0
3.841045	0.993753014	-14.191099	0.0	0.0
3.845926	0.993735920	-14.209493	0.0	0.0
3.850806	0.993718804	-14.227887	0.0	0.0
3.855686	0.993701657	-14.246280	0.0	0.0
3.860567	0.993684499	-14.264673	0.0	0.0
3.865447	0.993667319	-14.283065	0.0	0.0
3.870327	0.993650107	-14.301456	0.0	0.0
3.875208	0.993632885	-14.319847	0.0	0.0
3.880088	0.993615641	-14.338238	0.0	0.0
3.884968	0.993598365	-14.356628	0.0	0.0
3.889849	0.993581078	-14.375017	0.0	0.0
3.894729	0.993563769	-14.393406	0.0	0.0
3.899609	0.993546429	-14.411794	0.0	0.0
3.904490	0.993529078	-14.430182	0.0	0.0
3.909370	0.993511705	-14.448570	0.0	0.0
3.914250	0.993494301	-14.466956	0.0	0.0
3.919130	0.993476886	-14.485343	0.0	0.0
3.924011	0.993459449	-14.503728	0.0	0.0
3.928891	0.993441981	-14.522114	0.0	0.0
3.933771	0.993424501	-14.540499	0.0	0.0
3.938652	0.993407000	-14.558883	0.0	0.0
3.943532	0.993389467	-14.577267	0.0	0.0
3.948412	0.993371923	-14.595650	0.0	0.0
3.953293	0.993354348	-14.614033	0.0	0.0
3.958173	0.993336761	-14.632415	0.0	0.0
3.963053	0.993319153	-14.650796	0.0	0.0
3.967934	0.993301514	-14.669178	0.0	0.0
3.972814	0.993283863	-14.687559	0.0	0.0
3.977694	0.993266180	-14.705939	0.0	0.0
3.982575	0.993248487	-14.724319	0.0	0.0
3.987455	0.993230762	-14.742698	0.0	0.0
3.992335	0.993213025	-14.761077	0.0	0.0
3.997215	0.993195258	-14.779455	0.0	0.0
4.002096	0.993177478	-14.797833	0.0	0.0
4.006976	0.993159668	-14.816210	0.0	0.0
4.011856	0.993141846	-14.834587	0.0	0.0
4.016737	0.993123992	-14.852964	0.0	0.0
4.021617	0.993106128	-14.871340	0.0	0.0
4.026497	0.993088232	-14.889715	0.0	0.0
4.031378	0.993070324	-14.908090	0.0	0.0
4.036258	0.993052385	-14.926464	0.0	0.0
4.041138	0.993034435	-14.944839	0.0	0.0
4.046019	0.993016453	-14.963212	0.0	0.0
4.050899	0.992998460	-14.981585	0.0	0.0
4.055779	0.992980436	-14.999958	0.0	0.0
4.060660	0.992962400	-15.018330	0.0	0.0
4.065540	0.992944333	-15.036701	0.0	0.0
4.070420	0.992926255	-15.055072	0.0	0.0
4.075300	0.992908145	-15.073443	0.0	0.0
4.080181	0.992890023	-15.091814	0.0	0.0
4.085061	0.992871871	-15.110183	0.0	0.0
4.089941	0.992853697	-15.128553	0.0	0.0
4.094822	0.992835512	-15.146922	0.0	0.0
4.099702	0.992817295	-15.165290	0.0	0.0
4.104582	0.992799067	-15.183658	0.0	0.0
4.109463	0.992780808	-15.202025	0.0	0.0
4.114343	0.992762537	-15.220392	0.0	0.0
4.119223	0.992744235	-15.238759	0.0	0.0
4.124104	0.992725922	-15.257125	0.0	0.0
4.128984	0.992707577	-15.275491	0.0	0.0
4.133864	0.992689221	-15.293856	0.0	0.0
4.138745	0.992670834	-15.312221	0.0	0.0
4.143625	0.992652435	-15.330585	0.0	0.0
4.148505	0.992634015	-15.348949	0.0	0.0
4.153385	0.992615563	-15.367313	0.0	0.0
4.158266	0.992597100	-15.385676	0.0	0.0
4.163146	0.992578606	-15.404039	0.0	0.0
4.168026	0.992560101	-15.422401	0.0	0.0
4.172907	0.992541564	-15.440762	0.0	0.0
4.177787	0.992523016	-15.459124	0.0	0.0
4.182667	0.992504446	-15.477484	0.0	0.0
4.187548	0.992485846	-15.495845	0.0	0.0
4.192428	0.992467233	-15.514205	0.0	0.0
4.197308	0.992448590	-15.532565	0.0	0.0
4.202189	0.992429935	-15.550924	0.0	0.0
4.207069	0.992411259	-15.569282	0.0	0.0
4.211949	0.992392551	-15.587641	0.0	0.0
4.216830	0.992373833	-15.605998	0.0	0.0
4.221710	0.992355083	-15.624356	0.0	0.0
4.226590	0.992336321	-15.642713	0.0	0.0
4.231470	0.992317538	-15.661069	0.0	0.0
4.236351	0.992298724	-15.679426	0.0	0.0
4.241231	0.992279899	-15.697781	0.0	0.0
4.246111	0.992261052	-15.716137	0.0	0.0
4.250992	0.992242174	-15.734492	0.0	0.0
4.255872	0.992223285	-15.752846	0.0	0.0
4.260752	0.992204364	-15.771200	0.0	0.0
4.265633	0.992185432	-15.789554	0.0	0.0
4.270513	0.992166479	-15.807907	0.0	0.0
4.275393	0.992147494	-15.826260	0.0	0.0
4.280274	0.992128498	-15.844612	0.0	0.0
4.285154	0.992109471	-15.862964	0.0	0.0
4.290034	0.992090433	-15.881316	0.0	0.0
4.294915	0.992071373	-15.899667	0.0	0.0
4.299795	0.992052282	-15.918018	0.0	0.0
4.304675	0.992033179	-15.936368	0.0	0.0
4.309555	0.992014046	-15.954718	0.0	0.0
4.314436	0.991994900	-15.973068	0.0	0.0
4.319316	0.991975724	-15.991417	0.0	0.0
4.324196	0.991956537	-16.009766	0.0	0.0
4.329077	0.991937318	-16.028114	0.0	0.0
4.333957	0.991918088	-16.046462	0.0	0.0
4.338837	0.991898826	-16.064809	0.0	0.0
4.343718	0.991879554	-16.083156	0.0	0.0
4.348598	0.991860250	-16.101503	0.0	0.0
4.353478	0.991840934	-16.119850	0.0	0.0
4.358359	0.991821587	-16.138196	0.0	0.0
4.363239	0.991802230	-16.156541	0.0	0.0
4.368119	0.991782840	-16.174887	0.0	0.0
4.373000	0.991763440	-16.193231	0.0	0.0
4.377880	0.991744008	-16.211576	0.0	0.0
4.382760	0.991724555	-16.229920	0.0	0.0
4.387640	0.991705091	-16.248263	0.0	0.0
4.392521	0.991685595	-16.266607	0.0	0.0
4.397401	0.991666089	-16.284950	0.0	0.0
4.402281	0.991646551	-16.303292	0.0	0.0
4.407162	0.991626991	-16.321634	0.0	0.0
4.412042	0.991607421	-16.339976	0.0	0.0
4.416922	0.991587819	-16.358317	0.0	0.0
4.421803	0.991568206	-16.376658	0.0	0.0
4.426683	0.991548561	-16.394999	0.0	0.0
4.431563	0.991528895	-16.413339	0.0	0.0
4.436444	0.991509218	-16.431679	0.0	0.0
4.441324	0.991489510	-16.450018	0.0	0.0
4.446204	0.991469791	-16.468357	0.0	0.0
4.451085	0.991450040	-16.486696	0.0	0.0
4.455965	0.991430278	-16.505034	0.0	0.0
4.460845	0.991410485	-16.523372	0.0	0.0
4.465726	0.991390670	-16.541710	0.0	0.0
4.470606	0.991370844	-16.560047	0.0	0.0
4.475486	0.991350988	-16.578384	0.0	0.0
4.480366	0.991331119	-16.596720	0.0	0.0
4.485247	0.991311220	-16.615056	0.0	0.0
4.490127	0.991291309	-16.633392	0.0	0.0
4.495007	0.991271367	-16.651727	0.0	0.0
4.499888	0.991251414	-16.670062	0.0	0.0
4.504768	0.991231429	-16.688397	0.0	0.0
4.509648	0.991211434	-16.706732	0.0	0.0
4.514529	0.991191407	-16.725065	0.0	0.0
4.519409	0.991171368	-16.743399	0.0	0.0
4.524289	0.991151299	-16.761732	0.0	0.0
4.529170	0.991131218	-16.780065	0.0	0.0
4.534050	0.991111107	-16.798397	0.0	0.0
4.538930	0.991090984	-16.816729	0.0	0.0
4.543811	0.991070829	-16.835061	0.0	0.0
4.548691	0.991050663	-16.853393	0.0	0.0
4.553571	0.991030467	-16.871724	0.0	0.0
4.558451	0.991010259	-16.890054	0.0	0.0
4.563332	0.990990029	-16.908385	0.0	0.0
4.568212	0.990969769	-16.926715	0.0	0.0
4.573092	0.990949497	-16.945044	0.0	0.0
4.577973	0.990929194	-16.963373	0.0	0.0
4.582853	0.990908880	-16.981703	0.0	0.0
4.587733	0.990888534	-17.000031	0.0	0.0
4.592614	0.990868178	-17.018359	0.0	0.0
4.597494	0.990847800	-17.036687	0.0	0.0
4.602374	0.990827391	-17.055015	0.0	0.0
4.607255	0.990806971	-17.073342	0.0	0.0
4.612135	0.990786520	-17.091669	0.0	0.0
4.617015	0.990766057	-17.109995	0.0	0.0
4.621896	0.990745563	-17.128322	0.0	0.0
4.626776	0.990725058	-17.146647	0.0	0.0
4.631656	0.990704521	-17.164973	0.0	0.0
4.636536	0.990683974	-17.183298	0.0	0.0
4.641417	0.990663405	-17.201623	0.0	0.0
4.646297	0.990642806	-17.219947	0.0	0.0
4.651177	0.990622194	-17.238271	0.0	0.0
4.656058	0.990601552	-17.256595	0.0	0.0
4.660938	0.990580898	-17.274918	0.0	0.0
4.665818	0.990560214	-17.293242	0.0	0.0
4.670699	0.990539518	-17.311564	0.0	0.0
4.675579	0.990518791	-17.329887	0.0	0.0
4.680459	0.990498043	-17.348209	0.0	0.0
4.685340	0.990477283	-17.366530	0.0	0.0
4.690220	0.990456493	-17.384852	0.0	0.0
4.695100	0.990435691	-17.403173	0.0	0.0
4.699981	0.990414858	-17.421494	0.0	0.0
4.704861	0.990394014	-17.439814	0.0	0.0
4.709741	0.990373138	-17.458134	0.0	0.0
4.714621	0.990352242	-17.476454	0.0	0.0
4.719502	0.990331334	-17.494774	0.0	0.0
4.724382	0.990310395	-17.513093	0.0	0.0
4.729262	0.990289445	-17.531411	0.0	0.0
4.734143	0.990268464	-17.549730	0.0	0.0
4.739023	0.990247461	-17.568048	0.0	0.0
4.743903	0.990226448	-17.586366	0.0	0.0
4.748784	0.990205403	-17.604683	0.0	0.0
4.753664	0.990184337	-17.623001	0.0	0.0
4.758544	0.990163260	-17.641317	0.0	0.0
4.763425	0.990142152	-17.659634	0.0	0.0
4.768305	0.990121033	-17.677950	0.0	0.0
4.773185	0.990099882	-17.696266	0.0	0.0
4.778066	0.990078710	-17.714582	0.0	0.0
4.782946	0.990057527	-17.732897	0.0	0.0
4.787826	0.990036313	-17.751212	0.0	0.0
4.792706	0.990015078	-17.769527	0.0	0.0
4.797587	0.989993832	-17.787841	0.0	0.0
4.802467	0.989972554	-17.806155	0.0	0.0
4.807347	0.989951255	-17.824468	0.0	0.0
4.812228	0.989929945	-17.842782	0.0	0.0
4.817108	0.989908604	-17.861095	0.0	0.0
4.821988	0.989887242	-17.879408	0.0	0.0
4.826869	0.989865869	-17.897720	0.0	0.0
4.831749	0.989844465	-17.916032	0.0	0.0
4.836629	0.989823049	-17.934344	0.0	0.0
4.841510	0.989801602	-17.952655	0.0	0.0
4.846390	0.989780135	-17.970967	0.0	0.0
4.851270	0.989758655	-17.989278	0.0	0.0
4.856151	0.989737145	-18.007588	0.0	0.0
4.861031	0.989715624	-18.025898	0.0	0.0
4.865911	0.989694071	-18.044208	0.0	0.0
4.870791	0.989672508	-18.062518	0.0	0.0
4.875672	0.989650913	-18.080827	0.0	0.0
4.880552	0.989629308	-18.099136	0.0	0.0
4.885432	0.989607671	-18.117445	0.0	0.0
4.890313	0.989586022	-18.135754	0.0	0.0
4.895193	0.989564343	-18.154062	0.0	0.0
4.900073	0.989542643	-18.172370	0.0	0.0
4.904954	0.989520931	-18.190677	0.0	0.0
4.909834	0.989499189	-18.208984	0.0	0.0
4.914714	0.989477435	-18.227291	0.0	0.0
4.919595	0.989455650	-18.245598	0.0	0.0
4.924475	0.989433855	-18.263904	0.0	0.0
4.929355	0.989412037	-18.282210	0.0	0.0
4.934236	0.989390189	-18.300516	0.0	0.0
4.939116	0.989368330	-18.318821	0.0	0.0
4.943996	0.989346439	-18.337126	0.0	0.0
4.948876	0.989324538	-18.355431	0.0	0.0
4.953757	0.989302605	-18.373736	0.0	0.0
4.958637	0.989280662	-18.392040	0.0	0.0
4.963517	0.989258687	-18.410344	0.0	0.0
4.968398	0.989236701	-18.428648	0.0	0.0
4.973278	0.989214684	-18.446951	0.0	0.0
4.978158	0.989192655	-18.465254	0.0	0.0
4.983039	0.989170596	-18.483557	0.0	0.0
4.987919	0.989148526	-18.501859	0.0	0.0
4.992799	0.989126425	-18.520161	0.0	0.0
4.997680	0.989104312	-18.538463	0.0	0.0
5.002560	0.989082169	-18.556765	0.0	0.0
5.007440	0.989060013	-18.575066	0.0	0.0
5.012321	0.989037828	-18.593367	0.0	0.0
5.017201	0.989015631	-18.611668	0.0	0.0
5.022081	0.988993403	-18.629969	0.0	0.0
5.026961	0.988971154	-18.648269	0.0	0.0
5.031842	0.988948894	-18.666569	0.0	0.0
5.036722	0.988926603	-18.684868	0.0	0.0
5.041602	0.988904300	-18.703167	0.0	0.0
5.046483	0.988881967	-18.721467	0.0	0.0
5.051363	0.988859612	-18.739765	0.0	0.0
5.056243	0.988837247	-18.758064	0.0	0.0
5.061124	0.988814850	-18.776362	0.0	0.0
5.066004	0.988792442	-18.794660	0.0	0.0
5.070884	0.988770004	-18.812957	0.0	0.0
5.075765	0.988747544	-18.831255	0.0	0.0
5.080645	0.988725073	-18.849552	0.0	0.0
5.085525	0.988702571	-18.867849	0.0	0.0
5.090406	0.988680048	-18.886145	0.0	0.0
5.095286	0.988657514	-18.904442	0.0	0.0
5.100166	0.988634948	-18.922737	0.0	0.0
5.105046	0.988612362	-18.941033	0.0	0.0
5.109927	0.988589765	-18.959328	0.0	0.0
5.114807	0.988567137	-18.977623	0.0	0.0
5.119687	0.988544487	-18.995918	0.0	0.0
5.124568	0.988521826	-19.014213	0.0	0.0
5.129448	0.988499135	-19.032507	0.0	0.0
5.134328	0.988476422	-19.050801	0.0	0.0
5.139209	0.988453689	-19.069095	0.0	0.0
5.144089	0.988430944	-19.087389	0.0	0.0
5.148969	0.988408169	-19.105682	0.0	0.0
5.153850	0.988385372	-19.123975	0.0	0.0
5.158730	0.988362564	-19.142267	0.0	0.0
5.163610	0.988339725	-19.160560	0.0	0.0
5.168491	0.988316865	-19.178852	0.0	0.0
5.173371	0.988293994	-19.197144	0.0	0.0
5.178251	0.988271092	-19.215435	0.0	0.0
5.183131	0.988248169	-19.233726	0.0	0.0
5.188012	0.988225235	-19.252017	0.0	0.0
5.192892	0.988202270	-19.270308	0.0	0.0
5.197772	0.988179294	-19.288599	0.0	0.0
5.202653	0.988156286	-19.306889	0.0	0.0
5.207533	0.988133258	-19.325179	0.0	0.0
5.212413	0.988110219	-19.343469	0.0	0.0
5.217294	0.988087149	-19.361758	0.0	0.0
5.222174	0.988064067	-19.380047	0.0	0.0
5.227054	0.988040955	-19.398336	0.0	0.0
5.231935	0.988017822	-19.416625	0.0	0.0
5.236815	0.987994677	-19.434913	0.0	0.0
5.241695	0.987971502	-19.453201	0.0	0.0
5.246576	0.987948315	-19.471489	0.0	0.0
5.251456	0.987925098	-19.489777	0.0	0.0
5.256336	0.987901869	-19.508064	0.0	0.0
5.261216	0.987878610	-19.526351	0.0	0.0
5.266097	0.987855340	-19.544638	0.0	0.0
5.270977	0.987832038	-19.562924	0.0	0.0
5.275857	0.987808725	-19.581211	0.0	0.0
5.280738	0.987785382	-19.599497	0.0	0.0
5.285618	0.987762027	-19.617783	0.0	0.0
5.290498	0.987738642	-19.636068	0.0	0.0
5.295379	0.987715245	-19.654353	0.0	0.0
5.300259	0.987691818	-19.672638	0.0	0.0
5.305139	0.987668379	-19.690923	0.0	0.0
5.310020	0.987644910	-19.709207	0.0	0.0
5.314900	0.987621429	-19.727492	0.0	0.0
5.319780	0.987597917	-19.745776	0.0	0.0
5.324661	0.987574395	-19.764059	0.0	0.0
5.329541	0.987550842	-19.782343	0.0	0.0
5.334421	0.987527277	-19.800626	0.0	0.0
5.339301	0.987503682	-19.818909	0.0	0.0
5.344182	0.987480075	-19.837191	0.0	0.0
5.349062	0.987456438	-19.855474	0.0	0.0
5.353942	0.987432789	-19.873756	0.0	0.0
5.358823	0.987409109	-19.892038	0.0	0.0
5.363703	0.987385419	-19.910320	0.0	0.0
5.368583	0.987361698	-19.928601	0.0	0.0
5.373464	0.987337955	-19.946882	0.0	0.0
5.378344	0.987314202	-19.965163	0.0	0.0
5.383224	0.987290418	-19.983444	0.0	0.0
5.388105	0.987266623	-20.001724	0.0	0.0
5.392985	0.987242796	-20.020004	0.0	0.0
5.397865	0.987218949	-20.038284	0.0	0.0
5.402746	0.987195091	-20.056564	0.0	0.0
5.407626	0.987171201	-20.074843	0.0	0.0
5.412506	0.987147301	-20.093122	0.0	0.0
5.417386	0.987123370	-20.111401	0.0	0.0
5.422267	0.987099418	-20.129680	0.0	0.0
5.427147	0.987075455	-20.147958	0.0	0.0
5.432027	0.987051461	-20.166237	0.0	0.0
5.436908	0.987027446	-20.184515	0.0	0.0
5.441788	0.987003420	-20.202792	0.0	0.0
5.446668	0.986979363	-20.221070	0.0	0.0
5.451549	0.986955286	-20.239347	0.0	0.0
5.456429	0.986931197	-20.257624	0.0	0.0
5.461309	0.986907077	-20.275900	0.0	0.0
5.466190	0.986882937	-20.294177	0.0	0.0
5.471070	0.986858784	-20.312453	0.0	0.0
5.475950	0.986834602	-20.330729	0.0	0.0
5.480831	0.986810399	-20.349005	0.0	0.0
5.485711	0.986786174	-20.367281	0.0	0.0
5.490591	0.986761939	-20.385556	0.0	0.0
5.495471	0.986737673	-20.403831	0.0	0.0
5.500352	0.986713385	-20.422105	0.0	0.0
5.505232	0.986689087	-20.440380	0.0	0.0
5.510112	0.986664758	-20.458655	0.0	0.0
5.514993	0.986640408	-20.476929	0.0	0.0
5.519873	0.986616047	-20.495202	0.0	0.0
5.524753	0.986591655	-20.513476	0.0	0.0
5.529634	0.986567242	-20.531749	0.0	0.0
5.534514	0.986542818	-20.550022	0.0	0.0
5.539394	0.986518364	-20.568295	0.0	0.0
5.544275	0.986493888	-20.586568	0.0	0.0
5.549155	0.986469401	-20.604840	0.0	0.0
5.554035	0.986444883	-20.623112	0.0	0.0
5.558916	0.986420355	-20.641384	0.0	0.0
5.563796	0.986395796	-20.659656	0.0	0.0
5.568676	0.986371216	-20.677927	0.0	0.0
5.573556	0.986346624	-20.696198	0.0	0.0
5.578437	0.986322002	-20.714469	0.0	0.0
5.583317	0.986297369	-20.732740	0.0	0.0
5.588197	0.986272705	-20.751011	0.0	0.0
5.593078	0.986248020	-20.769281	0.0	0.0
5.597958	0.986223325	-20.787551	0.0	0.0
5.602838	0.986198598	-20.805821	0.0	0.0
5.607719	0.986173861	-20.824090	0.0	0.0
5.612599	0.986149092	-20.842360	0.0	0.0
5.617479	0.986124313	-20.860629	0.0	0.0
5.622360	0.986099502	-20.878898	0.0	0.0
5.627240	0.986074681	-20.897166	0.0	0.0
5.632120	0.986049829	-20.915435	0.0	0.0
5.637001	0.986024966	-20.933703	0.0	0.0
5.641881	0.986000073	-20.951971	0.0	0.0
5.646761	0.985975168	-20.970238	0.0	0.0
5.651641	0.985950232	-20.988506	0.0	0.0
5.656522	0.985925286	-21.006773	0.0	0.0
5.661402	0.985900308	-21.025040	0.0	0.0
5.666282	0.985875320	-21.043307	0.0	0.0
5.671163	0.985850301	-21.061574	0.0	0.0
5.676043	0.985825271	-21.079840	0.0	0.0
5.680923	0.985800210	-21.098106	0.0	0.0
5.685804	0.985775138	-21.116372	0.0	0.0
5.690684	0.985750036	-21.134638	0.0	0.0
5.695564	0.985724922	-21.152903	0.0	0.0
5.700445	0.985699777	-21.171169	0.0	0.0
5.705325	0.985674612	-21.189433	0.0	0.0
5.710205	0.985649436	-21.207698	0.0	0.0
5.715086	0.985624229	-21.225963	0.0	0.0
5.719966	0.985599011	-21.244227	0.0	0.0
5.724846	0.985573762	-21.262491	0.0	0.0
5.729726	0.985548503	-21.280755	0.0	0.0
5.734607	0.985523212	-21.299018	0.0	0.0
5.739487	0.985497901	-21.317282	0.0	0.0
5.744367	0.985472578	-21.335545	0.0	0.0
5.749248	0.985447225	-21.353808	0.0	0.0
5.754128	0.985421852	-21.372071	0.0	0.0
5.759008	0.985396467	-21.390333	0.0	0.0
5.763889	0.985371051	-21.408596	0.0	0.0
5.768769	0.985345615	-21.426858	0.0	0.0
5.773649	0.985320168	-21.445119	0.0	0.0
5.778530	0.985294689	-21.463381	0.0	0.0
5.783410	0.985269190	-21.481643	0.0	0.0
5.788290	0.985243680	-21.499904	0.0	0.0
5.793171	0.985218140	-21.518165	0.0	0.0
5.798051	0.985192578	-21.536425	0.0	0.0
5.802931	0.985167006	-21.554686	0.0	0.0
5.807811	0.985141403	-21.572946	0.0	0.0
5.812692	0.985115779	-21.591206	0.0	0.0
5.817572	0.985090133	-21.609466	0.0	0.0
5.822452	0.985064478	-21.627726	0.0	0.0
5.827333	0.985038791	-21.645985	0.0	0.0
5.832213	0.985013084	-21.664245	0.0	0.0
5.837093	0.984987356	-21.682504	0.0	0.0
5.841974	0.984961617	-21.700762	0.0	0.0
5.846854	0.984935847	-21.719021	0.0	0.0
5.851734	0.984910056	-21.737279	0.0	0.0
5.856615	0.984884254	-21.755538	0.0	0.0
5.861495	0.984858422	-21.773795	0.0	0.0
5.866375	0.984832569	-21.792053	0.0	0.0
5.871256	0.984806695	-21.810311	0.0	0.0
5.876136	0.984780810	-21.828568	0.0	0.0
5.881016	0.984754895	-21.846825	0.0	0.0
5.885896	0.984728958	-21.865082	0.0	0.0
5.890777	0.984703011	-21.883338	0.0	0.0
5.895657	0.984677033	-21.901595	0.0	0.0
5.900537	0.984651034	-21.919851	0.0	0.0
5.905418	0.984625024	-21.938107	0.0	0.0
5.910298	0.984598984	-21.956363	0.0	0.0
5.915178	0.984572923	-21.974618	0.0	0.0
5.920059	0.984546851	-21.992874	0.0	0.0
5.924939	0.984520748	-22.011129	0.0	0.0
5.929819	0.984494624	-22.029383	0.0	0.0
5.934700	0.984468489	-22.047639	0.0	0.0
5.939580	0.984442324	-22.065893	0.0	0.0
5.944460	0.984416148	-22.084147	0.0	0.0
5.949341	0.984389941	-22.102401	0.0	0.0
5.954221	0.984363714	-22.120655	0.0	0.0
5.959101	0.984337475	-22.138909	0.0	0.0
5.963981	0.984311206	-22.157162	0.0	0.0
5.968862	0.984284926	-22.175415	0.0	0.0
5.973742	0.984258615	-22.193669	0.0	0.0
5.978622	0.984232293	-22.211921	0.0	0.0
5.983503	0.984205941	-22.230174	0.0	0.0
5.988383	0.984179568	-22.248426	0.0	0.0
5.993263	0.984153184	-22.266678	0.0	0.0
5.998144	0.984126770	-22.284930	0.0	0.0
6.003024	0.984100344	-22.303182	0.0	0.0
6.007904	0.984073888	-22.321434	0.0	0.0
6.012785	0.984047421	-22.339685	0.0	0.0
6.017665	0.984020923	-22.357936	0.0	0.0
6.022545	0.983994414	-22.376187	0.0	0.0
6.027426	0.983967875	-22.394438	0.0	0.0
6.032306	0.983941315	-22.412688	0.0	0.0
6.037186	0.983914745	-22.430939	0.0	0.0
6.042066	0.983888143	-22.449189	0.0	0.0
6.046947	0.983861530	-22.467439	0.0	0.0
6.051827	0.983834887	-22.485689	0.0	0.0
6.056707	0.983808223	-22.503938	0.0	0.0
6.061588	0.983781549	-22.522187	0.0	0.0
6.066468	0.983754844	-22.540436	0.0	0.0
6.071348	0.983728127	-22.558685	0.0	0.0
6.076229	0.983701381	-22.576934	0.0	0.0
6.081109	0.983674613	-22.595182	0.0	0.0
6.085989	0.983647834	-22.613431	0.0	0.0
6.090870	0.983621025	-22.631679	0.0	0.0
6.095750	0.983594196	-22.649927	0.0	0.0
6.100630	0.983567355	-22.668174	0.0	0.0
6.105511	0.983540484	-22.686422	0.0	0.0
6.110391	0.983513592	-22.704669	0.0	0.0
6.115271	0.983486689	-22.722916	0.0	0.0
6.120151	0.983459756	-22.741163	0.0	0.0
6.125032	0.983432801	-22.759410	0.0	0.0
6.129912	0.983405826	-22.777656	0.0	0.0
6.134792	0.983378840	-22.795902	0.0	0.0
6.139673	0.983351824	-22.814148	0.0	0.0
6.144553	0.983324787	-22.832394	0.0	0.0
6.149433	0.983297729	-22.850640	0.0	0.0
6.154314	0.983270661	-22.868885	0.0	0.0
6.159194	0.983243561	-22.887130	0.0	0.0
6.164074	0.983216441	-22.905376	0.0	0.0
6.168955	0.983189300	-22.923620	0.0	0.0
6.173835	0.983162139	-22.941865	0.0	0.0
6.178715	0.983134967	-22.960109	0.0	0.0
6.183596	0.983107764	-22.978354	0.0	0.0
6.188476	0.983080540	-22.996598	0.0	0.0
6.193356	0.983053296	-23.014841	0.0	0.0
6.198236	0.983026041	-23.033085	0.0	0.0
6.203117	0.982998755	-23.051329	0.0	0.0
6.207997	0.982971449	-23.069572	0.0	0.0
6.212877	0.982944122	-23.087815	0.0	0.0
6.217758	0.982916784	-23.106058	0.0	0.0
6.222638	0.982889415	-23.124300	0.0	0.0
6.227518	0.982862026	-23.142543	0.0	0.0
6.232399	0.982834616	-23.160785	0.0	0.0
6.237279	0.982807196	-23.179027	0.0	0.0
6.242159	0.982779744	-23.197269	0.0	0.0
6.247040	0.982752272	-23.215511	0.0	0.0
6.251920	0.982724789	-23.233752	0.0	0.0
6.256800	0.982697276	-23.251993	0.0	0.0
6.261681	0.982669742	-23.270234	0.0	0.0
6.266561	0.982642197	-23.288475	0.0	0.0
6.271441	0.982614622	-23.306716	0.0	0.0
6.276321	0.982587026	-23.324956	0.0	0.0
6.281202	0.982559418	-23.343197	0.0	0.0
6.286082	0.982531781	-23.361437	0.0	0.0
6.290962	0.982504123	-23.379677	0.0	0.0
6.295843	0.982476454	-23.397917	0.0	0.0
6.300723	0.982448755	-23.416156	0.0	0.0
6.305603	0.982421044	-23.434395	0.0	0.0
6.310484	0.982393304	-23.452634	0.0	0.0
6.315364	0.982365542	-23.470873	0.0	0.0
6.320244	0.982337769	-23.489112	0.0	0.0
6.325125	0.982309967	-23.507351	0.0	0.0
6.330005	0.982282153	-23.525589	0.0	0.0
6.334885	0.982254309	-23.543827	0.0	0.0
6.339766	0.982226454	-23.562065	0.0	0.0
6.344646	0.982198569	-23.580303	0.0	0.0
6.349526	0.982170663	-23.598541	0.0	0.0
6.354406	0.982142746	-23.616778	0.0	0.0
6.359287	0.982114798	-23.635015	0.0	0.0
6.364167	0.982086840	-23.653252	0.0	0.0
6.369047	0.982058851	-23.671489	0.0	0.0
6.373928	0.982030842	-23.689726	0.0	0.0
6.378808	0.982002822	-23.707962	0.0	0.0
6.383688	0.981974771	-23.726198	0.0	0.0
6.388569	0.981946710	-23.744434	0.0	0.0
6.393449	0.981918618	-23.762670	0.0	0.0
6.398329	0.981890505	-23.780906	0.0	0.0
6.403210	0.981862382	-23.799142	0.0	0.0
6.408090	0.981834228	-23.817377	0.0	0.0
6.412970	0.981806054	-23.835612	0.0	0.0
6.417851	0.981777869	-23.853847	0.0	0.0
6.422731	0.981749653	-23.872081	0.0	0.0
6.427611	0.981721417	-23.890316	0.0	0.0
6.432492	0.981693169	-23.908551	0.0	0.0
6.437372	0.981664891	-23.926785	0.0	0.0
6.442252	0.981636593	-23.945019	0.0	0.0
6.447132	0.981608284	-23.963252	0.0	0.0
6.452013	0.981579945	-23.981486	0.0	0.0
6.456893	0.981551585	-23.999719	0.0	0.0
6.461773	0.981523204	-24.017953	0.0	0.0
6.466654	0.981494813	-24.036186	0.0	0.0
6.471534	0.981466390	-24.054419	0.0	0.0
6.476414	0.981437948	-24.072651	0.0	0.0
6.481295	0.981409485	-24.090884	0.0	0.0
6.486175	0.981381011	-24.109116	0.0	0.0
6.491055	0.981352507	-24.127348	0.0	0.0
6.495936	0.981323982	-24.145580	0.0	0.0
6.500816	0.981295436	-24.163812	0.0	0.0
6.505696	0.981266870	-24.182043	0.0	0.0
6.510577	0.981238293	-24.200275	0.0	0.0
6.515457	0.981209685	-24.218506	0.0	0.0
6.520337	0.981181057	-24.236737	0.0	0.0
6.525217	0.981152409	-24.254968	0.0	0.0
6.530098	0.981123740	-24.273198	0.0	0.0
6.534978	0.981095060	-24.291428	0.0	0.0
6.539858	0.981066350	-24.309659	0.0	0.0
6.544739	0.981037619	-24.327889	0.0	0.0
6.549619	0.981008867	-24.346119	0.0	0.0
6.554499	0.980980095	-24.364349	0.0	0.0
6.559380	0.980951312	-24.382578	0.0	0.0
6.564260	0.980922499	-24.400807	0.0	0.0
6.569140	0.980893665	-24.419036	0.0	0.0
6.574021	0.980864811	-24.437265	0.0	0.0
6.578901	0.980835946	-24.455494	0.0	0.0
6.583781	0.980807050	-24.473723	0.0	0.0
6.588662	0.980778133	-24.491951	0.0	0.0
6.593542	0.980749207	-24.510179	0.0	0.0
6.598422	0.980720249	-24.528407	0.0	0.0
6.603302	0.980691272	-24.546635	0.0	0.0
6.608183	0.980662273	-24.564863	0.0	0.0
6.613063	0.980633264	-24.583090	0.0	0.0
6.617943	0.980604225	-24.601318	0.0	0.0
6.622824	0.980575165	-24.619545	0.0	0.0
6.627704	0.980546093	-24.637772	0.0	0.0
6.632584	0.980516992	-24.655999	0.0	0.0
6.637465	0.980487880	-24.674225	0.0	0.0
6.642345	0.980458738	-24.692452	0.0	0.0
6.647225	0.980429575	-24.710678	0.0	0.0
6.652106	0.980400402	-24.728904	0.0	0.0
6.656986	0.980371198	-24.747129	0.0	0.0
6.661866	0.980341973	-24.765355	0.0	0.0
6.666747	0.980312737	-24.783581	0.0	0.0
6.671627	0.980283472	-24.801806	0.0	0.0
6.676507	0.980254196	-24.820031	0.0	0.0
6.681387	0.980224889	-24.838256	0.0	0.0
6.686268	0.980195562	-24.856481	0.0	0.0
6.691148	0.980166224	-24.874705	0.0	0.0
6.696028	0.980136856	-24.892930	0.0	0.0
6.700909	0.980107477	-24.911154	0.0	0.0
6.705789	0.980078067	-24.929378	0.0	0.0
6.710669	0.980048637	-24.947602	0.0	0.0
6.715550	0.980019196	-24.965826	0.0	0.0
6.720430	0.979989726	-24.984049	0.0	0.0
6.725310	0.979960234	-25.002273	0.0	0.0
6.730191	0.979930732	-25.020496	0.0	0.0
6.735071	0.979901200	-25.038719	0.0	0.0
6.739951	0.979871647	-25.056941	0.0	0.0
6.744832	0.979842082	-25.075164	0.0	0.0
6.749712	0.979812488	-25.093387	0.0	0.0
6.754592	0.979782874	-25.111609	0.0	0.0
6.759472	0.979753249	-25.129831	0.0	0.0
6.764353	0.979723593	-25.148053	0.0	0.0
6.769233	0.979693917	-25.166275	0.0	0.0
6.774113	0.979664220	-25.184496	0.0	0.0
6.778994	0.979634513	-25.202717	0.0	0.0
6.783874	0.979604775	-25.220939	0.0	0.0
6.788754	0.979575017	-25.239160	0.0	0.0
6.793635	0.979545238	-25.257381	0.0	0.0
6.798515	0.979515449	-25.275601	0.0	0.0
6.803395	0.979485630	-25.293822	0.0	0.0
6.808276	0.979455790	-25.312042	0.0	0.0
6.813156	0.979425929	-25.330262	0.0	0.0
6.818036	0.979396047	-25.348482	0.0	0.0
6.822917	0.979366146	-25.366702	0.0	0.0
6.827797	0.979336234	-25.384922	0.0	0.0
6.832677	0.979306291	-25.403141	0.0	0.0
6.837557	0.979276328	-25.421360	0.0	0.0
6.842438	0.979246345	-25.439579	0.0	0.0
6.847318	0.979216341	-25.457798	0.0	0.0
6.852198	0.979186316	-25.476017	0.0	0.0
6.857079	0.979156281	-25.494236	0.0	0.0
6.861959	0.979126215	-25.512454	0.0	0.0
6.866839	0.979096129	-25.530672	0.0	0.0
6.871720	0.979066023	-25.548890	0.0	0.0
6.876600	0.979035896	-25.567108	0.0	0.0
6.881480	0.979005749	-25.585326	0.0	0.0
6.886361	0.978975591	-25.603543	0.0	0.0
6.891241	0.978945403	-25.621761	0.0	0.0
6.896121	0.978915193	-25.639978	0.0	0.0
6.901002	0.978884964	-25.658195	0.0	0.0
6.905882	0.978854725	-25.676412	0.0	0.0
6.910762	0.978824455	-25.694628	0.0	0.0
6.915642	0.978794164	-25.712845	0.0	0.0
6.920523	0.978763853	-25.731061	0.0	0.0
6.925403	0.978733531	-25.749277	0.0	0.0
6.930283	0.978703180	-25.767493	0.0	0.0
6.935164	0.978672807	-25.785709	0.0	0.0
6.940044	0.978642414	-25.803925	0.0	0.0
6.944924	0.978612010	-25.822140	0.0	0.0
6.949805	0.978581577	-25.840355	0.0	0.0
6.954685	0.978551123	-25.858570	0.0	0.0
6.959565	0.978520658	-25.876785	0.0	0.0
6.964446	0.978490163	-25.895000	0.0	0.0
6.969326	0.978459648	-25.913214	0.0	0.0
6.974206	0.978429121	-25.931429	0.0	0.0
6.979087	0.978398565	-25.949643	0.0	0.0
6.983967	0.978367988	-25.967857	0.0	0.0
6.988847	0.978337401	-25.986071	0.0	0.0
6.993727	0.978306783	-26.004285	0.0	0.0
6.998608	0.978276145	-26.022498	0.0	0.0
7.003488	0.978245496	-26.040712	0.0	0.0
7.008368	0.978214818	-26.058925	0.0	0.0
7.013249	0.978184127	-26.077138	0.0	0.0
7.018129	0.978153408	-26.095351	0.0	0.0
7.023009	0.978122668	-26.113564	0.0	0.0
7.027890	0.978091917	-26.131776	0.0	0.0
7.032770	0.978061136	-26.149989	0.0	0.0
7.037650	0.978030335	-26.168201	0.0	0.0
7.042531	0.977999523	-26.186413	0.0	0.0
7.047411	0.977968681	-26.204624	0.0	0.0
7.052291	0.977937817	-26.222836	0.0	0.0
7.057172	0.977906934	-26.241048	0.0	0.0
7.062052	0.977876041	-26.259259	0.0	0.0
7.066932	0.977845117	-26.277470	0.0	0.0
7.071812	0.977814173	-26.295681	0.0	0.0
7.076693	0.977783218	-26.313892	0.0	0.0
7.081573	0.977752233	-26.332103	0.0	0.0
7.086453	0.977721228	-26.350313	0.0	0.0
7.091334	0.977690201	-26.368524	0.0	0.0
7.096214	0.977659155	-26.386734	0.0	0.0
7.101094	0.977628098	-26.404944	0.0	0.0
7.105975	0.977597011	-26.423153	0.0	0.0
7.110855	0.977565904	-26.441363	0.0	0.0
7.115735	0.977534776	-26.459572	0.0	0.0
7.120616	0.977503628	-26.477782	0.0	0.0
7.125496	0.977472470	-26.495991	0.0	0.0
7.130376	0.977441280	-26.514200	0.0	0.0
7.135257	0.977410071	-26.532409	0.0	0.0
7.140137	0.977378841	-26.550617	0.0	0.0
7.145017	0.977347591	-26.568826	0.0	0.0
7.149897	0.977316321	-26.587034	0.0	0.0
7.154778	0.977285030	-26.605242	0.0	0.0
7.159658	0.977253719	-26.623450	0.0	0.0
7.164538	0.977222397	-26.641658	0.0	0.0
7.169419	0.977191045	-26.659866	0.0	0.0
7.174299	0.977159673	-26.678073	0.0	0.0
7.179179	0.977128280	-26.696280	0.0	0.0
7.184060	0.977096867	-26.714488	0.0	0.0
7.188940	0.977065434	-26.732694	0.0	0.0
7.193820	0.977033980	-26.750901	0.0	0.0
7.198701	0.977002506	-26.769108	0.0	0.0
7.203581	0.976971021	-26.787315	0.0	0.0
7.208461	0.976939507	-26.805521	0.0	0.0
7.213342	0.976907972	-26.823727	0.0	0.0
7.218222	0.976876416	-26.841933	0.0	0.0
7.223102	0.976844841	-26.860139	0.0	0.0
7.227982	0.976813244	-26.878344	0.0	0.0
7.232863	0.976781638	-26.896550	0.0	0.0
7.237743	0.976750001	-26.914755	0.0	0.0
7.242623	0.976718343	-26.932960	0.0	0.0
7.247504	0.976686666	-26.951165	0.0	0.0
7.252384	0.976654978	-26.969370	0.0	0.0
7.257264	0.976623260	-26.987574	0.0	0.0
7.262145	0.976591521	-27.005779	0.0	0.0
7.267025	0.976559763	-27.023983	0.0	0.0
7.271905	0.976527993	-27.042187	0.0	0.0
7.276786	0.976496194	-27.060391	0.0	0.0
7.281666	0.976464374	-27.078595	0.0	0.0
7.286546	0.976432543	-27.096799	0.0	0.0
7.291427	0.976400683	-27.115002	0.0	0.0
7.296307	0.976368802	-27.133206	0.0	0.0
7.301187	0.976336911	-27.151409	0.0	0.0
7.306067	0.976304990	-27.169612	0.0	0.0
7.310948	0.976273048	-27.187814	0.0	0.0
7.315828	0.976241096	-27.206017	0.0	0.0
7.320708	0.976209113	-27.224220	0.0	0.0
7.325589	0.976177110	-27.242422	0.0	0.0
7.330469	0.976145088	-27.260624	0.0	0.0
7.335349	0.976113054	-27.278826	0.0	0.0
7.340230	0.976080991	-27.297028	0.0	0.0
7.345110	0.976048907	-27.315230	0.0	0.0
7.349990	0.976016813	-27.333431	0.0	0.0
7.354871	0.975984688	-27.351632	0.0	0.0
7.359751	0.975952543	-27.369834	0.0	0.0
7.364631	0.975920378	-27.388035	0.0	0.0
7.369512	0.975888202	-27.406236	0.0	0.0
7.374392	0.975855997	-27.424436	0.0	0.0
7.379272	0.975823771	-27.442637	0.0	0.0
7.384152	0.975791525	-27.460837	0.0	0.0
7.389033	0.975759259	-27.479037	0.0	0.0
7.393913	0.975726982	-27.497237	0.0	0.0
7.398793	0.975694674	-27.515437	0.0	0.0
7.403674	0.975662347	-27.533637	0.0	0.0
7.408554	0.975629999	-27.551837	0.0	0.0
7.413434	0.975597631	-27.570036	0.0	0.0
7.418315	0.975565243	-27.588235	0.0	0.0
7.423195	0.975532835	-27.606434	0.0	0.0
7.428075	0.975500406	-27.624633	0.0	0.0
7.432956	0.975467957	-27.642832	0.0	0.0
7.437836	0.975435497	-27.661031	0.0	0.0
7.442716	0.975403008	-27.679229	0.0	0.0
7.447597	0.975370498	-27.697427	0.0	0.0
7.452477	0.975337968	-27.715625	0.0	0.0
7.457357	0.975305418	-27.733823	0.0	0.0
7.462237	0.975272848	-27.752021	0.0	0.0
7.467118	0.975240257	-27.770219	0.0	0.0
7.471998	0.975207646	-27.788416	0.0	0.0
7.476878	0.975175014	-27.806614	0.0	0.0
7.481759	0.975142363	-27.824811	0.0	0.0
7.486639	0.975109691	-27.843008	0.0	0.0
7.491519	0.975076999	-27.861204	0.0	0.0
7.496400	0.975044287	-27.879401	0.0	0.0
7.501280	0.975011554	-27.897597	0.0	0.0
7.506160	0.974978811	-27.915794	0.0	0.0
7.511041	0.974946038	-27.933990	0.0	0.0
7.515921	0.974913244	-27.952186	0.0	0.0
7.520801	0.974880431	-27.970382	0.0	0.0
7.525682	0.974847597	-27.988578	0.0	0.0
7.530562	0.974814744	-28.006773	0.0	0.0
7.535442	0.974781879	-28.024968	0.0	0.0
7.540322	0.974748985	-28.043163	0.0	0.0
7.545203	0.974716070	-28.061358	0.0	0.0
7.550083	0.974683135	-28.079553	0.0	0.0
7.554963	0.974650190	-28.097748	0.0	0.0
7.559844	0.974617214	-28.115943	0.0	0.0
7.564724	0.974584219	-28.134137	0.0	0.0
7.569604	0.974551203	-28.152331	0.0	0.0
7.574485	0.974518177	-28.170526	0.0	0.0
7.579365	0.974485121	-28.188719	0.0	0.0
7.584245	0.974452045	-28.206913	0.0	0.0
7.589126	0.974418958	-28.225107	0.0	0.0
7.594006	0.974385840	-28.243300	0.0	0.0
7.598886	0.974352703	-28.261494	0.0	0.0
7.603767	0.974319546	-28.279687	0.0	0.0
7.608647	0.974286379	-28.297880	0.0	0.0
7.613527	0.974253181	-28.316072	0.0	0.0
7.618407	0.974219963	-28.334265	0.0	0.0
7.623288	0.974186735	-28.352458	0.0	0.0
7.628168	0.974153476	-28.370650	0.0	0.0
7.633048	0.974120198	-28.388842	0.0	0.0
7.637929	0.974086899	-28.407034	0.0	0.0
7.642809	0.974053581	-28.425226	0.0	0.0
7.647689	0.974020251	-28.443418	0.0	0.0
7.652570	0.973986892	-28.461609	0.0	0.0
7.657450	0.973953513	-28.479801	0.0	0.0
7.662330	0.973920114	-28.497992	0.0	0.0
7.667211	0.973886693	-28.516183	0.0	0.0
7.672091	0.973853253	-28.534374	0.0	0.0
7.676971	0.973819793	-28.552565	0.0	0.0
7.681852	0.973786313	-28.570755	0.0	0.0
7.686732	0.973752813	-28.588946	0.0	0.0
7.691612	0.973719292	-28.607136	0.0	0.0
7.696492	0.973685751	-28.625326	0.0	0.0
7.701373	0.973652191	-28.643516	0.0	0.0
7.706253	0.973618609	-28.661706	0.0	0.0
7.711133	0.973585008	-28.679896	0.0	0.0
7.716014	0.973551386	-28.698085	0.0	0.0
7.720894	0.973517745	-28.716274	0.0	0.0
7.725774	0.973484083	-28.734464	0.0	0.0
7.730655	0.973450401	-28.752653	0.0	0.0
7.735535	0.973416709	-28.770841	0.0	0.0
7.740415	0.973382987	-28.789030	0.0	0.0
7.745296	0.973349244	-28.807219	0.0	0.0
7.750176	0.973315481	-28.825407	0.0	0.0
7.755056	0.973281698	-28.843595	0.0	0.0
7.759937	0.973247896	-28.861783	0.0	0.0
7.764817	0.973214073	-28.879971	0.0	0.0
7.769697	0.973180230	-28.898159	0.0	0.0
7.774577	0.973146366	-28.916347	0.0	0.0
7.779458	0.973112493	-28.934534	0.0	0.0
7.784338	0.973078589	-28.952722	0.0	0.0
7.789218	0.973044665	-28.970909	0.0	0.0
7.794099	0.973010721	-28.989096	0.0	0.0
7.798979	0.972976767	-29.007283	0.0	0.0
7.803859	0.972942783	-29.025469	0.0	0.0
7.808740	0.972908779	-29.043656	0.0	0.0
7.813620	0.972874764	-29.061842	0.0	0.0
7.818500	0.972840720	-29.080028	0.0	0.0
7.823381	0.972806655	-29.098214	0.0	0.0
7.828261	0.972772580	-29.116400	0.0	0.0
7.833141	0.972738475	-29.134586	0.0	0.0
7.838022	0.972704350	-29.152772	0.0	0.0
7.842902	0.972670215	-29.170957	0.0	0.0
7.847782	0.972636050	-29.189142	0.0	0.0
7.852662	0.972601865	-29.207327	0.0	0.0
7.857543	0.972567659	-29.225512	0.0	0.0
7.862423	0.972533433	-29.243697	0.0	0.0
7.867303	0.972499187	-29.261882	0.0	0.0
7.872184	0.972464931	-29.280066	0.0	0.0
7.877064	0.972430646	-29.298251	0.0	0.0
7.881944	0.972396340	-29.316435	0.0	0.0
7.886825	0.972362014	-29.334619	0.0	0.0
7.891705	0.972327668	-29.352803	0.0	0.0
7.896585	0.972293302	-29.370986	0.0	0.0
7.901466	0.972258905	-29.389170	0.0	0.0
7.906346	0.972224499	-29.407354	0.0	0.0
7.911226	0.972190072	-29.425537	0.0	0.0
7.916107	0.972155626	-29.443720	0.0	0.0
7.920987	0.972121159	-29.461903	0.0	0.0
7.925867	0.972086672	-29.480085	0.0	0.0
7.930747	0.972052165	-29.498268	0.0	0.0
7.935628	0.972017639	-29.516451	0.0	0.0
7.940508	0.971983101	-29.534633	0.0	0.0
7.945388	0.971948534	-29.552815	0.0	0.0
7.950269	0.971913946	-29.570997	0.0	0.0
7.955149	0.971879339	-29.589179	0.0	0.0
7.960029	0.971844722	-29.607361	0.0	0.0
7.964910	0.971810074	-29.625542	0.0	0.0
7.969790	0.971775417	-29.643724	0.0	0.0
7.974670	0.971740739	-29.661905	0.0	0.0
7.979551	0.971706031	-29.680086	0.0	0.0
7.984431	0.971671303	-29.698267	0.0	0.0
7.989311	0.971636555	-29.716448	0.0	0.0
7.994192	0.971601788	-29.734629	0.0	0.0
7.999072	0.971566990	-29.752809	0.0	0.0
8.003952	0.971532163	-29.770989	0.0	0.0
8.008832	0.971497306	-29.789169	0.0	0.0
8.013713	0.971462409	-29.807350	0.0	0.0
8.018593	0.971427492	-29.825530	0.0	0.0
8.023473	0.971392517	-29.843709	0.0	0.0
8.028354	0.971357512	-29.861889	0.0	0.0
8.033234	0.971322438	-29.880068	0.0	0.0
8.038114	0.971287315	-29.898247	0.0	0.0
8.042995	0.971252133	-29.916426	0.0	0.0
8.047875	0.971216863	-29.934605	0.0	0.0
8.052755	0.971181514	-29.952784	0.0	0.0
8.057636	0.971146068	-29.970963	0.0	0.0
8.062516	0.971110515	-29.989141	0.0	0.0
8.067396	0.971074835	-30.007320	0.0	0.0
8.072277	0.971039018	-30.025498	0.0	0.0
8.077157	0.971003036	-30.043676	0.0	0.0
8.082037	0.970966878	-30.061854	0.0	0.0
8.086917	0.970930517	-30.080031	0.0	0.0
8.091798	0.970893920	-30.098209	0.0	0.0
8.096678	0.970857062	-30.116387	0.0	0.0
8.101558	0.970819922	-30.134564	0.0	0.0
8.106439	0.970782451	-30.152741	0.0	0.0
8.111319	0.970744611	-30.170918	0.0	0.0
8.116199	0.970706363	-30.189095	0.0	0.0
8.121080	0.970667658	-30.207271	0.0	0.0
8.125960	0.970628448	-30.225448	0.0	0.0
8.130840	0.970588675	-30.243625	0.0	0.0
8.135721	0.970548261	-30.261801	0.0	0.0
8.140601	0.970507167	-30.279977	0.0	0.0
8.145481	0.970465297	-30.298153	0.0	0.0
8.150362	0.970422572	-30.316328	0.0	0.0
8.155242	0.970378916	-30.334504	0.0	0.0
8.160122	0.970334232	-30.352679	0.0	0.0
8.165002	0.970288422	-30.370854	0.0	0.0
8.169883	0.970241359	-30.389030	0.0	0.0
8.174763	0.970192939	-30.407205	0.0	0.0
8.179643	0.970143045	-30.425380	0.0	0.0
8.184524	0.970091511	-30.443554	0.0	0.0
8.189404	0.970038212	-30.461729	0.0	0.0
8.194284	0.969982993	-30.479903	0.0	0.0
8.199165	0.969925670	-30.498077	0.0	0.0
8.204045	0.969866078	-30.516251	0.0	0.0
8.208925	0.969804012	-30.534426	0.0	0.0
8.213806	0.969739281	-30.552599	0.0	0.0
8.218686	0.969671651	-30.570773	0.0	0.0
8.223566	0.969600910	-30.588946	0.0	0.0
8.228447	0.969526785	-30.607120	0.0	0.0
8.233327	0.969449036	-30.625293	0.0	0.0
8.238207	0.969367380	-30.643466	0.0	0.0
8.243087	0.969281528	-30.661639	0.0	0.0
8.247968	0.969191160	-30.679812	0.0	0.0
8.252848	0.969095947	-30.697984	0.0	0.0
8.257728	0.968995549	-30.716157	0.0	0.0
8.262609	0.968889600	-30.734329	0.0	0.0
8.267489	0.968777722	-30.752501	0.0	0.0
8.272369	0.968659497	-30.770673	0.0	0.0
8.277250	0.968534511	-30.788845	0.0	0.0
8.282130	0.968402307	-30.807016	0.0	0.0
8.287010	0.968262432	-30.825188	0.0	0.0
8.291891	0.968114382	-30.843359	0.0	0.0
8.296771	0.967957654	-30.861531	0.0	0.0
8.301651	0.967791705	-30.879702	0.0	0.0
8.306532	0.967615976	-30.897873	0.0	0.0
8.311412	0.967429875	-30.916043	0.0	0.0
8.316292	0.967232803	-30.934214	0.0	0.0
8.321172	0.967024121	-30.952384	0.0	0.0
8.326053	0.966803162	-30.970555	0.0	0.0
8.330933	0.966569249	-30.988725	0.0	0.0
8.335813	0.966321647	-31.006895	0.0	0.0
8.340694	0.966059641	-31.025065	0.0	0.0
8.345574	0.965782436	-31.043234	0.0	0.0
8.350454	0.965489241	-31.061404	0.0	0.0
8.355335	0.965179243	-31.079573	0.0	0.0
8.360215	0.964851572	-31.097743	0.0	0.0
8.365095	0.964505358	-31.115912	0.0	0.0
8.369976	0.964139683	-31.134081	0.0	0.0
8.374856	0.963753609	-31.152250	0.0	0.0
8.379736	0.963346170	-31.170418	0.0	0.0
8.384617	0.962916371	-31.188587	0.0	0.0
8.389497	0.962463176	-31.206755	0.0	0.0
8.394377	0.961985544	-31.224923	0.0	0.0
8.399257	0.961482391	-31.243091	0.0	0.0
8.404138	0.960952596	-31.261260	0.0	0.0
8.409018	0.960395031	-31.279427	0.0	0.0
8.413898	0.959808526	-31.297595	0.0	0.0
8.418779	0.959191893	-31.315762	0.0	0.0
8.423659	0.958543906	-31.333930	0.0	0.0
8.428539	0.957863328	-31.352097	0.0	0.0
8.433420	0.957148876	-31.370264	0.0	0.0
8.438300	0.956399273	-31.388431	0.0	0.0
8.443180	0.955613181	-31.406598	0.0	0.0
8.448061	0.954789275	-31.424764	0.0	0.0
8.452941	0.953926185	-31.442931	0.0	0.0
8.457821	0.953022512	-31.461097	0.0	0.0
8.462702	0.952076867	-31.479263	0.0	0.0
8.467582	0.951087820	-31.497429	0.0	0.0
8.472462	0.950053925	-31.515595	0.0	0.0
8.477343	0.948973725	-31.533761	0.0	0.0
8.482223	0.947845736	-31.551926	0.0	0.0
8.487103	0.946668481	-31.570091	0.0	0.0
8.491983	0.945440456	-31.588257	0.0	0.0
8.496864	0.944160138	-31.606422	0.0	0.0
8.501744	0.942826023	-31.624587	0.0	0.0
8.506624	0.941436559	-31.642751	0.0	0.0
8.511505	0.939990223	-31.660916	0.0	0.0
8.516385	0.938485462	-31.679081	0.0	0.0
8.521265	0.936920748	-31.697245	0.0	0.0
8.526146	0.935294526	-31.715409	0.0	0.0
8.531026	0.933605267	-31.733573	0.0	0.0
8.535906	0.931851410	-31.751737	0.0	0.0
8.540787	0.930031444	-31.769901	0.0	0.0
8.545667	0.928143817	-31.788064	0.0	0.0
8.550547	0.926187040	-31.806228	0.0	0.0
8.555428	0.924159589	-31.824391	0.0	0.0
8.560308	0.922059986	-31.842555	0.0	0.0
8.565188	0.919886748	-31.860718	0.0	0.0
8.570068	0.917638423	-31.878880	0.0	0.0
8.574949	0.915313579	-31.897043	0.0	0.0
8.579829	0.912910802	-31.915206	0.0	0.0
8.584709	0.910428699	-31.933368	0.0	0.0
8.589590	0.907865935	-31.951530	0.0	0.0
8.594470	0.905221175	-31.969693	0.0	0.0
8.599350	0.902493123	-31.987855	0.0	0.0
8.604231	0.899680523	-32.006016	0.0	0.0
8.609111	0.896782155	-32.024178	0.0	0.0
8.613991	0.893796850	-32.042339	0.0	0.0
8.618872	0.890723459	-32.060501	0.0	0.0
8.623752	0.887560908	-32.078662	0.0	0.0
8.628632	0.884308144	-32.096823	0.0	0.0
8.633513	0.880964182	-32.114984	0.0	0.0
8.638393	0.877528076	-32.133145	0.0	0.0
8.643273	0.873998948	-32.151306	0.0	0.0
8.648153	0.870375976	-32.169466	0.0	0.0
8.653034	0.866658380	-32.187626	0.0	0.0
8.657914	0.862845455	-32.205787	0.0	0.0
8.662794	0.858936565	-32.223947	0.0	0.0
8.667675	0.854931132	-32.242106	0.0	0.0
8.672555	0.850828644	-32.260267	0.0	0.0
8.677435	0.846628660	-32.278426	0.0	0.0
8.682316	0.842330815	-32.296586	0.0	0.0
8.687196	0.837934820	-32.314745	0.0	0.0
8.692076	0.833440446	-32.332904	0.0	0.0
8.696957	0.828847559	-32.351063	0.0	0.0
8.701837	0.824156085	-32.369222	0.0	0.0
8.706717	0.819366044	-32.387380	0.0	0.0
8.711598	0.814477535	-32.405539	0.0	0.0
8.716478	0.809490726	-32.423698	0.0	0.0
8.721358	0.804405889	-32.441856	0.0	0.0
8.726238	0.799223363	-32.460014	0.0	0.0
8.731119	0.793943587	-32.478172	0.0	0.0
8.735999	0.788567064	-32.496330	0.0	0.0
8.740879	0.783094406	-32.514487	0.0	0.0
8.745760	0.777526299	-32.532645	0.0	0.0
8.750640	0.771863529	-32.550803	0.0	0.0
8.755520	0.766106957	-32.568960	0.0	0.0
8.760401	0.760257541	-32.587117	0.0	0.0
8.765281	0.754316316	-32.605274	0.0	0.0
8.770161	0.748284404	-32.623431	0.0	0.0
8.775042	0.742163043	-32.641587	0.0	0.0
8.779922	0.735953529	-32.659744	0.0	0.0
8.784802	0.729657252	-32.677900	0.0	0.0
8.789683	0.723275682	-32.696057	0.0	0.0
8.794563	0.716810394	-32.714213	0.0	0.0
8.799443	0.710263029	-32.732369	0.0	0.0
8.804323	0.703635318	-32.750524	0.0	0.0
8.809204	0.696929075	-32.768680	0.0	0.0
8.814084	0.690146192	-32.786835	0.0	0.0
8.818964	0.683288640	-32.804991	0.0	0.0
8.823845	0.676358473	-32.823146	0.0	0.0
8.828725	0.669357816	-32.841301	0.0	0.0
8.833605	0.662288869	-32.859456	0.0	0.0
8.838486	0.655153899	-32.877611	0.0	0.0
8.843366	0.647955259	-32.895765	0.0	0.0
8.848246	0.640695362	-32.913920	0.0	0.0
8.853127	0.633376667	-32.932074	0.0	0.0
8.858007	0.626001729	-32.950228	0.0	0.0
8.862887	0.618573141	-32.968383	0.0	0.0
8.867768	0.611093565	-32.986537	0.0	0.0
8.872648	0.603565709	-33.004690	0.0	0.0
8.877528	0.595992350	-33.022844	0.0	0.0
8.882408	0.588376291	-33.040997	0.0	0.0
8.887289	0.580720395	-33.059150	0.0	0.0
8.892169	0.573027570	-33.077304	0.0	0.0
8.897049	0.565300755	-33.095457	0.0	0.0
8.901930	0.557542936	-33.113610	0.0	0.0
8.906810	0.549757136	-33.131762	0.0	0.0
8.911690	0.541946389	-33.149915	0.0	0.0
8.916571	0.534113776	-33.168067	0.0	0.0
8.921451	0.526262387	-33.186220	0.0	0.0
8.926331	0.518395340	-33.204372	0.0	0.0
8.931212	0.510515772	-33.222524	0.0	0.0
8.936092	0.502626820	-33.240675	0.0	0.0
8.940972	0.494731640	-33.258827	0.0	0.0
8.945853	0.486833406	-33.276979	0.0	0.0
8.950733	0.478935263	-33.295130	0.0	0.0
8.955613	0.471040375	-33.313282	0.0	0.0
8.960493	0.463151914	-33.331433	0.0	0.0
8.965374	0.455273005	-33.349584	0.0	0.0
8.970254	0.447406800	-33.367734	0.0	0.0
8.975134	0.439556412	-33.385885	0.0	0.0
8.980015	0.431724936	-33.404036	0.0	0.0
8.984895	0.423915464	-33.422186	0.0	0.0
8.989775	0.416131041	-33.440336	0.0	0.0
8.994656	0.408374682	-33.458486	0.0	0.0
8.999536	0.400649382	-33.476636	0.0	0.0
9.004416	0.392958098	-33.494786	0.0	0.0
9.009297	0.385303737	-33.512936	0.0	0.0
9.014177	0.377689176	-33.531085	0.0	0.0
9.019057	0.370117246	-33.549235	0.0	0.0
9.023938	0.362590709	-33.567384	0.0	0.0
9.028818	0.355112305	-33.585533	0.0	0.0
9.033698	0.347684709	-33.603682	0.0	0.0
9.038578	0.340310537	-33.621831	0.0	0.0
9.043459	0.332992326	-33.639979	0.0	0.0
9.048339	0.325732596	-33.658128	0.0	0.0
9.053219	0.318533777	-33.676276	0.0	0.0
9.058100	0.311398214	-33.694425	0.0	0.0
9.062980	0.304328211	-33.712573	0.0	0.0
9.067860	0.297326007	-33.730721	0.0	0.0
9.072741	0.290393742	-33.748868	0.0	0.0
9.077621	0.283533488	-33.767016	0.0	0.0
9.082501	0.276747271	-33.785163	0.0	0.0
9.087382	0.270036989	-33.803311	0.0	0.0
9.092262	0.263404512	-33.821458	0.0	0.0
9.097142	0.256851593	-33.839605	0.0	0.0
9.102023	0.250379919	-33.857752	0.0	0.0
9.106903	0.243991088	-33.875899	0.0	0.0
9.111783	0.237686622	-33.894045	0.0	0.0
9.116663	0.231467966	-33.912192	0.0	0.0
9.121544	0.225336457	-33.930338	0.0	0.0
9.126424	0.219293357	-33.948484	0.0	0.0
9.131304	0.213339858	-33.966630	0.0	0.0
9.136185	0.207477059	-33.984776	0.0	0.0
9.141065	0.201705948	-34.002922	0.0	0.0
9.145945	0.196027460	-34.021068	0.0	0.0
9.150826	0.190442421	-34.039213	0.0	0.0
9.155706	0.184951599	-34.057358	0.0	0.0
9.160586	0.179555638	-34.075503	0.0	0.0
9.165467	0.174255143	-34.093648	0.0	0.0
9.170347	0.169050594	-34.111793	0.0	0.0
9.175227	0.163942411	-34.129938	0.0	0.0
9.180108	0.158930931	-34.148083	0.0	0.0
9.184988	0.154016391	-34.166227	0.0	0.0
9.189868	0.149198973	-34.184371	0.0	0.0
9.194748	0.144478771	-34.202515	0.0	0.0
9.199629	0.139855793	-34.220659	0.0	0.0
9.204509	0.135329969	-34.238803	0.0	0.0
9.209389	0.130901171	-34.256947	0.0	0.0
9.214270	0.126569187	-34.275091	0.0	0.0
9.219150	0.122333725	-34.293234	0.0	0.0
9.224030	0.118194446	-34.311377	0.0	0.0
9.228911	0.114150907	-34.329520	0.0	0.0
9.233791	0.110202643	-34.347663	0.0	0.0
9.238671	0.106349094	-34.365806	0.0	0.0
9.243552	0.102589633	-34.383949	0.0	0.0
9.248432	0.098923594	-34.402092	0.0	0.0
9.253312	0.095350238	-34.420234	0.0	0.0
9.258193	0.091868776	-34.438376	0.0	0.0
9.263073	0.088478361	-34.456518	0.0	0.0
9.267953	0.085178094	-34.474660	0.0	0.0
9.272833	0.081967029	-34.492802	0.0	0.0
9.277714	0.078844169	-34.510944	0.0	0.0
9.282594	0.075808473	-34.529085	0.0	0.0
9.287474	0.072858857	-34.547227	0.0	0.0
9.292355	0.069994196	-34.565368	0.0	0.0
9.297235	0.067213326	-34.583509	0.0	0.0
9.302115	0.064515048	-34.601650	0.0	0.0
9.306996	0.061898127	-34.619791	0.0	0.0
9.311876	0.059361298	-34.637932	0.0	0.0
9.316756	0.056903267	-34.656072	0.0	0.0
9.321637	0.054522711	-34.674213	0.0	0.0
9.326517	0.052218285	-34.692353	0.0	0.0
9.331397	0.049988618	-34.710493	0.0	0.0
9.336278	0.047832323	-34.728633	0.0	0.0
9.341158	0.045747990	-34.746773	0.0	0.0
9.346038	0.043734197	-34.764913	0.0	0.0
9.350918	0.041789507	-34.783052	0.0	0.0
9.355799	0.039912470	-34.801191	0.0	0.0
9.360679	0.038101627	-34.819331	0.0	0.0
9.365559	0.036355513	-34.837470	0.0	0.0
9.370440	0.034672656	-34.855609	0.0	0.0
9.375320	0.033051579	-34.873748	0.0	0.0
9.380200	0.031490806	-34.891886	0.0	0.0
9.385081	0.029988857	-34.910025	0.0	0.0
9.389961	0.028544258	-34.928163	0.0	0.0
9.394841	0.027155534	-34.946301	0.0	0.0
9.399722	0.025821219	-34.964439	0.0	0.0
9.404602	0.024539852	-34.982578	0.0	0.0
9.409482	0.023309978	-35.000715	0.0	0.0
9.414363	0.022130156	-35.018853	0.0	0.0
9.419243	0.020998952	-35.036990	0.0	0.0
9.424123	0.019914946	-35.055128	0.0	0.0
9.429003	0.018876733	-35.073265	0.0	0.0
9.433884	0.017882921	-35.091402	0.0	0.0
9.438764	0.016932134	-35.109539	0.0	0.0
9.443644	0.016023013	-35.127676	0.0	0.0
9.448525	0.015154219	-35.145813	0.0	0.0
9.453405	0.014324430	-35.163949	0.0	0.0
9.458285	0.013532346	-35.182085	0.0	0.0
9.463166	0.012776685	-35.200222	0.0	0.0
9.468046	0.012056188	-35.218358	0.0	0.0
9.472926	0.011369621	-35.236493	0.0	0.0
9.477807	0.010715767	-35.254629	0.0	0.0
9.482687	0.010093439	-35.272765	0.0	0.0
9.487567	0.009501469	-35.290901	0.0	0.0
9.492448	0.008938717	-35.309036	0.0	0.0
9.497328	0.008404065	-35.327171	0.0	0.0
9.502208	0.007896423	-35.345306	0.0	0.0
9.507088	0.007414725	-35.363441	0.0	0.0
9.511969	0.006957931	-35.381576	0.0	0.0
9.516849	0.006525027	-35.399710	0.0	0.0
9.521729	0.006115026	-35.417845	0.0	0.0
9.526610	0.005726967	-35.435979	0.0	0.0
9.531490	0.005359914	-35.454114	0.0	0.0
9.536370	0.005012959	-35.472248	0.0	0.0
9.541251	0.004685219	-35.490381	0.0	0.0
9.546131	0.004375839	-35.508515	0.0	0.0
9.551011	0.004083989	-35.526649	0.0	0.0
9.555892	0.003808864	-35.544782	0.0	0.0
9.560772	0.003549686	-35.562916	0.0	0.0
9.565652	0.003305703	-35.581049	0.0	0.0
9.570533	0.003076187	-35.599182	0.0	0.0
9.575413	0.002860435	-35.617315	0.0	0.0
9.580293	0.002657770	-35.635448	0.0	0.0
9.585173	0.002467538	-35.653580	0.0	0.0
9.590054	0.002289110	-35.671713	0.0	0.0
9.594934	0.002121880	-35.689845	0.0	0.0
9.599814	0.001965265	-35.707978	0.0	0.0
9.604695	0.001818705	-35.726110	0.0	0.0
9.609575	0.001681662	-35.744241	0.0	0.0
9.614455	0.001553621	-35.762373	0.0	0.0
9.619336	0.001434086	-35.780505	0.0	0.0
9.624216	0.001322583	-35.798636	0.0	0.0
9.629096	0.001218660	-35.816767	0.0	0.0
9.633977	0.001121883	-35.834899	0.0	0.0
9.638857	0.001031837	-35.853030	0.0	0.0
9.643737	0.000948128	-35.871161	0.0	0.0
9.648618	0.000870376	-35.889291	0.0	0.0
9.653498	0.000798224	-35.907422	0.0	0.0
9.658378	0.000731328	-35.925553	0.0	0.0
9.663258	0.000669364	-35.943683	0.0	0.0
9.668139	0.000612021	-35.961813	0.0	0.0
9.673019	0.000559005	-35.979943	0.0	0.0
9.677899	0.000510037	-35.998073	0.0	0.0
9.682780	0.000464853	-36.016203	0.0	0.0
9.687660	0.000423203	-36.034332	0.0	0.0
9.692540	0.000384849	-36.052462	0.0	0.0
9.697421	0.000349567	-36.070591	0.0	0.0
9.702301	0.000317145	-36.088720	0.0	0.0
9.707181	0.000287385	-36.106849	0.0	0.0
9.712062	0.000260097	-36.124979	0.0	0.0
9.716942	0.000235104	-36.143107	0.0	0.0
9.721822	0.000212239	-36.161236	0.0	0.0
9.726703	0.000191347	-36.179364	0.0	0.0
9.731583	0.000172278	-36.197492	0.0	0.0
9.736463	0.000154896	-36.215621	0.0	0.0
9.741343	0.000139071	-36.233749	0.0	0.0
9.746224	0.000124682	-36.251876	0.0	0.0
9.751104	0.000111616	-36.270005	0.0	0.0
9.755984	0.000099766	-36.288132	0.0	0.0
9.760865	0.000089035	-36.306260	0.0	0.0
9.765745	0.000079331	-36.324387	0.0	0.0
9.770625	0.000070567	-36.342514	0.0	0.0
9.775506	0.000062664	-36.360641	0.0	0.0
9.780386	0.000055549	-36.378768	0.0	0.0
9.785266	0.000049153	-36.396894	0.0	0.0
9.790147	0.000043412	-36.415021	0.0	0.0
9.795027	0.000038268	-36.433148	0.0	0.0
9.799907	0.000033667	-36.451274	0.0	0.0
9.804788	0.000029558	-36.469400	0.0	0.0
9.809668	0.000025895	-36.487526	0.0	0.0
9.814548	0.000022636	-36.505652	0.0	0.0
9.819428	0.000019742	-36.523778	0.0	0.0
9.824309	0.000017178	-36.541903	0.0	0.0
9.829189	0.000014909	-36.560029	0.0	0.0
9.834069	0.000012907	-36.578154	0.0	0.0
9.838950	0.000011144	-36.596280	0.0	0.0
9.843830	0.000009595	-36.614405	0.0	0.0
9.848710	0.000008237	-36.632529	0.0	0.0
9.853591	0.000007049	-36.650654	0.0	0.0
9.858471	0.000006014	-36.668779	0.0	0.0
9.863351	0.000005113	-36.686903	0.0	0.0
9.868232	0.000004332	-36.705028	0.0	0.0
9.873112	0.000003656	-36.723152	0.0	0.0
9.877992	0.000003073	-36.741276	0.0	0.0
9.882873	0.000002572	-36.759400	0.0	0.0
9.887753	0.000002143	-36.777523	0.0	0.0
9.892633	0.000001777	-36.795647	0.0	0.0
9.897513	0.000001466	-36.813770	0.0	0.0
9.902394	0.000001202	-36.831894	0.0	0.0
9.907274	0.000000980	-36.850017	0.0	0.0
9.912154	0.000000793	-36.868140	0.0	0.0
9.917035	0.000000637	-36.886263	0.0	0.0
9.921915	0.000000508	-36.904386	0.0	0.0
9.926795	0.000000401	-36.922508	0.0	0.0
9.931676	0.000000313	-36.940631	0.0	0.0
9.936556	0.000000241	-36.958753	0.0	0.0
9.941436	0.000000183	-36.976875	0.0	0.0
9.946317	0.000000136	-36.994997	0.0	0.0
9.951197	0.000000099	-37.013119	0.0	0.0
9.956077	0.000000070	-37.031241	0.0	0.0
9.960958	0.000000047	-37.049362	0.0	0.0
9.965838	0.000000029	-37.067484	0.0	0.0
9.970718	0.000000016	-37.085605	0.0	0.0
9.975598	0.000000006	-37.103727	0.0	0.0
9.980479	0.000000002	-37.121850	0.0	0.0
9.985359	0.000000007	-37.139964	0.0	0.0
9.990239	0.000000011	-37.158087	0.0	0.0
9.995120	0.000000013	-37.176210	0.0	0.0
10.000000	0.000000014	-37.194333	0.0	0.0
