# UNCLASSIFIED
#
# Response info for SIV vertical channel IDC broadband site.
#
# Effective: 18 May 2008
# Response Created: 08 Jun 2009
# File name: SIV.MHZ.958608000   
# Inid: 7145 
# Source:  James Neely (TTD), TSgt Swindle (TTD)
# System equipment: Dase LPHA-12s sensor and Alpillies digitizer
#
# This response file was derived from equations of state.
# Displacement response relative to 1.0 at 0.05 Hz. 
#
# The calib values for this configuration are as follows:
#
# SIV MHZ is 0.402400 nm/count at 0.05 Hz.
#
# Freq(Hz)     Amp(counts/nm)   Phase(deg)  Error(amp)  Error(phase)
#
 theoretical  0       system    fap   J.Neely
2046
0.002930	0.010139291	188.6881648	0.0	0.0
0.003906	0.018195152	180.8774194	0.0	0.0
0.004883	0.028399396	174.8522546	0.0	0.0
0.005859	0.040478126	169.8333976	0.0	0.0
0.006836	0.054271372	165.4450637	0.0	0.0
0.007813	0.069537974	161.512504	0.0	0.0
0.008789	0.086027684	157.9338335	0.0	0.0
0.009766	0.103701342	154.6352979	0.0	0.0
0.010742	0.122229830	151.5865684	0.0	0.0
0.011719	0.141641863	148.7457363	0.0	0.0
0.012695	0.161877023	146.1016482	0.0	0.0
0.013672	0.182614815	143.6274153	0.0	0.0
0.014648	0.203565071	141.3144276	0.0	0.0
0.015625	0.225054727	139.1427466	0.0	0.0
0.016602	0.246668195	137.1070944	0.0	0.0
0.017578	0.268118868	135.1921828	0.0	0.0
0.018555	0.290656235	133.3887788	0.0	0.0
0.019531	0.313070085	131.6942161	0.0	0.0
0.020508	0.334781332	130.0932374	0.0	0.0
0.021484	0.356987106	128.5824237	0.0	0.0
0.022461	0.379247653	127.1531274	0.0	0.0
0.023438	0.401943719	125.7997224	0.0	0.0
0.024414	0.424273911	124.5202693	0.0	0.0
0.025391	0.446721098	123.3039378	0.0	0.0
0.026367	0.469127953	122.1498661	0.0	0.0
0.027344	0.492115117	121.0524486	0.0	0.0
0.028320	0.514165120	120.0105034	0.0	0.0
0.029297	0.535449276	119.0126387	0.0	0.0
0.030273	0.558389066	118.0630123	0.0	0.0
0.031250	0.580763848	117.1561201	0.0	0.0
0.032227	0.602392312	116.2871484	0.0	0.0
0.033203	0.625333365	115.4567488	0.0	0.0
0.034180	0.648433470	114.6607925	0.0	0.0
0.035156	0.671012297	113.9002123	0.0	0.0
0.036133	0.693080618	113.1689161	0.0	0.0
0.037109	0.713866662	112.4665948	0.0	0.0
0.038086	0.733902338	111.7881352	0.0	0.0
0.039063	0.756175945	111.1343395	0.0	0.0
0.040039	0.778275589	110.5065856	0.0	0.0
0.041016	0.800195635	109.9002722	0.0	0.0
0.041992	0.821259655	109.3155829	0.0	0.0
0.042969	0.843529209	108.7485211	0.0	0.0
0.043945	0.867442554	108.2026276	0.0	0.0
0.044922	0.890078309	107.6758151	0.0	0.0
0.045898	0.911040871	107.1655206	0.0	0.0
0.046875	0.932531938	106.6684202	0.0	0.0
0.047852	0.953906172	106.1888031	0.0	0.0
0.048828	0.974895656	105.7207136	0.0	0.0
0.049805	0.996748959	105.2679155	0.0	0.0
0.050781	1.018989673	104.8273792	0.0	0.0
0.051758	1.041063252	104.4003314	0.0	0.0
0.052734	1.062450289	103.9848713	0.0	0.0
0.053711	1.082852709	103.5794509	0.0	0.0
0.054688	1.103171752	103.1823716	0.0	0.0
0.055664	1.125901239	102.79714	0.0	0.0
0.056641	1.148398678	102.4220578	0.0	0.0
0.057617	1.169657799	102.0571564	0.0	0.0
0.058594	1.190703168	101.7011099	0.0	0.0
0.059570	1.209814149	101.3524938	0.0	0.0
0.060547	1.228585733	101.0096689	0.0	0.0
0.061523	1.249216182	100.6740222	0.0	0.0
0.062500	1.269921022	100.3473151	0.0	0.0
0.063477	1.291046242	100.0262994	0.0	0.0
0.064453	1.312241648	99.7111942	0.0	0.0
0.065430	1.335301345	99.40344603	0.0	0.0
0.066406	1.358146299	99.10380878	0.0	0.0
0.067383	1.379060298	98.81026584	0.0	0.0
0.068359	1.399979689	98.52107806	0.0	0.0
0.069336	1.421149277	98.23759327	0.0	0.0
0.070313	1.442244627	97.95763137	0.0	0.0
0.071289	1.463475945	97.68552053	0.0	0.0
0.072266	1.484092813	97.41664538	0.0	0.0
0.073242	1.503959768	97.15363745	0.0	0.0
0.074219	1.522506959	96.89346485	0.0	0.0
0.075195	1.544205561	96.63690852	0.0	0.0
0.076172	1.567068294	96.38447056	0.0	0.0
0.077148	1.590906732	96.13675371	0.0	0.0
0.078125	1.612959109	95.89486599	0.0	0.0
0.079102	1.631990914	95.65705503	0.0	0.0
0.080078	1.652475799	95.42018939	0.0	0.0
0.081055	1.675296554	95.18780046	0.0	0.0
0.082031	1.695352901	94.96025869	0.0	0.0
0.083008	1.713936934	94.73367412	0.0	0.0
0.083984	1.732918371	94.51044784	0.0	0.0
0.084961	1.753390363	94.29018849	0.0	0.0
0.085938	1.776207603	94.07047802	0.0	0.0
0.086914	1.799383294	93.85824559	0.0	0.0
0.087891	1.819525885	93.64782039	0.0	0.0
0.088867	1.839718948	93.43820041	0.0	0.0
0.089844	1.860552217	93.23299225	0.0	0.0
0.090820	1.879373686	93.02890215	0.0	0.0
0.091797	1.902954721	92.82628065	0.0	0.0
0.092773	1.924349528	92.62879025	0.0	0.0
0.093750	1.946024741	92.43119219	0.0	0.0
0.094727	1.969326969	92.23769032	0.0	0.0
0.095703	1.989870456	92.04711708	0.0	0.0
0.096680	2.010000173	91.85747319	0.0	0.0
0.097656	2.027651635	91.67094074	0.0	0.0
0.098633	2.044155598	91.48399251	0.0	0.0
0.099609	2.066722766	91.2971809	0.0	0.0
0.100586	2.087981732	91.11385383	0.0	0.0
0.101563	2.110058671	90.93364207	0.0	0.0
0.102539	2.130119586	90.75574191	0.0	0.0
0.103516	2.152393668	90.57812798	0.0	0.0
0.104492	2.172949180	90.40360075	0.0	0.0
0.105469	2.193184778	90.22901108	0.0	0.0
0.106445	2.212849700	90.05700598	0.0	0.0
0.107422	2.234076632	89.8849579	0.0	0.0
0.108398	2.257516533	89.71614746	0.0	0.0
0.109375	2.277012479	89.5499801	0.0	0.0
0.110352	2.295380498	89.3830474	0.0	0.0
0.111328	2.317945494	89.21667748	0.0	0.0
0.112305	2.340008607	89.0533052	0.0	0.0
0.113281	2.357401785	88.89262713	0.0	0.0
0.114258	2.373623715	88.72971181	0.0	0.0
0.115234	2.399771079	88.56791976	0.0	0.0
0.116211	2.423318991	88.41113173	0.0	0.0
0.117188	2.440591695	88.25365248	0.0	0.0
0.118164	2.460068858	88.09640189	0.0	0.0
0.119141	2.483937467	87.94110079	0.0	0.0
0.120117	2.504359567	87.78785339	0.0	0.0
0.121094	2.521383705	87.63612577	0.0	0.0
0.122070	2.541194821	87.48339735	0.0	0.0
0.123047	2.561825763	87.33145411	0.0	0.0
0.124023	2.582267673	87.18174879	0.0	0.0
0.125000	2.601008122	87.03165296	0.0	0.0
0.125977	2.622357535	86.88347947	0.0	0.0
0.126953	2.639726038	86.73561798	0.0	0.0
0.127930	2.665321468	86.58785186	0.0	0.0
0.128906	2.687213564	86.44404749	0.0	0.0
0.129883	2.706350327	86.29909914	0.0	0.0
0.130859	2.725459302	86.15600774	0.0	0.0
0.131836	2.746718124	86.01296121	0.0	0.0
0.132813	2.765776702	85.87176701	0.0	0.0
0.133789	2.784241223	85.72928885	0.0	0.0
0.134766	2.806170387	85.58857013	0.0	0.0
0.135742	2.826233973	85.4481551	0.0	0.0
0.136719	2.848189558	85.30907824	0.0	0.0
0.137695	2.865998137	85.17092765	0.0	0.0
0.138672	2.884349417	85.03278169	0.0	0.0
0.139648	2.904096082	84.89439236	0.0	0.0
0.140625	2.930891588	84.75747774	0.0	0.0
0.141602	2.954156695	84.62374028	0.0	0.0
0.142578	2.971980881	84.48986209	0.0	0.0
0.143555	2.988321820	84.35434547	0.0	0.0
0.144531	3.011411758	84.21970347	0.0	0.0
0.145508	3.035080062	84.08630267	0.0	0.0
0.146484	3.057731541	83.95616526	0.0	0.0
0.147461	3.075248446	83.82494794	0.0	0.0
0.148438	3.090365029	83.69446094	0.0	0.0
0.149414	3.108503875	83.56181042	0.0	0.0
0.150391	3.127845858	83.43114453	0.0	0.0
0.151367	3.153585283	83.29907204	0.0	0.0
0.152344	3.177504277	83.17309691	0.0	0.0
0.153320	3.196924410	83.04494923	0.0	0.0
0.154297	3.213401538	82.91804964	0.0	0.0
0.155273	3.228430098	82.7887816	0.0	0.0
0.156250	3.253811722	82.66067135	0.0	0.0
0.157227	3.272173036	82.53632639	0.0	0.0
0.158203	3.285111963	82.4095145	0.0	0.0
0.159180	3.305479867	82.28206856	0.0	0.0
0.160156	3.331263793	82.15556217	0.0	0.0
0.161133	3.352174776	82.03279655	0.0	0.0
0.162109	3.373022378	81.90757583	0.0	0.0
0.163086	3.390426503	81.78380044	0.0	0.0
0.164063	3.408375491	81.66016097	0.0	0.0
0.165039	3.428977523	81.53676243	0.0	0.0
0.166016	3.452630713	81.41194141	0.0	0.0
0.166992	3.472977025	81.29183661	0.0	0.0
0.167969	3.492983976	81.16805663	0.0	0.0
0.168945	3.521452369	81.04712886	0.0	0.0
0.169922	3.544087320	80.92773082	0.0	0.0
0.170898	3.563294265	80.80776065	0.0	0.0
0.171875	3.577391254	80.6882697	0.0	0.0
0.172852	3.590785676	80.56782628	0.0	0.0
0.173828	3.616469285	80.44679036	0.0	0.0
0.174805	3.639804478	80.32864095	0.0	0.0
0.175781	3.656849921	80.20969718	0.0	0.0
0.176758	3.677858768	80.09137076	0.0	0.0
0.177734	3.693859735	79.97477666	0.0	0.0
0.178711	3.706921555	79.85553722	0.0	0.0
0.179688	3.732882497	79.73543413	0.0	0.0
0.180664	3.759261958	79.61880686	0.0	0.0
0.181641	3.779697635	79.50306206	0.0	0.0
0.182617	3.797039140	79.38667603	0.0	0.0
0.183594	3.817551824	79.26955688	0.0	0.0
0.184570	3.841313456	79.15447587	0.0	0.0
0.185547	3.858339636	79.03984055	0.0	0.0
0.186523	3.872065217	78.92395619	0.0	0.0
0.187500	3.894877794	78.80817771	0.0	0.0
0.188477	3.916386114	78.69333691	0.0	0.0
0.189453	3.930799885	78.58098253	0.0	0.0
0.190430	3.949158790	78.46332949	0.0	0.0
0.191406	3.968888748	78.34987267	0.0	0.0
0.192383	3.987954999	78.23546723	0.0	0.0
0.193359	4.012158446	78.12100417	0.0	0.0
0.194336	4.031807078	78.00977686	0.0	0.0
0.195313	4.045796440	77.89702576	0.0	0.0
0.196289	4.061598518	77.78248539	0.0	0.0
0.197266	4.083236426	77.66808089	0.0	0.0
0.198242	4.108846930	77.55576611	0.0	0.0
0.199219	4.130332817	77.44316128	0.0	0.0
0.200195	4.154685505	77.33070944	0.0	0.0
0.201172	4.178640400	77.22094392	0.0	0.0
0.202148	4.197750583	77.10991695	0.0	0.0
0.203125	4.214072596	76.99994291	0.0	0.0
0.204102	4.230778994	76.88808771	0.0	0.0
0.205078	4.251639222	76.77743342	0.0	0.0
0.206055	4.268266776	76.66723893	0.0	0.0
0.207031	4.287851860	76.55552858	0.0	0.0
0.208008	4.308051855	76.44611223	0.0	0.0
0.208984	4.328581854	76.33513649	0.0	0.0
0.209961	4.352275316	76.22647815	0.0	0.0
0.210938	4.368597284	76.11837602	0.0	0.0
0.211914	4.380168723	76.00787415	0.0	0.0
0.212891	4.399950637	75.89712067	0.0	0.0
0.213867	4.424193503	75.7881955	0.0	0.0
0.214844	4.443583548	75.67994662	0.0	0.0
0.215820	4.463749475	75.5702183	0.0	0.0
0.216797	4.482754559	75.46219536	0.0	0.0
0.217773	4.499952203	75.35249342	0.0	0.0
0.218750	4.528340314	75.24481512	0.0	0.0
0.219727	4.547748778	75.13792497	0.0	0.0
0.220703	4.559721993	75.03057186	0.0	0.0
0.221680	4.577669057	74.92164059	0.0	0.0
0.222656	4.601318763	74.81360926	0.0	0.0
0.223633	4.617433447	74.70656042	0.0	0.0
0.224609	4.639748525	74.59963261	0.0	0.0
0.225586	4.666148573	74.49097811	0.0	0.0
0.226563	4.687411095	74.38568053	0.0	0.0
0.227539	4.703104652	74.28035292	0.0	0.0
0.228516	4.717218933	74.17327459	0.0	0.0
0.229492	4.738353082	74.0658047	0.0	0.0
0.230469	4.755311932	73.96094226	0.0	0.0
0.231445	4.768333983	73.85477389	0.0	0.0
0.232422	4.793573159	73.74822925	0.0	0.0
0.233398	4.809715175	73.64197346	0.0	0.0
0.234375	4.823712440	73.53522381	0.0	0.0
0.235352	4.845684170	73.42842286	0.0	0.0
0.236328	4.870598593	73.32303767	0.0	0.0
0.237305	4.895533404	73.21818345	0.0	0.0
0.238281	4.910846734	73.1143391	0.0	0.0
0.239258	4.922267412	73.0073544	0.0	0.0
0.240234	4.951537256	72.9014168	0.0	0.0
0.241211	4.975598686	72.79715467	0.0	0.0
0.242188	4.997769099	72.69334783	0.0	0.0
0.243164	5.018610511	72.59035165	0.0	0.0
0.244141	5.029617627	72.48572932	0.0	0.0
0.245117	5.044578213	72.38042616	0.0	0.0
0.246094	5.064389190	72.27617891	0.0	0.0
0.247070	5.093127291	72.16997746	0.0	0.0
0.248047	5.116701173	72.06651906	0.0	0.0
0.249023	5.132597909	71.96470417	0.0	0.0
0.250000	5.151365807	71.86143557	0.0	0.0
0.250977	5.164537922	71.75854122	0.0	0.0
0.251953	5.183070175	71.65264667	0.0	0.0
0.252930	5.206198112	71.54980841	0.0	0.0
0.253906	5.224837120	71.44739991	0.0	0.0
0.254883	5.245571045	71.34385115	0.0	0.0
0.255859	5.258759676	71.24088821	0.0	0.0
0.256836	5.276071850	71.13725352	0.0	0.0
0.257813	5.301782475	71.03395945	0.0	0.0
0.258789	5.314167008	70.93232795	0.0	0.0
0.259766	5.330526167	70.82867712	0.0	0.0
0.260742	5.347784654	70.72573314	0.0	0.0
0.261719	5.362216246	70.62189253	0.0	0.0
0.262695	5.387991678	70.51795213	0.0	0.0
0.263672	5.419048037	70.41610087	0.0	0.0
0.264648	5.438654919	70.31503825	0.0	0.0
0.265625	5.455823313	70.2141966	0.0	0.0
0.266602	5.470260039	70.11164757	0.0	0.0
0.267578	5.480409437	70.01045847	0.0	0.0
0.268555	5.496506801	69.90615221	0.0	0.0
0.269531	5.527031328	69.80350648	0.0	0.0
0.270508	5.553931256	69.7023726	0.0	0.0
0.271484	5.568757429	69.60265392	0.0	0.0
0.272461	5.577500834	69.50008414	0.0	0.0
0.273438	5.593841921	69.39668638	0.0	0.0
0.274414	5.621000726	69.29584348	0.0	0.0
0.275391	5.647658896	69.19413164	0.0	0.0
0.276367	5.661691077	69.0943645	0.0	0.0
0.277344	5.674263158	68.99212061	0.0	0.0
0.278320	5.696703598	68.89069331	0.0	0.0
0.279297	5.718579521	68.78978351	0.0	0.0
0.280273	5.738095352	68.68851626	0.0	0.0
0.281250	5.759772749	68.58876578	0.0	0.0
0.282227	5.773188376	68.48922964	0.0	0.0
0.283203	5.793338174	68.38709709	0.0	0.0
0.284180	5.804917998	68.28672485	0.0	0.0
0.285156	5.823558059	68.18412129	0.0	0.0
0.286133	5.854675070	68.08411744	0.0	0.0
0.287109	5.872472318	67.98458444	0.0	0.0
0.288086	5.884079237	67.88409859	0.0	0.0
0.289063	5.895073264	67.78408102	0.0	0.0
0.290039	5.909089358	67.68105662	0.0	0.0
0.291016	5.943222933	67.58117312	0.0	0.0
0.291992	5.966206268	67.48274606	0.0	0.0
0.292969	5.975612649	67.38194945	0.0	0.0
0.293945	5.993003411	67.28184261	0.0	0.0
0.294922	6.019036714	67.18148781	0.0	0.0
0.295898	6.029587962	67.08321113	0.0	0.0
0.296875	6.041034420	66.98086714	0.0	0.0
0.297852	6.070176903	66.88051647	0.0	0.0
0.298828	6.097254258	66.78127556	0.0	0.0
0.299805	6.114347200	66.68225834	0.0	0.0
0.300781	6.129017509	66.58225234	0.0	0.0
0.301758	6.147922276	66.48352576	0.0	0.0
0.302734	6.160262183	66.38485491	0.0	0.0
0.303711	6.179924044	66.28302124	0.0	0.0
0.304688	6.204375412	66.18509905	0.0	0.0
0.305664	6.217163196	66.08616143	0.0	0.0
0.306641	6.231992766	65.98726319	0.0	0.0
0.307617	6.245171058	65.88627512	0.0	0.0
0.308594	6.260917174	65.78690126	0.0	0.0
0.309570	6.274599785	65.68676723	0.0	0.0
0.310547	6.297240384	65.58611928	0.0	0.0
0.311523	6.320043696	65.48681183	0.0	0.0
0.312500	6.356302214	65.38721236	0.0	0.0
0.313477	6.379300309	65.29027277	0.0	0.0
0.314453	6.391955081	65.19106476	0.0	0.0
0.315430	6.413230927	65.09235013	0.0	0.0
0.316406	6.432899883	64.99467586	0.0	0.0
0.317383	6.445113481	64.89676493	0.0	0.0
0.318359	6.456870376	64.79843415	0.0	0.0
0.319336	6.470086226	64.69843672	0.0	0.0
0.320313	6.492458429	64.59945325	0.0	0.0
0.321289	6.517801666	64.50079617	0.0	0.0
0.322266	6.533719575	64.40421398	0.0	0.0
0.323242	6.541699791	64.30547207	0.0	0.0
0.324219	6.556655127	64.20587611	0.0	0.0
0.325195	6.583004149	64.10646032	0.0	0.0
0.326172	6.604057775	64.00989356	0.0	0.0
0.327148	6.618337979	63.91214191	0.0	0.0
0.328125	6.629448289	63.8134874	0.0	0.0
0.329102	6.637085088	63.71419031	0.0	0.0
0.330078	6.650548694	63.61568278	0.0	0.0
0.331055	6.672008230	63.51504309	0.0	0.0
0.332031	6.690354376	63.41763095	0.0	0.0
0.333008	6.709123767	63.31912282	0.0	0.0
0.333984	6.729760696	63.22074526	0.0	0.0
0.334961	6.748700701	63.12214591	0.0	0.0
0.335938	6.774085031	63.0238148	0.0	0.0
0.336914	6.793422030	62.92679584	0.0	0.0
0.337891	6.809499155	62.8279319	0.0	0.0
0.338867	6.824231035	62.7310402	0.0	0.0
0.339844	6.848189702	62.63204576	0.0	0.0
0.340820	6.867945501	62.53663566	0.0	0.0
0.341797	6.876593668	62.43790008	0.0	0.0
0.342773	6.891744129	62.33977997	0.0	0.0
0.343750	6.902535866	62.24298165	0.0	0.0
0.344727	6.922318500	62.14261591	0.0	0.0
0.345703	6.942412008	62.04501437	0.0	0.0
0.346680	6.974602737	61.94723758	0.0	0.0
0.347656	6.992176710	61.85151418	0.0	0.0
0.348633	7.006166355	61.75310786	0.0	0.0
0.349609	7.022473468	61.65642213	0.0	0.0
0.350586	7.029138766	61.55866982	0.0	0.0
0.351563	7.049890114	61.4597295	0.0	0.0
0.352539	7.074191859	61.36223962	0.0	0.0
0.353516	7.084140380	61.2674372	0.0	0.0
0.354492	7.089253965	61.16921247	0.0	0.0
0.355469	7.107163398	61.0697006	0.0	0.0
0.356445	7.128235148	60.97144869	0.0	0.0
0.357422	7.149724998	60.87363403	0.0	0.0
0.358398	7.168858339	60.77511763	0.0	0.0
0.359375	7.193257356	60.6780979	0.0	0.0
0.360352	7.210616534	60.58155616	0.0	0.0
0.361328	7.232557447	60.48440667	0.0	0.0
0.362305	7.252732653	60.38770598	0.0	0.0
0.363281	7.270443077	60.29110788	0.0	0.0
0.364258	7.279660402	60.19461304	0.0	0.0
0.365234	7.289581098	60.09602613	0.0	0.0
0.366211	7.321866858	59.99798196	0.0	0.0
0.367188	7.338092523	59.90199169	0.0	0.0
0.368164	7.346629448	59.80403443	0.0	0.0
0.369141	7.381734534	59.70661813	0.0	0.0
0.370117	7.400901020	59.61125322	0.0	0.0
0.371094	7.416453742	59.51489578	0.0	0.0
0.372070	7.426015319	59.41890214	0.0	0.0
0.373047	7.430637830	59.32124149	0.0	0.0
0.374023	7.454107324	59.22254806	0.0	0.0
0.375000	7.474354812	59.12688315	0.0	0.0
0.375977	7.486089869	59.03136674	0.0	0.0
0.376953	7.498150854	58.93330773	0.0	0.0
0.377930	7.507585700	58.83626355	0.0	0.0
0.378906	7.527828750	58.73739924	0.0	0.0
0.379883	7.549338897	58.64007632	0.0	0.0
0.380859	7.574732970	58.54350675	0.0	0.0
0.381836	7.596102005	58.44607014	0.0	0.0
0.382813	7.606855186	58.35073934	0.0	0.0
0.383789	7.635573238	58.25281315	0.0	0.0
0.384766	7.649587205	58.1578293	0.0	0.0
0.385742	7.658036396	58.06040455	0.0	0.0
0.386719	7.685983071	57.96226575	0.0	0.0
0.387695	7.708180017	57.86704859	0.0	0.0
0.388672	7.724279844	57.77006599	0.0	0.0
0.389648	7.741832712	57.67486057	0.0	0.0
0.390625	7.756406672	57.57976732	0.0	0.0
0.391602	7.765021780	57.48299297	0.0	0.0
0.392578	7.773109820	57.38550412	0.0	0.0
0.393555	7.797690451	57.28650092	0.0	0.0
0.394531	7.825658357	57.1915658	0.0	0.0
0.395508	7.846184188	57.09684797	0.0	0.0
0.396484	7.856057337	57.00107481	0.0	0.0
0.397461	7.871579364	56.90271661	0.0	0.0
0.398438	7.886973367	56.80753695	0.0	0.0
0.399414	7.892489598	56.71228435	0.0	0.0
0.400391	7.908211666	56.61347422	0.0	0.0
0.401367	7.920183524	56.51877277	0.0	0.0
0.402344	7.936956705	56.42034548	0.0	0.0
0.403320	7.955912072	56.32407748	0.0	0.0
0.404297	7.982813624	56.22775133	0.0	0.0
0.405273	7.993762707	56.13323412	0.0	0.0
0.406250	7.995199735	56.03742347	0.0	0.0
0.407227	8.006458495	55.94071084	0.0	0.0
0.408203	8.024698498	55.84315361	0.0	0.0
0.409180	8.045653710	55.74426052	0.0	0.0
0.410156	8.077586999	55.64908849	0.0	0.0
0.411133	8.094770206	55.55508933	0.0	0.0
0.412109	8.107262202	55.45742591	0.0	0.0
0.413086	8.127563828	55.3621521	0.0	0.0
0.414063	8.133868328	55.26602525	0.0	0.0
0.415039	8.137148917	55.16957266	0.0	0.0
0.416016	8.156499042	55.07318431	0.0	0.0
0.416992	8.177637584	54.97428991	0.0	0.0
0.417969	8.200151873	54.87895351	0.0	0.0
0.418945	8.216716509	54.78281977	0.0	0.0
0.419922	8.247493926	54.68564079	0.0	0.0
0.420898	8.262620089	54.59223919	0.0	0.0
0.421875	8.269417308	54.49559513	0.0	0.0
0.422852	8.294654369	54.39922185	0.0	0.0
0.423828	8.313313403	54.30469754	0.0	0.0
0.424805	8.315658957	54.21015945	0.0	0.0
0.425781	8.318061759	54.11284207	0.0	0.0
0.426758	8.337857853	54.0150537	0.0	0.0
0.427734	8.359230547	53.91956678	0.0	0.0
0.428711	8.386517511	53.82157369	0.0	0.0
0.429688	8.403278497	53.72750658	0.0	0.0
0.430664	8.411356798	53.63183455	0.0	0.0
0.431641	8.438505322	53.53489707	0.0	0.0
0.432617	8.458267198	53.44110645	0.0	0.0
0.433594	8.467639085	53.3461952	0.0	0.0
0.434570	8.466343256	53.25039657	0.0	0.0
0.435547	8.469676833	53.15189015	0.0	0.0
0.436523	8.503243910	53.05575014	0.0	0.0
0.437500	8.519646560	52.95962117	0.0	0.0
0.438477	8.539353653	52.8632443	0.0	0.0
0.439453	8.560493699	52.76858254	0.0	0.0
0.440430	8.563886933	52.67216058	0.0	0.0
0.441406	8.580206213	52.57570653	0.0	0.0
0.442383	8.604548583	52.48024816	0.0	0.0
0.443359	8.625298993	52.3849355	0.0	0.0
0.444336	8.645448989	52.28982037	0.0	0.0
0.445313	8.655896765	52.19469076	0.0	0.0
0.446289	8.666588925	52.0999086	0.0	0.0
0.447266	8.673774556	52.00443977	0.0	0.0
0.448242	8.694588574	51.90772223	0.0	0.0
0.449219	8.703639238	51.8132589	0.0	0.0
0.450195	8.706818315	51.7166297	0.0	0.0
0.451172	8.726618031	51.6198316	0.0	0.0
0.452148	8.739704431	51.52471946	0.0	0.0
0.453125	8.760833102	51.42865832	0.0	0.0
0.454102	8.769530479	51.33355606	0.0	0.0
0.455078	8.781506582	51.23555455	0.0	0.0
0.456055	8.798896365	51.14154689	0.0	0.0
0.457031	8.816296998	51.04354983	0.0	0.0
0.458008	8.845592597	50.94951253	0.0	0.0
0.458984	8.853826978	50.8548067	0.0	0.0
0.459961	8.872221035	50.75757854	0.0	0.0
0.460938	8.883691919	50.66340787	0.0	0.0
0.461914	8.881836352	50.56870649	0.0	0.0
0.462891	8.887630918	50.47105367	0.0	0.0
0.463867	8.913538500	50.37426001	0.0	0.0
0.464844	8.928106273	50.27850884	0.0	0.0
0.465820	8.942558115	50.18273673	0.0	0.0
0.466797	8.967135057	50.08632903	0.0	0.0
0.467773	8.989393234	49.99142929	0.0	0.0
0.468750	9.011151416	49.89631091	0.0	0.0
0.469727	9.030221465	49.80159063	0.0	0.0
0.470703	9.044486166	49.70578517	0.0	0.0
0.471680	9.050509982	49.61259298	0.0	0.0
0.472656	9.051527414	49.51559252	0.0	0.0
0.473633	9.073977778	49.4185093	0.0	0.0
0.474609	9.105342817	49.32203671	0.0	0.0
0.475586	9.131009343	49.22768332	0.0	0.0
0.476563	9.147471207	49.13399881	0.0	0.0
0.477539	9.158996356	49.03920483	0.0	0.0
0.478516	9.166571091	48.944943	0.0	0.0
0.479492	9.169926379	48.84942662	0.0	0.0
0.480469	9.177934078	48.75372337	0.0	0.0
0.481445	9.181130241	48.65861251	0.0	0.0
0.482422	9.188522240	48.56182575	0.0	0.0
0.483398	9.220344719	48.46484432	0.0	0.0
0.484375	9.236587754	48.37034098	0.0	0.0
0.485352	9.252904452	48.27407134	0.0	0.0
0.486328	9.270201145	48.17740095	0.0	0.0
0.487305	9.295739735	48.08294363	0.0	0.0
0.488281	9.315085227	47.98977553	0.0	0.0
0.489258	9.325808517	47.89590149	0.0	0.0
0.490234	9.333380908	47.80165464	0.0	0.0
0.491211	9.343510472	47.70539884	0.0	0.0
0.492188	9.350883190	47.61041367	0.0	0.0
0.493164	9.353009918	47.51450462	0.0	0.0
0.494141	9.366789770	47.41832966	0.0	0.0
0.495117	9.383071474	47.32466179	0.0	0.0
0.496094	9.384776078	47.22978702	0.0	0.0
0.497070	9.392758560	47.13155532	0.0	0.0
0.498047	9.411750238	47.03495274	0.0	0.0
0.499023	9.427234299	46.93970222	0.0	0.0
0.500000	9.449436333	46.84456783	0.0	0.0
0.500977	9.465884821	46.75027805	0.0	0.0
0.501953	9.473887852	46.65552231	0.0	0.0
0.502930	9.496828672	46.55963576	0.0	0.0
0.503906	9.506784553	46.46449624	0.0	0.0
0.504883	9.516034826	46.36758794	0.0	0.0
0.505859	9.550080299	46.27273266	0.0	0.0
0.506836	9.567227182	46.17879865	0.0	0.0
0.507813	9.569993252	46.0843453	0.0	0.0
0.508789	9.578478137	45.98707699	0.0	0.0
0.509766	9.619027101	45.89293501	0.0	0.0
0.510742	9.632138840	45.79854907	0.0	0.0
0.511719	9.639699721	45.70447351	0.0	0.0
0.512695	9.654734679	45.60836401	0.0	0.0
0.513672	9.662262216	45.51465494	0.0	0.0
0.514648	9.665919653	45.41946195	0.0	0.0
0.515625	9.691911389	45.32269345	0.0	0.0
0.516602	9.710133556	45.23040577	0.0	0.0
0.517578	9.715523363	45.1359912	0.0	0.0
0.518555	9.716691588	45.04054322	0.0	0.0
0.519531	9.729225231	44.94460438	0.0	0.0
0.520508	9.732057902	44.85023119	0.0	0.0
0.521484	9.737392217	44.75262118	0.0	0.0
0.522461	9.765989272	44.6572669	0.0	0.0
0.523438	9.786596027	44.56103262	0.0	0.0
0.524414	9.811842186	44.46779956	0.0	0.0
0.525391	9.829495458	44.37347435	0.0	0.0
0.526367	9.836635122	44.27950741	0.0	0.0
0.527344	9.831253911	44.18458241	0.0	0.0
0.528320	9.829576453	44.08885872	0.0	0.0
0.529297	9.857334270	43.99193605	0.0	0.0
0.530273	9.877839143	43.89772373	0.0	0.0
0.531250	9.908728981	43.80216254	0.0	0.0
0.532227	9.929028299	43.70789864	0.0	0.0
0.533203	9.937194757	43.61572519	0.0	0.0
0.534180	9.943776010	43.52162199	0.0	0.0
0.535156	9.946286497	43.42452929	0.0	0.0
0.536133	9.954342168	43.33163695	0.0	0.0
0.537109	9.959210591	43.23463917	0.0	0.0
0.538086	9.983430342	43.14099186	0.0	0.0
0.539063	9.988277629	43.04611613	0.0	0.0
0.540039	9.991198038	42.95041606	0.0	0.0
0.541016	10.023970129	42.85267762	0.0	0.0
0.541992	10.041366376	42.7598379	0.0	0.0
0.542969	10.054682598	42.66673793	0.0	0.0
0.543945	10.059542752	42.57390276	0.0	0.0
0.544922	10.058325494	42.47727646	0.0	0.0
0.545898	10.068146176	42.38300803	0.0	0.0
0.546875	10.080417361	42.28688859	0.0	0.0
0.547852	10.094510762	42.19120616	0.0	0.0
0.548828	10.115846932	42.09583672	0.0	0.0
0.549805	10.133221884	41.99935846	0.0	0.0
0.550781	10.161585948	41.90690028	0.0	0.0
0.551758	10.171687237	41.8134464	0.0	0.0
0.552734	10.172618676	41.71869869	0.0	0.0
0.553711	10.199191086	41.62331242	0.0	0.0
0.554688	10.215512202	41.52965955	0.0	0.0
0.555664	10.221632165	41.43534997	0.0	0.0
0.556641	10.220415214	41.34116305	0.0	0.0
0.557617	10.237399268	41.24603551	0.0	0.0
0.558594	10.251127200	41.15196677	0.0	0.0
0.559570	10.258442804	41.05766752	0.0	0.0
0.560547	10.279355926	40.96214421	0.0	0.0
0.561523	10.284013296	40.86838348	0.0	0.0
0.562500	10.282883289	40.77532285	0.0	0.0
0.563477	10.287041886	40.67763215	0.0	0.0
0.564453	10.318266076	40.5835162	0.0	0.0
0.565430	10.337392508	40.48928257	0.0	0.0
0.566406	10.339957463	40.39720779	0.0	0.0
0.567383	10.359252842	40.30049348	0.0	0.0
0.568359	10.372190463	40.20716613	0.0	0.0
0.569336	10.377998851	40.11386442	0.0	0.0
0.570313	10.372136567	40.02003711	0.0	0.0
0.571289	10.373723889	39.92432293	0.0	0.0
0.572266	10.391746314	39.82932063	0.0	0.0
0.573242	10.394503049	39.73387658	0.0	0.0
0.574219	10.408302338	39.63770058	0.0	0.0
0.575195	10.428893550	39.54450393	0.0	0.0
0.576172	10.440524837	39.44925151	0.0	0.0
0.577148	10.449983267	39.35500857	0.0	0.0
0.578125	10.469510299	39.25958403	0.0	0.0
0.579102	10.481165989	39.16700054	0.0	0.0
0.580078	10.490702184	39.06958272	0.0	0.0
0.581055	10.524335237	38.97639856	0.0	0.0
0.582031	10.532547688	38.8828032	0.0	0.0
0.583008	10.548731143	38.78870568	0.0	0.0
0.583984	10.555818051	38.69645207	0.0	0.0
0.584961	10.568866518	38.5996975	0.0	0.0
0.585938	10.580573129	38.50749253	0.0	0.0
0.586914	10.579861960	38.41229767	0.0	0.0
0.587891	10.599481855	38.31788213	0.0	0.0
0.588867	10.615814304	38.22398683	0.0	0.0
0.589844	10.616670302	38.13149604	0.0	0.0
0.590820	10.632422885	38.03576864	0.0	0.0
0.591797	10.652966186	37.94237693	0.0	0.0
0.592773	10.661498843	37.85033974	0.0	0.0
0.593750	10.666261172	37.75511345	0.0	0.0
0.594727	10.666213956	37.66057851	0.0	0.0
0.595703	10.679068013	37.5664953	0.0	0.0
0.596680	10.693550348	37.47284828	0.0	0.0
0.597656	10.694635019	37.37941314	0.0	0.0
0.598633	10.701764972	37.2841984	0.0	0.0
0.599609	10.705394646	37.19040968	0.0	0.0
0.600586	10.712545515	37.09425957	0.0	0.0
0.601563	10.752558118	36.99829041	0.0	0.0
0.602539	10.763970679	36.90722649	0.0	0.0
0.603516	10.777699298	36.81356749	0.0	0.0
0.604492	10.784920128	36.72081288	0.0	0.0
0.605469	10.782514467	36.62733241	0.0	0.0
0.606445	10.779487372	36.53249048	0.0	0.0
0.607422	10.787688793	36.4371249	0.0	0.0
0.608398	10.799131936	36.34297401	0.0	0.0
0.609375	10.825581843	36.24801669	0.0	0.0
0.610352	10.832510811	36.15526414	0.0	0.0
0.611328	10.844313636	36.06062453	0.0	0.0
0.612305	10.857717083	35.96705981	0.0	0.0
0.613281	10.858294755	35.87269018	0.0	0.0
0.614258	10.887656673	35.77959866	0.0	0.0
0.615234	10.909320678	35.68634939	0.0	0.0
0.616211	10.913483339	35.59364547	0.0	0.0
0.617188	10.917915009	35.50137799	0.0	0.0
0.618164	10.913716700	35.407552	0.0	0.0
0.619141	10.911689254	35.3126677	0.0	0.0
0.620117	10.936524835	35.21834705	0.0	0.0
0.621094	10.941944327	35.12676631	0.0	0.0
0.622070	10.937014499	35.03321239	0.0	0.0
0.623047	10.940137210	34.93681162	0.0	0.0
0.624023	10.959124946	34.84141683	0.0	0.0
0.625000	10.992297406	34.74836743	0.0	0.0
0.625977	10.999622613	34.65628838	0.0	0.0
0.626953	11.016924977	34.56252455	0.0	0.0
0.627930	11.025438796	34.46911347	0.0	0.0
0.628906	11.021159270	34.37656379	0.0	0.0
0.629883	11.014701824	34.2826661	0.0	0.0
0.630859	11.026707252	34.18964697	0.0	0.0
0.631836	11.030316436	34.09414308	0.0	0.0
0.632813	11.055364953	34.00077225	0.0	0.0
0.633789	11.056715969	33.90792425	0.0	0.0
0.634766	11.063159611	33.81320185	0.0	0.0
0.635742	11.082658907	33.72123044	0.0	0.0
0.636719	11.086594556	33.62657489	0.0	0.0
0.637695	11.090329636	33.53174251	0.0	0.0
0.638672	11.113721939	33.43741523	0.0	0.0
0.639648	11.129983115	33.3452593	0.0	0.0
0.640625	11.150586056	33.25308872	0.0	0.0
0.641602	11.157095189	33.16061317	0.0	0.0
0.642578	11.164268177	33.06613423	0.0	0.0
0.643555	11.161860105	32.97325802	0.0	0.0
0.644531	11.176449796	32.87870561	0.0	0.0
0.645508	11.185685392	32.78674219	0.0	0.0
0.646484	11.196409735	32.69245973	0.0	0.0
0.647461	11.223417487	32.59831854	0.0	0.0
0.648438	11.234014971	32.50773913	0.0	0.0
0.649414	11.231367003	32.41524395	0.0	0.0
0.650391	11.238133673	32.32169643	0.0	0.0
0.651367	11.239567514	32.23010732	0.0	0.0
0.652344	11.259051533	32.13601413	0.0	0.0
0.653320	11.260910719	32.04320253	0.0	0.0
0.654297	11.264567275	31.94957112	0.0	0.0
0.655273	11.259261095	31.85838348	0.0	0.0
0.656250	11.273312900	31.76433129	0.0	0.0
0.657227	11.304510448	31.6705059	0.0	0.0
0.658203	11.314024217	31.57916957	0.0	0.0
0.659180	11.308093993	31.48651508	0.0	0.0
0.660156	11.297370452	31.39127584	0.0	0.0
0.661133	11.294186501	31.29919472	0.0	0.0
0.662109	11.312804321	31.20596303	0.0	0.0
0.663086	11.325458306	31.11106873	0.0	0.0
0.664063	11.335230222	31.01935903	0.0	0.0
0.665039	11.350840481	30.92569104	0.0	0.0
0.666016	11.365220473	30.83205785	0.0	0.0
0.666992	11.361739831	30.74125756	0.0	0.0
0.667969	11.369518253	30.64760535	0.0	0.0
0.668945	11.389792338	30.55387623	0.0	0.0
0.669922	11.405868409	30.46063147	0.0	0.0
0.670898	11.428338636	30.37011598	0.0	0.0
0.671875	11.423829125	30.27913313	0.0	0.0
0.672852	11.423009495	30.18471993	0.0	0.0
0.673828	11.447955213	30.09045629	0.0	0.0
0.674805	11.452807300	30.00056671	0.0	0.0
0.675781	11.463849835	29.90772087	0.0	0.0
0.676758	11.459817846	29.81615338	0.0	0.0
0.677734	11.460489839	29.72328883	0.0	0.0
0.678711	11.462741410	29.63108491	0.0	0.0
0.679688	11.450944946	29.53750447	0.0	0.0
0.680664	11.459995103	29.44286024	0.0	0.0
0.681641	11.490768625	29.34985709	0.0	0.0
0.682617	11.517633002	29.25939734	0.0	0.0
0.683594	11.519275071	29.16795094	0.0	0.0
0.684570	11.504815692	29.07703715	0.0	0.0
0.685547	11.511223137	28.981127	0.0	0.0
0.686523	11.514789725	28.88986764	0.0	0.0
0.687500	11.521136843	28.79582221	0.0	0.0
0.688477	11.544246741	28.70251235	0.0	0.0
0.689453	11.570944588	28.60929756	0.0	0.0
0.690430	11.595512276	28.51861215	0.0	0.0
0.691406	11.595558259	28.428435	0.0	0.0
0.692383	11.589926222	28.33486853	0.0	0.0
0.693359	11.611092140	28.24430352	0.0	0.0
0.694336	11.620977607	28.15274447	0.0	0.0
0.695313	11.619077086	28.06098583	0.0	0.0
0.696289	11.618060484	27.97085995	0.0	0.0
0.697266	11.615420801	27.87890047	0.0	0.0
0.698242	11.623585470	27.78290094	0.0	0.0
0.699219	11.629668969	27.69443211	0.0	0.0
0.700195	11.622657013	27.60089842	0.0	0.0
0.701172	11.623954572	27.50792873	0.0	0.0
0.702148	11.638506654	27.41699038	0.0	0.0
0.703125	11.644147009	27.32391533	0.0	0.0
0.704102	11.671297845	27.23158279	0.0	0.0
0.705078	11.705709567	27.14019687	0.0	0.0
0.706055	11.708588232	27.04977671	0.0	0.0
0.707031	11.705090642	26.95912937	0.0	0.0
0.708008	11.710565581	26.86501808	0.0	0.0
0.708984	11.709604255	26.77620579	0.0	0.0
0.709961	11.707068752	26.68535487	0.0	0.0
0.710938	11.701518464	26.59288533	0.0	0.0
0.711914	11.692397406	26.49810808	0.0	0.0
0.712891	11.701014703	26.40364265	0.0	0.0
0.713867	11.746469283	26.31507371	0.0	0.0
0.714844	11.753526503	26.22427589	0.0	0.0
0.715820	11.745184367	26.13352375	0.0	0.0
0.716797	11.750164920	26.04177904	0.0	0.0
0.717773	11.756485089	25.9510272	0.0	0.0
0.718750	11.761740256	25.8584941	0.0	0.0
0.719727	11.758324444	25.7684185	0.0	0.0
0.720703	11.758306438	25.67558306	0.0	0.0
0.721680	11.763517432	25.58404082	0.0	0.0
0.722656	11.778306762	25.49084693	0.0	0.0
0.723633	11.799695062	25.40160155	0.0	0.0
0.724609	11.799439513	25.3106987	0.0	0.0
0.725586	11.805765567	25.21798468	0.0	0.0
0.726563	11.810467939	25.12826604	0.0	0.0
0.727539	11.816956299	25.03702622	0.0	0.0
0.728516	11.816704388	24.94563669	0.0	0.0
0.729492	11.809595188	24.85479017	0.0	0.0
0.730469	11.807069441	24.76334525	0.0	0.0
0.731445	11.824817769	24.67403554	0.0	0.0
0.732422	11.816587821	24.57928773	0.0	0.0
0.733398	11.823769274	24.48916832	0.0	0.0
0.734375	11.851031265	24.39617813	0.0	0.0
0.735352	11.880006405	24.30486246	0.0	0.0
0.736328	11.879297955	24.21769946	0.0	0.0
0.737305	11.867959780	24.12537615	0.0	0.0
0.738281	11.878176879	24.03372671	0.0	0.0
0.739258	11.877124603	23.94398627	0.0	0.0
0.740234	11.869014237	23.85351689	0.0	0.0
0.741211	11.889772647	23.76198683	0.0	0.0
0.742188	11.889651280	23.66974316	0.0	0.0
0.743164	11.888623834	23.57708682	0.0	0.0
0.744141	11.905080086	23.48709728	0.0	0.0
0.745117	11.918976883	23.39701025	0.0	0.0
0.746094	11.943175351	23.30584334	0.0	0.0
0.747070	11.965943126	23.21765413	0.0	0.0
0.748047	11.961935103	23.12809535	0.0	0.0
0.749023	11.956713573	23.03795045	0.0	0.0
0.750000	11.957758221	22.94738331	0.0	0.0
0.750977	11.950305749	22.85592268	0.0	0.0
0.751953	11.949959257	22.76498821	0.0	0.0
0.752930	11.981777718	22.67499597	0.0	0.0
0.753906	11.990471165	22.58595808	0.0	0.0
0.754883	11.977852634	22.49401772	0.0	0.0
0.755859	11.981617320	22.40189089	0.0	0.0
0.756836	12.005888230	22.31343192	0.0	0.0
0.757813	12.006741240	22.22452635	0.0	0.0
0.758789	12.012252648	22.13372058	0.0	0.0
0.759766	12.016664341	22.04590014	0.0	0.0
0.760742	12.014529529	21.95353869	0.0	0.0
0.761719	12.014292738	21.86480189	0.0	0.0
0.762695	12.008392423	21.77501825	0.0	0.0
0.763672	12.007433755	21.68392258	0.0	0.0
0.764648	12.024717570	21.59392525	0.0	0.0
0.765625	12.033196240	21.50441422	0.0	0.0
0.766602	12.027822596	21.4158877	0.0	0.0
0.767578	12.022833558	21.32543279	0.0	0.0
0.768555	12.028312769	21.23728665	0.0	0.0
0.769531	12.025269098	21.1454763	0.0	0.0
0.770508	12.027837691	21.05415703	0.0	0.0
0.771484	12.029851216	20.96459273	0.0	0.0
0.772461	12.048798401	20.87397483	0.0	0.0
0.773438	12.071445584	20.78423532	0.0	0.0
0.774414	12.069025067	20.69580803	0.0	0.0
0.775391	12.054054184	20.60696863	0.0	0.0
0.776367	12.045921850	20.51739963	0.0	0.0
0.777344	12.048599349	20.42695784	0.0	0.0
0.778320	12.054995303	20.33964661	0.0	0.0
0.779297	12.062209099	20.24764791	0.0	0.0
0.780273	12.079062696	20.15689695	0.0	0.0
0.781250	12.080528104	20.06888584	0.0	0.0
0.782227	12.073545670	19.97850622	0.0	0.0
0.783203	12.086731917	19.8884766	0.0	0.0
0.784180	12.099927339	19.7991143	0.0	0.0
0.785156	12.120362622	19.71025317	0.0	0.0
0.786133	12.132592024	19.62150368	0.0	0.0
0.787109	12.124672541	19.53255353	0.0	0.0
0.788086	12.133143074	19.44205334	0.0	0.0
0.789063	12.162700134	19.3556475	0.0	0.0
0.790039	12.155649440	19.26973525	0.0	0.0
0.791016	12.136458809	19.17916644	0.0	0.0
0.791992	12.146639179	19.08607038	0.0	0.0
0.792969	12.151847204	19.00072007	0.0	0.0
0.793945	12.142016734	18.91150069	0.0	0.0
0.794922	12.136694558	18.82280938	0.0	0.0
0.795898	12.145103847	18.73159515	0.0	0.0
0.796875	12.162462678	18.64324031	0.0	0.0
0.797852	12.155166869	18.55562192	0.0	0.0
0.798828	12.165500840	18.46537484	0.0	0.0
0.799805	12.179770975	18.37599364	0.0	0.0
0.800781	12.199149554	18.28681092	0.0	0.0
0.801758	12.198126236	18.20116839	0.0	0.0
0.802734	12.189370560	18.1126835	0.0	0.0
0.803711	12.176403483	18.02289812	0.0	0.0
0.804688	12.166683860	17.93492602	0.0	0.0
0.805664	12.190750448	17.84420679	0.0	0.0
0.806641	12.209877886	17.75740154	0.0	0.0
0.807617	12.196118483	17.67091233	0.0	0.0
0.808594	12.203303604	17.58239842	0.0	0.0
0.809570	12.203420806	17.4958837	0.0	0.0
0.810547	12.203062931	17.40883259	0.0	0.0
0.811523	12.190485120	17.31867083	0.0	0.0
0.812500	12.195399930	17.229796	0.0	0.0
0.813477	12.208359516	17.1402915	0.0	0.0
0.814453	12.219603200	17.05032457	0.0	0.0
0.815430	12.210930983	16.96453905	0.0	0.0
0.816406	12.219532536	16.87614025	0.0	0.0
0.817383	12.243803349	16.78866817	0.0	0.0
0.818359	12.237386868	16.70224295	0.0	0.0
0.819336	12.219060876	16.61408878	0.0	0.0
0.820313	12.222638340	16.52450375	0.0	0.0
0.821289	12.220053986	16.43721881	0.0	0.0
0.822266	12.213926591	16.34829338	0.0	0.0
0.823242	12.226345635	16.26182517	0.0	0.0
0.824219	12.250995570	16.1715848	0.0	0.0
0.825195	12.260189822	16.08445879	0.0	0.0
0.826172	12.275808924	15.99790692	0.0	0.0
0.827148	12.270523409	15.91330557	0.0	0.0
0.828125	12.255524234	15.82708267	0.0	0.0
0.829102	12.233914486	15.73831695	0.0	0.0
0.830078	12.231122352	15.64745994	0.0	0.0
0.831055	12.255913129	15.55955386	0.0	0.0
0.832031	12.281196956	15.47241864	0.0	0.0
0.833008	12.304796152	15.38665266	0.0	0.0
0.833984	12.297769296	15.30070467	0.0	0.0
0.834961	12.284202768	15.21469022	0.0	0.0
0.835938	12.277360351	15.13032574	0.0	0.0
0.836914	12.266261669	15.03994945	0.0	0.0
0.837891	12.264093217	14.95199118	0.0	0.0
0.838867	12.277118310	14.86408624	0.0	0.0
0.839844	12.268489972	14.77870761	0.0	0.0
0.840820	12.273389349	14.69098746	0.0	0.0
0.841797	12.295421727	14.60198892	0.0	0.0
0.842773	12.290667918	14.51757999	0.0	0.0
0.843750	12.285256846	14.43116899	0.0	0.0
0.844727	12.285948533	14.34368494	0.0	0.0
0.845703	12.267406369	14.25729267	0.0	0.0
0.846680	12.273734728	14.17155881	0.0	0.0
0.847656	12.283825331	14.08276785	0.0	0.0
0.848633	12.289904156	13.9952656	0.0	0.0
0.849609	12.301954418	13.91099139	0.0	0.0
0.850586	12.291115188	13.82240718	0.0	0.0
0.851563	12.288723441	13.73639068	0.0	0.0
0.852539	12.318739202	13.6494254	0.0	0.0
0.853516	12.307997086	13.56609058	0.0	0.0
0.854492	12.301268745	13.47995211	0.0	0.0
0.855469	12.298296726	13.3903804	0.0	0.0
0.856445	12.303012681	13.30621116	0.0	0.0
0.857422	12.310951082	13.21963499	0.0	0.0
0.858398	12.299165880	13.13520539	0.0	0.0
0.859375	12.280173204	13.05047116	0.0	0.0
0.860352	12.286017596	12.9585246	0.0	0.0
0.861328	12.298945821	12.87355678	0.0	0.0
0.862305	12.320545622	12.78556078	0.0	0.0
0.863281	12.349777755	12.70450265	0.0	0.0
0.864258	12.334900257	12.61792565	0.0	0.0
0.865234	12.311178980	12.53530162	0.0	0.0
0.866211	12.313317333	12.44494101	0.0	0.0
0.867188	12.350791944	12.36020578	0.0	0.0
0.868164	12.347052453	12.27637168	0.0	0.0
0.869141	12.329632498	12.19124346	0.0	0.0
0.870117	12.313713651	12.10822348	0.0	0.0
0.871094	12.302304840	12.01916467	0.0	0.0
0.872070	12.294662721	11.93106921	0.0	0.0
0.873047	12.306220040	11.84906322	0.0	0.0
0.874023	12.302898010	11.75918667	0.0	0.0
0.875000	12.313526966	11.67436689	0.0	0.0
0.875977	12.337871858	11.58844939	0.0	0.0
0.876953	12.324654980	11.50403449	0.0	0.0
0.877930	12.337008115	11.4174348	0.0	0.0
0.878906	12.338395947	11.33609181	0.0	0.0
0.879883	12.350257533	11.24912531	0.0	0.0
0.880859	12.343665507	11.16627961	0.0	0.0
0.881836	12.333361789	11.0807937	0.0	0.0
0.882813	12.342773887	10.99518675	0.0	0.0
0.883789	12.336734385	10.91073975	0.0	0.0
0.884766	12.321247052	10.82496497	0.0	0.0
0.885742	12.323856611	10.74137523	0.0	0.0
0.886719	12.319997341	10.65701199	0.0	0.0
0.887695	12.321553313	10.57311089	0.0	0.0
0.888672	12.314411356	10.48589859	0.0	0.0
0.889648	12.329744091	10.3996435	0.0	0.0
0.890625	12.320323973	10.3200245	0.0	0.0
0.891602	12.308026112	10.23163132	0.0	0.0
0.892578	12.318099155	10.14715348	0.0	0.0
0.893555	12.319472094	10.06094617	0.0	0.0
0.894531	12.337386383	9.976295283	0.0	0.0
0.895508	12.339991227	9.894618202	0.0	0.0
0.896484	12.314094204	9.810760634	0.0	0.0
0.897461	12.309539608	9.725649154	0.0	0.0
0.898438	12.333911411	9.639695136	0.0	0.0
0.899414	12.324737178	9.555440753	0.0	0.0
0.900391	12.330776702	9.47036388	0.0	0.0
0.901367	12.348050021	9.387873721	0.0	0.0
0.902344	12.330370428	9.306512354	0.0	0.0
0.903320	12.326929519	9.219708777	0.0	0.0
0.904297	12.333573335	9.135861271	0.0	0.0
0.905273	12.343149178	9.05374063	0.0	0.0
0.906250	12.334244230	8.96809234	0.0	0.0
0.907227	12.333255879	8.883744315	0.0	0.0
0.908203	12.341807999	8.801516262	0.0	0.0
0.909180	12.350995207	8.720841977	0.0	0.0
0.910156	12.335935405	8.633962734	0.0	0.0
0.911133	12.317249097	8.550113535	0.0	0.0
0.912109	12.324822019	8.466733447	0.0	0.0
0.913086	12.343198515	8.382389676	0.0	0.0
0.914063	12.350514153	8.301189773	0.0	0.0
0.915039	12.344885196	8.219986081	0.0	0.0
0.916016	12.340870435	8.134647117	0.0	0.0
0.916992	12.331619101	8.050027426	0.0	0.0
0.917969	12.325590185	7.967293735	0.0	0.0
0.918945	12.337284283	7.884090379	0.0	0.0
0.919922	12.320928704	7.802448294	0.0	0.0
0.920898	12.325037027	7.719473604	0.0	0.0
0.921875	12.310128847	7.635563453	0.0	0.0
0.922852	12.308856282	7.551809919	0.0	0.0
0.923828	12.325885879	7.467036866	0.0	0.0
0.924805	12.345909595	7.387190755	0.0	0.0
0.925781	12.344630816	7.304855181	0.0	0.0
0.926758	12.326263876	7.222066815	0.0	0.0
0.927734	12.309602007	7.137726039	0.0	0.0
0.928711	12.318764725	7.054047735	0.0	0.0
0.929688	12.327233374	6.973937609	0.0	0.0
0.930664	12.326545113	6.887845149	0.0	0.0
0.931641	12.329111366	6.806756558	0.0	0.0
0.932617	12.328002231	6.725210681	0.0	0.0
0.933594	12.329230423	6.643151935	0.0	0.0
0.934570	12.340100043	6.557243951	0.0	0.0
0.935547	12.351852873	6.476894358	0.0	0.0
0.936523	12.352516812	6.395718572	0.0	0.0
0.937500	12.367118290	6.314429436	0.0	0.0
0.938477	12.360392869	6.23432717	0.0	0.0
0.939453	12.345375064	6.155634773	0.0	0.0
0.940430	12.329691559	6.069729414	0.0	0.0
0.941406	12.314483521	5.988521966	0.0	0.0
0.942383	12.328591669	5.905917811	0.0	0.0
0.943359	12.320200941	5.826865604	0.0	0.0
0.944336	12.315924086	5.740884947	0.0	0.0
0.945313	12.315291496	5.663291675	0.0	0.0
0.946289	12.322861408	5.579779404	0.0	0.0
0.947266	12.321269824	5.500108063	0.0	0.0
0.948242	12.305803032	5.418660757	0.0	0.0
0.949219	12.298803798	5.336876632	0.0	0.0
0.950195	12.283163733	5.255652574	0.0	0.0
0.951172	12.279258168	5.172506947	0.0	0.0
0.952148	12.289976195	5.089505417	0.0	0.0
0.953125	12.284764747	5.009106567	0.0	0.0
0.954102	12.290957701	4.926321737	0.0	0.0
0.955078	12.280799536	4.845703043	0.0	0.0
0.956055	12.287881555	4.761180402	0.0	0.0
0.957031	12.318601039	4.682228923	0.0	0.0
0.958008	12.306834132	4.603996741	0.0	0.0
0.958984	12.289961464	4.525975744	0.0	0.0
0.959961	12.276723914	4.44184729	0.0	0.0
0.960938	12.289876197	4.360002326	0.0	0.0
0.961914	12.282706630	4.280476577	0.0	0.0
0.962891	12.268030240	4.200031735	0.0	0.0
0.963867	12.252542588	4.116090127	0.0	0.0
0.964844	12.259030461	4.036025667	0.0	0.0
0.965820	12.291167417	3.955449456	0.0	0.0
0.966797	12.289781830	3.876391633	0.0	0.0
0.967773	12.274805513	3.797439074	0.0	0.0
0.968750	12.258003758	3.717560141	0.0	0.0
0.969727	12.250335659	3.636519275	0.0	0.0
0.970703	12.256386869	3.555966692	0.0	0.0
0.971680	12.245887014	3.475403089	0.0	0.0
0.972656	12.248983345	3.393460779	0.0	0.0
0.973633	12.250519818	3.314400684	0.0	0.0
0.974609	12.237576502	3.235145889	0.0	0.0
0.975586	12.244901748	3.153017543	0.0	0.0
0.976563	12.243528231	3.07475769	0.0	0.0
0.977539	12.238786547	2.993054145	0.0	0.0
0.978516	12.223638057	2.915401397	0.0	0.0
0.979492	12.232682695	2.833348961	0.0	0.0
0.980469	12.228664727	2.756108551	0.0	0.0
0.981445	12.219417547	2.674301455	0.0	0.0
0.982422	12.198222679	2.594727614	0.0	0.0
0.983398	12.201019182	2.515019085	0.0	0.0
0.984375	12.227141895	2.434581039	0.0	0.0
0.985352	12.208619770	2.357841003	0.0	0.0
0.986328	12.203437995	2.273315275	0.0	0.0
0.987305	12.219138876	2.195792368	0.0	0.0
0.988281	12.227352464	2.116564763	0.0	0.0
0.989258	12.212579348	2.038780204	0.0	0.0
0.990234	12.188539733	1.95949094	0.0	0.0
0.991211	12.190061330	1.879600943	0.0	0.0
0.992188	12.205420235	1.799441336	0.0	0.0
0.993164	12.212447673	1.720308011	0.0	0.0
0.994141	12.217559293	1.640471284	0.0	0.0
0.995117	12.214831629	1.564747827	0.0	0.0
0.996094	12.215234634	1.483787186	0.0	0.0
0.997070	12.213467457	1.403375802	0.0	0.0
0.998047	12.216605598	1.327433452	0.0	0.0
0.999023	12.222981587	1.247201343	0.0	0.0
1.000000	12.208573499	1.170326484	0.0	0.0
1.000977	12.215388261	1.092623474	0.0	0.0
1.001953	12.204897647	1.014470679	0.0	0.0
1.002930	12.188592252	0.940212455	0.0	0.0
1.003906	12.171933827	0.858395426	0.0	0.0
1.004883	12.161803517	0.78235218	0.0	0.0
1.005859	12.148112307	0.701651108	0.0	0.0
1.006836	12.156309542	0.62240503	0.0	0.0
1.007813	12.148494370	0.545918135	0.0	0.0
1.008789	12.126338865	0.468895377	0.0	0.0
1.009766	12.132795479	0.384644928	0.0	0.0
1.010742	12.147968557	0.30985859	0.0	0.0
1.011719	12.139435429	0.228608768	0.0	0.0
1.012695	12.151992674	0.151036028	0.0	0.0
1.013672	12.165366420	0.07688201	0.0	0.0
1.014648	12.141098968	0.001208046	0.0	0.0
1.015625	12.136640666	-0.078621993	0.0	0.0
1.016602	12.141118780	-0.156502447	0.0	0.0
1.017578	12.131374331	-0.235985897	0.0	0.0
1.018555	12.138722573	-0.312727116	0.0	0.0
1.019531	12.145216171	-0.390506365	0.0	0.0
1.020508	12.132585868	-0.467347181	0.0	0.0
1.021484	12.114259459	-0.542553064	0.0	0.0
1.022461	12.106921136	-0.621026315	0.0	0.0
1.023438	12.098273573	-0.695638693	0.0	0.0
1.024414	12.081476798	-0.774858194	0.0	0.0
1.025391	12.081799777	-0.855175768	0.0	0.0
1.026367	12.093568516	-0.933235504	0.0	0.0
1.027344	12.110855751	-1.008845117	0.0	0.0
1.028320	12.087034839	-1.082676935	0.0	0.0
1.029297	12.085670388	-1.163534435	0.0	0.0
1.030273	12.098759360	-1.238834185	0.0	0.0
1.031250	12.079261874	-1.313754422	0.0	0.0
1.032227	12.075389415	-1.391444444	0.0	0.0
1.033203	12.067790504	-1.469131785	0.0	0.0
1.034180	12.064525711	-1.547419327	0.0	0.0
1.035156	12.084097995	-1.624399236	0.0	0.0
1.036133	12.082034741	-1.700120156	0.0	0.0
1.037109	12.061910715	-1.773668494	0.0	0.0
1.038086	12.057378839	-1.849225655	0.0	0.0
1.039063	12.055621422	-1.927759356	0.0	0.0
1.040039	12.046883023	-2.003224552	0.0	0.0
1.041016	12.048907039	-2.079943292	0.0	0.0
1.041992	12.065201230	-2.155440581	0.0	0.0
1.042969	12.048583658	-2.23191923	0.0	0.0
1.043945	12.049029078	-2.308138483	0.0	0.0
1.044922	12.054324220	-2.383497914	0.0	0.0
1.045898	12.042150677	-2.455731007	0.0	0.0
1.046875	12.027336130	-2.534710094	0.0	0.0
1.047852	12.007792092	-2.609776435	0.0	0.0
1.048828	11.994083604	-2.686656528	0.0	0.0
1.049805	11.999104270	-2.763343346	0.0	0.0
1.050781	11.993304545	-2.839057978	0.0	0.0
1.051758	11.996659217	-2.916427156	0.0	0.0
1.052734	12.016594448	-2.990154212	0.0	0.0
1.053711	12.002142914	-3.063617637	0.0	0.0
1.054688	11.980761190	-3.139467115	0.0	0.0
1.055664	11.954308724	-3.214336567	0.0	0.0
1.056641	11.953679162	-3.294498128	0.0	0.0
1.057617	11.975131863	-3.368586731	0.0	0.0
1.058594	11.987315679	-3.442067268	0.0	0.0
1.059570	11.984399428	-3.514967918	0.0	0.0
1.060547	11.976281386	-3.592249329	0.0	0.0
1.061523	11.977942063	-3.667976924	0.0	0.0
1.062500	11.985224087	-3.74043111	0.0	0.0
1.063477	11.968714706	-3.815961117	0.0	0.0
1.064453	11.950059840	-3.889127416	0.0	0.0
1.065430	11.937351817	-3.964465054	0.0	0.0
1.066406	11.928763758	-4.040033058	0.0	0.0
1.067383	11.935762435	-4.117977234	0.0	0.0
1.068359	11.935929645	-4.189770854	0.0	0.0
1.069336	11.919904008	-4.262399479	0.0	0.0
1.070313	11.901291302	-4.338245767	0.0	0.0
1.071289	11.906971098	-4.415486614	0.0	0.0
1.072266	11.919305219	-4.490152222	0.0	0.0
1.073242	11.924269931	-4.563293471	0.0	0.0
1.074219	11.910179147	-4.636361319	0.0	0.0
1.075195	11.912066260	-4.708897889	0.0	0.0
1.076172	11.910980357	-4.782976896	0.0	0.0
1.077148	11.892317827	-4.85908371	0.0	0.0
1.078125	11.903551003	-4.935662802	0.0	0.0
1.079102	11.921347856	-5.007158378	0.0	0.0
1.080078	11.901217282	-5.078314888	0.0	0.0
1.081055	11.878823575	-5.152039439	0.0	0.0
1.082031	11.855885396	-5.223109012	0.0	0.0
1.083008	11.852395906	-5.303038471	0.0	0.0
1.083984	11.842819053	-5.373918039	0.0	0.0
1.084961	11.845317615	-5.450292339	0.0	0.0
1.085938	11.858229088	-5.522843005	0.0	0.0
1.086914	11.843463644	-5.595865917	0.0	0.0
1.087891	11.846976075	-5.667471331	0.0	0.0
1.088867	11.846730888	-5.741574082	0.0	0.0
1.089844	11.853368449	-5.816394185	0.0	0.0
1.090820	11.857173517	-5.88992572	0.0	0.0
1.091797	11.860385389	-5.961411456	0.0	0.0
1.092773	11.840269418	-6.029729719	0.0	0.0
1.093750	11.824145274	-6.105754035	0.0	0.0
1.094727	11.802505489	-6.175534591	0.0	0.0
1.095703	11.796151543	-6.25196882	0.0	0.0
1.096680	11.805521675	-6.324412883	0.0	0.0
1.097656	11.794627320	-6.395191716	0.0	0.0
1.098633	11.774848539	-6.469075238	0.0	0.0
1.099609	11.771637428	-6.543814632	0.0	0.0
1.100586	11.768486758	-6.61665657	0.0	0.0
1.101563	11.761941391	-6.69022767	0.0	0.0
1.102539	11.757496896	-6.761834795	0.0	0.0
1.103516	11.771509841	-6.834694252	0.0	0.0
1.104492	11.758601458	-6.906218838	0.0	0.0
1.105469	11.749033786	-6.978718614	0.0	0.0
1.106445	11.749460294	-7.051055625	0.0	0.0
1.107422	11.730810506	-7.119835688	0.0	0.0
1.108398	11.730472481	-7.197650091	0.0	0.0
1.109375	11.723484305	-7.268494409	0.0	0.0
1.110352	11.726111148	-7.344090813	0.0	0.0
1.111328	11.726071768	-7.413837721	0.0	0.0
1.112305	11.718471119	-7.487178339	0.0	0.0
1.113281	11.726091181	-7.55526957	0.0	0.0
1.114258	11.734975691	-7.625728377	0.0	0.0
1.115234	11.717798084	-7.697623909	0.0	0.0
1.116211	11.719373280	-7.768178883	0.0	0.0
1.117188	11.710723861	-7.841120903	0.0	0.0
1.118164	11.691810950	-7.913044818	0.0	0.0
1.119141	11.679943970	-7.982761978	0.0	0.0
1.120117	11.667673298	-8.057197148	0.0	0.0
1.121094	11.683545315	-8.128688432	0.0	0.0
1.122070	11.671151731	-8.196559842	0.0	0.0
1.123047	11.653211342	-8.268260239	0.0	0.0
1.124023	11.645216865	-8.339313879	0.0	0.0
1.125000	11.636804742	-8.414663378	0.0	0.0
1.125977	11.629226516	-8.483333894	0.0	0.0
1.126953	11.617518786	-8.554505832	0.0	0.0
1.127930	11.624739488	-8.62650244	0.0	0.0
1.128906	11.633315725	-8.695214591	0.0	0.0
1.129883	11.611610785	-8.768363287	0.0	0.0
1.130859	11.609198912	-8.835376648	0.0	0.0
1.131836	11.605924269	-8.907873431	0.0	0.0
1.132813	11.603147966	-8.978472228	0.0	0.0
1.133789	11.588923836	-9.049149875	0.0	0.0
1.134766	11.590087871	-9.118508762	0.0	0.0
1.135742	11.577928474	-9.188339624	0.0	0.0
1.136719	11.557692925	-9.263996606	0.0	0.0
1.137695	11.562305194	-9.331240689	0.0	0.0
1.138672	11.545656912	-9.401749775	0.0	0.0
1.139648	11.547497250	-9.473105089	0.0	0.0
1.140625	11.555222619	-9.544847288	0.0	0.0
1.141602	11.558569573	-9.612474517	0.0	0.0
1.142578	11.551274683	-9.680349167	0.0	0.0
1.143555	11.554296777	-9.749777529	0.0	0.0
1.144531	11.533405848	-9.821661443	0.0	0.0
1.145508	11.528016857	-9.895457954	0.0	0.0
1.146484	11.541484749	-9.961914148	0.0	0.0
1.147461	11.551991623	-10.02965583	0.0	0.0
1.148438	11.528669072	-10.09929957	0.0	0.0
1.149414	11.510126112	-10.16880319	0.0	0.0
1.150391	11.496080260	-10.23647013	0.0	0.0
1.151367	11.481257925	-10.30715208	0.0	0.0
1.152344	11.464987959	-10.37745024	0.0	0.0
1.153320	11.450913058	-10.44706956	0.0	0.0
1.154297	11.461647323	-10.51714497	0.0	0.0
1.155273	11.466212240	-10.58737768	0.0	0.0
1.156250	11.446470091	-10.65406837	0.0	0.0
1.157227	11.422611857	-10.72490918	0.0	0.0
1.158203	11.425945203	-10.7971415	0.0	0.0
1.159180	11.433504985	-10.86221864	0.0	0.0
1.160156	11.437615999	-10.93578042	0.0	0.0
1.161133	11.446494685	-11.00111092	0.0	0.0
1.162109	11.443293594	-11.0685952	0.0	0.0
1.163086	11.416423273	-11.13844411	0.0	0.0
1.164063	11.420273206	-11.2106912	0.0	0.0
1.165039	11.430462004	-11.27411627	0.0	0.0
1.166016	11.414229029	-11.34395082	0.0	0.0
1.166992	11.403388535	-11.4132295	0.0	0.0
1.167969	11.413964457	-11.48401055	0.0	0.0
1.168945	11.403770234	-11.54926688	0.0	0.0
1.169922	11.380283633	-11.61685348	0.0	0.0
1.170898	11.382822801	-11.6850555	0.0	0.0
1.171875	11.378776386	-11.75258669	0.0	0.0
1.172852	11.358599402	-11.82099916	0.0	0.0
1.173828	11.358769386	-11.89114128	0.0	0.0
1.174805	11.360930427	-11.95895842	0.0	0.0
1.175781	11.367453449	-12.02568636	0.0	0.0
1.176758	11.353096123	-12.09601522	0.0	0.0
1.177734	11.349224893	-12.16223103	0.0	0.0
1.178711	11.330862210	-12.22945667	0.0	0.0
1.179688	11.307526898	-12.29413969	0.0	0.0
1.180664	11.299448362	-12.36499187	0.0	0.0
1.181641	11.310573674	-12.43103175	0.0	0.0
1.182617	11.301704529	-12.49876695	0.0	0.0
1.183594	11.283031088	-12.56510575	0.0	0.0
1.184570	11.283112555	-12.63738102	0.0	0.0
1.185547	11.299895909	-12.7019478	0.0	0.0
1.186523	11.275152711	-12.76864121	0.0	0.0
1.187500	11.254418440	-12.83251704	0.0	0.0
1.188477	11.257151159	-12.90425038	0.0	0.0
1.189453	11.246717398	-12.96819859	0.0	0.0
1.190430	11.226171307	-13.03659808	0.0	0.0
1.191406	11.233883167	-13.10790858	0.0	0.0
1.192383	11.219175609	-13.16973129	0.0	0.0
1.193359	11.208128223	-13.24131217	0.0	0.0
1.194336	11.192105494	-13.30652516	0.0	0.0
1.195313	11.200438550	-13.3764838	0.0	0.0
1.196289	11.197088717	-13.43979283	0.0	0.0
1.197266	11.185330109	-13.50814586	0.0	0.0
1.198242	11.183502359	-13.57591446	0.0	0.0
1.199219	11.191897289	-13.64070496	0.0	0.0
1.200195	11.184291763	-13.70640919	0.0	0.0
1.201172	11.185751645	-13.77226924	0.0	0.0
1.202148	11.191268618	-13.84129517	0.0	0.0
1.203125	11.181837271	-13.90541585	0.0	0.0
1.204102	11.162729129	-13.97167735	0.0	0.0
1.205078	11.163485398	-14.04069797	0.0	0.0
1.206055	11.164975026	-14.10596922	0.0	0.0
1.207031	11.163184770	-14.16841876	0.0	0.0
1.208008	11.140087440	-14.23589784	0.0	0.0
1.208984	11.118068182	-14.29951938	0.0	0.0
1.209961	11.120788302	-14.36858839	0.0	0.0
1.210938	11.101246691	-14.43442836	0.0	0.0
1.211914	11.097400673	-14.50178603	0.0	0.0
1.212891	11.087831551	-14.56611805	0.0	0.0
1.213867	11.093876299	-14.63425895	0.0	0.0
1.214844	11.100069373	-14.69649812	0.0	0.0
1.215820	11.081892170	-14.76348933	0.0	0.0
1.216797	11.080305106	-14.82946674	0.0	0.0
1.217773	11.089207821	-14.89378135	0.0	0.0
1.218750	11.073491927	-14.95699809	0.0	0.0
1.219727	11.061500906	-15.02680701	0.0	0.0
1.220703	11.063688977	-15.09001338	0.0	0.0
1.221680	11.073921387	-15.15747377	0.0	0.0
1.222656	11.069994129	-15.21670979	0.0	0.0
1.223633	11.041147152	-15.28207776	0.0	0.0
1.224609	11.018061277	-15.34979852	0.0	0.0
1.225586	10.999347706	-15.41490617	0.0	0.0
1.226563	10.984574145	-15.47767916	0.0	0.0
1.227539	10.992683802	-15.5456072	0.0	0.0
1.228516	10.999615777	-15.61111803	0.0	0.0
1.229492	10.990869867	-15.67426507	0.0	0.0
1.230469	10.990397727	-15.73559083	0.0	0.0
1.231445	10.967798551	-15.80037499	0.0	0.0
1.232422	10.943356138	-15.86594179	0.0	0.0
1.233398	10.944227316	-15.93386215	0.0	0.0
1.234375	10.958182392	-15.9972301	0.0	0.0
1.235352	10.929666277	-16.05833764	0.0	0.0
1.236328	10.921578594	-16.12954	0.0	0.0
1.237305	10.927805591	-16.19052385	0.0	0.0
1.238281	10.937844393	-16.2565917	0.0	0.0
1.239258	10.936855738	-16.31976298	0.0	0.0
1.240234	10.938826435	-16.38039743	0.0	0.0
1.241211	10.913689655	-16.44557125	0.0	0.0
1.242188	10.905161068	-16.50997484	0.0	0.0
1.243164	10.888046072	-16.57450189	0.0	0.0
1.244141	10.884724497	-16.6386072	0.0	0.0
1.245117	10.873773171	-16.70127413	0.0	0.0
1.246094	10.867419253	-16.76735927	0.0	0.0
1.247070	10.855743504	-16.82938021	0.0	0.0
1.248047	10.852847201	-16.8928743	0.0	0.0
1.249023	10.856380692	-16.95771037	0.0	0.0
1.250000	10.841193431	-17.02140153	0.0	0.0
1.250977	10.835424138	-17.08641773	0.0	0.0
1.251953	10.847572883	-17.14918319	0.0	0.0
1.252930	10.851352851	-17.20811465	0.0	0.0
1.253906	10.826143115	-17.27370054	0.0	0.0
1.254883	10.820077160	-17.33540838	0.0	0.0
1.255859	10.808868839	-17.39981383	0.0	0.0
1.256836	10.806672610	-17.46225917	0.0	0.0
1.257813	10.789596980	-17.52426378	0.0	0.0
1.258789	10.794189840	-17.59325328	0.0	0.0
1.259766	10.783379493	-17.64860158	0.0	0.0
1.260742	10.761780064	-17.71461095	0.0	0.0
1.261719	10.767113702	-17.77731507	0.0	0.0
1.262695	10.770304010	-17.83845045	0.0	0.0
1.263672	10.748100922	-17.89948853	0.0	0.0
1.264648	10.728653227	-17.96050704	0.0	0.0
1.265625	10.708712525	-18.0287102	0.0	0.0
1.266602	10.708755259	-18.09021993	0.0	0.0
1.267578	10.720769299	-18.15410836	0.0	0.0
1.268555	10.724226373	-18.21584638	0.0	0.0
1.269531	10.706258124	-18.27313328	0.0	0.0
1.270508	10.689340519	-18.33620971	0.0	0.0
1.271484	10.683904669	-18.39880123	0.0	0.0
1.272461	10.669333876	-18.46226222	0.0	0.0
1.273438	10.659027666	-18.52716101	0.0	0.0
1.274414	10.651774313	-18.59114616	0.0	0.0
1.275391	10.650773240	-18.65358671	0.0	0.0
1.276367	10.652453286	-18.71163481	0.0	0.0
1.277344	10.636478051	-18.77403227	0.0	0.0
1.278320	10.618988913	-18.83491147	0.0	0.0
1.279297	10.604168504	-18.89916797	0.0	0.0
1.280273	10.590209463	-18.9573614	0.0	0.0
1.281250	10.590325232	-19.01870809	0.0	0.0
1.282227	10.579538880	-19.0856399	0.0	0.0
1.283203	10.573678218	-19.14632792	0.0	0.0
1.284180	10.586303155	-19.20762514	0.0	0.0
1.285156	10.573381561	-19.26732574	0.0	0.0
1.286133	10.573674494	-19.33344351	0.0	0.0
1.287109	10.559532668	-19.38924185	0.0	0.0
1.288086	10.538136893	-19.45140632	0.0	0.0
1.289063	10.535997646	-19.51439515	0.0	0.0
1.290039	10.543244799	-19.57903885	0.0	0.0
1.291016	10.548921224	-19.63577461	0.0	0.0
1.291992	10.553418569	-19.69410042	0.0	0.0
1.292969	10.528568252	-19.75512724	0.0	0.0
1.293945	10.505890146	-19.81629131	0.0	0.0
1.294922	10.495180462	-19.87756735	0.0	0.0
1.295898	10.488163666	-19.94100583	0.0	0.0
1.296875	10.486477569	-20.00079524	0.0	0.0
1.297852	10.476715187	-20.06329637	0.0	0.0
1.298828	10.464885294	-20.12344921	0.0	0.0
1.299805	10.448347963	-20.18367194	0.0	0.0
1.300781	10.454252529	-20.24547658	0.0	0.0
1.301758	10.439348384	-20.30426006	0.0	0.0
1.302734	10.444433868	-20.36747865	0.0	0.0
1.303711	10.452576802	-20.42626704	0.0	0.0
1.304688	10.453533572	-20.48499342	0.0	0.0
1.305664	10.428481674	-20.5417032	0.0	0.0
1.306641	10.425423155	-20.60635972	0.0	0.0
1.307617	10.412951323	-20.66569583	0.0	0.0
1.308594	10.408354823	-20.72672266	0.0	0.0
1.309570	10.390512619	-20.78715827	0.0	0.0
1.310547	10.393484747	-20.84989257	0.0	0.0
1.311523	10.396968324	-20.90625384	0.0	0.0
1.312500	10.375530749	-20.96221175	0.0	0.0
1.313477	10.355575765	-21.02424502	0.0	0.0
1.314453	10.354841188	-21.08797355	0.0	0.0
1.315430	10.353857296	-21.14724868	0.0	0.0
1.316406	10.347702003	-21.20755927	0.0	0.0
1.317383	10.346566644	-21.26628043	0.0	0.0
1.318359	10.330415754	-21.32193125	0.0	0.0
1.319336	10.327652405	-21.3834376	0.0	0.0
1.320313	10.311497248	-21.44208958	0.0	0.0
1.321289	10.295106029	-21.50352952	0.0	0.0
1.322266	10.300567696	-21.56433894	0.0	0.0
1.323242	10.305667102	-21.62307052	0.0	0.0
1.324219	10.281353699	-21.67799955	0.0	0.0
1.325195	10.264516410	-21.74038993	0.0	0.0
1.326172	10.271380500	-21.79966773	0.0	0.0
1.327148	10.264780920	-21.85860108	0.0	0.0
1.328125	10.247920552	-21.91838183	0.0	0.0
1.329102	10.248470678	-21.97669859	0.0	0.0
1.330078	10.250528713	-22.03382818	0.0	0.0
1.331055	10.230381921	-22.09149514	0.0	0.0
1.332031	10.229403431	-22.15073013	0.0	0.0
1.333008	10.231798156	-22.21240045	0.0	0.0
1.333984	10.212397907	-22.266625	0.0	0.0
1.334961	10.190796758	-22.32788786	0.0	0.0
1.335938	10.188047113	-22.38730902	0.0	0.0
1.336914	10.204500953	-22.44596072	0.0	0.0
1.337891	10.208647512	-22.50534868	0.0	0.0
1.338867	10.193208886	-22.55547537	0.0	0.0
1.339844	10.168954920	-22.6191963	0.0	0.0
1.340820	10.163926963	-22.67650616	0.0	0.0
1.341797	10.163500085	-22.73557823	0.0	0.0
1.342773	10.145990676	-22.79554443	0.0	0.0
1.343750	10.126606142	-22.85104382	0.0	0.0
1.344727	10.116622881	-22.90857291	0.0	0.0
1.345703	10.121978211	-22.96715643	0.0	0.0
1.346680	10.109770173	-23.0246541	0.0	0.0
1.347656	10.098832105	-23.08336139	0.0	0.0
1.348633	10.086411262	-23.14126083	0.0	0.0
1.349609	10.095218681	-23.20150708	0.0	0.0
1.350586	10.081942712	-23.25477945	0.0	0.0
1.351563	10.063023102	-23.31490783	0.0	0.0
1.352539	10.068167367	-23.37310432	0.0	0.0
1.353516	10.053532524	-23.43171191	0.0	0.0
1.354492	10.052534427	-23.48756881	0.0	0.0
1.355469	10.035192345	-23.54348077	0.0	0.0
1.356445	10.041742972	-23.60682826	0.0	0.0
1.357422	10.045327221	-23.65644879	0.0	0.0
1.358398	10.021287045	-23.71693804	0.0	0.0
1.359375	10.005749390	-23.77536732	0.0	0.0
1.360352	9.992999280	-23.830935	0.0	0.0
1.361328	9.991843041	-23.89226371	0.0	0.0
1.362305	10.004678990	-23.94658942	0.0	0.0
1.363281	9.986093614	-24.00342135	0.0	0.0
1.364258	9.969554865	-24.06106325	0.0	0.0
1.365234	9.962593476	-24.11739258	0.0	0.0
1.366211	9.958541842	-24.17238987	0.0	0.0
1.367188	9.942010756	-24.23184289	0.0	0.0
1.368164	9.947566511	-24.28766663	0.0	0.0
1.369141	9.957340974	-24.34223431	0.0	0.0
1.370117	9.942534567	-24.39811992	0.0	0.0
1.371094	9.919955640	-24.45466045	0.0	0.0
1.372070	9.911485701	-24.5108821	0.0	0.0
1.373047	9.898310797	-24.57002165	0.0	0.0
1.374023	9.877536103	-24.62409054	0.0	0.0
1.375000	9.865158126	-24.6823873	0.0	0.0
1.375977	9.863025152	-24.74263622	0.0	0.0
1.376953	9.868867368	-24.79693878	0.0	0.0
1.377930	9.873883662	-24.85200419	0.0	0.0
1.378906	9.849819011	-24.90517144	0.0	0.0
1.379883	9.834693083	-24.96486954	0.0	0.0
1.380859	9.817344830	-25.02383767	0.0	0.0
1.381836	9.822300178	-25.07842164	0.0	0.0
1.382813	9.833483171	-25.13298109	0.0	0.0
1.383789	9.809865463	-25.18944887	0.0	0.0
1.384766	9.808102550	-25.24674548	0.0	0.0
1.385742	9.817205360	-25.30188062	0.0	0.0
1.386719	9.804814835	-25.35536157	0.0	0.0
1.387695	9.792840899	-25.41203425	0.0	0.0
1.388672	9.775812803	-25.46814273	0.0	0.0
1.389648	9.772147025	-25.52423916	0.0	0.0
1.390625	9.777739313	-25.57830436	0.0	0.0
1.391602	9.762470785	-25.63593647	0.0	0.0
1.392578	9.749829920	-25.69053383	0.0	0.0
1.393555	9.739049388	-25.74430295	0.0	0.0
1.394531	9.741050664	-25.80147852	0.0	0.0
1.395508	9.719658294	-25.85233284	0.0	0.0
1.396484	9.695501297	-25.90976882	0.0	0.0
1.397461	9.702976816	-25.97001154	0.0	0.0
1.398438	9.711497961	-26.0242455	0.0	0.0
1.399414	9.692629659	-26.07546141	0.0	0.0
1.400391	9.687150609	-26.13395006	0.0	0.0
1.401367	9.687014990	-26.18830186	0.0	0.0
1.402344	9.689654094	-26.24215538	0.0	0.0
1.403320	9.683695616	-26.29713526	0.0	0.0
1.404297	9.666195928	-26.35233485	0.0	0.0
1.405273	9.661658198	-26.40362601	0.0	0.0
1.406250	9.635419691	-26.45889086	0.0	0.0
1.407227	9.612135653	-26.5135024	0.0	0.0
1.408203	9.618237097	-26.5676388	0.0	0.0
1.409180	9.627808005	-26.6269999	0.0	0.0
1.410156	9.612476477	-26.67897606	0.0	0.0
1.411133	9.596227997	-26.7346249	0.0	0.0
1.412109	9.596821992	-26.78707502	0.0	0.0
1.413086	9.576159805	-26.83959981	0.0	0.0
1.414063	9.577081472	-26.89864963	0.0	0.0
1.415039	9.575331486	-26.95294202	0.0	0.0
1.416016	9.566489764	-27.00353107	0.0	0.0
1.416992	9.559811780	-27.05940391	0.0	0.0
1.417969	9.550561790	-27.1110004	0.0	0.0
1.418945	9.537513709	-27.16803388	0.0	0.0
1.419922	9.526728797	-27.22037401	0.0	0.0
1.420898	9.527779692	-27.27669632	0.0	0.0
1.421875	9.527581262	-27.32950929	0.0	0.0
1.422852	9.500448959	-27.37886172	0.0	0.0
1.423828	9.480346586	-27.43760463	0.0	0.0
1.424805	9.469406935	-27.49244519	0.0	0.0
1.425781	9.477765547	-27.54864444	0.0	0.0
1.426758	9.482013212	-27.59871032	0.0	0.0
1.427734	9.458468473	-27.6517381	0.0	0.0
1.428711	9.460046712	-27.70646151	0.0	0.0
1.429688	9.445455865	-27.75604474	0.0	0.0
1.430664	9.442080942	-27.81333616	0.0	0.0
1.431641	9.440527209	-27.86616021	0.0	0.0
1.432617	9.418704049	-27.91831965	0.0	0.0
1.433594	9.414405077	-27.96937473	0.0	0.0
1.434570	9.397393549	-28.0273714	0.0	0.0
1.435547	9.376409296	-28.07697169	0.0	0.0
1.436523	9.371294522	-28.13745879	0.0	0.0
1.437500	9.380265427	-28.18352351	0.0	0.0
1.438477	9.360500832	-28.23897049	0.0	0.0
1.439453	9.359156400	-28.29149357	0.0	0.0
1.440430	9.365347580	-28.34446428	0.0	0.0
1.441406	9.353093586	-28.39885229	0.0	0.0
1.442383	9.347908558	-28.45004392	0.0	0.0
1.443359	9.326268484	-28.49972605	0.0	0.0
1.444336	9.307015545	-28.5567998	0.0	0.0
1.445313	9.313461993	-28.61427317	0.0	0.0
1.446289	9.310776531	-28.65983234	0.0	0.0
1.447266	9.293614714	-28.71530714	0.0	0.0
1.448242	9.290790472	-28.76679094	0.0	0.0
1.449219	9.276336318	-28.81698536	0.0	0.0
1.450195	9.266288905	-28.87248499	0.0	0.0
1.451172	9.247439326	-28.92401524	0.0	0.0
1.452148	9.246012459	-28.97709789	0.0	0.0
1.453125	9.254677124	-29.02980817	0.0	0.0
1.454102	9.238781977	-29.08256952	0.0	0.0
1.455078	9.226592806	-29.13740258	0.0	0.0
1.456055	9.231837325	-29.18811926	0.0	0.0
1.457031	9.224848862	-29.23771085	0.0	0.0
1.458008	9.203218312	-29.28838707	0.0	0.0
1.458984	9.207016694	-29.3443944	0.0	0.0
1.459961	9.206070376	-29.39435635	0.0	0.0
1.460938	9.201405961	-29.44461073	0.0	0.0
1.461914	9.186073183	-29.49962952	0.0	0.0
1.462891	9.174295892	-29.55229693	0.0	0.0
1.463867	9.171905694	-29.60395697	0.0	0.0
1.464844	9.164014436	-29.65508263	0.0	0.0
1.465820	9.160894966	-29.70325311	0.0	0.0
1.466797	9.143846180	-29.75718622	0.0	0.0
1.467773	9.133301579	-29.80861835	0.0	0.0
1.468750	9.136196047	-29.86023611	0.0	0.0
1.469727	9.136759226	-29.91291275	0.0	0.0
1.470703	9.131927887	-29.9619547	0.0	0.0
1.471680	9.105565352	-30.0101173	0.0	0.0
1.472656	9.100917936	-30.06598541	0.0	0.0
1.473633	9.082156297	-30.11555117	0.0	0.0
1.474609	9.087773098	-30.16777864	0.0	0.0
1.475586	9.089198445	-30.21642976	0.0	0.0
1.476563	9.066129003	-30.26704011	0.0	0.0
1.477539	9.068037543	-30.32073948	0.0	0.0
1.478516	9.059370628	-30.3673975	0.0	0.0
1.479492	9.035337740	-30.41885074	0.0	0.0
1.480469	9.016972569	-30.47509964	0.0	0.0
1.481445	9.002924923	-30.52302895	0.0	0.0
1.482422	9.008063208	-30.57487292	0.0	0.0
1.483398	8.996734936	-30.6271235	0.0	0.0
1.484375	8.999671960	-30.67709376	0.0	0.0
1.485352	8.998927508	-30.7287457	0.0	0.0
1.486328	8.989084170	-30.77820456	0.0	0.0
1.487305	8.966617448	-30.82744609	0.0	0.0
1.488281	8.971172016	-30.88177974	0.0	0.0
1.489258	8.976174969	-30.93229306	0.0	0.0
1.490234	8.975822950	-30.9810177	0.0	0.0
1.491211	8.973675402	-31.03027202	0.0	0.0
1.492188	8.947371080	-31.07897639	0.0	0.0
1.493164	8.925252608	-31.13127137	0.0	0.0
1.494141	8.918781337	-31.18253704	0.0	0.0
1.495117	8.913783171	-31.23451352	0.0	0.0
1.496094	8.898399410	-31.2849167	0.0	0.0
1.497070	8.888630294	-31.33230788	0.0	0.0
1.498047	8.884317960	-31.38626678	0.0	0.0
1.499023	8.890577727	-31.43558287	0.0	0.0
1.500000	8.890067233	-31.48115368	0.0	0.0
1.500977	8.863309589	-31.534292	0.0	0.0
1.501953	8.847063592	-31.58384381	0.0	0.0
1.502930	8.848144493	-31.63559635	0.0	0.0
1.503906	8.851979031	-31.68488559	0.0	0.0
1.504883	8.852519172	-31.73536256	0.0	0.0
1.505859	8.846818341	-31.78256442	0.0	0.0
1.506836	8.828460652	-31.83126302	0.0	0.0
1.507813	8.816354720	-31.88340049	0.0	0.0
1.508789	8.801870400	-31.93207615	0.0	0.0
1.509766	8.808533258	-31.98336356	0.0	0.0
1.510742	8.800921451	-32.03153935	0.0	0.0
1.511719	8.785673426	-32.0824719	0.0	0.0
1.512695	8.780085466	-32.12705903	0.0	0.0
1.513672	8.760814384	-32.17763293	0.0	0.0
1.514648	8.765621475	-32.22898061	0.0	0.0
1.515625	8.754499004	-32.27867406	0.0	0.0
1.516602	8.736368468	-32.32510385	0.0	0.0
1.517578	8.735472292	-32.3794597	0.0	0.0
1.518555	8.719040856	-32.42254234	0.0	0.0
1.519531	8.704710331	-32.47865525	0.0	0.0
1.520508	8.704563971	-32.52561595	0.0	0.0
1.521484	8.689078225	-32.56973112	0.0	0.0
1.522461	8.695408186	-32.6235511	0.0	0.0
1.523438	8.698972096	-32.67369776	0.0	0.0
1.524414	8.679644841	-32.72095718	0.0	0.0
1.525391	8.672376207	-32.77283042	0.0	0.0
1.526367	8.664728511	-32.8200536	0.0	0.0
1.527344	8.665017730	-32.86849362	0.0	0.0
1.528320	8.666937988	-32.91484178	0.0	0.0
1.529297	8.662264247	-32.96693978	0.0	0.0
1.530273	8.635579696	-33.01312312	0.0	0.0
1.531250	8.626373648	-33.06097431	0.0	0.0
1.532227	8.620328944	-33.11243765	0.0	0.0
1.533203	8.607605941	-33.15834061	0.0	0.0
1.534180	8.614655412	-33.20895344	0.0	0.0
1.535156	8.611096054	-33.2501731	0.0	0.0
1.536133	8.592386241	-33.30285963	0.0	0.0
1.537109	8.584536174	-33.34930317	0.0	0.0
1.538086	8.567751939	-33.40080061	0.0	0.0
1.539063	8.563798325	-33.44894455	0.0	0.0
1.540039	8.566729208	-33.49672879	0.0	0.0
1.541016	8.545986389	-33.54341793	0.0	0.0
1.541992	8.535237146	-33.59301658	0.0	0.0
1.542969	8.519060743	-33.63692314	0.0	0.0
1.543945	8.505096500	-33.68418538	0.0	0.0
1.544922	8.501705184	-33.73663456	0.0	0.0
1.545898	8.488607716	-33.78579261	0.0	0.0
1.546875	8.477385139	-33.83229761	0.0	0.0
1.547852	8.481098102	-33.88054057	0.0	0.0
1.548828	8.476990466	-33.92667069	0.0	0.0
1.549805	8.475068033	-33.97657478	0.0	0.0
1.550781	8.456030805	-34.02006922	0.0	0.0
1.551758	8.446383624	-34.07392463	0.0	0.0
1.552734	8.446073008	-34.11782759	0.0	0.0
1.553711	8.436212909	-34.16457354	0.0	0.0
1.554688	8.428037358	-34.2174848	0.0	0.0
1.555664	8.428451325	-34.2594169	0.0	0.0
1.556641	8.408377156	-34.310943	0.0	0.0
1.557617	8.391352564	-34.35295812	0.0	0.0
1.558594	8.393205066	-34.40189426	0.0	0.0
1.559570	8.398531847	-34.45536561	0.0	0.0
1.560547	8.390243402	-34.49176099	0.0	0.0
1.561523	8.368288541	-34.54395878	0.0	0.0
1.562500	8.352521808	-34.5932626	0.0	0.0
1.563477	8.336859299	-34.6385262	0.0	0.0
1.564453	8.328320595	-34.69013649	0.0	0.0
1.565430	8.328035591	-34.73801383	0.0	0.0
1.566406	8.334193894	-34.78178106	0.0	0.0
1.567383	8.335496074	-34.83155136	0.0	0.0
1.568359	8.333216092	-34.87722772	0.0	0.0
1.569336	8.332170888	-34.92187717	0.0	0.0
1.570313	8.330097081	-34.96747975	0.0	0.0
1.571289	8.318788998	-35.01220868	0.0	0.0
1.572266	8.304174671	-35.05788971	0.0	0.0
1.573242	8.277758228	-35.10632628	0.0	0.0
1.574219	8.260793202	-35.15162397	0.0	0.0
1.575195	8.251565847	-35.20136839	0.0	0.0
1.576172	8.246436261	-35.24931294	0.0	0.0
1.577148	8.234544098	-35.2956474	0.0	0.0
1.578125	8.223979285	-35.33981401	0.0	0.0
1.579102	8.232313893	-35.3893992	0.0	0.0
1.580078	8.227017461	-35.43129558	0.0	0.0
1.581055	8.214085230	-35.47920814	0.0	0.0
1.582031	8.206380109	-35.52711807	0.0	0.0
1.583008	8.205580838	-35.57477118	0.0	0.0
1.583984	8.192058496	-35.61985187	0.0	0.0
1.584961	8.177455437	-35.66713674	0.0	0.0
1.585938	8.178494340	-35.71554155	0.0	0.0
1.586914	8.169073931	-35.75767421	0.0	0.0
1.587891	8.169368263	-35.80283509	0.0	0.0
1.588867	8.169253935	-35.849824	0.0	0.0
1.589844	8.165438796	-35.89747913	0.0	0.0
1.590820	8.150814610	-35.93739949	0.0	0.0
1.591797	8.127427137	-35.98220009	0.0	0.0
1.592773	8.119667363	-36.0317671	0.0	0.0
1.593750	8.115179283	-36.07846036	0.0	0.0
1.594727	8.114512658	-36.12405301	0.0	0.0
1.595703	8.104892280	-36.17111935	0.0	0.0
1.596680	8.085039400	-36.21063596	0.0	0.0
1.597656	8.069037177	-36.25871244	0.0	0.0
1.598633	8.063006129	-36.30732021	0.0	0.0
1.599609	8.056668006	-36.35430504	0.0	0.0
1.600586	8.055086302	-36.39911817	0.0	0.0
1.601563	8.048211420	-36.44732304	0.0	0.0
1.602539	8.046540812	-36.48799124	0.0	0.0
1.603516	8.047219777	-36.53557776	0.0	0.0
1.604492	8.022555780	-36.5782118	0.0	0.0
1.605469	8.008785359	-36.62568219	0.0	0.0
1.606445	8.014881518	-36.67774627	0.0	0.0
1.607422	8.020350103	-36.71803471	0.0	0.0
1.608398	8.012540952	-36.75943203	0.0	0.0
1.609375	8.009256219	-36.80981272	0.0	0.0
1.610352	8.006175252	-36.8526796	0.0	0.0
1.611328	7.991322111	-36.89584862	0.0	0.0
1.612305	7.967063127	-36.93618605	0.0	0.0
1.613281	7.950705722	-36.98584081	0.0	0.0
1.614258	7.951402448	-37.03044398	0.0	0.0
1.615234	7.940196165	-37.07807867	0.0	0.0
1.616211	7.921586081	-37.12118179	0.0	0.0
1.617188	7.916382771	-37.16564143	0.0	0.0
1.618164	7.913151187	-37.21030286	0.0	0.0
1.619141	7.908306084	-37.25555675	0.0	0.0
1.620117	7.914352747	-37.2999686	0.0	0.0
1.621094	7.908305515	-37.34492392	0.0	0.0
1.622070	7.886779617	-37.38982739	0.0	0.0
1.623047	7.880316165	-37.43028435	0.0	0.0
1.624023	7.872029377	-37.47533663	0.0	0.0
1.625000	7.853453514	-37.52100741	0.0	0.0
1.625977	7.835760447	-37.56674017	0.0	0.0
1.626953	7.823263224	-37.61091152	0.0	0.0
1.627930	7.822191796	-37.65824939	0.0	0.0
1.628906	7.821101724	-37.70382904	0.0	0.0
1.629883	7.814038092	-37.74409824	0.0	0.0
1.630859	7.799144009	-37.78969239	0.0	0.0
1.631836	7.786342512	-37.83163709	0.0	0.0
1.632813	7.769438330	-37.87668511	0.0	0.0
1.633789	7.768374876	-37.92024435	0.0	0.0
1.634766	7.768707880	-37.96420218	0.0	0.0
1.635742	7.748885710	-38.0080714	0.0	0.0
1.636719	7.742165195	-38.05230622	0.0	0.0
1.637695	7.727598641	-38.09882863	0.0	0.0
1.638672	7.711129117	-38.14111865	0.0	0.0
1.639648	7.701265589	-38.18379942	0.0	0.0
1.640625	7.688592402	-38.23415983	0.0	0.0
1.641602	7.682501001	-38.27763798	0.0	0.0
1.642578	7.687710089	-38.31943616	0.0	0.0
1.643555	7.679930169	-38.36496199	0.0	0.0
1.644531	7.652006436	-38.40313202	0.0	0.0
1.645508	7.637500588	-38.45206972	0.0	0.0
1.646484	7.635696238	-38.4938138	0.0	0.0
1.647461	7.632836490	-38.53570857	0.0	0.0
1.648438	7.629083356	-38.58127742	0.0	0.0
1.649414	7.609606811	-38.62110292	0.0	0.0
1.650391	7.582479533	-38.66467612	0.0	0.0
1.651367	7.562689770	-38.70702315	0.0	0.0
1.652344	7.547475655	-38.7529109	0.0	0.0
1.653320	7.551643194	-38.79498664	0.0	0.0
1.654297	7.548968666	-38.83906913	0.0	0.0
1.655273	7.523013805	-38.88177779	0.0	0.0
1.656250	7.501039241	-38.92819221	0.0	0.0
1.657227	7.497119296	-38.96941815	0.0	0.0
1.658203	7.479239901	-39.01250851	0.0	0.0
1.659180	7.455927767	-39.05593266	0.0	0.0
1.660156	7.445682897	-39.10124042	0.0	0.0
1.661133	7.437079481	-39.14179798	0.0	0.0
1.662109	7.422061401	-39.18777231	0.0	0.0
1.663086	7.408162684	-39.23008247	0.0	0.0
1.664063	7.402568882	-39.27186348	0.0	0.0
1.665039	7.395709399	-39.31429852	0.0	0.0
1.666016	7.368300481	-39.35420841	0.0	0.0
1.666992	7.345671337	-39.40254151	0.0	0.0
1.667969	7.329075443	-39.44015047	0.0	0.0
1.668945	7.324661636	-39.48568581	0.0	0.0
1.669922	7.316019338	-39.52768304	0.0	0.0
1.670898	7.298708212	-39.56950382	0.0	0.0
1.671875	7.280601778	-39.61369349	0.0	0.0
1.672852	7.251950206	-39.65864045	0.0	0.0
1.673828	7.226647369	-39.70064021	0.0	0.0
1.674805	7.219941145	-39.7395959	0.0	0.0
1.675781	7.207462772	-39.78165757	0.0	0.0
1.676758	7.179488983	-39.82490418	0.0	0.0
1.677734	7.152241988	-39.86585994	0.0	0.0
1.678711	7.136371305	-39.91243266	0.0	0.0
1.679688	7.114730049	-39.95143899	0.0	0.0
1.680664	7.093959144	-39.99600772	0.0	0.0
1.681641	7.077172481	-40.04051844	0.0	0.0
1.682617	7.067312741	-40.07902474	0.0	0.0
1.683594	7.049568347	-40.12110104	0.0	0.0
1.684570	7.009216609	-40.16386008	0.0	0.0
1.685547	6.987655307	-40.20227015	0.0	0.0
1.686523	6.978486140	-40.24970713	0.0	0.0
1.687500	6.961684113	-40.28839914	0.0	0.0
1.688477	6.924652263	-40.32983719	0.0	0.0
1.689453	6.903847141	-40.3747744	0.0	0.0
1.690430	6.871936568	-40.41140468	0.0	0.0
1.691406	6.851435279	-40.45645629	0.0	0.0
1.692383	6.832836694	-40.50162299	0.0	0.0
1.693359	6.812746100	-40.54367119	0.0	0.0
1.694336	6.781832823	-40.58192448	0.0	0.0
1.695313	6.747744910	-40.62210813	0.0	0.0
1.696289	6.715160127	-40.66400154	0.0	0.0
1.697266	6.697760517	-40.70846107	0.0	0.0
1.698242	6.671181640	-40.75632252	0.0	0.0
1.699219	6.645743686	-40.79096712	0.0	0.0
1.700195	6.617562845	-40.8325128	0.0	0.0
1.701172	6.601520535	-40.87406465	0.0	0.0
1.702148	6.574505880	-40.91553775	0.0	0.0
1.703125	6.541990340	-40.95701702	0.0	0.0
1.704102	6.507741004	-40.99846007	0.0	0.0
1.705078	6.484188139	-41.03982462	0.0	0.0
1.706055	6.447566470	-41.08119537	0.0	0.0
1.707031	6.425924389	-41.12248779	0.0	0.0
1.708008	6.393015007	-41.16378643	0.0	0.0
1.708984	6.358177947	-41.20500691	0.0	0.0
1.709961	6.316920295	-41.24623363	0.0	0.0
1.710938	6.282786621	-41.28742443	0.0	0.0
1.711914	6.251909606	-41.32853732	0.0	0.0
1.712891	6.232094715	-41.36965647	0.0	0.0
1.713867	6.205264473	-41.41069787	0.0	0.0
1.714844	6.162118507	-41.45174555	0.0	0.0
1.715820	6.139517499	-41.49271564	0.0	0.0
1.716797	6.107499313	-41.53369203	0.0	0.0
1.717773	6.063035849	-41.57459099	0.0	0.0
1.718750	6.033804977	-41.61549627	0.0	0.0
1.719727	6.004969437	-41.65636605	0.0	0.0
1.720703	5.970103205	-41.69715864	0.0	0.0
1.721680	5.935855546	-41.73795758	0.0	0.0
1.722656	5.894886206	-41.7786795	0.0	0.0
1.723633	5.856619472	-41.81940778	0.0	0.0
1.724609	5.818099384	-41.86005921	0.0	0.0
1.725586	5.782498410	-41.90071701	0.0	0.0
1.726563	5.744826963	-41.94133963	0.0	0.0
1.727539	5.706262653	-41.98188563	0.0	0.0
1.728516	5.666773075	-42.02243803	0.0	0.0
1.729492	5.628290395	-42.06291399	0.0	0.0
1.730469	5.585706008	-42.10339636	0.0	0.0
1.731445	5.548416740	-42.14380245	0.0	0.0
1.732422	5.506403602	-42.18421497	0.0	0.0
1.733398	5.464908159	-42.22455137	0.0	0.0
1.734375	5.428828102	-42.26489422	0.0	0.0
1.735352	5.388673127	-42.30520228	0.0	0.0
1.736328	5.351080438	-42.34543445	0.0	0.0
1.737305	5.314455009	-42.38567311	0.0	0.0
1.738281	5.279393577	-42.42583604	0.0	0.0
1.739258	5.227068558	-42.46600547	0.0	0.0
1.740234	5.184885145	-42.50609933	0.0	0.0
1.741211	5.138896153	-42.5461997	0.0	0.0
1.742188	5.096509520	-42.5862656	0.0	0.0
1.743164	5.059544658	-42.62625617	0.0	0.0
1.744141	5.016780861	-42.66625328	0.0	0.0
1.745117	4.972477007	-42.70617522	0.0	0.0
1.746094	4.936811648	-42.74610372	0.0	0.0
1.747070	4.898833640	-42.7859572	0.0	0.0
1.748047	4.862960438	-42.82581727	0.0	0.0
1.749023	4.817350050	-42.86560247	0.0	0.0
1.750000	4.762801187	-42.90539428	0.0	0.0
1.750977	4.714206428	-42.945152	0.0	0.0
1.751953	4.672982325	-42.9848351	0.0	0.0
1.752930	4.634981482	-43.02452483	0.0	0.0
1.753906	4.583892012	-43.06414008	0.0	0.0
1.754883	4.536384296	-43.10376198	0.0	0.0
1.755859	4.497905524	-43.14330958	0.0	0.0
1.756836	4.455555392	-43.18286383	0.0	0.0
1.757813	4.403590473	-43.2223843	0.0	0.0
1.758789	4.356656549	-43.2618307	0.0	0.0
1.759766	4.315866938	-43.30128378	0.0	0.0
1.760742	4.268805222	-43.34066295	0.0	0.0
1.761719	4.226310564	-43.38004881	0.0	0.0
1.762695	4.184917479	-43.41936092	0.0	0.0
1.763672	4.137444607	-43.45867974	0.0	0.0
1.764648	4.095045255	-43.49792495	0.0	0.0
1.765625	4.044525368	-43.53717691	0.0	0.0
1.766602	4.005466045	-43.57639547	0.0	0.0
1.767578	3.958131040	-43.61554066	0.0	0.0
1.768555	3.915280788	-43.65469261	0.0	0.0
1.769531	3.864204841	-43.69377133	0.0	0.0
1.770508	3.813391062	-43.73285684	0.0	0.0
1.771484	3.767025124	-43.77186928	0.0	0.0
1.772461	3.724166631	-43.81088851	0.0	0.0
1.773438	3.677033045	-43.84987466	0.0	0.0
1.774414	3.628784277	-43.88878797	0.0	0.0
1.775391	3.583068842	-43.9277081	0.0	0.0
1.776367	3.544277067	-43.96655554	0.0	0.0
1.777344	3.500294756	-44.00540983	0.0	0.0
1.778320	3.454917154	-44.04419158	0.0	0.0
1.779297	3.411562191	-44.08298019	0.0	0.0
1.780273	3.361826200	-44.12169642	0.0	0.0
1.781250	3.316115157	-44.16041952	0.0	0.0
1.782227	3.267930640	-44.19910992	0.0	0.0
1.783203	3.221366905	-44.23772816	0.0	0.0
1.784180	3.179858802	-44.2763533	0.0	0.0
1.785156	3.140801944	-44.31490644	0.0	0.0
1.786133	3.096443740	-44.3534665	0.0	0.0
1.787109	3.050829461	-44.3919547	0.0	0.0
1.788086	3.005190342	-44.43044984	0.0	0.0
1.789063	2.960808965	-44.46891257	0.0	0.0
1.790039	2.915566765	-44.50730367	0.0	0.0
1.791016	2.875858641	-44.54570174	0.0	0.0
1.791992	2.833222331	-44.58402832	0.0	0.0
1.792969	2.794585320	-44.62236188	0.0	0.0
1.793945	2.749426163	-44.66062412	0.0	0.0
1.794922	2.707010267	-44.69889335	0.0	0.0
1.795898	2.666041191	-44.7370914	0.0	0.0
1.796875	2.624370221	-44.77529647	0.0	0.0
1.797852	2.580787562	-44.8134695	0.0	0.0
1.798828	2.541169907	-44.85157156	0.0	0.0
1.799805	2.499443964	-44.88968068	0.0	0.0
1.800781	2.453820775	-44.92771898	0.0	0.0
1.801758	2.409579989	-44.96576434	0.0	0.0
1.802734	2.370580118	-45.00373903	0.0	0.0
1.803711	2.333817314	-45.0417208	0.0	0.0
1.804688	2.295790549	-45.07967083	0.0	0.0
1.805664	2.252944503	-45.11755041	0.0	0.0
1.806641	2.211204901	-45.1554371	0.0	0.0
1.807617	2.169662492	-45.19325348	0.0	0.0
1.808594	2.131632245	-45.23107699	0.0	0.0
1.809570	2.092154632	-45.26883035	0.0	0.0
1.810547	2.051774681	-45.30659084	0.0	0.0
1.811523	2.017038711	-45.34428133	0.0	0.0
1.812500	1.983191693	-45.38197898	0.0	0.0
1.813477	1.945197052	-45.41964524	0.0	0.0
1.814453	1.904392225	-45.45724172	0.0	0.0
1.815430	1.866434387	-45.49484538	0.0	0.0
1.816406	1.831620846	-45.5323794	0.0	0.0
1.817383	1.798181918	-45.56992061	0.0	0.0
1.818359	1.759522622	-45.60739233	0.0	0.0
1.819336	1.723205804	-45.64487126	0.0	0.0
1.820313	1.687562429	-45.6823191	0.0	0.0
1.821289	1.655118665	-45.71969766	0.0	0.0
1.822266	1.624685098	-45.75708346	0.0	0.0
1.823242	1.592533648	-45.79440012	0.0	0.0
1.824219	1.559619454	-45.83172404	0.0	0.0
1.825195	1.526319794	-45.86897896	0.0	0.0
1.826172	1.490525400	-45.90624116	0.0	0.0
1.827148	1.455800093	-45.94343451	0.0	0.0
1.828125	1.423848092	-45.98063516	0.0	0.0
1.829102	1.393754641	-46.01780506	0.0	0.0
1.830078	1.361893589	-46.05490633	0.0	0.0
1.831055	1.331403387	-46.09201492	0.0	0.0
1.832031	1.301740443	-46.12905502	0.0	0.0
1.833008	1.274465635	-46.16610245	0.0	0.0
1.833984	1.246882038	-46.20308152	0.0	0.0
1.834961	1.216968266	-46.24006795	0.0	0.0
1.835938	1.188935065	-46.27702392	0.0	0.0
1.836914	1.160765897	-46.31391175	0.0	0.0
1.837891	1.133306772	-46.35080696	0.0	0.0
1.838867	1.104686207	-46.38763417	0.0	0.0
1.839844	1.079081388	-46.42446877	0.0	0.0
1.840820	1.053011564	-46.46123551	0.0	0.0
1.841797	1.025041431	-46.49800966	0.0	0.0
1.842773	0.999753216	-46.5347161	0.0	0.0
1.843750	0.975341090	-46.57142996	0.0	0.0
1.844727	0.952183739	-46.60811372	0.0	0.0
1.845703	0.928297345	-46.64472997	0.0	0.0
1.846680	0.904588993	-46.68135367	0.0	0.0
1.847656	0.881496515	-46.71791001	0.0	0.0
1.848633	0.857935624	-46.75447381	0.0	0.0
1.849609	0.833966310	-46.79097038	0.0	0.0
1.850586	0.812300279	-46.82747444	0.0	0.0
1.851563	0.788894089	-46.86394866	0.0	0.0
1.852539	0.766439690	-46.90035587	0.0	0.0
1.853516	0.745165073	-46.93677058	0.0	0.0
1.854492	0.725435389	-46.97311841	0.0	0.0
1.855469	0.706479003	-47.00947377	0.0	0.0
1.856445	0.687569270	-47.04576238	0.0	0.0
1.857422	0.667936171	-47.08205854	0.0	0.0
1.858398	0.647896433	-47.11828808	0.0	0.0
1.859375	0.628537257	-47.15452519	0.0	0.0
1.860352	0.610850589	-47.19073281	0.0	0.0
1.861328	0.593883300	-47.22687403	0.0	0.0
1.862305	0.576148721	-47.26302283	0.0	0.0
1.863281	0.557841229	-47.29910537	0.0	0.0
1.864258	0.540557683	-47.33519551	0.0	0.0
1.865234	0.525072946	-47.37121952	0.0	0.0
1.866211	0.509440490	-47.40725114	0.0	0.0
1.867188	0.493985704	-47.44325355	0.0	0.0
1.868164	0.479119532	-47.47919003	0.0	0.0
1.869141	0.464012011	-47.51513416	0.0	0.0
1.870117	0.449203583	-47.55101249	0.0	0.0
1.871094	0.433787466	-47.58689848	0.0	0.0
1.872070	0.419359559	-47.62271882	0.0	0.0
1.873047	0.406014728	-47.65854682	0.0	0.0
1.874023	0.393082528	-47.69430931	0.0	0.0
1.875000	0.380456039	-47.73007948	0.0	0.0
1.875977	0.367407269	-47.76582079	0.0	0.0
1.876953	0.355353543	-47.80149677	0.0	0.0
1.877930	0.343076440	-47.83718046	0.0	0.0
1.878906	0.331229682	-47.87279897	0.0	0.0
1.879883	0.320109839	-47.90842521	0.0	0.0
1.880859	0.308939426	-47.9439864	0.0	0.0
1.881836	0.298718869	-47.97955533	0.0	0.0
1.882813	0.288368877	-48.01509565	0.0	0.0
1.883789	0.278006568	-48.05057112	0.0	0.0
1.884766	0.267770528	-48.08605436	0.0	0.0
1.885742	0.258617646	-48.12147287	0.0	0.0
1.886719	0.249337055	-48.15689918	0.0	0.0
1.887695	0.239829761	-48.19226089	0.0	0.0
1.888672	0.231009209	-48.22763041	0.0	0.0
1.889648	0.222904282	-48.26293547	0.0	0.0
1.890625	0.214877792	-48.29824835	0.0	0.0
1.891602	0.206514831	-48.33353294	0.0	0.0
1.892578	0.198451142	-48.36875329	0.0	0.0
1.893555	0.190808912	-48.40398147	0.0	0.0
1.894531	0.183616511	-48.43914552	0.0	0.0
1.895508	0.176589699	-48.47431743	0.0	0.0
1.896484	0.169772381	-48.50942535	0.0	0.0
1.897461	0.162775026	-48.54454113	0.0	0.0
1.898438	0.156329783	-48.57962889	0.0	0.0
1.899414	0.150345565	-48.61465286	0.0	0.0
1.900391	0.144294797	-48.64968472	0.0	0.0
1.901367	0.138283163	-48.68465291	0.0	0.0
1.902344	0.132882967	-48.719629	0.0	0.0
1.903320	0.127649572	-48.75454156	0.0	0.0
1.904297	0.122345148	-48.78946205	0.0	0.0
1.905273	0.117043311	-48.82431912	0.0	0.0
1.906250	0.112099743	-48.85918413	0.0	0.0
1.907227	0.107414557	-48.89402145	0.0	0.0
1.908203	0.102839691	-48.92879555	0.0	0.0
1.909180	0.098538688	-48.96357762	0.0	0.0
1.910156	0.094141456	-48.9982966	0.0	0.0
1.911133	0.090053348	-49.03302355	0.0	0.0
1.912109	0.086275711	-49.06768755	0.0	0.0
1.913086	0.082532782	-49.10235954	0.0	0.0
1.914063	0.078800770	-49.13700408	0.0	0.0
1.915039	0.075395697	-49.17158586	0.0	0.0
1.916016	0.072059875	-49.20617565	0.0	0.0
1.916992	0.068695714	-49.24070281	0.0	0.0
1.917969	0.065541988	-49.27523799	0.0	0.0
1.918945	0.062639129	-49.30971066	0.0	0.0
1.919922	0.059784156	-49.34419138	0.0	0.0
1.920898	0.057014945	-49.37860971	0.0	0.0
1.921875	0.054319980	-49.4130361	0.0	0.0
1.922852	0.051680602	-49.44743537	0.0	0.0
1.923828	0.049245452	-49.48177244	0.0	0.0
1.924805	0.046929841	-49.51611759	0.0	0.0
1.925781	0.044649252	-49.55040067	0.0	0.0
1.926758	0.042531932	-49.58469186	0.0	0.0
1.927734	0.040428454	-49.61892109	0.0	0.0
1.928711	0.038456259	-49.65315844	0.0	0.0
1.929688	0.036596537	-49.68736891	0.0	0.0
1.930664	0.034793856	-49.72151762	0.0	0.0
1.931641	0.033026076	-49.75567447	0.0	0.0
1.932617	0.031375812	-49.78976969	0.0	0.0
1.933594	0.029765485	-49.82387306	0.0	0.0
1.934570	0.028168844	-49.85791491	0.0	0.0
1.935547	0.026697272	-49.89196494	0.0	0.0
1.936523	0.025322817	-49.92595357	0.0	0.0
1.937500	0.023967334	-49.95995039	0.0	0.0
1.938477	0.022668891	-49.99392065	0.0	0.0
1.939453	0.021441255	-50.0278297	0.0	0.0
1.940430	0.020284286	-50.06174696	0.0	0.0
1.941406	0.019185663	-50.09560314	0.0	0.0
1.942383	0.018140140	-50.12946753	0.0	0.0
1.943359	0.017154107	-50.16327097	0.0	0.0
1.944336	0.016198979	-50.19708265	0.0	0.0
1.945313	0.015276043	-50.230868	0.0	0.0
1.946289	0.014371039	-50.26459258	0.0	0.0
1.947266	0.013525476	-50.29832542	0.0	0.0
1.948242	0.012727879	-50.3319976	0.0	0.0
1.949219	0.011974733	-50.36567806	0.0	0.0
1.950195	0.011269338	-50.39929799	0.0	0.0
1.951172	0.010588508	-50.4329262	0.0	0.0
1.952148	0.009937849	-50.466494	0.0	0.0
1.953125	0.009332892	-50.50007011	0.0	0.0
1.954102	0.008745390	-50.53362019	0.0	0.0
1.955078	0.008173173	-50.56711006	0.0	0.0
1.956055	0.007655959	-50.60060824	0.0	0.0
1.957031	0.007156936	-50.63404631	0.0	0.0
1.958008	0.006697228	-50.66749273	0.0	0.0
1.958984	0.006258059	-50.70087915	0.0	0.0
1.959961	0.005845370	-50.73427393	0.0	0.0
1.960938	0.005460834	-50.76764293	0.0	0.0
1.961914	0.005094253	-50.80095211	0.0	0.0
1.962891	0.004760126	-50.83426968	0.0	0.0
1.963867	0.004454076	-50.86752755	0.0	0.0
1.964844	0.004160715	-50.90079381	0.0	0.0
1.965820	0.003898164	-50.9340005	0.0	0.0
1.966797	0.003652359	-50.9672156	0.0	0.0
1.967773	0.003432489	-51.00037124	0.0	0.0
1.968750	0.003239340	-51.0335353	0.0	0.0
1.969727	0.003059507	-51.06667388	0.0	0.0
1.970703	0.002906009	-51.09975318	0.0	0.0
1.971680	0.002774400	-51.13284092	0.0	0.0
1.972656	0.002661788	-51.16586951	0.0	0.0
1.973633	0.002572506	-51.19890655	0.0	0.0
1.974609	0.002494105	-51.23188455	0.0	0.0
1.975586	0.002429758	-51.26487102	0.0	0.0
1.976563	0.002380940	-51.29783223	0.0	0.0
1.977539	0.002346836	-51.33073459	0.0	0.0
1.978516	0.002315686	-51.36364543	0.0	0.0
1.979492	0.002306513	-51.39649752	0.0	0.0
1.980469	0.002299849	-51.42935812	0.0	0.0
1.981445	0.002293139	-51.46216009	0.0	0.0
1.982422	0.002307509	-51.49497056	0.0	0.0
1.983398	0.002320094	-51.52772253	0.0	0.0
1.984375	0.002327596	-51.56048303	0.0	0.0
1.985352	0.002339253	-51.59321857	0.0	0.0
1.986328	0.002355281	-51.62589577	0.0	0.0
1.987305	0.002376261	-51.65858152	0.0	0.0
1.988281	0.002393197	-51.69120905	0.0	0.0
1.989258	0.002410549	-51.72384514	0.0	0.0
1.990234	0.002422913	-51.75642312	0.0	0.0
1.991211	0.002430805	-51.78900967	0.0	0.0
1.992188	0.002444865	-51.8215715	0.0	0.0
1.993164	0.002457185	-51.85407539	0.0	0.0
1.994141	0.002469463	-51.88658787	0.0	0.0
1.995117	0.002477815	-51.91904254	0.0	0.0
1.996094	0.002496527	-51.95150581	0.0	0.0
1.997070	0.002489365	-51.98391138	0.0	0.0
1.998047	0.002495107	-52.01632557	0.0	0.0
1.999023	0.002498901	-52.04868217	0.0	0.0
2.000000	0.002501077	-52.0810474	0.0	0.0

