# UNCLASSIFIED
#
# Response info for SIV IDC short period site.
#
# Effective: 18 May 2008
# Response Created: 08 Jun 2009
# File name: SIV.SP.958608000   
# Inid: 7148,7149,7150 
# Source:  James Neely (TTD), TSgt Swindle (TTD)
# System equipment: Dase ZM500/HM500 sensor and Alpillies digitiser
#
# This response file was derived from equations of state.
# 
# Displacement response relative to 1.0 at 0.5 Hz.
#
# SIV SHZ is is 0.047701 nm/count at 0.5 Hz.
# SIV SHN is is 0.047701 nm/count at 0.5 Hz.
# SIV SHE is is 0.047701 nm/count at 0.5 Hz.
#
# Freq(Hz)     Amp(counts/nm)   Phase(deg)  Error(amp)  Error(phase)
#
 theoretical  0       system    fap   J.Neely
2046
0.036621	0.000556681	264.077718	0.0	0.0
0.048828	0.001316567	262.072873	0.0	0.0
0.061035	0.002574372	260.063842	0.0	0.0
0.073242	0.004452868	258.048296	0.0	0.0
0.085449	0.007077127	256.017710	0.0	0.0
0.097656	0.010551272	253.973801	0.0	0.0
0.109863	0.015003842	251.913073	0.0	0.0
0.122070	0.020570922	249.830971	0.0	0.0
0.134277	0.027306548	247.730925	0.0	0.0
0.146484	0.035463855	245.605903	0.0	0.0
0.158691	0.045032906	243.460560	0.0	0.0
0.170898	0.056170053	241.290843	0.0	0.0
0.183105	0.068868340	239.097812	0.0	0.0
0.195313	0.083354118	236.879102	0.0	0.0
0.207520	0.099667613	234.639202	0.0	0.0
0.219727	0.117681963	232.371772	0.0	0.0
0.231934	0.138027362	230.081924	0.0	0.0
0.244141	0.160318471	227.773282	0.0	0.0
0.256348	0.184050626	225.443720	0.0	0.0
0.268555	0.210196603	223.095934	0.0	0.0
0.280762	0.238335916	220.733572	0.0	0.0
0.292969	0.268848341	218.358449	0.0	0.0
0.305176	0.301082695	215.976231	0.0	0.0
0.317383	0.335171268	213.587441	0.0	0.0
0.329590	0.371093915	211.197291	0.0	0.0
0.341797	0.409649765	208.810936	0.0	0.0
0.354004	0.449133732	206.433128	0.0	0.0
0.366211	0.488774415	204.062562	0.0	0.0
0.378418	0.531549730	201.709017	0.0	0.0
0.390625	0.575481362	199.376278	0.0	0.0
0.402832	0.620028327	197.065512	0.0	0.0
0.415039	0.666178969	194.783114	0.0	0.0
0.427246	0.713665156	192.532787	0.0	0.0
0.439453	0.761916130	190.319499	0.0	0.0
0.451660	0.810186877	188.143900	0.0	0.0
0.463867	0.856590465	186.008858	0.0	0.0
0.476074	0.902891290	183.914880	0.0	0.0
0.488281	0.952186751	181.865715	0.0	0.0
0.500488	1.001943926	179.865301	0.0	0.0
0.512695	1.049494488	177.913049	0.0	0.0
0.524902	1.097158649	176.010179	0.0	0.0
0.537109	1.147290470	174.155754	0.0	0.0
0.549316	1.198836737	172.353630	0.0	0.0
0.561523	1.248466204	170.603961	0.0	0.0
0.573730	1.295924675	168.903903	0.0	0.0
0.585938	1.342320882	167.251561	0.0	0.0
0.598145	1.389949881	165.651226	0.0	0.0
0.610352	1.435509465	164.096375	0.0	0.0
0.622559	1.483557616	162.591578	0.0	0.0
0.634766	1.529375806	161.132563	0.0	0.0
0.646973	1.575703297	159.721004	0.0	0.0
0.659180	1.621554285	158.353558	0.0	0.0
0.671387	1.662552913	157.028870	0.0	0.0
0.683594	1.706837022	155.744074	0.0	0.0
0.695801	1.752968612	154.501497	0.0	0.0
0.708008	1.798392724	153.299392	0.0	0.0
0.720215	1.840588191	152.136153	0.0	0.0
0.732422	1.882803205	151.010319	0.0	0.0
0.744629	1.922543903	149.918831	0.0	0.0
0.756836	1.961275659	148.859866	0.0	0.0
0.769043	2.002131209	147.833212	0.0	0.0
0.781250	2.043279990	146.840425	0.0	0.0
0.793457	2.081983332	145.877033	0.0	0.0
0.805664	2.124268321	144.942080	0.0	0.0
0.817871	2.167926643	144.036812	0.0	0.0
0.830078	2.210466874	143.160535	0.0	0.0
0.842285	2.249795529	142.311053	0.0	0.0
0.854492	2.289797490	141.485251	0.0	0.0
0.866699	2.330165247	140.684323	0.0	0.0
0.878906	2.367375316	139.905069	0.0	0.0
0.891113	2.406506866	139.150846	0.0	0.0
0.903320	2.445274167	138.416928	0.0	0.0
0.915527	2.483142675	137.704754	0.0	0.0
0.927734	2.517468667	137.011214	0.0	0.0
0.939941	2.556985677	136.335964	0.0	0.0
0.952148	2.598915810	135.679458	0.0	0.0
0.964355	2.640322733	135.041238	0.0	0.0
0.976563	2.679818498	134.422346	0.0	0.0
0.988770	2.712808201	133.820373	0.0	0.0
1.000977	2.751481234	133.231418	0.0	0.0
1.013184	2.790660470	132.659033	0.0	0.0
1.025391	2.825966298	132.102674	0.0	0.0
1.037598	2.863189673	131.558499	0.0	0.0
1.049805	2.893999383	131.028042	0.0	0.0
1.062012	2.930353743	130.510983	0.0	0.0
1.074219	2.971014433	130.004304	0.0	0.0
1.086426	3.013463215	129.514363	0.0	0.0
1.098633	3.045136875	129.035591	0.0	0.0
1.110840	3.085259092	128.566227	0.0	0.0
1.123047	3.119270957	128.109998	0.0	0.0
1.135254	3.153829651	127.662888	0.0	0.0
1.147461	3.191953502	127.225384	0.0	0.0
1.159668	3.230017508	126.800461	0.0	0.0
1.171875	3.267705670	126.383030	0.0	0.0
1.184082	3.308387445	125.976838	0.0	0.0
1.196289	3.344304414	125.580284	0.0	0.0
1.208496	3.381802785	125.191533	0.0	0.0
1.220703	3.409327044	124.812158	0.0	0.0
1.232910	3.437624180	124.438806	0.0	0.0
1.245117	3.476496530	124.071446	0.0	0.0
1.257324	3.515981515	123.713609	0.0	0.0
1.269531	3.552221088	123.364551	0.0	0.0
1.281738	3.586808729	123.023108	0.0	0.0
1.293945	3.623301612	122.687448	0.0	0.0
1.306152	3.661247739	122.359844	0.0	0.0
1.318359	3.696338072	122.037350	0.0	0.0
1.330566	3.728304354	121.722104	0.0	0.0
1.342773	3.766348147	121.411684	0.0	0.0
1.354980	3.807239329	121.108882	0.0	0.0
1.367188	3.835435070	120.813291	0.0	0.0
1.379395	3.869863938	120.521246	0.0	0.0
1.391602	3.908253566	120.233759	0.0	0.0
1.403809	3.947714546	119.953481	0.0	0.0
1.416016	3.974547112	119.679658	0.0	0.0
1.428223	4.005826764	119.407580	0.0	0.0
1.440430	4.049495227	119.140170	0.0	0.0
1.452637	4.088960901	118.881532	0.0	0.0
1.464844	4.117213249	118.625708	0.0	0.0
1.477051	4.151066382	118.373361	0.0	0.0
1.489258	4.192779308	118.126440	0.0	0.0
1.501465	4.224871126	117.884642	0.0	0.0
1.513672	4.257583053	117.647661	0.0	0.0
1.525879	4.292136896	117.412581	0.0	0.0
1.538086	4.324918570	117.181419	0.0	0.0
1.550293	4.360586408	116.955240	0.0	0.0
1.562500	4.393107949	116.731648	0.0	0.0
1.574707	4.425132421	116.512730	0.0	0.0
1.586914	4.458008093	116.296655	0.0	0.0
1.599121	4.500326156	116.083439	0.0	0.0
1.611328	4.538396406	115.876585	0.0	0.0
1.623535	4.573998573	115.671221	0.0	0.0
1.635742	4.602817556	115.469991	0.0	0.0
1.647949	4.638757912	115.271318	0.0	0.0
1.660156	4.672053517	115.076804	0.0	0.0
1.672363	4.708253491	114.883113	0.0	0.0
1.684570	4.741801630	114.693525	0.0	0.0
1.696777	4.775272109	114.506243	0.0	0.0
1.708984	4.811620533	114.322539	0.0	0.0
1.721191	4.842744469	114.141666	0.0	0.0
1.733398	4.871325547	113.962939	0.0	0.0
1.745605	4.910752708	113.785783	0.0	0.0
1.757813	4.950963629	113.612137	0.0	0.0
1.770020	4.994925086	113.443548	0.0	0.0
1.782227	5.024304081	113.276504	0.0	0.0
1.794434	5.053857457	113.109744	0.0	0.0
1.806641	5.087129669	112.945466	0.0	0.0
1.818848	5.130839344	112.784272	0.0	0.0
1.831055	5.167236667	112.627875	0.0	0.0
1.843262	5.200445275	112.472167	0.0	0.0
1.855469	5.222924283	112.318787	0.0	0.0
1.867676	5.254109518	112.164673	0.0	0.0
1.879883	5.291809274	112.014209	0.0	0.0
1.892090	5.327556568	111.863704	0.0	0.0
1.904297	5.375254286	111.720897	0.0	0.0
1.916504	5.406704745	111.577223	0.0	0.0
1.928711	5.431874864	111.436337	0.0	0.0
1.940918	5.458889245	111.294331	0.0	0.0
1.953125	5.503774416	111.154964	0.0	0.0
1.965332	5.533666780	111.020686	0.0	0.0
1.977539	5.558357439	110.885110	0.0	0.0
1.989746	5.589324697	110.750301	0.0	0.0
2.001953	5.634121252	110.617550	0.0	0.0
2.014160	5.672215367	110.489891	0.0	0.0
2.026367	5.711832577	110.360849	0.0	0.0
2.038574	5.738961401	110.234554	0.0	0.0
2.050781	5.769827777	110.109549	0.0	0.0
2.062988	5.806514908	109.985789	0.0	0.0
2.075195	5.843659135	109.861844	0.0	0.0
2.087402	5.877278151	109.743578	0.0	0.0
2.099609	5.910287269	109.622831	0.0	0.0
2.111816	5.963389337	109.505861	0.0	0.0
2.124023	6.004791965	109.391575	0.0	0.0
2.136230	6.034266884	109.277604	0.0	0.0
2.148438	6.061421250	109.165220	0.0	0.0
2.160645	6.080744405	109.052866	0.0	0.0
2.172852	6.125541280	108.940755	0.0	0.0
2.185059	6.162754851	108.832593	0.0	0.0
2.197266	6.197631838	108.724439	0.0	0.0
2.209473	6.231024427	108.617931	0.0	0.0
2.221680	6.256085815	108.513926	0.0	0.0
2.233887	6.283268928	108.408273	0.0	0.0
2.246094	6.328078391	108.302616	0.0	0.0
2.258301	6.372493422	108.201162	0.0	0.0
2.270508	6.404314154	108.101542	0.0	0.0
2.282715	6.437642999	108.001979	0.0	0.0
2.294922	6.472011199	107.902606	0.0	0.0
2.307129	6.512241567	107.805944	0.0	0.0
2.319336	6.541969967	107.710623	0.0	0.0
2.331543	6.566294559	107.614699	0.0	0.0
2.343750	6.604918531	107.519752	0.0	0.0
2.355957	6.646798792	107.426482	0.0	0.0
2.368164	6.670537648	107.336308	0.0	0.0
2.380371	6.704505612	107.241670	0.0	0.0
2.392578	6.733834388	107.151815	0.0	0.0
2.404785	6.766442230	107.061822	0.0	0.0
2.416992	6.809485644	106.972338	0.0	0.0
2.429199	6.837428549	106.886877	0.0	0.0
2.441406	6.867398312	106.800553	0.0	0.0
2.453613	6.896834696	106.712976	0.0	0.0
2.465820	6.934380695	106.626291	0.0	0.0
2.478027	6.977642569	106.542211	0.0	0.0
2.490234	7.014161979	106.458578	0.0	0.0
2.502441	7.058716100	106.375595	0.0	0.0
2.514648	7.093827553	106.296016	0.0	0.0
2.526855	7.131000103	106.215654	0.0	0.0
2.539063	7.157632919	106.137038	0.0	0.0
2.551270	7.187548376	106.057123	0.0	0.0
2.563477	7.226833327	105.978864	0.0	0.0
2.575684	7.248161785	105.901736	0.0	0.0
2.587891	7.290709543	105.823531	0.0	0.0
2.600098	7.324556886	105.748276	0.0	0.0
2.612305	7.362567904	105.671885	0.0	0.0
2.624512	7.403446717	105.598451	0.0	0.0
2.636719	7.431551493	105.526093	0.0	0.0
2.648926	7.453817366	105.451735	0.0	0.0
2.661133	7.486809460	105.377744	0.0	0.0
2.673340	7.533042302	105.305968	0.0	0.0
2.685547	7.557175287	105.235470	0.0	0.0
2.697754	7.596865360	105.163867	0.0	0.0
2.709961	7.626318721	105.094558	0.0	0.0
2.722168	7.661289140	105.023931	0.0	0.0
2.734375	7.717381482	104.955903	0.0	0.0
2.746582	7.743257239	104.889121	0.0	0.0
2.758789	7.768075660	104.822218	0.0	0.0
2.770996	7.799298266	104.754294	0.0	0.0
2.783203	7.831455781	104.687600	0.0	0.0
2.795410	7.870289264	104.622433	0.0	0.0
2.807617	7.906629606	104.557706	0.0	0.0
2.819824	7.957896355	104.491785	0.0	0.0
2.832031	7.986863076	104.429638	0.0	0.0
2.844238	8.016478495	104.367764	0.0	0.0
2.856445	8.046712040	104.304655	0.0	0.0
2.868652	8.082125072	104.241447	0.0	0.0
2.880859	8.112252884	104.181352	0.0	0.0
2.893066	8.121271893	104.120233	0.0	0.0
2.905273	8.174578634	104.059233	0.0	0.0
2.917480	8.199152325	103.998795	0.0	0.0
2.929688	8.229904088	103.938343	0.0	0.0
2.941895	8.273648081	103.878217	0.0	0.0
2.954102	8.312630339	103.819765	0.0	0.0
2.966309	8.350782325	103.762316	0.0	0.0
2.978516	8.378820266	103.706126	0.0	0.0
2.990723	8.409899827	103.647258	0.0	0.0
3.002930	8.453038639	103.589679	0.0	0.0
3.015137	8.499351062	103.534228	0.0	0.0
3.027344	8.532322757	103.479574	0.0	0.0
3.039551	8.570759823	103.425960	0.0	0.0
3.051758	8.584886840	103.371160	0.0	0.0
3.063965	8.625109446	103.315902	0.0	0.0
3.076172	8.651504242	103.262131	0.0	0.0
3.088379	8.706332112	103.206621	0.0	0.0
3.100586	8.737523076	103.154278	0.0	0.0
3.112793	8.767159910	103.103786	0.0	0.0
3.125000	8.805151546	103.052257	0.0	0.0
3.137207	8.828482408	103.001409	0.0	0.0
3.149414	8.866541052	102.947757	0.0	0.0
3.161621	8.899556280	102.897568	0.0	0.0
3.173828	8.931893112	102.847999	0.0	0.0
3.186035	8.973690137	102.797688	0.0	0.0
3.198242	8.994282740	102.748147	0.0	0.0
3.210449	9.026222161	102.698326	0.0	0.0
3.222656	9.069900864	102.649128	0.0	0.0
3.234863	9.101253018	102.601768	0.0	0.0
3.247070	9.128280766	102.552771	0.0	0.0
3.259277	9.152529826	102.504649	0.0	0.0
3.271484	9.179771745	102.456007	0.0	0.0
3.283691	9.223583746	102.407428	0.0	0.0
3.295898	9.267925908	102.361307	0.0	0.0
3.308105	9.316376632	102.316133	0.0	0.0
3.320313	9.344047156	102.271540	0.0	0.0
3.332520	9.367172289	102.225500	0.0	0.0
3.344727	9.388373940	102.180969	0.0	0.0
3.356934	9.420298534	102.133676	0.0	0.0
3.369141	9.473864820	102.088188	0.0	0.0
3.381348	9.524056807	102.044562	0.0	0.0
3.393555	9.541169202	102.002490	0.0	0.0
3.405762	9.559110576	101.957912	0.0	0.0
3.417969	9.591975812	101.912744	0.0	0.0
3.430176	9.633754010	101.870263	0.0	0.0
3.442383	9.692584227	101.827249	0.0	0.0
3.454590	9.704450698	101.786308	0.0	0.0
3.466797	9.731535132	101.743223	0.0	0.0
3.479004	9.773284530	101.701076	0.0	0.0
3.491211	9.810715148	101.659775	0.0	0.0
3.503418	9.846462339	101.618234	0.0	0.0
3.515625	9.882904433	101.578533	0.0	0.0
3.527832	9.906427141	101.539264	0.0	0.0
3.540039	9.946333641	101.497510	0.0	0.0
3.552246	9.964620910	101.457833	0.0	0.0
3.564453	10.002297881	101.416032	0.0	0.0
3.576660	10.060346286	101.377143	0.0	0.0
3.588867	10.085979411	101.338828	0.0	0.0
3.601074	10.105873694	101.299868	0.0	0.0
3.613281	10.132353708	101.261580	0.0	0.0
3.625488	10.147680765	101.220382	0.0	0.0
3.637695	10.214752402	101.182628	0.0	0.0
3.649902	10.257410818	101.146424	0.0	0.0
3.662109	10.276054199	101.108148	0.0	0.0
3.674316	10.309770901	101.070653	0.0	0.0
3.686523	10.355229534	101.033203	0.0	0.0
3.698730	10.370889269	100.997920	0.0	0.0
3.710938	10.397862575	100.958856	0.0	0.0
3.723145	10.447912941	100.921975	0.0	0.0
3.735352	10.489823229	100.886285	0.0	0.0
3.747559	10.527048802	100.851104	0.0	0.0
3.759766	10.542889643	100.815014	0.0	0.0
3.771973	10.584326769	100.780484	0.0	0.0
3.784180	10.612398539	100.746086	0.0	0.0
3.796387	10.648580824	100.708803	0.0	0.0
3.808594	10.690283033	100.675606	0.0	0.0
3.820801	10.704010211	100.641464	0.0	0.0
3.833008	10.745158301	100.607636	0.0	0.0
3.845215	10.756329521	100.571785	0.0	0.0
3.857422	10.790729456	100.537819	0.0	0.0
3.869629	10.823349285	100.503158	0.0	0.0
3.881836	10.851694254	100.468250	0.0	0.0
3.894043	10.910670257	100.434745	0.0	0.0
3.906250	10.960734249	100.401211	0.0	0.0
3.918457	10.999288811	100.370499	0.0	0.0
3.930664	11.034564516	100.337577	0.0	0.0
3.942871	11.063691265	100.305407	0.0	0.0
3.955078	11.096574004	100.274334	0.0	0.0
3.967285	11.135226878	100.243280	0.0	0.0
3.979492	11.147396022	100.211860	0.0	0.0
3.991699	11.180319738	100.179027	0.0	0.0
4.003906	11.215344905	100.147360	0.0	0.0
4.016113	11.264088607	100.116069	0.0	0.0
4.028320	11.290583419	100.087102	0.0	0.0
4.040527	11.314254013	100.056023	0.0	0.0
4.052734	11.334634862	100.024336	0.0	0.0
4.064941	11.388974501	99.992875	0.0	0.0
4.077148	11.427428429	99.964507	0.0	0.0
4.089355	11.444469971	99.934997	0.0	0.0
4.101563	11.485430424	99.904824	0.0	0.0
4.113770	11.490327599	99.874151	0.0	0.0
4.125977	11.522929839	99.844307	0.0	0.0
4.138184	11.536432264	99.812569	0.0	0.0
4.150391	11.591357829	99.784096	0.0	0.0
4.162598	11.617465544	99.754763	0.0	0.0
4.174805	11.656212088	99.725595	0.0	0.0
4.187012	11.697574465	99.696440	0.0	0.0
4.199219	11.746872332	99.667685	0.0	0.0
4.211426	11.784270300	99.640274	0.0	0.0
4.223633	11.797053251	99.611249	0.0	0.0
4.235840	11.840025402	99.584225	0.0	0.0
4.248047	11.880841629	99.555328	0.0	0.0
4.260254	11.917200929	99.530042	0.0	0.0
4.272461	11.937272700	99.501658	0.0	0.0
4.284668	11.960092336	99.473914	0.0	0.0
4.296875	11.990942555	99.447717	0.0	0.0
4.309082	12.014788897	99.418076	0.0	0.0
4.321289	12.051787803	99.391222	0.0	0.0
4.333496	12.118633325	99.364414	0.0	0.0
4.345703	12.149378532	99.339680	0.0	0.0
4.357910	12.186795430	99.312484	0.0	0.0
4.370117	12.217799159	99.287026	0.0	0.0
4.382324	12.227310331	99.260720	0.0	0.0
4.394531	12.264697452	99.233343	0.0	0.0
4.406738	12.304790070	99.207433	0.0	0.0
4.418945	12.325806079	99.184426	0.0	0.0
4.431152	12.348980310	99.158010	0.0	0.0
4.443359	12.385586635	99.130521	0.0	0.0
4.455566	12.411524576	99.104305	0.0	0.0
4.467773	12.459172722	99.078738	0.0	0.0
4.479980	12.493271604	99.052480	0.0	0.0
4.492188	12.542427440	99.027927	0.0	0.0
4.504395	12.560822630	99.003963	0.0	0.0
4.516602	12.616252036	98.979400	0.0	0.0
4.528809	12.668548365	98.955493	0.0	0.0
4.541016	12.680838090	98.931697	0.0	0.0
4.553223	12.698644334	98.908209	0.0	0.0
4.565430	12.731778896	98.882635	0.0	0.0
4.577637	12.797687735	98.857808	0.0	0.0
4.589844	12.820129026	98.835139	0.0	0.0
4.602051	12.849161088	98.810506	0.0	0.0
4.614258	12.890425199	98.786616	0.0	0.0
4.626465	12.941213200	98.764780	0.0	0.0
4.638672	12.973601298	98.742151	0.0	0.0
4.650879	12.993597335	98.719887	0.0	0.0
4.663086	13.004071347	98.696155	0.0	0.0
4.675293	13.035141648	98.671389	0.0	0.0
4.687500	13.083990133	98.649849	0.0	0.0
4.699707	13.100280734	98.628555	0.0	0.0
4.711914	13.129236052	98.604716	0.0	0.0
4.724121	13.147903872	98.582086	0.0	0.0
4.736328	13.191622958	98.557633	0.0	0.0
4.748535	13.234479817	98.534914	0.0	0.0
4.760742	13.291815409	98.512944	0.0	0.0
4.772949	13.325416224	98.490299	0.0	0.0
4.785156	13.342769903	98.469852	0.0	0.0
4.797363	13.403766161	98.446803	0.0	0.0
4.809570	13.420202801	98.426887	0.0	0.0
4.821777	13.448437799	98.404521	0.0	0.0
4.833984	13.500985855	98.381630	0.0	0.0
4.846191	13.545683174	98.361651	0.0	0.0
4.858398	13.576802856	98.340094	0.0	0.0
4.870605	13.606574605	98.320304	0.0	0.0
4.882813	13.628595336	98.300811	0.0	0.0
4.895020	13.662103496	98.279725	0.0	0.0
4.907227	13.668611534	98.257912	0.0	0.0
4.919434	13.731775511	98.234770	0.0	0.0
4.931641	13.752998275	98.215681	0.0	0.0
4.943848	13.829680956	98.196994	0.0	0.0
4.956055	13.839263475	98.177236	0.0	0.0
4.968262	13.864414469	98.155076	0.0	0.0
4.980469	13.887131231	98.136176	0.0	0.0
4.992676	13.903484171	98.117188	0.0	0.0
5.004883	13.923924204	98.094822	0.0	0.0
5.017090	13.943023136	98.076547	0.0	0.0
5.029297	13.994809201	98.054726	0.0	0.0
5.041504	14.024043075	98.035045	0.0	0.0
5.053711	14.081037191	98.015485	0.0	0.0
5.065918	14.101597888	97.997714	0.0	0.0
5.078125	14.111270394	97.978826	0.0	0.0
5.090332	14.137874836	97.959114	0.0	0.0
5.102539	14.178680779	97.938537	0.0	0.0
5.114746	14.218674433	97.916799	0.0	0.0
5.126953	14.274087007	97.898760	0.0	0.0
5.139160	14.320949035	97.882068	0.0	0.0
5.151367	14.333196368	97.861688	0.0	0.0
5.163574	14.370352515	97.843872	0.0	0.0
5.175781	14.383476232	97.825277	0.0	0.0
5.187988	14.390003860	97.806331	0.0	0.0
5.200195	14.442859862	97.787622	0.0	0.0
5.212402	14.488083503	97.766380	0.0	0.0
5.224609	14.536135122	97.748868	0.0	0.0
5.236816	14.558564190	97.730532	0.0	0.0
5.249023	14.608391473	97.711320	0.0	0.0
5.261230	14.625501904	97.695858	0.0	0.0
5.273438	14.651193330	97.677321	0.0	0.0
5.285645	14.709692408	97.659126	0.0	0.0
5.297852	14.751277538	97.642752	0.0	0.0
5.310059	14.768896432	97.626531	0.0	0.0
5.322266	14.759479838	97.607501	0.0	0.0
5.334473	14.806955937	97.588166	0.0	0.0
5.346680	14.852121987	97.571102	0.0	0.0
5.358887	14.902101109	97.551698	0.0	0.0
5.371094	14.917735516	97.536286	0.0	0.0
5.383301	14.957628127	97.519237	0.0	0.0
5.395508	15.000925122	97.501088	0.0	0.0
5.407715	15.060194444	97.486052	0.0	0.0
5.419922	15.072968701	97.470059	0.0	0.0
5.432129	15.071858948	97.453145	0.0	0.0
5.444336	15.074894499	97.433685	0.0	0.0
5.456543	15.124044394	97.416558	0.0	0.0
5.468750	15.168731766	97.399602	0.0	0.0
5.480957	15.218187179	97.382462	0.0	0.0
5.493164	15.244880458	97.367002	0.0	0.0
5.505371	15.277989793	97.349941	0.0	0.0
5.517578	15.319311473	97.332812	0.0	0.0
5.529785	15.337120495	97.316838	0.0	0.0
5.541992	15.401788500	97.300973	0.0	0.0
5.554199	15.433591003	97.285463	0.0	0.0
5.566406	15.440502820	97.269999	0.0	0.0
5.578613	15.481376941	97.254844	0.0	0.0
5.590820	15.496791326	97.239160	0.0	0.0
5.603027	15.530851722	97.222188	0.0	0.0
5.615234	15.563246206	97.207626	0.0	0.0
5.627441	15.563658203	97.190859	0.0	0.0
5.639648	15.606281754	97.174078	0.0	0.0
5.651855	15.636585469	97.158943	0.0	0.0
5.664063	15.685740280	97.143013	0.0	0.0
5.676270	15.696403568	97.128099	0.0	0.0
5.688477	15.723022540	97.110244	0.0	0.0
5.700684	15.763705081	97.096536	0.0	0.0
5.712891	15.802272055	97.078797	0.0	0.0
5.725098	15.849666292	97.065170	0.0	0.0
5.737305	15.884731065	97.050832	0.0	0.0
5.749512	15.912609922	97.034124	0.0	0.0
5.761719	15.953249524	97.020527	0.0	0.0
5.773926	15.953082178	97.006355	0.0	0.0
5.786133	15.960417581	96.989382	0.0	0.0
5.798340	16.004313570	96.973224	0.0	0.0
5.810547	16.031038817	96.958259	0.0	0.0
5.822754	16.078321291	96.943227	0.0	0.0
5.834961	16.123160901	96.927709	0.0	0.0
5.847168	16.165753750	96.913653	0.0	0.0
5.859375	16.203523740	96.899527	0.0	0.0
5.871582	16.251246418	96.885849	0.0	0.0
5.883789	16.270352711	96.871040	0.0	0.0
5.895996	16.298172388	96.858991	0.0	0.0
5.908203	16.315065003	96.843086	0.0	0.0
5.920410	16.338364855	96.827245	0.0	0.0
5.932617	16.437408115	96.811967	0.0	0.0
5.944824	16.478606602	96.798953	0.0	0.0
5.957031	16.505427537	96.786658	0.0	0.0
5.969238	16.547035397	96.773203	0.0	0.0
5.981445	16.550809345	96.760425	0.0	0.0
5.993652	16.561424641	96.746343	0.0	0.0
6.005859	16.592479327	96.732218	0.0	0.0
6.018066	16.616668573	96.718635	0.0	0.0
6.030273	16.626507153	96.703520	0.0	0.0
6.042480	16.683182367	96.688159	0.0	0.0
6.054688	16.711148424	96.675419	0.0	0.0
6.066895	16.750446945	96.660958	0.0	0.0
6.079102	16.772314211	96.646044	0.0	0.0
6.091309	16.827025888	96.633486	0.0	0.0
6.103516	16.875051325	96.622163	0.0	0.0
6.115723	16.902722939	96.610277	0.0	0.0
6.127930	16.922998675	96.597964	0.0	0.0
6.140137	16.959598759	96.583783	0.0	0.0
6.152344	16.977609556	96.570916	0.0	0.0
6.164551	16.987803933	96.557070	0.0	0.0
6.176758	17.024642866	96.543098	0.0	0.0
6.188965	17.041070120	96.531579	0.0	0.0
6.201172	17.059930022	96.518992	0.0	0.0
6.213379	17.082628128	96.502992	0.0	0.0
6.225586	17.112973336	96.488760	0.0	0.0
6.237793	17.155342621	96.475824	0.0	0.0
6.250000	17.215811145	96.463142	0.0	0.0
6.262207	17.255380222	96.451345	0.0	0.0
6.274414	17.258149586	96.439025	0.0	0.0
6.286621	17.309705071	96.425712	0.0	0.0
6.298828	17.331210580	96.413087	0.0	0.0
6.311035	17.356617767	96.398831	0.0	0.0
6.323242	17.409998484	96.386569	0.0	0.0
6.335449	17.475521276	96.375364	0.0	0.0
6.347656	17.489838764	96.363678	0.0	0.0
6.359863	17.487328196	96.349118	0.0	0.0
6.372070	17.597842436	96.337820	0.0	0.0
6.384277	17.620600033	96.326218	0.0	0.0
6.396484	17.634370279	96.315061	0.0	0.0
6.408691	17.649821780	96.301809	0.0	0.0
6.420898	17.683571888	96.291092	0.0	0.0
6.433105	17.690084944	96.278830	0.0	0.0
6.445313	17.775828462	96.265125	0.0	0.0
6.457520	17.798127327	96.255937	0.0	0.0
6.469727	17.822603965	96.244561	0.0	0.0
6.481934	17.821663411	96.232284	0.0	0.0
6.494141	17.875558841	96.219454	0.0	0.0
6.506348	17.883560239	96.208321	0.0	0.0
6.518555	17.879798270	96.193888	0.0	0.0
6.530762	17.931571897	96.181843	0.0	0.0
6.542969	17.983480539	96.168952	0.0	0.0
6.555176	18.038551920	96.158998	0.0	0.0
6.567383	18.085063510	96.148082	0.0	0.0
6.579590	18.103897523	96.137460	0.0	0.0
6.591797	18.073554354	96.126011	0.0	0.0
6.604004	18.111744766	96.113698	0.0	0.0
6.616211	18.170852719	96.100315	0.0	0.0
6.628418	18.198434332	96.089577	0.0	0.0
6.640625	18.267377230	96.077620	0.0	0.0
6.652832	18.345513349	96.066991	0.0	0.0
6.665039	18.330436696	96.058386	0.0	0.0
6.677246	18.364088425	96.047980	0.0	0.0
6.689453	18.363889913	96.034517	0.0	0.0
6.701660	18.400590586	96.025383	0.0	0.0
6.713867	18.420606516	96.012076	0.0	0.0
6.726074	18.489091814	96.002246	0.0	0.0
6.738281	18.481822538	95.991217	0.0	0.0
6.750488	18.494600656	95.979296	0.0	0.0
6.762695	18.548121633	95.965463	0.0	0.0
6.774902	18.593225822	95.956460	0.0	0.0
6.787109	18.630666315	95.947323	0.0	0.0
6.799316	18.678237799	95.938381	0.0	0.0
6.811523	18.674970797	95.925774	0.0	0.0
6.823730	18.681248080	95.915455	0.0	0.0
6.835938	18.698619644	95.903408	0.0	0.0
6.848145	18.762376857	95.891826	0.0	0.0
6.860352	18.795467913	95.880488	0.0	0.0
6.872559	18.838042545	95.868164	0.0	0.0
6.884766	18.928923758	95.859790	0.0	0.0
6.896973	18.920055071	95.850543	0.0	0.0
6.909180	18.943003293	95.839931	0.0	0.0
6.921387	19.005206347	95.828803	0.0	0.0
6.933594	19.039170390	95.819434	0.0	0.0
6.945801	19.033864500	95.809337	0.0	0.0
6.958008	19.060117020	95.799484	0.0	0.0
6.970215	19.117078962	95.788618	0.0	0.0
6.982422	19.122479098	95.778932	0.0	0.0
6.994629	19.160521593	95.768943	0.0	0.0
7.006836	19.199755978	95.757850	0.0	0.0
7.019043	19.231166773	95.748447	0.0	0.0
7.031250	19.235404795	95.739865	0.0	0.0
7.043457	19.256726548	95.726675	0.0	0.0
7.055664	19.322054106	95.716986	0.0	0.0
7.067871	19.362119140	95.707299	0.0	0.0
7.080078	19.398660817	95.699696	0.0	0.0
7.092285	19.426607183	95.687573	0.0	0.0
7.104492	19.478752469	95.678762	0.0	0.0
7.116699	19.487240193	95.670095	0.0	0.0
7.128906	19.486434980	95.660923	0.0	0.0
7.141113	19.493832204	95.649789	0.0	0.0
7.153320	19.540470107	95.639485	0.0	0.0
7.165527	19.534933531	95.628663	0.0	0.0
7.177734	19.579209047	95.617226	0.0	0.0
7.189941	19.632976882	95.608692	0.0	0.0
7.202148	19.637390649	95.598219	0.0	0.0
7.214355	19.681183622	95.588679	0.0	0.0
7.226563	19.734761322	95.578072	0.0	0.0
7.238770	19.767629405	95.570326	0.0	0.0
7.250977	19.790441570	95.557668	0.0	0.0
7.263184	19.873374513	95.549359	0.0	0.0
7.275391	19.871542028	95.540561	0.0	0.0
7.287598	19.925930371	95.531376	0.0	0.0
7.299805	19.947067056	95.523956	0.0	0.0
7.312012	19.974757256	95.512150	0.0	0.0
7.324219	20.016012547	95.504910	0.0	0.0
7.336426	20.028507190	95.494602	0.0	0.0
7.348633	20.079645095	95.485186	0.0	0.0
7.360840	20.138051413	95.476211	0.0	0.0
7.373047	20.119425664	95.468754	0.0	0.0
7.385254	20.164572410	95.457980	0.0	0.0
7.397461	20.218937649	95.449654	0.0	0.0
7.409668	20.243939348	95.442602	0.0	0.0
7.421875	20.261602451	95.432474	0.0	0.0
7.434082	20.268890975	95.423052	0.0	0.0
7.446289	20.306500529	95.414000	0.0	0.0
7.458496	20.338043534	95.405496	0.0	0.0
7.470703	20.352961989	95.397123	0.0	0.0
7.482910	20.371587508	95.387080	0.0	0.0
7.495117	20.388479090	95.378382	0.0	0.0
7.507324	20.440519542	95.367433	0.0	0.0
7.519531	20.509669996	95.356678	0.0	0.0
7.531738	20.525523096	95.350746	0.0	0.0
7.543945	20.563440568	95.342329	0.0	0.0
7.556152	20.585323254	95.334733	0.0	0.0
7.568359	20.581817569	95.326520	0.0	0.0
7.580566	20.595009316	95.316862	0.0	0.0
7.592773	20.665232172	95.306789	0.0	0.0
7.604980	20.667609197	95.297847	0.0	0.0
7.617188	20.731352947	95.288206	0.0	0.0
7.629395	20.775348630	95.280782	0.0	0.0
7.641602	20.761874947	95.271386	0.0	0.0
7.653809	20.810926737	95.263173	0.0	0.0
7.666016	20.819388449	95.254070	0.0	0.0
7.678223	20.905799242	95.246352	0.0	0.0
7.690430	20.981004032	95.238391	0.0	0.0
7.702637	20.952210240	95.231081	0.0	0.0
7.714844	20.964315707	95.224218	0.0	0.0
7.727051	20.980233474	95.215711	0.0	0.0
7.739258	20.996942090	95.206251	0.0	0.0
7.751465	21.050643334	95.197268	0.0	0.0
7.763672	21.108739674	95.191131	0.0	0.0
7.775879	21.073450425	95.182933	0.0	0.0
7.788086	21.105398796	95.171993	0.0	0.0
7.800293	21.123936116	95.161973	0.0	0.0
7.812500	21.210969697	95.154401	0.0	0.0
7.824707	21.239560328	95.147808	0.0	0.0
7.836914	21.351922228	95.139443	0.0	0.0
7.849121	21.304839566	95.131534	0.0	0.0
7.861328	21.328770774	95.124398	0.0	0.0
7.873535	21.336067484	95.116017	0.0	0.0
7.885742	21.383295599	95.108426	0.0	0.0
7.897949	21.382859352	95.098453	0.0	0.0
7.910156	21.405941760	95.090619	0.0	0.0
7.922363	21.416162992	95.083219	0.0	0.0
7.934570	21.482959767	95.074046	0.0	0.0
7.946777	21.512568498	95.067535	0.0	0.0
7.958984	21.552369410	95.058441	0.0	0.0
7.971191	21.546090889	95.049080	0.0	0.0
7.983398	21.616325340	95.040326	0.0	0.0
7.995605	21.646387559	95.033652	0.0	0.0
8.007813	21.745896546	95.027063	0.0	0.0
8.020020	21.725866875	95.020174	0.0	0.0
8.032227	21.764413986	95.011192	0.0	0.0
8.044434	21.751181740	95.003911	0.0	0.0
8.056641	21.837385925	94.994863	0.0	0.0
8.068848	21.844345320	94.988503	0.0	0.0
8.081055	21.861134401	94.979733	0.0	0.0
8.093262	21.915315609	94.971202	0.0	0.0
8.105469	21.953697274	94.966236	0.0	0.0
8.117676	21.953807975	94.959262	0.0	0.0
8.129883	22.000621251	94.951334	0.0	0.0
8.142090	21.996041916	94.945272	0.0	0.0
8.154297	22.072607415	94.936803	0.0	0.0
8.166504	22.080456650	94.929522	0.0	0.0
8.178711	22.119984766	94.921519	0.0	0.0
8.190918	22.124821779	94.915866	0.0	0.0
8.203125	22.158619596	94.907445	0.0	0.0
8.215332	22.219529470	94.899252	0.0	0.0
8.227539	22.257812467	94.893454	0.0	0.0
8.239746	22.267850654	94.886434	0.0	0.0
8.251953	22.234734444	94.876735	0.0	0.0
8.264160	22.233733128	94.870289	0.0	0.0
8.276367	22.316187807	94.862598	0.0	0.0
8.288574	22.352164253	94.853339	0.0	0.0
8.300781	22.365343355	94.847264	0.0	0.0
8.312988	22.429065499	94.839136	0.0	0.0
8.325195	22.458482044	94.831137	0.0	0.0
8.337402	22.491184282	94.825875	0.0	0.0
8.349609	22.515625465	94.817855	0.0	0.0
8.361816	22.589323995	94.809662	0.0	0.0
8.374023	22.605976878	94.802046	0.0	0.0
8.386230	22.655329571	94.797064	0.0	0.0
8.398438	22.638781293	94.791706	0.0	0.0
8.410645	22.668476505	94.782917	0.0	0.0
8.422852	22.752831184	94.774179	0.0	0.0
8.435059	22.767844924	94.769909	0.0	0.0
8.447266	22.763494262	94.762584	0.0	0.0
8.459473	22.757003369	94.756630	0.0	0.0
8.471680	22.792558672	94.749280	0.0	0.0
8.483887	22.865305527	94.742683	0.0	0.0
8.496094	22.832540713	94.734706	0.0	0.0
8.508301	22.851384431	94.725566	0.0	0.0
8.520508	22.956086091	94.718158	0.0	0.0
8.532715	23.011819941	94.713195	0.0	0.0
8.544922	23.020309395	94.707335	0.0	0.0
8.557129	23.032080443	94.701909	0.0	0.0
8.569336	23.053995600	94.691576	0.0	0.0
8.581543	23.061070926	94.685794	0.0	0.0
8.593750	23.072807852	94.677316	0.0	0.0
8.605957	23.139540960	94.669568	0.0	0.0
8.618164	23.234197203	94.661815	0.0	0.0
8.630371	23.296104472	94.656679	0.0	0.0
8.642578	23.324117867	94.651952	0.0	0.0
8.654785	23.318446101	94.643924	0.0	0.0
8.666992	23.339212622	94.638796	0.0	0.0
8.679199	23.365586605	94.632762	0.0	0.0
8.691406	23.392345668	94.626522	0.0	0.0
8.703613	23.399297460	94.621813	0.0	0.0
8.715820	23.432804316	94.615357	0.0	0.0
8.728027	23.428548351	94.604760	0.0	0.0
8.740234	23.486697717	94.601780	0.0	0.0
8.752441	23.452736170	94.593633	0.0	0.0
8.764648	23.513054108	94.586136	0.0	0.0
8.776855	23.515685161	94.580569	0.0	0.0
8.789063	23.564193052	94.572950	0.0	0.0
8.801270	23.645040577	94.566065	0.0	0.0
8.813477	23.758569320	94.560024	0.0	0.0
8.825684	23.720796298	94.555034	0.0	0.0
8.837891	23.740588086	94.549713	0.0	0.0
8.850098	23.776094353	94.541013	0.0	0.0
8.862305	23.777272480	94.537509	0.0	0.0
8.874512	23.779207318	94.532050	0.0	0.0
8.886719	23.805533986	94.524962	0.0	0.0
8.898926	23.825330893	94.515463	0.0	0.0
8.911133	23.801565065	94.506359	0.0	0.0
8.923340	23.979834939	94.503047	0.0	0.0
8.935547	23.934555726	94.497589	0.0	0.0
8.947754	24.028466769	94.492072	0.0	0.0
8.959961	23.995405581	94.485645	0.0	0.0
8.972168	24.016737985	94.480106	0.0	0.0
8.984375	24.081711007	94.472868	0.0	0.0
8.996582	24.075183720	94.468076	0.0	0.0
9.008789	24.080350869	94.460418	0.0	0.0
9.020996	24.102320087	94.454135	0.0	0.0
9.033203	24.175153034	94.446094	0.0	0.0
9.045410	24.196140150	94.442083	0.0	0.0
9.057617	24.229037535	94.436308	0.0	0.0
9.069824	24.292660625	94.428803	0.0	0.0
9.082031	24.322979192	94.424280	0.0	0.0
9.094238	24.342979221	94.418129	0.0	0.0
9.106445	24.376863480	94.411908	0.0	0.0
9.118652	24.346345740	94.406123	0.0	0.0
9.130859	24.294065181	94.399819	0.0	0.0
9.143066	24.388384636	94.395544	0.0	0.0
9.155273	24.411049521	94.385909	0.0	0.0
9.167480	24.412817196	94.380795	0.0	0.0
9.179688	24.512899166	94.372888	0.0	0.0
9.191895	24.587401416	94.366641	0.0	0.0
9.204102	24.643412749	94.364439	0.0	0.0
9.216309	24.559919997	94.357155	0.0	0.0
9.228516	24.645169161	94.350436	0.0	0.0
9.240723	24.681257457	94.345703	0.0	0.0
9.252930	24.701513401	94.340133	0.0	0.0
9.265137	24.716246512	94.333579	0.0	0.0
9.277344	24.721313291	94.326296	0.0	0.0
9.289551	24.729601594	94.318490	0.0	0.0
9.301758	24.764330400	94.313428	0.0	0.0
9.313965	24.844770961	94.308159	0.0	0.0
9.326172	24.933896006	94.301886	0.0	0.0
9.338379	24.953620598	94.298481	0.0	0.0
9.350586	24.963904629	94.293782	0.0	0.0
9.362793	24.992372360	94.288386	0.0	0.0
9.375000	25.002420274	94.282644	0.0	0.0
9.387207	25.009285521	94.275990	0.0	0.0
9.399414	25.055439744	94.269752	0.0	0.0
9.411621	25.111366576	94.264530	0.0	0.0
9.423828	25.150155860	94.260152	0.0	0.0
9.436035	25.115830911	94.252945	0.0	0.0
9.448242	25.108283874	94.245441	0.0	0.0
9.460449	25.303551881	94.241678	0.0	0.0
9.472656	25.272556068	94.237450	0.0	0.0
9.484863	25.281609032	94.231210	0.0	0.0
9.497070	25.307256087	94.228028	0.0	0.0
9.509277	25.289409883	94.220193	0.0	0.0
9.521484	25.345746963	94.216056	0.0	0.0
9.533691	25.351964441	94.210759	0.0	0.0
9.545898	25.346063913	94.204223	0.0	0.0
9.558105	25.407528443	94.198672	0.0	0.0
9.570313	25.458225980	94.193679	0.0	0.0
9.582520	25.420478841	94.189650	0.0	0.0
9.594727	25.445894895	94.183580	0.0	0.0
9.606934	25.520201195	94.179889	0.0	0.0
9.619141	25.501987302	94.172422	0.0	0.0
9.631348	25.553167669	94.165516	0.0	0.0
9.643555	25.546735041	94.160251	0.0	0.0
9.655762	25.628603964	94.154003	0.0	0.0
9.667969	25.683567507	94.148612	0.0	0.0
9.680176	25.669674276	94.144419	0.0	0.0
9.692383	25.692447923	94.139883	0.0	0.0
9.704590	25.700785043	94.134504	0.0	0.0
9.716797	25.713345779	94.128321	0.0	0.0
9.729004	25.744531560	94.125154	0.0	0.0
9.741211	25.728099452	94.117368	0.0	0.0
9.753418	25.903494516	94.110715	0.0	0.0
9.765625	25.830466834	94.106871	0.0	0.0
9.777832	25.844877803	94.100635	0.0	0.0
9.790039	25.853661702	94.094633	0.0	0.0
9.802246	25.948832589	94.089366	0.0	0.0
9.814453	25.995787192	94.084486	0.0	0.0
9.826660	26.043367739	94.079784	0.0	0.0
9.838867	26.093834459	94.074766	0.0	0.0
9.851074	26.142614960	94.068264	0.0	0.0
9.863281	26.177471926	94.065833	0.0	0.0
9.875488	26.192071209	94.063779	0.0	0.0
9.887695	26.204681827	94.057134	0.0	0.0
9.899902	26.201866058	94.047846	0.0	0.0
9.912109	26.177065071	94.046370	0.0	0.0
9.924316	26.245270807	94.040908	0.0	0.0
9.936523	26.219915020	94.036040	0.0	0.0
9.948730	26.330322747	94.028531	0.0	0.0
9.960938	26.335307425	94.023947	0.0	0.0
9.973145	26.368117638	94.020074	0.0	0.0
9.985352	26.404941668	94.013454	0.0	0.0
9.997559	26.471593367	94.007765	0.0	0.0
10.009770	26.524108530	94.002155	0.0	0.0
10.021970	26.492920117	94.000154	0.0	0.0
10.034180	26.522587934	93.995189	0.0	0.0
10.046390	26.519202582	93.988987	0.0	0.0
10.058590	26.491145157	93.984575	0.0	0.0
10.070800	26.571249362	93.977294	0.0	0.0
10.083010	26.624882366	93.973989	0.0	0.0
10.095220	26.569677460	93.970883	0.0	0.0
10.107420	26.683327176	93.965818	0.0	0.0
10.119630	26.711718549	93.962630	0.0	0.0
10.131840	26.656304947	93.958968	0.0	0.0
10.144040	26.685457593	93.952080	0.0	0.0
10.156250	26.753262714	93.946537	0.0	0.0
10.168460	26.849900118	93.940336	0.0	0.0
10.180660	26.833852542	93.933557	0.0	0.0
10.192870	26.844171629	93.931016	0.0	0.0
10.205080	26.869498673	93.925743	0.0	0.0
10.217290	26.907473460	93.921458	0.0	0.0
10.229490	27.049547190	93.918104	0.0	0.0
10.241700	26.942900607	93.913077	0.0	0.0
10.253910	26.984237712	93.906589	0.0	0.0
10.266110	27.005097777	93.902286	0.0	0.0
10.278320	26.952674853	93.896398	0.0	0.0
10.290530	27.030107034	93.892847	0.0	0.0
10.302730	27.149650849	93.885587	0.0	0.0
10.314940	27.150520835	93.881317	0.0	0.0
10.327150	27.239270256	93.877680	0.0	0.0
10.339360	27.226268249	93.875874	0.0	0.0
10.351560	27.171650776	93.872508	0.0	0.0
10.363770	27.157040175	93.866564	0.0	0.0
10.375980	27.191918788	93.858408	0.0	0.0
10.388180	27.293876723	93.853265	0.0	0.0
10.400390	27.362105471	93.848768	0.0	0.0
10.412600	27.424991429	93.845697	0.0	0.0
10.424810	27.393948504	93.842324	0.0	0.0
10.437010	27.427094468	93.838944	0.0	0.0
10.449220	27.485060553	93.837179	0.0	0.0
10.461430	27.480678231	93.829280	0.0	0.0
10.473630	27.464749802	93.823860	0.0	0.0
10.485840	27.528480095	93.818368	0.0	0.0
10.498050	27.492979442	93.815457	0.0	0.0
10.510250	27.539610817	93.810088	0.0	0.0
10.522460	27.640005378	93.803492	0.0	0.0
10.534670	27.635469843	93.801363	0.0	0.0
10.546880	27.683584596	93.797287	0.0	0.0
10.559080	27.618719566	93.792109	0.0	0.0
10.571290	27.671441908	93.787896	0.0	0.0
10.583500	27.714703211	93.784397	0.0	0.0
10.595700	27.725440420	93.777721	0.0	0.0
10.607910	27.727851715	93.772385	0.0	0.0
10.620120	27.771569530	93.770155	0.0	0.0
10.632320	27.848240621	93.763671	0.0	0.0
10.644530	27.830910940	93.759718	0.0	0.0
10.656740	27.925025034	93.754692	0.0	0.0
10.668950	27.870385785	93.753351	0.0	0.0
10.681150	27.977561359	93.749086	0.0	0.0
10.693360	27.985547096	93.741437	0.0	0.0
10.705570	27.986625254	93.739067	0.0	0.0
10.717770	28.007284801	93.734347	0.0	0.0
10.729980	27.999344763	93.731646	0.0	0.0
10.742190	27.919712590	93.728693	0.0	0.0
10.754400	28.071799468	93.718491	0.0	0.0
10.766600	28.067558748	93.715148	0.0	0.0
10.778810	28.181874217	93.708825	0.0	0.0
10.791020	28.222012783	93.709316	0.0	0.0
10.803220	28.279062075	93.704343	0.0	0.0
10.815430	28.184819600	93.703194	0.0	0.0
10.827640	28.225733082	93.694361	0.0	0.0
10.839840	28.367065421	93.691120	0.0	0.0
10.852050	28.379815583	93.688651	0.0	0.0
10.864260	28.348788777	93.684939	0.0	0.0
10.876470	28.344973615	93.683211	0.0	0.0
10.888670	28.329173769	93.675497	0.0	0.0
10.900880	28.352417662	93.668619	0.0	0.0
10.913090	28.451492907	93.667879	0.0	0.0
10.925290	28.459190703	93.659148	0.0	0.0
10.937500	28.470172497	93.655519	0.0	0.0
10.949710	28.567893679	93.650755	0.0	0.0
10.961910	28.588429255	93.647371	0.0	0.0
10.974120	28.606558982	93.641848	0.0	0.0
10.986330	28.572576667	93.641456	0.0	0.0
10.998540	28.704387210	93.635489	0.0	0.0
11.010740	28.654002491	93.633521	0.0	0.0
11.022950	28.687374780	93.628958	0.0	0.0
11.035160	28.791110228	93.624234	0.0	0.0
11.047360	28.782165109	93.620548	0.0	0.0
11.059570	28.734698196	93.615579	0.0	0.0
11.071780	28.802152675	93.612668	0.0	0.0
11.083980	28.839410473	93.609035	0.0	0.0
11.096190	28.835336123	93.605734	0.0	0.0
11.108400	28.865022857	93.599170	0.0	0.0
11.120610	28.887479649	93.593436	0.0	0.0
11.132810	28.850945649	93.594388	0.0	0.0
11.145020	28.953036653	93.586523	0.0	0.0
11.157230	28.954913457	93.582446	0.0	0.0
11.169430	28.931349492	93.576689	0.0	0.0
11.181640	29.060011110	93.572359	0.0	0.0
11.193850	29.030813288	93.571049	0.0	0.0
11.206060	29.063741818	93.567431	0.0	0.0
11.218260	29.014618491	93.562608	0.0	0.0
11.230470	29.142531790	93.556898	0.0	0.0
11.242680	29.091185160	93.552761	0.0	0.0
11.254880	29.151463039	93.547850	0.0	0.0
11.267090	29.216318389	93.545395	0.0	0.0
11.279300	29.233313289	93.544113	0.0	0.0
11.291500	29.281267627	93.537265	0.0	0.0
11.303710	29.261174610	93.533414	0.0	0.0
11.315920	29.304367796	93.531163	0.0	0.0
11.328130	29.351137899	93.525428	0.0	0.0
11.340330	29.350672820	93.520954	0.0	0.0
11.352540	29.479304938	93.518470	0.0	0.0
11.364750	29.427898373	93.517583	0.0	0.0
11.376950	29.430758359	93.510366	0.0	0.0
11.389160	29.379578491	93.506220	0.0	0.0
11.401370	29.430092297	93.502414	0.0	0.0
11.413570	29.504321843	93.497691	0.0	0.0
11.425780	29.568794043	93.496066	0.0	0.0
11.437990	29.563525539	93.494309	0.0	0.0
11.450200	29.637836459	93.488459	0.0	0.0
11.462400	29.587904490	93.483204	0.0	0.0
11.474610	29.654494878	93.479873	0.0	0.0
11.486820	29.695246075	93.475944	0.0	0.0
11.499020	29.652218477	93.473622	0.0	0.0
11.511230	29.721322075	93.469835	0.0	0.0
11.523440	29.698542885	93.465154	0.0	0.0
11.535650	29.686362453	93.460586	0.0	0.0
11.547850	29.825288193	93.454873	0.0	0.0
11.560060	29.844795186	93.454125	0.0	0.0
11.572270	29.973379587	93.450759	0.0	0.0
11.584470	29.890529161	93.446983	0.0	0.0
11.596680	29.870599907	93.441524	0.0	0.0
11.608890	29.976817245	93.436767	0.0	0.0
11.621090	29.983222042	93.435536	0.0	0.0
11.633300	29.946128292	93.428192	0.0	0.0
11.645510	30.005103061	93.425891	0.0	0.0
11.657720	30.042880332	93.423004	0.0	0.0
11.669920	30.119633445	93.419647	0.0	0.0
11.682130	30.094375400	93.412308	0.0	0.0
11.694340	30.167100509	93.410567	0.0	0.0
11.706540	30.198734563	93.407873	0.0	0.0
11.718750	30.300453626	93.405102	0.0	0.0
11.730960	30.290229526	93.403472	0.0	0.0
11.743160	30.299014025	93.403126	0.0	0.0
11.755370	30.308435771	93.395603	0.0	0.0
11.767580	30.309333317	93.392647	0.0	0.0
11.779790	30.321337999	93.388334	0.0	0.0
11.791990	30.293393234	93.387445	0.0	0.0
11.804200	30.320070738	93.379663	0.0	0.0
11.816410	30.391910961	93.380223	0.0	0.0
11.828610	30.471548104	93.374737	0.0	0.0
11.840820	30.403631503	93.373126	0.0	0.0
11.853030	30.446511795	93.369609	0.0	0.0
11.865230	30.422521715	93.365796	0.0	0.0
11.877440	30.455989643	93.362410	0.0	0.0
11.889650	30.457074354	93.357139	0.0	0.0
11.901860	30.522335945	93.351882	0.0	0.0
11.914060	30.518262661	93.349268	0.0	0.0
11.926270	30.559566198	93.344217	0.0	0.0
11.938480	30.563220880	93.341203	0.0	0.0
11.950680	30.608972179	93.334324	0.0	0.0
11.962890	30.701668924	93.332883	0.0	0.0
11.975100	30.675819250	93.332197	0.0	0.0
11.987310	30.721876970	93.331592	0.0	0.0
11.999510	30.703050896	93.324918	0.0	0.0
12.011720	30.747311444	93.320478	0.0	0.0
12.023930	30.807172167	93.318226	0.0	0.0
12.036130	30.804073777	93.315093	0.0	0.0
12.048340	30.744851691	93.308330	0.0	0.0
12.060550	30.863551792	93.305479	0.0	0.0
12.072750	30.865490276	93.301989	0.0	0.0
12.084960	30.981553879	93.300049	0.0	0.0
12.097170	30.982792511	93.298083	0.0	0.0
12.109380	30.950747793	93.295226	0.0	0.0
12.121580	30.924209769	93.291161	0.0	0.0
12.133790	30.966168991	93.287451	0.0	0.0
12.146000	31.017646801	93.283764	0.0	0.0
12.158200	31.014692436	93.278571	0.0	0.0
12.170410	31.066056038	93.276290	0.0	0.0
12.182620	31.033299618	93.273684	0.0	0.0
12.194820	31.048606473	93.268241	0.0	0.0
12.207030	31.114618055	93.266614	0.0	0.0
12.219240	31.131905473	93.261414	0.0	0.0
12.231450	31.059260728	93.260296	0.0	0.0
12.243650	31.116714681	93.254652	0.0	0.0
12.255860	31.228236844	93.253849	0.0	0.0
12.268070	31.238750862	93.248348	0.0	0.0
12.280270	31.142254393	93.245116	0.0	0.0
12.292480	31.241145197	93.241616	0.0	0.0
12.304690	31.348531352	93.237418	0.0	0.0
12.316900	31.349335801	93.236869	0.0	0.0
12.329100	31.325855308	93.228406	0.0	0.0
12.341310	31.423486082	93.226974	0.0	0.0
12.353520	31.452687622	93.223708	0.0	0.0
12.365720	31.454425272	93.221918	0.0	0.0
12.377930	31.387829780	93.218490	0.0	0.0
12.390140	31.414083066	93.214492	0.0	0.0
12.402340	31.487205176	93.210177	0.0	0.0
12.414550	31.541464743	93.206755	0.0	0.0
12.426760	31.596255356	93.202661	0.0	0.0
12.438970	31.571381082	93.202549	0.0	0.0
12.451170	31.645040406	93.197232	0.0	0.0
12.463380	31.768313263	93.192331	0.0	0.0
12.475590	31.722289244	93.191930	0.0	0.0
12.487790	31.778818397	93.187110	0.0	0.0
12.500000	31.804499576	93.185675	0.0	0.0
12.512210	31.768376552	93.183361	0.0	0.0
12.524410	31.825615141	93.180469	0.0	0.0
12.536620	31.868331597	93.181499	0.0	0.0
12.548830	31.812924368	93.174838	0.0	0.0
12.561040	31.788380546	93.173981	0.0	0.0
12.573240	31.794847174	93.168338	0.0	0.0
12.585450	31.854849609	93.164176	0.0	0.0
12.597660	31.785190360	93.162722	0.0	0.0
12.609860	31.882580352	93.160603	0.0	0.0
12.622070	31.892695961	93.151283	0.0	0.0
12.634280	32.046213370	93.151297	0.0	0.0
12.646480	31.994191455	93.144877	0.0	0.0
12.658690	31.937872144	93.142002	0.0	0.0
12.670900	32.116734681	93.142573	0.0	0.0
12.683110	32.065395087	93.141493	0.0	0.0
12.695310	32.042731143	93.136287	0.0	0.0
12.707520	32.149174018	93.132977	0.0	0.0
12.719730	32.135574775	93.127933	0.0	0.0
12.731930	32.214504110	93.125661	0.0	0.0
12.744140	32.219316595	93.122218	0.0	0.0
12.756350	32.284663504	93.119740	0.0	0.0
12.768560	32.171408457	93.118766	0.0	0.0
12.780760	32.217131776	93.114555	0.0	0.0
12.792970	32.220320532	93.114150	0.0	0.0
12.805180	32.257544632	93.109007	0.0	0.0
12.817380	32.221208401	93.102794	0.0	0.0
12.829590	32.305824448	93.098707	0.0	0.0
12.841800	32.329745499	93.097095	0.0	0.0
12.854000	32.425003444	93.097134	0.0	0.0
12.866210	32.413758297	93.090170	0.0	0.0
12.878420	32.433891905	93.088633	0.0	0.0
12.890630	32.410697888	93.087501	0.0	0.0
12.902830	32.490913384	93.083550	0.0	0.0
12.915040	32.532412150	93.079468	0.0	0.0
12.927250	32.504428541	93.074812	0.0	0.0
12.939450	32.601593325	93.071334	0.0	0.0
12.951660	32.628354839	93.069139	0.0	0.0
12.963870	32.582584397	93.068985	0.0	0.0
12.976070	32.764583251	93.066851	0.0	0.0
12.988280	32.673214279	93.061684	0.0	0.0
13.000490	32.694335076	93.059455	0.0	0.0
13.012700	32.736692726	93.055998	0.0	0.0
13.024900	32.777137797	93.053633	0.0	0.0
13.037110	32.747924013	93.050309	0.0	0.0
13.049320	32.934857875	93.047114	0.0	0.0
13.061520	32.855028622	93.044806	0.0	0.0
13.073730	32.837183541	93.045491	0.0	0.0
13.085940	32.873269121	93.039454	0.0	0.0
13.098150	32.865456519	93.037277	0.0	0.0
13.110350	32.854445504	93.033157	0.0	0.0
13.122560	32.890276130	93.029252	0.0	0.0
13.134770	32.859586709	93.026189	0.0	0.0
13.146970	32.960445914	93.021497	0.0	0.0
13.159180	33.057304955	93.020315	0.0	0.0
13.171390	33.047536540	93.019419	0.0	0.0
13.183590	32.965656750	93.016087	0.0	0.0
13.195800	32.930622525	93.013601	0.0	0.0
13.208010	33.020496139	93.005847	0.0	0.0
13.220220	33.136401916	93.004034	0.0	0.0
13.232420	33.084214618	93.002856	0.0	0.0
13.244630	33.306552572	93.002124	0.0	0.0
13.256840	33.156994142	92.997034	0.0	0.0
13.269040	33.365759294	92.993370	0.0	0.0
13.281250	33.299919955	92.993000	0.0	0.0
13.293460	33.221225627	92.989500	0.0	0.0
13.305660	33.250031250	92.988236	0.0	0.0
13.317870	33.281218025	92.984820	0.0	0.0
13.330080	33.365632138	92.981043	0.0	0.0
13.342290	33.353989734	92.974913	0.0	0.0
13.354490	33.413084968	92.974805	0.0	0.0
13.366700	33.397861543	92.973882	0.0	0.0
13.378910	33.287937475	92.969686	0.0	0.0
13.391110	33.407966932	92.963968	0.0	0.0
13.403320	33.519009652	92.960845	0.0	0.0
13.415530	33.484003361	92.959116	0.0	0.0
13.427730	33.504915977	92.957484	0.0	0.0
13.439940	33.609665060	92.956251	0.0	0.0
13.452150	33.584704005	92.953497	0.0	0.0
13.464360	33.672382954	92.948585	0.0	0.0
13.476560	33.669050901	92.943224	0.0	0.0
13.488770	33.776665664	92.942890	0.0	0.0
13.500980	33.771640092	92.942764	0.0	0.0
13.513180	33.715803067	92.940094	0.0	0.0
13.525390	33.642649547	92.939947	0.0	0.0
13.537600	33.631136662	92.930960	0.0	0.0
13.549810	33.660584038	92.930894	0.0	0.0
13.562010	33.685184625	92.925355	0.0	0.0
13.574220	33.781655397	92.923583	0.0	0.0
13.586430	33.739199083	92.921209	0.0	0.0
13.598630	33.837593600	92.920275	0.0	0.0
13.610840	33.922873914	92.916711	0.0	0.0
13.623050	33.893886373	92.912450	0.0	0.0
13.635250	33.942950125	92.909351	0.0	0.0
13.647460	34.042429404	92.908314	0.0	0.0
13.659670	34.029762857	92.910316	0.0	0.0
13.671880	33.969280236	92.904631	0.0	0.0
13.684080	33.953298002	92.905138	0.0	0.0
13.696290	33.890441507	92.898858	0.0	0.0
13.708500	34.056131604	92.896589	0.0	0.0
13.720700	34.005678735	92.895857	0.0	0.0
13.732910	33.986935120	92.892038	0.0	0.0
13.745120	34.111193889	92.887234	0.0	0.0
13.757320	34.080811832	92.884348	0.0	0.0
13.769530	34.048499937	92.880676	0.0	0.0
13.781740	34.221601368	92.878839	0.0	0.0
13.793950	34.126204320	92.875768	0.0	0.0
13.806150	34.269563642	92.873905	0.0	0.0
13.818360	34.288773631	92.871083	0.0	0.0
13.830570	34.294484682	92.868295	0.0	0.0
13.842770	34.255975541	92.869085	0.0	0.0
13.854980	34.263999557	92.860709	0.0	0.0
13.867190	34.289243182	92.859321	0.0	0.0
13.879400	34.326500700	92.853126	0.0	0.0
13.891600	34.332025640	92.852654	0.0	0.0
13.903810	34.393210274	92.848604	0.0	0.0
13.916020	34.400053239	92.849675	0.0	0.0
13.928220	34.473500833	92.848398	0.0	0.0
13.940430	34.489835484	92.845554	0.0	0.0
13.952640	34.476951328	92.844068	0.0	0.0
13.964840	34.548860803	92.840142	0.0	0.0
13.977050	34.536877021	92.837103	0.0	0.0
13.989260	34.446063857	92.836288	0.0	0.0
14.001470	34.452541811	92.830627	0.0	0.0
14.013670	34.536597939	92.827929	0.0	0.0
14.025880	34.604300956	92.828721	0.0	0.0
14.038090	34.503286321	92.825701	0.0	0.0
14.050290	34.556082500	92.823202	0.0	0.0
14.062500	34.635430394	92.816422	0.0	0.0
14.074710	34.578217016	92.816265	0.0	0.0
14.086910	34.583920418	92.813480	0.0	0.0
14.099120	34.728564942	92.809886	0.0	0.0
14.111330	34.718379831	92.809448	0.0	0.0
14.123540	34.770890235	92.804591	0.0	0.0
14.135740	34.667366400	92.805742	0.0	0.0
14.147950	34.832426978	92.801425	0.0	0.0
14.160160	34.758074526	92.798951	0.0	0.0
14.172360	34.841999602	92.796271	0.0	0.0
14.184570	34.887868760	92.794925	0.0	0.0
14.196780	34.863177903	92.792979	0.0	0.0
14.208980	34.777129442	92.785226	0.0	0.0
14.221190	34.859492217	92.785755	0.0	0.0
14.233400	34.843613124	92.783036	0.0	0.0
14.245610	34.879872977	92.779343	0.0	0.0
14.257810	34.977149052	92.775281	0.0	0.0
14.270020	34.981363030	92.775276	0.0	0.0
14.282230	34.957091717	92.774896	0.0	0.0
14.294430	35.159622606	92.772981	0.0	0.0
14.306640	35.089380092	92.768481	0.0	0.0
14.318850	35.023982837	92.762083	0.0	0.0
14.331060	35.120374904	92.762899	0.0	0.0
14.343260	35.268960419	92.762448	0.0	0.0
14.355470	35.161695225	92.760036	0.0	0.0
14.367680	35.155399630	92.757637	0.0	0.0
14.379880	35.062858661	92.757092	0.0	0.0
14.392090	35.155514149	92.753404	0.0	0.0
14.404300	35.157348192	92.750114	0.0	0.0
14.416500	35.057959100	92.747379	0.0	0.0
14.428710	35.256133313	92.744200	0.0	0.0
14.440920	35.247002651	92.740738	0.0	0.0
14.453130	35.265961890	92.740832	0.0	0.0
14.465330	35.175627359	92.736723	0.0	0.0
14.477540	35.273217354	92.731094	0.0	0.0
14.489750	35.271532357	92.732634	0.0	0.0
14.501950	35.366994358	92.725566	0.0	0.0
14.514160	35.350589352	92.726741	0.0	0.0
14.526370	35.501126819	92.725637	0.0	0.0
14.538570	35.527367342	92.722184	0.0	0.0
14.550780	35.463741732	92.716275	0.0	0.0
14.562990	35.532655303	92.719063	0.0	0.0
14.575200	35.614890924	92.715455	0.0	0.0
14.587400	35.522978795	92.712279	0.0	0.0
14.599610	35.713951951	92.707613	0.0	0.0
14.611820	35.578538591	92.708346	0.0	0.0
14.624020	35.662023059	92.706765	0.0	0.0
14.636230	35.656919843	92.704440	0.0	0.0
14.648440	35.666544733	92.702801	0.0	0.0
14.660650	35.599068726	92.700224	0.0	0.0
14.672850	35.707435456	92.695794	0.0	0.0
14.685060	35.731747081	92.693701	0.0	0.0
14.697270	35.767587128	92.692572	0.0	0.0
14.709470	35.728590739	92.687858	0.0	0.0
14.721680	35.713026060	92.687129	0.0	0.0
14.733890	35.772537172	92.685405	0.0	0.0
14.746090	35.745631119	92.686168	0.0	0.0
14.758300	35.802780820	92.680636	0.0	0.0
14.770510	35.823068049	92.679930	0.0	0.0
14.782720	35.913288866	92.677403	0.0	0.0
14.794920	35.825577162	92.676288	0.0	0.0
14.807130	35.852143297	92.669110	0.0	0.0
14.819340	36.037594122	92.669653	0.0	0.0
14.831540	35.884519535	92.667948	0.0	0.0
14.843750	35.915166134	92.669071	0.0	0.0
14.855960	35.948286521	92.662280	0.0	0.0
14.868160	35.967541764	92.663152	0.0	0.0
14.880370	35.941385175	92.659584	0.0	0.0
14.892580	35.989980583	92.652981	0.0	0.0
14.904790	35.935974427	92.655878	0.0	0.0
14.916990	36.000877602	92.648895	0.0	0.0
14.929200	35.997781050	92.648291	0.0	0.0
14.941410	36.118407873	92.642885	0.0	0.0
14.953610	36.149164713	92.644007	0.0	0.0
14.965820	36.164887711	92.640096	0.0	0.0
14.978030	36.152571229	92.636645	0.0	0.0
14.990230	36.148587115	92.636186	0.0	0.0
15.002440	36.144296720	92.634689	0.0	0.0
15.014650	36.309832401	92.633048	0.0	0.0
15.026860	36.383367843	92.628117	0.0	0.0
15.039060	36.367782108	92.628106	0.0	0.0
15.051270	36.340924059	92.625897	0.0	0.0
15.063480	36.391765542	92.620805	0.0	0.0
15.075680	36.408265979	92.619476	0.0	0.0
15.087890	36.359038104	92.620844	0.0	0.0
15.100100	36.392760784	92.617195	0.0	0.0
15.112310	36.437070658	92.617280	0.0	0.0
15.124510	36.468031060	92.611932	0.0	0.0
15.136720	36.366281562	92.609755	0.0	0.0
15.148930	36.398462933	92.605938	0.0	0.0
15.161130	36.395130480	92.605160	0.0	0.0
15.173340	36.592571079	92.600449	0.0	0.0
15.185550	36.581467907	92.601651	0.0	0.0
15.197750	36.583169118	92.597980	0.0	0.0
15.209960	36.622468696	92.595333	0.0	0.0
15.222170	36.701268213	92.594227	0.0	0.0
15.234380	36.685242042	92.594230	0.0	0.0
15.246580	36.735058512	92.587587	0.0	0.0
15.258790	36.819769624	92.587423	0.0	0.0
15.271000	36.745331317	92.583016	0.0	0.0
15.283200	36.787800421	92.586713	0.0	0.0
15.295410	36.720317214	92.584288	0.0	0.0
15.307620	36.724834857	92.579388	0.0	0.0
15.319820	36.669943105	92.577115	0.0	0.0
15.332030	36.756089438	92.577119	0.0	0.0
15.344240	36.677696020	92.571846	0.0	0.0
15.356450	36.826009555	92.569002	0.0	0.0
15.368650	36.877611955	92.568402	0.0	0.0
15.380860	36.917378271	92.569632	0.0	0.0
15.393070	36.862169379	92.567283	0.0	0.0
15.405270	36.773766400	92.564164	0.0	0.0
15.417480	36.772712617	92.558568	0.0	0.0
15.429690	36.967377983	92.557536	0.0	0.0
15.441900	36.879445425	92.558709	0.0	0.0
15.454100	36.929565468	92.549668	0.0	0.0
15.466310	36.914721545	92.550855	0.0	0.0
15.478520	36.980014064	92.546837	0.0	0.0
15.490720	37.156307623	92.545727	0.0	0.0
15.502930	37.199041306	92.547033	0.0	0.0
15.515140	37.027905223	92.543809	0.0	0.0
15.527340	37.158017967	92.541303	0.0	0.0
15.539550	37.086609966	92.538551	0.0	0.0
15.551760	37.200428678	92.536231	0.0	0.0
15.563970	37.100732353	92.535230	0.0	0.0
15.576170	37.193278329	92.530822	0.0	0.0
15.588380	37.145650826	92.530357	0.0	0.0
15.600590	37.137419464	92.528429	0.0	0.0
15.612790	37.321770443	92.525041	0.0	0.0
15.625000	37.169055463	92.522806	0.0	0.0
15.637210	37.187927576	92.519192	0.0	0.0
15.649410	37.263534233	92.517710	0.0	0.0
15.661620	37.355201517	92.520071	0.0	0.0
15.673830	37.335569421	92.515658	0.0	0.0
15.686040	37.387763171	92.515134	0.0	0.0
15.698240	37.319211734	92.511794	0.0	0.0
15.710450	37.429868507	92.510422	0.0	0.0
15.722660	37.368936107	92.509437	0.0	0.0
15.734860	37.418027842	92.501349	0.0	0.0
15.747070	37.349147570	92.506911	0.0	0.0
15.759280	37.359541946	92.501693	0.0	0.0
15.771480	37.426801894	92.499791	0.0	0.0
15.783690	37.539337613	92.499339	0.0	0.0
15.795900	37.476567736	92.498993	0.0	0.0
15.808110	37.475868545	92.498548	0.0	0.0
15.820310	37.440614061	92.490930	0.0	0.0
15.832520	37.398353068	92.489949	0.0	0.0
15.844730	37.552988725	92.486472	0.0	0.0
15.856930	37.542738463	92.485156	0.0	0.0
15.869140	37.589448133	92.488171	0.0	0.0
15.881350	37.575796615	92.485407	0.0	0.0
15.893560	37.612071085	92.483009	0.0	0.0
15.905760	37.686871728	92.479753	0.0	0.0
15.917970	37.524623766	92.475004	0.0	0.0
15.930180	37.698218481	92.471050	0.0	0.0
15.942380	37.506216770	92.468653	0.0	0.0
15.954590	37.721399668	92.470528	0.0	0.0
15.966800	37.623721460	92.468064	0.0	0.0
15.979000	37.681743613	92.467002	0.0	0.0
15.991210	37.730353586	92.462570	0.0	0.0
16.003420	37.656984889	92.464084	0.0	0.0
16.015630	37.691974758	92.462455	0.0	0.0
16.027830	37.708331776	92.455188	0.0	0.0
16.040040	37.756045126	92.454046	0.0	0.0
16.052250	37.739773575	92.452304	0.0	0.0
16.064450	37.909560333	92.452044	0.0	0.0
16.076660	37.812035234	92.445374	0.0	0.0
16.088870	37.759251063	92.448907	0.0	0.0
16.101070	37.708839446	92.446084	0.0	0.0
16.113280	37.845959478	92.442382	0.0	0.0
16.125490	38.025103036	92.436908	0.0	0.0
16.137700	37.921194703	92.439352	0.0	0.0
16.149900	37.966032299	92.440091	0.0	0.0
16.162110	38.004194574	92.438136	0.0	0.0
16.174320	37.941349792	92.435928	0.0	0.0
16.186520	37.938701420	92.433618	0.0	0.0
16.198730	38.043946230	92.429029	0.0	0.0
16.210940	38.014155077	92.428098	0.0	0.0
16.223150	38.123036591	92.424401	0.0	0.0
16.235350	37.956136704	92.422939	0.0	0.0
16.247560	38.056555485	92.421414	0.0	0.0
16.259770	38.107204318	92.418192	0.0	0.0
16.271970	38.055227732	92.418001	0.0	0.0
16.284180	38.127667147	92.413259	0.0	0.0
16.296390	38.302200560	92.412955	0.0	0.0
16.308590	38.322018480	92.412662	0.0	0.0
16.320800	38.195059577	92.414269	0.0	0.0
16.333010	38.299065594	92.407938	0.0	0.0
16.345220	38.315892517	92.406812	0.0	0.0
16.357420	38.352767893	92.404006	0.0	0.0
16.369630	38.338746071	92.401675	0.0	0.0
16.381840	38.283522240	92.397054	0.0	0.0
16.394040	38.391202476	92.398693	0.0	0.0
16.406250	38.358107536	92.400742	0.0	0.0
16.418460	38.338385452	92.396663	0.0	0.0
16.430660	38.431052553	92.390777	0.0	0.0
16.442870	38.449579506	92.389350	0.0	0.0
16.455080	38.512086730	92.386774	0.0	0.0
16.467290	38.400084865	92.385796	0.0	0.0
16.479490	38.451842109	92.387776	0.0	0.0
16.491700	38.543237378	92.383908	0.0	0.0
16.503910	38.421859331	92.382841	0.0	0.0
16.516110	38.382977084	92.378874	0.0	0.0
16.528320	38.572083055	92.375544	0.0	0.0
16.540530	38.648152583	92.374179	0.0	0.0
16.552730	38.518553258	92.376627	0.0	0.0
16.564940	38.484948649	92.371498	0.0	0.0
16.577150	38.631193957	92.369490	0.0	0.0
16.589360	38.649803554	92.367714	0.0	0.0
16.601560	38.469936078	92.365100	0.0	0.0
16.613770	38.665855806	92.363896	0.0	0.0
16.625980	38.598974461	92.363766	0.0	0.0
16.638180	38.626379967	92.363109	0.0	0.0
16.650390	38.617926761	92.360770	0.0	0.0
16.662600	38.831462335	92.356004	0.0	0.0
16.674810	38.706888520	92.358571	0.0	0.0
16.687010	38.676756875	92.354109	0.0	0.0
16.699220	38.635334766	92.351435	0.0	0.0
16.711430	38.827163547	92.349419	0.0	0.0
16.723630	38.917491222	92.346676	0.0	0.0
16.735840	38.916494484	92.353081	0.0	0.0
16.748050	38.857031436	92.345900	0.0	0.0
16.760250	38.892868368	92.345020	0.0	0.0
16.772460	38.994396059	92.342384	0.0	0.0
16.784670	38.931225509	92.338742	0.0	0.0
16.796880	38.836374206	92.339575	0.0	0.0
16.809080	38.800960744	92.338328	0.0	0.0
16.821290	39.040683698	92.335914	0.0	0.0
16.833500	38.933086611	92.334594	0.0	0.0
16.845700	39.018241462	92.331954	0.0	0.0
16.857910	39.047710343	92.330129	0.0	0.0
16.870120	39.022112741	92.325846	0.0	0.0
16.882320	38.970524978	92.328546	0.0	0.0
16.894530	39.118472122	92.324338	0.0	0.0
16.906740	39.047401114	92.321950	0.0	0.0
16.918950	39.084640500	92.319159	0.0	0.0
16.931150	39.087679248	92.319011	0.0	0.0
16.943360	38.951067737	92.318813	0.0	0.0
16.955570	39.181429071	92.311070	0.0	0.0
16.967770	39.230138655	92.317062	0.0	0.0
16.979980	39.248287591	92.312075	0.0	0.0
16.992190	39.162499557	92.309155	0.0	0.0
17.004400	39.114009167	92.309046	0.0	0.0
17.016600	39.205284566	92.303067	0.0	0.0
17.028810	39.284264971	92.304098	0.0	0.0
17.041020	39.307610250	92.302512	0.0	0.0
17.053220	39.300064406	92.300126	0.0	0.0
17.065430	39.173757845	92.298942	0.0	0.0
17.077640	39.361232422	92.299097	0.0	0.0
17.089840	39.196914768	92.294747	0.0	0.0
17.102050	39.246523587	92.293917	0.0	0.0
17.114260	39.388884371	92.294349	0.0	0.0
17.126470	39.475178591	92.293355	0.0	0.0
17.138670	39.406696262	92.291715	0.0	0.0
17.150880	39.350349474	92.290284	0.0	0.0
17.163090	39.476599684	92.285942	0.0	0.0
17.175290	39.299854558	92.286564	0.0	0.0
17.187500	39.339874802	92.282964	0.0	0.0
17.199710	39.367583392	92.277361	0.0	0.0
17.211910	39.333488392	92.277598	0.0	0.0
17.224120	39.500939292	92.277078	0.0	0.0
17.236330	39.575444581	92.278348	0.0	0.0
17.248540	39.486352548	92.273095	0.0	0.0
17.260740	39.421909804	92.268466	0.0	0.0
17.272950	39.434853704	92.268226	0.0	0.0
17.285160	39.533191165	92.267961	0.0	0.0
17.297360	39.575147332	92.265682	0.0	0.0
17.309570	39.585306817	92.262579	0.0	0.0
17.321780	39.582946474	92.261531	0.0	0.0
17.333980	39.689594323	92.262146	0.0	0.0
17.346190	39.609053896	92.259460	0.0	0.0
17.358400	39.649578754	92.257346	0.0	0.0
17.370610	39.726782257	92.255137	0.0	0.0
17.382810	39.800706880	92.254968	0.0	0.0
17.395020	39.771345487	92.251180	0.0	0.0
17.407230	39.590586611	92.250321	0.0	0.0
17.419430	39.765345240	92.250299	0.0	0.0
17.431640	39.755723387	92.246763	0.0	0.0
17.443850	39.794701848	92.249555	0.0	0.0
17.456060	39.731155045	92.245659	0.0	0.0
17.468260	39.747242135	92.238965	0.0	0.0
17.480470	39.801158359	92.238228	0.0	0.0
17.492680	39.737296664	92.240404	0.0	0.0
17.504880	39.768037539	92.235316	0.0	0.0
17.517090	39.836979932	92.234257	0.0	0.0
17.529300	39.928004602	92.233704	0.0	0.0
17.541500	39.978960630	92.231920	0.0	0.0
17.553710	39.874241919	92.229923	0.0	0.0
17.565920	39.967051868	92.231728	0.0	0.0
17.578130	39.876985106	92.229567	0.0	0.0
17.590330	39.810152650	92.228011	0.0	0.0
17.602540	39.914457946	92.226824	0.0	0.0
17.614750	40.055447559	92.220419	0.0	0.0
17.626950	39.844291022	92.221296	0.0	0.0
17.639160	40.023546715	92.218506	0.0	0.0
17.651370	39.914290983	92.218810	0.0	0.0
17.663570	40.066322150	92.219047	0.0	0.0
17.675780	40.070323683	92.212710	0.0	0.0
17.687990	40.125162931	92.211025	0.0	0.0
17.700200	40.111803275	92.213051	0.0	0.0
17.712400	40.203779359	92.209690	0.0	0.0
17.724610	40.163393996	92.210611	0.0	0.0
17.736820	40.098109554	92.205992	0.0	0.0
17.749020	40.044729126	92.206073	0.0	0.0
17.761230	40.197167515	92.202068	0.0	0.0
17.773440	40.109723087	92.201579	0.0	0.0
17.785650	40.084218841	92.204502	0.0	0.0
17.797850	40.106778681	92.197932	0.0	0.0
17.810060	39.949259955	92.195270	0.0	0.0
17.822270	40.237550907	92.191146	0.0	0.0
17.834470	40.332758922	92.193164	0.0	0.0
17.846680	40.182993084	92.192116	0.0	0.0
17.858890	40.277993657	92.189378	0.0	0.0
17.871090	40.230221331	92.191735	0.0	0.0
17.883300	40.345091273	92.186279	0.0	0.0
17.895510	40.335000319	92.185297	0.0	0.0
17.907720	40.262566616	92.184877	0.0	0.0
17.919920	40.320032407	92.185569	0.0	0.0
17.932130	40.310572550	92.179217	0.0	0.0
17.944340	40.178845101	92.181267	0.0	0.0
17.956540	40.180825811	92.172330	0.0	0.0
17.968750	40.227643340	92.177821	0.0	0.0
17.980960	40.289945809	92.173881	0.0	0.0
17.993160	40.314573542	92.172766	0.0	0.0
18.005370	40.432178119	92.171207	0.0	0.0
18.017580	40.373203658	92.168130	0.0	0.0
18.029790	40.402507390	92.168256	0.0	0.0
18.041990	40.472370918	92.169792	0.0	0.0
18.054200	40.467788138	92.163941	0.0	0.0
18.066410	40.465222466	92.157643	0.0	0.0
18.078610	40.491079819	92.163160	0.0	0.0
18.090820	40.364152196	92.158766	0.0	0.0
18.103030	40.383772237	92.158262	0.0	0.0
18.115230	40.325326250	92.159056	0.0	0.0
18.127440	40.359067330	92.154442	0.0	0.0
18.139650	40.384732348	92.153805	0.0	0.0
18.151860	40.418886328	92.151514	0.0	0.0
18.164060	40.564949639	92.149604	0.0	0.0
18.176270	40.588843472	92.147595	0.0	0.0
18.188480	40.439842083	92.143413	0.0	0.0
18.200680	40.619557222	92.143356	0.0	0.0
18.212890	40.597777086	92.144322	0.0	0.0
18.225100	40.561959675	92.144211	0.0	0.0
18.237310	40.548765792	92.138669	0.0	0.0
18.249510	40.610084475	92.139179	0.0	0.0
18.261720	40.704751869	92.139350	0.0	0.0
18.273930	40.662527770	92.134656	0.0	0.0
18.286130	40.800827847	92.132322	0.0	0.0
18.298340	40.717232496	92.130894	0.0	0.0
18.310550	40.638546498	92.130008	0.0	0.0
18.322750	40.776682611	92.131979	0.0	0.0
18.334960	40.791589889	92.128192	0.0	0.0
18.347170	40.849112303	92.126807	0.0	0.0
18.359380	40.814970228	92.125244	0.0	0.0
18.371580	40.813503465	92.122576	0.0	0.0
18.383790	40.773846029	92.123443	0.0	0.0
18.396000	40.838783583	92.125196	0.0	0.0
18.408200	40.751060380	92.119147	0.0	0.0
18.420410	40.766439804	92.119405	0.0	0.0
18.432620	41.001952506	92.116903	0.0	0.0
18.444820	40.895859477	92.117985	0.0	0.0
18.457030	40.794313076	92.117060	0.0	0.0
18.469240	40.859281295	92.112949	0.0	0.0
18.481450	40.927040251	92.115886	0.0	0.0
18.493650	40.917784072	92.113931	0.0	0.0
18.505860	40.847544598	92.107185	0.0	0.0
18.518070	40.897201939	92.108661	0.0	0.0
18.530270	40.933484922	92.106231	0.0	0.0
18.542480	40.897185394	92.103295	0.0	0.0
18.554690	41.012905411	92.102646	0.0	0.0
18.566900	41.023532669	92.100270	0.0	0.0
18.579100	40.904468467	92.099991	0.0	0.0
18.591310	41.017616492	92.099935	0.0	0.0
18.603520	41.066887360	92.094690	0.0	0.0
18.615720	41.117061014	92.093272	0.0	0.0
18.627930	41.119675527	92.093546	0.0	0.0
18.640140	41.273457897	92.093296	0.0	0.0
18.652340	41.061541487	92.093552	0.0	0.0
18.664550	41.119815867	92.090120	0.0	0.0
18.676760	41.124020784	92.087724	0.0	0.0
18.688970	41.093285186	92.084521	0.0	0.0
18.701170	41.215247942	92.082898	0.0	0.0
18.713380	41.111694336	92.084191	0.0	0.0
18.725590	41.197402097	92.078922	0.0	0.0
18.737790	41.170114563	92.078201	0.0	0.0
18.750000	41.198162416	92.081231	0.0	0.0
18.762210	41.304504948	92.076649	0.0	0.0
18.774410	41.196649100	92.075559	0.0	0.0
18.786620	41.161995091	92.072273	0.0	0.0
18.798830	41.174187242	92.071355	0.0	0.0
18.811040	41.224666689	92.069256	0.0	0.0
18.823240	41.273274690	92.070338	0.0	0.0
18.835450	41.311283298	92.069929	0.0	0.0
18.847660	41.369147566	92.066036	0.0	0.0
18.859860	41.236768596	92.065512	0.0	0.0
18.872070	41.283076026	92.062381	0.0	0.0
18.884280	41.464173573	92.062267	0.0	0.0
18.896480	41.275175768	92.059404	0.0	0.0
18.908690	41.446528759	92.062790	0.0	0.0
18.920900	41.187503662	92.060196	0.0	0.0
18.933110	41.432606298	92.056734	0.0	0.0
18.945310	41.275311304	92.054934	0.0	0.0
18.957520	41.476727353	92.056353	0.0	0.0
18.969730	41.351076556	92.049751	0.0	0.0
18.981930	41.290612790	92.054431	0.0	0.0
18.994140	41.396664769	92.045984	0.0	0.0
19.006350	41.277738050	92.046697	0.0	0.0
19.018560	41.317172365	92.050162	0.0	0.0
19.030760	41.394611983	92.043929	0.0	0.0
19.042970	41.396403125	92.041325	0.0	0.0
19.055180	41.330941441	92.041515	0.0	0.0
19.067380	41.570818303	92.037098	0.0	0.0
19.079590	41.265265365	92.037237	0.0	0.0
19.091800	41.355041580	92.036166	0.0	0.0
19.104000	41.265505913	92.037095	0.0	0.0
19.116210	41.344856530	92.032279	0.0	0.0
19.128420	41.421032388	92.033285	0.0	0.0
19.140630	41.247493750	92.032630	0.0	0.0
19.152830	41.320569735	92.028321	0.0	0.0
19.165040	41.212112142	92.029478	0.0	0.0
19.177250	41.367571855	92.025932	0.0	0.0
19.189450	41.310902113	92.031688	0.0	0.0
19.201660	41.383049040	92.025983	0.0	0.0
19.213870	41.277640773	92.026428	0.0	0.0
19.226070	41.184045887	92.021827	0.0	0.0
19.238280	41.232734284	92.020535	0.0	0.0
19.250490	41.210517792	92.019512	0.0	0.0
19.262700	41.383661058	92.019589	0.0	0.0
19.274900	41.018934269	92.016667	0.0	0.0
19.287110	41.182688875	92.019442	0.0	0.0
19.299320	41.143299401	92.018770	0.0	0.0
19.311520	41.167859826	92.012919	0.0	0.0
19.323730	41.144405765	92.010267	0.0	0.0
19.335940	41.070121776	92.010274	0.0	0.0
19.348150	40.960444995	92.008500	0.0	0.0
19.360350	41.057079544	92.008750	0.0	0.0
19.372560	41.079102642	92.005231	0.0	0.0
19.384770	41.023641938	92.008031	0.0	0.0
19.396970	40.914390951	92.000477	0.0	0.0
19.409180	40.952240304	92.002784	0.0	0.0
19.421390	40.889297521	92.002255	0.0	0.0
19.433590	40.887953377	91.995519	0.0	0.0
19.445800	40.863429143	91.999671	0.0	0.0
19.458010	40.807356555	91.994236	0.0	0.0
19.470220	40.647101212	91.998221	0.0	0.0
19.482420	40.750814747	91.995293	0.0	0.0
19.494630	40.709099852	91.987738	0.0	0.0
19.506840	40.780254349	91.997267	0.0	0.0
19.519040	40.653020126	91.990903	0.0	0.0
19.531250	40.719499939	91.987440	0.0	0.0
19.543460	40.475491872	91.987975	0.0	0.0
19.555660	40.397649567	91.982075	0.0	0.0
19.567870	40.420369815	91.979913	0.0	0.0
19.580080	40.484976083	91.981772	0.0	0.0
19.592290	40.357630725	91.977634	0.0	0.0
19.604490	40.394860949	91.977502	0.0	0.0
19.616700	40.223927027	91.978403	0.0	0.0
19.628910	40.363440603	91.978309	0.0	0.0
19.641110	40.259000381	91.979001	0.0	0.0
19.653320	40.229184508	91.978747	0.0	0.0
19.665530	40.014239548	91.975648	0.0	0.0
19.677730	40.130821561	91.975696	0.0	0.0
19.689940	39.972125922	91.971207	0.0	0.0
19.702150	39.838994549	91.968525	0.0	0.0
19.714360	39.677265307	91.967364	0.0	0.0
19.726560	39.758764626	91.968379	0.0	0.0
19.738770	39.723041612	91.963934	0.0	0.0
19.750980	39.590108307	91.967089	0.0	0.0
19.763180	39.557724096	91.964236	0.0	0.0
19.775390	39.471583331	91.961296	0.0	0.0
19.787600	39.452395029	91.958620	0.0	0.0
19.799810	39.368633589	91.958428	0.0	0.0
19.812010	39.216880036	91.956040	0.0	0.0
19.824220	39.151149204	91.952491	0.0	0.0
19.836430	39.025670492	91.955126	0.0	0.0
19.848630	39.064843684	91.954741	0.0	0.0
19.860840	39.062667009	91.952439	0.0	0.0
19.873050	38.942071526	91.949477	0.0	0.0
19.885250	38.845115859	91.954165	0.0	0.0
19.897460	38.799935213	91.953977	0.0	0.0
19.909670	38.629135092	91.948937	0.0	0.0
19.921880	38.425663065	91.946777	0.0	0.0
19.934080	38.506412017	91.945678	0.0	0.0
19.946290	38.214028750	91.943018	0.0	0.0
19.958500	38.211158148	91.947914	0.0	0.0
19.970700	38.061349907	91.944165	0.0	0.0
19.982910	38.072038347	91.939891	0.0	0.0
19.995120	37.993671730	91.937153	0.0	0.0
20.007320	37.886949317	91.936594	0.0	0.0
20.019530	37.547534489	91.932603	0.0	0.0
20.031740	37.640794889	91.936063	0.0	0.0
20.043950	37.535173002	91.932611	0.0	0.0
20.056150	37.310290100	91.934026	0.0	0.0
20.068360	37.376818294	91.930611	0.0	0.0
20.080570	37.192203836	91.922517	0.0	0.0
20.092770	36.992040575	91.926206	0.0	0.0
20.104980	36.863425729	91.928699	0.0	0.0
20.117190	36.818244482	91.922216	0.0	0.0
20.129400	36.858648501	91.923208	0.0	0.0
20.141600	36.591130409	91.923813	0.0	0.0
20.153810	36.437897410	91.927255	0.0	0.0
20.166020	36.365138967	91.921295	0.0	0.0
20.178220	36.120075030	91.920394	0.0	0.0
20.190430	35.981013400	91.916376	0.0	0.0
20.202640	35.768418593	91.916896	0.0	0.0
20.214840	35.730313422	91.916022	0.0	0.0
20.227050	35.637157873	91.914860	0.0	0.0
20.239260	35.563050696	91.913113	0.0	0.0
20.251470	35.504937669	91.912123	0.0	0.0
20.263670	35.291952872	91.910598	0.0	0.0
20.275880	34.912496483	91.909039	0.0	0.0
20.288090	35.017905452	91.911933	0.0	0.0
20.300290	34.816298431	91.910149	0.0	0.0
20.312500	34.680222725	91.907753	0.0	0.0
20.324710	34.461198304	91.905255	0.0	0.0
20.336910	34.118428462	91.904237	0.0	0.0
20.349120	34.168235094	91.900057	0.0	0.0
20.361330	34.035733449	91.897553	0.0	0.0
20.373540	33.921122927	91.900365	0.0	0.0
20.385740	33.628565859	91.897770	0.0	0.0
20.397950	33.487740220	91.898831	0.0	0.0
20.410160	33.285920097	91.896749	0.0	0.0
20.422360	33.191641708	91.896075	0.0	0.0
20.434570	32.966201315	91.895007	0.0	0.0
20.446780	32.798769109	91.893945	0.0	0.0
20.458980	32.673587399	91.892526	0.0	0.0
20.471190	32.598920883	91.888735	0.0	0.0
20.483400	32.269999447	91.889183	0.0	0.0
20.495610	32.154130757	91.889158	0.0	0.0
20.507810	31.927350281	91.881461	0.0	0.0
20.520020	31.811581557	91.880608	0.0	0.0
20.532230	31.781546659	91.881352	0.0	0.0
20.544430	31.630999599	91.878376	0.0	0.0
20.556640	31.324672768	91.882673	0.0	0.0
20.568850	31.201340875	91.876209	0.0	0.0
20.581060	30.937029855	91.876856	0.0	0.0
20.593260	30.893934014	91.877361	0.0	0.0
20.605470	30.637287630	91.874154	0.0	0.0
20.617680	30.303206381	91.876607	0.0	0.0
20.629880	30.240596913	91.875321	0.0	0.0
20.642090	29.900935575	91.875179	0.0	0.0
20.654300	29.802531247	91.871502	0.0	0.0
20.666500	29.740661888	91.871558	0.0	0.0
20.678710	29.593218409	91.869612	0.0	0.0
20.690920	29.304263732	91.868959	0.0	0.0
20.703130	29.062256401	91.864607	0.0	0.0
20.715330	28.776948004	91.865408	0.0	0.0
20.727540	28.682545258	91.864262	0.0	0.0
20.739750	28.454220152	91.862789	0.0	0.0
20.751950	28.183551373	91.859353	0.0	0.0
20.764160	27.940510097	91.860673	0.0	0.0
20.776370	27.838304981	91.856495	0.0	0.0
20.788570	27.610071138	91.855990	0.0	0.0
20.800780	27.481348513	91.855976	0.0	0.0
20.812990	27.282072756	91.855228	0.0	0.0
20.825200	27.100607052	91.857011	0.0	0.0
20.837400	26.732531781	91.850292	0.0	0.0
20.849610	26.590703387	91.854304	0.0	0.0
20.861820	26.446641978	91.850309	0.0	0.0
20.874020	26.294170295	91.849860	0.0	0.0
20.886230	26.082592903	91.849506	0.0	0.0
20.898440	25.919197394	91.846791	0.0	0.0
20.910650	25.587212806	91.843282	0.0	0.0
20.922850	25.338869462	91.842641	0.0	0.0
20.935060	25.157152341	91.845051	0.0	0.0
20.947270	24.944849802	91.844275	0.0	0.0
20.959470	24.761298351	91.842322	0.0	0.0
20.971680	24.549801125	91.842580	0.0	0.0
20.983890	24.425337588	91.837228	0.0	0.0
20.996090	24.193425347	91.839407	0.0	0.0
21.008300	23.888102385	91.835944	0.0	0.0
21.020510	23.812591862	91.832546	0.0	0.0
21.032720	23.440152777	91.835073	0.0	0.0
21.044920	23.308133196	91.834039	0.0	0.0
21.057130	23.068159705	91.832241	0.0	0.0
21.069340	22.820373732	91.834800	0.0	0.0
21.081540	22.724461525	91.828255	0.0	0.0
21.093750	22.519978621	91.830460	0.0	0.0
21.105960	22.193878584	91.829884	0.0	0.0
21.118160	22.018333297	91.825732	0.0	0.0
21.130370	21.829634858	91.829892	0.0	0.0
21.142580	21.639285646	91.825553	0.0	0.0
21.154790	21.433508237	91.821106	0.0	0.0
21.166990	21.168443710	91.819700	0.0	0.0
21.179200	20.962613894	91.822096	0.0	0.0
21.191410	20.734722033	91.822526	0.0	0.0
21.203610	20.524250932	91.821169	0.0	0.0
21.215820	20.334012379	91.817252	0.0	0.0
21.228030	20.141192420	91.809856	0.0	0.0
21.240230	19.907609721	91.815685	0.0	0.0
21.252440	19.595131705	91.811911	0.0	0.0
21.264650	19.538673472	91.811161	0.0	0.0
21.276860	19.236219418	91.814870	0.0	0.0
21.289060	19.076285789	91.807328	0.0	0.0
21.301270	18.841773975	91.809374	0.0	0.0
21.313480	18.722470412	91.808806	0.0	0.0
21.325680	18.483265108	91.808754	0.0	0.0
21.337890	18.277941226	91.805840	0.0	0.0
21.350100	17.987863824	91.804220	0.0	0.0
21.362310	17.866129016	91.801731	0.0	0.0
21.374510	17.511281742	91.805172	0.0	0.0
21.386720	17.341372753	91.801693	0.0	0.0
21.398930	17.217983359	91.797947	0.0	0.0
21.411130	16.958983716	91.796468	0.0	0.0
21.423340	16.761692874	91.797803	0.0	0.0
21.435550	16.616418341	91.796695	0.0	0.0
21.447750	16.352041653	91.793586	0.0	0.0
21.459960	16.178885195	91.795411	0.0	0.0
21.472170	15.981835578	91.788316	0.0	0.0
21.484380	15.729924541	91.789125	0.0	0.0
21.496580	15.587560705	91.791248	0.0	0.0
21.508790	15.416248360	91.788515	0.0	0.0
21.521000	15.235535343	91.792224	0.0	0.0
21.533200	14.998258937	91.789508	0.0	0.0
21.545410	14.861769393	91.789607	0.0	0.0
21.557620	14.654465517	91.784116	0.0	0.0
21.569820	14.454241430	91.787659	0.0	0.0
21.582030	14.262839262	91.782764	0.0	0.0
21.594240	14.010903071	91.779545	0.0	0.0
21.606450	13.826450167	91.782331	0.0	0.0
21.618650	13.632633564	91.781666	0.0	0.0
21.630860	13.462725517	91.779662	0.0	0.0
21.643070	13.267671099	91.775579	0.0	0.0
21.655270	13.057239349	91.777769	0.0	0.0
21.667480	12.932060865	91.771809	0.0	0.0
21.679690	12.713609033	91.772064	0.0	0.0
21.691900	12.547313512	91.769565	0.0	0.0
21.704100	12.367789917	91.771973	0.0	0.0
21.716310	12.162005615	91.767434	0.0	0.0
21.728520	12.051855285	91.770780	0.0	0.0
21.740720	11.798471086	91.768565	0.0	0.0
21.752930	11.668660649	91.767393	0.0	0.0
21.765140	11.436262824	91.763790	0.0	0.0
21.777340	11.353271094	91.763537	0.0	0.0
21.789550	11.150493386	91.761315	0.0	0.0
21.801760	10.939127653	91.760912	0.0	0.0
21.813970	10.801150341	91.761262	0.0	0.0
21.826170	10.645737316	91.757983	0.0	0.0
21.838380	10.471448043	91.760748	0.0	0.0
21.850590	10.318902158	91.752273	0.0	0.0
21.862790	10.145918791	91.756585	0.0	0.0
21.875000	9.985282089	91.758033	0.0	0.0
21.887210	9.803004487	91.753930	0.0	0.0
21.899410	9.662300831	91.753789	0.0	0.0
21.911620	9.537207006	91.754045	0.0	0.0
21.923830	9.344913403	91.754954	0.0	0.0
21.936040	9.191892423	91.745090	0.0	0.0
21.948240	9.021877873	91.750869	0.0	0.0
21.960450	8.880675755	91.748283	0.0	0.0
21.972660	8.749440095	91.750694	0.0	0.0
21.984860	8.626398310	91.745529	0.0	0.0
21.997070	8.444885209	91.743484	0.0	0.0
22.009280	8.262922379	91.742407	0.0	0.0
22.021480	8.191668146	91.741332	0.0	0.0
22.033690	8.023569036	91.740258	0.0	0.0
22.045900	7.865460122	91.739185	0.0	0.0
22.058110	7.722358276	91.738113	0.0	0.0
22.070310	7.590331816	91.737043	0.0	0.0
22.082520	7.479273583	91.735973	0.0	0.0
22.094730	7.348173668	91.734904	0.0	0.0
22.106930	7.196232574	91.733837	0.0	0.0
22.119140	7.057379918	91.732771	0.0	0.0
22.131350	6.913240290	91.731705	0.0	0.0
22.143560	6.789841767	91.730641	0.0	0.0
22.155760	6.658882802	91.729579	0.0	0.0
22.167970	6.511060281	91.728517	0.0	0.0
22.180180	6.427595198	91.727456	0.0	0.0
22.192380	6.292860855	91.726397	0.0	0.0
22.204590	6.175299241	91.725338	0.0	0.0
22.216800	6.073615124	91.724280	0.0	0.0
22.229000	5.951599556	91.723225	0.0	0.0
22.241210	5.817577356	91.722169	0.0	0.0
22.253420	5.725316833	91.721115	0.0	0.0
22.265630	5.591112552	91.720062	0.0	0.0
22.277830	5.462968092	91.719010	0.0	0.0
22.290040	5.367735684	91.717959	0.0	0.0
22.302250	5.251567345	91.716909	0.0	0.0
22.314450	5.155098175	91.715861	0.0	0.0
22.326660	5.052665099	91.714814	0.0	0.0
22.338870	4.965013732	91.713767	0.0	0.0
22.351070	4.831184029	91.712722	0.0	0.0
22.363280	4.730028233	91.711678	0.0	0.0
22.375490	4.650501763	91.710634	0.0	0.0
22.387700	4.549573995	91.709592	0.0	0.0
22.399900	4.436575021	91.708551	0.0	0.0
22.412110	4.359332582	91.707511	0.0	0.0
22.424320	4.264416034	91.706472	0.0	0.0
22.436520	4.172129464	91.705435	0.0	0.0
22.448730	4.067036464	91.704398	0.0	0.0
22.460940	3.988261843	91.703362	0.0	0.0
22.473150	3.899785376	91.702327	0.0	0.0
22.485350	3.822715010	91.701294	0.0	0.0
22.497560	3.745171385	91.700261	0.0	0.0
22.509770	3.641361462	91.699230	0.0	0.0
22.521970	3.549115687	91.698200	0.0	0.0
22.534180	3.472973613	91.697170	0.0	0.0
22.546390	3.407515001	91.696142	0.0	0.0
22.558590	3.316982491	91.695115	0.0	0.0
22.570800	3.242908458	91.694089	0.0	0.0
22.583010	3.164099286	91.693063	0.0	0.0
22.595220	3.085523342	91.692039	0.0	0.0
22.607420	3.006908560	91.691017	0.0	0.0
22.619630	2.940236626	91.689994	0.0	0.0
22.631840	2.868019597	91.688973	0.0	0.0
22.644040	2.804449968	91.687954	0.0	0.0
22.656250	2.737513356	91.686935	0.0	0.0
22.668460	2.685599701	91.685917	0.0	0.0
22.680660	2.599653310	91.684901	0.0	0.0
22.692870	2.534928505	91.683885	0.0	0.0
22.705080	2.470681899	91.682870	0.0	0.0
22.717290	2.421189262	91.681856	0.0	0.0
22.729490	2.341509628	91.680844	0.0	0.0
22.741700	2.278867868	91.679832	0.0	0.0
22.753910	2.218384114	91.678821	0.0	0.0
22.766110	2.164223497	91.677812	0.0	0.0
22.778320	2.121413816	91.676803	0.0	0.0
22.790530	2.061064918	91.675796	0.0	0.0
22.802730	2.002569630	91.674790	0.0	0.0
22.814940	1.958702763	91.673784	0.0	0.0
22.827150	1.902424443	91.672779	0.0	0.0
22.839360	1.842473147	91.671776	0.0	0.0
22.851560	1.797753453	91.670774	0.0	0.0
22.863770	1.744669017	91.669772	0.0	0.0
22.875980	1.694630295	91.668771	0.0	0.0
22.888180	1.652728603	91.667773	0.0	0.0
22.900390	1.601698272	91.666774	0.0	0.0
22.912600	1.558287636	91.665776	0.0	0.0
22.924810	1.520891005	91.664780	0.0	0.0
22.937010	1.475511444	91.663785	0.0	0.0
22.949220	1.430447052	91.662790	0.0	0.0
22.961430	1.384738026	91.661797	0.0	0.0
22.973630	1.353648350	91.660805	0.0	0.0
22.985840	1.307543227	91.659813	0.0	0.0
22.998050	1.274981241	91.658823	0.0	0.0
23.010250	1.230353904	91.657834	0.0	0.0
23.022460	1.194620280	91.656845	0.0	0.0
23.034670	1.159199408	91.655858	0.0	0.0
23.046880	1.128892000	91.654871	0.0	0.0
23.059080	1.094501035	91.653886	0.0	0.0
23.071290	1.059963822	91.652901	0.0	0.0
23.083500	1.030198527	91.651918	0.0	0.0
23.095700	1.001655584	91.650936	0.0	0.0
23.107910	0.967393864	91.649954	0.0	0.0
23.120120	0.937358585	91.648973	0.0	0.0
23.132320	0.909011627	91.647994	0.0	0.0
23.144530	0.876625627	91.647015	0.0	0.0
23.156740	0.844967068	91.646038	0.0	0.0
23.168950	0.818420828	91.645061	0.0	0.0
23.181150	0.794891580	91.644086	0.0	0.0
23.193360	0.768913580	91.643111	0.0	0.0
23.205570	0.745162846	91.642137	0.0	0.0
23.217770	0.722385069	91.641165	0.0	0.0
23.229980	0.697503962	91.640193	0.0	0.0
23.242190	0.670819135	91.639221	0.0	0.0
23.254400	0.652834953	91.638251	0.0	0.0
23.266600	0.628791557	91.637283	0.0	0.0
23.278810	0.607969142	91.636315	0.0	0.0
23.291020	0.586677994	91.635348	0.0	0.0
23.303220	0.564135855	91.634382	0.0	0.0
23.315430	0.546311966	91.633417	0.0	0.0
23.327640	0.527734627	91.632453	0.0	0.0
23.339840	0.510858548	91.631490	0.0	0.0
23.352050	0.492149183	91.630527	0.0	0.0
23.364260	0.475520531	91.629566	0.0	0.0
23.376470	0.457827834	91.628605	0.0	0.0
23.388670	0.438448236	91.627647	0.0	0.0
23.400880	0.423914222	91.626688	0.0	0.0
23.413090	0.408570528	91.625730	0.0	0.0
23.425290	0.394862850	91.624774	0.0	0.0
23.437500	0.380025318	91.623818	0.0	0.0
23.449710	0.364339897	91.622863	0.0	0.0
23.461910	0.353350033	91.621910	0.0	0.0
23.474120	0.338926556	91.620957	0.0	0.0
23.486330	0.326903019	91.620005	0.0	0.0
23.498540	0.314471402	91.619054	0.0	0.0
23.510740	0.301711664	91.618104	0.0	0.0
23.522950	0.291173282	91.617155	0.0	0.0
23.535160	0.280517834	91.616207	0.0	0.0
23.547360	0.269423190	91.615260	0.0	0.0
23.559570	0.258813036	91.614314	0.0	0.0
23.571780	0.249642837	91.613368	0.0	0.0
23.583980	0.239575731	91.612424	0.0	0.0
23.596190	0.229711983	91.611480	0.0	0.0
23.608400	0.220876637	91.610538	0.0	0.0
23.620610	0.212474998	91.609596	0.0	0.0
23.632810	0.205313542	91.608655	0.0	0.0
23.645020	0.195678213	91.607715	0.0	0.0
23.657230	0.188378636	91.606776	0.0	0.0
23.669430	0.180254508	91.605839	0.0	0.0
23.681640	0.173481660	91.604901	0.0	0.0
23.693850	0.166086746	91.603965	0.0	0.0
23.706060	0.159763716	91.603029	0.0	0.0
23.718260	0.153632290	91.602095	0.0	0.0
23.730470	0.146718571	91.601162	0.0	0.0
23.742680	0.141180260	91.600229	0.0	0.0
23.754880	0.134966510	91.599298	0.0	0.0
23.767090	0.129374206	91.598367	0.0	0.0
23.779300	0.124458024	91.597437	0.0	0.0
23.791500	0.119410100	91.596508	0.0	0.0
23.803710	0.114410669	91.595580	0.0	0.0
23.815920	0.110157239	91.594652	0.0	0.0
23.828130	0.104890765	91.593726	0.0	0.0
23.840330	0.100775951	91.592801	0.0	0.0
23.852540	0.096258328	91.591876	0.0	0.0
23.864750	0.092516313	91.590952	0.0	0.0
23.876950	0.088304836	91.590030	0.0	0.0
23.889160	0.084281642	91.589108	0.0	0.0
23.901370	0.081168614	91.588187	0.0	0.0
23.913570	0.077885721	91.587267	0.0	0.0
23.925780	0.074390727	91.586348	0.0	0.0
23.937990	0.071211051	91.585429	0.0	0.0
23.950200	0.068194618	91.584512	0.0	0.0
23.962400	0.065203450	91.583596	0.0	0.0
23.974610	0.062283477	91.582680	0.0	0.0
23.986820	0.059836194	91.581765	0.0	0.0
23.999020	0.057197400	91.580851	0.0	0.0
24.011230	0.054525569	91.579938	0.0	0.0
24.023440	0.052186657	91.579026	0.0	0.0
24.035650	0.049824982	91.578114	0.0	0.0
24.047850	0.047613985	91.577204	0.0	0.0
24.060060	0.045580119	91.576294	0.0	0.0
24.072270	0.043408405	91.575386	0.0	0.0
24.084470	0.041593254	91.574478	0.0	0.0
24.096680	0.039653590	91.573571	0.0	0.0
24.108890	0.037814815	91.572665	0.0	0.0
24.121090	0.036415576	91.571760	0.0	0.0
24.133300	0.034597286	91.570855	0.0	0.0
24.145510	0.032968914	91.569952	0.0	0.0
24.157720	0.031457789	91.569049	0.0	0.0
24.169920	0.029991692	91.568147	0.0	0.0
24.182130	0.028685755	91.567246	0.0	0.0
24.194340	0.027199443	91.566346	0.0	0.0
24.206540	0.026004113	91.565447	0.0	0.0
24.218750	0.024798877	91.564548	0.0	0.0
24.230960	0.023581524	91.563651	0.0	0.0
24.243160	0.022396078	91.562754	0.0	0.0
24.255370	0.021324661	91.561858	0.0	0.0
24.267580	0.020306063	91.560963	0.0	0.0
24.279790	0.019347402	91.560069	0.0	0.0
24.291990	0.018429430	91.559176	0.0	0.0
24.304200	0.017508711	91.558283	0.0	0.0
24.316410	0.016718096	91.557391	0.0	0.0
24.328610	0.015845027	91.556501	0.0	0.0
24.340820	0.015066956	91.555611	0.0	0.0
24.353030	0.014328467	91.554722	0.0	0.0
24.365230	0.013677301	91.553834	0.0	0.0
24.377440	0.012997756	91.552946	0.0	0.0
24.389650	0.012372898	91.552059	0.0	0.0
24.401860	0.011800849	91.551173	0.0	0.0
24.414060	0.011225750	91.550289	0.0	0.0
24.426270	0.010740770	91.549405	0.0	0.0
24.438480	0.010244125	91.548521	0.0	0.0
24.450680	0.009766237	91.547639	0.0	0.0
24.462890	0.009383161	91.546757	0.0	0.0
24.475100	0.008990798	91.545876	0.0	0.0
24.487310	0.008663752	91.544996	0.0	0.0
24.499510	0.008347007	91.544117	0.0	0.0
24.511720	0.008069622	91.543239	0.0	0.0
24.523930	0.007871481	91.542361	0.0	0.0
24.536130	0.007626824	91.541485	0.0	0.0
24.548340	0.007356907	91.540609	0.0	0.0
24.560550	0.007188011	91.539733	0.0	0.0
24.572750	0.007089647	91.538860	0.0	0.0
24.584960	0.006957518	91.537986	0.0	0.0
24.597170	0.006866010	91.537113	0.0	0.0
24.609380	0.006782877	91.536241	0.0	0.0
24.621580	0.006712622	91.535371	0.0	0.0
24.633790	0.006688581	91.534500	0.0	0.0
24.646000	0.006643772	91.533631	0.0	0.0
24.658200	0.006611586	91.532762	0.0	0.0
24.670410	0.006586461	91.531895	0.0	0.0
24.682620	0.006568611	91.531027	0.0	0.0
24.694820	0.006586158	91.530162	0.0	0.0
24.707030	0.006605829	91.529296	0.0	0.0
24.719240	0.006629570	91.528431	0.0	0.0
24.731450	0.006670100	91.527567	0.0	0.0
24.743650	0.006687657	91.526705	0.0	0.0
24.755860	0.006691543	91.525842	0.0	0.0
24.768070	0.006702386	91.524981	0.0	0.0
24.780270	0.006733399	91.524121	0.0	0.0
24.792480	0.006787279	91.523261	0.0	0.0
24.804690	0.006783551	91.522402	0.0	0.0
24.816900	0.006836044	91.521543	0.0	0.0
24.829100	0.006831708	91.520686	0.0	0.0
24.841310	0.006859955	91.519829	0.0	0.0
24.853520	0.006891459	91.518973	0.0	0.0
24.865720	0.006929187	91.518119	0.0	0.0
24.877930	0.006918589	91.517264	0.0	0.0
24.890140	0.006973786	91.516411	0.0	0.0
24.902340	0.006965759	91.515558	0.0	0.0
24.914550	0.007003536	91.514706	0.0	0.0
24.926760	0.007042723	91.513855	0.0	0.0
24.938970	0.007048420	91.513004	0.0	0.0
24.951170	0.007019096	91.512155	0.0	0.0
24.963380	0.007055904	91.511306	0.0	0.0
24.975590	0.007073133	91.510458	0.0	0.0
24.987790	0.007066269	91.509611	0.0	0.0
25.000000	0.007102034	91.508764	0.0	0.0

