# UNCLASSIFIED
#
# Response info for SIV MHN/MHE IDC broadband site.
#
# Effective: 18 May 2008
# Response Created: 08 Jun 2009
# File name: SIV.MP.958608000    
# Inid: 7146,7147 
# Source:  James Neely (TTD), TSgt Swindle (TTD)
# System equipment: Dase LPHA-12s sensor and Alpillies digitizer
#
# This response file was derived from equations of state.
# Displacement response relative to 1.0 at 0.05 Hz.
#
# The calib values for this configuration are as follows: 
#
# SIV MHN is 0.402400 nm/count at 0.05 Hz.
# SIV MHE is 0.402400 nm/count at 0.05 Hz.
#
# Freq(Hz)     Amp(counts/nm)   Phase(deg)  Error(amp)  Error(phase)
#
 theoretical  0       system    fap   J.Neely
2046
0.002930	0.010135436	188.705926	0.0	0.0
0.003906	0.018188253	180.900472	0.0	0.0
0.004883	0.028388665	174.881087	0.0	0.0
0.005859	0.040462896	169.867497	0.0	0.0
0.006836	0.054251056	165.486471	0.0	0.0
0.007813	0.069512095	161.559555	0.0	0.0
0.008789	0.085995882	157.986305	0.0	0.0
0.009766	0.103663294	154.694410	0.0	0.0
0.010742	0.122185358	151.650607	0.0	0.0
0.011719	0.141590804	148.816241	0.0	0.0
0.012695	0.161819260	146.177355	0.0	0.0
0.013672	0.182550371	143.709647	0.0	0.0
0.014648	0.203494095	141.402857	0.0	0.0
0.015625	0.224977277	139.236469	0.0	0.0
0.016602	0.246584495	137.205928	0.0	0.0
0.017578	0.268029258	135.297099	0.0	0.0
0.018555	0.290560662	133.499361	0.0	0.0
0.019531	0.312968921	131.811421	0.0	0.0
0.020508	0.334675155	130.216343	0.0	0.0
0.021484	0.356876123	128.711091	0.0	0.0
0.022461	0.379132239	127.287288	0.0	0.0
0.023438	0.401824155	125.940089	0.0	0.0
0.024414	0.424150733	124.666189	0.0	0.0
0.025391	0.446594725	123.455883	0.0	0.0
0.026367	0.468998864	122.307785	0.0	0.0
0.027344	0.491983649	121.215770	0.0	0.0
0.028320	0.514032030	120.179698	0.0	0.0
0.029297	0.535315282	119.188404	0.0	0.0
0.030273	0.558254291	118.243640	0.0	0.0
0.031250	0.580629005	117.342976	0.0	0.0
0.032227	0.602258154	116.480145	0.0	0.0
0.033203	0.625200196	115.655166	0.0	0.0
0.034180	0.648301900	114.865596	0.0	0.0
0.035156	0.670883078	114.110168	0.0	0.0
0.036133	0.692954519	113.384788	0.0	0.0
0.037109	0.713744570	112.688752	0.0	0.0
0.038086	0.733785047	112.015774	0.0	0.0
0.039063	0.756063791	111.367879	0.0	0.0
0.040039	0.778169324	110.745353	0.0	0.0
0.041016	0.800096043	110.145330	0.0	0.0
0.041992	0.821167589	109.566073	0.0	0.0
0.042969	0.843445324	109.004863	0.0	0.0
0.043945	0.867367509	108.464454	0.0	0.0
0.044922	0.890013086	107.943398	0.0	0.0
0.045898	0.910986419	107.438833	0.0	0.0
0.046875	0.932489082	106.948287	0.0	0.0
0.047852	0.953875784	106.473565	0.0	0.0
0.048828	0.974878612	106.012329	0.0	0.0
0.049805	0.996746160	105.564483	0.0	0.0
0.050781	1.019002044	105.130154	0.0	0.0
0.051758	1.041091768	104.708237	0.0	0.0
0.052734	1.062495882	104.298218	0.0	0.0
0.053711	1.082916314	103.898904	0.0	0.0
0.054688	1.103254325	103.508391	0.0	0.0
0.055664	1.126003958	103.128188	0.0	0.0
0.056641	1.148522610	102.759115	0.0	0.0
0.057617	1.169803857	102.399668	0.0	0.0
0.058594	1.190872402	102.048666	0.0	0.0
0.059570	1.210007303	101.706260	0.0	0.0
0.060547	1.228803789	101.369379	0.0	0.0
0.061523	1.249460506	101.040140	0.0	0.0
0.062500	1.270192763	100.718166	0.0	0.0
0.063477	1.291346627	100.402655	0.0	0.0
0.064453	1.312571832	100.094073	0.0	0.0
0.065430	1.335663043	99.791965	0.0	0.0
0.066406	1.358540695	99.497691	0.0	0.0
0.067383	1.379488105	99.209785	0.0	0.0
0.068359	1.400442107	98.925778	0.0	0.0
0.069336	1.421647666	98.648700	0.0	0.0
0.070313	1.442780232	98.374821	0.0	0.0
0.071289	1.464050075	98.108079	0.0	0.0
0.072266	1.484706555	97.844798	0.0	0.0
0.073242	1.504614063	97.587322	0.0	0.0
0.074219	1.523202523	97.332135	0.0	0.0
0.075195	1.544945111	97.081061	0.0	0.0
0.076172	1.567853850	96.834289	0.0	0.0
0.077148	1.591740238	96.593085	0.0	0.0
0.078125	1.613841159	96.357013	0.0	0.0
0.079102	1.632921258	96.124022	0.0	0.0
0.080078	1.653456606	95.892531	0.0	0.0
0.081055	1.676330737	95.666018	0.0	0.0
0.082031	1.696440208	95.443969	0.0	0.0
0.083008	1.715077870	95.223600	0.0	0.0
0.083984	1.734114556	95.005921	0.0	0.0
0.084961	1.754644330	94.790018	0.0	0.0
0.085938	1.777522604	94.577433	0.0	0.0
0.086914	1.800761206	94.369849	0.0	0.0
0.087891	1.820966041	94.165327	0.0	0.0
0.088867	1.841222889	93.961417	0.0	0.0
0.089844	1.862122099	93.761567	0.0	0.0
0.090820	1.881009325	93.562558	0.0	0.0
0.091797	1.904661962	93.365828	0.0	0.0
0.092773	1.926128097	93.173696	0.0	0.0
0.093750	1.947876658	92.981816	0.0	0.0
0.094727	1.971255557	92.793964	0.0	0.0
0.095703	1.991874719	92.608467	0.0	0.0
0.096680	2.012081442	92.425042	0.0	0.0
0.097656	2.029808908	92.243416	0.0	0.0
0.098633	2.046389249	92.061223	0.0	0.0
0.099609	2.069041050	91.880940	0.0	0.0
0.100586	2.090385088	91.704042	0.0	0.0
0.101563	2.112549889	91.528484	0.0	0.0
0.102539	2.132698050	91.355873	0.0	0.0
0.103516	2.155063975	91.183233	0.0	0.0
0.104492	2.175711014	91.014405	0.0	0.0
0.105469	2.196039636	90.845500	0.0	0.0
0.106445	2.215798595	90.679184	0.0	0.0
0.107422	2.237123589	90.512436	0.0	0.0
0.108398	2.260666506	90.348993	0.0	0.0
0.109375	2.280262004	90.187623	0.0	0.0
0.110352	2.298729790	90.026195	0.0	0.0
0.111328	2.321402538	89.865514	0.0	0.0
0.112305	2.343574803	89.708235	0.0	0.0
0.113281	2.361071858	89.552272	0.0	0.0
0.114258	2.377397662	89.394390	0.0	0.0
0.115234	2.403666647	89.238509	0.0	0.0
0.116211	2.427334350	89.086435	0.0	0.0
0.117188	2.444718474	88.935480	0.0	0.0
0.118164	2.464312603	88.782989	0.0	0.0
0.119141	2.488307983	88.633010	0.0	0.0
0.120117	2.508852894	88.485635	0.0	0.0
0.121094	2.525995806	88.337767	0.0	0.0
0.122070	2.545932665	88.190637	0.0	0.0
0.123047	2.566693074	88.044359	0.0	0.0
0.124023	2.587266140	87.900035	0.0	0.0
0.125000	2.606136634	87.755561	0.0	0.0
0.125977	2.627623373	87.612776	0.0	0.0
0.126953	2.645123211	87.469745	0.0	0.0
0.127930	2.670869167	87.327599	0.0	0.0
0.128906	2.692906431	87.188831	0.0	0.0
0.129883	2.712184858	87.049693	0.0	0.0
0.130859	2.731437473	86.911278	0.0	0.0
0.131836	2.752846991	86.773002	0.0	0.0
0.132813	2.772053602	86.637003	0.0	0.0
0.133789	2.790666854	86.499849	0.0	0.0
0.134766	2.812755133	86.364437	0.0	0.0
0.135742	2.832975700	86.229525	0.0	0.0
0.136719	2.855095261	86.095786	0.0	0.0
0.137695	2.873059943	85.963026	0.0	0.0
0.138672	2.891570947	85.829984	0.0	0.0
0.139648	2.911482969	85.696668	0.0	0.0
0.140625	2.938464491	85.564697	0.0	0.0
0.141602	2.961909261	85.435648	0.0	0.0
0.142578	2.979901129	85.307417	0.0	0.0
0.143555	2.996408074	85.177132	0.0	0.0
0.144531	3.019684534	85.047569	0.0	0.0
0.145508	3.043543773	84.919683	0.0	0.0
0.146484	3.066385917	84.794053	0.0	0.0
0.147461	3.084081538	84.668295	0.0	0.0
0.148438	3.099372092	84.542147	0.0	0.0
0.149414	3.117695768	84.415199	0.0	0.0
0.150391	3.137228652	84.288807	0.0	0.0
0.151367	3.163180747	84.163179	0.0	0.0
0.152344	3.187309940	84.040597	0.0	0.0
0.153320	3.206928916	83.918027	0.0	0.0
0.154297	3.223598179	83.796373	0.0	0.0
0.155273	3.238816313	83.672318	0.0	0.0
0.156250	3.264423545	83.549545	0.0	0.0
0.157227	3.282990316	83.429535	0.0	0.0
0.158203	3.296118825	83.307542	0.0	0.0
0.159180	3.316703656	83.184726	0.0	0.0
0.160156	3.342725636	83.064030	0.0	0.0
0.161133	3.363860993	82.945035	0.0	0.0
0.162109	3.384935311	82.825898	0.0	0.0
0.163086	3.402556722	82.707433	0.0	0.0
0.164063	3.420727399	82.587945	0.0	0.0
0.165039	3.441563182	82.469034	0.0	0.0
0.166016	3.465464373	82.350470	0.0	0.0
0.166992	3.486049119	82.233903	0.0	0.0
0.167969	3.506296125	82.115408	0.0	0.0
0.168945	3.535039780	81.999052	0.0	0.0
0.169922	3.557930925	81.884504	0.0	0.0
0.170898	3.577383341	81.770203	0.0	0.0
0.171875	3.591708217	81.655603	0.0	0.0
0.172852	3.605329888	81.539091	0.0	0.0
0.173828	3.631293088	81.422701	0.0	0.0
0.174805	3.654901665	81.309507	0.0	0.0
0.175781	3.672197050	81.196047	0.0	0.0
0.176758	3.693475386	81.082248	0.0	0.0
0.177734	3.709727079	80.969838	0.0	0.0
0.178711	3.723029490	80.854677	0.0	0.0
0.179688	3.749289884	80.739849	0.0	0.0
0.180664	3.775973932	80.627968	0.0	0.0
0.181641	3.796691190	80.516775	0.0	0.0
0.182617	3.814302947	80.405535	0.0	0.0
0.183594	3.835103295	80.292587	0.0	0.0
0.184570	3.859170460	80.182460	0.0	0.0
0.185547	3.876474030	80.072361	0.0	0.0
0.186523	3.890463744	79.961397	0.0	0.0
0.187500	3.913586604	79.849581	0.0	0.0
0.188477	3.935402127	79.740294	0.0	0.0
0.189453	3.950091199	79.630831	0.0	0.0
0.190430	3.968747576	79.519883	0.0	0.0
0.191406	3.988784482	79.410258	0.0	0.0
0.192383	4.008157503	79.299772	0.0	0.0
0.193359	4.032696711	79.190752	0.0	0.0
0.194336	4.052661230	79.083320	0.0	0.0
0.195313	4.066939897	78.974519	0.0	0.0
0.196289	4.083043023	78.864876	0.0	0.0
0.197266	4.105015925	78.755297	0.0	0.0
0.198242	4.130985837	78.646901	0.0	0.0
0.199219	4.152812592	78.539261	0.0	0.0
0.200195	4.177524917	78.431119	0.0	0.0
0.201172	4.201841043	78.325399	0.0	0.0
0.202148	4.221288591	78.219621	0.0	0.0
0.203125	4.237935430	78.113048	0.0	0.0
0.204102	4.254971564	78.006227	0.0	0.0
0.205078	4.276188033	77.899698	0.0	0.0
0.206055	4.293150628	77.793849	0.0	0.0
0.207031	4.313090684	77.686583	0.0	0.0
0.208008	4.333652661	77.581275	0.0	0.0
0.208984	4.354549560	77.474803	0.0	0.0
0.209961	4.378632563	77.369865	0.0	0.0
0.210938	4.395302616	77.265964	0.0	0.0
0.211914	4.407195345	77.160460	0.0	0.0
0.212891	4.427352169	77.053478	0.0	0.0
0.213867	4.452000906	76.948573	0.0	0.0
0.214844	4.471770008	76.844303	0.0	0.0
0.215820	4.492322848	76.739307	0.0	0.0
0.216797	4.511710866	76.635858	0.0	0.0
0.217773	4.529282520	76.530158	0.0	0.0
0.218750	4.558121427	76.425990	0.0	0.0
0.219727	4.577925349	76.324211	0.0	0.0
0.220703	4.590247170	76.220807	0.0	0.0
0.221680	4.608585786	76.115642	0.0	0.0
0.222656	4.632668656	76.012261	0.0	0.0
0.223633	4.649168721	75.908561	0.0	0.0
0.224609	4.671914714	75.804674	0.0	0.0
0.225586	4.698778110	75.701642	0.0	0.0
0.226563	4.720471830	75.600457	0.0	0.0
0.227539	4.736560154	75.498887	0.0	0.0
0.228516	4.751060968	75.395905	0.0	0.0
0.229492	4.772634764	75.292769	0.0	0.0
0.230469	4.790006573	75.191513	0.0	0.0
0.231445	4.803415297	75.088211	0.0	0.0
0.232422	4.829134575	74.985597	0.0	0.0
0.233398	4.845692350	74.884430	0.0	0.0
0.234375	4.860092393	74.781502	0.0	0.0
0.235352	4.882530168	74.678577	0.0	0.0
0.236328	4.907936511	74.576686	0.0	0.0
0.237305	4.933367708	74.475684	0.0	0.0
0.238281	4.949106162	74.375795	0.0	0.0
0.239258	4.960924521	74.272867	0.0	0.0
0.240234	4.990735355	74.170177	0.0	0.0
0.241211	5.015301114	74.070267	0.0	0.0
0.242188	5.037964579	73.969503	0.0	0.0
0.243164	5.059291648	73.870067	0.0	0.0
0.244141	5.070707939	73.770077	0.0	0.0
0.245117	5.086112213	73.668441	0.0	0.0
0.246094	5.106410249	73.566692	0.0	0.0
0.247070	5.135713141	73.465274	0.0	0.0
0.248047	5.159813211	73.366709	0.0	0.0
0.249023	5.176174533	73.267323	0.0	0.0
0.250000	5.195434852	73.167549	0.0	0.0
0.250977	5.209054462	73.068113	0.0	0.0
0.251953	5.228083003	72.966825	0.0	0.0
0.252930	5.251751069	72.866924	0.0	0.0
0.253906	5.270894175	72.767673	0.0	0.0
0.254883	5.292154459	72.668197	0.0	0.0
0.255859	5.305805182	72.569386	0.0	0.0
0.256836	5.323619560	72.468131	0.0	0.0
0.257813	5.349911773	72.369245	0.0	0.0
0.258789	5.362759938	72.271209	0.0	0.0
0.259766	5.379622193	72.170686	0.0	0.0
0.260742	5.397394780	72.071714	0.0	0.0
0.261719	5.412317571	71.970894	0.0	0.0
0.262695	5.438693354	71.870137	0.0	0.0
0.263672	5.470404771	71.771620	0.0	0.0
0.264648	5.490562070	71.674449	0.0	0.0
0.265625	5.508261292	71.576477	0.0	0.0
0.266602	5.523205557	71.478229	0.0	0.0
0.267578	5.533823113	71.379222	0.0	0.0
0.268555	5.550449590	71.278380	0.0	0.0
0.269531	5.581648423	71.178907	0.0	0.0
0.270508	5.609191947	71.082003	0.0	0.0
0.271484	5.624544858	70.985244	0.0	0.0
0.272461	5.633756879	70.886496	0.0	0.0
0.273438	5.650645744	70.786284	0.0	0.0
0.274414	5.678465575	70.687231	0.0	0.0
0.275391	5.705784548	70.589937	0.0	0.0
0.276367	5.720350791	70.493272	0.0	0.0
0.277344	5.733444839	70.394386	0.0	0.0
0.278320	5.756512984	70.295742	0.0	0.0
0.279297	5.779014946	70.198080	0.0	0.0
0.280273	5.799135127	70.100328	0.0	0.0
0.281250	5.821443923	70.002821	0.0	0.0
0.282227	5.835405712	69.905791	0.0	0.0
0.283203	5.856176951	69.807537	0.0	0.0
0.284180	5.868288662	69.710180	0.0	0.0
0.285156	5.887540150	69.610886	0.0	0.0
0.286133	5.919410340	69.513399	0.0	0.0
0.287109	5.937817266	69.417602	0.0	0.0
0.288086	5.949968226	69.320646	0.0	0.0
0.289063	5.961501776	69.222767	0.0	0.0
0.290039	5.976093530	69.123129	0.0	0.0
0.291016	6.011035456	69.024947	0.0	0.0
0.291992	6.034704270	68.929834	0.0	0.0
0.292969	6.044643715	68.833063	0.0	0.0
0.293945	6.062661974	68.734352	0.0	0.0
0.294922	6.089427479	68.637740	0.0	0.0
0.295898	6.100532757	68.541818	0.0	0.0
0.296875	6.112546501	68.442805	0.0	0.0
0.297852	6.142469361	68.344779	0.0	0.0
0.298828	6.170306784	68.248442	0.0	0.0
0.299805	6.188044483	68.152653	0.0	0.0
0.300781	6.203332871	68.055651	0.0	0.0
0.301758	6.222910614	67.959195	0.0	0.0
0.302734	6.235845898	67.862669	0.0	0.0
0.303711	6.256196413	67.764465	0.0	0.0
0.304688	6.281399408	67.668478	0.0	0.0
0.305664	6.294796917	67.572418	0.0	0.0
0.306641	6.310264827	67.475923	0.0	0.0
0.307617	6.324062936	67.378657	0.0	0.0
0.308594	6.340464517	67.281545	0.0	0.0
0.309570	6.354778686	67.183559	0.0	0.0
0.310547	6.378169056	67.085746	0.0	0.0
0.311523	6.401727702	66.987915	0.0	0.0
0.312500	6.438920868	66.891159	0.0	0.0
0.313477	6.462686207	66.796869	0.0	0.0
0.314453	6.475975761	66.701143	0.0	0.0
0.315430	6.498003280	66.604744	0.0	0.0
0.316406	6.518405787	66.509473	0.0	0.0
0.317383	6.531257253	66.413723	0.0	0.0
0.318359	6.543647766	66.317095	0.0	0.0
0.319336	6.557519740	66.220203	0.0	0.0
0.320313	6.580674993	66.122616	0.0	0.0
0.321289	6.606845240	66.027140	0.0	0.0
0.322266	6.623465490	65.932215	0.0	0.0
0.323242	6.632040830	65.836044	0.0	0.0
0.324219	6.647690345	65.738445	0.0	0.0
0.325195	6.674894834	65.641654	0.0	0.0
0.326172	6.696734552	65.546471	0.0	0.0
0.327148	6.711708429	65.451202	0.0	0.0
0.328125	6.723470588	65.355564	0.0	0.0
0.329102	6.731711864	65.258966	0.0	0.0
0.330078	6.745864569	65.161501	0.0	0.0
0.331055	6.768131397	65.064239	0.0	0.0
0.332031	6.787242914	64.968046	0.0	0.0
0.333008	6.806787557	64.871331	0.0	0.0
0.333984	6.828229811	64.775275	0.0	0.0
0.334961	6.847954240	64.678409	0.0	0.0
0.335938	6.874221537	64.582138	0.0	0.0
0.336914	6.894355373	64.487321	0.0	0.0
0.337891	6.911184505	64.391240	0.0	0.0
0.338867	6.926650506	64.295479	0.0	0.0
0.339844	6.951485611	64.198812	0.0	0.0
0.340820	6.972057611	64.104429	0.0	0.0
0.341797	6.981356650	64.008636	0.0	0.0
0.342773	6.997258681	63.912511	0.0	0.0
0.343750	7.008738108	63.816141	0.0	0.0
0.344727	7.029349432	63.718883	0.0	0.0
0.345703	7.050279261	63.622156	0.0	0.0
0.346680	7.083499103	63.525848	0.0	0.0
0.347656	7.101877528	63.432106	0.0	0.0
0.348633	7.116618643	63.335971	0.0	0.0
0.349609	7.133715819	63.241239	0.0	0.0
0.350586	7.141021029	63.144954	0.0	0.0
0.351563	7.162638864	63.047884	0.0	0.0
0.352539	7.187867028	62.952505	0.0	0.0
0.353516	7.198514747	62.858094	0.0	0.0
0.354492	7.204250316	62.761429	0.0	0.0
0.355469	7.222991848	62.664036	0.0	0.0
0.356445	7.244949881	62.567620	0.0	0.0
0.357422	7.267336885	62.471428	0.0	0.0
0.358398	7.287331366	62.375285	0.0	0.0
0.359375	7.312682626	62.279348	0.0	0.0
0.360352	7.330880550	62.183773	0.0	0.0
0.361328	7.353739242	62.087779	0.0	0.0
0.362305	7.374806595	61.992768	0.0	0.0
0.363281	7.393370165	61.897615	0.0	0.0
0.364258	7.403299812	61.802582	0.0	0.0
0.365234	7.413945807	61.704762	0.0	0.0
0.366211	7.447342350	61.608496	0.0	0.0
0.367188	7.464407402	61.514586	0.0	0.0
0.368164	7.473652786	61.417433	0.0	0.0
0.369141	7.509929703	61.321083	0.0	0.0
0.370117	7.529994876	61.227381	0.0	0.0
0.371094	7.546386557	61.131926	0.0	0.0
0.372070	7.556683530	61.037608	0.0	0.0
0.373047	7.561956242	60.940821	0.0	0.0
0.374023	7.586410615	60.844134	0.0	0.0
0.375000	7.607589746	60.749024	0.0	0.0
0.375977	7.620107167	60.653727	0.0	0.0
0.376953	7.632957585	60.557725	0.0	0.0
0.377930	7.643136870	60.461084	0.0	0.0
0.378906	7.664321161	60.364309	0.0	0.0
0.379883	7.686799272	60.267766	0.0	0.0
0.380859	7.713234976	60.172029	0.0	0.0
0.381836	7.735576155	60.077005	0.0	0.0
0.382813	7.747108943	59.980974	0.0	0.0
0.383789	7.776940172	59.885015	0.0	0.0
0.384766	7.791798847	59.790648	0.0	0.0
0.385742	7.800990298	59.694258	0.0	0.0
0.386719	7.830046455	59.597179	0.0	0.0
0.387695	7.853248205	59.503027	0.0	0.0
0.388672	7.870241466	59.407072	0.0	0.0
0.389648	7.888717028	59.312713	0.0	0.0
0.390625	7.904160046	59.217191	0.0	0.0
0.391602	7.913532282	59.121896	0.0	0.0
0.392578	7.922367832	59.024794	0.0	0.0
0.393555	7.948015547	58.927907	0.0	0.0
0.394531	7.977119005	58.832498	0.0	0.0
0.395508	7.998640414	58.738145	0.0	0.0
0.396484	8.009303600	58.643234	0.0	0.0
0.397461	8.025728132	58.547092	0.0	0.0
0.398438	8.042024202	58.452260	0.0	0.0
0.399414	8.048248990	58.356784	0.0	0.0
0.400391	8.064882947	58.259846	0.0	0.0
0.401367	8.077693561	58.164290	0.0	0.0
0.402344	8.095403443	58.067266	0.0	0.0
0.403320	8.115340814	57.971303	0.0	0.0
0.404297	8.143387335	57.875974	0.0	0.0
0.405273	8.155162373	57.781702	0.0	0.0
0.406250	8.157234461	57.685826	0.0	0.0
0.407227	8.169327883	57.588307	0.0	0.0
0.408203	8.188545749	57.491594	0.0	0.0
0.409180	8.210537408	57.394422	0.0	0.0
0.410156	8.243735042	57.298749	0.0	0.0
0.411133	8.261883063	57.204370	0.0	0.0
0.412109	8.275244152	57.108496	0.0	0.0
0.413086	8.296579284	57.013124	0.0	0.0
0.414063	8.303627705	56.918269	0.0	0.0
0.415039	8.307588669	56.821248	0.0	0.0
0.416016	8.327957543	56.723868	0.0	0.0
0.416992	8.350154284	56.627600	0.0	0.0
0.417969	8.373759124	56.531501	0.0	0.0
0.418945	8.391290059	56.435427	0.0	0.0
0.419922	8.423339314	56.339271	0.0	0.0
0.420898	8.439405794	56.245257	0.0	0.0
0.421875	8.446966759	56.148866	0.0	0.0
0.422852	8.473365218	56.052147	0.0	0.0
0.423828	8.493045897	55.958041	0.0	0.0
0.424805	8.496061914	55.863080	0.0	0.0
0.425781	8.499135439	55.766096	0.0	0.0
0.426758	8.519982454	55.668215	0.0	0.0
0.427734	8.542442198	55.572116	0.0	0.0
0.428711	8.570949333	55.475614	0.0	0.0
0.429688	8.588701507	55.381123	0.0	0.0
0.430664	8.597579828	55.284979	0.0	0.0
0.431641	8.625953017	55.188385	0.0	0.0
0.432617	8.646777486	55.094089	0.0	0.0
0.433594	8.656982356	54.999010	0.0	0.0
0.434570	8.656280081	54.903322	0.0	0.0
0.435547	8.660310993	54.804718	0.0	0.0
0.436523	8.695257087	54.707820	0.0	0.0
0.437500	8.712654565	54.612285	0.0	0.0
0.438477	8.733433076	54.515603	0.0	0.0
0.439453	8.755678522	54.420427	0.0	0.0
0.440430	8.759774000	54.324676	0.0	0.0
0.441406	8.777091019	54.227547	0.0	0.0
0.442383	8.802617846	54.131517	0.0	0.0
0.443359	8.824471664	54.035257	0.0	0.0
0.444336	8.845713793	53.940191	0.0	0.0
0.445313	8.857030139	53.844726	0.0	0.0
0.446289	8.868596382	53.748976	0.0	0.0
0.447266	8.876575225	53.652686	0.0	0.0
0.448242	8.898501388	53.556060	0.0	0.0
0.449219	8.908389998	53.460945	0.0	0.0
0.450195	8.912268011	53.364191	0.0	0.0
0.451172	8.933159999	53.266796	0.0	0.0
0.452148	8.947180339	53.170657	0.0	0.0
0.453125	8.969435778	53.074185	0.0	0.0
0.454102	8.978964857	52.978775	0.0	0.0
0.455078	8.991850589	52.880960	0.0	0.0
0.456055	9.010281173	52.784778	0.0	0.0
0.457031	9.028723449	52.687324	0.0	0.0
0.458008	9.059349975	52.591600	0.0	0.0
0.458984	9.068407058	52.496387	0.0	0.0
0.459961	9.087871259	52.399514	0.0	0.0
0.460938	9.100244791	52.304831	0.0	0.0
0.461914	9.098965723	52.208585	0.0	0.0
0.462891	9.105523366	52.110194	0.0	0.0
0.463867	9.132687329	52.013029	0.0	0.0
0.464844	9.148234750	51.916462	0.0	0.0
0.465820	9.163663355	51.819186	0.0	0.0
0.466797	9.189469319	51.722008	0.0	0.0
0.467773	9.212900186	51.625954	0.0	0.0
0.468750	9.235820832	51.529698	0.0	0.0
0.469727	9.255987650	51.434140	0.0	0.0
0.470703	9.271229131	51.338572	0.0	0.0
0.471680	9.278023632	51.242920	0.0	0.0
0.472656	9.279684204	51.145314	0.0	0.0
0.473633	9.303318629	51.046869	0.0	0.0
0.474609	9.336094493	50.950102	0.0	0.0
0.475586	9.363030330	50.854650	0.0	0.0
0.476563	9.380528844	50.759659	0.0	0.0
0.477539	9.392964482	50.664245	0.0	0.0
0.478516	9.401349050	50.568186	0.0	0.0
0.479492	9.405404529	50.472062	0.0	0.0
0.480469	9.414231583	50.375079	0.0	0.0
0.481445	9.418121632	50.278814	0.0	0.0
0.482422	9.426315425	50.179926	0.0	0.0
0.483398	9.459572170	50.082421	0.0	0.0
0.484375	9.476847290	49.986619	0.0	0.0
0.485352	9.494198348	49.889307	0.0	0.0
0.486328	9.512554733	49.792632	0.0	0.0
0.487305	9.539370089	49.695762	0.0	0.0
0.488281	9.559830495	49.600830	0.0	0.0
0.489258	9.571442869	49.505027	0.0	0.0
0.490234	9.579820029	49.408798	0.0	0.0
0.491211	9.590821739	49.312278	0.0	0.0
0.492188	9.598992833	49.216048	0.0	0.0
0.493164	9.601776794	49.119127	0.0	0.0
0.494141	9.616523492	49.021038	0.0	0.0
0.495117	9.633838071	48.925154	0.0	0.0
0.496094	9.636185728	48.828024	0.0	0.0
0.497070	9.644977424	48.730159	0.0	0.0
0.498047	9.665074217	48.632269	0.0	0.0
0.499023	9.681568489	48.535064	0.0	0.0
0.500000	9.704962871	48.437980	0.0	0.0
0.500977	9.722448443	48.341702	0.0	0.0
0.501953	9.731258450	48.244483	0.0	0.0
0.502930	9.755412436	48.147181	0.0	0.0
0.503906	9.766227198	48.050944	0.0	0.0
0.504883	9.776316699	47.952508	0.0	0.0
0.505859	9.811879454	47.855481	0.0	0.0
0.506836	9.830081885	47.760003	0.0	0.0
0.507813	9.833507365	47.663755	0.0	0.0
0.508789	9.842806951	47.564908	0.0	0.0
0.509766	9.885056738	47.468141	0.0	0.0
0.510742	9.899110816	47.372973	0.0	0.0
0.511719	9.907459686	47.276348	0.0	0.0
0.512695	9.923488652	47.179673	0.0	0.0
0.513672	9.931800778	47.083131	0.0	0.0
0.514648	9.936132532	46.985626	0.0	0.0
0.515625	9.963422874	46.887778	0.0	0.0
0.516602	9.982726158	46.792377	0.0	0.0
0.517578	9.988835191	46.696202	0.0	0.0
0.518555	9.990602373	46.599128	0.0	0.0
0.519531	10.004053091	46.501529	0.0	0.0
0.520508	10.007527763	46.404827	0.0	0.0
0.521484	10.013572259	46.305800	0.0	0.0
0.522461	10.043539264	46.207805	0.0	0.0
0.523438	10.065289120	46.110484	0.0	0.0
0.524414	10.091809941	46.014041	0.0	0.0
0.525391	10.110521600	45.917884	0.0	0.0
0.526367	10.118417260	45.822378	0.0	0.0
0.527344	10.113431377	45.725538	0.0	0.0
0.528320	10.112251927	45.626191	0.0	0.0
0.529297	10.141353555	45.527633	0.0	0.0
0.530273	10.162992656	45.430530	0.0	0.0
0.531250	10.195317155	45.333148	0.0	0.0
0.532227	10.216744862	45.237590	0.0	0.0
0.533203	10.225686347	45.141594	0.0	0.0
0.534180	10.232995151	45.045239	0.0	0.0
0.535156	10.236111910	44.948070	0.0	0.0
0.536133	10.244933707	44.850703	0.0	0.0
0.537109	10.250472500	44.752569	0.0	0.0
0.538086	10.275927761	44.655114	0.0	0.0
0.539063	10.281441609	44.558925	0.0	0.0
0.540039	10.284968978	44.460102	0.0	0.0
0.541016	10.319225210	44.362033	0.0	0.0
0.541992	10.337651809	44.265970	0.0	0.0
0.542969	10.351877123	44.169372	0.0	0.0
0.543945	10.357393826	44.073323	0.0	0.0
0.544922	10.356650861	43.975510	0.0	0.0
0.545898	10.367270089	43.877554	0.0	0.0
0.546875	10.380411195	43.779410	0.0	0.0
0.547852	10.395426982	43.681289	0.0	0.0
0.548828	10.417899589	43.583434	0.0	0.0
0.549805	10.436291998	43.485872	0.0	0.0
0.550781	10.466000775	43.388989	0.0	0.0
0.551758	10.476898886	43.293332	0.0	0.0
0.552734	10.478348837	43.195639	0.0	0.0
0.553711	10.506208994	43.097540	0.0	0.0
0.554688	10.523508089	43.001622	0.0	0.0
0.555664	10.530295785	42.905185	0.0	0.0
0.556641	10.529522469	42.807706	0.0	0.0
0.557617	10.547497589	42.709389	0.0	0.0
0.558594	10.562116563	42.613016	0.0	0.0
0.559570	10.570125837	42.515153	0.0	0.0
0.560547	10.592144190	42.418213	0.0	0.0
0.561523	10.597409464	42.321756	0.0	0.0
0.562500	10.596708245	42.224257	0.0	0.0
0.563477	10.601453760	42.125038	0.0	0.0
0.564453	10.634089776	42.026919	0.0	0.0
0.565430	10.654256990	41.930881	0.0	0.0
0.566406	10.657352099	41.833806	0.0	0.0
0.567383	10.677689111	41.735889	0.0	0.0
0.568359	10.691470358	41.639774	0.0	0.0
0.569336	10.697900645	41.543078	0.0	0.0
0.570313	10.692296959	41.445919	0.0	0.0
0.571289	10.694368638	41.347219	0.0	0.0
0.572266	10.713381102	41.249401	0.0	0.0
0.573242	10.716652211	41.151752	0.0	0.0
0.574219	10.731305607	41.052897	0.0	0.0
0.575195	10.752959030	40.955269	0.0	0.0
0.576172	10.765372186	40.858098	0.0	0.0
0.577148	10.775541616	40.760024	0.0	0.0
0.578125	10.796091200	40.662440	0.0	0.0
0.579102	10.808521413	40.565129	0.0	0.0
0.580078	10.818762602	40.466602	0.0	0.0
0.581055	10.853852515	40.369311	0.0	0.0
0.582031	10.862723315	40.273323	0.0	0.0
0.583008	10.879812524	40.175282	0.0	0.0
0.583984	10.887516326	40.079170	0.0	0.0
0.584961	10.901366326	39.980929	0.0	0.0
0.585938	10.913829301	39.884484	0.0	0.0
0.586914	10.913479499	39.787203	0.0	0.0
0.587891	10.934099039	39.688596	0.0	0.0
0.588867	10.951324329	39.591980	0.0	0.0
0.589844	10.952581094	39.494773	0.0	0.0
0.590820	10.969202012	39.396344	0.0	0.0
0.591797	10.990763050	39.299551	0.0	0.0
0.592773	10.999929222	39.203273	0.0	0.0
0.593750	11.005202189	39.106068	0.0	0.0
0.594727	11.005508899	39.008643	0.0	0.0
0.595703	11.019123288	38.909844	0.0	0.0
0.596680	11.034414991	38.813461	0.0	0.0
0.597656	11.035878035	38.716440	0.0	0.0
0.598633	11.043575764	38.618000	0.0	0.0
0.599609	11.047657292	38.520714	0.0	0.0
0.600586	11.055369134	38.421042	0.0	0.0
0.601563	11.096991648	38.323284	0.0	0.0
0.602539	11.109095039	38.227468	0.0	0.0
0.603516	11.123585635	38.130144	0.0	0.0
0.604492	11.131355665	38.033998	0.0	0.0
0.605469	11.129186211	37.937007	0.0	0.0
0.606445	11.126370622	37.839327	0.0	0.0
0.607422	11.135141080	37.740286	0.0	0.0
0.608398	11.147253634	37.642057	0.0	0.0
0.609375	11.174853770	37.544077	0.0	0.0
0.610352	11.182299742	37.447880	0.0	0.0
0.611328	11.194772821	37.349267	0.0	0.0
0.612305	11.208894858	37.252852	0.0	0.0
0.613281	11.209771993	37.154495	0.0	0.0
0.614258	11.240361769	37.056246	0.0	0.0
0.615234	11.263000857	36.960598	0.0	0.0
0.616211	11.267567699	36.864051	0.0	0.0
0.617188	11.272408037	36.767406	0.0	0.0
0.618164	11.268333467	36.670451	0.0	0.0
0.619141	11.266495943	36.571417	0.0	0.0
0.620117	11.292390708	36.473547	0.0	0.0
0.621094	11.298234043	36.377508	0.0	0.0
0.622070	11.293386307	36.279749	0.0	0.0
0.623047	11.296849166	36.180938	0.0	0.0
0.624023	11.316690028	36.081979	0.0	0.0
0.625000	11.351175193	35.984631	0.0	0.0
0.625977	11.358965490	35.888513	0.0	0.0
0.626953	11.377054548	35.791170	0.0	0.0
0.627930	11.386063887	35.695207	0.0	0.0
0.628906	11.381856653	35.598616	0.0	0.0
0.629883	11.375395581	35.500420	0.0	0.0
0.630859	11.387997206	35.402441	0.0	0.0
0.631836	11.391923299	35.304559	0.0	0.0
0.632813	11.417987380	35.206239	0.0	0.0
0.633789	11.419572223	35.110025	0.0	0.0
0.634766	11.426412417	35.011577	0.0	0.0
0.635742	11.446732441	34.914152	0.0	0.0
0.636719	11.450973344	34.817368	0.0	0.0
0.637695	11.455002257	34.718683	0.0	0.0
0.638672	11.479330561	34.620942	0.0	0.0
0.639648	11.496288758	34.523797	0.0	0.0
0.640625	11.517727485	34.427001	0.0	0.0
0.641602	11.524603888	34.330800	0.0	0.0
0.642578	11.532161186	34.233540	0.0	0.0
0.643555	11.529817047	34.136599	0.0	0.0
0.644531	11.545026137	34.038104	0.0	0.0
0.645508	11.554700102	33.941475	0.0	0.0
0.646484	11.565907115	33.843459	0.0	0.0
0.647461	11.593930541	33.746181	0.0	0.0
0.648438	11.604997414	33.650689	0.0	0.0
0.649414	11.602376434	33.554278	0.0	0.0
0.650391	11.609476272	33.456541	0.0	0.0
0.651367	11.611062055	33.359250	0.0	0.0
0.652344	11.631289914	33.261938	0.0	0.0
0.653320	11.633305320	33.165770	0.0	0.0
0.654297	11.637172650	33.068917	0.0	0.0
0.655273	11.631775647	32.971046	0.0	0.0
0.656250	11.646372194	32.872390	0.0	0.0
0.657227	11.678677122	32.775551	0.0	0.0
0.658203	11.688575676	32.680461	0.0	0.0
0.659180	11.682513965	32.584269	0.0	0.0
0.660156	11.671494975	32.487069	0.0	0.0
0.661133	11.668260141	32.388338	0.0	0.0
0.662109	11.687544078	32.290198	0.0	0.0
0.663086	11.700661680	32.193111	0.0	0.0
0.664063	11.710796672	32.095411	0.0	0.0
0.665039	11.726958339	31.998484	0.0	0.0
0.666016	11.741843920	31.901894	0.0	0.0
0.666992	11.738271820	31.805308	0.0	0.0
0.667969	11.746326752	31.706816	0.0	0.0
0.668945	11.767286298	31.609778	0.0	0.0
0.669922	11.783903526	31.512537	0.0	0.0
0.670898	11.807121618	31.416974	0.0	0.0
0.671875	11.802460510	31.321340	0.0	0.0
0.672852	11.801606321	31.222902	0.0	0.0
0.673828	11.827366153	31.126029	0.0	0.0
0.674805	11.832361073	31.030023	0.0	0.0
0.675781	11.843746301	30.933772	0.0	0.0
0.676758	11.839552114	30.837880	0.0	0.0
0.677734	11.840212516	30.740859	0.0	0.0
0.678711	11.842499472	30.644340	0.0	0.0
0.679688	11.830267697	30.546749	0.0	0.0
0.680664	11.839567839	30.447716	0.0	0.0
0.681641	11.871305284	30.350255	0.0	0.0
0.682617	11.898998543	30.254374	0.0	0.0
0.683594	11.900628760	30.159544	0.0	0.0
0.684570	11.885619252	30.063215	0.0	0.0
0.685547	11.892161843	29.964897	0.0	0.0
0.686523	11.895764192	29.868484	0.0	0.0
0.687500	11.902233515	29.770114	0.0	0.0
0.688477	11.926014454	29.672585	0.0	0.0
0.689453	11.953496262	29.575501	0.0	0.0
0.690430	11.978771496	29.480466	0.0	0.0
0.691406	11.978708959	29.385658	0.0	0.0
0.692383	11.972775267	29.288832	0.0	0.0
0.693359	11.994519243	29.191832	0.0	0.0
0.694336	12.004604329	29.097007	0.0	0.0
0.695313	12.002508779	29.001177	0.0	0.0
0.696289	12.001321002	28.905015	0.0	0.0
0.697266	11.998451012	28.808291	0.0	0.0
0.698242	12.006736241	28.711462	0.0	0.0
0.699219	12.012865857	28.615428	0.0	0.0
0.700195	12.005463192	28.518967	0.0	0.0
0.701172	12.006638128	28.421165	0.0	0.0
0.702148	12.021498378	28.324292	0.0	0.0
0.703125	12.027147640	28.227076	0.0	0.0
0.704102	12.055008861	28.129664	0.0	0.0
0.705078	12.090363346	28.034990	0.0	0.0
0.706055	12.093142221	27.940522	0.0	0.0
0.707031	12.089330064	27.844796	0.0	0.0
0.708008	12.094779160	27.748981	0.0	0.0
0.708984	12.093575379	27.653267	0.0	0.0
0.709961	12.090740067	27.557539	0.0	0.0
0.710938	12.084785734	27.461274	0.0	0.0
0.711914	12.075138608	27.364538	0.0	0.0
0.712891	12.083804678	27.265444	0.0	0.0
0.713867	12.130506694	27.169631	0.0	0.0
0.714844	12.137549059	27.075764	0.0	0.0
0.715820	12.128683598	26.980125	0.0	0.0
0.716797	12.133570029	26.883949	0.0	0.0
0.717773	12.139834187	26.788014	0.0	0.0
0.718750	12.144992463	26.692124	0.0	0.0
0.719727	12.141191548	26.596847	0.0	0.0
0.720703	12.140893816	26.499854	0.0	0.0
0.721680	12.145989182	26.403626	0.0	0.0
0.722656	12.160968482	26.306564	0.0	0.0
0.723633	12.182754301	26.211570	0.0	0.0
0.724609	12.182187764	26.116679	0.0	0.0
0.725586	12.188410202	26.020671	0.0	0.0
0.726563	12.192950382	25.925443	0.0	0.0
0.727539	12.199328758	25.830025	0.0	0.0
0.728516	12.198742604	25.734878	0.0	0.0
0.729492	12.191072347	25.639428	0.0	0.0
0.730469	12.188127872	25.542378	0.0	0.0
0.731445	12.206106045	25.446716	0.0	0.0
0.732422	12.197261990	25.351187	0.0	0.0
0.733398	12.204320548	25.253718	0.0	0.0
0.734375	12.232098869	25.157335	0.0	0.0
0.735352	12.261638018	25.062950	0.0	0.0
0.736328	12.260533844	24.969465	0.0	0.0
0.737305	12.248453124	24.874408	0.0	0.0
0.738281	12.258613496	24.778285	0.0	0.0
0.739258	12.257137180	24.683888	0.0	0.0
0.740234	12.248371974	24.587629	0.0	0.0
0.741211	12.269391734	24.491423	0.0	0.0
0.742188	12.268858674	24.396927	0.0	0.0
0.743164	12.267385415	24.300468	0.0	0.0
0.744141	12.283946220	24.204321	0.0	0.0
0.745117	12.297859788	24.109059	0.0	0.0
0.746094	12.322394997	24.013629	0.0	0.0
0.747070	12.345447120	23.920324	0.0	0.0
0.748047	12.340867394	23.827053	0.0	0.0
0.749023	12.335030820	23.732250	0.0	0.0
0.750000	12.335652682	23.637388	0.0	0.0
0.750977	12.327503441	23.542503	0.0	0.0
0.751953	12.326679556	23.445603	0.0	0.0
0.752930	12.359027205	23.350467	0.0	0.0
0.753906	12.367514926	23.257634	0.0	0.0
0.754883	12.354014475	23.163237	0.0	0.0
0.755859	12.357406918	23.067076	0.0	0.0
0.756836	12.381941385	22.972557	0.0	0.0
0.757813	12.382317701	22.878673	0.0	0.0
0.758789	12.387492686	22.784319	0.0	0.0
0.759766	12.391526965	22.690212	0.0	0.0
0.760742	12.388805260	22.596088	0.0	0.0
0.761719	12.388034583	22.501691	0.0	0.0
0.762695	12.381419333	22.407488	0.0	0.0
0.763672	12.379893318	22.312154	0.0	0.0
0.764648	12.397169797	22.217113	0.0	0.0
0.765625	12.405360999	22.124019	0.0	0.0
0.766602	12.399265643	22.029802	0.0	0.0
0.767578	12.393562156	21.935190	0.0	0.0
0.768555	12.398643451	21.840531	0.0	0.0
0.769531	12.394934273	21.746613	0.0	0.0
0.770508	12.397003666	21.651700	0.0	0.0
0.771484	12.398495685	21.556505	0.0	0.0
0.772461	12.417433014	21.461493	0.0	0.0
0.773438	12.440175845	21.368548	0.0	0.0
0.774414	12.437079232	21.276179	0.0	0.0
0.775391	12.421044133	21.182471	0.0	0.0
0.776367	12.412051951	21.087440	0.0	0.0
0.777344	12.414192188	20.992527	0.0	0.0
0.778320	12.420158263	20.898310	0.0	0.0
0.779297	12.426959993	20.803796	0.0	0.0
0.780273	12.443686799	20.709538	0.0	0.0
0.781250	12.444553671	20.617064	0.0	0.0
0.782227	12.436712829	20.522071	0.0	0.0
0.783203	12.449642069	20.427654	0.0	0.0
0.784180	12.462573059	20.333262	0.0	0.0
0.785156	12.482954141	20.239997	0.0	0.0
0.786133	12.494875773	20.147741	0.0	0.0
0.787109	12.486041730	20.054822	0.0	0.0
0.788086	12.494079886	19.959956	0.0	0.0
0.789063	12.523824108	19.867638	0.0	0.0
0.790039	12.515867501	19.776397	0.0	0.0
0.791016	12.495406431	19.683063	0.0	0.0
0.791992	12.505180720	19.588501	0.0	0.0
0.792969	12.509828713	19.496304	0.0	0.0
0.793945	12.498990655	19.403406	0.0	0.0
0.794922	12.492788060	19.309201	0.0	0.0
0.795898	12.500714849	19.214828	0.0	0.0
0.796875	12.517845399	19.122303	0.0	0.0
0.797852	12.509594780	19.029394	0.0	0.0
0.798828	12.519483069	18.935396	0.0	0.0
0.799805	12.533414264	18.842703	0.0	0.0
0.800781	12.552595414	18.750274	0.0	0.0
0.801758	12.550776138	18.659423	0.0	0.0
0.802734	12.540996877	18.567369	0.0	0.0
0.803711	12.526879840	18.474421	0.0	0.0
0.804688	12.516099713	18.379926	0.0	0.0
0.805664	12.540070530	18.286361	0.0	0.0
0.806641	12.558951612	18.195177	0.0	0.0
0.807617	12.544000661	18.103206	0.0	0.0
0.808594	12.550585830	18.010081	0.0	0.0
0.809570	12.549896862	17.918614	0.0	0.0
0.810547	12.548713098	17.826043	0.0	0.0
0.811523	12.534959572	17.733769	0.0	0.0
0.812500	12.539187249	17.639739	0.0	0.0
0.813477	12.551679880	17.547161	0.0	0.0
0.814453	12.562402181	17.455567	0.0	0.0
0.815430	12.552643473	17.363865	0.0	0.0
0.816406	12.560637438	17.270145	0.0	0.0
0.817383	12.584729550	17.179140	0.0	0.0
0.818359	12.577274171	17.089029	0.0	0.0
0.819336	12.557574030	16.996897	0.0	0.0
0.820313	12.560379874	16.903504	0.0	0.0
0.821289	12.556849149	16.812339	0.0	0.0
0.822266	12.549672170	16.719122	0.0	0.0
0.823242	12.561546612	16.625991	0.0	0.0
0.824219	12.585978389	16.534408	0.0	0.0
0.825195	12.594525044	16.443248	0.0	0.0
0.826172	12.609663739	16.352546	0.0	0.0
0.827148	12.603324200	16.262878	0.0	0.0
0.828125	12.587002879	16.172006	0.0	0.0
0.829102	12.563889696	16.079676	0.0	0.0
0.830078	12.560099249	15.986011	0.0	0.0
0.831055	12.584625788	15.893309	0.0	0.0
0.832031	12.609650554	15.801823	0.0	0.0
0.833008	12.632935737	15.712652	0.0	0.0
0.833984	12.624772657	15.623207	0.0	0.0
0.834961	12.609891461	15.532693	0.0	0.0
0.835938	12.601909080	15.441821	0.0	0.0
0.836914	12.589555169	15.350574	0.0	0.0
0.837891	12.586361790	15.258344	0.0	0.0
0.838867	12.598756227	15.167295	0.0	0.0
0.839844	12.588923509	15.076693	0.0	0.0
0.840820	12.592968046	14.984263	0.0	0.0
0.841797	12.614583450	14.894267	0.0	0.0
0.842773	12.608711915	14.805007	0.0	0.0
0.843750	12.602160860	14.714025	0.0	0.0
0.844727	12.601865329	14.623899	0.0	0.0
0.845703	12.581838849	14.533268	0.0	0.0
0.846680	12.587315323	14.440914	0.0	0.0
0.847656	12.596644852	14.350711	0.0	0.0
0.848633	12.601853066	14.259491	0.0	0.0
0.849609	12.613178853	14.170064	0.0	0.0
0.850586	12.601029954	14.080570	0.0	0.0
0.851563	12.597537706	13.988484	0.0	0.0
0.852539	12.627261154	13.899254	0.0	0.0
0.853516	12.615198313	13.810558	0.0	0.0
0.854492	12.607247095	13.720209	0.0	0.0
0.855469	12.603140492	13.629734	0.0	0.0
0.856445	12.606908488	13.539665	0.0	0.0
0.857422	12.613971474	13.449782	0.0	0.0
0.858398	12.600821968	13.361335	0.0	0.0
0.859375	12.580284975	13.270680	0.0	0.0
0.860352	12.585188375	13.178721	0.0	0.0
0.861328	12.597342756	13.088386	0.0	0.0
0.862305	12.618370131	12.998041	0.0	0.0
0.863281	12.647206145	12.910226	0.0	0.0
0.864258	12.630863021	12.823228	0.0	0.0
0.865234	12.605463771	12.733695	0.0	0.0
0.866211	12.606538367	12.641590	0.0	0.0
0.867188	12.643782372	12.553165	0.0	0.0
0.868164	12.638827946	12.466269	0.0	0.0
0.869141	12.619865850	12.378097	0.0	0.0
0.870117	12.602439741	12.288844	0.0	0.0
0.871094	12.589626116	12.199091	0.0	0.0
0.872070	12.580665446	12.108612	0.0	0.0
0.873047	12.591344682	12.018941	0.0	0.0
0.874023	12.586795628	11.930267	0.0	0.0
0.875000	12.596513028	11.839698	0.0	0.0
0.875977	12.620253702	11.751862	0.0	0.0
0.876953	12.605568491	11.663775	0.0	0.0
0.877930	12.617030432	11.574624	0.0	0.0
0.878906	12.617273539	11.486659	0.0	0.0
0.879883	12.628220132	11.398272	0.0	0.0
0.880859	12.620293981	11.311463	0.0	0.0
0.881836	12.608568874	11.222569	0.0	0.0
0.882813	12.616995125	11.133994	0.0	0.0
0.883789	12.609622926	11.047107	0.0	0.0
0.884766	12.592590336	10.958355	0.0	0.0
0.885742	12.594051243	10.869705	0.0	0.0
0.886719	12.588895976	10.781705	0.0	0.0
0.887695	12.589271226	10.693187	0.0	0.0
0.888672	12.580754496	10.605174	0.0	0.0
0.889648	12.595194636	10.516870	0.0	0.0
0.890625	12.584342833	10.430135	0.0	0.0
0.891602	12.570549461	10.341346	0.0	0.0
0.892578	12.579601335	10.252750	0.0	0.0
0.893555	12.579761706	10.164823	0.0	0.0
0.894531	12.596807971	10.077073	0.0	0.0
0.895508	12.598215261	9.991564	0.0	0.0
0.896484	12.570523670	9.904130	0.0	0.0
0.897461	12.564616538	9.814772	0.0	0.0
0.898438	12.588228976	9.727095	0.0	0.0
0.899414	12.577599230	9.640930	0.0	0.0
0.900391	12.582490225	9.552144	0.0	0.0
0.901367	12.598839075	9.466461	0.0	0.0
0.902344	12.579519713	9.380121	0.0	0.0
0.903320	12.574726130	9.292003	0.0	0.0
0.904297	12.580214239	9.204628	0.0	0.0
0.905273	12.588688546	9.118319	0.0	0.0
0.906250	12.578308961	9.032348	0.0	0.0
0.907227	12.575999606	8.944430	0.0	0.0
0.908203	12.583414997	8.857844	0.0	0.0
0.909180	12.591470669	8.772386	0.0	0.0
0.910156	12.574805203	8.686916	0.0	0.0
0.911133	12.554441277	8.599486	0.0	0.0
0.912109	12.560840825	8.511298	0.0	0.0
0.913086	12.578242752	8.425140	0.0	0.0
0.914063	12.584366494	8.339903	0.0	0.0
0.915039	12.577297806	8.254688	0.0	0.0
0.916016	12.571869480	8.168297	0.0	0.0
0.916992	12.561105495	8.082754	0.0	0.0
0.917969	12.553620325	7.995779	0.0	0.0
0.918945	12.564182972	7.910306	0.0	0.0
0.919922	12.546175382	7.824917	0.0	0.0
0.920898	12.549004731	7.738372	0.0	0.0
0.921875	12.532468033	7.653241	0.0	0.0
0.922852	12.529811247	7.565260	0.0	0.0
0.923828	12.545781068	7.479069	0.0	0.0
0.924805	12.564789178	7.394582	0.0	0.0
0.925781	12.562112725	7.310627	0.0	0.0
0.926758	12.542044145	7.225915	0.0	0.0
0.927734	12.523712138	7.139544	0.0	0.0
0.928711	12.531649670	7.053049	0.0	0.0
0.929688	12.538875513	6.967751	0.0	0.0
0.930664	12.536784157	6.883085	0.0	0.0
0.931641	12.537997577	6.797879	0.0	0.0
0.932617	12.535471017	6.713186	0.0	0.0
0.933594	12.535316102	6.627373	0.0	0.0
0.934570	12.544960279	6.542466	0.0	0.0
0.935547	12.555494765	6.457972	0.0	0.0
0.936523	12.554754047	6.374244	0.0	0.0
0.937500	12.568172343	6.290310	0.0	0.0
0.938477	12.559912630	6.207705	0.0	0.0
0.939453	12.543227177	6.123783	0.0	0.0
0.940430	12.525863999	6.039404	0.0	0.0
0.941406	12.508985472	5.954369	0.0	0.0
0.942383	12.521881424	5.869127	0.0	0.0
0.943359	12.511923178	5.786201	0.0	0.0
0.944336	12.506139463	5.701616	0.0	0.0
0.945313	12.504053520	5.617187	0.0	0.0
0.946289	12.510293141	5.533359	0.0	0.0
0.947266	12.507226422	5.450590	0.0	0.0
0.948242	12.490075291	5.367194	0.0	0.0
0.949219	12.481516408	5.283016	0.0	0.0
0.950195	12.464189244	5.199298	0.0	0.0
0.951172	12.458767118	5.114148	0.0	0.0
0.952148	12.468179839	5.029975	0.0	0.0
0.953125	12.461426764	4.946932	0.0	0.0
0.954102	12.466238798	4.862868	0.0	0.0
0.955078	12.454465356	4.780034	0.0	0.0
0.956055	12.460171619	4.694589	0.0	0.0
0.957031	12.489840620	4.612936	0.0	0.0
0.958008	12.476425729	4.532091	0.0	0.0
0.958984	12.457836610	4.449066	0.0	0.0
0.959961	12.442931318	4.365255	0.0	0.0
0.960938	12.454770098	4.281805	0.0	0.0
0.961914	12.446012144	4.200492	0.0	0.0
0.962891	12.429645684	4.117784	0.0	0.0
0.963867	12.412459498	4.034129	0.0	0.0
0.964844	12.417532257	3.948910	0.0	0.0
0.965820	12.448579587	3.867273	0.0	0.0
0.966797	12.445666811	3.786804	0.0	0.0
0.967773	12.428991559	3.705403	0.0	0.0
0.968750	12.410467411	3.623013	0.0	0.0
0.969727	12.401190667	3.539823	0.0	0.0
0.970703	12.405801075	3.457303	0.0	0.0
0.971680	12.393654813	3.375651	0.0	0.0
0.972656	12.395268459	3.292663	0.0	0.0
0.973633	12.395298687	3.211393	0.0	0.0
0.974609	12.380678207	3.129295	0.0	0.0
0.975586	12.386559680	3.046720	0.0	0.0
0.976563	12.383638270	2.966099	0.0	0.0
0.977539	12.377309763	2.884321	0.0	0.0
0.978516	12.360454884	2.802901	0.0	0.0
0.979492	12.368063580	2.720327	0.0	0.0
0.980469	12.362460235	2.640203	0.0	0.0
0.981445	12.351571070	2.558871	0.0	0.0
0.982422	12.328604643	2.477004	0.0	0.0
0.983398	12.329887327	2.393256	0.0	0.0
0.984375	12.354734759	2.313075	0.0	0.0
0.985352	12.334467940	2.233084	0.0	0.0
0.986328	12.327681038	2.150486	0.0	0.0
0.987305	12.341983934	2.069295	0.0	0.0
0.988281	12.348720295	1.989392	0.0	0.0
0.989258	12.332238531	1.910029	0.0	0.0
0.990234	12.306403565	1.828750	0.0	0.0
0.991211	12.306375815	1.745977	0.0	0.0
0.992188	12.320312799	1.665310	0.0	0.0
0.993164	12.325836197	1.585201	0.0	0.0
0.994141	12.329420411	1.505001	0.0	0.0
0.995117	12.325092487	1.425146	0.0	0.0
0.996094	12.323919806	1.345251	0.0	0.0
0.997070	12.320557077	1.265401	0.0	0.0
0.998047	12.322138547	1.184881	0.0	0.0
0.999023	12.326983908	1.106558	0.0	0.0
1.000000	12.310865468	1.026716	0.0	0.0
1.000977	12.316146405	0.947295	0.0	0.0
1.001953	12.303979069	0.869127	0.0	0.0
1.002930	12.285949374	0.789710	0.0	0.0
1.003906	12.267567545	0.709992	0.0	0.0
1.004883	12.255764794	0.629969	0.0	0.0
1.005859	12.240376206	0.549630	0.0	0.0
1.006836	12.247039229	0.469714	0.0	0.0
1.007813	12.237568141	0.391338	0.0	0.0
1.008789	12.213655030	0.311172	0.0	0.0
1.009766	12.218558387	0.229677	0.0	0.0
1.010742	12.232236522	0.151150	0.0	0.0
1.011719	12.222039419	0.072431	0.0	0.0
1.012695	12.233075260	-0.007489	0.0	0.0
1.013672	12.244925933	-0.084500	0.0	0.0
1.014648	12.218890317	-0.162270	0.0	0.0
1.015625	12.212790933	-0.242488	0.0	0.0
1.016602	12.215682049	-0.320794	0.0	0.0
1.017578	12.204263648	-0.399163	0.0	0.0
1.018555	12.210037352	-0.478055	0.0	0.0
1.019531	12.214949275	-0.555385	0.0	0.0
1.020508	12.200624743	-0.632301	0.0	0.0
1.021484	12.180576069	-0.710693	0.0	0.0
1.022461	12.171575532	-0.789470	0.0	0.0
1.023438	12.161259050	-0.867029	0.0	0.0
1.024414	12.142754169	-0.945949	0.0	0.0
1.025391	12.141454606	-1.025231	0.0	0.0
1.026367	12.151655557	-1.104202	0.0	0.0
1.027344	12.167394148	-1.180625	0.0	0.0
1.028320	12.141833465	-1.257305	0.0	0.0
1.029297	12.138831028	-1.336448	0.0	0.0
1.030273	12.150343948	-1.413018	0.0	0.0
1.031250	12.129128952	-1.489789	0.0	0.0
1.032227	12.123604955	-1.568457	0.0	0.0
1.033203	12.114341176	-1.645363	0.0	0.0
1.034180	12.109426370	-1.724034	0.0	0.0
1.035156	12.127431453	-1.800701	0.0	0.0
1.036133	12.123717728	-1.876280	0.0	0.0
1.037109	12.101884010	-1.952839	0.0	0.0
1.038086	12.095694193	-2.030766	0.0	0.0
1.039063	12.092286933	-2.107388	0.0	0.0
1.040039	12.081879016	-2.184266	0.0	0.0
1.041016	12.082262470	-2.261946	0.0	0.0
1.041992	12.096953261	-2.337516	0.0	0.0
1.042969	12.078642525	-2.413441	0.0	0.0
1.043945	12.077439762	-2.490099	0.0	0.0
1.044922	12.081094205	-2.566001	0.0	0.0
1.045898	12.067242344	-2.640653	0.0	0.0
1.046875	12.050744549	-2.716774	0.0	0.0
1.047852	12.029511356	-2.793209	0.0	0.0
1.048828	12.014129127	-2.870162	0.0	0.0
1.049805	12.017505471	-2.947216	0.0	0.0
1.050781	12.010045259	-3.022786	0.0	0.0
1.051758	12.011749511	-3.100156	0.0	0.0
1.052734	12.030052324	-3.174849	0.0	0.0
1.053711	12.013926084	-3.248668	0.0	0.0
1.054688	11.990866498	-3.323852	0.0	0.0
1.055664	11.962738915	-3.400324	0.0	0.0
1.056641	11.960453228	-3.478652	0.0	0.0
1.057617	11.980259877	-3.554526	0.0	0.0
1.058594	11.990786071	-3.629196	0.0	0.0
1.059570	11.986207019	-3.703091	0.0	0.0
1.060547	11.976424012	-3.778013	0.0	0.0
1.061523	11.976421249	-3.853447	0.0	0.0
1.062500	11.982034994	-3.927187	0.0	0.0
1.063477	11.963863786	-4.000538	0.0	0.0
1.064453	11.943553420	-4.075383	0.0	0.0
1.065430	11.929188195	-4.150820	0.0	0.0
1.066406	11.918943679	-4.225747	0.0	0.0
1.067383	11.924270489	-4.301631	0.0	0.0
1.068359	11.922772036	-4.374623	0.0	0.0
1.069336	11.905098031	-4.448504	0.0	0.0
1.070313	11.884843967	-4.523977	0.0	0.0
1.071289	11.888851316	-4.600047	0.0	0.0
1.072266	11.899497621	-4.674173	0.0	0.0
1.073242	11.902785049	-4.747343	0.0	0.0
1.074219	11.887049899	-4.820748	0.0	0.0
1.075195	11.887264066	-4.895294	0.0	0.0
1.076172	11.884508630	-4.968304	0.0	0.0
1.077148	11.864219174	-5.042408	0.0	0.0
1.078125	11.873753193	-5.117459	0.0	0.0
1.079102	11.889829466	-5.188994	0.0	0.0
1.080078	11.868079735	-5.260577	0.0	0.0
1.081055	11.844076559	-5.333634	0.0	0.0
1.082031	11.819537729	-5.407759	0.0	0.0
1.083008	11.814389126	-5.482336	0.0	0.0
1.083984	11.803175397	-5.555729	0.0	0.0
1.084961	11.803995132	-5.630367	0.0	0.0
1.085938	11.815188475	-5.703006	0.0	0.0
1.086914	11.798806541	-5.775784	0.0	0.0
1.087891	11.800632666	-5.849314	0.0	0.0
1.088867	11.798716363	-5.922129	0.0	0.0
1.089844	11.803651551	-5.994698	0.0	0.0
1.090820	11.805765635	-6.066661	0.0	0.0
1.091797	11.807285670	-6.137693	0.0	0.0
1.092773	11.785585707	-6.208684	0.0	0.0
1.093750	11.767861859	-6.281034	0.0	0.0
1.094727	11.744653300	-6.353753	0.0	0.0
1.095703	11.736660672	-6.427188	0.0	0.0
1.096680	11.744310041	-6.499272	0.0	0.0
1.097656	11.731801291	-6.570273	0.0	0.0
1.098633	11.710457463	-6.642822	0.0	0.0
1.099609	11.705595076	-6.715667	0.0	0.0
1.100586	11.700791397	-6.787094	0.0	0.0
1.101563	11.692613353	-6.859478	0.0	0.0
1.102539	11.686526509	-6.932029	0.0	0.0
1.103516	11.698782078	-7.003431	0.0	0.0
1.104492	11.684283671	-7.073802	0.0	0.0
1.105469	11.673105824	-7.146026	0.0	0.0
1.106445	11.671860078	-7.216681	0.0	0.0
1.107422	11.651664419	-7.288179	0.0	0.0
1.108398	11.649660911	-7.360277	0.0	0.0
1.109375	11.641051936	-7.431409	0.0	0.0
1.110352	11.641990546	-7.503454	0.0	0.0
1.111328	11.640282963	-7.573590	0.0	0.0
1.112305	11.631068387	-7.645041	0.0	0.0
1.113281	11.636962296	-7.716222	0.0	0.0
1.114258	11.644106583	-7.785861	0.0	0.0
1.115234	11.625393074	-7.855375	0.0	0.0
1.116211	11.625284627	-7.926526	0.0	0.0
1.117188	11.615034304	-7.995472	0.0	0.0
1.118164	11.594609648	-8.065752	0.0	0.0
1.119141	11.581174696	-8.136144	0.0	0.0
1.120117	11.567344298	-8.207658	0.0	0.0
1.121094	11.581412067	-8.277940	0.0	0.0
1.122070	11.567462240	-8.346613	0.0	0.0
1.123047	11.548017231	-8.416442	0.0	0.0
1.124023	11.538433491	-8.486762	0.0	0.0
1.125000	11.528436321	-8.556944	0.0	0.0
1.125977	11.519267324	-8.627188	0.0	0.0
1.126953	11.506012095	-8.697267	0.0	0.0
1.127930	11.511502344	-8.768196	0.0	0.0
1.128906	11.518334162	-8.836429	0.0	0.0
1.129883	11.495184082	-8.905377	0.0	0.0
1.130859	11.491138588	-8.975876	0.0	0.0
1.131836	11.486238045	-9.044530	0.0	0.0
1.132813	11.481831411	-9.113789	0.0	0.0
1.133789	11.466100627	-9.182631	0.0	0.0
1.134766	11.465594956	-9.252176	0.0	0.0
1.135742	11.451912113	-9.320021	0.0	0.0
1.136719	11.430243848	-9.389859	0.0	0.0
1.137695	11.433153231	-9.459412	0.0	0.0
1.138672	11.415039491	-9.528134	0.0	0.0
1.139648	11.415208942	-9.598610	0.0	0.0
1.140625	11.421192886	-9.666899	0.0	0.0
1.141602	11.422847568	-9.735081	0.0	0.0
1.142578	11.413987582	-9.803108	0.0	0.0
1.143555	11.415320854	-9.871096	0.0	0.0
1.144531	11.393032961	-9.938859	0.0	0.0
1.145508	11.386060397	-10.008466	0.0	0.0
1.146484	11.397713054	-10.076894	0.0	0.0
1.147461	11.406436479	-10.142694	0.0	0.0
1.148438	11.381758593	-10.208874	0.0	0.0
1.149414	11.361807106	-10.276894	0.0	0.0
1.150391	11.346297805	-10.344725	0.0	0.0
1.151367	11.330028010	-10.412489	0.0	0.0
1.152344	11.312332491	-10.480499	0.0	0.0
1.153320	11.296808912	-10.549460	0.0	0.0
1.154297	11.305759516	-10.618551	0.0	0.0
1.155273	11.308624277	-10.684631	0.0	0.0
1.156250	11.287516651	-10.751522	0.0	0.0
1.157227	11.262356460	-10.819408	0.0	0.0
1.158203	11.264011105	-10.888943	0.0	0.0
1.159180	11.269829207	-10.956399	0.0	0.0
1.160156	11.272248076	-11.023715	0.0	0.0
1.161133	11.279362325	-11.089937	0.0	0.0
1.162109	11.274574218	-11.155276	0.0	0.0
1.163086	11.246468673	-11.221986	0.0	0.0
1.164063	11.248629545	-11.290278	0.0	0.0
1.165039	11.257033886	-11.355745	0.0	0.0
1.166016	11.239416751	-11.421345	0.0	0.0
1.166992	11.227115276	-11.489023	0.0	0.0
1.167969	11.235897771	-11.555272	0.0	0.0
1.168945	11.224236017	-11.620044	0.0	0.0
1.169922	11.199494551	-11.686397	0.0	0.0
1.170898	11.200370329	-11.753973	0.0	0.0
1.171875	11.194764916	-11.818635	0.0	0.0
1.172852	11.173293536	-11.885352	0.0	0.0
1.173828	11.171841991	-11.951920	0.0	0.0
1.174805	11.172347057	-12.018021	0.0	0.0
1.175781	11.177142436	-12.082856	0.0	0.0
1.176758	11.161406829	-12.147711	0.0	0.0
1.177734	11.155984858	-12.212908	0.0	0.0
1.178711	11.136320037	-12.277615	0.0	0.0
1.179688	11.111774261	-12.343638	0.0	0.0
1.180664	11.102227627	-12.410324	0.0	0.0
1.181641	11.111547949	-12.476197	0.0	0.0
1.182617	11.101227354	-12.540125	0.0	0.0
1.183594	11.081279043	-12.605768	0.0	0.0
1.184570	11.079754974	-12.672338	0.0	0.0
1.185547	11.094628139	-12.736033	0.0	0.0
1.186523	11.068732292	-12.799483	0.0	0.0
1.187500	11.046777231	-12.865013	0.0	0.0
1.188477	11.047859194	-12.930568	0.0	0.0
1.189453	11.036022644	-12.994349	0.0	0.0
1.190430	11.014266425	-13.059720	0.0	0.0
1.191406	11.020238681	-13.125018	0.0	0.0
1.192383	11.004217719	-13.188768	0.0	0.0
1.193359	10.991792565	-13.253607	0.0	0.0
1.194336	10.974490799	-13.319001	0.0	0.0
1.195313	10.981072841	-13.384449	0.0	0.0
1.196289	10.976202231	-13.448137	0.0	0.0
1.197266	10.963089756	-13.512406	0.0	0.0
1.198242	10.959714893	-13.577477	0.0	0.0
1.199219	10.966356123	-13.641065	0.0	0.0
1.200195	10.957321389	-13.704700	0.0	0.0
1.201172	10.957167885	-13.768688	0.0	0.0
1.202148	10.960989752	-13.831805	0.0	0.0
1.203125	10.950170381	-13.894052	0.0	0.0
1.204102	10.929879307	-13.958019	0.0	0.0
1.205078	10.929043070	-14.021993	0.0	0.0
1.206055	10.928923442	-14.085185	0.0	0.0
1.207031	10.925595524	-14.146955	0.0	0.0
1.208008	10.901416519	-14.209270	0.0	0.0
1.208984	10.878301073	-14.273172	0.0	0.0
1.209961	10.879393216	-14.337155	0.0	0.0
1.210938	10.858709853	-14.399767	0.0	0.0
1.211914	10.853384699	-14.464018	0.0	0.0
1.212891	10.842463209	-14.527192	0.0	0.0
1.213867	10.846812803	-14.590974	0.0	0.0
1.214844	10.851304749	-14.652580	0.0	0.0
1.215820	10.831976525	-14.714994	0.0	0.0
1.216797	10.828866155	-14.779012	0.0	0.0
1.217773	10.836008766	-14.840077	0.0	0.0
1.218750	10.819094926	-14.901571	0.0	0.0
1.219727	10.805824969	-14.965105	0.0	0.0
1.220703	10.806410031	-15.027560	0.0	0.0
1.221680	10.814849734	-15.089323	0.0	0.0
1.222656	10.809462447	-15.148873	0.0	0.0
1.223633	10.779745649	-15.209907	0.0	0.0
1.224609	10.755663144	-15.272216	0.0	0.0
1.225586	10.735853818	-15.334709	0.0	0.0
1.226563	10.719895544	-15.398448	0.0	0.0
1.227539	10.726272355	-15.461228	0.0	0.0
1.228516	10.731497093	-15.522510	0.0	0.0
1.229492	10.721428681	-15.583224	0.0	0.0
1.230469	10.719431684	-15.644470	0.0	0.0
1.231445	10.695858748	-15.704754	0.0	0.0
1.232422	10.670494050	-15.767165	0.0	0.0
1.233398	10.669817407	-15.830504	0.0	0.0
1.234375	10.681893755	-15.890446	0.0	0.0
1.235352	10.652572562	-15.951111	0.0	0.0
1.236328	10.643169348	-16.013853	0.0	0.0
1.237305	10.647715414	-16.076019	0.0	0.0
1.238281	10.655975688	-16.136602	0.0	0.0
1.239258	10.653490684	-16.196929	0.0	0.0
1.240234	10.653890600	-16.255943	0.0	0.0
1.241211	10.627891633	-16.315672	0.0	0.0
1.242188	10.618071451	-16.376890	0.0	0.0
1.243164	10.599896855	-16.437236	0.0	0.0
1.244141	10.595152775	-16.498744	0.0	0.0
1.245117	10.582986295	-16.558703	0.0	0.0
1.246094	10.575295991	-16.619529	0.0	0.0
1.247070	10.562431810	-16.679629	0.0	0.0
1.248047	10.558111207	-16.740909	0.0	0.0
1.249023	10.560048104	-16.800534	0.0	0.0
1.250000	10.543776199	-16.860334	0.0	0.0
1.250977	10.536667671	-16.921597	0.0	0.0
1.251953	10.546984685	-16.981659	0.0	0.0
1.252930	10.549161987	-17.039797	0.0	0.0
1.253906	10.523162284	-17.098424	0.0	0.0
1.254883	10.515774291	-17.158763	0.0	0.0
1.255859	10.503393372	-17.217967	0.0	0.0
1.256836	10.499771087	-17.277782	0.0	0.0
1.257813	10.481695541	-17.337071	0.0	0.0
1.258789	10.484674296	-17.396834	0.0	0.0
1.259766	10.472691787	-17.454653	0.0	0.0
1.260742	10.450237951	-17.514411	0.0	0.0
1.261719	10.453939157	-17.574792	0.0	0.0
1.262695	10.455560662	-17.632048	0.0	0.0
1.263672	10.432532896	-17.690088	0.0	0.0
1.264648	10.412187792	-17.749469	0.0	0.0
1.265625	10.391369068	-17.809442	0.0	0.0
1.266602	10.389945277	-17.869929	0.0	0.0
1.267578	10.400137212	-17.928931	0.0	0.0
1.268555	10.402025460	-17.986313	0.0	0.0
1.269531	10.383136549	-18.043631	0.0	0.0
1.270508	10.365270819	-18.102130	0.0	0.0
1.271484	10.358544278	-18.160890	0.0	0.0
1.272461	10.342963209	-18.218971	0.0	0.0
1.273438	10.331520655	-18.278141	0.0	0.0
1.274414	10.323042030	-18.336362	0.0	0.0
1.275391	10.320623369	-18.395706	0.0	0.0
1.276367	10.320805116	-18.452268	0.0	0.0
1.277344	10.303882725	-18.509703	0.0	0.0
1.278320	10.285500804	-18.567586	0.0	0.0
1.279297	10.269707725	-18.625794	0.0	0.0
1.280273	10.254755238	-18.684618	0.0	0.0
1.281250	10.253433160	-18.742787	0.0	0.0
1.282227	10.241558248	-18.800525	0.0	0.0
1.283203	10.234456414	-18.859798	0.0	0.0
1.284180	10.245245790	-18.917130	0.0	0.0
1.285156	10.231314207	-18.973700	0.0	0.0
1.286133	10.230170927	-19.031343	0.0	0.0
1.287109	10.215066202	-19.087389	0.0	0.0
1.288086	10.192948544	-19.145202	0.0	0.0
1.289063	10.189460875	-19.204128	0.0	0.0
1.290039	10.195052704	-19.261903	0.0	0.0
1.291016	10.199123556	-19.318084	0.0	0.0
1.291992	10.202055579	-19.373319	0.0	0.0
1.292969	10.176619391	-19.428741	0.0	0.0
1.293945	10.153291698	-19.485764	0.0	0.0
1.294922	10.141534854	-19.543310	0.0	0.0
1.295898	10.133351356	-19.600606	0.0	0.0
1.296875	10.130319032	-19.657466	0.0	0.0
1.297852	10.119487343	-19.713564	0.0	0.0
1.298828	10.106664050	-19.770003	0.0	0.0
1.299805	10.089297908	-19.827678	0.0	0.0
1.300781	10.093606407	-19.884703	0.0	0.0
1.301758	10.077824918	-19.940717	0.0	0.0
1.302734	10.081344638	-19.998197	0.0	0.0
1.303711	10.087813443	-20.053839	0.0	0.0
1.304688	10.087346762	-20.108371	0.0	0.0
1.305664	10.061788232	-20.163562	0.0	0.0
1.306641	10.057453165	-20.219992	0.0	0.0
1.307617	10.044041628	-20.275275	0.0	0.0
1.308594	10.038228387	-20.331489	0.0	0.0
1.309570	10.019645974	-20.387121	0.0	0.0
1.310547	10.021136658	-20.443842	0.0	0.0
1.311523	10.023122153	-20.497904	0.0	0.0
1.312500	10.001084694	-20.552730	0.0	0.0
1.313477	9.980482923	-20.608894	0.0	0.0
1.314453	9.978410639	-20.665403	0.0	0.0
1.315430	9.976098073	-20.720095	0.0	0.0
1.316406	9.968806264	-20.775393	0.0	0.0
1.317383	9.966351290	-20.830279	0.0	0.0
1.318359	9.949437389	-20.884624	0.0	0.0
1.319336	9.945419552	-20.940036	0.0	0.0
1.320313	9.928509186	-20.994338	0.0	0.0
1.321289	9.911378333	-21.050432	0.0	0.0
1.322266	9.915287056	-21.106443	0.0	0.0
1.323242	9.918848228	-21.159386	0.0	0.0
1.324219	9.894102886	-21.213377	0.0	0.0
1.325195	9.876559988	-21.268940	0.0	0.0
1.326172	9.881823750	-21.324698	0.0	0.0
1.327148	9.874136978	-21.377901	0.0	0.0
1.328125	9.856582770	-21.432696	0.0	0.0
1.329102	9.855777503	-21.488006	0.0	0.0
1.330078	9.856424569	-21.541431	0.0	0.0
1.331055	9.835722689	-21.595380	0.0	0.0
1.332031	9.833454938	-21.650445	0.0	0.0
1.333008	9.834429478	-21.703225	0.0	0.0
1.333984	9.814460233	-21.756243	0.0	0.0
1.334961	9.792380993	-21.811159	0.0	0.0
1.335938	9.788420587	-21.866904	0.0	0.0
1.336914	9.802911179	-21.920949	0.0	0.0
1.337891	9.805576018	-21.972893	0.0	0.0
1.338867	9.789432962	-22.024772	0.0	0.0
1.339844	9.764828732	-22.078626	0.0	0.0
1.340820	9.758692761	-22.133323	0.0	0.0
1.341797	9.756974988	-22.185888	0.0	0.0
1.342773	9.738862806	-22.238294	0.0	0.0
1.343750	9.718955351	-22.291811	0.0	0.0
1.344727	9.708075693	-22.346621	0.0	0.0
1.345703	9.711918325	-22.399959	0.0	0.0
1.346680	9.698909872	-22.452344	0.0	0.0
1.347656	9.687125274	-22.505544	0.0	0.0
1.348633	9.673921226	-22.559391	0.0	0.0
1.349609	9.681080293	-22.612427	0.0	0.0
1.350586	9.667062369	-22.664106	0.0	0.0
1.351563	9.647638368	-22.717589	0.0	0.0
1.352539	9.651289212	-22.770802	0.0	0.0
1.353516	9.635981028	-22.822872	0.0	0.0
1.354492	9.633747736	-22.875832	0.0	0.0
1.355469	9.615853588	-22.928493	0.0	0.0
1.356445	9.620857647	-22.981874	0.0	0.0
1.357422	9.623018297	-23.032739	0.0	0.0
1.358398	9.598720979	-23.083826	0.0	0.0
1.359375	9.582572591	-23.136898	0.0	0.0
1.360352	9.569098660	-23.189726	0.0	0.0
1.361328	9.566731067	-23.243520	0.0	0.0
1.362305	9.577758818	-23.294446	0.0	0.0
1.363281	9.558709300	-23.345020	0.0	0.0
1.364258	9.541623185	-23.397258	0.0	0.0
1.365234	9.533708807	-23.449941	0.0	0.0
1.366211	9.528580255	-23.501706	0.0	0.0
1.367188	9.511514874	-23.553609	0.0	0.0
1.368164	9.515583850	-23.606762	0.0	0.0
1.369141	9.523686373	-23.657199	0.0	0.0
1.370117	9.508281696	-23.706495	0.0	0.0
1.371094	9.485448617	-23.757953	0.0	0.0
1.372070	9.476112921	-23.809754	0.0	0.0
1.373047	9.462281606	-23.860594	0.0	0.0
1.374023	9.441192014	-23.912347	0.0	0.0
1.375000	9.428132319	-23.965057	0.0	0.0
1.375977	9.424866822	-24.017175	0.0	0.0
1.376953	9.429224259	-24.069085	0.0	0.0
1.377930	9.432791207	-24.118468	0.0	0.0
1.378906	9.408581193	-24.168259	0.0	0.0
1.379883	9.392914328	-24.219778	0.0	0.0
1.380859	9.375131476	-24.271783	0.0	0.0
1.381836	9.378649112	-24.324566	0.0	0.0
1.382813	9.388112359	-24.373693	0.0	0.0
1.383789	9.364355092	-24.423901	0.0	0.0
1.384766	9.361463233	-24.476097	0.0	0.0
1.385742	9.368943879	-24.525587	0.0	0.0
1.386719	9.355913012	-24.574922	0.0	0.0
1.387695	9.343285140	-24.625281	0.0	0.0
1.388672	9.325838707	-24.675736	0.0	0.0
1.389648	9.321144552	-24.727270	0.0	0.0
1.390625	9.325280974	-24.776621	0.0	0.0
1.391602	9.309524339	-24.825942	0.0	0.0
1.392578	9.296279339	-24.876008	0.0	0.0
1.393555	9.284811025	-24.926653	0.0	0.0
1.394531	9.285531905	-24.976069	0.0	0.0
1.395508	9.263955492	-25.025197	0.0	0.0
1.396484	9.239752080	-25.076240	0.0	0.0
1.397461	9.245696330	-25.128408	0.0	0.0
1.398438	9.252636236	-25.176764	0.0	0.0
1.399414	9.233484543	-25.225823	0.0	0.0
1.400391	9.227090848	-25.276626	0.0	0.0
1.401367	9.225789951	-25.326244	0.0	0.0
1.402344	9.227131417	-25.375181	0.0	0.0
1.403320	9.220288551	-25.423082	0.0	0.0
1.404297	9.202459664	-25.472051	0.0	0.0
1.405273	9.196975992	-25.520634	0.0	0.0
1.406250	9.170839026	-25.569073	0.0	0.0
1.407227	9.147521291	-25.620076	0.0	0.0
1.408203	9.152173159	-25.670979	0.0	0.0
1.409180	9.160124564	-25.719198	0.0	0.0
1.410156	9.144386328	-25.766667	0.0	0.0
1.411133	9.127779651	-25.816664	0.0	0.0
1.412109	9.127197574	-25.865308	0.0	0.0
1.413086	9.106401973	-25.913579	0.0	0.0
1.414063	9.106135047	-25.963878	0.0	0.0
1.415039	9.103330366	-26.011858	0.0	0.0
1.416016	9.093784875	-26.060151	0.0	0.0
1.416992	9.086300472	-26.108720	0.0	0.0
1.417969	9.076373445	-26.156487	0.0	0.0
1.418945	9.062841964	-26.205262	0.0	0.0
1.419922	9.051463939	-26.253838	0.0	0.0
1.420898	9.051334826	-26.302962	0.0	0.0
1.421875	9.050018859	-26.349379	0.0	0.0
1.422852	9.023123545	-26.396251	0.0	0.0
1.423828	9.002912939	-26.445481	0.0	0.0
1.424805	8.991407382	-26.495371	0.0	0.0
1.425781	8.998228644	-26.544763	0.0	0.0
1.426758	9.001145581	-26.590947	0.0	0.0
1.427734	8.977684227	-26.638385	0.0	0.0
1.428711	8.978071515	-26.687116	0.0	0.0
1.429688	8.963116285	-26.733864	0.0	0.0
1.430664	8.958808718	-26.782664	0.0	0.0
1.431641	8.956229822	-26.829106	0.0	0.0
1.432617	8.934426427	-26.876406	0.0	0.0
1.433594	8.929249357	-26.923984	0.0	0.0
1.434570	8.912019708	-26.970730	0.0	0.0
1.435547	8.891027074	-27.019193	0.0	0.0
1.436523	8.885087815	-27.068252	0.0	0.0
1.437500	8.892503115	-27.115481	0.0	0.0
1.438477	8.872679623	-27.162300	0.0	0.0
1.439453	8.870321134	-27.211020	0.0	0.0
1.440430	8.875104240	-27.257163	0.0	0.0
1.441406	8.862410766	-27.303383	0.0	0.0
1.442383	8.856417556	-27.350187	0.0	0.0
1.443359	8.834839911	-27.396030	0.0	0.0
1.444336	8.815528469	-27.444299	0.0	0.0
1.445313	8.820561993	-27.492317	0.0	0.0
1.446289	8.816948802	-27.537649	0.0	0.0
1.447266	8.799629482	-27.584431	0.0	0.0
1.448242	8.795890274	-27.631585	0.0	0.0
1.449219	8.781142783	-27.677520	0.0	0.0
1.450195	8.770571919	-27.724628	0.0	0.0
1.451172	8.751673233	-27.771669	0.0	0.0
1.452148	8.749267839	-27.819760	0.0	0.0
1.453125	8.756411135	-27.865636	0.0	0.0
1.454102	8.740318962	-27.910707	0.0	0.0
1.455078	8.727738322	-27.958346	0.0	0.0
1.456055	8.731649731	-28.005008	0.0	0.0
1.457031	8.723993453	-28.049595	0.0	0.0
1.458008	8.702493474	-28.096068	0.0	0.0
1.458984	8.705043221	-28.143379	0.0	0.0
1.459961	8.703106792	-28.188940	0.0	0.0
1.460938	8.697657266	-28.234229	0.0	0.0
1.461914	8.682127986	-28.279243	0.0	0.0
1.462891	8.669962364	-28.326081	0.0	0.0
1.463867	8.666671685	-28.371644	0.0	0.0
1.464844	8.658184297	-28.417337	0.0	0.0
1.465820	8.654208824	-28.462499	0.0	0.0
1.466797	8.637076896	-28.507721	0.0	0.0
1.467773	8.626094045	-28.554445	0.0	0.0
1.468750	8.627804969	-28.600237	0.0	0.0
1.469727	8.627315168	-28.645109	0.0	0.0
1.470703	8.621734376	-28.688810	0.0	0.0
1.471680	8.595828978	-28.733792	0.0	0.0
1.472656	8.590428785	-28.779717	0.0	0.0
1.473633	8.571708849	-28.824942	0.0	0.0
1.474609	8.576000915	-28.871668	0.0	0.0
1.475586	8.576336969	-28.914672	0.0	0.0
1.476563	8.553563977	-28.959847	0.0	0.0
1.477539	8.554361392	-29.005539	0.0	0.0
1.478516	8.545183352	-29.048487	0.0	0.0
1.479492	8.521517322	-29.092755	0.0	0.0
1.480469	8.503201564	-29.138635	0.0	0.0
1.481445	8.488963123	-29.185040	0.0	0.0
1.482422	8.492816490	-29.230543	0.0	0.0
1.483398	8.481148058	-29.275316	0.0	0.0
1.484375	8.482928516	-29.320814	0.0	0.0
1.485352	8.481239845	-29.364133	0.0	0.0
1.486328	8.470979096	-29.407775	0.0	0.0
1.487305	8.448826270	-29.452797	0.0	0.0
1.488281	8.452138509	-29.499092	0.0	0.0
1.489258	8.455872346	-29.542708	0.0	0.0
1.490234	8.454563304	-29.586141	0.0	0.0
1.491211	8.451563477	-29.628354	0.0	0.0
1.492188	8.425816674	-29.671184	0.0	0.0
1.493164	8.404019172	-29.715956	0.0	0.0
1.494141	8.396958381	-29.760948	0.0	0.0
1.495117	8.391287927	-29.805022	0.0	0.0
1.496094	8.375843054	-29.848970	0.0	0.0
1.497070	8.365688000	-29.893739	0.0	0.0
1.498047	8.360670414	-29.938281	0.0	0.0
1.499023	8.365603760	-29.982808	0.0	0.0
1.500000	8.364166204	-30.024062	0.0	0.0
1.500977	8.338038295	-30.067104	0.0	0.0
1.501953	8.321805852	-30.112369	0.0	0.0
1.502930	8.321873430	-30.157419	0.0	0.0
1.503906	8.324532486	-30.200625	0.0	0.0
1.504883	8.324093184	-30.243476	0.0	0.0
1.505859	8.317788147	-30.285412	0.0	0.0
1.506836	8.299585896	-30.328351	0.0	0.0
1.507813	8.287265314	-30.371938	0.0	0.0
1.508789	8.272714042	-30.415597	0.0	0.0
1.509766	8.278039653	-30.459392	0.0	0.0
1.510742	8.269952521	-30.501127	0.0	0.0
1.511719	8.254692509	-30.544407	0.0	0.0
1.512695	8.248513067	-30.587347	0.0	0.0
1.513672	8.229481765	-30.630372	0.0	0.0
1.514648	8.233071969	-30.674035	0.0	0.0
1.515625	8.221701283	-30.715359	0.0	0.0
1.516602	8.203753290	-30.758629	0.0	0.0
1.517578	8.201993068	-30.801866	0.0	0.0
1.518555	8.185648371	-30.843824	0.0	0.0
1.519531	8.171281385	-30.887721	0.0	0.0
1.520508	8.170231089	-30.930612	0.0	0.0
1.521484	8.154786745	-30.973573	0.0	0.0
1.522461	8.159817838	-31.017725	0.0	0.0
1.523438	8.162253372	-31.058118	0.0	0.0
1.524414	8.143213829	-31.100119	0.0	0.0
1.525391	8.135490638	-31.142832	0.0	0.0
1.526367	8.127415477	-31.185685	0.0	0.0
1.527344	8.126786038	-31.228096	0.0	0.0
1.528320	8.127688164	-31.270222	0.0	0.0
1.529297	8.122407073	-31.310191	0.0	0.0
1.530273	8.096492257	-31.351986	0.0	0.0
1.531250	8.086968764	-31.394734	0.0	0.0
1.532227	8.080411651	-31.436593	0.0	0.0
1.533203	8.067598505	-31.479523	0.0	0.0
1.534180	8.073318197	-31.521904	0.0	0.0
1.535156	8.069097392	-31.561977	0.0	0.0
1.536133	8.050682247	-31.603165	0.0	0.0
1.537109	8.042446960	-31.644512	0.0	0.0
1.538086	8.025844426	-31.686309	0.0	0.0
1.539063	8.021264232	-31.729330	0.0	0.0
1.540039	8.023134518	-31.769552	0.0	0.0
1.541016	8.002835344	-31.809876	0.0	0.0
1.541992	7.991899820	-31.851884	0.0	0.0
1.542969	7.975885591	-31.893141	0.0	0.0
1.543945	7.961947546	-31.934928	0.0	0.0
1.544922	7.957909217	-31.977231	0.0	0.0
1.545898	7.944789242	-32.018231	0.0	0.0
1.546875	7.933426740	-32.060431	0.0	0.0
1.547852	7.936043298	-32.102877	0.0	0.0
1.548828	7.931343890	-32.142984	0.0	0.0
1.549805	7.928689868	-32.183770	0.0	0.0
1.550781	7.910028517	-32.224077	0.0	0.0
1.551758	7.900154022	-32.266152	0.0	0.0
1.552734	7.899015268	-32.307434	0.0	0.0
1.553711	7.888946813	-32.347196	0.0	0.0
1.554688	7.880456537	-32.389070	0.0	0.0
1.555664	7.880000448	-32.428602	0.0	0.0
1.556641	7.860391615	-32.468808	0.0	0.0
1.557617	7.843639274	-32.510577	0.0	0.0
1.558594	7.844533645	-32.552699	0.0	0.0
1.559570	7.848676411	-32.592561	0.0	0.0
1.560547	7.840095875	-32.631085	0.0	0.0
1.561523	7.818749976	-32.671057	0.0	0.0
1.562500	7.803189815	-32.712286	0.0	0.0
1.563477	7.787731224	-32.753385	0.0	0.0
1.564453	7.778931532	-32.795365	0.0	0.0
1.565430	7.777842182	-32.836534	0.0	0.0
1.566406	7.782771800	-32.877612	0.0	0.0
1.567383	7.783166095	-32.917307	0.0	0.0
1.568359	7.780217606	-32.956733	0.0	0.0
1.569336	7.778422517	-32.996242	0.0	0.0
1.570313	7.775668568	-33.035179	0.0	0.0
1.571289	7.764298175	-33.073555	0.0	0.0
1.572266	7.749844691	-33.112319	0.0	0.0
1.573242	7.724382836	-33.151444	0.0	0.0
1.574219	7.707745036	-33.192550	0.0	0.0
1.575195	7.698331326	-33.233675	0.0	0.0
1.576172	7.692742281	-33.273749	0.0	0.0
1.577148	7.680848260	-33.313360	0.0	0.0
1.578125	7.670194756	-33.354519	0.0	0.0
1.579102	7.677169301	-33.395097	0.0	0.0
1.580078	7.671433590	-33.433033	0.0	0.0
1.581055	7.658579739	-33.472530	0.0	0.0
1.582031	7.650603357	-33.512705	0.0	0.0
1.583008	7.649066187	-33.551856	0.0	0.0
1.583984	7.635672081	-33.590258	0.0	0.0
1.584961	7.621273603	-33.630323	0.0	0.0
1.585938	7.621455566	-33.670383	0.0	0.0
1.586914	7.611893252	-33.709292	0.0	0.0
1.587891	7.611384189	-33.749143	0.0	0.0
1.588867	7.610496202	-33.787697	0.0	0.0
1.589844	7.606161145	-33.825554	0.0	0.0
1.590820	7.591760986	-33.862661	0.0	0.0
1.591797	7.569202466	-33.902181	0.0	0.0
1.592773	7.561203065	-33.942377	0.0	0.0
1.593750	7.556251736	-33.981761	0.0	0.0
1.594727	7.554860183	-34.020251	0.0	0.0
1.595703	7.545135202	-34.057923	0.0	0.0
1.596680	7.525887449	-34.096158	0.0	0.0
1.597656	7.510229244	-34.135754	0.0	0.0
1.598633	7.503853997	-34.175915	0.0	0.0
1.599609	7.497195935	-34.214931	0.0	0.0
1.600586	7.494964981	-34.253730	0.0	0.0
1.601563	7.487810729	-34.292311	0.0	0.0
1.602539	7.485500967	-34.331428	0.0	0.0
1.603516	7.485377287	-34.368515	0.0	0.0
1.604492	7.461684075	-34.406332	0.0	0.0
1.605469	7.448126685	-34.446278	0.0	0.0
1.606445	7.453047597	-34.486119	0.0	0.0
1.607422	7.457384087	-34.523185	0.0	0.0
1.608398	7.449376820	-34.560810	0.0	0.0
1.609375	7.445577244	-34.598876	0.0	0.0
1.610352	7.441968687	-34.635252	0.0	0.0
1.611328	7.427420985	-34.671639	0.0	0.0
1.612305	7.404135020	-34.709336	0.0	0.0
1.613281	7.388197845	-34.748853	0.0	0.0
1.614258	7.388109917	-34.787362	0.0	0.0
1.615234	7.376964924	-34.824238	0.0	0.0
1.616211	7.358944300	-34.862925	0.0	0.0
1.617188	7.353381396	-34.902109	0.0	0.0
1.618164	7.349652498	-34.940125	0.0	0.0
1.619141	7.344425958	-34.978213	0.0	0.0
1.620117	7.349316190	-35.015870	0.0	0.0
1.621094	7.342976195	-35.050963	0.0	0.0
1.622070	7.322268276	-35.088145	0.0	0.0
1.623047	7.315547473	-35.126597	0.0	0.0
1.624023	7.307137065	-35.162306	0.0	0.0
1.625000	7.289178604	-35.199978	0.0	0.0
1.625977	7.272043783	-35.238049	0.0	0.0
1.626953	7.259735446	-35.276490	0.0	0.0
1.627930	7.258031344	-35.314790	0.0	0.0
1.628906	7.256311827	-35.351784	0.0	0.0
1.629883	7.249051094	-35.387808	0.0	0.0
1.630859	7.234529750	-35.424653	0.0	0.0
1.631836	7.221952237	-35.461725	0.0	0.0
1.632813	7.205573052	-35.499489	0.0	0.0
1.633789	7.203888245	-35.537995	0.0	0.0
1.634766	7.203498722	-35.573903	0.0	0.0
1.635742	7.184423817	-35.610237	0.0	0.0
1.636719	7.177498799	-35.647632	0.0	0.0
1.637695	7.163303543	-35.683742	0.0	0.0
1.638672	7.147347287	-35.720994	0.0	0.0
1.639648	7.137518040	-35.758065	0.0	0.0
1.640625	7.125087047	-35.795486	0.0	0.0
1.641602	7.118758061	-35.833751	0.0	0.0
1.642578	7.122902044	-35.869950	0.0	0.0
1.643555	7.115011766	-35.904350	0.0	0.0
1.644531	7.088464200	-35.940481	0.0	0.0
1.645508	7.074350332	-35.978750	0.0	0.0
1.646484	7.072004475	-36.016234	0.0	0.0
1.647461	7.068681775	-36.051961	0.0	0.0
1.648438	7.064533226	-36.087217	0.0	0.0
1.649414	7.045828444	-36.121564	0.0	0.0
1.650391	7.020044085	-36.157774	0.0	0.0
1.651367	7.001058690	-36.195007	0.0	0.0
1.652344	6.986312439	-36.233116	0.0	0.0
1.653320	6.989509346	-36.270350	0.0	0.0
1.654297	6.986373598	-36.304482	0.0	0.0
1.655273	6.961696587	-36.339166	0.0	0.0
1.656250	6.940707298	-36.376639	0.0	0.0
1.657227	6.936427092	-36.412651	0.0	0.0
1.658203	6.919234888	-36.447569	0.0	0.0
1.659180	6.897020524	-36.484270	0.0	0.0
1.660156	6.886898346	-36.521501	0.0	0.0
1.661133	6.878296292	-36.557034	0.0	0.0
1.662109	6.863765124	-36.593061	0.0	0.0
1.663086	6.850271841	-36.629430	0.0	0.0
1.664063	6.844460614	-36.665377	0.0	0.0
1.665039	6.837481731	-36.699287	0.0	0.0
1.666016	6.811507657	-36.733825	0.0	0.0
1.666992	6.789957987	-36.770344	0.0	0.0
1.667969	6.773988728	-36.807142	0.0	0.0
1.668945	6.769282223	-36.843615	0.0	0.0
1.669922	6.760669184	-36.877450	0.0	0.0
1.670898	6.744049075	-36.912110	0.0	0.0
1.671875	6.726697338	-36.946620	0.0	0.0
1.672852	6.699607576	-36.981471	0.0	0.0
1.673828	6.675617567	-37.017663	0.0	0.0
1.674805	6.668809123	-37.054194	0.0	0.0
1.675781	6.656672246	-37.087935	0.0	0.0
1.676758	6.630227749	-37.122097	0.0	0.0
1.677734	6.604460578	-37.158011	0.0	0.0
1.678711	6.589202282	-37.193649	0.0	0.0
1.679688	6.568619860	-37.228362	0.0	0.0
1.680664	6.548846002	-37.264161	0.0	0.0
1.681641	6.532753603	-37.299860	0.0	0.0
1.682617	6.523058938	-37.334904	0.0	0.0
1.683594	6.506089345	-37.367304	0.0	0.0
1.684570	6.468261587	-37.401800	0.0	0.0
1.685547	6.447779456	-37.438634	0.0	0.0
1.686523	6.438736003	-37.474064	0.0	0.0
1.687500	6.422652430	-37.506555	0.0	0.0
1.688477	6.387910689	-37.540912	0.0	0.0
1.689453	6.368144118	-37.575700	0.0	0.0
1.690430	6.338138412	-37.610403	0.0	0.0
1.691406	6.318661467	-37.646354	0.0	0.0
1.692383	6.300942715	-37.680748	0.0	0.0
1.693359	6.281852664	-37.714386	0.0	0.0
1.694336	6.252787724	-37.747679	0.0	0.0
1.695313	6.220801944	-37.782111	0.0	0.0
1.696289	6.190208751	-37.817959	0.0	0.0
1.697266	6.173617960	-37.853404	0.0	0.0
1.698242	6.148571181	-37.887183	0.0	0.0
1.699219	6.124580416	-37.921660	0.0	0.0
1.700195	6.098067573	-37.956242	0.0	0.0
1.701172	6.082744174	-37.990908	0.0	0.0
1.702148	6.057315506	-38.023237	0.0	0.0
1.703125	6.026823742	-38.056961	0.0	0.0
1.704102	5.994740902	-38.091196	0.0	0.0
1.705078	5.972517326	-38.125294	0.0	0.0
1.706055	5.938261297	-38.159130	0.0	0.0
1.707031	5.917807587	-38.193340	0.0	0.0
1.708008	5.886982128	-38.226601	0.0	0.0
1.708984	5.854388309	-38.259529	0.0	0.0
1.709961	5.815888976	-38.293873	0.0	0.0
1.710938	5.783955378	-38.328753	0.0	0.0
1.711914	5.755026337	-38.364024	0.0	0.0
1.712891	5.736284503	-38.398423	0.0	0.0
1.713867	5.711090402	-38.430550	0.0	0.0
1.714844	5.670885729	-38.464231	0.0	0.0
1.715820	5.649594676	-38.498840	0.0	0.0
1.716797	5.619642474	-38.530255	0.0	0.0
1.717773	5.578246396	-38.563911	0.0	0.0
1.718750	5.550871004	-38.599055	0.0	0.0
1.719727	5.523864605	-38.631866	0.0	0.0
1.720703	5.491316908	-38.664478	0.0	0.0
1.721680	5.459343849	-38.697225	0.0	0.0
1.722656	5.421195815	-38.730021	0.0	0.0
1.723633	5.385539673	-38.763140	0.0	0.0
1.724609	5.349657758	-38.796553	0.0	0.0
1.725586	5.316465958	-38.829857	0.0	0.0
1.726563	5.281376978	-38.862869	0.0	0.0
1.727539	5.245474273	-38.896016	0.0	0.0
1.728516	5.208727329	-38.928950	0.0	0.0
1.729492	5.172913107	-38.962439	0.0	0.0
1.730469	5.133335571	-38.995090	0.0	0.0
1.731445	5.098631642	-39.028291	0.0	0.0
1.732422	5.059593157	-39.061362	0.0	0.0
1.733398	5.021037933	-39.094963	0.0	0.0
1.734375	4.987464464	-39.128191	0.0	0.0
1.735352	4.950153908	-39.161459	0.0	0.0
1.736328	4.915204195	-39.194432	0.0	0.0
1.737305	4.881148879	-39.227429	0.0	0.0
1.738281	4.848536610	-39.258333	0.0	0.0
1.739258	4.800076583	-39.290274	0.0	0.0
1.740234	4.760938009	-39.323563	0.0	0.0
1.741211	4.718311990	-39.356636	0.0	0.0
1.742188	4.679000886	-39.390358	0.0	0.0
1.743164	4.644674471	-39.423112	0.0	0.0
1.744141	4.605030905	-39.455240	0.0	0.0
1.745117	4.563981312	-39.488537	0.0	0.0
1.746094	4.530866834	-39.521907	0.0	0.0
1.747070	4.495636436	-39.553745	0.0	0.0
1.748047	4.462343407	-39.585337	0.0	0.0
1.749023	4.420122483	-39.615022	0.0	0.0
1.750000	4.369707919	-39.646749	0.0	0.0
1.750977	4.324764421	-39.680016	0.0	0.0
1.751953	4.286590398	-39.713834	0.0	0.0
1.752930	4.251379274	-39.745219	0.0	0.0
1.753906	4.204170387	-39.776511	0.0	0.0
1.754883	4.160254156	-39.809805	0.0	0.0
1.755859	4.124625588	-39.842649	0.0	0.0
1.756836	4.085453183	-39.872771	0.0	0.0
1.757813	4.037472245	-39.904604	0.0	0.0
1.758789	3.994112283	-39.937505	0.0	0.0
1.759766	3.956392059	-39.969950	0.0	0.0
1.760742	3.912929536	-40.001894	0.0	0.0
1.761719	3.873660177	-40.034741	0.0	0.0
1.762695	3.835407533	-40.065863	0.0	0.0
1.763672	3.791589639	-40.097155	0.0	0.0
1.764648	3.752428634	-40.128398	0.0	0.0
1.765625	3.705833562	-40.160447	0.0	0.0
1.766602	3.669746443	-40.192356	0.0	0.0
1.767578	3.626084430	-40.223457	0.0	0.0
1.768555	3.586537762	-40.254140	0.0	0.0
1.769531	3.539463742	-40.284326	0.0	0.0
1.770508	3.492637522	-40.316632	0.0	0.0
1.771484	3.449892907	-40.348925	0.0	0.0
1.772461	3.410367160	-40.380745	0.0	0.0
1.773438	3.366933576	-40.411690	0.0	0.0
1.774414	3.322486550	-40.443618	0.0	0.0
1.775391	3.280366044	-40.476163	0.0	0.0
1.776367	3.244591131	-40.508210	0.0	0.0
1.777344	3.204070745	-40.538172	0.0	0.0
1.778320	3.162280325	-40.569531	0.0	0.0
1.779297	3.122347817	-40.599573	0.0	0.0
1.780273	3.076582642	-40.629818	0.0	0.0
1.781250	3.034507971	-40.661658	0.0	0.0
1.782227	2.990177064	-40.692647	0.0	0.0
1.783203	2.947336661	-40.725067	0.0	0.0
1.784180	2.909128318	-40.757347	0.0	0.0
1.785156	2.873168934	-40.788432	0.0	0.0
1.786133	2.832366076	-40.817800	0.0	0.0
1.787109	2.790421325	-40.848347	0.0	0.0
1.788086	2.748460537	-40.879258	0.0	0.0
1.789063	2.707656851	-40.910570	0.0	0.0
1.790039	2.666072925	-40.942091	0.0	0.0
1.791016	2.629555703	-40.973297	0.0	0.0
1.791992	2.590367503	-41.004440	0.0	0.0
1.792969	2.554841708	-41.034684	0.0	0.0
1.793945	2.513359787	-41.064068	0.0	0.0
1.794922	2.474391934	-41.095256	0.0	0.0
1.795898	2.436753007	-41.125509	0.0	0.0
1.796875	2.398478524	-41.155160	0.0	0.0
1.797852	2.358463245	-41.185571	0.0	0.0
1.798828	2.322077771	-41.215954	0.0	0.0
1.799805	2.283771632	-41.244747	0.0	0.0
1.800781	2.241911166	-41.275149	0.0	0.0
1.801758	2.201320156	-41.305548	0.0	0.0
1.802734	2.165523399	-41.335881	0.0	0.0
1.803711	2.131775622	-41.366213	0.0	0.0
1.804688	2.096878821	-41.396511	0.0	0.0
1.805664	2.057586385	-41.426744	0.0	0.0
1.806641	2.019310467	-41.456974	0.0	0.0
1.807617	1.981220862	-41.487141	0.0	0.0
1.808594	1.946344021	-41.517304	0.0	0.0
1.809570	1.910151422	-41.547404	0.0	0.0
1.810547	1.873140629	-41.577501	0.0	0.0
1.811523	1.841288034	-41.607534	0.0	0.0
1.812500	1.810251775	-41.637565	0.0	0.0
1.813477	1.775434784	-41.667562	0.0	0.0
1.814453	1.738058673	-41.697496	0.0	0.0
1.815430	1.703286416	-41.727427	0.0	0.0
1.816406	1.671388974	-41.757294	0.0	0.0
1.817383	1.640750674	-41.787160	0.0	0.0
1.818359	1.605354343	-41.816961	0.0	0.0
1.819336	1.572100474	-41.846761	0.0	0.0
1.820313	1.539466132	-41.876528	0.0	0.0
1.821289	1.509755587	-41.906231	0.0	0.0
1.822266	1.481883064	-41.935932	0.0	0.0
1.823242	1.452448225	-41.965570	0.0	0.0
1.824219	1.422322243	-41.995206	0.0	0.0
1.825195	1.391849528	-42.024779	0.0	0.0
1.826172	1.359106638	-42.054350	0.0	0.0
1.827148	1.327343642	-42.083858	0.0	0.0
1.828125	1.298113831	-42.113364	0.0	0.0
1.829102	1.270582818	-42.142838	0.0	0.0
1.830078	1.241444861	-42.172249	0.0	0.0
1.831055	1.213560788	-42.201658	0.0	0.0
1.832031	1.186435054	-42.231005	0.0	0.0
1.833008	1.161489814	-42.260349	0.0	0.0
1.833984	1.136267081	-42.289632	0.0	0.0
1.834961	1.108924809	-42.318912	0.0	0.0
1.835938	1.083300179	-42.348161	0.0	0.0
1.836914	1.057555644	-42.377347	0.0	0.0
1.837891	1.032461793	-42.406531	0.0	0.0
1.838867	1.006313805	-42.435654	0.0	0.0
1.839844	0.982916679	-42.464775	0.0	0.0
1.840820	0.959099627	-42.493834	0.0	0.0
1.841797	0.933555387	-42.522891	0.0	0.0
1.842773	0.910457428	-42.551887	0.0	0.0
1.843750	0.888160650	-42.580881	0.0	0.0
1.844727	0.867009753	-42.609843	0.0	0.0
1.845703	0.845198313	-42.638745	0.0	0.0
1.846680	0.823552163	-42.667644	0.0	0.0
1.847656	0.802469967	-42.696482	0.0	0.0
1.848633	0.780964466	-42.725319	0.0	0.0
1.849609	0.759090468	-42.754094	0.0	0.0
1.850586	0.739315996	-42.782868	0.0	0.0
1.851563	0.717960767	-42.811610	0.0	0.0
1.852539	0.697474897	-42.840292	0.0	0.0
1.853516	0.678065550	-42.868973	0.0	0.0
1.854492	0.660064834	-42.897592	0.0	0.0
1.855469	0.642770289	-42.926210	0.0	0.0
1.856445	0.625520785	-42.954768	0.0	0.0
1.857422	0.607615733	-42.983324	0.0	0.0
1.858398	0.589343464	-43.011820	0.0	0.0
1.859375	0.571692840	-43.040314	0.0	0.0
1.860352	0.555565936	-43.068777	0.0	0.0
1.861328	0.540095656	-43.097181	0.0	0.0
1.862305	0.523929850	-43.125582	0.0	0.0
1.863281	0.507245485	-43.153924	0.0	0.0
1.864258	0.491494516	-43.182265	0.0	0.0
1.865234	0.477381295	-43.210546	0.0	0.0
1.866211	0.463135796	-43.238825	0.0	0.0
1.867188	0.449053871	-43.267074	0.0	0.0
1.868164	0.435509053	-43.295263	0.0	0.0
1.869141	0.421746794	-43.323451	0.0	0.0
1.870117	0.408258380	-43.351580	0.0	0.0
1.871094	0.394219619	-43.379707	0.0	0.0
1.872070	0.381080908	-43.407775	0.0	0.0
1.873047	0.368928199	-43.435842	0.0	0.0
1.874023	0.357152173	-43.463850	0.0	0.0
1.875000	0.345655554	-43.491856	0.0	0.0
1.875977	0.333776951	-43.519832	0.0	0.0
1.876953	0.322803967	-43.547750	0.0	0.0
1.877930	0.311629621	-43.575666	0.0	0.0
1.878906	0.300847757	-43.603524	0.0	0.0
1.879883	0.290727596	-43.631380	0.0	0.0
1.880859	0.280562966	-43.659178	0.0	0.0
1.881836	0.271262307	-43.686975	0.0	0.0
1.882813	0.261845433	-43.714741	0.0	0.0
1.883789	0.252418726	-43.742450	0.0	0.0
1.884766	0.243107968	-43.770158	0.0	0.0
1.885742	0.234781865	-43.797807	0.0	0.0
1.886719	0.226340987	-43.825455	0.0	0.0
1.887695	0.217695529	-43.853045	0.0	0.0
1.888672	0.209674586	-43.880634	0.0	0.0
1.889648	0.202304269	-43.908166	0.0	0.0
1.890625	0.195006152	-43.935696	0.0	0.0
1.891602	0.187403721	-43.963197	0.0	0.0
1.892578	0.180073921	-43.990640	0.0	0.0
1.893555	0.173127531	-44.018082	0.0	0.0
1.894531	0.166590237	-44.045467	0.0	0.0
1.895508	0.160204063	-44.072851	0.0	0.0
1.896484	0.154008826	-44.100177	0.0	0.0
1.897461	0.147651127	-44.127503	0.0	0.0
1.898438	0.141795085	-44.154799	0.0	0.0
1.899414	0.136357994	-44.182039	0.0	0.0
1.900391	0.130861290	-44.209277	0.0	0.0
1.901367	0.125400838	-44.236459	0.0	0.0
1.902344	0.120495566	-44.263639	0.0	0.0
1.903320	0.115742218	-44.290763	0.0	0.0
1.904297	0.110925115	-44.317886	0.0	0.0
1.905273	0.106111022	-44.344952	0.0	0.0
1.906250	0.101622364	-44.372018	0.0	0.0
1.907227	0.097368533	-44.399054	0.0	0.0
1.908203	0.093215285	-44.426035	0.0	0.0
1.909180	0.089310811	-44.453014	0.0	0.0
1.910156	0.085319663	-44.479937	0.0	0.0
1.911133	0.081609187	-44.506860	0.0	0.0
1.912109	0.078180559	-44.533726	0.0	0.0
1.913086	0.074783838	-44.560591	0.0	0.0
1.914063	0.071397469	-44.587428	0.0	0.0
1.915039	0.068307764	-44.614210	0.0	0.0
1.916016	0.065281206	-44.640990	0.0	0.0
1.916992	0.062229388	-44.667715	0.0	0.0
1.917969	0.059368591	-44.694439	0.0	0.0
1.918945	0.056735403	-44.721107	0.0	0.0
1.919922	0.054145935	-44.747775	0.0	0.0
1.920898	0.051634484	-44.774387	0.0	0.0
1.921875	0.049190601	-44.800999	0.0	0.0
1.922852	0.046797377	-44.827582	0.0	0.0
1.923828	0.044589394	-44.854111	0.0	0.0
1.924805	0.042489932	-44.880638	0.0	0.0
1.925781	0.040422458	-44.907111	0.0	0.0
1.926758	0.038503057	-44.933583	0.0	0.0
1.927734	0.036596444	-44.960000	0.0	0.0
1.928711	0.034808912	-44.986416	0.0	0.0
1.929688	0.033123414	-45.012805	0.0	0.0
1.930664	0.031489765	-45.039139	0.0	0.0
1.931641	0.029887914	-45.065472	0.0	0.0
1.932617	0.028392618	-45.091751	0.0	0.0
1.933594	0.026933654	-45.118029	0.0	0.0
1.934570	0.025487266	-45.144253	0.0	0.0
1.935547	0.024154220	-45.170477	0.0	0.0
1.936523	0.022909211	-45.196646	0.0	0.0
1.937500	0.021681525	-45.222814	0.0	0.0
1.938477	0.020505597	-45.248955	0.0	0.0
1.939453	0.019393869	-45.275042	0.0	0.0
1.940430	0.018346198	-45.301129	0.0	0.0
1.941406	0.017351432	-45.327161	0.0	0.0
1.942383	0.016404815	-45.353193	0.0	0.0
1.943359	0.015512116	-45.379172	0.0	0.0
1.944336	0.014647477	-45.405150	0.0	0.0
1.945313	0.013812056	-45.431101	0.0	0.0
1.946289	0.012992957	-45.456998	0.0	0.0
1.947266	0.012227699	-45.482895	0.0	0.0
1.948242	0.011505902	-45.508738	0.0	0.0
1.949219	0.010824377	-45.534581	0.0	0.0
1.950195	0.010186101	-45.560371	0.0	0.0
1.951172	0.009570108	-45.586160	0.0	0.0
1.952148	0.008981462	-45.611896	0.0	0.0
1.953125	0.008434192	-45.637632	0.0	0.0
1.954102	0.007902764	-45.663341	0.0	0.0
1.955078	0.007385216	-45.688997	0.0	0.0
1.956055	0.006917431	-45.714653	0.0	0.0
1.957031	0.006466141	-45.740256	0.0	0.0
1.958008	0.006050425	-45.765859	0.0	0.0
1.958984	0.005653316	-45.791409	0.0	0.0
1.959961	0.005280177	-45.816958	0.0	0.0
1.960938	0.004932514	-45.842482	0.0	0.0
1.961914	0.004601111	-45.867952	0.0	0.0
1.962891	0.004299061	-45.893423	0.0	0.0
1.963867	0.004022405	-45.918841	0.0	0.0
1.964844	0.003757242	-45.944259	0.0	0.0
1.965820	0.003519933	-45.969625	0.0	0.0
1.966797	0.003297773	-45.994990	0.0	0.0
1.967773	0.003099057	-46.020304	0.0	0.0
1.968750	0.002924491	-46.045617	0.0	0.0
1.969727	0.002761966	-46.070904	0.0	0.0
1.970703	0.002623234	-46.096140	0.0	0.0
1.971680	0.002504277	-46.121375	0.0	0.0
1.972656	0.002402483	-46.146558	0.0	0.0
1.973633	0.002321756	-46.171742	0.0	0.0
1.974609	0.002250858	-46.196873	0.0	0.0
1.975586	0.002192653	-46.222005	0.0	0.0
1.976563	0.002148468	-46.247111	0.0	0.0
1.977539	0.002117564	-46.272165	0.0	0.0
1.978516	0.002089330	-46.297219	0.0	0.0
1.979492	0.002080927	-46.322222	0.0	0.0
1.980469	0.002074788	-46.347225	0.0	0.0
1.981445	0.002068609	-46.372177	0.0	0.0
1.982422	0.002081446	-46.397129	0.0	0.0
1.983398	0.002092672	-46.422029	0.0	0.0
1.984375	0.002099311	-46.446930	0.0	0.0
1.985352	0.002109697	-46.471805	0.0	0.0
1.986328	0.002124025	-46.496629	0.0	0.0
1.987305	0.002142816	-46.521454	0.0	0.0
1.988281	0.002157958	-46.546227	0.0	0.0
1.989258	0.002173473	-46.571001	0.0	0.0
1.990234	0.002184490	-46.595724	0.0	0.0
1.991211	0.002191475	-46.620447	0.0	0.0
1.992188	0.002204018	-46.645145	0.0	0.0
1.993164	0.002214993	-46.669793	0.0	0.0
1.994141	0.002225927	-46.694441	0.0	0.0
1.995117	0.002233322	-46.719038	0.0	0.0
1.996094	0.002250055	-46.743636	0.0	0.0
1.997070	0.002243467	-46.768183	0.0	0.0
1.998047	0.002248507	-46.792731	0.0	0.0
1.999023	0.002251793	-46.817228	0.0	0.0
2.000000	0.002253620	-46.841726	0.0	0.0

