# UNCLASSIFIED
#
# Response info for H02S broad-band site.
#
# Effective: 18 May 2006
# Creation date: 17 Apr 2007
# File name: H02S_bb_rsp
#
# Source: James Neely (TTD), TSgt Walkup (TTD)
# System equipment: Guralp CMG3T seismometer and GD2 digitizer.
#
# The response file was derived from equations of state.
# Displacement response normalized to 1.0 at 1.0 Hz.
#
# The calib values for this configuration are as follows:
#
# H02S1 HHZ is 0.031876 nm/count at 1.0 Hz.
# H02S1 HHN is 0.031412 nm/count at 1.0 Hz.
# H02S1 HHE is 0.031537 nm/count at 1.0 Hz.
#
# Freq(Hz)     Amp(counts/nm)    Phase(deg)   Error(amp) Error(phase)
#
 theoretical   0   instrument   fap
111
0.001000	0.000014096	260.220000	0.0	0.0
0.011000	0.009355247	158.270000	0.0	0.0
0.021000	0.020290771	123.620000	0.0	0.0
0.031000	0.030246523	112.230000	0.0	0.0
0.041000	0.039823009	106.630000	0.0	0.0
0.051000	0.049936789	103.280000	0.0	0.0
0.061000	0.059734513	101.050000	0.0	0.0
0.071000	0.069532238	99.452000	0.0	0.0
0.081000	0.079013906	98.250000	0.0	0.0
0.091000	0.088811631	97.311000	0.0	0.0
0.100000	0.099873578	96.626000	0.0	0.0
0.600000	0.600505689	90.290000	0.0	0.0
1.100000	1.099873578	89.082000	0.0	0.0
1.600000	1.599241466	88.194000	0.0	0.0
2.100000	2.098609355	87.397000	0.0	0.0
2.600000	2.597977244	86.640000	0.0	0.0
3.100000	3.097345133	85.902000	0.0	0.0
3.600000	3.603034134	85.176000	0.0	0.0
4.100000	4.108723135	84.458000	0.0	0.0
4.600000	4.582806574	83.745000	0.0	0.0
5.100000	5.088495575	83.036000	0.0	0.0
5.600000	5.562579014	82.330000	0.0	0.0
6.100000	6.068268015	81.626000	0.0	0.0
6.600000	6.542351454	80.924000	0.0	0.0
7.100000	7.048040455	80.224000	0.0	0.0
7.600000	7.553729456	79.525000	0.0	0.0
8.100000	8.027812895	78.827000	0.0	0.0
8.600000	8.533501896	78.131000	0.0	0.0
9.100000	9.039190898	77.435000	0.0	0.0
9.600000	9.481668774	76.741000	0.0	0.0
10.100000	9.955752212	76.048000	0.0	0.0
10.600000	10.461441214	75.355000	0.0	0.0
11.100000	10.935524652	74.664000	0.0	0.0
11.600000	11.441213654	73.974000	0.0	0.0
12.100000	11.915297092	73.284000	0.0	0.0
12.600000	12.389380531	72.596000	0.0	0.0
13.100000	12.831858407	71.909000	0.0	0.0
13.600000	13.305941846	71.222000	0.0	0.0
14.100000	13.811630847	70.537000	0.0	0.0
14.600000	14.254108723	69.853000	0.0	0.0
15.100000	14.696586599	69.169000	0.0	0.0
15.600000	15.170670038	68.487000	0.0	0.0
16.100000	15.644753477	67.806000	0.0	0.0
16.600000	16.087231353	67.126000	0.0	0.0
17.100000	16.529709229	66.447000	0.0	0.0
17.600000	17.003792668	65.769000	0.0	0.0
18.100000	17.477876106	65.093000	0.0	0.0
18.600000	17.888748420	64.417000	0.0	0.0
19.100000	18.299620733	63.743000	0.0	0.0
19.600000	18.742098609	63.070000	0.0	0.0
20.100000	19.152970923	62.398000	0.0	0.0
20.600000	19.627054362	61.728000	0.0	0.0
21.100000	20.101137800	61.058000	0.0	0.0
21.600000	20.512010114	60.391000	0.0	0.0
22.100000	20.922882427	59.724000	0.0	0.0
22.600000	21.333754741	59.059000	0.0	0.0
23.100000	21.744627054	58.395000	0.0	0.0
23.600000	22.187104930	57.733000	0.0	0.0
24.100000	22.629582807	57.072000	0.0	0.0
24.600000	23.008849558	56.412000	0.0	0.0
25.100000	23.388116308	55.754000	0.0	0.0
25.600000	23.798988622	55.097000	0.0	0.0
26.100000	24.178255373	54.442000	0.0	0.0
26.600000	24.589127686	53.788000	0.0	0.0
27.100000	25.000000000	53.136000	0.0	0.0
27.600000	25.410872314	52.486000	0.0	0.0
28.100000	25.821744627	51.836000	0.0	0.0
28.600000	26.169405815	51.189000	0.0	0.0
29.100000	26.548672566	50.543000	0.0	0.0
29.600000	26.927939317	49.899000	0.0	0.0
30.100000	27.307206068	49.256000	0.0	0.0
30.600000	27.623261694	48.615000	0.0	0.0
31.100000	27.970922882	47.976000	0.0	0.0
31.600000	28.350189633	47.338000	0.0	0.0
32.100000	28.729456384	46.703000	0.0	0.0
32.600000	29.045512010	46.068000	0.0	0.0
33.100000	29.361567636	45.435000	0.0	0.0
33.600000	29.804045512	44.805000	0.0	0.0
34.100000	30.183312263	44.176000	0.0	0.0
34.600000	30.467762326	43.548000	0.0	0.0
35.100000	30.783817952	42.923000	0.0	0.0
35.600000	31.068268015	42.299000	0.0	0.0
36.100000	31.384323641	41.677000	0.0	0.0
36.600000	31.605562579	41.056000	0.0	0.0
37.100000	32.237673831	40.438000	0.0	0.0
37.600000	32.553729456	39.822000	0.0	0.0
38.100000	32.869785082	39.207000	0.0	0.0
38.600000	33.185840708	38.594000	0.0	0.0
39.100000	33.501896334	37.983000	0.0	0.0
39.600000	33.501896334	37.374000	0.0	0.0
40.100000	33.817951960	36.766000	0.0	0.0
40.600000	34.134007585	36.161000	0.0	0.0
41.100000	34.450063211	35.556000	0.0	0.0
41.600000	34.766118837	34.955000	0.0	0.0
42.100000	35.082174463	34.355000	0.0	0.0
42.600000	35.398230088	33.757000	0.0	0.0
43.100000	35.398230088	33.161000	0.0	0.0
43.600000	35.714285714	32.567000	0.0	0.0
44.100000	36.030341340	31.974000	0.0	0.0
44.600000	35.714285714	31.384000	0.0	0.0
45.100000	34.766118837	30.796000	0.0	0.0
45.600000	31.605562579	30.209000	0.0	0.0
46.100000	28.128950695	29.625000	0.0	0.0
46.600000	21.902654867	29.042000	0.0	0.0
47.100000	15.865992415	28.461000	0.0	0.0
47.600000	10.524652339	27.882000	0.0	0.0
48.100000	5.720606827	27.306000	0.0	0.0
48.600000	3.192161820	26.730000	0.0	0.0
49.100000	1.058786346	26.158000	0.0	0.0
49.600000	0.499367889	25.586000	0.0	0.0
50.100000	0.046776233	25.017000	0.0	0.0
