#UNLASSIFIED
#
# Response info for QSPA broad-band site.
#
# Effective: 29 Dec 2004
# Creation date: 28 Nov 2007
# File name: QSPA_BB_rsp.txt
#
# Source: James Neely (TTD), TSgt Magar
# System equipment: Guralp_CMG-3TB seismometer and Quanterra_Q680
# digitizer.
#
# The response file was derived from equations of state.
# Displacement response normalized to 1.0 at 0.1 Hz.
#
# The calib values for this configuration are as follows:
#
# QSPA BHZ is 0.189600 nm/count at 0.1 Hz.
# QSPA BHN is 0.189600 nm/count at 0.1 Hz.
# QSPA BHE is 0.189600 nm/count at 0.1 Hz.
#
# Freq(Hz)     Amp(counts/nm)    Phase(deg)   Error(amp) Error(phase)
#
 theoretical  0       system    fap   J.Neely
1000
   0.0010000000    0.0000146819   80.2031500000    0.0000000000    0.0000000000
   0.0010092620    0.0000150936   80.1115500000    0.0000000000    0.0000000000
   0.0010186100    0.0000155168   80.0190800000    0.0000000000    0.0000000000
   0.0010280450    0.0000159519   79.9257200000    0.0000000000    0.0000000000
   0.0010375670    0.0000163992   79.8314700000    0.0000000000    0.0000000000
   0.0010471770    0.0000168590   79.7363300000    0.0000000000    0.0000000000
   0.0010568760    0.0000173318   79.6402800000    0.0000000000    0.0000000000
   0.0010666650    0.0000178177   79.5433100000    0.0000000000    0.0000000000
   0.0010765450    0.0000183173   79.4454100000    0.0000000000    0.0000000000
   0.0010865160    0.0000188309   79.3465800000    0.0000000000    0.0000000000
   0.0010965790    0.0000193589   79.2468100000    0.0000000000    0.0000000000
   0.0011067360    0.0000199017   79.1460800000    0.0000000000    0.0000000000
   0.0011169870    0.0000204598   79.0443800000    0.0000000000    0.0000000000
   0.0011273330    0.0000210334   78.9417100000    0.0000000000    0.0000000000
   0.0011377740    0.0000216232   78.8380600000    0.0000000000    0.0000000000
   0.0011483120    0.0000222294   78.7334100000    0.0000000000    0.0000000000
   0.0011589480    0.0000228527   78.6277600000    0.0000000000    0.0000000000
   0.0011696830    0.0000234934   78.5211000000    0.0000000000    0.0000000000
   0.0011805170    0.0000241521   78.4134100000    0.0000000000    0.0000000000
   0.0011914510    0.0000248293   78.3046800000    0.0000000000    0.0000000000
   0.0012024860    0.0000255254   78.1949100000    0.0000000000    0.0000000000
   0.0012136240    0.0000262410   78.0840800000    0.0000000000    0.0000000000
   0.0012248650    0.0000269767   77.9721900000    0.0000000000    0.0000000000
   0.0012362100    0.0000277331   77.8592100000    0.0000000000    0.0000000000
   0.0012476600    0.0000285106   77.7451500000    0.0000000000    0.0000000000
   0.0012592160    0.0000293098   77.6299900000    0.0000000000    0.0000000000
   0.0012708790    0.0000301315   77.5137100000    0.0000000000    0.0000000000
   0.0012826500    0.0000309763   77.3963100000    0.0000000000    0.0000000000
   0.0012945300    0.0000318446   77.2777800000    0.0000000000    0.0000000000
   0.0013065200    0.0000327374   77.1580900000    0.0000000000    0.0000000000
   0.0013186210    0.0000336551   77.0372500000    0.0000000000    0.0000000000
   0.0013308350    0.0000345985   76.9152400000    0.0000000000    0.0000000000
   0.0013431610    0.0000355684   76.7920400000    0.0000000000    0.0000000000
   0.0013556020    0.0000365655   76.6676500000    0.0000000000    0.0000000000
   0.0013681580    0.0000375904   76.5420500000    0.0000000000    0.0000000000
   0.0013808300    0.0000386441   76.4152300000    0.0000000000    0.0000000000
   0.0013936190    0.0000397273   76.2871700000    0.0000000000    0.0000000000
   0.0014065270    0.0000408408   76.1578700000    0.0000000000    0.0000000000
   0.0014195550    0.0000419856   76.0273000000    0.0000000000    0.0000000000
   0.0014327030    0.0000431624   75.8954700000    0.0000000000    0.0000000000
   0.0014459730    0.0000443721   75.7623400000    0.0000000000    0.0000000000
   0.0014593660    0.0000456157   75.6279200000    0.0000000000    0.0000000000
   0.0014728830    0.0000468942   75.4921800000    0.0000000000    0.0000000000
   0.0014865250    0.0000482084   75.3551100000    0.0000000000    0.0000000000
   0.0015002930    0.0000495595   75.2166900000    0.0000000000    0.0000000000
   0.0015141890    0.0000509484   75.0769300000    0.0000000000    0.0000000000
   0.0015282140    0.0000523761   74.9357800000    0.0000000000    0.0000000000
   0.0015423690    0.0000538439   74.7932600000    0.0000000000    0.0000000000
   0.0015566540    0.0000553527   74.6493300000    0.0000000000    0.0000000000
   0.0015710720    0.0000569037   74.5039800000    0.0000000000    0.0000000000
   0.0015856240    0.0000584982   74.3572000000    0.0000000000    0.0000000000
   0.0016003100    0.0000601373   74.2089800000    0.0000000000    0.0000000000
   0.0016151330    0.0000618222   74.0592900000    0.0000000000    0.0000000000
   0.0016300920    0.0000635543   73.9081200000    0.0000000000    0.0000000000
   0.0016451910    0.0000653349   73.7554500000    0.0000000000    0.0000000000
   0.0016604290    0.0000671653   73.6012800000    0.0000000000    0.0000000000
   0.0016758080    0.0000690469   73.4455700000    0.0000000000    0.0000000000
   0.0016913300    0.0000709811   73.2883200000    0.0000000000    0.0000000000
   0.0017069950    0.0000729694   73.1295100000    0.0000000000    0.0000000000
   0.0017228050    0.0000750133   72.9691200000    0.0000000000    0.0000000000
   0.0017387620    0.0000771144   72.8071300000    0.0000000000    0.0000000000
   0.0017548670    0.0000792742   72.6435300000    0.0000000000    0.0000000000
   0.0017711210    0.0000814945   72.4783000000    0.0000000000    0.0000000000
   0.0017875260    0.0000837768   72.3114100000    0.0000000000    0.0000000000
   0.0018040820    0.0000861228   72.1428500000    0.0000000000    0.0000000000
   0.0018207920    0.0000885345   71.9726100000    0.0000000000    0.0000000000
   0.0018376560    0.0000910135   71.8006600000    0.0000000000    0.0000000000
   0.0018546770    0.0000935618   71.6269900000    0.0000000000    0.0000000000
   0.0018718550    0.0000961813   71.4515700000    0.0000000000    0.0000000000
   0.0018891930    0.0000988739   71.2743800000    0.0000000000    0.0000000000
   0.0019066910    0.0001016420   71.0954100000    0.0000000000    0.0000000000
   0.0019243510    0.0001044870   70.9146400000    0.0000000000    0.0000000000
   0.0019421750    0.0001074120   70.7320400000    0.0000000000    0.0000000000
   0.0019601630    0.0001104180   70.5475900000    0.0000000000    0.0000000000
   0.0019783190    0.0001135080   70.3612800000    0.0000000000    0.0000000000
   0.0019966420    0.0001166840   70.1730800000    0.0000000000    0.0000000000
   0.0020151360    0.0001199490   69.9829600000    0.0000000000    0.0000000000
   0.0020338000    0.0001233050   69.7909200000    0.0000000000    0.0000000000
   0.0020526380    0.0001267550   69.5969200000    0.0000000000    0.0000000000
   0.0020716500    0.0001303010   69.4009500000    0.0000000000    0.0000000000
   0.0020908380    0.0001339450   69.2029700000    0.0000000000    0.0000000000
   0.0021102030    0.0001376920   69.0029800000    0.0000000000    0.0000000000
   0.0021297490    0.0001415420   68.8009300000    0.0000000000    0.0000000000
   0.0021494750    0.0001455000   68.5968200000    0.0000000000    0.0000000000
   0.0021693840    0.0001495680   68.3906100000    0.0000000000    0.0000000000
   0.0021894770    0.0001537500   68.1822900000    0.0000000000    0.0000000000
   0.0022097560    0.0001580470   67.9718200000    0.0000000000    0.0000000000
   0.0022302230    0.0001624650   67.7591900000    0.0000000000    0.0000000000
   0.0022508800    0.0001670050   67.5443600000    0.0000000000    0.0000000000
   0.0022717280    0.0001716710   67.3273100000    0.0000000000    0.0000000000
   0.0022927690    0.0001764680   67.1080200000    0.0000000000    0.0000000000
   0.0023140050    0.0001813970   66.8864500000    0.0000000000    0.0000000000
   0.0023354380    0.0001864640   66.6625900000    0.0000000000    0.0000000000
   0.0023570690    0.0001916710   66.4364000000    0.0000000000    0.0000000000
   0.0023789010    0.0001970230   66.2078600000    0.0000000000    0.0000000000
   0.0024009350    0.0002025230   65.9769400000    0.0000000000    0.0000000000
   0.0024231730    0.0002081760   65.7436100000    0.0000000000    0.0000000000
   0.0024456170    0.0002139850   65.5078400000    0.0000000000    0.0000000000
   0.0024682680    0.0002199560   65.2696000000    0.0000000000    0.0000000000
   0.0024911300    0.0002260920   65.0288700000    0.0000000000    0.0000000000
   0.0025142030    0.0002323990   64.7856200000    0.0000000000    0.0000000000
   0.0025374900    0.0002388790   64.5398000000    0.0000000000    0.0000000000
   0.0025609930    0.0002455390   64.2914000000    0.0000000000    0.0000000000
   0.0025847140    0.0002523830   64.0403800000    0.0000000000    0.0000000000
   0.0026086540    0.0002594160   63.7867200000    0.0000000000    0.0000000000
   0.0026328150    0.0002666440   63.5303700000    0.0000000000    0.0000000000
   0.0026572010    0.0002740710   63.2713100000    0.0000000000    0.0000000000
   0.0026818130    0.0002817030   63.0095000000    0.0000000000    0.0000000000
   0.0027066520    0.0002895460   62.7449200000    0.0000000000    0.0000000000
   0.0027317220    0.0002976040   62.4775200000    0.0000000000    0.0000000000
   0.0027570230    0.0003058850   62.2072800000    0.0000000000    0.0000000000
   0.0027825590    0.0003143930   61.9341600000    0.0000000000    0.0000000000
   0.0028083320    0.0003231360   61.6581300000    0.0000000000    0.0000000000
   0.0028343430    0.0003321180   61.3791400000    0.0000000000    0.0000000000
   0.0028605960    0.0003413480   61.0971700000    0.0000000000    0.0000000000
   0.0028870910    0.0003508300   60.8121800000    0.0000000000    0.0000000000
   0.0029138320    0.0003605730   60.5241400000    0.0000000000    0.0000000000
   0.0029408200    0.0003705830   60.2330000000    0.0000000000    0.0000000000
   0.0029680590    0.0003808660   59.9387300000    0.0000000000    0.0000000000
   0.0029955490    0.0003914310   59.6412900000    0.0000000000    0.0000000000
   0.0030232950    0.0004022840   59.3406400000    0.0000000000    0.0000000000
   0.0030512970    0.0004134340   59.0367500000    0.0000000000    0.0000000000
   0.0030795590    0.0004248870   58.7295800000    0.0000000000    0.0000000000
   0.0031080820    0.0004366520   58.4190900000    0.0000000000    0.0000000000
   0.0031368700    0.0004487380   58.1052300000    0.0000000000    0.0000000000
   0.0031659240    0.0004611520   57.7879700000    0.0000000000    0.0000000000
   0.0031952480    0.0004739030   57.4672700000    0.0000000000    0.0000000000
   0.0032248420    0.0004870000   57.1430900000    0.0000000000    0.0000000000
   0.0032547120    0.0005004510   56.8153900000    0.0000000000    0.0000000000
   0.0032848570    0.0005142660   56.4841200000    0.0000000000    0.0000000000
   0.0033152820    0.0005284540   56.1492400000    0.0000000000    0.0000000000
   0.0033459890    0.0005430250   55.8107200000    0.0000000000    0.0000000000
   0.0033769800    0.0005579880   55.4685000000    0.0000000000    0.0000000000
   0.0034082590    0.0005733540   55.1225600000    0.0000000000    0.0000000000
   0.0034398260    0.0005891320   54.7728400000    0.0000000000    0.0000000000
   0.0034716870    0.0006053330   54.4193000000    0.0000000000    0.0000000000
   0.0035038420    0.0006219670   54.0618900000    0.0000000000    0.0000000000
   0.0035362960    0.0006390460   53.7005800000    0.0000000000    0.0000000000
   0.0035690490    0.0006565800   53.3353300000    0.0000000000    0.0000000000
   0.0036021070    0.0006745810   52.9660700000    0.0000000000    0.0000000000
   0.0036354700    0.0006930590   52.5927900000    0.0000000000    0.0000000000
   0.0036691420    0.0007120280   52.2154200000    0.0000000000    0.0000000000
   0.0037031270    0.0007314980   51.8339200000    0.0000000000    0.0000000000
   0.0037374260    0.0007514830   51.4482500000    0.0000000000    0.0000000000
   0.0037720420    0.0007719930   51.0583700000    0.0000000000    0.0000000000
   0.0038069800    0.0007930430   50.6642300000    0.0000000000    0.0000000000
   0.0038422410    0.0008146440   50.2657800000    0.0000000000    0.0000000000
   0.0038778280    0.0008368100   49.8629900000    0.0000000000    0.0000000000
   0.0039137460    0.0008595540   49.4558000000    0.0000000000    0.0000000000
   0.0039499950    0.0008828900   49.0441800000    0.0000000000    0.0000000000
   0.0039865810    0.0009068310   48.6280800000    0.0000000000    0.0000000000
   0.0040235060    0.0009313920   48.2074500000    0.0000000000    0.0000000000
   0.0040607720    0.0009565850   47.7822600000    0.0000000000    0.0000000000
   0.0040983840    0.0009824270   47.3524500000    0.0000000000    0.0000000000
   0.0041363440    0.0010089300   46.9179900000    0.0000000000    0.0000000000
   0.0041746550    0.0010361100   46.4788400000    0.0000000000    0.0000000000
   0.0042133220    0.0010639800   46.0349400000    0.0000000000    0.0000000000
   0.0042523460    0.0010925600   45.5862700000    0.0000000000    0.0000000000
   0.0042917320    0.0011218600   45.1327800000    0.0000000000    0.0000000000
   0.0043314830    0.0011519000   44.6744300000    0.0000000000    0.0000000000
   0.0043716020    0.0011827000   44.2111900000    0.0000000000    0.0000000000
   0.0044120930    0.0012142600   43.7430100000    0.0000000000    0.0000000000
   0.0044529590    0.0012466000   43.2698500000    0.0000000000    0.0000000000
   0.0044942030    0.0012797500   42.7916900000    0.0000000000    0.0000000000
   0.0045358290    0.0013137100   42.3084800000    0.0000000000    0.0000000000
   0.0045778410    0.0013485100   41.8202000000    0.0000000000    0.0000000000
   0.0046202410    0.0013841600   41.3268000000    0.0000000000    0.0000000000
   0.0046630350    0.0014206700   40.8282700000    0.0000000000    0.0000000000
   0.0047062250    0.0014580700   40.3245600000    0.0000000000    0.0000000000
   0.0047498150    0.0014963600   39.8156500000    0.0000000000    0.0000000000
   0.0047938080    0.0015355700   39.3015200000    0.0000000000    0.0000000000
   0.0048382100    0.0015757200   38.7821300000    0.0000000000    0.0000000000
   0.0048830220    0.0016168100   38.2574800000    0.0000000000    0.0000000000
   0.0049282500    0.0016588600   37.7275300000    0.0000000000    0.0000000000
   0.0049738960    0.0017019000   37.1922700000    0.0000000000    0.0000000000
   0.0050199650    0.0017459300   36.6516800000    0.0000000000    0.0000000000
   0.0050664610    0.0017909800   36.1057500000    0.0000000000    0.0000000000
   0.0051133880    0.0018370600   35.5544600000    0.0000000000    0.0000000000
   0.0051607490    0.0018841900   34.9978200000    0.0000000000    0.0000000000
   0.0052085490    0.0019323700   34.4358000000    0.0000000000    0.0000000000
   0.0052567910    0.0019816400   33.8684100000    0.0000000000    0.0000000000
   0.0053054810    0.0020319900   33.2956600000    0.0000000000    0.0000000000
   0.0053546210    0.0020834600   32.7175300000    0.0000000000    0.0000000000
   0.0054042160    0.0021360500   32.1340400000    0.0000000000    0.0000000000
   0.0054542710    0.0021897700   31.5452000000    0.0000000000    0.0000000000
   0.0055047900    0.0022446500   30.9510200000    0.0000000000    0.0000000000
   0.0055557760    0.0023006800   30.3515100000    0.0000000000    0.0000000000
   0.0056072350    0.0023579000   29.7467100000    0.0000000000    0.0000000000
   0.0056591700    0.0024163100   29.1366300000    0.0000000000    0.0000000000
   0.0057115860    0.0024759200   28.5212900000    0.0000000000    0.0000000000
   0.0057644880    0.0025367500   27.9007400000    0.0000000000    0.0000000000
   0.0058178800    0.0025988000   27.2750100000    0.0000000000    0.0000000000
   0.0058717660    0.0026620900   26.6441500000    0.0000000000    0.0000000000
   0.0059261520    0.0027266300   26.0081900000    0.0000000000    0.0000000000
   0.0059810410    0.0027924200   25.3671800000    0.0000000000    0.0000000000
   0.0060364390    0.0028594800   24.7211900000    0.0000000000    0.0000000000
   0.0060923490    0.0029278100   24.0702700000    0.0000000000    0.0000000000
   0.0061487780    0.0029974200   23.4144900000    0.0000000000    0.0000000000
   0.0062057290    0.0030683200   22.7539100000    0.0000000000    0.0000000000
   0.0062632070    0.0031405100   22.0886100000    0.0000000000    0.0000000000
   0.0063212180    0.0032139900   21.4186700000    0.0000000000    0.0000000000
   0.0063797670    0.0032887800   20.7441800000    0.0000000000    0.0000000000
   0.0064388570    0.0033648800   20.0652100000    0.0000000000    0.0000000000
   0.0064984950    0.0034422800   19.3818700000    0.0000000000    0.0000000000
   0.0065586860    0.0035209900   18.6942600000    0.0000000000    0.0000000000
   0.0066194330    0.0036010000   18.0024800000    0.0000000000    0.0000000000
   0.0066807440    0.0036823300   17.3066500000    0.0000000000    0.0000000000
   0.0067426220    0.0037649600   16.6068600000    0.0000000000    0.0000000000
   0.0068050740    0.0038488900   15.9032600000    0.0000000000    0.0000000000
   0.0068681040    0.0039341300   15.1959500000    0.0000000000    0.0000000000
   0.0069317170    0.0040206600   14.4850700000    0.0000000000    0.0000000000
   0.0069959200    0.0041084900   13.7707600000    0.0000000000    0.0000000000
   0.0070607180    0.0041976000   13.0531500000    0.0000000000    0.0000000000
   0.0071261150    0.0042879900   12.3323900000    0.0000000000    0.0000000000
   0.0071921190    0.0043796500   11.6086300000    0.0000000000    0.0000000000
   0.0072587340    0.0044725600   10.8820100000    0.0000000000    0.0000000000
   0.0073259650    0.0045667300   10.1526900000    0.0000000000    0.0000000000
   0.0073938200    0.0046621400    9.4208460000    0.0000000000    0.0000000000
   0.0074623030    0.0047587800    8.6866260000    0.0000000000    0.0000000000
   0.0075314200    0.0048566400    7.9502030000    0.0000000000    0.0000000000
   0.0076011780    0.0049557000    7.2117480000    0.0000000000    0.0000000000
   0.0076715810    0.0050559400    6.4714340000    0.0000000000    0.0000000000
   0.0077426370    0.0051573600    5.7294400000    0.0000000000    0.0000000000
   0.0078143510    0.0052599400    4.9859450000    0.0000000000    0.0000000000
   0.0078867290    0.0053636700    4.2411310000    0.0000000000    0.0000000000
   0.0079597770    0.0054685200    3.4951810000    0.0000000000    0.0000000000
   0.0080335020    0.0055744800    2.7482820000    0.0000000000    0.0000000000
   0.0081079100    0.0056815300    2.0006210000    0.0000000000    0.0000000000
   0.0081830070    0.0057896600    1.2523860000    0.0000000000    0.0000000000
   0.0082587990    0.0058988400    0.5037669000    0.0000000000    0.0000000000
   0.0083352940    0.0060090600   -0.2450462000    0.0000000000    0.0000000000
   0.0084124970    0.0061203000   -0.9938633000    0.0000000000    0.0000000000
   0.0084904150    0.0062325400   -1.7424940000    0.0000000000    0.0000000000
   0.0085690550    0.0063457600   -2.4907490000    0.0000000000    0.0000000000
   0.0086484230    0.0064599500   -3.2384370000    0.0000000000    0.0000000000
   0.0087285270    0.0065750700   -3.9853720000    0.0000000000    0.0000000000
   0.0088093720    0.0066911200   -4.7313660000    0.0000000000    0.0000000000
   0.0088909660    0.0068080800   -5.4762340000    0.0000000000    0.0000000000
   0.0089733160    0.0069259200   -6.2197910000    0.0000000000    0.0000000000
   0.0090564280    0.0070446300   -6.9618560000    0.0000000000    0.0000000000
   0.0091403110    0.0071641900   -7.7022490000    0.0000000000    0.0000000000
   0.0092249700    0.0072845800   -8.4407950000    0.0000000000    0.0000000000
   0.0093104130    0.0074057900   -9.1773190000    0.0000000000    0.0000000000
   0.0093966480    0.0075278000   -9.9116500000    0.0000000000    0.0000000000
   0.0094836820    0.0076505900  -10.6436200000    0.0000000000    0.0000000000
   0.0095715220    0.0077741400  -11.3730700000    0.0000000000    0.0000000000
   0.0096601750    0.0078984500  -12.0998400000    0.0000000000    0.0000000000
   0.0097496490    0.0080234900  -12.8237600000    0.0000000000    0.0000000000
   0.0098399520    0.0081492600  -13.5447000000    0.0000000000    0.0000000000
   0.0099310920    0.0082757300  -14.2624900000    0.0000000000    0.0000000000
   0.0100230800    0.0084029000  -14.9770100000    0.0000000000    0.0000000000
   0.0101159100    0.0085307600  -15.6881000000    0.0000000000    0.0000000000
   0.0102096100    0.0086592900  -16.3956400000    0.0000000000    0.0000000000
   0.0103041700    0.0087884900  -17.0995000000    0.0000000000    0.0000000000
   0.0103996100    0.0089183400  -17.7995600000    0.0000000000    0.0000000000
   0.0104959300    0.0090488400  -18.4956800000    0.0000000000    0.0000000000
   0.0105931500    0.0091799800  -19.1877700000    0.0000000000    0.0000000000
   0.0106912600    0.0093117600  -19.8757000000    0.0000000000    0.0000000000
   0.0107902900    0.0094441600  -20.5593900000    0.0000000000    0.0000000000
   0.0108902300    0.0095771900  -21.2387200000    0.0000000000    0.0000000000
   0.0109911000    0.0097108300  -21.9136100000    0.0000000000    0.0000000000
   0.0110929000    0.0098450900  -22.5839600000    0.0000000000    0.0000000000
   0.0111956400    0.0099799600  -23.2497000000    0.0000000000    0.0000000000
   0.0112993400    0.0101155000  -23.9107400000    0.0000000000    0.0000000000
   0.0114040000    0.0102515000  -24.5670100000    0.0000000000    0.0000000000
   0.0115096200    0.0103883000  -25.2184500000    0.0000000000    0.0000000000
   0.0116162300    0.0105256000  -25.8649800000    0.0000000000    0.0000000000
   0.0117238200    0.0106635000  -26.5065500000    0.0000000000    0.0000000000
   0.0118324100    0.0108021000  -27.1431000000    0.0000000000    0.0000000000
   0.0119420000    0.0109413000  -27.7746000000    0.0000000000    0.0000000000
   0.0120526100    0.0110811000  -28.4009800000    0.0000000000    0.0000000000
   0.0121642400    0.0112215000  -29.0222100000    0.0000000000    0.0000000000
   0.0122769100    0.0113626000  -29.6382600000    0.0000000000    0.0000000000
   0.0123906200    0.0115043000  -30.2490900000    0.0000000000    0.0000000000
   0.0125053900    0.0116467000  -30.8546800000    0.0000000000    0.0000000000
   0.0126212100    0.0117897000  -31.4549900000    0.0000000000    0.0000000000
   0.0127381100    0.0119334000  -32.0500200000    0.0000000000    0.0000000000
   0.0128561000    0.0120778000  -32.6397400000    0.0000000000    0.0000000000
   0.0129751700    0.0122229000  -33.2241500000    0.0000000000    0.0000000000
   0.0130953500    0.0123687000  -33.8032200000    0.0000000000    0.0000000000
   0.0132166400    0.0125151000  -34.3769700000    0.0000000000    0.0000000000
   0.0133390600    0.0126623000  -34.9453800000    0.0000000000    0.0000000000
   0.0134626100    0.0128103000  -35.5084600000    0.0000000000    0.0000000000
   0.0135873000    0.0129589000  -36.0662000000    0.0000000000    0.0000000000
   0.0137131500    0.0131084000  -36.6186200000    0.0000000000    0.0000000000
   0.0138401600    0.0132586000  -37.1657300000    0.0000000000    0.0000000000
   0.0139683500    0.0134096000  -37.7075300000    0.0000000000    0.0000000000
   0.0140977300    0.0135614000  -38.2440500000    0.0000000000    0.0000000000
   0.0142283000    0.0137140000  -38.7752900000    0.0000000000    0.0000000000
   0.0143600900    0.0138674000  -39.3012800000    0.0000000000    0.0000000000
   0.0144931000    0.0140217000  -39.8220400000    0.0000000000    0.0000000000
   0.0146273300    0.0141769000  -40.3375900000    0.0000000000    0.0000000000
   0.0147628100    0.0143329000  -40.8479600000    0.0000000000    0.0000000000
   0.0148995500    0.0144898000  -41.3531700000    0.0000000000    0.0000000000
   0.0150375500    0.0146476000  -41.8532500000    0.0000000000    0.0000000000
   0.0151768300    0.0148064000  -42.3482400000    0.0000000000    0.0000000000
   0.0153174000    0.0149661000  -42.8381500000    0.0000000000    0.0000000000
   0.0154592800    0.0151267000  -43.3230400000    0.0000000000    0.0000000000
   0.0156024600    0.0152884000  -43.8029200000    0.0000000000    0.0000000000
   0.0157469800    0.0154510000  -44.2778400000    0.0000000000    0.0000000000
   0.0158928300    0.0156147000  -44.7478300000    0.0000000000    0.0000000000
   0.0160400300    0.0157793000  -45.2129300000    0.0000000000    0.0000000000
   0.0161886000    0.0159451000  -45.6731800000    0.0000000000    0.0000000000
   0.0163385400    0.0161119000  -46.1286200000    0.0000000000    0.0000000000
   0.0164898700    0.0162798000  -46.5792800000    0.0000000000    0.0000000000
   0.0166426000    0.0164488000  -47.0252100000    0.0000000000    0.0000000000
   0.0167967500    0.0166189000  -47.4664600000    0.0000000000    0.0000000000
   0.0169523200    0.0167902000  -47.9030500000    0.0000000000    0.0000000000
   0.0171093400    0.0169626000  -48.3350400000    0.0000000000    0.0000000000
   0.0172678100    0.0171362000  -48.7624600000    0.0000000000    0.0000000000
   0.0174277500    0.0173111000  -49.1853700000    0.0000000000    0.0000000000
   0.0175891700    0.0174871000  -49.6038000000    0.0000000000    0.0000000000
   0.0177520800    0.0176644000  -50.0177900000    0.0000000000    0.0000000000
   0.0179165000    0.0178429000  -50.4274000000    0.0000000000    0.0000000000
   0.0180824500    0.0180228000  -50.8326700000    0.0000000000    0.0000000000
   0.0182499300    0.0182039000  -51.2336400000    0.0000000000    0.0000000000
   0.0184189700    0.0183864000  -51.6303500000    0.0000000000    0.0000000000
   0.0185895700    0.0185702000  -52.0228600000    0.0000000000    0.0000000000
   0.0187617500    0.0187553000  -52.4112000000    0.0000000000    0.0000000000
   0.0189355200    0.0189419000  -52.7954200000    0.0000000000    0.0000000000
   0.0191109100    0.0191298000  -53.1755600000    0.0000000000    0.0000000000
   0.0192879200    0.0193192000  -53.5516800000    0.0000000000    0.0000000000
   0.0194665600    0.0195100000  -53.9238100000    0.0000000000    0.0000000000
   0.0196468700    0.0197023000  -54.2920000000    0.0000000000    0.0000000000
   0.0198288400    0.0198961000  -54.6562900000    0.0000000000    0.0000000000
   0.0200125000    0.0200913000  -55.0167200000    0.0000000000    0.0000000000
   0.0201978600    0.0202881000  -55.3733500000    0.0000000000    0.0000000000
   0.0203849300    0.0204864000  -55.7262100000    0.0000000000    0.0000000000
   0.0205737400    0.0206864000  -56.0753500000    0.0000000000    0.0000000000
   0.0207643000    0.0208878000  -56.4208100000    0.0000000000    0.0000000000
   0.0209566200    0.0210909000  -56.7626300000    0.0000000000    0.0000000000
   0.0211507300    0.0212957000  -57.1008600000    0.0000000000    0.0000000000
   0.0213466300    0.0215021000  -57.4355300000    0.0000000000    0.0000000000
   0.0215443500    0.0217101000  -57.7667000000    0.0000000000    0.0000000000
   0.0217438900    0.0219199000  -58.0944000000    0.0000000000    0.0000000000
   0.0219452900    0.0221313000  -58.4186700000    0.0000000000    0.0000000000
   0.0221485500    0.0223446000  -58.7395500000    0.0000000000    0.0000000000
   0.0223537000    0.0225595000  -59.0570900000    0.0000000000    0.0000000000
   0.0225607400    0.0227763000  -59.3713200000    0.0000000000    0.0000000000
   0.0227697000    0.0229948000  -59.6822900000    0.0000000000    0.0000000000
   0.0229806000    0.0232152000  -59.9900300000    0.0000000000    0.0000000000
   0.0231934500    0.0234374000  -60.2945900000    0.0000000000    0.0000000000
   0.0234082700    0.0236615000  -60.5959900000    0.0000000000    0.0000000000
   0.0236250800    0.0238875000  -60.8942800000    0.0000000000    0.0000000000
   0.0238439000    0.0241154000  -61.1895100000    0.0000000000    0.0000000000
   0.0240647500    0.0243452000  -61.4816900000    0.0000000000    0.0000000000
   0.0242876400    0.0245770000  -61.7708800000    0.0000000000    0.0000000000
   0.0245126000    0.0248107000  -62.0571000000    0.0000000000    0.0000000000
   0.0247396400    0.0250465000  -62.3404000000    0.0000000000    0.0000000000
   0.0249687800    0.0252843000  -62.6208200000    0.0000000000    0.0000000000
   0.0252000500    0.0255241000  -62.8983700000    0.0000000000    0.0000000000
   0.0254334600    0.0257660000  -63.1731100000    0.0000000000    0.0000000000
   0.0256690300    0.0260100000  -63.4450600000    0.0000000000    0.0000000000
   0.0259067800    0.0262561000  -63.7142600000    0.0000000000    0.0000000000
   0.0261467300    0.0265044000  -63.9807400000    0.0000000000    0.0000000000
   0.0263889100    0.0267548000  -64.2445400000    0.0000000000    0.0000000000
   0.0266333300    0.0270074000  -64.5056900000    0.0000000000    0.0000000000
   0.0268800100    0.0272622000  -64.7642200000    0.0000000000    0.0000000000
   0.0271289800    0.0275193000  -65.0201700000    0.0000000000    0.0000000000
   0.0273802500    0.0277786000  -65.2735600000    0.0000000000    0.0000000000
   0.0276338500    0.0280402000  -65.5244300000    0.0000000000    0.0000000000
   0.0278898000    0.0283041000  -65.7728000000    0.0000000000    0.0000000000
   0.0281481200    0.0285703000  -66.0187200000    0.0000000000    0.0000000000
   0.0284088400    0.0288389000  -66.2622000000    0.0000000000    0.0000000000
   0.0286719600    0.0291099000  -66.5032800000    0.0000000000    0.0000000000
   0.0289375300    0.0293832000  -66.7419900000    0.0000000000    0.0000000000
   0.0292055600    0.0296590000  -66.9783600000    0.0000000000    0.0000000000
   0.0294760600    0.0299373000  -67.2124100000    0.0000000000    0.0000000000
   0.0297490800    0.0302180000  -67.4441800000    0.0000000000    0.0000000000
   0.0300246200    0.0305013000  -67.6736900000    0.0000000000    0.0000000000
   0.0303027100    0.0307870000  -67.9009700000    0.0000000000    0.0000000000
   0.0305833800    0.0310754000  -68.1260400000    0.0000000000    0.0000000000
   0.0308666500    0.0313663000  -68.3489400000    0.0000000000    0.0000000000
   0.0311525400    0.0316598000  -68.5696900000    0.0000000000    0.0000000000
   0.0314410800    0.0319560000  -68.7883200000    0.0000000000    0.0000000000
   0.0317323000    0.0322548000  -69.0048500000    0.0000000000    0.0000000000
   0.0320262100    0.0325563000  -69.2193000000    0.0000000000    0.0000000000
   0.0323228400    0.0328606000  -69.4317100000    0.0000000000    0.0000000000
   0.0326222200    0.0331675000  -69.6421000000    0.0000000000    0.0000000000
   0.0329243700    0.0334773000  -69.8504900000    0.0000000000    0.0000000000
   0.0332293300    0.0337898000  -70.0569100000    0.0000000000    0.0000000000
   0.0335371000    0.0341052000  -70.2613800000    0.0000000000    0.0000000000
   0.0338477300    0.0344235000  -70.4639200000    0.0000000000    0.0000000000
   0.0341612300    0.0347446000  -70.6645600000    0.0000000000    0.0000000000
   0.0344776400    0.0350686000  -70.8633200000    0.0000000000    0.0000000000
   0.0347969800    0.0353955000  -71.0602300000    0.0000000000    0.0000000000
   0.0351192800    0.0357255000  -71.2553000000    0.0000000000    0.0000000000
   0.0354445600    0.0360584000  -71.4485600000    0.0000000000    0.0000000000
   0.0357728500    0.0363944000  -71.6400300000    0.0000000000    0.0000000000
   0.0361041900    0.0367334000  -71.8297300000    0.0000000000    0.0000000000
   0.0364385900    0.0370755000  -72.0176900000    0.0000000000    0.0000000000
   0.0367760900    0.0374207000  -72.2039200000    0.0000000000    0.0000000000
   0.0371167200    0.0377691000  -72.3884400000    0.0000000000    0.0000000000
   0.0374605000    0.0381206000  -72.5712800000    0.0000000000    0.0000000000
   0.0378074700    0.0384754000  -72.7524500000    0.0000000000    0.0000000000
   0.0381576500    0.0388334000  -72.9319800000    0.0000000000    0.0000000000
   0.0385110700    0.0391946000  -73.1098900000    0.0000000000    0.0000000000
   0.0388677700    0.0395592000  -73.2861900000    0.0000000000    0.0000000000
   0.0392277700    0.0399271000  -73.4609100000    0.0000000000    0.0000000000
   0.0395911000    0.0402983000  -73.6340500000    0.0000000000    0.0000000000
   0.0399578000    0.0406730000  -73.8056600000    0.0000000000    0.0000000000
   0.0403279000    0.0410511000  -73.9757300000    0.0000000000    0.0000000000
   0.0407014200    0.0414326000  -74.1442900000    0.0000000000    0.0000000000
   0.0410784100    0.0418177000  -74.3113600000    0.0000000000    0.0000000000
   0.0414588800    0.0422062000  -74.4769500000    0.0000000000    0.0000000000
   0.0418428900    0.0425984000  -74.6410900000    0.0000000000    0.0000000000
   0.0422304400    0.0429941000  -74.8037900000    0.0000000000    0.0000000000
   0.0426215900    0.0433935000  -74.9650600000    0.0000000000    0.0000000000
   0.0430163600    0.0437965000  -75.1249300000    0.0000000000    0.0000000000
   0.0434147800    0.0442032000  -75.2834100000    0.0000000000    0.0000000000
   0.0438169000    0.0446137000  -75.4405200000    0.0000000000    0.0000000000
   0.0442227400    0.0450279000  -75.5962800000    0.0000000000    0.0000000000
   0.0446323400    0.0454460000  -75.7506900000    0.0000000000    0.0000000000
   0.0450457300    0.0458679000  -75.9037800000    0.0000000000    0.0000000000
   0.0454629500    0.0462936000  -76.0555700000    0.0000000000    0.0000000000
   0.0458840400    0.0467233000  -76.2060600000    0.0000000000    0.0000000000
   0.0463090300    0.0471569000  -76.3552800000    0.0000000000    0.0000000000
   0.0467379500    0.0475945000  -76.5032400000    0.0000000000    0.0000000000
   0.0471708500    0.0480362000  -76.6499600000    0.0000000000    0.0000000000
   0.0476077500    0.0484819000  -76.7954400000    0.0000000000    0.0000000000
   0.0480487000    0.0489317000  -76.9397100000    0.0000000000    0.0000000000
   0.0484937400    0.0493857000  -77.0827800000    0.0000000000    0.0000000000
   0.0489429000    0.0498438000  -77.2246600000    0.0000000000    0.0000000000
   0.0493962200    0.0503062000  -77.3653700000    0.0000000000    0.0000000000
   0.0498537300    0.0507728000  -77.5049300000    0.0000000000    0.0000000000
   0.0503154900    0.0512437000  -77.6433400000    0.0000000000    0.0000000000
   0.0507815200    0.0517190000  -77.7806200000    0.0000000000    0.0000000000
   0.0512518700    0.0521986000  -77.9167800000    0.0000000000    0.0000000000
   0.0517265700    0.0526827000  -78.0518400000    0.0000000000    0.0000000000
   0.0522056800    0.0531712000  -78.1858200000    0.0000000000    0.0000000000
   0.0526892100    0.0536642000  -78.3187200000    0.0000000000    0.0000000000
   0.0531772300    0.0541618000  -78.4505600000    0.0000000000    0.0000000000
   0.0536697700    0.0546640000  -78.5813400000    0.0000000000    0.0000000000
   0.0541668700    0.0551708000  -78.7111000000    0.0000000000    0.0000000000
   0.0546685700    0.0556822000  -78.8398200000    0.0000000000    0.0000000000
   0.0551749200    0.0561984000  -78.9675400000    0.0000000000    0.0000000000
   0.0556859600    0.0567194000  -79.0942600000    0.0000000000    0.0000000000
   0.0562017400    0.0572451000  -79.2199900000    0.0000000000    0.0000000000
   0.0567222900    0.0577758000  -79.3447500000    0.0000000000    0.0000000000
   0.0572476600    0.0583113000  -79.4685500000    0.0000000000    0.0000000000
   0.0577779000    0.0588517000  -79.5914000000    0.0000000000    0.0000000000
   0.0583130500    0.0593972000  -79.7133100000    0.0000000000    0.0000000000
   0.0588531600    0.0599477000  -79.8343000000    0.0000000000    0.0000000000
   0.0593982700    0.0605032000  -79.9543700000    0.0000000000    0.0000000000
   0.0599484300    0.0610639000  -80.0735300000    0.0000000000    0.0000000000
   0.0605036800    0.0616298000  -80.1918100000    0.0000000000    0.0000000000
   0.0610640800    0.0622009000  -80.3092100000    0.0000000000    0.0000000000
   0.0616296600    0.0627773000  -80.4257400000    0.0000000000    0.0000000000
   0.0622004900    0.0633590000  -80.5414100000    0.0000000000    0.0000000000
   0.0627766000    0.0639461000  -80.6562300000    0.0000000000    0.0000000000
   0.0633580500    0.0645386000  -80.7702200000    0.0000000000    0.0000000000
   0.0639448800    0.0651366000  -80.8833800000    0.0000000000    0.0000000000
   0.0645371500    0.0657400000  -80.9957300000    0.0000000000    0.0000000000
   0.0651349100    0.0663491000  -81.1072800000    0.0000000000    0.0000000000
   0.0657382000    0.0669638000  -81.2180300000    0.0000000000    0.0000000000
   0.0663470800    0.0675842000  -81.3280000000    0.0000000000    0.0000000000
   0.0669616000    0.0682103000  -81.4371900000    0.0000000000    0.0000000000
   0.0675818100    0.0688422000  -81.5456300000    0.0000000000    0.0000000000
   0.0682077700    0.0694800000  -81.6533100000    0.0000000000    0.0000000000
   0.0688395200    0.0701236000  -81.7602500000    0.0000000000    0.0000000000
   0.0694771300    0.0707732000  -81.8664600000    0.0000000000    0.0000000000
   0.0701206400    0.0714288000  -81.9719500000    0.0000000000    0.0000000000
   0.0707701100    0.0720904000  -82.0767200000    0.0000000000    0.0000000000
   0.0714255900    0.0727582000  -82.1807900000    0.0000000000    0.0000000000
   0.0720871500    0.0734321000  -82.2841700000    0.0000000000    0.0000000000
   0.0727548400    0.0741123000  -82.3868600000    0.0000000000    0.0000000000
   0.0734287000    0.0747988000  -82.4888900000    0.0000000000    0.0000000000
   0.0741088200    0.0754916000  -82.5902400000    0.0000000000    0.0000000000
   0.0747952300    0.0761908000  -82.6909400000    0.0000000000    0.0000000000
   0.0754879900    0.0768964000  -82.7910000000    0.0000000000    0.0000000000
   0.0761871800    0.0776086000  -82.8904100000    0.0000000000    0.0000000000
   0.0768928400    0.0783274000  -82.9892000000    0.0000000000    0.0000000000
   0.0776050300    0.0790528000  -83.0873800000    0.0000000000    0.0000000000
   0.0783238300    0.0797849000  -83.1849400000    0.0000000000    0.0000000000
   0.0790492800    0.0805238000  -83.2819000000    0.0000000000    0.0000000000
   0.0797814500    0.0812695000  -83.3782700000    0.0000000000    0.0000000000
   0.0805204000    0.0820222000  -83.4740500000    0.0000000000    0.0000000000
   0.0812661900    0.0827817000  -83.5692600000    0.0000000000    0.0000000000
   0.0820188900    0.0835483000  -83.6639100000    0.0000000000    0.0000000000
   0.0827785700    0.0843220000  -83.7579900000    0.0000000000    0.0000000000
   0.0835452800    0.0851029000  -83.8515300000    0.0000000000    0.0000000000
   0.0843190900    0.0858909000  -83.9445300000    0.0000000000    0.0000000000
   0.0851000700    0.0866863000  -84.0369900000    0.0000000000    0.0000000000
   0.0858882900    0.0874890000  -84.1289400000    0.0000000000    0.0000000000
   0.0866838000    0.0882991000  -84.2203600000    0.0000000000    0.0000000000
   0.0874866800    0.0891167000  -84.3112800000    0.0000000000    0.0000000000
   0.0882970000    0.0899418000  -84.4017000000    0.0000000000    0.0000000000
   0.0891148200    0.0907746000  -84.4916300000    0.0000000000    0.0000000000
   0.0899402200    0.0916151000  -84.5810700000    0.0000000000    0.0000000000
   0.0907732700    0.0924634000  -84.6700500000    0.0000000000    0.0000000000
   0.0916140200    0.0933195000  -84.7585500000    0.0000000000    0.0000000000
   0.0924625700    0.0941835000  -84.8465900000    0.0000000000    0.0000000000
   0.0933189800    0.0950555000  -84.9341900000    0.0000000000    0.0000000000
   0.0941833200    0.0959356000  -85.0213400000    0.0000000000    0.0000000000
   0.0950556600    0.0968238000  -85.1080500000    0.0000000000    0.0000000000
   0.0959360800    0.0977202000  -85.1943400000    0.0000000000    0.0000000000
   0.0968246600    0.0986249000  -85.2802000000    0.0000000000    0.0000000000
   0.0977214700    0.0995380000  -85.3656600000    0.0000000000    0.0000000000
   0.0986265800    0.1004590000  -85.4507000000    0.0000000000    0.0000000000
   0.0995400800    0.1013890000  -85.5353500000    0.0000000000    0.0000000000
   0.1004620000    0.1023280000  -85.6196100000    0.0000000000    0.0000000000
   0.1013925000    0.1032750000  -85.7034900000    0.0000000000    0.0000000000
   0.1023317000    0.1042310000  -85.7869900000    0.0000000000    0.0000000000
   0.1032795000    0.1051960000  -85.8701300000    0.0000000000    0.0000000000
   0.1042361000    0.1061700000  -85.9529000000    0.0000000000    0.0000000000
   0.1052015000    0.1071530000  -86.0353200000    0.0000000000    0.0000000000
   0.1061759000    0.1081450000  -86.1174000000    0.0000000000    0.0000000000
   0.1071593000    0.1091460000  -86.1991300000    0.0000000000    0.0000000000
   0.1081519000    0.1101560000  -86.2805400000    0.0000000000    0.0000000000
   0.1091536000    0.1111760000  -86.3616200000    0.0000000000    0.0000000000
   0.1101646000    0.1122050000  -86.4423800000    0.0000000000    0.0000000000
   0.1111850000    0.1132430000  -86.5228300000    0.0000000000    0.0000000000
   0.1122148000    0.1142920000  -86.6029800000    0.0000000000    0.0000000000
   0.1132541000    0.1153490000  -86.6828400000    0.0000000000    0.0000000000
   0.1143031000    0.1164170000  -86.7624000000    0.0000000000    0.0000000000
   0.1153618000    0.1174940000  -86.8416800000    0.0000000000    0.0000000000
   0.1164303000    0.1185820000  -86.9206900000    0.0000000000    0.0000000000
   0.1175087000    0.1196790000  -86.9994200000    0.0000000000    0.0000000000
   0.1185971000    0.1207870000  -87.0779000000    0.0000000000    0.0000000000
   0.1196956000    0.1219050000  -87.1561200000    0.0000000000    0.0000000000
   0.1208042000    0.1230330000  -87.2341000000    0.0000000000    0.0000000000
   0.1219231000    0.1241720000  -87.3118300000    0.0000000000    0.0000000000
   0.1230524000    0.1253210000  -87.3893300000    0.0000000000    0.0000000000
   0.1241921000    0.1264810000  -87.4666000000    0.0000000000    0.0000000000
   0.1253424000    0.1276510000  -87.5436500000    0.0000000000    0.0000000000
   0.1265034000    0.1288320000  -87.6204800000    0.0000000000    0.0000000000
   0.1276751000    0.1300240000  -87.6971100000    0.0000000000    0.0000000000
   0.1288576000    0.1312280000  -87.7735400000    0.0000000000    0.0000000000
   0.1300511000    0.1324420000  -87.8497700000    0.0000000000    0.0000000000
   0.1312557000    0.1336670000  -87.9258200000    0.0000000000    0.0000000000
   0.1324714000    0.1349040000  -88.0016900000    0.0000000000    0.0000000000
   0.1336984000    0.1361520000  -88.0773800000    0.0000000000    0.0000000000
   0.1349367000    0.1374120000  -88.1529000000    0.0000000000    0.0000000000
   0.1361865000    0.1386830000  -88.2282600000    0.0000000000    0.0000000000
   0.1374479000    0.1399670000  -88.3034700000    0.0000000000    0.0000000000
   0.1387210000    0.1412620000  -88.3785300000    0.0000000000    0.0000000000
   0.1400058000    0.1425680000  -88.4534400000    0.0000000000    0.0000000000
   0.1413026000    0.1438870000  -88.5282300000    0.0000000000    0.0000000000
   0.1426114000    0.1452190000  -88.6028800000    0.0000000000    0.0000000000
   0.1439323000    0.1465620000  -88.6774100000    0.0000000000    0.0000000000
   0.1452654000    0.1479180000  -88.7518200000    0.0000000000    0.0000000000
   0.1466109000    0.1492860000  -88.8261300000    0.0000000000    0.0000000000
   0.1479688000    0.1506670000  -88.9003300000    0.0000000000    0.0000000000
   0.1493393000    0.1520610000  -88.9744400000    0.0000000000    0.0000000000
   0.1507225000    0.1534670000  -89.0484500000    0.0000000000    0.0000000000
   0.1521186000    0.1548870000  -89.1223800000    0.0000000000    0.0000000000
   0.1535275000    0.1563190000  -89.1962400000    0.0000000000    0.0000000000
   0.1549495000    0.1577650000  -89.2700200000    0.0000000000    0.0000000000
   0.1563847000    0.1592240000  -89.3437400000    0.0000000000    0.0000000000
   0.1578331000    0.1606970000  -89.4174000000    0.0000000000    0.0000000000
   0.1592950000    0.1621830000  -89.4910000000    0.0000000000    0.0000000000
   0.1607704000    0.1636830000  -89.5645600000    0.0000000000    0.0000000000
   0.1622595000    0.1651970000  -89.6380900000    0.0000000000    0.0000000000
   0.1637624000    0.1667250000  -89.7115700000    0.0000000000    0.0000000000
   0.1652792000    0.1682660000  -89.7850400000    0.0000000000    0.0000000000
   0.1668101000    0.1698220000  -89.8584800000    0.0000000000    0.0000000000
   0.1683551000    0.1713930000  -89.9319000000    0.0000000000    0.0000000000
   0.1699144000    0.1729780000  -90.0053200000    0.0000000000    0.0000000000
   0.1714882000    0.1745770000  -90.0787400000    0.0000000000    0.0000000000
   0.1730766000    0.1761910000  -90.1521600000    0.0000000000    0.0000000000
   0.1746796000    0.1778200000  -90.2255900000    0.0000000000    0.0000000000
   0.1762975000    0.1794640000  -90.2990400000    0.0000000000    0.0000000000
   0.1779304000    0.1811230000  -90.3725200000    0.0000000000    0.0000000000
   0.1795785000    0.1827980000  -90.4460200000    0.0000000000    0.0000000000
   0.1812418000    0.1844880000  -90.5195600000    0.0000000000    0.0000000000
   0.1829205000    0.1861930000  -90.5931400000    0.0000000000    0.0000000000
   0.1846147000    0.1879140000  -90.6667700000    0.0000000000    0.0000000000
   0.1863246000    0.1896510000  -90.7404600000    0.0000000000    0.0000000000
   0.1880504000    0.1914040000  -90.8142100000    0.0000000000    0.0000000000
   0.1897922000    0.1931730000  -90.8880200000    0.0000000000    0.0000000000
   0.1915501000    0.1949590000  -90.9619100000    0.0000000000    0.0000000000
   0.1933242000    0.1967600000  -91.0358800000    0.0000000000    0.0000000000
   0.1951148000    0.1985790000  -91.1099400000    0.0000000000    0.0000000000
   0.1969220000    0.2004140000  -91.1840900000    0.0000000000    0.0000000000
   0.1987460000    0.2022660000  -91.2583400000    0.0000000000    0.0000000000
   0.2005868000    0.2041350000  -91.3326900000    0.0000000000    0.0000000000
   0.2024447000    0.2060210000  -91.4071600000    0.0000000000    0.0000000000
   0.2043197000    0.2079250000  -91.4817400000    0.0000000000    0.0000000000
   0.2062122000    0.2098460000  -91.5564500000    0.0000000000    0.0000000000
   0.2081222000    0.2117850000  -91.6312900000    0.0000000000    0.0000000000
   0.2100498000    0.2137410000  -91.7062700000    0.0000000000    0.0000000000
   0.2119953000    0.2157160000  -91.7813900000    0.0000000000    0.0000000000
   0.2139589000    0.2177090000  -91.8566700000    0.0000000000    0.0000000000
   0.2159406000    0.2197200000  -91.9321000000    0.0000000000    0.0000000000
   0.2179407000    0.2217490000  -92.0076900000    0.0000000000    0.0000000000
   0.2199593000    0.2237970000  -92.0834500000    0.0000000000    0.0000000000
   0.2219966000    0.2258640000  -92.1593900000    0.0000000000    0.0000000000
   0.2240528000    0.2279500000  -92.2355100000    0.0000000000    0.0000000000
   0.2261280000    0.2300560000  -92.3118200000    0.0000000000    0.0000000000
   0.2282224000    0.2321800000  -92.3883300000    0.0000000000    0.0000000000
   0.2303363000    0.2343240000  -92.4650400000    0.0000000000    0.0000000000
   0.2324697000    0.2364880000  -92.5419600000    0.0000000000    0.0000000000
   0.2346229000    0.2386710000  -92.6190900000    0.0000000000    0.0000000000
   0.2367960000    0.2408750000  -92.6964500000    0.0000000000    0.0000000000
   0.2389893000    0.2430980000  -92.7740300000    0.0000000000    0.0000000000
   0.2412028000    0.2453420000  -92.8518500000    0.0000000000    0.0000000000
   0.2434369000    0.2476070000  -92.9299100000    0.0000000000    0.0000000000
   0.2456916000    0.2498930000  -93.0082200000    0.0000000000    0.0000000000
   0.2479673000    0.2521990000  -93.0867800000    0.0000000000    0.0000000000
   0.2502640000    0.2545270000  -93.1656100000    0.0000000000    0.0000000000
   0.2525820000    0.2568760000  -93.2447100000    0.0000000000    0.0000000000
   0.2549215000    0.2592460000  -93.3240800000    0.0000000000    0.0000000000
   0.2572826000    0.2616380000  -93.4037300000    0.0000000000    0.0000000000
   0.2596656000    0.2640520000  -93.4836700000    0.0000000000    0.0000000000
   0.2620707000    0.2664890000  -93.5639100000    0.0000000000    0.0000000000
   0.2644980000    0.2689470000  -93.6444500000    0.0000000000    0.0000000000
   0.2669478000    0.2714280000  -93.7253000000    0.0000000000    0.0000000000
   0.2694204000    0.2739320000  -93.8064600000    0.0000000000    0.0000000000
   0.2719158000    0.2764590000  -93.8879500000    0.0000000000    0.0000000000
   0.2744343000    0.2790080000  -93.9697700000    0.0000000000    0.0000000000
   0.2769762000    0.2815810000  -94.0519300000    0.0000000000    0.0000000000
   0.2795416000    0.2841780000  -94.1344300000    0.0000000000    0.0000000000
   0.2821308000    0.2867980000  -94.2172800000    0.0000000000    0.0000000000
   0.2847439000    0.2894430000  -94.3004900000    0.0000000000    0.0000000000
   0.2873813000    0.2921110000  -94.3840600000    0.0000000000    0.0000000000
   0.2900430000    0.2948040000  -94.4680100000    0.0000000000    0.0000000000
   0.2927295000    0.2975220000  -94.5523400000    0.0000000000    0.0000000000
   0.2954408000    0.3002640000  -94.6370500000    0.0000000000    0.0000000000
   0.2981772000    0.3030310000  -94.7221600000    0.0000000000    0.0000000000
   0.3009390000    0.3058240000  -94.8076700000    0.0000000000    0.0000000000
   0.3037264000    0.3086420000  -94.8935900000    0.0000000000    0.0000000000
   0.3065395000    0.3114860000  -94.9799300000    0.0000000000    0.0000000000
   0.3093788000    0.3143560000  -95.0666800000    0.0000000000    0.0000000000
   0.3122443000    0.3172520000  -95.1538700000    0.0000000000    0.0000000000
   0.3151363000    0.3201740000  -95.2415000000    0.0000000000    0.0000000000
   0.3180552000    0.3231230000  -95.3295700000    0.0000000000    0.0000000000
   0.3210011000    0.3260990000  -95.4181000000    0.0000000000    0.0000000000
   0.3239743000    0.3291020000  -95.5070800000    0.0000000000    0.0000000000
   0.3269750000    0.3321320000  -95.5965400000    0.0000000000    0.0000000000
   0.3300035000    0.3351910000  -95.6864700000    0.0000000000    0.0000000000
   0.3330600000    0.3382760000  -95.7768800000    0.0000000000    0.0000000000
   0.3361449000    0.3413900000  -95.8677900000    0.0000000000    0.0000000000
   0.3392583000    0.3445330000  -95.9591900000    0.0000000000    0.0000000000
   0.3424006000    0.3477040000  -96.0511000000    0.0000000000    0.0000000000
   0.3455720000    0.3509030000  -96.1435300000    0.0000000000    0.0000000000
   0.3487727000    0.3541320000  -96.2364800000    0.0000000000    0.0000000000
   0.3520031000    0.3573900000  -96.3299500000    0.0000000000    0.0000000000
   0.3552635000    0.3606780000  -96.4239700000    0.0000000000    0.0000000000
   0.3585540000    0.3639960000  -96.5185300000    0.0000000000    0.0000000000
   0.3618750000    0.3673440000  -96.6136500000    0.0000000000    0.0000000000
   0.3652267000    0.3707220000  -96.7093300000    0.0000000000    0.0000000000
   0.3686095000    0.3741310000  -96.8055800000    0.0000000000    0.0000000000
   0.3720237000    0.3775710000  -96.9024100000    0.0000000000    0.0000000000
   0.3754694000    0.3810420000  -96.9998300000    0.0000000000    0.0000000000
   0.3789471000    0.3845440000  -97.0978400000    0.0000000000    0.0000000000
   0.3824570000    0.3880780000  -97.1964600000    0.0000000000    0.0000000000
   0.3859994000    0.3916450000  -97.2956900000    0.0000000000    0.0000000000
   0.3895746000    0.3952430000  -97.3955400000    0.0000000000    0.0000000000
   0.3931829000    0.3988750000  -97.4960200000    0.0000000000    0.0000000000
   0.3968246000    0.4025390000  -97.5971300000    0.0000000000    0.0000000000
   0.4005001000    0.4062360000  -97.6989000000    0.0000000000    0.0000000000
   0.4042096000    0.4099670000  -97.8013100000    0.0000000000    0.0000000000
   0.4079535000    0.4137320000  -97.9044000000    0.0000000000    0.0000000000
   0.4117320000    0.4175300000  -98.0081500000    0.0000000000    0.0000000000
   0.4155455000    0.4213630000  -98.1125900000    0.0000000000    0.0000000000
   0.4193944000    0.4252310000  -98.2177100000    0.0000000000    0.0000000000
   0.4232789000    0.4291330000  -98.3235400000    0.0000000000    0.0000000000
   0.4271994000    0.4330710000  -98.4300700000    0.0000000000    0.0000000000
   0.4311562000    0.4370450000  -98.5373300000    0.0000000000    0.0000000000
   0.4351497000    0.4410540000  -98.6453000000    0.0000000000    0.0000000000
   0.4391801000    0.4450990000  -98.7540200000    0.0000000000    0.0000000000
   0.4432479000    0.4491810000  -98.8634800000    0.0000000000    0.0000000000
   0.4473533000    0.4533000000  -98.9736900000    0.0000000000    0.0000000000
   0.4514968000    0.4574560000  -99.0846700000    0.0000000000    0.0000000000
   0.4556786000    0.4616490000  -99.1964200000    0.0000000000    0.0000000000
   0.4598992000    0.4658810000  -99.3089500000    0.0000000000    0.0000000000
   0.4641589000    0.4701500000  -99.4222800000    0.0000000000    0.0000000000
   0.4684580000    0.4744580000  -99.5364100000    0.0000000000    0.0000000000
   0.4727970000    0.4788040000  -99.6513500000    0.0000000000    0.0000000000
   0.4771761000    0.4831900000  -99.7671100000    0.0000000000    0.0000000000
   0.4815958000    0.4876150000  -99.8837000000    0.0000000000    0.0000000000
   0.4860564000    0.4920800000 -100.0011000000    0.0000000000    0.0000000000
   0.4905584000    0.4965850000 -100.1194000000    0.0000000000    0.0000000000
   0.4951020000    0.5011300000 -100.2386000000    0.0000000000    0.0000000000
   0.4996877000    0.5057170000 -100.3586000000    0.0000000000    0.0000000000
   0.5043159000    0.5103440000 -100.4795000000    0.0000000000    0.0000000000
   0.5089870000    0.5150130000 -100.6013000000    0.0000000000    0.0000000000
   0.5137014000    0.5197250000 -100.7240000000    0.0000000000    0.0000000000
   0.5184594000    0.5244780000 -100.8476000000    0.0000000000    0.0000000000
   0.5232614000    0.5292740000 -100.9721000000    0.0000000000    0.0000000000
   0.5281080000    0.5341130000 -101.0976000000    0.0000000000    0.0000000000
   0.5329994000    0.5389950000 -101.2240000000    0.0000000000    0.0000000000
   0.5379362000    0.5439220000 -101.3514000000    0.0000000000    0.0000000000
   0.5429186000    0.5488920000 -101.4797000000    0.0000000000    0.0000000000
   0.5479472000    0.5539070000 -101.6090000000    0.0000000000    0.0000000000
   0.5530224000    0.5589670000 -101.7393000000    0.0000000000    0.0000000000
   0.5581446000    0.5640720000 -101.8706000000    0.0000000000    0.0000000000
   0.5633143000    0.5692230000 -102.0030000000    0.0000000000    0.0000000000
   0.5685318000    0.5744190000 -102.1363000000    0.0000000000    0.0000000000
   0.5737976000    0.5796630000 -102.2707000000    0.0000000000    0.0000000000
   0.5791123000    0.5849530000 -102.4061000000    0.0000000000    0.0000000000
   0.5844761000    0.5902910000 -102.5426000000    0.0000000000    0.0000000000
   0.5898896000    0.5956760000 -102.6801000000    0.0000000000    0.0000000000
   0.5953533000    0.6011100000 -102.8187000000    0.0000000000    0.0000000000
   0.6008676000    0.6065920000 -102.9584000000    0.0000000000    0.0000000000
   0.6064329000    0.6121230000 -103.0993000000    0.0000000000    0.0000000000
   0.6120498000    0.6177040000 -103.2412000000    0.0000000000    0.0000000000
   0.6177188000    0.6233350000 -103.3843000000    0.0000000000    0.0000000000
   0.6234402000    0.6290160000 -103.5285000000    0.0000000000    0.0000000000
   0.6292146000    0.6347470000 -103.6738000000    0.0000000000    0.0000000000
   0.6350425000    0.6405300000 -103.8204000000    0.0000000000    0.0000000000
   0.6409244000    0.6463640000 -103.9681000000    0.0000000000    0.0000000000
   0.6468608000    0.6522510000 -104.1169000000    0.0000000000    0.0000000000
   0.6528521000    0.6581900000 -104.2670000000    0.0000000000    0.0000000000
   0.6588990000    0.6641830000 -104.4184000000    0.0000000000    0.0000000000
   0.6650018000    0.6702280000 -104.5709000000    0.0000000000    0.0000000000
   0.6711612000    0.6763280000 -104.7247000000    0.0000000000    0.0000000000
   0.6773776000    0.6824830000 -104.8797000000    0.0000000000    0.0000000000
   0.6836516000    0.6886920000 -105.0360000000    0.0000000000    0.0000000000
   0.6899837000    0.6949570000 -105.1936000000    0.0000000000    0.0000000000
   0.6963745000    0.7012780000 -105.3525000000    0.0000000000    0.0000000000
   0.7028244000    0.7076550000 -105.5127000000    0.0000000000    0.0000000000
   0.7093341000    0.7140900000 -105.6742000000    0.0000000000    0.0000000000
   0.7159041000    0.7205820000 -105.8371000000    0.0000000000    0.0000000000
   0.7225349000    0.7271320000 -106.0013000000    0.0000000000    0.0000000000
   0.7292272000    0.7337410000 -106.1669000000    0.0000000000    0.0000000000
   0.7359814000    0.7404090000 -106.3338000000    0.0000000000    0.0000000000
   0.7427982000    0.7471370000 -106.5022000000    0.0000000000    0.0000000000
   0.7496782000    0.7539240000 -106.6719000000    0.0000000000    0.0000000000
   0.7566219000    0.7607730000 -106.8431000000    0.0000000000    0.0000000000
   0.7636298000    0.7676840000 -107.0157000000    0.0000000000    0.0000000000
   0.7707027000    0.7746560000 -107.1898000000    0.0000000000    0.0000000000
   0.7778411000    0.7816910000 -107.3653000000    0.0000000000    0.0000000000
   0.7850456000    0.7887890000 -107.5423000000    0.0000000000    0.0000000000
   0.7923169000    0.7959510000 -107.7208000000    0.0000000000    0.0000000000
   0.7996555000    0.8031770000 -107.9009000000    0.0000000000    0.0000000000
   0.8070620000    0.8104680000 -108.0824000000    0.0000000000    0.0000000000
   0.8145372000    0.8178260000 -108.2655000000    0.0000000000    0.0000000000
   0.8220816000    0.8252490000 -108.4502000000    0.0000000000    0.0000000000
   0.8296959000    0.8327390000 -108.6364000000    0.0000000000    0.0000000000
   0.8373807000    0.8402980000 -108.8242000000    0.0000000000    0.0000000000
   0.8451366000    0.8479240000 -109.0137000000    0.0000000000    0.0000000000
   0.8529644000    0.8556200000 -109.2047000000    0.0000000000    0.0000000000
   0.8608648000    0.8633850000 -109.3974000000    0.0000000000    0.0000000000
   0.8688383000    0.8712210000 -109.5918000000    0.0000000000    0.0000000000
   0.8768856000    0.8791280000 -109.7878000000    0.0000000000    0.0000000000
   0.8850075000    0.8871070000 -109.9855000000    0.0000000000    0.0000000000
   0.8932046000    0.8951580000 -110.1850000000    0.0000000000    0.0000000000
   0.9014776000    0.9032830000 -110.3861000000    0.0000000000    0.0000000000
   0.9098273000    0.9114820000 -110.5890000000    0.0000000000    0.0000000000
   0.9182543000    0.9197570000 -110.7937000000    0.0000000000    0.0000000000
   0.9267593000    0.9281070000 -111.0001000000    0.0000000000    0.0000000000
   0.9353432000    0.9365340000 -111.2083000000    0.0000000000    0.0000000000
   0.9440065000    0.9450380000 -111.4184000000    0.0000000000    0.0000000000
   0.9527500000    0.9536200000 -111.6303000000    0.0000000000    0.0000000000
   0.9615746000    0.9622820000 -111.8440000000    0.0000000000    0.0000000000
   0.9704809000    0.9710240000 -112.0596000000    0.0000000000    0.0000000000
   0.9794697000    0.9798470000 -112.2771000000    0.0000000000    0.0000000000
   0.9885417000    0.9887520000 -112.4964000000    0.0000000000    0.0000000000
   0.9976978000    0.9977390000 -112.7177000000    0.0000000000    0.0000000000
   1.0069390000    1.0068100000 -112.9410000000    0.0000000000    0.0000000000
   1.0162650000    1.0159700000 -113.1662000000    0.0000000000    0.0000000000
   1.0256780000    1.0252100000 -113.3934000000    0.0000000000    0.0000000000
   1.0351780000    1.0345400000 -113.6226000000    0.0000000000    0.0000000000
   1.0447660000    1.0439500000 -113.8539000000    0.0000000000    0.0000000000
   1.0544430000    1.0534600000 -114.0871000000    0.0000000000    0.0000000000
   1.0642090000    1.0630600000 -114.3225000000    0.0000000000    0.0000000000
   1.0740660000    1.0727400000 -114.5599000000    0.0000000000    0.0000000000
   1.0840140000    1.0825200000 -114.7994000000    0.0000000000    0.0000000000
   1.0940550000    1.0923900000 -115.0410000000    0.0000000000    0.0000000000
   1.1041880000    1.1023600000 -115.2848000000    0.0000000000    0.0000000000
   1.1144150000    1.1124200000 -115.5308000000    0.0000000000    0.0000000000
   1.1247370000    1.1225800000 -115.7789000000    0.0000000000    0.0000000000
   1.1351550000    1.1328400000 -116.0293000000    0.0000000000    0.0000000000
   1.1456690000    1.1431900000 -116.2818000000    0.0000000000    0.0000000000
   1.1562800000    1.1536500000 -116.5367000000    0.0000000000    0.0000000000
   1.1669900000    1.1642100000 -116.7938000000    0.0000000000    0.0000000000
   1.1777990000    1.1748700000 -117.0532000000    0.0000000000    0.0000000000
   1.1887080000    1.1856400000 -117.3149000000    0.0000000000    0.0000000000
   1.1997180000    1.1965100000 -117.5790000000    0.0000000000    0.0000000000
   1.2108300000    1.2074900000 -117.8455000000    0.0000000000    0.0000000000
   1.2220450000    1.2185800000 -118.1143000000    0.0000000000    0.0000000000
   1.2333630000    1.2297800000 -118.3855000000    0.0000000000    0.0000000000
   1.2447870000    1.2410900000 -118.6592000000    0.0000000000    0.0000000000
   1.2563170000    1.2525200000 -118.9354000000    0.0000000000    0.0000000000
   1.2679530000    1.2640600000 -119.2140000000    0.0000000000    0.0000000000
   1.2796970000    1.2757100000 -119.4951000000    0.0000000000    0.0000000000
   1.2915500000    1.2874900000 -119.7788000000    0.0000000000    0.0000000000
   1.3035120000    1.2993800000 -120.0650000000    0.0000000000    0.0000000000
   1.3155860000    1.3113900000 -120.3539000000    0.0000000000    0.0000000000
   1.3277710000    1.3235300000 -120.6453000000    0.0000000000    0.0000000000
   1.3400690000    1.3357900000 -120.9394000000    0.0000000000    0.0000000000
   1.3524810000    1.3481800000 -121.2361000000    0.0000000000    0.0000000000
   1.3650080000    1.3607000000 -121.5355000000    0.0000000000    0.0000000000
   1.3776510000    1.3733500000 -121.8376000000    0.0000000000    0.0000000000
   1.3904110000    1.3861300000 -122.1425000000    0.0000000000    0.0000000000
   1.4032890000    1.3990400000 -122.4501000000    0.0000000000    0.0000000000
   1.4162870000    1.4120900000 -122.7605000000    0.0000000000    0.0000000000
   1.4294050000    1.4252700000 -123.0738000000    0.0000000000    0.0000000000
   1.4426440000    1.4386000000 -123.3899000000    0.0000000000    0.0000000000
   1.4560060000    1.4520600000 -123.7088000000    0.0000000000    0.0000000000
   1.4694920000    1.4656700000 -124.0307000000    0.0000000000    0.0000000000
   1.4831030000    1.4794200000 -124.3555000000    0.0000000000    0.0000000000
   1.4968390000    1.4933200000 -124.6833000000    0.0000000000    0.0000000000
   1.5107030000    1.5073700000 -125.0140000000    0.0000000000    0.0000000000
   1.5246960000    1.5215700000 -125.3478000000    0.0000000000    0.0000000000
   1.5388180000    1.5359300000 -125.6846000000    0.0000000000    0.0000000000
   1.5530710000    1.5504300000 -126.0245000000    0.0000000000    0.0000000000
   1.5674550000    1.5651000000 -126.3676000000    0.0000000000    0.0000000000
   1.5819730000    1.5799200000 -126.7137000000    0.0000000000    0.0000000000
   1.5966260000    1.5949000000 -127.0630000000    0.0000000000    0.0000000000
   1.6114140000    1.6100500000 -127.4156000000    0.0000000000    0.0000000000
   1.6263400000    1.6253600000 -127.7713000000    0.0000000000    0.0000000000
   1.6414030000    1.6408400000 -128.1304000000    0.0000000000    0.0000000000
   1.6566060000    1.6564900000 -128.4927000000    0.0000000000    0.0000000000
   1.6719500000    1.6723000000 -128.8583000000    0.0000000000    0.0000000000
   1.6874360000    1.6882900000 -129.2274000000    0.0000000000    0.0000000000
   1.7030650000    1.7044500000 -129.5998000000    0.0000000000    0.0000000000
   1.7188390000    1.7207900000 -129.9756000000    0.0000000000    0.0000000000
   1.7347590000    1.7373100000 -130.3549000000    0.0000000000    0.0000000000
   1.7508270000    1.7540100000 -130.7377000000    0.0000000000    0.0000000000
   1.7670440000    1.7708800000 -131.1240000000    0.0000000000    0.0000000000
   1.7834100000    1.7879400000 -131.5139000000    0.0000000000    0.0000000000
   1.7999290000    1.8051900000 -131.9074000000    0.0000000000    0.0000000000
   1.8166000000    1.8226200000 -132.3045000000    0.0000000000    0.0000000000
   1.8334250000    1.8402400000 -132.7053000000    0.0000000000    0.0000000000
   1.8504070000    1.8580400000 -133.1098000000    0.0000000000    0.0000000000
   1.8675460000    1.8760400000 -133.5180000000    0.0000000000    0.0000000000
   1.8848430000    1.8942300000 -133.9301000000    0.0000000000    0.0000000000
   1.9023010000    1.9126100000 -134.3459000000    0.0000000000    0.0000000000
   1.9199210000    1.9311800000 -134.7656000000    0.0000000000    0.0000000000
   1.9377030000    1.9499500000 -135.1892000000    0.0000000000    0.0000000000
   1.9556510000    1.9689100000 -135.6167000000    0.0000000000    0.0000000000
   1.9737640000    1.9880700000 -136.0482000000    0.0000000000    0.0000000000
   1.9920460000    2.0074200000 -136.4837000000    0.0000000000    0.0000000000
   2.0104960000    2.0269700000 -136.9232000000    0.0000000000    0.0000000000
   2.0291180000    2.0467200000 -137.3668000000    0.0000000000    0.0000000000
   2.0479120000    2.0666600000 -137.8146000000    0.0000000000    0.0000000000
   2.0668800000    2.0868000000 -138.2665000000    0.0000000000    0.0000000000
   2.0860240000    2.1071400000 -138.7226000000    0.0000000000    0.0000000000
   2.1053450000    2.1276700000 -139.1830000000    0.0000000000    0.0000000000
   2.1248450000    2.1483900000 -139.6477000000    0.0000000000    0.0000000000
   2.1445260000    2.1693100000 -140.1167000000    0.0000000000    0.0000000000
   2.1643890000    2.1904200000 -140.5901000000    0.0000000000    0.0000000000
   2.1844360000    2.2117300000 -141.0679000000    0.0000000000    0.0000000000
   2.2046690000    2.2332200000 -141.5502000000    0.0000000000    0.0000000000
   2.2250890000    2.2549100000 -142.0370000000    0.0000000000    0.0000000000
   2.2456980000    2.2767800000 -142.5283000000    0.0000000000    0.0000000000
   2.2664980000    2.2988400000 -143.0243000000    0.0000000000    0.0000000000
   2.2874910000    2.3210800000 -143.5249000000    0.0000000000    0.0000000000
   2.3086780000    2.3435000000 -144.0301000000    0.0000000000    0.0000000000
   2.3300610000    2.3661000000 -144.5402000000    0.0000000000    0.0000000000
   2.3516430000    2.3888700000 -145.0550000000    0.0000000000    0.0000000000
   2.3734240000    2.4118200000 -145.5746000000    0.0000000000    0.0000000000
   2.3954070000    2.4349400000 -146.0991000000    0.0000000000    0.0000000000
   2.4175940000    2.4582200000 -146.6286000000    0.0000000000    0.0000000000
   2.4399860000    2.4816600000 -147.1630000000    0.0000000000    0.0000000000
   2.4625860000    2.5052700000 -147.7025000000    0.0000000000    0.0000000000
   2.4853950000    2.5290300000 -148.2470000000    0.0000000000    0.0000000000
   2.5084150000    2.5529400000 -148.7966000000    0.0000000000    0.0000000000
   2.5316480000    2.5770000000 -149.3515000000    0.0000000000    0.0000000000
   2.5550970000    2.6012000000 -149.9116000000    0.0000000000    0.0000000000
   2.5787630000    2.6255400000 -150.4769000000    0.0000000000    0.0000000000
   2.6026480000    2.6500200000 -151.0476000000    0.0000000000    0.0000000000
   2.6267540000    2.6746300000 -151.6237000000    0.0000000000    0.0000000000
   2.6510840000    2.6993600000 -152.2052000000    0.0000000000    0.0000000000
   2.6756380000    2.7242200000 -152.7923000000    0.0000000000    0.0000000000
   2.7004210000    2.7492000000 -153.3849000000    0.0000000000    0.0000000000
   2.7254330000    2.7742900000 -153.9831000000    0.0000000000    0.0000000000
   2.7506760000    2.7995000000 -154.5869000000    0.0000000000    0.0000000000
   2.7761530000    2.8248100000 -155.1965000000    0.0000000000    0.0000000000
   2.8018670000    2.8502300000 -155.8119000000    0.0000000000    0.0000000000
   2.8278180000    2.8757500000 -156.4331000000    0.0000000000    0.0000000000
   2.8540100000    2.9013700000 -157.0602000000    0.0000000000    0.0000000000
   2.8804440000    2.9270900000 -157.6933000000    0.0000000000    0.0000000000
   2.9071230000    2.9529100000 -158.3324000000    0.0000000000    0.0000000000
   2.9340500000    2.9788200000 -158.9776000000    0.0000000000    0.0000000000
   2.9612250000    3.0048200000 -159.6289000000    0.0000000000    0.0000000000
   2.9886530000    3.0309300000 -160.2864000000    0.0000000000    0.0000000000
   3.0163340000    3.0571200000 -160.9502000000    0.0000000000    0.0000000000
   3.0442720000    3.0834200000 -161.6203000000    0.0000000000    0.0000000000
   3.0724690000    3.1098200000 -162.2968000000    0.0000000000    0.0000000000
   3.1009270000    3.1363200000 -162.9798000000    0.0000000000    0.0000000000
   3.1296480000    3.1629300000 -163.6693000000    0.0000000000    0.0000000000
   3.1586350000    3.1896500000 -164.3653000000    0.0000000000    0.0000000000
   3.1878910000    3.2165000000 -165.0681000000    0.0000000000    0.0000000000
   3.2174180000    3.2434600000 -165.7776000000    0.0000000000    0.0000000000
   3.2472180000    3.2705700000 -166.4938000000    0.0000000000    0.0000000000
   3.2772950000    3.2978200000 -167.2170000000    0.0000000000    0.0000000000
   3.3076500000    3.3252300000 -167.9470000000    0.0000000000    0.0000000000
   3.3382860000    3.3528100000 -168.6841000000    0.0000000000    0.0000000000
   3.3692060000    3.3805700000 -169.4282000000    0.0000000000    0.0000000000
   3.4004120000    3.4085300000 -170.1795000000    0.0000000000    0.0000000000
   3.4319070000    3.4367000000 -170.9381000000    0.0000000000    0.0000000000
   3.4636940000    3.4651100000 -171.7039000000    0.0000000000    0.0000000000
   3.4957760000    3.4937600000 -172.4771000000    0.0000000000    0.0000000000
   3.5281540000    3.5226700000 -173.2577000000    0.0000000000    0.0000000000
   3.5608330000    3.5518800000 -174.0459000000    0.0000000000    0.0000000000
   3.5938140000    3.5813900000 -174.8417000000    0.0000000000    0.0000000000
   3.6271000000    3.6112400000 -175.6451000000    0.0000000000    0.0000000000
   3.6606950000    3.6414500000 -176.4563000000    0.0000000000    0.0000000000
   3.6946010000    3.6720300000 -177.2754000000    0.0000000000    0.0000000000
   3.7288210000    3.7030100000 -178.1024000000    0.0000000000    0.0000000000
   3.7633580000    3.7344300000 -178.9374000000    0.0000000000    0.0000000000
   3.7982150000    3.7662900000 -179.7804000000    0.0000000000    0.0000000000
   3.8333950000    3.7986400000 -180.6317000000    0.0000000000    0.0000000000
   3.8689010000    3.8314900000 -181.4912000000    0.0000000000    0.0000000000
   3.9047350000    3.8648600000 -182.3590000000    0.0000000000    0.0000000000
   3.9409020000    3.8987800000 -183.2353000000    0.0000000000    0.0000000000
   3.9774030000    3.9332700000 -184.1200000000    0.0000000000    0.0000000000
   4.0142420000    3.9683600000 -185.0134000000    0.0000000000    0.0000000000
   4.0514230000    4.0040600000 -185.9155000000    0.0000000000    0.0000000000
   4.0889480000    4.0403800000 -186.8264000000    0.0000000000    0.0000000000
   4.1268210000    4.0773500000 -187.7461000000    0.0000000000    0.0000000000
   4.1650440000    4.1149700000 -188.6748000000    0.0000000000    0.0000000000
   4.2036220000    4.1532500000 -189.6126000000    0.0000000000    0.0000000000
   4.2425560000    4.1922000000 -190.5595000000    0.0000000000    0.0000000000
   4.2818520000    4.2318200000 -191.5157000000    0.0000000000    0.0000000000
   4.3215110000    4.2721000000 -192.4813000000    0.0000000000    0.0000000000
   4.3615380000    4.3130500000 -193.4563000000    0.0000000000    0.0000000000
   4.4019350000    4.3546400000 -194.4408000000    0.0000000000    0.0000000000
   4.4427070000    4.3968700000 -195.4350000000    0.0000000000    0.0000000000
   4.4838560000    4.4397100000 -196.4389000000    0.0000000000    0.0000000000
   4.5253860000    4.4831300000 -197.4527000000    0.0000000000    0.0000000000
   4.5673010000    4.5271100000 -198.4765000000    0.0000000000    0.0000000000
   4.6096040000    4.5716100000 -199.5103000000    0.0000000000    0.0000000000
   4.6523000000    4.6165700000 -200.5542000000    0.0000000000    0.0000000000
   4.6953900000    4.6619700000 -201.6085000000    0.0000000000    0.0000000000
   4.7388800000    4.7077300000 -202.6731000000    0.0000000000    0.0000000000
   4.7827720000    4.7538200000 -203.7482000000    0.0000000000    0.0000000000
   4.8270710000    4.8001600000 -204.8340000000    0.0000000000    0.0000000000
   4.8717800000    4.8466900000 -205.9304000000    0.0000000000    0.0000000000
   4.9169040000    4.8933400000 -207.0377000000    0.0000000000    0.0000000000
   4.9624450000    4.9400500000 -208.1559000000    0.0000000000    0.0000000000
   5.0084080000    4.9867300000 -209.2852000000    0.0000000000    0.0000000000
   5.0547970000    5.0333200000 -210.4256000000    0.0000000000    0.0000000000
   5.1016150000    5.0797400000 -211.5774000000    0.0000000000    0.0000000000
   5.1488670000    5.1259200000 -212.7406000000    0.0000000000    0.0000000000
   5.1965570000    5.1717800000 -213.9153000000    0.0000000000    0.0000000000
   5.2446890000    5.2172800000 -215.1016000000    0.0000000000    0.0000000000
   5.2932660000    5.2623400000 -216.2998000000    0.0000000000    0.0000000000
   5.3422930000    5.3069100000 -217.5099000000    0.0000000000    0.0000000000
   5.3917750000    5.3509400000 -218.7320000000    0.0000000000    0.0000000000
   5.4417140000    5.3944000000 -219.9662000000    0.0000000000    0.0000000000
   5.4921160000    5.4372500000 -221.2128000000    0.0000000000    0.0000000000
   5.5429860000    5.4795000000 -222.4717000000    0.0000000000    0.0000000000
   5.5943260000    5.5211200000 -223.7433000000    0.0000000000    0.0000000000
   5.6461410000    5.5621400000 -225.0275000000    0.0000000000    0.0000000000
   5.6984370000    5.6025800000 -226.3245000000    0.0000000000    0.0000000000
   5.7512170000    5.6424900000 -227.6345000000    0.0000000000    0.0000000000
   5.8044860000    5.6819200000 -228.9576000000    0.0000000000    0.0000000000
   5.8582480000    5.7209500000 -230.2939000000    0.0000000000    0.0000000000
   5.9125080000    5.7596700000 -231.6437000000    0.0000000000    0.0000000000
   5.9672710000    5.7981800000 -233.0069000000    0.0000000000    0.0000000000
   6.0225410000    5.8366200000 -234.3838000000    0.0000000000    0.0000000000
   6.0783230000    5.8751100000 -235.7745000000    0.0000000000    0.0000000000
   6.1346220000    5.9138000000 -237.1791000000    0.0000000000    0.0000000000
   6.1914420000    5.9528600000 -238.5979000000    0.0000000000    0.0000000000
   6.2487880000    5.9924400000 -240.0308000000    0.0000000000    0.0000000000
   6.3066660000    6.0327100000 -241.4782000000    0.0000000000    0.0000000000
   6.3650790000    6.0738500000 -242.9402000000    0.0000000000    0.0000000000
   6.4240340000    6.1160300000 -244.4168000000    0.0000000000    0.0000000000
   6.4835340000    6.1593900000 -245.9083000000    0.0000000000    0.0000000000
   6.5435860000    6.2041100000 -247.4148000000    0.0000000000    0.0000000000
   6.6041940000    6.2503100000 -248.9364000000    0.0000000000    0.0000000000
   6.6653630000    6.2981100000 -250.4734000000    0.0000000000    0.0000000000
   6.7270990000    6.3475900000 -252.0259000000    0.0000000000    0.0000000000
   6.7894070000    6.3988500000 -253.5940000000    0.0000000000    0.0000000000
   6.8522920000    6.4518900000 -255.1779000000    0.0000000000    0.0000000000
   6.9157590000    6.5067300000 -256.7778000000    0.0000000000    0.0000000000
   6.9798140000    6.5633200000 -258.3937000000    0.0000000000    0.0000000000
   7.0444620000    6.6216000000 -260.0260000000    0.0000000000    0.0000000000
   7.1097090000    6.6814300000 -261.6747000000    0.0000000000    0.0000000000
   7.1755610000    6.7426700000 -263.3401000000    0.0000000000    0.0000000000
   7.2420220000    6.8051200000 -265.0222000000    0.0000000000    0.0000000000
   7.3090990000    6.8685400000 -266.7212000000    0.0000000000    0.0000000000
   7.3767980000    6.9326700000 -268.4374000000    0.0000000000    0.0000000000
   7.4451230000    6.9972100000 -270.1708000000    0.0000000000    0.0000000000
   7.5140810000    7.0618400000 -271.9217000000    0.0000000000    0.0000000000
   7.5836780000    7.1262400000 -273.6902000000    0.0000000000    0.0000000000
   7.6539190000    7.1900700000 -275.4765000000    0.0000000000    0.0000000000
   7.7248110000    7.2530100000 -277.2807000000    0.0000000000    0.0000000000
   7.7963600000    7.3147300000 -279.1030000000    0.0000000000    0.0000000000
   7.8685720000    7.3749600000 -280.9436000000    0.0000000000    0.0000000000
   7.9414520000    7.4334600000 -282.8026000000    0.0000000000    0.0000000000
   8.0150070000    7.4900200000 -284.6802000000    0.0000000000    0.0000000000
   8.0892430000    7.5445300000 -286.5765000000    0.0000000000    0.0000000000
   8.1641680000    7.5969100000 -288.4918000000    0.0000000000    0.0000000000
   8.2397860000    7.6472100000 -290.4262000000    0.0000000000    0.0000000000
   8.3161040000    7.6955300000 -292.3797000000    0.0000000000    0.0000000000
   8.3931290000    7.7420700000 -294.3527000000    0.0000000000    0.0000000000
   8.4708680000    7.7871400000 -296.3452000000    0.0000000000    0.0000000000
   8.5493270000    7.8311100000 -298.3574000000    0.0000000000    0.0000000000
   8.6285130000    7.8744600000 -300.3894000000    0.0000000000    0.0000000000
   8.7084310000    7.9177500000 -302.4414000000    0.0000000000    0.0000000000
   8.7890910000    7.9615700000 -304.5135000000    0.0000000000    0.0000000000
   8.8704970000    8.0065800000 -306.6059000000    0.0000000000    0.0000000000
   8.9526570000    8.0534600000 -308.7186000000    0.0000000000    0.0000000000
   9.0355780000    8.1028800000 -310.8519000000    0.0000000000    0.0000000000
   9.1192680000    8.1555000000 -313.0058000000    0.0000000000    0.0000000000
   9.2037320000    8.2119000000 -315.1805000000    0.0000000000    0.0000000000
   9.2889790000    8.2726000000 -317.3761000000    0.0000000000    0.0000000000
   9.3750150000    8.3380200000 -319.5926000000    0.0000000000    0.0000000000
   9.4618480000    8.4084200000 -321.8302000000    0.0000000000    0.0000000000
   9.5494860000    8.4839300000 -324.0890000000    0.0000000000    0.0000000000
   9.6379350000    8.5645000000 -326.3691000000    0.0000000000    0.0000000000
   9.7272030000    8.6499000000 -328.6706000000    0.0000000000    0.0000000000
   9.8172980000    8.7397200000 -330.9935000000    0.0000000000    0.0000000000
   9.9082280000    8.8334000000 -333.3379000000    0.0000000000    0.0000000000
  10.0000000000    8.9301800000 -335.7040000000    0.0000000000    0.0000000000
=====================================================================
