# UNCLASSIFIED
#
# Response info for QSPA broad-band site.
#
# Effective: 18 JAN 2012
# Created: 16 MAR 2012
# File name: QSPA.BB.1295308800
# Source:  James Neely (TTD), TSgt Swindle (TTD)
# System equipment: Guralp CMG-3TB and Quanterra 330 digitizer.
# INID: 5716,5717,5718
#
# The response file was derived from equations of state.
# Displacement response relative to 1.0 at 1.0 Hz.
#
# The calib values for this configuration are as follows:
#
# QSPA BHZ is 0.004822 nm/count at 1.00 Hz.
# QSPA BH1 is 0.004774 nm/count at 1.00 Hz.
# QSPA BH2 is 0.004752 nm/count at 1.00 Hz.
#
# Freq(Hz)    Ampl(counts/nm)   Phase(deg)  Error(amp) Error(phase)
#
 theoretical   0   instrument   fap
1000
0.001000	0.000014314	260.224368	0.0	0.0
0.001010	0.000014746	260.126045	0.0	0.0
0.001020	0.000015192	260.026717	0.0	0.0
0.001030	0.000015650	259.926374	0.0	0.0
0.001040	0.000016122	259.825004	0.0	0.0
0.001051	0.000016609	259.722587	0.0	0.0
0.001061	0.000017110	259.619121	0.0	0.0
0.001072	0.000017627	259.514595	0.0	0.0
0.001083	0.000018159	259.408988	0.0	0.0
0.001093	0.000018707	259.302299	0.0	0.0
0.001104	0.000019271	259.194516	0.0	0.0
0.001115	0.000019853	259.085620	0.0	0.0
0.001126	0.000020452	258.975597	0.0	0.0
0.001138	0.000021069	258.864447	0.0	0.0
0.001149	0.000021705	258.752148	0.0	0.0
0.001160	0.000022360	258.638689	0.0	0.0
0.001172	0.000023035	258.524059	0.0	0.0
0.001184	0.000023730	258.408245	0.0	0.0
0.001195	0.000024446	258.291227	0.0	0.0
0.001207	0.000025184	258.173003	0.0	0.0
0.001219	0.000025944	258.053560	0.0	0.0
0.001231	0.000026727	257.932868	0.0	0.0
0.001244	0.000027533	257.810934	0.0	0.0
0.001256	0.000028364	257.687727	0.0	0.0
0.001269	0.000029220	257.563245	0.0	0.0
0.001281	0.000030102	257.437465	0.0	0.0
0.001294	0.000031010	257.310386	0.0	0.0
0.001307	0.000031946	257.181976	0.0	0.0
0.001320	0.000032910	257.052232	0.0	0.0
0.001333	0.000033903	256.921132	0.0	0.0
0.001346	0.000034926	256.788665	0.0	0.0
0.001360	0.000035980	256.654806	0.0	0.0
0.001373	0.000037065	256.519555	0.0	0.0
0.001387	0.000038184	256.382888	0.0	0.0
0.001401	0.000039336	256.244793	0.0	0.0
0.001415	0.000040522	256.105247	0.0	0.0
0.001429	0.000041745	255.964238	0.0	0.0
0.001443	0.000043004	255.821752	0.0	0.0
0.001457	0.000044302	255.677767	0.0	0.0
0.001472	0.000045638	255.532260	0.0	0.0
0.001487	0.000047015	255.385227	0.0	0.0
0.001501	0.000048433	255.236645	0.0	0.0
0.001516	0.000049894	255.086492	0.0	0.0
0.001532	0.000051399	254.934752	0.0	0.0
0.001547	0.000052950	254.781414	0.0	0.0
0.001562	0.000054547	254.626453	0.0	0.0
0.001578	0.000056192	254.469846	0.0	0.0
0.001593	0.000057887	254.311579	0.0	0.0
0.001609	0.000059632	254.151627	0.0	0.0
0.001625	0.000061431	253.989988	0.0	0.0
0.001642	0.000063283	253.826615	0.0	0.0
0.001658	0.000065192	253.661506	0.0	0.0
0.001674	0.000067157	253.494646	0.0	0.0
0.001691	0.000069182	253.325991	0.0	0.0
0.001708	0.000071268	253.155544	0.0	0.0
0.001725	0.000073417	252.983273	0.0	0.0
0.001742	0.000075631	252.809151	0.0	0.0
0.001760	0.000077911	252.633164	0.0	0.0
0.001777	0.000080259	252.455287	0.0	0.0
0.001795	0.000082679	252.275493	0.0	0.0
0.001813	0.000085171	252.093767	0.0	0.0
0.001831	0.000087738	251.910085	0.0	0.0
0.001849	0.000090382	251.724419	0.0	0.0
0.001867	0.000093106	251.536744	0.0	0.0
0.001886	0.000095912	251.347043	0.0	0.0
0.001905	0.000098802	251.155281	0.0	0.0
0.001924	0.000101778	250.961451	0.0	0.0
0.001943	0.000104845	250.765505	0.0	0.0
0.001962	0.000108003	250.567427	0.0	0.0
0.001982	0.000111257	250.367190	0.0	0.0
0.002002	0.000114608	250.164776	0.0	0.0
0.002022	0.000118059	249.960139	0.0	0.0
0.002042	0.000121615	249.753280	0.0	0.0
0.002062	0.000125277	249.544142	0.0	0.0
0.002083	0.000129049	249.332716	0.0	0.0
0.002103	0.000132934	249.118964	0.0	0.0
0.002124	0.000136936	248.902868	0.0	0.0
0.002145	0.000141057	248.684378	0.0	0.0
0.002167	0.000145302	248.463486	0.0	0.0
0.002188	0.000149675	248.240153	0.0	0.0
0.002210	0.000154178	248.014350	0.0	0.0
0.002232	0.000158817	247.786046	0.0	0.0
0.002254	0.000163594	247.555201	0.0	0.0
0.002277	0.000168514	247.321796	0.0	0.0
0.002300	0.000173581	247.085791	0.0	0.0
0.002322	0.000178800	246.847153	0.0	0.0
0.002346	0.000184175	246.605854	0.0	0.0
0.002369	0.000189711	246.361851	0.0	0.0
0.002393	0.000195412	246.115112	0.0	0.0
0.002416	0.000201284	245.865618	0.0	0.0
0.002441	0.000207330	245.613304	0.0	0.0
0.002465	0.000213557	245.358160	0.0	0.0
0.002489	0.000219970	245.100143	0.0	0.0
0.002514	0.000226574	244.839209	0.0	0.0
0.002539	0.000233375	244.575326	0.0	0.0
0.002565	0.000240378	244.308451	0.0	0.0
0.002590	0.000247590	244.038560	0.0	0.0
0.002616	0.000255016	243.765599	0.0	0.0
0.002642	0.000262663	243.489534	0.0	0.0
0.002668	0.000270537	243.210319	0.0	0.0
0.002695	0.000278645	242.927922	0.0	0.0
0.002722	0.000286994	242.642296	0.0	0.0
0.002749	0.000295590	242.353395	0.0	0.0
0.002776	0.000304440	242.061197	0.0	0.0
0.002804	0.000313553	241.765631	0.0	0.0
0.002832	0.000322936	241.466675	0.0	0.0
0.002860	0.000332595	241.164281	0.0	0.0
0.002888	0.000342541	240.858402	0.0	0.0
0.002917	0.000352779	240.548991	0.0	0.0
0.002946	0.000363320	240.236001	0.0	0.0
0.002976	0.000374170	239.919384	0.0	0.0
0.003005	0.000385341	239.599114	0.0	0.0
0.003035	0.000396839	239.275109	0.0	0.0
0.003066	0.000408675	238.947355	0.0	0.0
0.003096	0.000420859	238.615781	0.0	0.0
0.003127	0.000433399	238.280348	0.0	0.0
0.003158	0.000446306	237.941009	0.0	0.0
0.003190	0.000459591	237.597703	0.0	0.0
0.003221	0.000473263	237.250392	0.0	0.0
0.003253	0.000487334	236.899015	0.0	0.0
0.003286	0.000501814	236.543533	0.0	0.0
0.003319	0.000516715	236.183876	0.0	0.0
0.003352	0.000532049	235.820015	0.0	0.0
0.003385	0.000547827	235.451879	0.0	0.0
0.003419	0.000564062	235.079418	0.0	0.0
0.003453	0.000580765	234.702593	0.0	0.0
0.003487	0.000597950	234.321332	0.0	0.0
0.003522	0.000615629	233.935585	0.0	0.0
0.003557	0.000633816	233.545315	0.0	0.0
0.003592	0.000652525	233.150437	0.0	0.0
0.003628	0.000671768	232.750926	0.0	0.0
0.003664	0.000691561	232.346709	0.0	0.0
0.003701	0.000711918	231.937738	0.0	0.0
0.003738	0.000732853	231.523964	0.0	0.0
0.003775	0.000754381	231.105317	0.0	0.0
0.003813	0.000776518	230.681749	0.0	0.0
0.003851	0.000799280	230.253201	0.0	0.0
0.003889	0.000822681	229.819626	0.0	0.0
0.003928	0.000846739	229.380956	0.0	0.0
0.003967	0.000871470	228.937156	0.0	0.0
0.004006	0.000896890	228.488159	0.0	0.0
0.004046	0.000923017	228.033910	0.0	0.0
0.004087	0.000949867	227.574353	0.0	0.0
0.004127	0.000977459	227.109447	0.0	0.0
0.004168	0.001005810	226.639140	0.0	0.0
0.004210	0.001034940	226.163356	0.0	0.0
0.004252	0.001064860	225.682069	0.0	0.0
0.004294	0.001095600	225.195218	0.0	0.0
0.004337	0.001127170	224.702757	0.0	0.0
0.004380	0.001159590	224.204638	0.0	0.0
0.004424	0.001192880	223.700806	0.0	0.0
0.004468	0.001227060	223.191219	0.0	0.0
0.004512	0.001262160	222.675848	0.0	0.0
0.004557	0.001298180	222.154631	0.0	0.0
0.004603	0.001335150	221.627532	0.0	0.0
0.004649	0.001373080	221.094517	0.0	0.0
0.004695	0.001412010	220.555542	0.0	0.0
0.004742	0.001451950	220.010567	0.0	0.0
0.004789	0.001492910	219.459566	0.0	0.0
0.004837	0.001534920	218.902515	0.0	0.0
0.004885	0.001578000	218.339383	0.0	0.0
0.004934	0.001622170	217.770129	0.0	0.0
0.004983	0.001667450	217.194751	0.0	0.0
0.005032	0.001713860	216.613216	0.0	0.0
0.005082	0.001761410	216.025507	0.0	0.0
0.005133	0.001810130	215.431620	0.0	0.0
0.005184	0.001860040	214.831536	0.0	0.0
0.005236	0.001911150	214.225258	0.0	0.0
0.005288	0.001963490	213.612776	0.0	0.0
0.005341	0.002017070	212.994105	0.0	0.0
0.005394	0.002071910	212.369241	0.0	0.0
0.005448	0.002128030	211.738198	0.0	0.0
0.005502	0.002185440	211.100984	0.0	0.0
0.005557	0.002244170	210.457622	0.0	0.0
0.005612	0.002304230	209.808156	0.0	0.0
0.005668	0.002365620	209.152597	0.0	0.0
0.005725	0.002428380	208.490987	0.0	0.0
0.005782	0.002492510	207.823363	0.0	0.0
0.005839	0.002558030	207.149780	0.0	0.0
0.005897	0.002624940	206.470297	0.0	0.0
0.005956	0.002693270	205.784949	0.0	0.0
0.006015	0.002763010	205.093832	0.0	0.0
0.006075	0.002834190	204.396993	0.0	0.0
0.006136	0.002906810	203.694522	0.0	0.0
0.006197	0.002980880	202.986501	0.0	0.0
0.006259	0.003056400	202.273022	0.0	0.0
0.006321	0.003133390	201.554184	0.0	0.0
0.006384	0.003211840	200.830093	0.0	0.0
0.006448	0.003291760	200.100851	0.0	0.0
0.006512	0.003373160	199.366591	0.0	0.0
0.006577	0.003456030	198.627429	0.0	0.0
0.006642	0.003540380	197.883492	0.0	0.0
0.006708	0.003626200	197.134933	0.0	0.0
0.006775	0.003713490	196.381882	0.0	0.0
0.006843	0.003802250	195.624508	0.0	0.0
0.006911	0.003892480	194.862954	0.0	0.0
0.006980	0.003984160	194.097394	0.0	0.0
0.007049	0.004077290	193.327996	0.0	0.0
0.007120	0.004171870	192.554935	0.0	0.0
0.007191	0.004267880	191.778396	0.0	0.0
0.007262	0.004365300	190.998576	0.0	0.0
0.007335	0.004464140	190.215662	0.0	0.0
0.007408	0.004564380	189.429853	0.0	0.0
0.007481	0.004666000	188.641368	0.0	0.0
0.007556	0.004768980	187.850398	0.0	0.0
0.007631	0.004873310	187.057160	0.0	0.0
0.007707	0.004978980	186.261888	0.0	0.0
0.007784	0.005085970	185.464786	0.0	0.0
0.007862	0.005194240	184.666086	0.0	0.0
0.007940	0.005303800	183.866012	0.0	0.0
0.008019	0.005414610	183.064802	0.0	0.0
0.008099	0.005526660	182.262685	0.0	0.0
0.008180	0.005639920	181.459895	0.0	0.0
0.008261	0.005754380	180.656677	0.0	0.0
0.008343	0.005870000	179.853247	0.0	0.0
0.008426	0.005986770	179.049862	0.0	0.0
0.008510	0.006104660	178.246741	0.0	0.0
0.008595	0.006223650	177.444132	0.0	0.0
0.008681	0.006343720	176.642265	0.0	0.0
0.008767	0.006464840	175.841377	0.0	0.0
0.008855	0.006587000	175.041704	0.0	0.0
0.008943	0.006710170	174.243464	0.0	0.0
0.009032	0.006834320	173.446889	0.0	0.0
0.009122	0.006959430	172.652211	0.0	0.0
0.009213	0.007085490	171.859639	0.0	0.0
0.009305	0.007212470	171.069400	0.0	0.0
0.009397	0.007340350	170.281705	0.0	0.0
0.009491	0.007469110	169.496755	0.0	0.0
0.009586	0.007598740	168.714756	0.0	0.0
0.009681	0.007729200	167.935908	0.0	0.0
0.009777	0.007860500	167.160408	0.0	0.0
0.009875	0.007992600	166.388439	0.0	0.0
0.009973	0.008125500	165.620179	0.0	0.0
0.010073	0.008259180	164.855778	0.0	0.0
0.010173	0.008393630	164.095474	0.0	0.0
0.010274	0.008528830	163.339390	0.0	0.0
0.010377	0.008664770	162.587681	0.0	0.0
0.010480	0.008801450	161.840499	0.0	0.0
0.010584	0.008938840	161.097988	0.0	0.0
0.010690	0.009076950	160.360286	0.0	0.0
0.010796	0.009215770	159.627526	0.0	0.0
0.010904	0.009355300	158.899833	0.0	0.0
0.011013	0.009495510	158.177326	0.0	0.0
0.011122	0.009636430	157.460055	0.0	0.0
0.011233	0.009778030	156.748193	0.0	0.0
0.011345	0.009920330	156.041840	0.0	0.0
0.011458	0.010063300	155.341029	0.0	0.0
0.011572	0.010207000	154.645910	0.0	0.0
0.011688	0.010351400	153.956507	0.0	0.0
0.011804	0.010496400	153.272897	0.0	0.0
0.011922	0.010642200	152.595153	0.0	0.0
0.012040	0.010788700	151.923340	0.0	0.0
0.012160	0.010935800	151.257463	0.0	0.0
0.012281	0.011083700	150.597635	0.0	0.0
0.012404	0.011232400	149.943903	0.0	0.0
0.012527	0.011381700	149.296207	0.0	0.0
0.012652	0.011531800	148.654690	0.0	0.0
0.012778	0.011682700	148.019287	0.0	0.0
0.012906	0.011834400	147.390029	0.0	0.0
0.013034	0.011986800	146.766991	0.0	0.0
0.013164	0.012140000	146.150099	0.0	0.0
0.013295	0.012294000	145.539421	0.0	0.0
0.013428	0.012448800	144.934967	0.0	0.0
0.013561	0.012604500	144.336660	0.0	0.0
0.013696	0.012761000	143.744551	0.0	0.0
0.013833	0.012918400	143.158642	0.0	0.0
0.013971	0.013076700	142.578892	0.0	0.0
0.014110	0.013235900	142.005255	0.0	0.0
0.014250	0.013396000	141.437768	0.0	0.0
0.014392	0.013557000	140.876343	0.0	0.0
0.014536	0.013719000	140.321046	0.0	0.0
0.014681	0.013882000	139.771748	0.0	0.0
0.014827	0.014046000	139.228473	0.0	0.0
0.014975	0.014211000	138.691165	0.0	0.0
0.015124	0.014377000	138.159840	0.0	0.0
0.015275	0.014544100	137.634371	0.0	0.0
0.015427	0.014712200	137.114804	0.0	0.0
0.015580	0.014881500	136.601045	0.0	0.0
0.015736	0.015051900	136.093036	0.0	0.0
0.015892	0.015223400	135.590781	0.0	0.0
0.016051	0.015396100	135.094220	0.0	0.0
0.016211	0.015570000	134.603291	0.0	0.0
0.016372	0.015745000	134.117962	0.0	0.0
0.016535	0.015921400	133.638172	0.0	0.0
0.016700	0.016098900	133.163888	0.0	0.0
0.016866	0.016277800	132.695017	0.0	0.0
0.017034	0.016457900	132.231556	0.0	0.0
0.017204	0.016639400	131.773412	0.0	0.0
0.017375	0.016822200	131.320552	0.0	0.0
0.017549	0.017006400	130.872914	0.0	0.0
0.017723	0.017192000	130.430461	0.0	0.0
0.017900	0.017379000	129.993131	0.0	0.0
0.018078	0.017567500	129.560863	0.0	0.0
0.018258	0.017757400	129.133595	0.0	0.0
0.018440	0.017948800	128.711269	0.0	0.0
0.018624	0.018141700	128.293870	0.0	0.0
0.018810	0.018336200	127.881292	0.0	0.0
0.018997	0.018532200	127.473521	0.0	0.0
0.019186	0.018729800	127.070476	0.0	0.0
0.019377	0.018929000	126.672100	0.0	0.0
0.019570	0.019129900	126.278356	0.0	0.0
0.019765	0.019332500	125.889188	0.0	0.0
0.019962	0.019536700	125.504518	0.0	0.0
0.020161	0.019742600	125.124312	0.0	0.0
0.020362	0.019950300	124.748514	0.0	0.0
0.020565	0.020159700	124.377072	0.0	0.0
0.020770	0.020371000	124.009930	0.0	0.0
0.020977	0.020584000	123.647019	0.0	0.0
0.021186	0.020798900	123.288322	0.0	0.0
0.021397	0.021015600	122.933754	0.0	0.0
0.021610	0.021234300	122.583281	0.0	0.0
0.021825	0.021454900	122.236853	0.0	0.0
0.022043	0.021677400	121.894406	0.0	0.0
0.022262	0.021901800	121.555892	0.0	0.0
0.022484	0.022128300	121.221279	0.0	0.0
0.022708	0.022356800	120.890505	0.0	0.0
0.022934	0.022587400	120.563509	0.0	0.0
0.023163	0.022820000	120.240277	0.0	0.0
0.023394	0.023054700	119.920720	0.0	0.0
0.023627	0.023291600	119.604825	0.0	0.0
0.023862	0.023530600	119.292520	0.0	0.0
0.024100	0.023771800	118.983777	0.0	0.0
0.024340	0.024015200	118.678556	0.0	0.0
0.024582	0.024260800	118.376777	0.0	0.0
0.024827	0.024508700	118.078438	0.0	0.0
0.025075	0.024758900	117.783465	0.0	0.0
0.025324	0.025011400	117.491831	0.0	0.0
0.025577	0.025266300	117.203486	0.0	0.0
0.025832	0.025523600	116.918394	0.0	0.0
0.026089	0.025783200	116.636509	0.0	0.0
0.026349	0.026045300	116.357783	0.0	0.0
0.026611	0.026309800	116.082193	0.0	0.0
0.026876	0.026576900	115.809684	0.0	0.0
0.027144	0.026846400	115.540213	0.0	0.0
0.027415	0.027118500	115.273757	0.0	0.0
0.027688	0.027393200	115.010274	0.0	0.0
0.027964	0.027670500	114.749724	0.0	0.0
0.028242	0.027950400	114.492057	0.0	0.0
0.028524	0.028233000	114.237261	0.0	0.0
0.028808	0.028518300	113.985271	0.0	0.0
0.029095	0.028806300	113.736076	0.0	0.0
0.029385	0.029097100	113.489631	0.0	0.0
0.029677	0.029390600	113.245899	0.0	0.0
0.029973	0.029687000	113.004845	0.0	0.0
0.030272	0.029986200	112.766443	0.0	0.0
0.030573	0.030288300	112.530650	0.0	0.0
0.030878	0.030593300	112.297442	0.0	0.0
0.031185	0.030901300	112.066786	0.0	0.0
0.031496	0.031212200	111.838643	0.0	0.0
0.031810	0.031526200	111.612981	0.0	0.0
0.032127	0.031843200	111.389778	0.0	0.0
0.032447	0.032163300	111.168997	0.0	0.0
0.032770	0.032486400	110.950608	0.0	0.0
0.033097	0.032812700	110.734584	0.0	0.0
0.033426	0.033142200	110.520895	0.0	0.0
0.033759	0.033474900	110.309510	0.0	0.0
0.034096	0.033810800	110.100406	0.0	0.0
0.034435	0.034150100	109.893546	0.0	0.0
0.034778	0.034492600	109.688910	0.0	0.0
0.035125	0.034838400	109.486473	0.0	0.0
0.035475	0.035187700	109.286199	0.0	0.0
0.035828	0.035540400	109.088064	0.0	0.0
0.036185	0.035896500	108.892050	0.0	0.0
0.036546	0.036256100	108.698118	0.0	0.0
0.036910	0.036619200	108.506256	0.0	0.0
0.037278	0.036985900	108.316431	0.0	0.0
0.037649	0.037356200	108.128618	0.0	0.0
0.038024	0.037730200	107.942799	0.0	0.0
0.038403	0.038107800	107.758940	0.0	0.0
0.038785	0.038489100	107.577031	0.0	0.0
0.039172	0.038874100	107.397037	0.0	0.0
0.039562	0.039263000	107.218939	0.0	0.0
0.039956	0.039655700	107.042718	0.0	0.0
0.040354	0.040052300	106.868347	0.0	0.0
0.040756	0.040452700	106.695804	0.0	0.0
0.041162	0.040857100	106.525067	0.0	0.0
0.041572	0.041265500	106.356122	0.0	0.0
0.041987	0.041678000	106.188937	0.0	0.0
0.042405	0.042094500	106.023499	0.0	0.0
0.042827	0.042515100	105.859784	0.0	0.0
0.043254	0.042939900	105.697775	0.0	0.0
0.043685	0.043368800	105.537447	0.0	0.0
0.044120	0.043802000	105.378785	0.0	0.0
0.044560	0.044239500	105.221765	0.0	0.0
0.045004	0.044681400	105.066371	0.0	0.0
0.045452	0.045127500	104.912585	0.0	0.0
0.045905	0.045578200	104.760389	0.0	0.0
0.046362	0.046033200	104.609760	0.0	0.0
0.046824	0.046492800	104.460684	0.0	0.0
0.047291	0.046956900	104.313139	0.0	0.0
0.047762	0.047425700	104.167113	0.0	0.0
0.048238	0.047899000	104.022583	0.0	0.0
0.048718	0.048377100	103.879537	0.0	0.0
0.049204	0.048859900	103.737953	0.0	0.0
0.049694	0.049347400	103.597818	0.0	0.0
0.050189	0.049839900	103.459115	0.0	0.0
0.050689	0.050337200	103.321824	0.0	0.0
0.051194	0.050839400	103.185933	0.0	0.0
0.051704	0.051346700	103.051425	0.0	0.0
0.052219	0.051858900	102.918284	0.0	0.0
0.052739	0.052376200	102.786496	0.0	0.0
0.053265	0.052898700	102.656042	0.0	0.0
0.053795	0.053426400	102.526911	0.0	0.0
0.054331	0.053959300	102.399085	0.0	0.0
0.054873	0.054497500	102.272553	0.0	0.0
0.055419	0.055041000	102.147297	0.0	0.0
0.055971	0.055589900	102.023303	0.0	0.0
0.056529	0.056144300	101.900560	0.0	0.0
0.057092	0.056704200	101.779051	0.0	0.0
0.057661	0.057269700	101.658761	0.0	0.0
0.058235	0.057840800	101.539679	0.0	0.0
0.058816	0.058417600	101.421792	0.0	0.0
0.059402	0.059000100	101.305086	0.0	0.0
0.059993	0.059588300	101.189547	0.0	0.0
0.060591	0.060182500	101.075161	0.0	0.0
0.061195	0.060782500	100.961918	0.0	0.0
0.061804	0.061388500	100.849805	0.0	0.0
0.062420	0.062000600	100.738807	0.0	0.0
0.063042	0.062618700	100.628913	0.0	0.0
0.063670	0.063242900	100.520111	0.0	0.0
0.064304	0.063873400	100.412390	0.0	0.0
0.064945	0.064510200	100.305736	0.0	0.0
0.065592	0.065153300	100.200139	0.0	0.0
0.066246	0.065802800	100.095587	0.0	0.0
0.066906	0.066458700	99.992067	0.0	0.0
0.067572	0.067121200	99.889569	0.0	0.0
0.068245	0.067790200	99.788082	0.0	0.0
0.068925	0.068466000	99.687596	0.0	0.0
0.069612	0.069148400	99.588096	0.0	0.0
0.070305	0.069837700	99.489575	0.0	0.0
0.071006	0.070533800	99.392021	0.0	0.0
0.071713	0.071236800	99.295423	0.0	0.0
0.072428	0.071946800	99.199771	0.0	0.0
0.073149	0.072664000	99.105055	0.0	0.0
0.073878	0.073388200	99.011264	0.0	0.0
0.074614	0.074119600	98.918389	0.0	0.0
0.075357	0.074858400	98.826419	0.0	0.0
0.076108	0.075604500	98.735343	0.0	0.0
0.076866	0.076358000	98.645155	0.0	0.0
0.077632	0.077119000	98.555842	0.0	0.0
0.078406	0.077887600	98.467396	0.0	0.0
0.079187	0.078663800	98.379806	0.0	0.0
0.079976	0.079447800	98.293065	0.0	0.0
0.080773	0.080239600	98.207163	0.0	0.0
0.081577	0.081039300	98.122088	0.0	0.0
0.082390	0.081846900	98.037835	0.0	0.0
0.083211	0.082662600	97.954394	0.0	0.0
0.084040	0.083486400	97.871755	0.0	0.0
0.084877	0.084318400	97.789910	0.0	0.0
0.085723	0.085158700	97.708850	0.0	0.0
0.086577	0.086007400	97.628567	0.0	0.0
0.087439	0.086864600	97.549052	0.0	0.0
0.088310	0.087730200	97.470298	0.0	0.0
0.089190	0.088604500	97.392294	0.0	0.0
0.090079	0.089487500	97.315034	0.0	0.0
0.090976	0.090379300	97.238511	0.0	0.0
0.091883	0.091280000	97.162714	0.0	0.0
0.092798	0.092189600	97.087637	0.0	0.0
0.093722	0.093108300	97.013271	0.0	0.0
0.094656	0.094036200	96.939609	0.0	0.0
0.095599	0.094973300	96.866644	0.0	0.0
0.096552	0.095919800	96.794367	0.0	0.0
0.097514	0.096875700	96.722772	0.0	0.0
0.098485	0.097841100	96.651850	0.0	0.0
0.099466	0.098816100	96.581594	0.0	0.0
0.100457	0.099800900	96.511996	0.0	0.0
0.101458	0.100795000	96.443054	0.0	0.0
0.102469	0.101800000	96.374754	0.0	0.0
0.103490	0.102814000	96.307090	0.0	0.0
0.104521	0.103839000	96.240062	0.0	0.0
0.105562	0.104874000	96.173655	0.0	0.0
0.106614	0.105919000	96.107864	0.0	0.0
0.107676	0.106974000	96.042688	0.0	0.0
0.108749	0.108040000	95.978108	0.0	0.0
0.109832	0.109117000	95.914131	0.0	0.0
0.110926	0.110205000	95.850743	0.0	0.0
0.112031	0.111303000	95.787934	0.0	0.0
0.113148	0.112412000	95.725709	0.0	0.0
0.114275	0.113532000	95.664050	0.0	0.0
0.115413	0.114664000	95.602963	0.0	0.0
0.116563	0.115806000	95.542426	0.0	0.0
0.117724	0.116960000	95.482450	0.0	0.0
0.118897	0.118126000	95.423013	0.0	0.0
0.120082	0.119303000	95.364120	0.0	0.0
0.121278	0.120492000	95.305757	0.0	0.0
0.122486	0.121693000	95.247928	0.0	0.0
0.123707	0.122906000	95.190619	0.0	0.0
0.124939	0.124131000	95.133824	0.0	0.0
0.126184	0.125368000	95.077543	0.0	0.0
0.127441	0.126617000	95.021767	0.0	0.0
0.128711	0.127879000	94.966488	0.0	0.0
0.129993	0.129153000	94.911704	0.0	0.0
0.131288	0.130441000	94.857408	0.0	0.0
0.132596	0.131741000	94.803594	0.0	0.0
0.133917	0.133053000	94.750259	0.0	0.0
0.135251	0.134380000	94.697395	0.0	0.0
0.136599	0.135719000	94.645000	0.0	0.0
0.137960	0.137071000	94.593064	0.0	0.0
0.139334	0.138438000	94.541583	0.0	0.0
0.140722	0.139817000	94.490555	0.0	0.0
0.142124	0.141211000	94.439971	0.0	0.0
0.143540	0.142618000	94.389830	0.0	0.0
0.144970	0.144040000	94.340121	0.0	0.0
0.146414	0.145475000	94.290845	0.0	0.0
0.147873	0.146925000	94.241996	0.0	0.0
0.149346	0.148389000	94.193563	0.0	0.0
0.150834	0.149868000	94.145552	0.0	0.0
0.152337	0.151362000	94.097946	0.0	0.0
0.153855	0.152871000	94.050748	0.0	0.0
0.155387	0.154394000	94.003952	0.0	0.0
0.156935	0.155933000	93.957555	0.0	0.0
0.158499	0.157488000	93.911548	0.0	0.0
0.160078	0.159057000	93.865928	0.0	0.0
0.161673	0.160643000	93.820692	0.0	0.0
0.163284	0.162244000	93.775833	0.0	0.0
0.164910	0.163861000	93.731348	0.0	0.0
0.166553	0.165494000	93.687234	0.0	0.0
0.168213	0.167144000	93.643484	0.0	0.0
0.169888	0.168810000	93.600094	0.0	0.0
0.171581	0.170493000	93.557062	0.0	0.0
0.173290	0.172192000	93.514381	0.0	0.0
0.175017	0.173909000	93.472046	0.0	0.0
0.176760	0.175642000	93.430058	0.0	0.0
0.178521	0.177393000	93.388407	0.0	0.0
0.180300	0.179161000	93.347091	0.0	0.0
0.182096	0.180947000	93.306106	0.0	0.0
0.183910	0.182751000	93.265450	0.0	0.0
0.185743	0.184573000	93.225115	0.0	0.0
0.187593	0.186413000	93.185099	0.0	0.0
0.189462	0.188271000	93.145399	0.0	0.0
0.191350	0.190148000	93.106008	0.0	0.0
0.193256	0.192044000	93.066926	0.0	0.0
0.195181	0.193958000	93.028146	0.0	0.0
0.197126	0.195892000	92.989666	0.0	0.0
0.199090	0.197845000	92.951481	0.0	0.0
0.201073	0.199818000	92.913587	0.0	0.0
0.203077	0.201810000	92.875982	0.0	0.0
0.205100	0.203822000	92.838660	0.0	0.0
0.207143	0.205854000	92.801618	0.0	0.0
0.209207	0.207906000	92.764853	0.0	0.0
0.211291	0.209979000	92.728363	0.0	0.0
0.213396	0.212073000	92.692140	0.0	0.0
0.215522	0.214187000	92.656184	0.0	0.0
0.217669	0.216323000	92.620489	0.0	0.0
0.219838	0.218480000	92.585055	0.0	0.0
0.222028	0.220659000	92.549875	0.0	0.0
0.224240	0.222859000	92.514947	0.0	0.0
0.226474	0.225081000	92.480267	0.0	0.0
0.228730	0.227326000	92.445832	0.0	0.0
0.231009	0.229592000	92.411638	0.0	0.0
0.233311	0.231882000	92.377681	0.0	0.0
0.235635	0.234194000	92.343960	0.0	0.0
0.237983	0.236530000	92.310471	0.0	0.0
0.240354	0.238889000	92.277209	0.0	0.0
0.242748	0.241271000	92.244171	0.0	0.0
0.245167	0.243677000	92.211355	0.0	0.0
0.247609	0.246108000	92.178758	0.0	0.0
0.250076	0.248562000	92.146374	0.0	0.0
0.252567	0.251041000	92.114204	0.0	0.0
0.255084	0.253545000	92.082242	0.0	0.0
0.257625	0.256074000	92.050484	0.0	0.0
0.260192	0.258628000	92.018929	0.0	0.0
0.262784	0.261208000	91.987573	0.0	0.0
0.265402	0.263813000	91.956413	0.0	0.0
0.268046	0.266445000	91.925446	0.0	0.0
0.270716	0.269103000	91.894670	0.0	0.0
0.273413	0.271787000	91.864079	0.0	0.0
0.276137	0.274498000	91.833673	0.0	0.0
0.278888	0.277237000	91.803447	0.0	0.0
0.281667	0.280002000	91.773399	0.0	0.0
0.284473	0.282796000	91.743526	0.0	0.0
0.287307	0.285617000	91.713825	0.0	0.0
0.290170	0.288467000	91.684293	0.0	0.0
0.293060	0.291345000	91.654926	0.0	0.0
0.295980	0.294252000	91.625723	0.0	0.0
0.298929	0.297188000	91.596681	0.0	0.0
0.301907	0.300153000	91.567795	0.0	0.0
0.304915	0.303148000	91.539064	0.0	0.0
0.307953	0.306173000	91.510484	0.0	0.0
0.311021	0.309228000	91.482054	0.0	0.0
0.314119	0.312314000	91.453770	0.0	0.0
0.317249	0.315431000	91.425628	0.0	0.0
0.320409	0.318579000	91.397628	0.0	0.0
0.323602	0.321759000	91.369765	0.0	0.0
0.326825	0.324970000	91.342037	0.0	0.0
0.330082	0.328213000	91.314441	0.0	0.0
0.333370	0.331489000	91.286975	0.0	0.0
0.336691	0.334798000	91.259635	0.0	0.0
0.340046	0.338140000	91.232420	0.0	0.0
0.343433	0.341515000	91.205326	0.0	0.0
0.346855	0.344925000	91.178351	0.0	0.0
0.350311	0.348368000	91.151492	0.0	0.0
0.353801	0.351846000	91.124746	0.0	0.0
0.357325	0.355359000	91.098111	0.0	0.0
0.360885	0.358907000	91.071585	0.0	0.0
0.364481	0.362490000	91.045164	0.0	0.0
0.368112	0.366110000	91.018846	0.0	0.0
0.371779	0.369765000	90.992628	0.0	0.0
0.375483	0.373458000	90.966508	0.0	0.0
0.379224	0.377187000	90.940483	0.0	0.0
0.383002	0.380954000	90.914551	0.0	0.0
0.386818	0.384758000	90.888709	0.0	0.0
0.390672	0.388601000	90.862955	0.0	0.0
0.394564	0.392483000	90.837285	0.0	0.0
0.398495	0.396403000	90.811698	0.0	0.0
0.402465	0.400362000	90.786191	0.0	0.0
0.406474	0.404362000	90.760761	0.0	0.0
0.410524	0.408401000	90.735406	0.0	0.0
0.414614	0.412481000	90.710124	0.0	0.0
0.418745	0.416602000	90.684912	0.0	0.0
0.422916	0.420765000	90.659767	0.0	0.0
0.427130	0.424969000	90.634687	0.0	0.0
0.431385	0.429215000	90.609669	0.0	0.0
0.435683	0.433504000	90.584712	0.0	0.0
0.440024	0.437837000	90.559813	0.0	0.0
0.444407	0.442212000	90.534968	0.0	0.0
0.448835	0.446632000	90.510176	0.0	0.0
0.453307	0.451096000	90.485434	0.0	0.0
0.457823	0.455605000	90.460740	0.0	0.0
0.462384	0.460159000	90.436092	0.0	0.0
0.466990	0.464759000	90.411487	0.0	0.0
0.471643	0.469406000	90.386922	0.0	0.0
0.476342	0.474099000	90.362394	0.0	0.0
0.481087	0.478839000	90.337903	0.0	0.0
0.485880	0.483627000	90.313445	0.0	0.0
0.490721	0.488463000	90.289019	0.0	0.0
0.495610	0.493348000	90.264620	0.0	0.0
0.500547	0.498282000	90.240248	0.0	0.0
0.505534	0.503266000	90.215899	0.0	0.0
0.510571	0.508300000	90.191572	0.0	0.0
0.515657	0.513384000	90.167263	0.0	0.0
0.520795	0.518520000	90.142971	0.0	0.0
0.525983	0.523707000	90.118693	0.0	0.0
0.531224	0.528947000	90.094426	0.0	0.0
0.536516	0.534239000	90.070170	0.0	0.0
0.541861	0.539585000	90.045919	0.0	0.0
0.547260	0.544985000	90.021674	0.0	0.0
0.552712	0.550439000	89.997431	0.0	0.0
0.558218	0.555948000	89.973187	0.0	0.0
0.563780	0.561513000	89.948941	0.0	0.0
0.569396	0.567134000	89.924690	0.0	0.0
0.575069	0.572811000	89.900432	0.0	0.0
0.580798	0.578546000	89.876164	0.0	0.0
0.586585	0.584338000	89.851883	0.0	0.0
0.592429	0.590190000	89.827588	0.0	0.0
0.598331	0.596100000	89.803276	0.0	0.0
0.604292	0.602069000	89.778945	0.0	0.0
0.610312	0.608099000	89.754592	0.0	0.0
0.616392	0.614190000	89.730215	0.0	0.0
0.622533	0.620343000	89.705811	0.0	0.0
0.628736	0.626557000	89.681379	0.0	0.0
0.634999	0.632835000	89.656915	0.0	0.0
0.641326	0.639175000	89.632418	0.0	0.0
0.647715	0.645580000	89.607884	0.0	0.0
0.654168	0.652050000	89.583312	0.0	0.0
0.660685	0.658584000	89.558699	0.0	0.0
0.667268	0.665186000	89.534042	0.0	0.0
0.673915	0.671853000	89.509340	0.0	0.0
0.680629	0.678588000	89.484589	0.0	0.0
0.687410	0.685391000	89.459788	0.0	0.0
0.694259	0.692263000	89.434933	0.0	0.0
0.701175	0.699204000	89.410023	0.0	0.0
0.708161	0.706216000	89.385055	0.0	0.0
0.715216	0.713299000	89.360027	0.0	0.0
0.722342	0.720453000	89.334935	0.0	0.0
0.729538	0.727680000	89.309778	0.0	0.0
0.736806	0.734980000	89.284553	0.0	0.0
0.744147	0.742353000	89.259258	0.0	0.0
0.751561	0.749801000	89.233890	0.0	0.0
0.759048	0.757325000	89.208447	0.0	0.0
0.766610	0.764925000	89.182926	0.0	0.0
0.774248	0.772601000	89.157324	0.0	0.0
0.781961	0.780355000	89.131640	0.0	0.0
0.789752	0.788188000	89.105869	0.0	0.0
0.797620	0.796100000	89.080011	0.0	0.0
0.805566	0.804093000	89.054063	0.0	0.0
0.813592	0.812166000	89.028022	0.0	0.0
0.821698	0.820321000	89.001884	0.0	0.0
0.829884	0.828558000	88.975649	0.0	0.0
0.838152	0.836879000	88.949313	0.0	0.0
0.846502	0.845284000	88.922873	0.0	0.0
0.854936	0.853774000	88.896328	0.0	0.0
0.863453	0.862350000	88.869674	0.0	0.0
0.872055	0.871013000	88.842909	0.0	0.0
0.880743	0.879763000	88.816030	0.0	0.0
0.889518	0.888602000	88.789034	0.0	0.0
0.898380	0.897531000	88.761919	0.0	0.0
0.907330	0.906549000	88.734682	0.0	0.0
0.916370	0.915659000	88.707321	0.0	0.0
0.925499	0.924861000	88.679833	0.0	0.0
0.934720	0.934157000	88.652215	0.0	0.0
0.944032	0.943545000	88.624464	0.0	0.0
0.953437	0.953030000	88.596578	0.0	0.0
0.962936	0.962609000	88.568553	0.0	0.0
0.972529	0.972286000	88.540388	0.0	0.0
0.982218	0.982061000	88.512079	0.0	0.0
0.992004	0.991933000	88.483624	0.0	0.0
1.001887	1.001910000	88.455019	0.0	0.0
1.011868	1.011980000	88.426264	0.0	0.0
1.021949	1.022150000	88.397352	0.0	0.0
1.032131	1.032430000	88.368281	0.0	0.0
1.042414	1.042810000	88.339051	0.0	0.0
1.052799	1.053300000	88.309658	0.0	0.0
1.063288	1.063890000	88.280098	0.0	0.0
1.073881	1.074590000	88.250369	0.0	0.0
1.084580	1.085390000	88.220467	0.0	0.0
1.095385	1.096310000	88.190392	0.0	0.0
1.106298	1.107330000	88.160137	0.0	0.0
1.117320	1.118470000	88.129701	0.0	0.0
1.128451	1.129710000	88.099083	0.0	0.0
1.139694	1.141070000	88.068274	0.0	0.0
1.151048	1.152540000	88.037278	0.0	0.0
1.162516	1.164130000	88.006086	0.0	0.0
1.174097	1.175830000	87.974702	0.0	0.0
1.185794	1.187660000	87.943116	0.0	0.0
1.197608	1.199590000	87.911327	0.0	0.0
1.209540	1.211650000	87.879331	0.0	0.0
1.221590	1.223830000	87.847129	0.0	0.0
1.233760	1.236130000	87.814714	0.0	0.0
1.246052	1.248550000	87.782083	0.0	0.0
1.258466	1.261100000	87.749234	0.0	0.0
1.271004	1.273770000	87.716163	0.0	0.0
1.283666	1.286560000	87.682869	0.0	0.0
1.296455	1.299480000	87.649345	0.0	0.0
1.309371	1.312530000	87.615591	0.0	0.0
1.322416	1.325710000	87.581601	0.0	0.0
1.335591	1.339020000	87.547372	0.0	0.0
1.348897	1.352460000	87.512903	0.0	0.0
1.362336	1.366040000	87.478187	0.0	0.0
1.375908	1.379740000	87.443225	0.0	0.0
1.389616	1.393590000	87.408010	0.0	0.0
1.403460	1.407560000	87.372540	0.0	0.0
1.417443	1.421680000	87.336809	0.0	0.0
1.431564	1.435930000	87.300819	0.0	0.0
1.445826	1.450320000	87.264562	0.0	0.0
1.460231	1.464850000	87.228033	0.0	0.0
1.474779	1.479520000	87.191232	0.0	0.0
1.489471	1.494340000	87.154157	0.0	0.0
1.504310	1.509290000	87.116800	0.0	0.0
1.519297	1.524400000	87.079159	0.0	0.0
1.534434	1.539650000	87.041227	0.0	0.0
1.549721	1.555040000	87.003007	0.0	0.0
1.565160	1.570590000	86.964491	0.0	0.0
1.580753	1.586280000	86.925676	0.0	0.0
1.596502	1.602130000	86.886556	0.0	0.0
1.612408	1.618120000	86.847129	0.0	0.0
1.628471	1.634270000	86.807395	0.0	0.0
1.644695	1.650570000	86.767343	0.0	0.0
1.661081	1.667030000	86.726972	0.0	0.0
1.677630	1.683640000	86.686279	0.0	0.0
1.694344	1.700420000	86.645259	0.0	0.0
1.711224	1.717350000	86.603909	0.0	0.0
1.728272	1.734440000	86.562225	0.0	0.0
1.745491	1.751690000	86.520199	0.0	0.0
1.762880	1.769100000	86.477833	0.0	0.0
1.780443	1.786680000	86.435118	0.0	0.0
1.798181	1.804430000	86.392051	0.0	0.0
1.816096	1.822330000	86.348628	0.0	0.0
1.834189	1.840410000	86.304846	0.0	0.0
1.852463	1.858660000	86.260697	0.0	0.0
1.870918	1.877070000	86.216182	0.0	0.0
1.889558	1.895660000	86.171291	0.0	0.0
1.908383	1.914420000	86.126023	0.0	0.0
1.927396	1.933350000	86.080372	0.0	0.0
1.946598	1.952470000	86.034335	0.0	0.0
1.965991	1.971750000	85.987908	0.0	0.0
1.985578	1.991220000	85.941082	0.0	0.0
2.005359	2.010870000	85.893859	0.0	0.0
2.025338	2.030700000	85.846228	0.0	0.0
2.045516	2.050710000	85.798187	0.0	0.0
2.065895	2.070910000	85.749731	0.0	0.0
2.086477	2.091300000	85.700855	0.0	0.0
2.107264	2.111870000	85.651555	0.0	0.0
2.128258	2.132640000	85.601825	0.0	0.0
2.149461	2.153600000	85.551661	0.0	0.0
2.170875	2.174750000	85.501059	0.0	0.0
2.192503	2.196110000	85.450010	0.0	0.0
2.214346	2.217660000	85.398513	0.0	0.0
2.236407	2.239410000	85.346560	0.0	0.0
2.258688	2.261370000	85.294147	0.0	0.0
2.281191	2.283540000	85.241268	0.0	0.0
2.303917	2.305920000	85.187922	0.0	0.0
2.326871	2.328510000	85.134096	0.0	0.0
2.350052	2.351310000	85.079793	0.0	0.0
2.373465	2.374330000	85.025001	0.0	0.0
2.397111	2.397580000	84.969718	0.0	0.0
2.420993	2.421050000	84.913936	0.0	0.0
2.445113	2.444750000	84.857650	0.0	0.0
2.469473	2.468680000	84.800857	0.0	0.0
2.494075	2.492850000	84.743551	0.0	0.0
2.518923	2.517260000	84.685722	0.0	0.0
2.544018	2.541920000	84.627369	0.0	0.0
2.569364	2.566820000	84.568481	0.0	0.0
2.594961	2.591970000	84.509060	0.0	0.0
2.620814	2.617390000	84.449092	0.0	0.0
2.646925	2.643070000	84.388574	0.0	0.0
2.673295	2.669010000	84.327502	0.0	0.0
2.699928	2.695230000	84.265868	0.0	0.0
2.726827	2.721730000	84.203664	0.0	0.0
2.753994	2.748510000	84.140886	0.0	0.0
2.781431	2.775580000	84.077528	0.0	0.0
2.809141	2.802950000	84.013585	0.0	0.0
2.837128	2.830620000	83.949045	0.0	0.0
2.865393	2.858600000	83.883908	0.0	0.0
2.893941	2.886900000	83.818161	0.0	0.0
2.922772	2.915520000	83.751803	0.0	0.0
2.951891	2.944460000	83.684825	0.0	0.0
2.981300	2.973750000	83.617219	0.0	0.0
3.011001	3.003370000	83.548983	0.0	0.0
3.040999	3.033350000	83.480104	0.0	0.0
3.071296	3.063680000	83.410577	0.0	0.0
3.101894	3.094370000	83.340397	0.0	0.0
3.132797	3.125440000	83.269556	0.0	0.0
3.164008	3.156880000	83.198046	0.0	0.0
3.195530	3.188710000	83.125860	0.0	0.0
3.227367	3.220930000	83.052989	0.0	0.0
3.259520	3.253550000	82.979430	0.0	0.0
3.291993	3.286570000	82.905173	0.0	0.0
3.324791	3.320000000	82.830208	0.0	0.0
3.357915	3.353850000	82.754531	0.0	0.0
3.391368	3.388130000	82.678135	0.0	0.0
3.425156	3.422830000	82.601007	0.0	0.0
3.459279	3.457960000	82.523146	0.0	0.0
3.493743	3.493530000	82.444539	0.0	0.0
3.528550	3.529550000	82.365179	0.0	0.0
3.563704	3.566000000	82.285059	0.0	0.0
3.599208	3.602900000	82.204170	0.0	0.0
3.635066	3.640250000	82.122504	0.0	0.0
3.671281	3.678050000	82.040053	0.0	0.0
3.707857	3.716290000	81.956808	0.0	0.0
3.744797	3.754990000	81.872761	0.0	0.0
3.782106	3.794130000	81.787902	0.0	0.0
3.819786	3.833710000	81.702224	0.0	0.0
3.857841	3.873730000	81.615719	0.0	0.0
3.896276	3.914190000	81.528374	0.0	0.0
3.935093	3.955080000	81.440185	0.0	0.0
3.974297	3.996390000	81.351140	0.0	0.0
4.013892	4.038120000	81.261230	0.0	0.0
4.053881	4.080250000	81.170447	0.0	0.0
4.094269	4.122790000	81.078780	0.0	0.0
4.135059	4.165710000	80.986220	0.0	0.0
4.176255	4.209000000	80.892760	0.0	0.0
4.217862	4.252660000	80.798386	0.0	0.0
4.259883	4.296680000	80.703091	0.0	0.0
4.302323	4.341030000	80.606865	0.0	0.0
4.345186	4.385720000	80.509696	0.0	0.0
4.388476	4.430720000	80.411576	0.0	0.0
4.432197	4.476020000	80.312494	0.0	0.0
4.476353	4.521610000	80.212442	0.0	0.0
4.520950	4.567490000	80.111404	0.0	0.0
4.565991	4.613630000	80.009375	0.0	0.0
4.611480	4.660040000	79.906343	0.0	0.0
4.657423	4.706690000	79.802294	0.0	0.0
4.703824	4.753600000	79.697220	0.0	0.0
4.750687	4.800750000	79.591109	0.0	0.0
4.798016	4.848150000	79.483953	0.0	0.0
4.845817	4.895790000	79.375737	0.0	0.0
4.894095	4.943680000	79.266449	0.0	0.0
4.942853	4.991830000	79.156081	0.0	0.0
4.992097	5.040260000	79.044619	0.0	0.0
5.041832	5.088970000	78.932052	0.0	0.0
5.092062	5.137990000	78.818368	0.0	0.0
5.142793	5.187360000	78.703553	0.0	0.0
5.194029	5.237080000	78.587598	0.0	0.0
5.245776	5.287200000	78.470489	0.0	0.0
5.298038	5.337760000	78.352214	0.0	0.0
5.350821	5.388800000	78.232759	0.0	0.0
5.404129	5.440370000	78.112116	0.0	0.0
5.457969	5.492500000	77.990265	0.0	0.0
5.512345	5.545270000	77.867198	0.0	0.0
5.567263	5.598720000	77.742900	0.0	0.0
5.622728	5.652900000	77.617358	0.0	0.0
5.678746	5.707880000	77.490558	0.0	0.0
5.735321	5.763720000	77.362489	0.0	0.0
5.792460	5.820460000	77.233134	0.0	0.0
5.850169	5.878170000	77.102478	0.0	0.0
5.908453	5.936880000	76.970509	0.0	0.0
5.967317	5.996660000	76.837215	0.0	0.0
6.026767	6.057520000	76.702579	0.0	0.0
6.086810	6.119510000	76.566585	0.0	0.0
6.147451	6.182650000	76.429221	0.0	0.0
6.208696	6.246940000	76.290470	0.0	0.0
6.270552	6.312380000	76.150315	0.0	0.0
6.333023	6.378960000	76.008747	0.0	0.0
6.396117	6.446660000	75.865745	0.0	0.0
6.459840	6.515430000	75.721293	0.0	0.0
6.524198	6.585210000	75.575377	0.0	0.0
6.589196	6.655940000	75.427983	0.0	0.0
6.654842	6.727550000	75.279092	0.0	0.0
6.721143	6.799920000	75.128685	0.0	0.0
6.788103	6.872970000	74.976752	0.0	0.0
6.855731	6.946570000	74.823270	0.0	0.0
6.924033	7.020600000	74.668223	0.0	0.0
6.993015	7.094950000	74.511597	0.0	0.0
7.062684	7.169500000	74.353371	0.0	0.0
7.133048	7.244110000	74.193528	0.0	0.0
7.204112	7.318700000	74.032052	0.0	0.0
7.275884	7.393160000	73.868922	0.0	0.0
7.348372	7.467410000	73.704120	0.0	0.0
7.421582	7.541400000	73.537628	0.0	0.0
7.495521	7.615090000	73.369427	0.0	0.0
7.570196	7.688490000	73.199500	0.0	0.0
7.645616	7.761620000	73.027823	0.0	0.0
7.721787	7.834560000	72.854380	0.0	0.0
7.798717	7.907400000	72.679149	0.0	0.0
7.876413	7.980290000	72.502112	0.0	0.0
7.954883	8.053400000	72.323247	0.0	0.0
8.034135	8.126930000	72.142533	0.0	0.0
8.114177	8.201110000	71.959949	0.0	0.0
8.195016	8.276200000	71.775475	0.0	0.0
8.276661	8.352450000	71.589087	0.0	0.0
8.359119	8.430140000	71.400767	0.0	0.0
8.442398	8.509520000	71.210491	0.0	0.0
8.526507	8.590830000	71.018237	0.0	0.0
8.611454	8.674270000	70.823981	0.0	0.0
8.697247	8.760000000	70.627702	0.0	0.0
8.783896	8.848130000	70.429373	0.0	0.0
8.871407	8.938700000	70.228976	0.0	0.0
8.959790	9.031660000	70.026484	0.0	0.0
9.049054	9.126910000	69.821871	0.0	0.0
9.139207	9.224240000	69.615116	0.0	0.0
9.230258	9.323370000	69.406193	0.0	0.0
9.322216	9.423970000	69.195077	0.0	0.0
9.415091	9.525590000	68.981739	0.0	0.0
9.508890	9.627800000	68.766160	0.0	0.0
9.603625	9.730090000	68.548306	0.0	0.0
9.699303	9.832000000	68.328156	0.0	0.0
9.795934	9.933050000	68.105681	0.0	0.0
9.893528	10.032800000	67.880854	0.0	0.0
9.992094	10.131100000	67.653648	0.0	0.0
10.091640	10.227500000	67.424039	0.0	0.0
10.192180	10.322100000	67.191988	0.0	0.0
10.293720	10.415000000	66.957476	0.0	0.0
10.396280	10.506300000	66.720451	0.0	0.0
10.499850	10.596600000	66.480928	0.0	0.0
10.604460	10.686500000	66.238833	0.0	0.0
10.710110	10.776500000	65.994158	0.0	0.0
10.816810	10.867600000	65.746874	0.0	0.0
10.924570	10.960600000	65.496950	0.0	0.0
11.033410	11.056400000	65.244333	0.0	0.0
11.143340	11.155600000	64.988992	0.0	0.0
11.254350	11.259100000	64.730943	0.0	0.0
11.366480	11.367100000	64.470086	0.0	0.0
11.479720	11.479900000	64.206435	0.0	0.0
11.594090	11.597300000	63.939935	0.0	0.0
11.709600	11.718800000	63.670557	0.0	0.0
11.826250	11.843700000	63.398290	0.0	0.0
11.944080	11.970800000	63.123032	0.0	0.0
12.063070	12.098900000	62.844823	0.0	0.0
12.183250	12.226500000	62.563582	0.0	0.0
12.304630	12.352200000	62.279277	0.0	0.0
12.427220	12.474600000	61.991874	0.0	0.0
12.551030	12.592800000	61.701342	0.0	0.0
12.676070	12.706200000	61.407645	0.0	0.0
12.802360	12.814700000	61.110728	0.0	0.0
12.929900	12.918900000	60.810580	0.0	0.0
13.058720	13.020300000	60.507119	0.0	0.0
13.188820	13.120800000	60.200335	0.0	0.0
13.320220	13.222800000	59.890170	0.0	0.0
13.452920	13.329100000	59.576613	0.0	0.0
13.586950	13.442500000	59.259580	0.0	0.0
13.722310	13.565500000	58.939061	0.0	0.0
13.859020	13.699400000	58.614997	0.0	0.0
13.997100	13.844400000	58.287326	0.0	0.0
14.136540	13.998900000	57.956062	0.0	0.0
14.277380	14.159000000	57.621097	0.0	0.0
14.419620	14.318400000	57.282417	0.0	0.0
14.563280	14.468000000	56.939962	0.0	0.0
14.708370	14.596100000	56.593695	0.0	0.0
14.854910	14.688900000	56.243555	0.0	0.0
15.002900	14.730800000	55.889528	0.0	0.0
15.152370	14.705300000	55.531528	0.0	0.0
15.303330	14.595900000	55.169518	0.0	0.0
15.455790	14.387700000	54.803458	0.0	0.0
15.609770	14.068100000	54.433288	0.0	0.0
15.765290	13.628600000	54.058943	0.0	0.0
15.922350	13.065100000	53.680410	0.0	0.0
16.080980	12.379500000	53.297600	0.0	0.0
16.241190	11.579800000	52.910475	0.0	0.0
16.403000	10.680100000	52.518970	0.0	0.0
16.566420	9.700090000	52.123047	0.0	0.0
16.731460	8.664170000	51.722665	0.0	0.0
16.898160	7.600060000	51.317712	0.0	0.0
17.066510	6.537070000	50.908196	0.0	0.0
17.236540	5.504200000	50.494028	0.0	0.0
17.408260	4.528220000	50.075168	0.0	0.0
17.581690	3.631980000	49.651552	0.0	0.0
17.756850	2.833000000	49.223114	0.0	0.0
17.933760	2.142560000	48.789789	0.0	0.0
18.112430	1.565400000	48.351538	0.0	0.0
18.292880	1.099930000	47.908295	0.0	0.0
18.475120	0.739046000	47.460020	0.0	0.0
18.659180	0.471316000	47.006622	0.0	0.0
18.845080	0.282458000	46.548039	0.0	0.0
19.032830	0.156872000	46.084229	0.0	0.0
19.222450	0.079088100	45.615127	0.0	0.0
19.413950	0.034977200	45.140695	0.0	0.0
19.607370	0.012652700	44.660818	0.0	0.0
19.802710	0.003070880	44.175482	0.0	0.0
20.000000	0.000418908	43.684599	0.0	0.0

