# UNCLASSIFIED
#
# Response info for BBB broad-band site.
#
# Effective: 19 Sep 1997
# Creation date: 01 Apr 2008
# File name: BBB_bb_rsp.txt
#
# Source: James Neely (TTD), TSgt Walkup
# System equipment: Guralp_CMG-3T seismometer and GD2
# digitizer.
#
# The response file was derived from equations of state.
# Displacement response normalized to 1.0 at 1.0 Hz.
#
# The calib values for this configuration are as follows:
#
# BBB BHZ is 0.031919 nm/count at 1.0 Hz.
# BBB BHN is 0.031833 nm/count at 1.0 Hz.
# BBB BHE is 0.031621 nm/count at 1.0 Hz.
#
# Freq(Hz)     Amp(counts/nm)    Phase(deg)   Error(amp) Error(phase)
#
 theoretical  0       system    fap   J.Neely
1000
0.001000	0.000005884	256.970084	0.0	0.0
0.001010	0.000006059	256.843224	0.0	0.0
0.001020	0.000006240	256.715190	0.0	0.0
0.001030	0.000006426	256.585972	0.0	0.0
0.001040	0.000006617	256.455561	0.0	0.0
0.001051	0.000006814	256.323936	0.0	0.0
0.001061	0.000007016	256.191099	0.0	0.0
0.001072	0.000007225	256.057042	0.0	0.0
0.001083	0.000007440	255.921744	0.0	0.0
0.001093	0.000007661	255.785208	0.0	0.0
0.001104	0.000007888	255.647425	0.0	0.0
0.001115	0.000008123	255.508375	0.0	0.0
0.001126	0.000008364	255.368048	0.0	0.0
0.001138	0.000008612	255.226450	0.0	0.0
0.001149	0.000008867	255.083560	0.0	0.0
0.001160	0.000009130	254.939369	0.0	0.0
0.001172	0.000009401	254.793871	0.0	0.0
0.001184	0.000009680	254.647056	0.0	0.0
0.001195	0.000009966	254.498904	0.0	0.0
0.001207	0.000010262	254.349422	0.0	0.0
0.001219	0.000010565	254.198602	0.0	0.0
0.001231	0.000010878	254.046411	0.0	0.0
0.001244	0.000011200	253.892867	0.0	0.0
0.001256	0.000011531	253.737939	0.0	0.0
0.001269	0.000011872	253.581632	0.0	0.0
0.001281	0.000012223	253.423928	0.0	0.0
0.001294	0.000012584	253.264833	0.0	0.0
0.001307	0.000012955	253.104315	0.0	0.0
0.001320	0.000013338	252.942381	0.0	0.0
0.001333	0.000013731	252.779013	0.0	0.0
0.001346	0.000014136	252.614205	0.0	0.0
0.001360	0.000014553	252.447940	0.0	0.0
0.001373	0.000014981	252.280224	0.0	0.0
0.001387	0.000015422	252.111041	0.0	0.0
0.001401	0.000015876	251.940385	0.0	0.0
0.001415	0.000016343	251.768239	0.0	0.0
0.001429	0.000016824	251.594599	0.0	0.0
0.001443	0.000017318	251.419462	0.0	0.0
0.001457	0.000017827	251.242810	0.0	0.0
0.001472	0.000018351	251.064628	0.0	0.0
0.001487	0.000018889	250.884924	0.0	0.0
0.001501	0.000019443	250.703684	0.0	0.0
0.001516	0.000020013	250.520891	0.0	0.0
0.001532	0.000020599	250.336544	0.0	0.0
0.001547	0.000021203	250.150639	0.0	0.0
0.001562	0.000021823	249.963162	0.0	0.0
0.001578	0.000022461	249.774100	0.0	0.0
0.001593	0.000023118	249.583450	0.0	0.0
0.001609	0.000023793	249.391199	0.0	0.0
0.001625	0.000024488	249.197357	0.0	0.0
0.001642	0.000025202	249.001889	0.0	0.0
0.001658	0.000025937	248.804805	0.0	0.0
0.001674	0.000026693	248.606106	0.0	0.0
0.001691	0.000027471	248.405754	0.0	0.0
0.001708	0.000028270	248.203775	0.0	0.0
0.001725	0.000029092	248.000145	0.0	0.0
0.001742	0.000029938	247.794854	0.0	0.0
0.001760	0.000030807	247.587902	0.0	0.0
0.001777	0.000031701	247.379280	0.0	0.0
0.001795	0.000032621	247.168977	0.0	0.0
0.001813	0.000033566	246.956997	0.0	0.0
0.001831	0.000034538	246.743329	0.0	0.0
0.001849	0.000035538	246.527965	0.0	0.0
0.001867	0.000036565	246.310898	0.0	0.0
0.001886	0.000037622	246.092129	0.0	0.0
0.001905	0.000038708	245.871642	0.0	0.0
0.001924	0.000039825	245.649450	0.0	0.0
0.001943	0.000040973	245.425526	0.0	0.0
0.001962	0.000042153	245.199873	0.0	0.0
0.001982	0.000043366	244.972487	0.0	0.0
0.002002	0.000044613	244.743373	0.0	0.0
0.002022	0.000045894	244.512503	0.0	0.0
0.002042	0.000047212	244.279907	0.0	0.0
0.002062	0.000048566	244.045547	0.0	0.0
0.002083	0.000049957	243.809442	0.0	0.0
0.002103	0.000051387	243.571578	0.0	0.0
0.002124	0.000052857	243.331963	0.0	0.0
0.002145	0.000054367	243.090572	0.0	0.0
0.002167	0.000055919	242.847426	0.0	0.0
0.002188	0.000057514	242.602514	0.0	0.0
0.002210	0.000059152	242.355834	0.0	0.0
0.002232	0.000060835	242.107386	0.0	0.0
0.002254	0.000062565	241.857159	0.0	0.0
0.002277	0.000064342	241.605165	0.0	0.0
0.002300	0.000066168	241.351395	0.0	0.0
0.002322	0.000068043	241.095851	0.0	0.0
0.002346	0.000069969	240.838534	0.0	0.0
0.002369	0.000071948	240.579437	0.0	0.0
0.002393	0.000073981	240.318564	0.0	0.0
0.002416	0.000076068	240.055930	0.0	0.0
0.002441	0.000078212	239.791506	0.0	0.0
0.002465	0.000080414	239.525320	0.0	0.0
0.002489	0.000082675	239.257367	0.0	0.0
0.002514	0.000084997	238.987642	0.0	0.0
0.002539	0.000087382	238.716152	0.0	0.0
0.002565	0.000089830	238.442894	0.0	0.0
0.002590	0.000092344	238.167887	0.0	0.0
0.002616	0.000094925	237.891119	0.0	0.0
0.002642	0.000097575	237.612598	0.0	0.0
0.002668	0.000100295	237.332325	0.0	0.0
0.002695	0.000103088	237.050309	0.0	0.0
0.002722	0.000105954	236.766552	0.0	0.0
0.002749	0.000108896	236.481055	0.0	0.0
0.002776	0.000111916	236.193841	0.0	0.0
0.002804	0.000115015	235.904892	0.0	0.0
0.002832	0.000118196	235.614231	0.0	0.0
0.002860	0.000121461	235.321863	0.0	0.0
0.002888	0.000124810	235.027793	0.0	0.0
0.002917	0.000128247	234.732025	0.0	0.0
0.002946	0.000131774	234.434567	0.0	0.0
0.002976	0.000135392	234.135423	0.0	0.0
0.003005	0.000139105	233.834623	0.0	0.0
0.003035	0.000142913	233.532144	0.0	0.0
0.003066	0.000146820	233.228025	0.0	0.0
0.003096	0.000150827	232.922255	0.0	0.0
0.003127	0.000154937	232.614854	0.0	0.0
0.003158	0.000159153	232.305834	0.0	0.0
0.003190	0.000163477	231.995195	0.0	0.0
0.003221	0.000167911	231.682959	0.0	0.0
0.003253	0.000172458	231.369130	0.0	0.0
0.003286	0.000177120	231.053731	0.0	0.0
0.003319	0.000181901	230.736756	0.0	0.0
0.003352	0.000186802	230.418240	0.0	0.0
0.003385	0.000191827	230.098179	0.0	0.0
0.003419	0.000196979	229.776588	0.0	0.0
0.003453	0.000202260	229.453495	0.0	0.0
0.003487	0.000207673	229.128898	0.0	0.0
0.003522	0.000213222	228.802814	0.0	0.0
0.003557	0.000218908	228.475272	0.0	0.0
0.003592	0.000224736	228.146264	0.0	0.0
0.003628	0.000230708	227.815827	0.0	0.0
0.003664	0.000236828	227.483964	0.0	0.0
0.003701	0.000243099	227.150696	0.0	0.0
0.003738	0.000249524	226.816045	0.0	0.0
0.003775	0.000256107	226.480014	0.0	0.0
0.003813	0.000262851	226.142628	0.0	0.0
0.003851	0.000269759	225.803901	0.0	0.0
0.003889	0.000276836	225.463857	0.0	0.0
0.003928	0.000284084	225.122502	0.0	0.0
0.003967	0.000291508	224.779872	0.0	0.0
0.004006	0.000299111	224.435974	0.0	0.0
0.004046	0.000306898	224.090825	0.0	0.0
0.004087	0.000314871	223.744445	0.0	0.0
0.004127	0.000323035	223.396860	0.0	0.0
0.004168	0.000331394	223.048090	0.0	0.0
0.004210	0.000339953	222.698138	0.0	0.0
0.004252	0.000348714	222.347041	0.0	0.0
0.004294	0.000357684	221.994811	0.0	0.0
0.004337	0.000366865	221.641471	0.0	0.0
0.004380	0.000376262	221.287041	0.0	0.0
0.004424	0.000385881	220.931536	0.0	0.0
0.004468	0.000395724	220.574980	0.0	0.0
0.004512	0.000405798	220.217402	0.0	0.0
0.004557	0.000416107	219.858812	0.0	0.0
0.004603	0.000426655	219.499233	0.0	0.0
0.004649	0.000437447	219.138690	0.0	0.0
0.004695	0.000448489	218.777200	0.0	0.0
0.004742	0.000459786	218.414781	0.0	0.0
0.004789	0.000471342	218.051457	0.0	0.0
0.004837	0.000483163	217.687257	0.0	0.0
0.004885	0.000495254	217.322197	0.0	0.0
0.004934	0.000507621	216.956291	0.0	0.0
0.004983	0.000520269	216.589571	0.0	0.0
0.005032	0.000533203	216.222051	0.0	0.0
0.005082	0.000546430	215.853752	0.0	0.0
0.005133	0.000559955	215.484700	0.0	0.0
0.005184	0.000573785	215.114910	0.0	0.0
0.005236	0.000587923	214.744409	0.0	0.0
0.005288	0.000602379	214.373213	0.0	0.0
0.005341	0.000617157	214.001349	0.0	0.0
0.005394	0.000632263	213.628833	0.0	0.0
0.005448	0.000647703	213.255687	0.0	0.0
0.005502	0.000663486	212.881925	0.0	0.0
0.005557	0.000679617	212.507572	0.0	0.0
0.005612	0.000696102	212.132655	0.0	0.0
0.005668	0.000712949	211.757185	0.0	0.0
0.005725	0.000730164	211.381185	0.0	0.0
0.005782	0.000747755	211.004671	0.0	0.0
0.005839	0.000765728	210.627666	0.0	0.0
0.005897	0.000784092	210.250194	0.0	0.0
0.005956	0.000802853	209.872258	0.0	0.0
0.006015	0.000822018	209.493896	0.0	0.0
0.006075	0.000841596	209.115112	0.0	0.0
0.006136	0.000861595	208.735929	0.0	0.0
0.006197	0.000882022	208.356365	0.0	0.0
0.006259	0.000902884	207.976437	0.0	0.0
0.006321	0.000924191	207.596164	0.0	0.0
0.006384	0.000945951	207.215563	0.0	0.0
0.006448	0.000968171	206.834646	0.0	0.0
0.006512	0.000990861	206.453436	0.0	0.0
0.006577	0.001014030	206.071945	0.0	0.0
0.006642	0.001037680	205.690186	0.0	0.0
0.006708	0.001061840	205.308182	0.0	0.0
0.006775	0.001086490	204.925939	0.0	0.0
0.006843	0.001111660	204.543482	0.0	0.0
0.006911	0.001137360	204.160816	0.0	0.0
0.006980	0.001163590	203.777959	0.0	0.0
0.007049	0.001190360	203.394924	0.0	0.0
0.007120	0.001217680	203.011723	0.0	0.0
0.007191	0.001245570	202.628368	0.0	0.0
0.007262	0.001274020	202.244877	0.0	0.0
0.007335	0.001303070	201.861256	0.0	0.0
0.007408	0.001332700	201.477518	0.0	0.0
0.007481	0.001362940	201.093681	0.0	0.0
0.007556	0.001393800	200.709746	0.0	0.0
0.007631	0.001425280	200.325725	0.0	0.0
0.007707	0.001457400	199.941635	0.0	0.0
0.007784	0.001490170	199.557479	0.0	0.0
0.007862	0.001523600	199.173268	0.0	0.0
0.007940	0.001557700	198.789010	0.0	0.0
0.008019	0.001592480	198.404716	0.0	0.0
0.008099	0.001627960	198.020393	0.0	0.0
0.008180	0.001664150	197.636049	0.0	0.0
0.008261	0.001701060	197.251695	0.0	0.0
0.008343	0.001738700	196.867328	0.0	0.0
0.008426	0.001777080	196.482965	0.0	0.0
0.008510	0.001816230	196.098604	0.0	0.0
0.008595	0.001856140	195.714255	0.0	0.0
0.008681	0.001896850	195.329923	0.0	0.0
0.008767	0.001938350	194.945612	0.0	0.0
0.008855	0.001980660	194.561331	0.0	0.0
0.008943	0.002023800	194.177076	0.0	0.0
0.009032	0.002067770	193.792856	0.0	0.0
0.009122	0.002112610	193.408677	0.0	0.0
0.009213	0.002158310	193.024537	0.0	0.0
0.009305	0.002204900	192.640443	0.0	0.0
0.009397	0.002252380	192.256398	0.0	0.0
0.009491	0.002300780	191.872400	0.0	0.0
0.009586	0.002350110	191.488452	0.0	0.0
0.009681	0.002400390	191.104556	0.0	0.0
0.009777	0.002451620	190.720716	0.0	0.0
0.009875	0.002503830	190.336930	0.0	0.0
0.009973	0.002557040	189.953198	0.0	0.0
0.010073	0.002611250	189.569507	0.0	0.0
0.010173	0.002666490	189.185891	0.0	0.0
0.010274	0.002722770	188.802329	0.0	0.0
0.010377	0.002780120	188.418822	0.0	0.0
0.010480	0.002838540	188.035369	0.0	0.0
0.010584	0.002898050	187.651970	0.0	0.0
0.010690	0.002958680	187.268625	0.0	0.0
0.010796	0.003020440	186.885332	0.0	0.0
0.010904	0.003083350	186.502094	0.0	0.0
0.011013	0.003147430	186.118909	0.0	0.0
0.011122	0.003212690	185.735743	0.0	0.0
0.011233	0.003279150	185.352632	0.0	0.0
0.011345	0.003346840	184.969576	0.0	0.0
0.011458	0.003415780	184.586542	0.0	0.0
0.011572	0.003485980	184.203566	0.0	0.0
0.011688	0.003557450	183.820614	0.0	0.0
0.011804	0.003630240	183.437689	0.0	0.0
0.011922	0.003704340	183.054792	0.0	0.0
0.012040	0.003779790	182.671926	0.0	0.0
0.012160	0.003856610	182.289060	0.0	0.0
0.012281	0.003934800	181.906229	0.0	0.0
0.012404	0.004014410	181.523435	0.0	0.0
0.012527	0.004095440	181.140619	0.0	0.0
0.012652	0.004177920	180.757845	0.0	0.0
0.012778	0.004261880	180.375056	0.0	0.0
0.012906	0.004347320	179.992257	0.0	0.0
0.013034	0.004434290	179.609480	0.0	0.0
0.013164	0.004522780	179.226671	0.0	0.0
0.013295	0.004612840	178.843864	0.0	0.0
0.013428	0.004704490	178.461063	0.0	0.0
0.013561	0.004797740	178.078217	0.0	0.0
0.013696	0.004892620	177.695360	0.0	0.0
0.013833	0.004989150	177.312497	0.0	0.0
0.013971	0.005087360	176.929607	0.0	0.0
0.014110	0.005187270	176.546668	0.0	0.0
0.014250	0.005288910	176.163716	0.0	0.0
0.014392	0.005392300	175.780703	0.0	0.0
0.014536	0.005497460	175.397690	0.0	0.0
0.014681	0.005604420	175.014607	0.0	0.0
0.014827	0.005713200	174.631487	0.0	0.0
0.014975	0.005823830	174.248315	0.0	0.0
0.015124	0.005936330	173.865124	0.0	0.0
0.015275	0.006050740	173.481848	0.0	0.0
0.015427	0.006167070	173.098548	0.0	0.0
0.015580	0.006285350	172.715184	0.0	0.0
0.015736	0.006405610	172.331742	0.0	0.0
0.015892	0.006527870	171.948260	0.0	0.0
0.016051	0.006652160	171.564724	0.0	0.0
0.016211	0.006778500	171.181123	0.0	0.0
0.016372	0.006906930	170.797470	0.0	0.0
0.016535	0.007037460	170.413755	0.0	0.0
0.016700	0.007170130	170.029990	0.0	0.0
0.016866	0.007304960	169.646146	0.0	0.0
0.017034	0.007441980	169.262258	0.0	0.0
0.017204	0.007581220	168.878299	0.0	0.0
0.017375	0.007722700	168.494282	0.0	0.0
0.017549	0.007866460	168.110204	0.0	0.0
0.017723	0.008012510	167.726080	0.0	0.0
0.017900	0.008160890	167.341907	0.0	0.0
0.018078	0.008311620	166.957680	0.0	0.0
0.018258	0.008464740	166.573397	0.0	0.0
0.018440	0.008620260	166.189056	0.0	0.0
0.018624	0.008778230	165.804699	0.0	0.0
0.018810	0.008938660	165.420282	0.0	0.0
0.018997	0.009101580	165.035847	0.0	0.0
0.019186	0.009267030	164.651375	0.0	0.0
0.019377	0.009435030	164.266867	0.0	0.0
0.019570	0.009605600	163.882346	0.0	0.0
0.019765	0.009778780	163.497816	0.0	0.0
0.019962	0.009954590	163.113260	0.0	0.0
0.020161	0.010133100	162.728704	0.0	0.0
0.020362	0.010314200	162.344153	0.0	0.0
0.020565	0.010498100	161.959612	0.0	0.0
0.020770	0.010684800	161.575090	0.0	0.0
0.020977	0.010874200	161.190575	0.0	0.0
0.021186	0.011066400	160.806114	0.0	0.0
0.021397	0.011261500	160.421678	0.0	0.0
0.021610	0.011459400	160.037297	0.0	0.0
0.021825	0.011660200	159.652981	0.0	0.0
0.022043	0.011863900	159.268723	0.0	0.0
0.022262	0.012070600	158.884538	0.0	0.0
0.022484	0.012280300	158.500455	0.0	0.0
0.022708	0.012492900	158.116470	0.0	0.0
0.022934	0.012708600	157.732582	0.0	0.0
0.023163	0.012927300	157.348840	0.0	0.0
0.023394	0.013149200	156.965208	0.0	0.0
0.023627	0.013374100	156.581738	0.0	0.0
0.023862	0.013602200	156.198415	0.0	0.0
0.024100	0.013833500	155.815271	0.0	0.0
0.024340	0.014067900	155.432327	0.0	0.0
0.024582	0.014305600	155.049554	0.0	0.0
0.024827	0.014546600	154.667020	0.0	0.0
0.025075	0.014790800	154.284698	0.0	0.0
0.025324	0.015038300	153.902627	0.0	0.0
0.025577	0.015289200	153.520812	0.0	0.0
0.025832	0.015543400	153.139277	0.0	0.0
0.026089	0.015801100	152.758029	0.0	0.0
0.026349	0.016062100	152.377079	0.0	0.0
0.026611	0.016326600	151.996466	0.0	0.0
0.026876	0.016594500	151.616186	0.0	0.0
0.027144	0.016866000	151.236251	0.0	0.0
0.027415	0.017141000	150.856701	0.0	0.0
0.027688	0.017419500	150.477550	0.0	0.0
0.027964	0.017701700	150.098810	0.0	0.0
0.028242	0.017987400	149.720483	0.0	0.0
0.028524	0.018276700	149.342623	0.0	0.0
0.028808	0.018569700	148.965208	0.0	0.0
0.029095	0.018866500	148.588292	0.0	0.0
0.029385	0.019166900	148.211880	0.0	0.0
0.029677	0.019471000	147.835988	0.0	0.0
0.029973	0.019778900	147.460636	0.0	0.0
0.030272	0.020090600	147.085854	0.0	0.0
0.030573	0.020406100	146.711649	0.0	0.0
0.030878	0.020725500	146.338053	0.0	0.0
0.031185	0.021048700	145.965086	0.0	0.0
0.031496	0.021375800	145.592757	0.0	0.0
0.031810	0.021706900	145.221088	0.0	0.0
0.032127	0.022041800	144.850111	0.0	0.0
0.032447	0.022380800	144.479838	0.0	0.0
0.032770	0.022723700	144.110290	0.0	0.0
0.033097	0.023070700	143.741491	0.0	0.0
0.033426	0.023421700	143.373465	0.0	0.0
0.033759	0.023776800	143.006223	0.0	0.0
0.034096	0.024136000	142.639801	0.0	0.0
0.034435	0.024499300	142.274202	0.0	0.0
0.034778	0.024866700	141.909460	0.0	0.0
0.035125	0.025238400	141.545602	0.0	0.0
0.035475	0.025614200	141.182631	0.0	0.0
0.035828	0.025994200	140.820574	0.0	0.0
0.036185	0.026378500	140.459465	0.0	0.0
0.036546	0.026767100	140.099302	0.0	0.0
0.036910	0.027160000	139.740130	0.0	0.0
0.037278	0.027557200	139.381956	0.0	0.0
0.037649	0.027958800	139.024797	0.0	0.0
0.038024	0.028364800	138.668689	0.0	0.0
0.038403	0.028775200	138.313632	0.0	0.0
0.038785	0.029190000	137.959670	0.0	0.0
0.039172	0.029609200	137.606804	0.0	0.0
0.039562	0.030033000	137.255060	0.0	0.0
0.039956	0.030461300	136.904466	0.0	0.0
0.040354	0.030894100	136.555032	0.0	0.0
0.040756	0.031331500	136.206777	0.0	0.0
0.041162	0.031773500	135.859718	0.0	0.0
0.041572	0.032220100	135.513893	0.0	0.0
0.041987	0.032671400	135.169295	0.0	0.0
0.042405	0.033127400	134.825961	0.0	0.0
0.042827	0.033588100	134.483900	0.0	0.0
0.043254	0.034053600	134.143140	0.0	0.0
0.043685	0.034523800	133.803686	0.0	0.0
0.044120	0.034998800	133.465564	0.0	0.0
0.044560	0.035478700	133.128785	0.0	0.0
0.045004	0.035963400	132.793370	0.0	0.0
0.045452	0.036453000	132.459338	0.0	0.0
0.045905	0.036947500	132.126708	0.0	0.0
0.046362	0.037447100	131.795485	0.0	0.0
0.046824	0.037951600	131.465695	0.0	0.0
0.047291	0.038461100	131.137344	0.0	0.0
0.047762	0.038975700	130.810458	0.0	0.0
0.048238	0.039495300	130.485042	0.0	0.0
0.048718	0.040020100	130.161121	0.0	0.0
0.049204	0.040550100	129.838696	0.0	0.0
0.049694	0.041085300	129.517790	0.0	0.0
0.050189	0.041625700	129.198417	0.0	0.0
0.050689	0.042171300	128.880582	0.0	0.0
0.051194	0.042722300	128.564303	0.0	0.0
0.051704	0.043278600	128.249593	0.0	0.0
0.052219	0.043840200	127.936464	0.0	0.0
0.052739	0.044407300	127.624927	0.0	0.0
0.053265	0.044979900	127.314988	0.0	0.0
0.053795	0.045557900	127.006665	0.0	0.0
0.054331	0.046141500	126.699964	0.0	0.0
0.054873	0.046730600	126.394902	0.0	0.0
0.055419	0.047325400	126.091479	0.0	0.0
0.055971	0.047925800	125.789707	0.0	0.0
0.056529	0.048531900	125.489602	0.0	0.0
0.057092	0.049143800	125.191164	0.0	0.0
0.057661	0.049761400	124.894399	0.0	0.0
0.058235	0.050384900	124.599324	0.0	0.0
0.058816	0.051014200	124.305943	0.0	0.0
0.059402	0.051649500	124.014263	0.0	0.0
0.059993	0.052290700	123.724287	0.0	0.0
0.060591	0.052938000	123.436023	0.0	0.0
0.061195	0.053591300	123.149480	0.0	0.0
0.061804	0.054250700	122.864662	0.0	0.0
0.062420	0.054916300	122.581571	0.0	0.0
0.063042	0.055588100	122.300211	0.0	0.0
0.063670	0.056266200	122.020591	0.0	0.0
0.064304	0.056950500	121.742717	0.0	0.0
0.064945	0.057641300	121.466585	0.0	0.0
0.065592	0.058338400	121.192202	0.0	0.0
0.066246	0.059042000	120.919574	0.0	0.0
0.066906	0.059752200	120.648697	0.0	0.0
0.067572	0.060468900	120.379579	0.0	0.0
0.068245	0.061192300	120.112219	0.0	0.0
0.068925	0.061922300	119.846622	0.0	0.0
0.069612	0.062659200	119.582781	0.0	0.0
0.070305	0.063402800	119.320706	0.0	0.0
0.071006	0.064153300	119.060393	0.0	0.0
0.071713	0.064910700	118.801843	0.0	0.0
0.072428	0.065675200	118.545055	0.0	0.0
0.073149	0.066446600	118.290032	0.0	0.0
0.073878	0.067225300	118.036767	0.0	0.0
0.074614	0.068011100	117.785267	0.0	0.0
0.075357	0.068804100	117.535524	0.0	0.0
0.076108	0.069604500	117.287537	0.0	0.0
0.076866	0.070412200	117.041310	0.0	0.0
0.077632	0.071227400	116.796835	0.0	0.0
0.078406	0.072050100	116.554115	0.0	0.0
0.079187	0.072880400	116.313139	0.0	0.0
0.079976	0.073718400	116.073913	0.0	0.0
0.080773	0.074564000	115.836429	0.0	0.0
0.081577	0.075417500	115.600681	0.0	0.0
0.082390	0.076278900	115.366671	0.0	0.0
0.083211	0.077148200	115.134395	0.0	0.0
0.084040	0.078025600	114.903843	0.0	0.0
0.084877	0.078911000	114.675017	0.0	0.0
0.085723	0.079804600	114.447907	0.0	0.0
0.086577	0.080706500	114.222514	0.0	0.0
0.087439	0.081616700	113.998827	0.0	0.0
0.088310	0.082535300	113.776845	0.0	0.0
0.089190	0.083462400	113.556560	0.0	0.0
0.090079	0.084398100	113.337966	0.0	0.0
0.090976	0.085342500	113.121062	0.0	0.0
0.091883	0.086295600	112.905836	0.0	0.0
0.092798	0.087257500	112.692285	0.0	0.0
0.093722	0.088228400	112.480401	0.0	0.0
0.094656	0.089208200	112.270180	0.0	0.0
0.095599	0.090197200	112.061613	0.0	0.0
0.096552	0.091195300	111.854693	0.0	0.0
0.097514	0.092202700	111.649416	0.0	0.0
0.098485	0.093219500	111.445771	0.0	0.0
0.099466	0.094245700	111.243752	0.0	0.0
0.100457	0.095281500	111.043348	0.0	0.0
0.101458	0.096326900	110.844565	0.0	0.0
0.102469	0.097382100	110.647380	0.0	0.0
0.103490	0.098447100	110.451786	0.0	0.0
0.104521	0.099522000	110.257792	0.0	0.0
0.105562	0.100607000	110.065374	0.0	0.0
0.106614	0.101702000	109.874522	0.0	0.0
0.107676	0.102807000	109.685247	0.0	0.0
0.108749	0.103923000	109.497507	0.0	0.0
0.109832	0.105049000	109.311329	0.0	0.0
0.110926	0.106186000	109.126687	0.0	0.0
0.112031	0.107333000	108.943559	0.0	0.0
0.113148	0.108491000	108.761969	0.0	0.0
0.114275	0.109660000	108.581879	0.0	0.0
0.115413	0.110840000	108.403312	0.0	0.0
0.116563	0.112031000	108.226215	0.0	0.0
0.117724	0.113233000	108.050626	0.0	0.0
0.118897	0.114447000	107.876494	0.0	0.0
0.120082	0.115672000	107.703841	0.0	0.0
0.121278	0.116908000	107.532632	0.0	0.0
0.122486	0.118157000	107.362888	0.0	0.0
0.123707	0.119417000	107.194574	0.0	0.0
0.124939	0.120688000	107.027685	0.0	0.0
0.126184	0.121972000	106.862226	0.0	0.0
0.127441	0.123268000	106.698179	0.0	0.0
0.128711	0.124577000	106.535523	0.0	0.0
0.129993	0.125897000	106.374265	0.0	0.0
0.131288	0.127231000	106.214387	0.0	0.0
0.132596	0.128576000	106.055883	0.0	0.0
0.133917	0.129935000	105.898745	0.0	0.0
0.135251	0.131306000	105.742957	0.0	0.0
0.136599	0.132691000	105.588524	0.0	0.0
0.137960	0.134089000	105.435416	0.0	0.0
0.139334	0.135500000	105.283629	0.0	0.0
0.140722	0.136924000	105.133167	0.0	0.0
0.142124	0.138362000	104.984004	0.0	0.0
0.143540	0.139814000	104.836143	0.0	0.0
0.144970	0.141280000	104.689559	0.0	0.0
0.146414	0.142759000	104.544257	0.0	0.0
0.147873	0.144253000	104.400230	0.0	0.0
0.149346	0.145761000	104.257445	0.0	0.0
0.150834	0.147283000	104.115923	0.0	0.0
0.152337	0.148820000	103.975623	0.0	0.0
0.153855	0.150372000	103.836559	0.0	0.0
0.155387	0.151938000	103.698714	0.0	0.0
0.156935	0.153520000	103.562085	0.0	0.0
0.158499	0.155117000	103.426649	0.0	0.0
0.160078	0.156729000	103.292400	0.0	0.0
0.161673	0.158356000	103.159334	0.0	0.0
0.163284	0.160000000	103.027438	0.0	0.0
0.164910	0.161659000	102.896699	0.0	0.0
0.166553	0.163334000	102.767120	0.0	0.0
0.168213	0.165025000	102.638681	0.0	0.0
0.169888	0.166732000	102.511369	0.0	0.0
0.171581	0.168456000	102.385187	0.0	0.0
0.173290	0.170196000	102.260117	0.0	0.0
0.175017	0.171954000	102.136145	0.0	0.0
0.176760	0.173728000	102.013276	0.0	0.0
0.178521	0.175519000	101.891491	0.0	0.0
0.180300	0.177328000	101.770778	0.0	0.0
0.182096	0.179154000	101.651134	0.0	0.0
0.183910	0.180998000	101.532554	0.0	0.0
0.185743	0.182860000	101.415015	0.0	0.0
0.187593	0.184739000	101.298518	0.0	0.0
0.189462	0.186637000	101.183054	0.0	0.0
0.191350	0.188553000	101.068607	0.0	0.0
0.193256	0.190488000	100.955178	0.0	0.0
0.195181	0.192442000	100.842746	0.0	0.0
0.197126	0.194414000	100.731314	0.0	0.0
0.199090	0.196406000	100.620865	0.0	0.0
0.201073	0.198417000	100.511390	0.0	0.0
0.203077	0.200448000	100.402887	0.0	0.0
0.205100	0.202498000	100.295340	0.0	0.0
0.207143	0.204569000	100.188740	0.0	0.0
0.209207	0.206659000	100.083086	0.0	0.0
0.211291	0.208770000	99.978367	0.0	0.0
0.213396	0.210901000	99.874565	0.0	0.0
0.215522	0.213053000	99.771682	0.0	0.0
0.217669	0.215226000	99.669705	0.0	0.0
0.219838	0.217421000	99.568631	0.0	0.0
0.222028	0.219636000	99.468442	0.0	0.0
0.224240	0.221874000	99.369136	0.0	0.0
0.226474	0.224133000	99.270704	0.0	0.0
0.228730	0.226414000	99.173136	0.0	0.0
0.231009	0.228717000	99.076423	0.0	0.0
0.233311	0.231043000	98.980559	0.0	0.0
0.235635	0.233392000	98.885536	0.0	0.0
0.237983	0.235764000	98.791348	0.0	0.0
0.240354	0.238158000	98.697979	0.0	0.0
0.242748	0.240577000	98.605427	0.0	0.0
0.245167	0.243019000	98.513685	0.0	0.0
0.247609	0.245485000	98.422742	0.0	0.0
0.250076	0.247975000	98.332590	0.0	0.0
0.252567	0.250489000	98.243225	0.0	0.0
0.255084	0.253028000	98.154637	0.0	0.0
0.257625	0.255592000	98.066813	0.0	0.0
0.260192	0.258181000	97.979754	0.0	0.0
0.262784	0.260795000	97.893448	0.0	0.0
0.265402	0.263436000	97.807885	0.0	0.0
0.268046	0.266102000	97.723063	0.0	0.0
0.270716	0.268794000	97.638973	0.0	0.0
0.273413	0.271512000	97.555604	0.0	0.0
0.276137	0.274258000	97.472953	0.0	0.0
0.278888	0.277030000	97.391008	0.0	0.0
0.281667	0.279830000	97.309765	0.0	0.0
0.284473	0.282657000	97.229216	0.0	0.0
0.287307	0.285512000	97.149355	0.0	0.0
0.290170	0.288394000	97.070174	0.0	0.0
0.293060	0.291306000	96.991664	0.0	0.0
0.295980	0.294246000	96.913819	0.0	0.0
0.298929	0.297215000	96.836635	0.0	0.0
0.301907	0.300213000	96.760099	0.0	0.0
0.304915	0.303240000	96.684210	0.0	0.0
0.307953	0.306298000	96.608957	0.0	0.0
0.311021	0.309385000	96.534337	0.0	0.0
0.314119	0.312503000	96.460340	0.0	0.0
0.317249	0.315652000	96.386959	0.0	0.0
0.320409	0.318831000	96.314191	0.0	0.0
0.323602	0.322042000	96.242024	0.0	0.0
0.326825	0.325285000	96.170456	0.0	0.0
0.330082	0.328560000	96.099478	0.0	0.0
0.333370	0.331867000	96.029085	0.0	0.0
0.336691	0.335206000	95.959268	0.0	0.0
0.340046	0.338579000	95.890025	0.0	0.0
0.343433	0.341985000	95.821345	0.0	0.0
0.346855	0.345424000	95.753224	0.0	0.0
0.350311	0.348898000	95.685656	0.0	0.0
0.353801	0.352405000	95.618632	0.0	0.0
0.357325	0.355948000	95.552149	0.0	0.0
0.360885	0.359525000	95.486200	0.0	0.0
0.364481	0.363138000	95.420778	0.0	0.0
0.368112	0.366786000	95.355878	0.0	0.0
0.371779	0.370471000	95.291492	0.0	0.0
0.375483	0.374191000	95.227617	0.0	0.0
0.379224	0.377949000	95.164244	0.0	0.0
0.383002	0.381744000	95.101369	0.0	0.0
0.386818	0.385576000	95.038985	0.0	0.0
0.390672	0.389446000	94.977087	0.0	0.0
0.394564	0.393355000	94.915668	0.0	0.0
0.398495	0.397302000	94.854725	0.0	0.0
0.402465	0.401288000	94.794249	0.0	0.0
0.406474	0.405314000	94.734237	0.0	0.0
0.410524	0.409379000	94.674681	0.0	0.0
0.414614	0.413485000	94.615577	0.0	0.0
0.418745	0.417631000	94.556918	0.0	0.0
0.422916	0.421819000	94.498700	0.0	0.0
0.427130	0.426047000	94.440916	0.0	0.0
0.431385	0.430318000	94.383562	0.0	0.0
0.435683	0.434631000	94.326632	0.0	0.0
0.440024	0.438987000	94.270120	0.0	0.0
0.444407	0.443386000	94.214022	0.0	0.0
0.448835	0.447828000	94.158331	0.0	0.0
0.453307	0.452315000	94.103042	0.0	0.0
0.457823	0.456846000	94.048152	0.0	0.0
0.462384	0.461422000	93.993652	0.0	0.0
0.466990	0.466043000	93.939542	0.0	0.0
0.471643	0.470710000	93.885811	0.0	0.0
0.476342	0.475423000	93.832457	0.0	0.0
0.481087	0.480183000	93.779475	0.0	0.0
0.485880	0.484990000	93.726859	0.0	0.0
0.490721	0.489845000	93.674605	0.0	0.0
0.495610	0.494748000	93.622708	0.0	0.0
0.500547	0.499700000	93.571161	0.0	0.0
0.505534	0.504700000	93.519961	0.0	0.0
0.510571	0.509751000	93.469103	0.0	0.0
0.515657	0.514851000	93.418581	0.0	0.0
0.520795	0.520002000	93.368392	0.0	0.0
0.525983	0.525204000	93.318529	0.0	0.0
0.531224	0.530458000	93.268989	0.0	0.0
0.536516	0.535764000	93.219766	0.0	0.0
0.541861	0.541123000	93.170856	0.0	0.0
0.547260	0.546534000	93.122254	0.0	0.0
0.552712	0.552000000	93.073957	0.0	0.0
0.558218	0.557519000	93.025957	0.0	0.0
0.563780	0.563094000	92.978252	0.0	0.0
0.569396	0.568724000	92.930835	0.0	0.0
0.575069	0.574409000	92.883705	0.0	0.0
0.580798	0.580152000	92.836855	0.0	0.0
0.586585	0.585951000	92.790281	0.0	0.0
0.592429	0.591808000	92.743977	0.0	0.0
0.598331	0.597723000	92.697941	0.0	0.0
0.604292	0.603696000	92.652168	0.0	0.0
0.610312	0.609729000	92.606652	0.0	0.0
0.616392	0.615822000	92.561391	0.0	0.0
0.622533	0.621976000	92.516378	0.0	0.0
0.628736	0.628190000	92.471611	0.0	0.0
0.634999	0.634466000	92.427084	0.0	0.0
0.641326	0.640805000	92.382793	0.0	0.0
0.647715	0.647207000	92.338735	0.0	0.0
0.654168	0.653672000	92.294904	0.0	0.0
0.660685	0.660201000	92.251297	0.0	0.0
0.667268	0.666796000	92.207909	0.0	0.0
0.673915	0.673456000	92.164736	0.0	0.0
0.680629	0.680182000	92.121774	0.0	0.0
0.687410	0.686975000	92.079019	0.0	0.0
0.694259	0.693835000	92.036466	0.0	0.0
0.701175	0.700764000	91.994112	0.0	0.0
0.708161	0.707762000	91.951952	0.0	0.0
0.715216	0.714829000	91.909982	0.0	0.0
0.722342	0.721966000	91.868198	0.0	0.0
0.729538	0.729174000	91.826597	0.0	0.0
0.736806	0.736454000	91.785173	0.0	0.0
0.744147	0.743807000	91.743923	0.0	0.0
0.751561	0.751232000	91.702844	0.0	0.0
0.759048	0.758731000	91.661930	0.0	0.0
0.766610	0.766305000	91.621178	0.0	0.0
0.774248	0.773954000	91.580585	0.0	0.0
0.781961	0.781679000	91.540145	0.0	0.0
0.789752	0.789481000	91.499855	0.0	0.0
0.797620	0.797361000	91.459712	0.0	0.0
0.805566	0.805319000	91.419711	0.0	0.0
0.813592	0.813356000	91.379848	0.0	0.0
0.821698	0.821473000	91.340120	0.0	0.0
0.829884	0.829671000	91.300522	0.0	0.0
0.838152	0.837950000	91.261051	0.0	0.0
0.846502	0.846312000	91.221703	0.0	0.0
0.854936	0.854756000	91.182474	0.0	0.0
0.863453	0.863285000	91.143361	0.0	0.0
0.872055	0.871899000	91.104358	0.0	0.0
0.880743	0.880599000	91.065464	0.0	0.0
0.889518	0.889384000	91.026673	0.0	0.0
0.898380	0.898258000	90.987982	0.0	0.0
0.907330	0.907219000	90.949387	0.0	0.0
0.916370	0.916270000	90.910884	0.0	0.0
0.925499	0.925411000	90.872471	0.0	0.0
0.934720	0.934643000	90.834142	0.0	0.0
0.944032	0.943966000	90.795894	0.0	0.0
0.953437	0.953382000	90.757724	0.0	0.0
0.962936	0.962893000	90.719627	0.0	0.0
0.972529	0.972497000	90.681601	0.0	0.0
0.982218	0.982197000	90.643640	0.0	0.0
0.992004	0.991994000	90.605743	0.0	0.0
1.001887	1.001890000	90.567903	0.0	0.0
1.011868	1.011880000	90.530121	0.0	0.0
1.021949	1.021970000	90.492388	0.0	0.0
1.032131	1.032170000	90.454701	0.0	0.0
1.042414	1.042460000	90.417059	0.0	0.0
1.052799	1.052860000	90.379460	0.0	0.0
1.063288	1.063360000	90.341895	0.0	0.0
1.073881	1.073960000	90.304364	0.0	0.0
1.084580	1.084670000	90.266862	0.0	0.0
1.095385	1.095490000	90.229387	0.0	0.0
1.106298	1.106410000	90.191932	0.0	0.0
1.117320	1.117450000	90.154495	0.0	0.0
1.128451	1.128590000	90.117075	0.0	0.0
1.139694	1.139840000	90.079663	0.0	0.0
1.151048	1.151210000	90.042261	0.0	0.0
1.162516	1.162690000	90.004859	0.0	0.0
1.174097	1.174280000	89.967462	0.0	0.0
1.185794	1.185990000	89.930058	0.0	0.0
1.197608	1.197810000	89.892646	0.0	0.0
1.209540	1.209760000	89.855221	0.0	0.0
1.221590	1.221820000	89.817785	0.0	0.0
1.233760	1.234000000	89.780330	0.0	0.0
1.246052	1.246300000	89.742850	0.0	0.0
1.258466	1.258730000	89.705346	0.0	0.0
1.271004	1.271280000	89.667812	0.0	0.0
1.283666	1.283950000	89.630247	0.0	0.0
1.296455	1.296750000	89.592642	0.0	0.0
1.309371	1.309680000	89.554998	0.0	0.0
1.322416	1.322740000	89.517309	0.0	0.0
1.335591	1.335920000	89.479572	0.0	0.0
1.348897	1.349240000	89.441783	0.0	0.0
1.362336	1.362690000	89.403938	0.0	0.0
1.375908	1.376280000	89.366036	0.0	0.0
1.389616	1.390000000	89.328069	0.0	0.0
1.403460	1.403850000	89.290037	0.0	0.0
1.417443	1.417850000	89.251931	0.0	0.0
1.431564	1.431980000	89.213755	0.0	0.0
1.445826	1.446250000	89.175500	0.0	0.0
1.460231	1.460670000	89.137161	0.0	0.0
1.474779	1.475230000	89.098737	0.0	0.0
1.489471	1.489930000	89.060227	0.0	0.0
1.504310	1.504790000	89.021622	0.0	0.0
1.519297	1.519790000	88.982920	0.0	0.0
1.534434	1.534930000	88.944115	0.0	0.0
1.549721	1.550230000	88.905208	0.0	0.0
1.565160	1.565690000	88.866193	0.0	0.0
1.580753	1.581290000	88.827066	0.0	0.0
1.596502	1.597050000	88.787820	0.0	0.0
1.612408	1.612970000	88.748455	0.0	0.0
1.628471	1.629050000	88.708969	0.0	0.0
1.644695	1.645280000	88.669353	0.0	0.0
1.661081	1.661680000	88.629605	0.0	0.0
1.677630	1.678240000	88.589722	0.0	0.0
1.694344	1.694970000	88.549699	0.0	0.0
1.711224	1.711860000	88.509533	0.0	0.0
1.728272	1.728920000	88.469221	0.0	0.0
1.745491	1.746150000	88.428755	0.0	0.0
1.762880	1.763560000	88.388136	0.0	0.0
1.780443	1.781130000	88.347357	0.0	0.0
1.798181	1.798880000	88.306414	0.0	0.0
1.816096	1.816810000	88.265302	0.0	0.0
1.834189	1.834920000	88.224021	0.0	0.0
1.852463	1.853210000	88.182562	0.0	0.0
1.870918	1.871680000	88.140925	0.0	0.0
1.889558	1.890330000	88.099102	0.0	0.0
1.908383	1.909170000	88.057093	0.0	0.0
1.927396	1.928190000	88.014890	0.0	0.0
1.946598	1.947410000	87.972492	0.0	0.0
1.965991	1.966820000	87.929894	0.0	0.0
1.985578	1.986420000	87.887090	0.0	0.0
2.005359	2.006210000	87.844079	0.0	0.0
2.025338	2.026210000	87.800853	0.0	0.0
2.045516	2.046400000	87.757409	0.0	0.0
2.065895	2.066790000	87.713743	0.0	0.0
2.086477	2.087390000	87.669851	0.0	0.0
2.107264	2.108190000	87.625729	0.0	0.0
2.128258	2.129200000	87.581371	0.0	0.0
2.149461	2.150410000	87.536775	0.0	0.0
2.170875	2.171840000	87.491936	0.0	0.0
2.192503	2.193490000	87.446846	0.0	0.0
2.214346	2.215340000	87.401506	0.0	0.0
2.236407	2.237420000	87.355907	0.0	0.0
2.258688	2.259710000	87.310045	0.0	0.0
2.281191	2.282230000	87.263918	0.0	0.0
2.303917	2.304970000	87.217521	0.0	0.0
2.326871	2.327940000	87.170846	0.0	0.0
2.350052	2.351140000	87.123895	0.0	0.0
2.373465	2.374570000	87.076656	0.0	0.0
2.397111	2.398230000	87.029128	0.0	0.0
2.420993	2.422130000	86.981305	0.0	0.0
2.445113	2.446260000	86.933183	0.0	0.0
2.469473	2.470640000	86.884757	0.0	0.0
2.494075	2.495260000	86.836024	0.0	0.0
2.518923	2.520120000	86.786976	0.0	0.0
2.544018	2.545230000	86.737610	0.0	0.0
2.569364	2.570590000	86.687919	0.0	0.0
2.594961	2.596210000	86.637902	0.0	0.0
2.620814	2.622080000	86.587550	0.0	0.0
2.646925	2.648200000	86.536859	0.0	0.0
2.673295	2.674590000	86.485827	0.0	0.0
2.699928	2.701240000	86.434445	0.0	0.0
2.726827	2.728160000	86.382708	0.0	0.0
2.753994	2.755340000	86.330613	0.0	0.0
2.781431	2.782790000	86.278154	0.0	0.0
2.809141	2.810520000	86.225327	0.0	0.0
2.837128	2.838530000	86.172123	0.0	0.0
2.865393	2.866810000	86.118540	0.0	0.0
2.893941	2.895370000	86.064570	0.0	0.0
2.922772	2.924220000	86.010211	0.0	0.0
2.951891	2.953360000	85.955455	0.0	0.0
2.981300	2.982780000	85.900296	0.0	0.0
3.011001	3.012500000	85.844733	0.0	0.0
3.040999	3.042520000	85.788754	0.0	0.0
3.071296	3.072840000	85.732356	0.0	0.0
3.101894	3.103450000	85.675536	0.0	0.0
3.132797	3.134370000	85.618285	0.0	0.0
3.164008	3.165600000	85.560599	0.0	0.0
3.195530	3.197140000	85.502470	0.0	0.0
3.227367	3.229000000	85.443892	0.0	0.0
3.259520	3.261170000	85.384863	0.0	0.0
3.291993	3.293660000	85.325375	0.0	0.0
3.324791	3.326480000	85.265419	0.0	0.0
3.357915	3.359620000	85.204993	0.0	0.0
3.391368	3.393090000	85.144091	0.0	0.0
3.425156	3.426900000	85.082702	0.0	0.0
3.459279	3.461040000	85.020826	0.0	0.0
3.493743	3.495530000	84.958452	0.0	0.0
3.528550	3.530350000	84.895576	0.0	0.0
3.563704	3.565530000	84.832190	0.0	0.0
3.599208	3.601050000	84.768289	0.0	0.0
3.635066	3.636930000	84.703866	0.0	0.0
3.671281	3.673160000	84.638914	0.0	0.0
3.707857	3.709760000	84.573427	0.0	0.0
3.744797	3.746720000	84.507399	0.0	0.0
3.782106	3.784050000	84.440821	0.0	0.0
3.819786	3.821750000	84.373688	0.0	0.0
3.857841	3.859820000	84.305993	0.0	0.0
3.896276	3.898280000	84.237728	0.0	0.0
3.935093	3.937110000	84.168888	0.0	0.0
3.974297	3.976340000	84.099465	0.0	0.0
4.013892	4.015950000	84.029450	0.0	0.0
4.053881	4.055960000	83.958838	0.0	0.0
4.094269	4.096370000	83.887621	0.0	0.0
4.135059	4.137180000	83.815791	0.0	0.0
4.176255	4.178400000	83.743343	0.0	0.0
4.217862	4.220020000	83.670267	0.0	0.0
4.259883	4.262060000	83.596557	0.0	0.0
4.302323	4.304520000	83.522204	0.0	0.0
4.345186	4.347410000	83.447201	0.0	0.0
4.388476	4.390720000	83.371540	0.0	0.0
4.432197	4.434460000	83.295214	0.0	0.0
4.476353	4.478630000	83.218215	0.0	0.0
4.520950	4.523250000	83.140534	0.0	0.0
4.565991	4.568310000	83.062163	0.0	0.0
4.611480	4.613820000	82.983095	0.0	0.0
4.657423	4.659780000	82.903320	0.0	0.0
4.703824	4.706200000	82.822831	0.0	0.0
4.750687	4.753080000	82.741619	0.0	0.0
4.798016	4.800430000	82.659677	0.0	0.0
4.845817	4.848250000	82.576994	0.0	0.0
4.894095	4.896550000	82.493562	0.0	0.0
4.942853	4.945320000	82.409374	0.0	0.0
4.992097	4.994580000	82.324420	0.0	0.0
5.041832	5.044340000	82.238690	0.0	0.0
5.092062	5.094580000	82.152176	0.0	0.0
5.142793	5.145330000	82.064869	0.0	0.0
5.194029	5.196580000	81.976759	0.0	0.0
5.245776	5.248340000	81.887837	0.0	0.0
5.298038	5.300620000	81.798094	0.0	0.0
5.350821	5.353420000	81.707520	0.0	0.0
5.404129	5.406740000	81.616107	0.0	0.0
5.457969	5.460590000	81.523842	0.0	0.0
5.512345	5.514980000	81.430718	0.0	0.0
5.567263	5.569910000	81.336724	0.0	0.0
5.622728	5.625390000	81.241849	0.0	0.0
5.678746	5.681420000	81.146084	0.0	0.0
5.735321	5.738000000	81.049420	0.0	0.0
5.792460	5.795150000	80.951844	0.0	0.0
5.850169	5.852870000	80.853346	0.0	0.0
5.908453	5.911160000	80.753915	0.0	0.0
5.967317	5.970030000	80.653543	0.0	0.0
6.026767	6.029480000	80.552218	0.0	0.0
6.086810	6.089530000	80.449927	0.0	0.0
6.147451	6.150170000	80.346660	0.0	0.0
6.208696	6.211420000	80.242407	0.0	0.0
6.270552	6.273270000	80.137154	0.0	0.0
6.333023	6.335740000	80.030892	0.0	0.0
6.396117	6.398830000	79.923609	0.0	0.0
6.459840	6.462550000	79.815291	0.0	0.0
6.524198	6.526900000	79.705927	0.0	0.0
6.589196	6.591890000	79.595508	0.0	0.0
6.654842	6.657520000	79.484019	0.0	0.0
6.721143	6.723810000	79.371446	0.0	0.0
6.788103	6.790760000	79.257781	0.0	0.0
6.855731	6.858360000	79.143008	0.0	0.0
6.924033	6.926650000	79.027115	0.0	0.0
6.993015	6.995610000	78.910089	0.0	0.0
7.062684	7.065250000	78.791918	0.0	0.0
7.133048	7.135580000	78.672586	0.0	0.0
7.204112	7.206620000	78.552084	0.0	0.0
7.275884	7.278350000	78.430395	0.0	0.0
7.348372	7.350800000	78.307505	0.0	0.0
7.421582	7.423960000	78.183401	0.0	0.0
7.495521	7.497860000	78.058069	0.0	0.0
7.570196	7.572480000	77.931497	0.0	0.0
7.645616	7.647840000	77.803666	0.0	0.0
7.721787	7.723960000	77.674565	0.0	0.0
7.798717	7.800820000	77.544177	0.0	0.0
7.876413	7.878450000	77.412489	0.0	0.0
7.954883	7.956840000	77.279485	0.0	0.0
8.034135	8.036010000	77.145149	0.0	0.0
8.114177	8.115960000	77.009465	0.0	0.0
8.195016	8.196710000	76.872418	0.0	0.0
8.276661	8.278250000	76.733992	0.0	0.0
8.359119	8.360600000	76.594171	0.0	0.0
8.442398	8.443770000	76.452939	0.0	0.0
8.526507	8.527750000	76.310279	0.0	0.0
8.611454	8.612560000	76.166173	0.0	0.0
8.697247	8.698210000	76.020606	0.0	0.0
8.783896	8.784710000	75.873558	0.0	0.0
8.871407	8.872060000	75.725014	0.0	0.0
8.959790	8.960280000	75.574956	0.0	0.0
9.049054	9.049360000	75.423365	0.0	0.0
9.139207	9.139330000	75.270223	0.0	0.0
9.230258	9.230170000	75.115513	0.0	0.0
9.322216	9.321910000	74.959214	0.0	0.0
9.415091	9.414560000	74.801308	0.0	0.0
9.508890	9.508120000	74.641778	0.0	0.0
9.603625	9.602590000	74.480599	0.0	0.0
9.699303	9.697990000	74.317757	0.0	0.0
9.795934	9.794330000	74.153230	0.0	0.0
9.893528	9.891620000	73.986997	0.0	0.0
9.992094	9.989870000	73.819038	0.0	0.0
10.091640	10.089100000	73.649335	0.0	0.0
10.192180	10.189200000	73.477861	0.0	0.0
10.293720	10.290400000	73.304600	0.0	0.0
10.396280	10.392500000	73.129514	0.0	0.0
10.499850	10.495700000	72.952614	0.0	0.0
10.604460	10.599800000	72.773845	0.0	0.0
10.710110	10.705000000	72.593202	0.0	0.0
10.816810	10.811200000	72.410661	0.0	0.0
10.924570	10.918400000	72.226201	0.0	0.0
11.033410	11.026700000	72.039783	0.0	0.0
11.143340	11.136000000	71.851382	0.0	0.0
11.254350	11.246400000	71.661011	0.0	0.0
11.366480	11.357900000	71.468595	0.0	0.0
11.479720	11.470400000	71.274145	0.0	0.0
11.594090	11.584100000	71.077621	0.0	0.0
11.709600	11.698800000	70.878998	0.0	0.0
11.826250	11.814600000	70.678271	0.0	0.0
11.944080	11.931600000	70.475364	0.0	0.0
12.063070	12.049700000	70.270304	0.0	0.0
12.183250	12.168900000	70.063032	0.0	0.0
12.304630	12.289300000	69.853525	0.0	0.0
12.427220	12.410800000	69.641757	0.0	0.0
12.551030	12.533500000	69.427703	0.0	0.0
12.676070	12.657300000	69.211339	0.0	0.0
12.802360	12.782400000	68.992622	0.0	0.0
12.929900	12.908600000	68.771543	0.0	0.0
13.058720	13.036100000	68.548043	0.0	0.0
13.188820	13.164700000	68.322112	0.0	0.0
13.320220	13.294600000	68.093707	0.0	0.0
13.452920	13.425700000	67.862819	0.0	0.0
13.586950	13.558000000	67.629387	0.0	0.0
13.722310	13.691600000	67.393402	0.0	0.0
13.859020	13.826400000	67.154818	0.0	0.0
13.997100	13.962500000	66.913592	0.0	0.0
14.136540	14.099900000	66.669730	0.0	0.0
14.277380	14.238500000	66.423152	0.0	0.0
14.419620	14.378500000	66.173848	0.0	0.0
14.563280	14.519700000	65.921772	0.0	0.0
14.708370	14.662300000	65.666895	0.0	0.0
14.854910	14.806100000	65.409172	0.0	0.0
15.002900	14.951300000	65.148590	0.0	0.0
15.152370	15.097800000	64.885086	0.0	0.0
15.303330	15.245700000	64.618629	0.0	0.0
15.455790	15.394800000	64.349191	0.0	0.0
15.609770	15.545400000	64.076722	0.0	0.0
15.765290	15.697300000	63.801176	0.0	0.0
15.922350	15.850500000	63.522539	0.0	0.0
16.080980	16.005200000	63.240746	0.0	0.0
16.241190	16.161200000	62.955764	0.0	0.0
16.403000	16.318600000	62.667546	0.0	0.0
16.566420	16.477300000	62.376059	0.0	0.0
16.731460	16.637500000	62.081271	0.0	0.0
16.898160	16.799100000	61.783098	0.0	0.0
17.066510	16.962000000	61.481542	0.0	0.0
17.236540	17.125900000	61.176534	0.0	0.0
17.408260	17.283400000	60.868043	0.0	0.0
17.581690	17.395000000	60.556017	0.0	0.0
17.756850	17.333900000	60.240405	0.0	0.0
17.933760	16.836300000	59.921156	0.0	0.0
18.112430	15.548400000	59.598235	0.0	0.0
18.292880	13.233400000	59.271591	0.0	0.0
18.475120	10.036100000	58.941190	0.0	0.0
18.659180	6.552210000	58.606960	0.0	0.0
18.845080	3.549630000	58.268851	0.0	0.0
19.032830	1.527460000	57.926826	0.0	0.0
19.222450	0.491863000	57.580833	0.0	0.0
19.413950	0.107851000	57.230838	0.0	0.0
19.607370	0.013472900	56.876750	0.0	0.0
19.802710	0.000609887	56.518552	0.0	0.0
20.000000	0.000000853	56.156174	0.0	0.0
