# UNCLASSIFIED
#
# Response info for VRAC broad-band site.
#
# Effective: 06 Dec 2002
# Creation date: 03 Feb 2012
# File name: VRAC.BB.1039132800
# INID: 7247 7248 7249
#
# Source: James Neely (TTD), TSgt Swindle
# System equipment: Streckeisen STS-2 seismometer and Quanterra Q4120
# digitizer.
#
# The response file was derived from equations of state.
# Displacement response normalized to 1.0 at 1.0 Hz.
#
# The calib values for this configuration are as follows:
#
# VRAC BHZ is 0.019747 nm/count at 1.0 Hz.
# VRAC BHN is 0.020092 nm/count at 1.0 Hz.
# VRAC BHE is 0.019207 nm/count at 1.0 Hz.
#
# Freq(Hz)     Amp(counts/nm)    Phase(deg)   Error(amp) Error(phase)
#
 theoretical  0       system    fap   J.Neely
1000
0.001000	0.000014323	260.223994	0.0	0.0
0.001010	0.000014756	260.125667	0.0	0.0
0.001020	0.000015201	260.026334	0.0	0.0
0.001030	0.000015660	259.925987	0.0	0.0
0.001040	0.000016132	259.824612	0.0	0.0
0.001051	0.000016619	259.722190	0.0	0.0
0.001061	0.000017121	259.618719	0.0	0.0
0.001072	0.000017638	259.514188	0.0	0.0
0.001083	0.000018170	259.408576	0.0	0.0
0.001093	0.000018718	259.301882	0.0	0.0
0.001104	0.000019283	259.194095	0.0	0.0
0.001115	0.000019865	259.085193	0.0	0.0
0.001126	0.000020465	258.975165	0.0	0.0
0.001138	0.000021082	258.864009	0.0	0.0
0.001149	0.000021719	258.751705	0.0	0.0
0.001160	0.000022374	258.638241	0.0	0.0
0.001172	0.000023049	258.523605	0.0	0.0
0.001184	0.000023745	258.407786	0.0	0.0
0.001195	0.000024461	258.290762	0.0	0.0
0.001207	0.000025200	258.172531	0.0	0.0
0.001219	0.000025960	258.053083	0.0	0.0
0.001231	0.000026743	257.932385	0.0	0.0
0.001244	0.000027550	257.810445	0.0	0.0
0.001256	0.000028382	257.687231	0.0	0.0
0.001269	0.000029238	257.562743	0.0	0.0
0.001281	0.000030121	257.436957	0.0	0.0
0.001294	0.000031029	257.309871	0.0	0.0
0.001307	0.000031966	257.181454	0.0	0.0
0.001320	0.000032930	257.051703	0.0	0.0
0.001333	0.000033924	256.920597	0.0	0.0
0.001346	0.000034948	256.788122	0.0	0.0
0.001360	0.000036002	256.654256	0.0	0.0
0.001373	0.000037088	256.518997	0.0	0.0
0.001387	0.000038207	256.382323	0.0	0.0
0.001401	0.000039360	256.244221	0.0	0.0
0.001415	0.000040547	256.104667	0.0	0.0
0.001429	0.000041771	255.963650	0.0	0.0
0.001443	0.000043031	255.821157	0.0	0.0
0.001457	0.000044329	255.677163	0.0	0.0
0.001472	0.000045666	255.531648	0.0	0.0
0.001487	0.000047044	255.384606	0.0	0.0
0.001501	0.000048463	255.236016	0.0	0.0
0.001516	0.000049925	255.085854	0.0	0.0
0.001532	0.000051431	254.934106	0.0	0.0
0.001547	0.000052982	254.780759	0.0	0.0
0.001562	0.000054580	254.625789	0.0	0.0
0.001578	0.000056226	254.469172	0.0	0.0
0.001593	0.000057922	254.310895	0.0	0.0
0.001609	0.000059669	254.150934	0.0	0.0
0.001625	0.000061469	253.989284	0.0	0.0
0.001642	0.000063322	253.825902	0.0	0.0
0.001658	0.000065232	253.660783	0.0	0.0
0.001674	0.000067199	253.493913	0.0	0.0
0.001691	0.000069225	253.325246	0.0	0.0
0.001708	0.000071312	253.154789	0.0	0.0
0.001725	0.000073462	252.982507	0.0	0.0
0.001742	0.000075677	252.808374	0.0	0.0
0.001760	0.000077959	252.632375	0.0	0.0
0.001777	0.000080309	252.454486	0.0	0.0
0.001795	0.000082730	252.274681	0.0	0.0
0.001813	0.000085223	252.092943	0.0	0.0
0.001831	0.000087792	251.909248	0.0	0.0
0.001849	0.000090438	251.723570	0.0	0.0
0.001867	0.000093163	251.535882	0.0	0.0
0.001886	0.000095971	251.346168	0.0	0.0
0.001905	0.000098862	251.154393	0.0	0.0
0.001924	0.000101841	250.960549	0.0	0.0
0.001943	0.000104909	250.764589	0.0	0.0
0.001962	0.000108070	250.566497	0.0	0.0
0.001982	0.000111325	250.366246	0.0	0.0
0.002002	0.000114678	250.163818	0.0	0.0
0.002022	0.000118132	249.959165	0.0	0.0
0.002042	0.000121690	249.752291	0.0	0.0
0.002062	0.000125354	249.543137	0.0	0.0
0.002083	0.000129128	249.331696	0.0	0.0
0.002103	0.000133016	249.117927	0.0	0.0
0.002124	0.000137020	248.901815	0.0	0.0
0.002145	0.000141144	248.683308	0.0	0.0
0.002167	0.000145392	248.462400	0.0	0.0
0.002188	0.000149767	248.239049	0.0	0.0
0.002210	0.000154273	248.013228	0.0	0.0
0.002232	0.000158914	247.784906	0.0	0.0
0.002254	0.000163694	247.554042	0.0	0.0
0.002277	0.000168617	247.320619	0.0	0.0
0.002300	0.000173688	247.084594	0.0	0.0
0.002322	0.000178910	246.845937	0.0	0.0
0.002346	0.000184288	246.604617	0.0	0.0
0.002369	0.000189828	246.360594	0.0	0.0
0.002393	0.000195532	246.113834	0.0	0.0
0.002416	0.000201407	245.864319	0.0	0.0
0.002441	0.000207457	245.611983	0.0	0.0
0.002465	0.000213688	245.356817	0.0	0.0
0.002489	0.000220105	245.098777	0.0	0.0
0.002514	0.000226713	244.837820	0.0	0.0
0.002539	0.000233518	244.573914	0.0	0.0
0.002565	0.000240525	244.307015	0.0	0.0
0.002590	0.000247741	244.037099	0.0	0.0
0.002616	0.000255172	243.764113	0.0	0.0
0.002642	0.000262823	243.488023	0.0	0.0
0.002668	0.000270702	243.208782	0.0	0.0
0.002695	0.000278815	242.926358	0.0	0.0
0.002722	0.000287169	242.640705	0.0	0.0
0.002749	0.000295770	242.351778	0.0	0.0
0.002776	0.000304626	242.059551	0.0	0.0
0.002804	0.000313745	241.763957	0.0	0.0
0.002832	0.000323133	241.464971	0.0	0.0
0.002860	0.000332798	241.162548	0.0	0.0
0.002888	0.000342749	240.856638	0.0	0.0
0.002917	0.000352994	240.547197	0.0	0.0
0.002946	0.000363541	240.234175	0.0	0.0
0.002976	0.000374398	239.917526	0.0	0.0
0.003005	0.000385575	239.597223	0.0	0.0
0.003035	0.000397080	239.273185	0.0	0.0
0.003066	0.000408923	238.945397	0.0	0.0
0.003096	0.000421114	238.613788	0.0	0.0
0.003127	0.000433662	238.278321	0.0	0.0
0.003158	0.000446577	237.938946	0.0	0.0
0.003190	0.000459869	237.595603	0.0	0.0
0.003221	0.000473549	237.248254	0.0	0.0
0.003253	0.000487628	236.896839	0.0	0.0
0.003286	0.000502117	236.541320	0.0	0.0
0.003319	0.000517027	236.181623	0.0	0.0
0.003352	0.000532370	235.817723	0.0	0.0
0.003385	0.000548157	235.449546	0.0	0.0
0.003419	0.000564401	235.077044	0.0	0.0
0.003453	0.000581114	234.700176	0.0	0.0
0.003487	0.000598309	234.318873	0.0	0.0
0.003522	0.000615999	233.933083	0.0	0.0
0.003557	0.000634196	233.542769	0.0	0.0
0.003592	0.000652915	233.147847	0.0	0.0
0.003628	0.000672170	232.748290	0.0	0.0
0.003664	0.000691974	232.344027	0.0	0.0
0.003701	0.000712342	231.935009	0.0	0.0
0.003738	0.000733289	231.521188	0.0	0.0
0.003775	0.000754830	231.102493	0.0	0.0
0.003813	0.000776979	230.678876	0.0	0.0
0.003851	0.000799754	230.250279	0.0	0.0
0.003889	0.000823169	229.816654	0.0	0.0
0.003928	0.000847240	229.377933	0.0	0.0
0.003967	0.000871985	228.934082	0.0	0.0
0.004006	0.000897419	228.485034	0.0	0.0
0.004046	0.000923560	228.030732	0.0	0.0
0.004087	0.000950425	227.571122	0.0	0.0
0.004127	0.000978032	227.106163	0.0	0.0
0.004168	0.001006400	226.635802	0.0	0.0
0.004210	0.001035540	226.159964	0.0	0.0
0.004252	0.001065480	225.678622	0.0	0.0
0.004294	0.001096240	225.191716	0.0	0.0
0.004337	0.001127820	224.699199	0.0	0.0
0.004380	0.001160260	224.201024	0.0	0.0
0.004424	0.001193570	223.697136	0.0	0.0
0.004468	0.001227770	223.187493	0.0	0.0
0.004512	0.001262880	222.672065	0.0	0.0
0.004557	0.001298920	222.150792	0.0	0.0
0.004603	0.001335910	221.623636	0.0	0.0
0.004649	0.001373870	221.090564	0.0	0.0
0.004695	0.001412810	220.551532	0.0	0.0
0.004742	0.001452770	220.006501	0.0	0.0
0.004789	0.001493750	219.455443	0.0	0.0
0.004837	0.001535780	218.898336	0.0	0.0
0.004885	0.001578890	218.335148	0.0	0.0
0.004934	0.001623080	217.765839	0.0	0.0
0.004983	0.001668380	217.190406	0.0	0.0
0.005032	0.001714800	216.608817	0.0	0.0
0.005082	0.001762380	216.021055	0.0	0.0
0.005133	0.001811120	215.427116	0.0	0.0
0.005184	0.001861060	214.826979	0.0	0.0
0.005236	0.001912190	214.220651	0.0	0.0
0.005288	0.001964550	213.608120	0.0	0.0
0.005341	0.002018160	212.989400	0.0	0.0
0.005394	0.002073020	212.364490	0.0	0.0
0.005448	0.002129160	211.733402	0.0	0.0
0.005502	0.002186600	211.096144	0.0	0.0
0.005557	0.002245360	210.452742	0.0	0.0
0.005612	0.002305430	209.803236	0.0	0.0
0.005668	0.002366860	209.147640	0.0	0.0
0.005725	0.002429640	208.485995	0.0	0.0
0.005782	0.002493790	207.818339	0.0	0.0
0.005839	0.002559340	207.144725	0.0	0.0
0.005897	0.002626280	206.465216	0.0	0.0
0.005956	0.002694630	205.779844	0.0	0.0
0.006015	0.002764400	205.088706	0.0	0.0
0.006075	0.002835600	204.391850	0.0	0.0
0.006136	0.002908250	203.689365	0.0	0.0
0.006197	0.002982340	202.981334	0.0	0.0
0.006259	0.003057890	202.267850	0.0	0.0
0.006321	0.003134900	201.549010	0.0	0.0
0.006384	0.003213380	200.824921	0.0	0.0
0.006448	0.003293320	200.095687	0.0	0.0
0.006512	0.003374750	199.361439	0.0	0.0
0.006577	0.003457640	198.622294	0.0	0.0
0.006642	0.003542010	197.878379	0.0	0.0
0.006708	0.003627860	197.129848	0.0	0.0
0.006775	0.003715170	196.376830	0.0	0.0
0.006843	0.003803960	195.619494	0.0	0.0
0.006911	0.003894200	194.857986	0.0	0.0
0.006980	0.003985910	194.092476	0.0	0.0
0.007049	0.004079060	193.323135	0.0	0.0
0.007120	0.004173660	192.550139	0.0	0.0
0.007191	0.004269680	191.773670	0.0	0.0
0.007262	0.004367130	190.993928	0.0	0.0
0.007335	0.004465990	190.211098	0.0	0.0
0.007408	0.004566240	189.425381	0.0	0.0
0.007481	0.004667880	188.636995	0.0	0.0
0.007556	0.004770880	187.846131	0.0	0.0
0.007631	0.004875230	187.053007	0.0	0.0
0.007707	0.004980920	186.257856	0.0	0.0
0.007784	0.005087910	185.460884	0.0	0.0
0.007862	0.005196210	184.662321	0.0	0.0
0.007940	0.005305780	183.862393	0.0	0.0
0.008019	0.005416600	183.061336	0.0	0.0
0.008099	0.005528660	182.259381	0.0	0.0
0.008180	0.005641930	181.456761	0.0	0.0
0.008261	0.005756400	180.653721	0.0	0.0
0.008343	0.005872030	179.850478	0.0	0.0
0.008426	0.005988800	179.047287	0.0	0.0
0.008510	0.006106700	178.244370	0.0	0.0
0.008595	0.006225700	177.441973	0.0	0.0
0.008681	0.006345780	176.640326	0.0	0.0
0.008767	0.006466910	175.839666	0.0	0.0
0.008855	0.006589070	175.040230	0.0	0.0
0.008943	0.006712240	174.242234	0.0	0.0
0.009032	0.006836390	173.445912	0.0	0.0
0.009122	0.006961500	172.651495	0.0	0.0
0.009213	0.007087570	171.859192	0.0	0.0
0.009305	0.007214540	171.069230	0.0	0.0
0.009397	0.007342430	170.281819	0.0	0.0
0.009491	0.007471180	169.497162	0.0	0.0
0.009586	0.007600810	168.715463	0.0	0.0
0.009681	0.007731270	167.936923	0.0	0.0
0.009777	0.007862570	167.161738	0.0	0.0
0.009875	0.007994660	166.390091	0.0	0.0
0.009973	0.008127560	165.622160	0.0	0.0
0.010073	0.008261240	164.858096	0.0	0.0
0.010173	0.008395680	164.098135	0.0	0.0
0.010274	0.008530870	163.342400	0.0	0.0
0.010377	0.008666810	162.591048	0.0	0.0
0.010480	0.008803480	161.844228	0.0	0.0
0.010584	0.008940870	161.102086	0.0	0.0
0.010690	0.009078970	160.364759	0.0	0.0
0.010796	0.009217780	159.632379	0.0	0.0
0.010904	0.009357300	158.905072	0.0	0.0
0.011013	0.009497510	158.182957	0.0	0.0
0.011122	0.009638410	157.466084	0.0	0.0
0.011233	0.009780010	156.754624	0.0	0.0
0.011345	0.009922290	156.048678	0.0	0.0
0.011458	0.010065300	155.348279	0.0	0.0
0.011572	0.010208900	154.653578	0.0	0.0
0.011688	0.010353300	153.964596	0.0	0.0
0.011804	0.010498400	153.281412	0.0	0.0
0.011922	0.010644100	152.604098	0.0	0.0
0.012040	0.010790600	151.932720	0.0	0.0
0.012160	0.010937700	151.267282	0.0	0.0
0.012281	0.011085600	150.607896	0.0	0.0
0.012404	0.011234300	149.954611	0.0	0.0
0.012527	0.011383600	149.307364	0.0	0.0
0.012652	0.011533700	148.666301	0.0	0.0
0.012778	0.011684600	148.031355	0.0	0.0
0.012906	0.011836200	147.402556	0.0	0.0
0.013034	0.011988600	146.779982	0.0	0.0
0.013164	0.012141800	146.163557	0.0	0.0
0.013295	0.012295800	145.553348	0.0	0.0
0.013428	0.012450700	144.949368	0.0	0.0
0.013561	0.012606300	144.351535	0.0	0.0
0.013696	0.012762800	143.759905	0.0	0.0
0.013833	0.012920200	143.174477	0.0	0.0
0.013971	0.013078500	142.595210	0.0	0.0
0.014110	0.013237700	142.022060	0.0	0.0
0.014250	0.013397800	141.455062	0.0	0.0
0.014392	0.013558800	140.894128	0.0	0.0
0.014536	0.013720800	140.339325	0.0	0.0
0.014681	0.013883800	139.790524	0.0	0.0
0.014827	0.014047800	139.247747	0.0	0.0
0.014975	0.014212700	138.710940	0.0	0.0
0.015124	0.014378800	138.180119	0.0	0.0
0.015275	0.014545800	137.655156	0.0	0.0
0.015427	0.014714000	137.136097	0.0	0.0
0.015580	0.014883300	136.622849	0.0	0.0
0.015736	0.015053600	136.115352	0.0	0.0
0.015892	0.015225200	135.613613	0.0	0.0
0.016051	0.015397800	135.117569	0.0	0.0
0.016211	0.015571700	134.627160	0.0	0.0
0.016372	0.015746800	134.142353	0.0	0.0
0.016535	0.015923100	133.663088	0.0	0.0
0.016700	0.016100700	133.189330	0.0	0.0
0.016866	0.016279500	132.720988	0.0	0.0
0.017034	0.016459700	132.258058	0.0	0.0
0.017204	0.016641100	131.800449	0.0	0.0
0.017375	0.016824000	131.348125	0.0	0.0
0.017549	0.017008200	130.901025	0.0	0.0
0.017723	0.017193800	130.459114	0.0	0.0
0.017900	0.017380800	130.022327	0.0	0.0
0.018078	0.017569200	129.590605	0.0	0.0
0.018258	0.017759100	129.163886	0.0	0.0
0.018440	0.017950600	128.742112	0.0	0.0
0.018624	0.018143500	128.325266	0.0	0.0
0.018810	0.018337900	127.913245	0.0	0.0
0.018997	0.018534000	127.506033	0.0	0.0
0.019186	0.018731600	127.103551	0.0	0.0
0.019377	0.018930800	126.705740	0.0	0.0
0.019570	0.019131700	126.312564	0.0	0.0
0.019765	0.019334300	125.923966	0.0	0.0
0.019962	0.019538500	125.539870	0.0	0.0
0.020161	0.019744400	125.160241	0.0	0.0
0.020362	0.019952100	124.785024	0.0	0.0
0.020565	0.020161600	124.414164	0.0	0.0
0.020770	0.020372800	124.047608	0.0	0.0
0.020977	0.020585900	123.685287	0.0	0.0
0.021186	0.020800800	123.327183	0.0	0.0
0.021397	0.021017500	122.973211	0.0	0.0
0.021610	0.021236200	122.623338	0.0	0.0
0.021825	0.021456800	122.277513	0.0	0.0
0.022043	0.021679300	121.935672	0.0	0.0
0.022262	0.021903800	121.597768	0.0	0.0
0.022484	0.022130300	121.263769	0.0	0.0
0.022708	0.022358800	120.933612	0.0	0.0
0.022934	0.022589300	120.607239	0.0	0.0
0.023163	0.022822000	120.284631	0.0	0.0
0.023394	0.023056700	119.965704	0.0	0.0
0.023627	0.023293600	119.650442	0.0	0.0
0.023862	0.023532600	119.338774	0.0	0.0
0.024100	0.023773800	119.030673	0.0	0.0
0.024340	0.024017200	118.726097	0.0	0.0
0.024582	0.024262900	118.424968	0.0	0.0
0.024827	0.024510800	118.127284	0.0	0.0
0.025075	0.024761000	117.832969	0.0	0.0
0.025324	0.025013500	117.541998	0.0	0.0
0.025577	0.025268400	117.254321	0.0	0.0
0.025832	0.025525700	116.969901	0.0	0.0
0.026089	0.025785400	116.688692	0.0	0.0
0.026349	0.026047500	116.410648	0.0	0.0
0.026611	0.026312000	116.135745	0.0	0.0
0.026876	0.026579100	115.863927	0.0	0.0
0.027144	0.026848600	115.595152	0.0	0.0
0.027415	0.027120800	115.329398	0.0	0.0
0.027688	0.027395500	115.066622	0.0	0.0
0.027964	0.027672800	114.806784	0.0	0.0
0.028242	0.027952700	114.549834	0.0	0.0
0.028524	0.028235300	114.295760	0.0	0.0
0.028808	0.028520600	114.044499	0.0	0.0
0.029095	0.028808700	113.796037	0.0	0.0
0.029385	0.029099400	113.550331	0.0	0.0
0.029677	0.029393000	113.307344	0.0	0.0
0.029973	0.029689400	113.067040	0.0	0.0
0.030272	0.029988700	112.829394	0.0	0.0
0.030573	0.030290800	112.594364	0.0	0.0
0.030878	0.030595800	112.361924	0.0	0.0
0.031185	0.030903800	112.132043	0.0	0.0
0.031496	0.031214800	111.904680	0.0	0.0
0.031810	0.031528800	111.679805	0.0	0.0
0.032127	0.031845800	111.457395	0.0	0.0
0.032447	0.032165900	111.237413	0.0	0.0
0.032770	0.032489100	111.019830	0.0	0.0
0.033097	0.032815400	110.804618	0.0	0.0
0.033426	0.033144900	110.591749	0.0	0.0
0.033759	0.033477600	110.381190	0.0	0.0
0.034096	0.033813600	110.172919	0.0	0.0
0.034435	0.034152800	109.966899	0.0	0.0
0.034778	0.034495400	109.763109	0.0	0.0
0.035125	0.034841300	109.561526	0.0	0.0
0.035475	0.035190500	109.362113	0.0	0.0
0.035828	0.035543200	109.164846	0.0	0.0
0.036185	0.035899400	108.969708	0.0	0.0
0.036546	0.036259000	108.776659	0.0	0.0
0.036910	0.036622200	108.585687	0.0	0.0
0.037278	0.036988900	108.396761	0.0	0.0
0.037649	0.037359200	108.209854	0.0	0.0
0.038024	0.037733200	108.024949	0.0	0.0
0.038403	0.038110800	107.842012	0.0	0.0
0.038785	0.038492200	107.661032	0.0	0.0
0.039172	0.038877300	107.481976	0.0	0.0
0.039562	0.039266200	107.304824	0.0	0.0
0.039956	0.039658900	107.129558	0.0	0.0
0.040354	0.040055500	106.956150	0.0	0.0
0.040756	0.040456000	106.784578	0.0	0.0
0.041162	0.040860400	106.614821	0.0	0.0
0.041572	0.041268900	106.446864	0.0	0.0
0.041987	0.041681300	106.280676	0.0	0.0
0.042405	0.042097900	106.116244	0.0	0.0
0.042827	0.042518500	105.953544	0.0	0.0
0.043254	0.042943300	105.792560	0.0	0.0
0.043685	0.043372400	105.633266	0.0	0.0
0.044120	0.043805600	105.475646	0.0	0.0
0.044560	0.044243100	105.319679	0.0	0.0
0.045004	0.044685000	105.165347	0.0	0.0
0.045452	0.045131200	105.012632	0.0	0.0
0.045905	0.045581900	104.861517	0.0	0.0
0.046362	0.046037000	104.711978	0.0	0.0
0.046824	0.046496600	104.564003	0.0	0.0
0.047291	0.046960800	104.417570	0.0	0.0
0.047762	0.047429500	104.272664	0.0	0.0
0.048238	0.047902900	104.129266	0.0	0.0
0.048718	0.048381000	103.987362	0.0	0.0
0.049204	0.048863900	103.846930	0.0	0.0
0.049694	0.049351500	103.707957	0.0	0.0
0.050189	0.049844000	103.570428	0.0	0.0
0.050689	0.050341300	103.434322	0.0	0.0
0.051194	0.050843600	103.299626	0.0	0.0
0.051704	0.051350900	103.166325	0.0	0.0
0.052219	0.051863200	103.034402	0.0	0.0
0.052739	0.052380600	102.903842	0.0	0.0
0.053265	0.052903100	102.774629	0.0	0.0
0.053795	0.053430800	102.646750	0.0	0.0
0.054331	0.053963800	102.520188	0.0	0.0
0.054873	0.054502000	102.394932	0.0	0.0
0.055419	0.055045600	102.270964	0.0	0.0
0.055971	0.055594600	102.148269	0.0	0.0
0.056529	0.056149000	102.026838	0.0	0.0
0.057092	0.056709000	101.906653	0.0	0.0
0.057661	0.057274500	101.787700	0.0	0.0
0.058235	0.057845600	101.669968	0.0	0.0
0.058816	0.058422500	101.553443	0.0	0.0
0.059402	0.059005000	101.438111	0.0	0.0
0.059993	0.059593400	101.323960	0.0	0.0
0.060591	0.060187500	101.210976	0.0	0.0
0.061195	0.060787700	101.099147	0.0	0.0
0.061804	0.061393700	100.988462	0.0	0.0
0.062420	0.062005800	100.878905	0.0	0.0
0.063042	0.062624000	100.770466	0.0	0.0
0.063670	0.063248300	100.663133	0.0	0.0
0.064304	0.063878900	100.556895	0.0	0.0
0.064945	0.064515700	100.451738	0.0	0.0
0.065592	0.065158900	100.347652	0.0	0.0
0.066246	0.065808400	100.244626	0.0	0.0
0.066906	0.066464400	100.142646	0.0	0.0
0.067572	0.067127000	100.041703	0.0	0.0
0.068245	0.067796100	99.941787	0.0	0.0
0.068925	0.068471900	99.842885	0.0	0.0
0.069612	0.069154400	99.744985	0.0	0.0
0.070305	0.069843800	99.648080	0.0	0.0
0.071006	0.070540000	99.552157	0.0	0.0
0.071713	0.071243100	99.457206	0.0	0.0
0.072428	0.071953200	99.363217	0.0	0.0
0.073149	0.072670300	99.270180	0.0	0.0
0.073878	0.073394600	99.178083	0.0	0.0
0.074614	0.074126200	99.086919	0.0	0.0
0.075357	0.074865000	98.996677	0.0	0.0
0.076108	0.075611200	98.907346	0.0	0.0
0.076866	0.076364800	98.818918	0.0	0.0
0.077632	0.077125900	98.731383	0.0	0.0
0.078406	0.077894600	98.644733	0.0	0.0
0.079187	0.078670900	98.558956	0.0	0.0
0.079976	0.079455000	98.474045	0.0	0.0
0.080773	0.080246900	98.389990	0.0	0.0
0.081577	0.081046600	98.306782	0.0	0.0
0.082390	0.081854300	98.224412	0.0	0.0
0.083211	0.082670100	98.142874	0.0	0.0
0.084040	0.083494100	98.062155	0.0	0.0
0.084877	0.084326200	97.982249	0.0	0.0
0.085723	0.085166600	97.903147	0.0	0.0
0.086577	0.086015400	97.824842	0.0	0.0
0.087439	0.086872600	97.747323	0.0	0.0
0.088310	0.087738400	97.670584	0.0	0.0
0.089190	0.088612800	97.594616	0.0	0.0
0.090079	0.089495900	97.519411	0.0	0.0
0.090976	0.090387800	97.444963	0.0	0.0
0.091883	0.091288600	97.371261	0.0	0.0
0.092798	0.092198400	97.298300	0.0	0.0
0.093722	0.093117200	97.226070	0.0	0.0
0.094656	0.094045200	97.154566	0.0	0.0
0.095599	0.094982500	97.083779	0.0	0.0
0.096552	0.095929100	97.013701	0.0	0.0
0.097514	0.096885000	96.944327	0.0	0.0
0.098485	0.097850600	96.875648	0.0	0.0
0.099466	0.098825800	96.807657	0.0	0.0
0.100457	0.099810600	96.740345	0.0	0.0
0.101458	0.100805000	96.673711	0.0	0.0
0.102469	0.101810000	96.607743	0.0	0.0
0.103490	0.102825000	96.542434	0.0	0.0
0.104521	0.103849000	96.477782	0.0	0.0
0.105562	0.104884000	96.413776	0.0	0.0
0.106614	0.105930000	96.350409	0.0	0.0
0.107676	0.106985000	96.287681	0.0	0.0
0.108749	0.108051000	96.225573	0.0	0.0
0.109832	0.109128000	96.164091	0.0	0.0
0.110926	0.110216000	96.103224	0.0	0.0
0.112031	0.111314000	96.042960	0.0	0.0
0.113148	0.112424000	95.983304	0.0	0.0
0.114275	0.113544000	95.924240	0.0	0.0
0.115413	0.114676000	95.865774	0.0	0.0
0.116563	0.115819000	95.807883	0.0	0.0
0.117724	0.116973000	95.750579	0.0	0.0
0.118897	0.118139000	95.693840	0.0	0.0
0.120082	0.119316000	95.637672	0.0	0.0
0.121278	0.120505000	95.582061	0.0	0.0
0.122486	0.121706000	95.527010	0.0	0.0
0.123707	0.122919000	95.472506	0.0	0.0
0.124939	0.124144000	95.418544	0.0	0.0
0.126184	0.125382000	95.365124	0.0	0.0
0.127441	0.126631000	95.312237	0.0	0.0
0.128711	0.127893000	95.259875	0.0	0.0
0.129993	0.129168000	95.208038	0.0	0.0
0.131288	0.130455000	95.156716	0.0	0.0
0.132596	0.131756000	95.105907	0.0	0.0
0.133917	0.133069000	95.055605	0.0	0.0
0.135251	0.134395000	95.005804	0.0	0.0
0.136599	0.135735000	94.956503	0.0	0.0
0.137960	0.137088000	94.907690	0.0	0.0
0.139334	0.138454000	94.859363	0.0	0.0
0.140722	0.139834000	94.811521	0.0	0.0
0.142124	0.141228000	94.764154	0.0	0.0
0.143540	0.142635000	94.717261	0.0	0.0
0.144970	0.144057000	94.670832	0.0	0.0
0.146414	0.145493000	94.624868	0.0	0.0
0.147873	0.146943000	94.579364	0.0	0.0
0.149346	0.148408000	94.534309	0.0	0.0
0.150834	0.149887000	94.489708	0.0	0.0
0.152337	0.151381000	94.445546	0.0	0.0
0.153855	0.152890000	94.401827	0.0	0.0
0.155387	0.154414000	94.358543	0.0	0.0
0.156935	0.155954000	94.315693	0.0	0.0
0.158499	0.157508000	94.273267	0.0	0.0
0.160078	0.159078000	94.231264	0.0	0.0
0.161673	0.160664000	94.189680	0.0	0.0
0.163284	0.162266000	94.148510	0.0	0.0
0.164910	0.163883000	94.107748	0.0	0.0
0.166553	0.165517000	94.067395	0.0	0.0
0.168213	0.167167000	94.027443	0.0	0.0
0.169888	0.168834000	93.987888	0.0	0.0
0.171581	0.170517000	93.948729	0.0	0.0
0.173290	0.172217000	93.909958	0.0	0.0
0.175017	0.173934000	93.871573	0.0	0.0
0.176760	0.175668000	93.833572	0.0	0.0
0.178521	0.177419000	93.795948	0.0	0.0
0.180300	0.179188000	93.758698	0.0	0.0
0.182096	0.180974000	93.721820	0.0	0.0
0.183910	0.182779000	93.685310	0.0	0.0
0.185743	0.184601000	93.649162	0.0	0.0
0.187593	0.186442000	93.613375	0.0	0.0
0.189462	0.188300000	93.577944	0.0	0.0
0.191350	0.190178000	93.542865	0.0	0.0
0.193256	0.192074000	93.508137	0.0	0.0
0.195181	0.193989000	93.473753	0.0	0.0
0.197126	0.195924000	93.439713	0.0	0.0
0.199090	0.197877000	93.406011	0.0	0.0
0.201073	0.199850000	93.372644	0.0	0.0
0.203077	0.201843000	93.339610	0.0	0.0
0.205100	0.203856000	93.306904	0.0	0.0
0.207143	0.205889000	93.274524	0.0	0.0
0.209207	0.207942000	93.242466	0.0	0.0
0.211291	0.210016000	93.210729	0.0	0.0
0.213396	0.212110000	93.179305	0.0	0.0
0.215522	0.214225000	93.148195	0.0	0.0
0.217669	0.216362000	93.117395	0.0	0.0
0.219838	0.218520000	93.086902	0.0	0.0
0.222028	0.220699000	93.056712	0.0	0.0
0.224240	0.222900000	93.026823	0.0	0.0
0.226474	0.225123000	92.997231	0.0	0.0
0.228730	0.227369000	92.967933	0.0	0.0
0.231009	0.229637000	92.938927	0.0	0.0
0.233311	0.231927000	92.910209	0.0	0.0
0.235635	0.234241000	92.881778	0.0	0.0
0.237983	0.236577000	92.853630	0.0	0.0
0.240354	0.238937000	92.825760	0.0	0.0
0.242748	0.241320000	92.798169	0.0	0.0
0.245167	0.243728000	92.770852	0.0	0.0
0.247609	0.246159000	92.743807	0.0	0.0
0.250076	0.248615000	92.717031	0.0	0.0
0.252567	0.251095000	92.690521	0.0	0.0
0.255084	0.253600000	92.664275	0.0	0.0
0.257625	0.256131000	92.638289	0.0	0.0
0.260192	0.258686000	92.612563	0.0	0.0
0.262784	0.261267000	92.587092	0.0	0.0
0.265402	0.263874000	92.561874	0.0	0.0
0.268046	0.266507000	92.536907	0.0	0.0
0.270716	0.269166000	92.512188	0.0	0.0
0.273413	0.271852000	92.487714	0.0	0.0
0.276137	0.274565000	92.463485	0.0	0.0
0.278888	0.277305000	92.439495	0.0	0.0
0.281667	0.280072000	92.415743	0.0	0.0
0.284473	0.282867000	92.392228	0.0	0.0
0.287307	0.285691000	92.368946	0.0	0.0
0.290170	0.288542000	92.345895	0.0	0.0
0.293060	0.291422000	92.323073	0.0	0.0
0.295980	0.294331000	92.300477	0.0	0.0
0.298929	0.297268000	92.278106	0.0	0.0
0.301907	0.300236000	92.255956	0.0	0.0
0.304915	0.303233000	92.234026	0.0	0.0
0.307953	0.306260000	92.212313	0.0	0.0
0.311021	0.309318000	92.190815	0.0	0.0
0.314119	0.312406000	92.169531	0.0	0.0
0.317249	0.315525000	92.148456	0.0	0.0
0.320409	0.318675000	92.127591	0.0	0.0
0.323602	0.321857000	92.106932	0.0	0.0
0.326825	0.325071000	92.086477	0.0	0.0
0.330082	0.328317000	92.066224	0.0	0.0
0.333370	0.331595000	92.046171	0.0	0.0
0.336691	0.334907000	92.026317	0.0	0.0
0.340046	0.338252000	92.006658	0.0	0.0
0.343433	0.341630000	91.987193	0.0	0.0
0.346855	0.345042000	91.967920	0.0	0.0
0.350311	0.348488000	91.948837	0.0	0.0
0.353801	0.351969000	91.929941	0.0	0.0
0.357325	0.355485000	91.911232	0.0	0.0
0.360885	0.359037000	91.892707	0.0	0.0
0.364481	0.362624000	91.874363	0.0	0.0
0.368112	0.366246000	91.856199	0.0	0.0
0.371779	0.369906000	91.838214	0.0	0.0
0.375483	0.373602000	91.820405	0.0	0.0
0.379224	0.377335000	91.802770	0.0	0.0
0.383002	0.381106000	91.785307	0.0	0.0
0.386818	0.384915000	91.768015	0.0	0.0
0.390672	0.388761000	91.750892	0.0	0.0
0.394564	0.392647000	91.733935	0.0	0.0
0.398495	0.396572000	91.717144	0.0	0.0
0.402465	0.400536000	91.700515	0.0	0.0
0.406474	0.404540000	91.684049	0.0	0.0
0.410524	0.408584000	91.667741	0.0	0.0
0.414614	0.412669000	91.651592	0.0	0.0
0.418745	0.416795000	91.635599	0.0	0.0
0.422916	0.420963000	91.619760	0.0	0.0
0.427130	0.425173000	91.604073	0.0	0.0
0.431385	0.429425000	91.588537	0.0	0.0
0.435683	0.433719000	91.573151	0.0	0.0
0.440024	0.438057000	91.557912	0.0	0.0
0.444407	0.442439000	91.542818	0.0	0.0
0.448835	0.446865000	91.527869	0.0	0.0
0.453307	0.451336000	91.513061	0.0	0.0
0.457823	0.455851000	91.498395	0.0	0.0
0.462384	0.460412000	91.483867	0.0	0.0
0.466990	0.465020000	91.469477	0.0	0.0
0.471643	0.469673000	91.455221	0.0	0.0
0.476342	0.474374000	91.441100	0.0	0.0
0.481087	0.479122000	91.427111	0.0	0.0
0.485880	0.483918000	91.413253	0.0	0.0
0.490721	0.488762000	91.399524	0.0	0.0
0.495610	0.493655000	91.385922	0.0	0.0
0.500547	0.498598000	91.372446	0.0	0.0
0.505534	0.503590000	91.359094	0.0	0.0
0.510571	0.508633000	91.345864	0.0	0.0
0.515657	0.513727000	91.332756	0.0	0.0
0.520795	0.518873000	91.319766	0.0	0.0
0.525983	0.524070000	91.306894	0.0	0.0
0.531224	0.529320000	91.294139	0.0	0.0
0.536516	0.534623000	91.281497	0.0	0.0
0.541861	0.539980000	91.268969	0.0	0.0
0.547260	0.545391000	91.256552	0.0	0.0
0.552712	0.550857000	91.244245	0.0	0.0
0.558218	0.556378000	91.232045	0.0	0.0
0.563780	0.561955000	91.219952	0.0	0.0
0.569396	0.567589000	91.207964	0.0	0.0
0.575069	0.573279000	91.196080	0.0	0.0
0.580798	0.579028000	91.184297	0.0	0.0
0.586585	0.584834000	91.172614	0.0	0.0
0.592429	0.590700000	91.161030	0.0	0.0
0.598331	0.596625000	91.149543	0.0	0.0
0.604292	0.602610000	91.138151	0.0	0.0
0.610312	0.608656000	91.126853	0.0	0.0
0.616392	0.614763000	91.115648	0.0	0.0
0.622533	0.620932000	91.104532	0.0	0.0
0.628736	0.627164000	91.093506	0.0	0.0
0.634999	0.633459000	91.082567	0.0	0.0
0.641326	0.639818000	91.071714	0.0	0.0
0.647715	0.646242000	91.060946	0.0	0.0
0.654168	0.652731000	91.050259	0.0	0.0
0.660685	0.659286000	91.039654	0.0	0.0
0.667268	0.665907000	91.029128	0.0	0.0
0.673915	0.672596000	91.018679	0.0	0.0
0.680629	0.679353000	91.008307	0.0	0.0
0.687410	0.686179000	90.998009	0.0	0.0
0.694259	0.693075000	90.987784	0.0	0.0
0.701175	0.700040000	90.977630	0.0	0.0
0.708161	0.707077000	90.967545	0.0	0.0
0.715216	0.714186000	90.957528	0.0	0.0
0.722342	0.721366000	90.947577	0.0	0.0
0.729538	0.728620000	90.937691	0.0	0.0
0.736806	0.735948000	90.927867	0.0	0.0
0.744147	0.743351000	90.918104	0.0	0.0
0.751561	0.750829000	90.908401	0.0	0.0
0.759048	0.758384000	90.898755	0.0	0.0
0.766610	0.766015000	90.889164	0.0	0.0
0.774248	0.773725000	90.879628	0.0	0.0
0.781961	0.781513000	90.870144	0.0	0.0
0.789752	0.789381000	90.860710	0.0	0.0
0.797620	0.797330000	90.851326	0.0	0.0
0.805566	0.805359000	90.841988	0.0	0.0
0.813592	0.813471000	90.832695	0.0	0.0
0.821698	0.821666000	90.823445	0.0	0.0
0.829884	0.829944000	90.814237	0.0	0.0
0.838152	0.838307000	90.805068	0.0	0.0
0.846502	0.846756000	90.795937	0.0	0.0
0.854936	0.855292000	90.786842	0.0	0.0
0.863453	0.863914000	90.777781	0.0	0.0
0.872055	0.872624000	90.768752	0.0	0.0
0.880743	0.881425000	90.759753	0.0	0.0
0.889518	0.890315000	90.750782	0.0	0.0
0.898380	0.899296000	90.741837	0.0	0.0
0.907330	0.908369000	90.732916	0.0	0.0
0.916370	0.917536000	90.724018	0.0	0.0
0.925499	0.926796000	90.715140	0.0	0.0
0.934720	0.936151000	90.706280	0.0	0.0
0.944032	0.945602000	90.697436	0.0	0.0
0.953437	0.955150000	90.688606	0.0	0.0
0.962936	0.964796000	90.679788	0.0	0.0
0.972529	0.974541000	90.670980	0.0	0.0
0.982218	0.984385000	90.662179	0.0	0.0
0.992004	0.994331000	90.653385	0.0	0.0
1.001887	1.004380000	90.644593	0.0	0.0
1.011868	1.014530000	90.635804	0.0	0.0
1.021949	1.024780000	90.627013	0.0	0.0
1.032131	1.035140000	90.618218	0.0	0.0
1.042414	1.045610000	90.609419	0.0	0.0
1.052799	1.056180000	90.600612	0.0	0.0
1.063288	1.066870000	90.591795	0.0	0.0
1.073881	1.077660000	90.582966	0.0	0.0
1.084580	1.088560000	90.574122	0.0	0.0
1.095385	1.099570000	90.565262	0.0	0.0
1.106298	1.110700000	90.556382	0.0	0.0
1.117320	1.121940000	90.547481	0.0	0.0
1.128451	1.133300000	90.538557	0.0	0.0
1.139694	1.144770000	90.529605	0.0	0.0
1.151048	1.156360000	90.520625	0.0	0.0
1.162516	1.168070000	90.511613	0.0	0.0
1.174097	1.179900000	90.502569	0.0	0.0
1.185794	1.191850000	90.493488	0.0	0.0
1.197608	1.203920000	90.484368	0.0	0.0
1.209540	1.216120000	90.475207	0.0	0.0
1.221590	1.228440000	90.466002	0.0	0.0
1.233760	1.240880000	90.456752	0.0	0.0
1.246052	1.253460000	90.447452	0.0	0.0
1.258466	1.266160000	90.438100	0.0	0.0
1.271004	1.278990000	90.428695	0.0	0.0
1.283666	1.291950000	90.419234	0.0	0.0
1.296455	1.305050000	90.409713	0.0	0.0
1.309371	1.318280000	90.400130	0.0	0.0
1.322416	1.331640000	90.390482	0.0	0.0
1.335591	1.345140000	90.380767	0.0	0.0
1.348897	1.358780000	90.370982	0.0	0.0
1.362336	1.372550000	90.361124	0.0	0.0
1.375908	1.386470000	90.351192	0.0	0.0
1.389616	1.400520000	90.341181	0.0	0.0
1.403460	1.414720000	90.331089	0.0	0.0
1.417443	1.429070000	90.320913	0.0	0.0
1.431564	1.443560000	90.310651	0.0	0.0
1.445826	1.458190000	90.300300	0.0	0.0
1.460231	1.472970000	90.289857	0.0	0.0
1.474779	1.487910000	90.279319	0.0	0.0
1.489471	1.502990000	90.268684	0.0	0.0
1.504310	1.518230000	90.257949	0.0	0.0
1.519297	1.533620000	90.247110	0.0	0.0
1.534434	1.549160000	90.236165	0.0	0.0
1.549721	1.564860000	90.225111	0.0	0.0
1.565160	1.580720000	90.213946	0.0	0.0
1.580753	1.596740000	90.202667	0.0	0.0
1.596502	1.612920000	90.191270	0.0	0.0
1.612408	1.629260000	90.179752	0.0	0.0
1.628471	1.645760000	90.168113	0.0	0.0
1.644695	1.662430000	90.156348	0.0	0.0
1.661081	1.679270000	90.144454	0.0	0.0
1.677630	1.696270000	90.132428	0.0	0.0
1.694344	1.713440000	90.120268	0.0	0.0
1.711224	1.730780000	90.107972	0.0	0.0
1.728272	1.748300000	90.095536	0.0	0.0
1.745491	1.765990000	90.082957	0.0	0.0
1.762880	1.783850000	90.070234	0.0	0.0
1.780443	1.801890000	90.057362	0.0	0.0
1.798181	1.820110000	90.044339	0.0	0.0
1.816096	1.838510000	90.031162	0.0	0.0
1.834189	1.857090000	90.017830	0.0	0.0
1.852463	1.875860000	90.004337	0.0	0.0
1.870918	1.894810000	89.990684	0.0	0.0
1.889558	1.913940000	89.976865	0.0	0.0
1.908383	1.933270000	89.962880	0.0	0.0
1.927396	1.952780000	89.948725	0.0	0.0
1.946598	1.972480000	89.934398	0.0	0.0
1.965991	1.992380000	89.919895	0.0	0.0
1.985578	2.012470000	89.905215	0.0	0.0
2.005359	2.032760000	89.890355	0.0	0.0
2.025338	2.053250000	89.875311	0.0	0.0
2.045516	2.073940000	89.860083	0.0	0.0
2.065895	2.094830000	89.844666	0.0	0.0
2.086477	2.115920000	89.829059	0.0	0.0
2.107264	2.137220000	89.813259	0.0	0.0
2.128258	2.158730000	89.797264	0.0	0.0
2.149461	2.180450000	89.781071	0.0	0.0
2.170875	2.202380000	89.764678	0.0	0.0
2.192503	2.224530000	89.748082	0.0	0.0
2.214346	2.246890000	89.731282	0.0	0.0
2.236407	2.269470000	89.714274	0.0	0.0
2.258688	2.292270000	89.697056	0.0	0.0
2.281191	2.315300000	89.679627	0.0	0.0
2.303917	2.338560000	89.661984	0.0	0.0
2.326871	2.362040000	89.644124	0.0	0.0
2.350052	2.385750000	89.626047	0.0	0.0
2.373465	2.409700000	89.607748	0.0	0.0
2.397111	2.433890000	89.589226	0.0	0.0
2.420993	2.458320000	89.570480	0.0	0.0
2.445113	2.482990000	89.551506	0.0	0.0
2.469473	2.507910000	89.532303	0.0	0.0
2.494075	2.533070000	89.512870	0.0	0.0
2.518923	2.558500000	89.493202	0.0	0.0
2.544018	2.584180000	89.473300	0.0	0.0
2.569364	2.610110000	89.453160	0.0	0.0
2.594961	2.636320000	89.432783	0.0	0.0
2.620814	2.662790000	89.412163	0.0	0.0
2.646925	2.689540000	89.391300	0.0	0.0
2.673295	2.716560000	89.370193	0.0	0.0
2.699928	2.743860000	89.348840	0.0	0.0
2.726827	2.771450000	89.327237	0.0	0.0
2.753994	2.799330000	89.305384	0.0	0.0
2.781431	2.827500000	89.283279	0.0	0.0
2.809141	2.855980000	89.260921	0.0	0.0
2.837128	2.884750000	89.238306	0.0	0.0
2.865393	2.913840000	89.215435	0.0	0.0
2.893941	2.943250000	89.192303	0.0	0.0
2.922772	2.972970000	89.168912	0.0	0.0
2.951891	3.003020000	89.145257	0.0	0.0
2.981300	3.033410000	89.121338	0.0	0.0
3.011001	3.064130000	89.097153	0.0	0.0
3.040999	3.095190000	89.072700	0.0	0.0
3.071296	3.126610000	89.047978	0.0	0.0
3.101894	3.158380000	89.022985	0.0	0.0
3.132797	3.190510000	88.997719	0.0	0.0
3.164008	3.223010000	88.972179	0.0	0.0
3.195530	3.255880000	88.946363	0.0	0.0
3.227367	3.289140000	88.920268	0.0	0.0
3.259520	3.322780000	88.893894	0.0	0.0
3.291993	3.356810000	88.867239	0.0	0.0
3.324791	3.391240000	88.840301	0.0	0.0
3.357915	3.426070000	88.813078	0.0	0.0
3.391368	3.461310000	88.785570	0.0	0.0
3.425156	3.496970000	88.757773	0.0	0.0
3.459279	3.533050000	88.729687	0.0	0.0
3.493743	3.569550000	88.701309	0.0	0.0
3.528550	3.606480000	88.672638	0.0	0.0
3.563704	3.643850000	88.643672	0.0	0.0
3.599208	3.681650000	88.614409	0.0	0.0
3.635066	3.719890000	88.584847	0.0	0.0
3.671281	3.758580000	88.554984	0.0	0.0
3.707857	3.797720000	88.524820	0.0	0.0
3.744797	3.837300000	88.494351	0.0	0.0
3.782106	3.877330000	88.463575	0.0	0.0
3.819786	3.917820000	88.432491	0.0	0.0
3.857841	3.958760000	88.401097	0.0	0.0
3.896276	4.000140000	88.369391	0.0	0.0
3.935093	4.041980000	88.337370	0.0	0.0
3.974297	4.084270000	88.305033	0.0	0.0
4.013892	4.127000000	88.272377	0.0	0.0
4.053881	4.170180000	88.239400	0.0	0.0
4.094269	4.213790000	88.206100	0.0	0.0
4.135059	4.257850000	88.172474	0.0	0.0
4.176255	4.302330000	88.138521	0.0	0.0
4.217862	4.347230000	88.104238	0.0	0.0
4.259883	4.392550000	88.069622	0.0	0.0
4.302323	4.438290000	88.034670	0.0	0.0
4.345186	4.484430000	87.999381	0.0	0.0
4.388476	4.530970000	87.963751	0.0	0.0
4.432197	4.577900000	87.927779	0.0	0.0
4.476353	4.625220000	87.891461	0.0	0.0
4.520950	4.672920000	87.854793	0.0	0.0
4.565991	4.720980000	87.817774	0.0	0.0
4.611480	4.769410000	87.780402	0.0	0.0
4.657423	4.818210000	87.742671	0.0	0.0
4.703824	4.867360000	87.704579	0.0	0.0
4.750687	4.916860000	87.666124	0.0	0.0
4.798016	4.966720000	87.627302	0.0	0.0
4.845817	5.016930000	87.588110	0.0	0.0
4.894095	5.067490000	87.548543	0.0	0.0
4.942853	5.118410000	87.508600	0.0	0.0
4.992097	5.169700000	87.468276	0.0	0.0
5.041832	5.221360000	87.427567	0.0	0.0
5.092062	5.273410000	87.386470	0.0	0.0
5.142793	5.325860000	87.344981	0.0	0.0
5.194029	5.378730000	87.303096	0.0	0.0
5.245776	5.432030000	87.260810	0.0	0.0
5.298038	5.485800000	87.218121	0.0	0.0
5.350821	5.540070000	87.175024	0.0	0.0
5.404129	5.594850000	87.131514	0.0	0.0
5.457969	5.650190000	87.087587	0.0	0.0
5.512345	5.706110000	87.043239	0.0	0.0
5.567263	5.762670000	86.998464	0.0	0.0
5.622728	5.819900000	86.953259	0.0	0.0
5.678746	5.877830000	86.907617	0.0	0.0
5.735321	5.936530000	86.861536	0.0	0.0
5.792460	5.996020000	86.815009	0.0	0.0
5.850169	6.056350000	86.768031	0.0	0.0
5.908453	6.117570000	86.720596	0.0	0.0
5.967317	6.179710000	86.672701	0.0	0.0
6.026767	6.242810000	86.624339	0.0	0.0
6.086810	6.306920000	86.575504	0.0	0.0
6.147451	6.372040000	86.526190	0.0	0.0
6.208696	6.438220000	86.476393	0.0	0.0
6.270552	6.505460000	86.426105	0.0	0.0
6.333023	6.573780000	86.375321	0.0	0.0
6.396117	6.643180000	86.324034	0.0	0.0
6.459840	6.713650000	86.272238	0.0	0.0
6.524198	6.785170000	86.219926	0.0	0.0
6.589196	6.857710000	86.167092	0.0	0.0
6.654842	6.931250000	86.113729	0.0	0.0
6.721143	7.005730000	86.059830	0.0	0.0
6.788103	7.081110000	86.005388	0.0	0.0
6.855731	7.157300000	85.950396	0.0	0.0
6.924033	7.234270000	85.894845	0.0	0.0
6.993015	7.311910000	85.838729	0.0	0.0
7.062684	7.390160000	85.782041	0.0	0.0
7.133048	7.468950000	85.724770	0.0	0.0
7.204112	7.548180000	85.666912	0.0	0.0
7.275884	7.627810000	85.608456	0.0	0.0
7.348372	7.707750000	85.549394	0.0	0.0
7.421582	7.787950000	85.489718	0.0	0.0
7.495521	7.868380000	85.429420	0.0	0.0
7.570196	7.949020000	85.368491	0.0	0.0
7.645616	8.029850000	85.306920	0.0	0.0
7.721787	8.110910000	85.244699	0.0	0.0
7.798717	8.192230000	85.181820	0.0	0.0
7.876413	8.273890000	85.118271	0.0	0.0
7.954883	8.355990000	85.054045	0.0	0.0
8.034135	8.438640000	84.989129	0.0	0.0
8.114177	8.521980000	84.923515	0.0	0.0
8.195016	8.606190000	84.857191	0.0	0.0
8.276661	8.691450000	84.790148	0.0	0.0
8.359119	8.777960000	84.722375	0.0	0.0
8.442398	8.865900000	84.653861	0.0	0.0
8.526507	8.955480000	84.584594	0.0	0.0
8.611454	9.046900000	84.514564	0.0	0.0
8.697247	9.140310000	84.443758	0.0	0.0
8.783896	9.235870000	84.372165	0.0	0.0
8.871407	9.333670000	84.299773	0.0	0.0
8.959790	9.433770000	84.226570	0.0	0.0
9.049054	9.536190000	84.152543	0.0	0.0
9.139207	9.640890000	84.077680	0.0	0.0
9.230258	9.747750000	84.001967	0.0	0.0
9.322216	9.856610000	83.925392	0.0	0.0
9.415091	9.967270000	83.847941	0.0	0.0
9.508890	10.079400000	83.769601	0.0	0.0
9.603625	10.192800000	83.690357	0.0	0.0
9.699303	10.307100000	83.610196	0.0	0.0
9.795934	10.421900000	83.529103	0.0	0.0
9.893528	10.537000000	83.447064	0.0	0.0
9.992094	10.652000000	83.364064	0.0	0.0
10.091640	10.766700000	83.280089	0.0	0.0
10.192180	10.881000000	83.195120	0.0	0.0
10.293720	10.994800000	83.109145	0.0	0.0
10.396280	11.108100000	83.022140	0.0	0.0
10.499850	11.221100000	82.934105	0.0	0.0
10.604460	11.334200000	82.845007	0.0	0.0
10.710110	11.447600000	82.754838	0.0	0.0
10.816810	11.562000000	82.663581	0.0	0.0
10.924570	11.677900000	82.571219	0.0	0.0
11.033410	11.796000000	82.477727	0.0	0.0
11.143340	11.916900000	82.383087	0.0	0.0
11.254350	12.041200000	82.287299	0.0	0.0
11.366480	12.169400000	82.190320	0.0	0.0
11.479720	12.301800000	82.092147	0.0	0.0
11.594090	12.438700000	81.992756	0.0	0.0
11.709600	12.579800000	81.892127	0.0	0.0
11.826250	12.725000000	81.790250	0.0	0.0
11.944080	12.873700000	81.687080	0.0	0.0
12.063070	13.025000000	81.582625	0.0	0.0
12.183250	13.177900000	81.476848	0.0	0.0
12.304630	13.331500000	81.369729	0.0	0.0
12.427220	13.484500000	81.261248	0.0	0.0
12.551030	13.636000000	81.151387	0.0	0.0
12.676070	13.785300000	81.040123	0.0	0.0
12.802360	13.931900000	80.927428	0.0	0.0
12.929900	14.075900000	80.813291	0.0	0.0
13.058720	14.217700000	80.697672	0.0	0.0
13.188820	14.358700000	80.580560	0.0	0.0
13.320220	14.500300000	80.461924	0.0	0.0
13.452920	14.644600000	80.341751	0.0	0.0
13.586950	14.793900000	80.220002	0.0	0.0
13.722310	14.950400000	80.096663	0.0	0.0
13.859020	15.115700000	79.971704	0.0	0.0
13.997100	15.290900000	79.845092	0.0	0.0
14.136540	15.475500000	79.716823	0.0	0.0
14.277380	15.667300000	79.586846	0.0	0.0
14.419620	15.862000000	79.455148	0.0	0.0
14.563280	16.052600000	79.321696	0.0	0.0
14.708370	16.229800000	79.186465	0.0	0.0
14.854910	16.381200000	79.049422	0.0	0.0
15.002900	16.492500000	78.910554	0.0	0.0
15.152370	16.547200000	78.769815	0.0	0.0
15.303330	16.528000000	78.627182	0.0	0.0
15.455790	16.417100000	78.482630	0.0	0.0
15.609770	16.198400000	78.336123	0.0	0.0
15.765290	15.857800000	78.187627	0.0	0.0
15.922350	15.385100000	78.037126	0.0	0.0
16.080980	14.775100000	77.884574	0.0	0.0
16.241190	14.028600000	77.729945	0.0	0.0
16.403000	13.152700000	77.573203	0.0	0.0
16.566420	12.161600000	77.414321	0.0	0.0
16.731460	11.075600000	77.253273	0.0	0.0
16.898160	9.920770000	77.090000	0.0	0.0
17.066510	8.727230000	76.924496	0.0	0.0
17.236540	7.527530000	76.756713	0.0	0.0
17.408260	6.354570000	76.586623	0.0	0.0
17.581690	5.239460000	76.414188	0.0	0.0
17.756850	4.209420000	76.239368	0.0	0.0
17.933760	3.286100000	76.062126	0.0	0.0
18.112430	2.484300000	75.882431	0.0	0.0
18.292880	1.811340000	75.700245	0.0	0.0
18.475120	1.267080000	75.515537	0.0	0.0
18.659180	0.844645000	75.328256	0.0	0.0
18.845080	0.531657000	75.138364	0.0	0.0
19.032830	0.311918000	74.945828	0.0	0.0
19.222450	0.167255000	74.750607	0.0	0.0
19.413950	0.079344100	74.552670	0.0	0.0
19.607370	0.031283600	74.351954	0.0	0.0
19.802710	0.008754150	74.148438	0.0	0.0
20.000000	0.000673064	73.942068	0.0	0.0

