# UNCLASSIFIED
#
# Response info for H07S broad band site.
# 
# Effective: 30 Nov 2004
# Created:  25 Sep 2006
# File name: H07S_bb_rsp.txt
# Inid:  
# Source:  James Neely (TTD)
# System equipment:  Strekeisen STS-2 seismometer and Nanometrics digitizer.
# 
# The response file was derived from equations of state.
# Displacement response normalized to 1.0 at 1.0 Hz.
# 
# The calib values for this configuration are as follows:
# 
# H07S1 HHZ is 0.079577 nm/count at 1.0 Hz.
# H07S1 HHN is 0.079577 nm/count at 1.0 Hz.
# H07S1 HHE is 0.079577 nm/count at 1.0 Hz.
# 
# Freq(Hz)     Amp(counts/nm)   Phase(deg)  Error(amp) Error(phase)
#
   theoretical   0   instrument   fap
1000
0.001000	0.000014347	260.223898	0.0	0.0
0.001011	0.000014821	260.116387	0.0	0.0
0.001022	0.000015310	260.007781	0.0	0.0
0.001033	0.000015816	259.897802	0.0	0.0
0.001044	0.000016338	259.786749	0.0	0.0
0.001056	0.000016878	259.674322	0.0	0.0
0.001067	0.000017435	259.560723	0.0	0.0
0.001079	0.000018011	259.445850	0.0	0.0
0.001091	0.000018605	259.329605	0.0	0.0
0.001102	0.000019220	259.212088	0.0	0.0
0.001114	0.000019854	259.093300	0.0	0.0
0.001127	0.000020510	258.973139	0.0	0.0
0.001139	0.000021187	258.851608	0.0	0.0
0.001151	0.000021886	258.728705	0.0	0.0
0.001164	0.000022609	258.604432	0.0	0.0
0.001176	0.000023356	258.478688	0.0	0.0
0.001189	0.000024127	258.351575	0.0	0.0
0.001202	0.000024923	258.223092	0.0	0.0
0.001215	0.000025746	258.093039	0.0	0.0
0.001228	0.000026596	257.961618	0.0	0.0
0.001242	0.000027474	257.828627	0.0	0.0
0.001255	0.000028381	257.694169	0.0	0.0
0.001269	0.000029318	257.558143	0.0	0.0
0.001283	0.000030286	257.420649	0.0	0.0
0.001297	0.000031286	257.281487	0.0	0.0
0.001311	0.000032319	257.140859	0.0	0.0
0.001325	0.000033386	256.998564	0.0	0.0
0.001340	0.000034488	256.854603	0.0	0.0
0.001354	0.000035626	256.709077	0.0	0.0
0.001369	0.000036802	256.561884	0.0	0.0
0.001384	0.000038017	256.412927	0.0	0.0
0.001399	0.000039272	256.262405	0.0	0.0
0.001414	0.000040568	256.110019	0.0	0.0
0.001430	0.000041907	255.955969	0.0	0.0
0.001445	0.000043290	255.800155	0.0	0.0
0.001461	0.000044719	255.642478	0.0	0.0
0.001477	0.000046195	255.483039	0.0	0.0
0.001493	0.000047719	255.321737	0.0	0.0
0.001509	0.000049294	255.158573	0.0	0.0
0.001526	0.000050921	254.993548	0.0	0.0
0.001542	0.000052601	254.826661	0.0	0.0
0.001559	0.000054337	254.657814	0.0	0.0
0.001576	0.000056130	254.487007	0.0	0.0
0.001593	0.000057982	254.314140	0.0	0.0
0.001611	0.000059895	254.139314	0.0	0.0
0.001628	0.000061871	253.962528	0.0	0.0
0.001646	0.000063913	253.783685	0.0	0.0
0.001664	0.000066021	253.602683	0.0	0.0
0.001682	0.000068199	253.419624	0.0	0.0
0.001700	0.000070449	253.234307	0.0	0.0
0.001719	0.000072773	253.046934	0.0	0.0
0.001737	0.000075173	252.857405	0.0	0.0
0.001756	0.000077652	252.665620	0.0	0.0
0.001775	0.000080213	252.471580	0.0	0.0
0.001795	0.000082859	252.275186	0.0	0.0
0.001814	0.000085591	252.076537	0.0	0.0
0.001834	0.000088413	251.875534	0.0	0.0
0.001854	0.000091328	251.672178	0.0	0.0
0.001874	0.000094340	251.466470	0.0	0.0
0.001895	0.000097450	251.258209	0.0	0.0
0.001915	0.000100662	251.047597	0.0	0.0
0.001936	0.000103980	250.834433	0.0	0.0
0.001957	0.000107407	250.618719	0.0	0.0
0.001978	0.000110947	250.400455	0.0	0.0
0.002000	0.000114603	250.179641	0.0	0.0
0.002022	0.000118379	249.956079	0.0	0.0
0.002044	0.000122279	249.729968	0.0	0.0
0.002066	0.000126307	249.501009	0.0	0.0
0.002089	0.000130468	249.269403	0.0	0.0
0.002111	0.000134765	249.035050	0.0	0.0
0.002134	0.000139202	248.797751	0.0	0.0
0.002158	0.000143786	248.557706	0.0	0.0
0.002181	0.000148520	248.314717	0.0	0.0
0.002205	0.000153409	248.068783	0.0	0.0
0.002229	0.000158458	247.819905	0.0	0.0
0.002253	0.000163673	247.567984	0.0	0.0
0.002278	0.000169058	247.312921	0.0	0.0
0.002302	0.000174620	247.054916	0.0	0.0
0.002327	0.000180364	246.793670	0.0	0.0
0.002353	0.000186295	246.529183	0.0	0.0
0.002378	0.000192421	246.261556	0.0	0.0
0.002404	0.000198747	245.990589	0.0	0.0
0.002431	0.000205279	245.716385	0.0	0.0
0.002457	0.000212025	245.438742	0.0	0.0
0.002484	0.000218990	245.157662	0.0	0.0
0.002511	0.000226183	244.873145	0.0	0.0
0.002538	0.000233611	244.585092	0.0	0.0
0.002566	0.000241280	244.293504	0.0	0.0
0.002594	0.000249199	243.998281	0.0	0.0
0.002622	0.000257376	243.699425	0.0	0.0
0.002651	0.000265819	243.396835	0.0	0.0
0.002679	0.000274536	243.090414	0.0	0.0
0.002709	0.000283536	242.780260	0.0	0.0
0.002738	0.000292828	242.466176	0.0	0.0
0.002768	0.000302422	242.148161	0.0	0.0
0.002798	0.000312326	241.826117	0.0	0.0
0.002828	0.000322551	241.500145	0.0	0.0
0.002859	0.000333106	241.169945	0.0	0.0
0.002890	0.000344003	240.835717	0.0	0.0
0.002922	0.000355251	240.497164	0.0	0.0
0.002954	0.000366862	240.154385	0.0	0.0
0.002986	0.000378848	239.807281	0.0	0.0
0.003018	0.000391218	239.455654	0.0	0.0
0.003051	0.000403987	239.099703	0.0	0.0
0.003084	0.000417165	238.739231	0.0	0.0
0.003118	0.000430766	238.374037	0.0	0.0
0.003152	0.000444803	238.004322	0.0	0.0
0.003186	0.000459288	237.629888	0.0	0.0
0.003221	0.000474236	237.250636	0.0	0.0
0.003256	0.000489661	236.866465	0.0	0.0
0.003292	0.000505577	236.477478	0.0	0.0
0.003327	0.000521998	236.083474	0.0	0.0
0.003364	0.000538941	235.684456	0.0	0.0
0.003400	0.000556421	235.280223	0.0	0.0
0.003437	0.000574453	234.870877	0.0	0.0
0.003475	0.000593054	234.456319	0.0	0.0
0.003513	0.000612242	234.036350	0.0	0.0
0.003551	0.000632032	233.611070	0.0	0.0
0.003589	0.000652443	233.180180	0.0	0.0
0.003629	0.000673493	232.743883	0.0	0.0
0.003668	0.000695201	232.301878	0.0	0.0
0.003708	0.000717584	231.854266	0.0	0.0
0.003748	0.000740663	231.400849	0.0	0.0
0.003789	0.000764456	230.941628	0.0	0.0
0.003831	0.000788986	230.476503	0.0	0.0
0.003872	0.000814270	230.005376	0.0	0.0
0.003914	0.000840331	229.528248	0.0	0.0
0.003957	0.000867191	229.045020	0.0	0.0
0.004000	0.000894871	228.555593	0.0	0.0
0.004044	0.000923391	228.059868	0.0	0.0
0.004088	0.000952777	227.557846	0.0	0.0
0.004132	0.000983050	227.049428	0.0	0.0
0.004177	0.001014230	226.534516	0.0	0.0
0.004223	0.001046350	226.013110	0.0	0.0
0.004269	0.001079430	225.485112	0.0	0.0
0.004315	0.001113480	224.950423	0.0	0.0
0.004362	0.001148550	224.409044	0.0	0.0
0.004410	0.001184650	223.860877	0.0	0.0
0.004458	0.001221800	223.305822	0.0	0.0
0.004506	0.001260040	222.743881	0.0	0.0
0.004555	0.001299380	222.174954	0.0	0.0
0.004605	0.001339860	221.599044	0.0	0.0
0.004655	0.001381490	221.016051	0.0	0.0
0.004706	0.001424320	220.425878	0.0	0.0
0.004757	0.001468350	219.828624	0.0	0.0
0.004809	0.001513630	219.224091	0.0	0.0
0.004861	0.001560160	218.612382	0.0	0.0
0.004914	0.001607990	217.993396	0.0	0.0
0.004968	0.001657130	217.367036	0.0	0.0
0.005022	0.001707620	216.733402	0.0	0.0
0.005076	0.001759470	216.092397	0.0	0.0
0.005132	0.001812720	215.444021	0.0	0.0
0.005188	0.001867380	214.788276	0.0	0.0
0.005244	0.001923490	214.125063	0.0	0.0
0.005301	0.001981060	213.454485	0.0	0.0
0.005359	0.002040130	212.776541	0.0	0.0
0.005417	0.002100710	212.091134	0.0	0.0
0.005476	0.002162830	211.398466	0.0	0.0
0.005536	0.002226500	210.698437	0.0	0.0
0.005596	0.002291760	209.991049	0.0	0.0
0.005657	0.002358620	209.276405	0.0	0.0
0.005719	0.002427110	208.554504	0.0	0.0
0.005781	0.002497230	207.825450	0.0	0.0
0.005844	0.002569000	207.089243	0.0	0.0
0.005907	0.002642460	206.346085	0.0	0.0
0.005972	0.002717600	205.595877	0.0	0.0
0.006037	0.002794440	204.838823	0.0	0.0
0.006103	0.002873000	204.075022	0.0	0.0
0.006169	0.002953290	203.304477	0.0	0.0
0.006236	0.003035310	202.527389	0.0	0.0
0.006304	0.003119080	201.743861	0.0	0.0
0.006373	0.003204600	200.954093	0.0	0.0
0.006442	0.003291880	200.158088	0.0	0.0
0.006512	0.003380910	199.356147	0.0	0.0
0.006583	0.003471720	198.548372	0.0	0.0
0.006655	0.003564280	197.734866	0.0	0.0
0.006727	0.003658610	196.915829	0.0	0.0
0.006801	0.003754690	196.091564	0.0	0.0
0.006875	0.003852530	195.262272	0.0	0.0
0.006950	0.003952110	194.427956	0.0	0.0
0.007025	0.004053440	193.589117	0.0	0.0
0.007102	0.004156490	192.745758	0.0	0.0
0.007179	0.004261250	191.898179	0.0	0.0
0.007257	0.004367710	191.046684	0.0	0.0
0.007336	0.004475870	190.191474	0.0	0.0
0.007416	0.004585680	189.332851	0.0	0.0
0.007497	0.004697150	188.471117	0.0	0.0
0.007579	0.004810250	187.606375	0.0	0.0
0.007661	0.004924960	186.739126	0.0	0.0
0.007745	0.005041250	185.869473	0.0	0.0
0.007829	0.005159100	184.997817	0.0	0.0
0.007914	0.005278490	184.124361	0.0	0.0
0.008000	0.005399380	183.249507	0.0	0.0
0.008087	0.005521760	182.373556	0.0	0.0
0.008175	0.005645590	181.496713	0.0	0.0
0.008264	0.005770850	180.619378	0.0	0.0
0.008354	0.005897500	179.741753	0.0	0.0
0.008445	0.006025520	178.864242	0.0	0.0
0.008537	0.006154870	177.987247	0.0	0.0
0.008630	0.006285530	177.110869	0.0	0.0
0.008724	0.006417470	176.235511	0.0	0.0
0.008819	0.006550650	175.361476	0.0	0.0
0.008915	0.006685050	174.488967	0.0	0.0
0.009013	0.006820630	173.618484	0.0	0.0
0.009111	0.006957380	172.750232	0.0	0.0
0.009210	0.007095250	171.884412	0.0	0.0
0.009310	0.007234220	171.021327	0.0	0.0
0.009412	0.007374270	170.161379	0.0	0.0
0.009514	0.007515370	169.304772	0.0	0.0
0.009618	0.007657490	168.451707	0.0	0.0
0.009722	0.007800610	167.602488	0.0	0.0
0.009828	0.007944720	166.757417	0.0	0.0
0.009935	0.008089780	165.916597	0.0	0.0
0.010043	0.008235770	165.080430	0.0	0.0
0.010153	0.008382690	164.249020	0.0	0.0
0.010263	0.008530520	163.422669	0.0	0.0
0.010375	0.008679230	162.601479	0.0	0.0
0.010488	0.008828820	161.785654	0.0	0.0
0.010602	0.008979270	160.975497	0.0	0.0
0.010718	0.009130570	160.171109	0.0	0.0
0.010834	0.009282710	159.372696	0.0	0.0
0.010952	0.009435700	158.580261	0.0	0.0
0.011072	0.009589510	157.794202	0.0	0.0
0.011192	0.009744160	157.014428	0.0	0.0
0.011314	0.009899620	156.241239	0.0	0.0
0.011437	0.010055900	155.474637	0.0	0.0
0.011562	0.010213000	154.714729	0.0	0.0
0.011688	0.010371000	153.961715	0.0	0.0
0.011815	0.010529800	153.215601	0.0	0.0
0.011944	0.010689400	152.476586	0.0	0.0
0.012074	0.010849800	151.744577	0.0	0.0
0.012205	0.011011200	151.019674	0.0	0.0
0.012338	0.011173300	150.302084	0.0	0.0
0.012473	0.011336400	149.591710	0.0	0.0
0.012608	0.011500300	148.888653	0.0	0.0
0.012746	0.011665200	148.192919	0.0	0.0
0.012884	0.011830900	147.504508	0.0	0.0
0.013025	0.011997600	146.823528	0.0	0.0
0.013167	0.012165200	146.149878	0.0	0.0
0.013310	0.012333800	145.483666	0.0	0.0
0.013455	0.012503400	144.824793	0.0	0.0
0.013601	0.012674000	144.173362	0.0	0.0
0.013750	0.012845600	143.529281	0.0	0.0
0.013899	0.013018300	142.892647	0.0	0.0
0.014051	0.013192000	142.263271	0.0	0.0
0.014204	0.013366800	141.641251	0.0	0.0
0.014358	0.013542800	141.026595	0.0	0.0
0.014515	0.013719800	140.419106	0.0	0.0
0.014673	0.013898100	139.818885	0.0	0.0
0.014833	0.014077500	139.225840	0.0	0.0
0.014994	0.014258200	138.639873	0.0	0.0
0.015157	0.014440000	138.060990	0.0	0.0
0.015322	0.014623200	137.489191	0.0	0.0
0.015489	0.014807700	136.924386	0.0	0.0
0.015658	0.014993400	136.366575	0.0	0.0
0.015828	0.015180600	135.815562	0.0	0.0
0.016001	0.015369100	135.271353	0.0	0.0
0.016175	0.015559000	134.733853	0.0	0.0
0.016351	0.015750400	134.203167	0.0	0.0
0.016529	0.015943200	133.678998	0.0	0.0
0.016709	0.016137600	133.161449	0.0	0.0
0.016891	0.016333400	132.650327	0.0	0.0
0.017075	0.016530800	132.145737	0.0	0.0
0.017261	0.016729900	131.647382	0.0	0.0
0.017449	0.016930500	131.155367	0.0	0.0
0.017639	0.017132800	130.669598	0.0	0.0
0.017831	0.017336800	130.189979	0.0	0.0
0.018025	0.017542500	129.716314	0.0	0.0
0.018222	0.017749900	129.248811	0.0	0.0
0.018420	0.017959100	128.787171	0.0	0.0
0.018621	0.018170100	128.331301	0.0	0.0
0.018823	0.018383000	127.881307	0.0	0.0
0.019028	0.018597700	127.436994	0.0	0.0
0.019235	0.018814400	126.998363	0.0	0.0
0.019445	0.019032900	126.565327	0.0	0.0
0.019657	0.019253500	126.137684	0.0	0.0
0.019871	0.019476000	125.715546	0.0	0.0
0.020087	0.019700600	125.298713	0.0	0.0
0.020306	0.019927300	124.887192	0.0	0.0
0.020527	0.020156000	124.480890	0.0	0.0
0.020751	0.020386900	124.079810	0.0	0.0
0.020976	0.020620000	123.683662	0.0	0.0
0.021205	0.020855300	123.292648	0.0	0.0
0.021436	0.021092800	122.906475	0.0	0.0
0.021669	0.021332500	122.525248	0.0	0.0
0.021905	0.021574600	122.148876	0.0	0.0
0.022144	0.021819000	121.777160	0.0	0.0
0.022385	0.022065800	121.410113	0.0	0.0
0.022629	0.022314900	121.047735	0.0	0.0
0.022875	0.022566600	120.689834	0.0	0.0
0.023124	0.022820700	120.336517	0.0	0.0
0.023376	0.023077300	119.987591	0.0	0.0
0.023630	0.023336400	119.642960	0.0	0.0
0.023888	0.023598100	119.302732	0.0	0.0
0.024148	0.023862500	118.966615	0.0	0.0
0.024411	0.024129500	118.634813	0.0	0.0
0.024677	0.024399100	118.307134	0.0	0.0
0.024945	0.024671500	117.983385	0.0	0.0
0.025217	0.024946700	117.663772	0.0	0.0
0.025492	0.025224600	117.348102	0.0	0.0
0.025769	0.025505400	117.036283	0.0	0.0
0.026050	0.025789000	116.728321	0.0	0.0
0.026334	0.026075600	116.424224	0.0	0.0
0.026620	0.026365100	116.123800	0.0	0.0
0.026910	0.026657500	115.827054	0.0	0.0
0.027203	0.026953000	115.533995	0.0	0.0
0.027499	0.027251600	115.244431	0.0	0.0
0.027799	0.027553200	114.958467	0.0	0.0
0.028102	0.027857900	114.676014	0.0	0.0
0.028408	0.028165900	114.396976	0.0	0.0
0.028717	0.028477000	114.121364	0.0	0.0
0.029030	0.028791400	113.848986	0.0	0.0
0.029346	0.029109100	113.580048	0.0	0.0
0.029665	0.029430100	113.314258	0.0	0.0
0.029988	0.029754500	113.051725	0.0	0.0
0.030315	0.030082200	112.792355	0.0	0.0
0.030645	0.030413500	112.536062	0.0	0.0
0.030979	0.030748200	112.282850	0.0	0.0
0.031316	0.031086500	112.032728	0.0	0.0
0.031657	0.031428300	111.785606	0.0	0.0
0.032002	0.031773800	111.541391	0.0	0.0
0.032350	0.032122900	111.300092	0.0	0.0
0.032703	0.032475700	111.061619	0.0	0.0
0.033059	0.032832200	110.826079	0.0	0.0
0.033419	0.033192600	110.593286	0.0	0.0
0.033783	0.033556800	110.363343	0.0	0.0
0.034151	0.033924900	110.135961	0.0	0.0
0.034522	0.034296800	109.911352	0.0	0.0
0.034898	0.034672800	109.689426	0.0	0.0
0.035278	0.035052800	109.470087	0.0	0.0
0.035663	0.035436800	109.253349	0.0	0.0
0.036051	0.035825000	109.039122	0.0	0.0
0.036443	0.036217300	108.827413	0.0	0.0
0.036840	0.036613800	108.618235	0.0	0.0
0.037241	0.037014500	108.411499	0.0	0.0
0.037647	0.037419600	108.207111	0.0	0.0
0.038057	0.037829000	108.005183	0.0	0.0
0.038471	0.038242800	107.805527	0.0	0.0
0.038890	0.038661000	107.608254	0.0	0.0
0.039314	0.039083800	107.413270	0.0	0.0
0.039742	0.039511100	107.220492	0.0	0.0
0.040175	0.039943000	107.030027	0.0	0.0
0.040612	0.040379500	106.841687	0.0	0.0
0.041054	0.040820700	106.655582	0.0	0.0
0.041502	0.041266700	106.471628	0.0	0.0
0.041953	0.041717600	106.289729	0.0	0.0
0.042410	0.042173200	106.110004	0.0	0.0
0.042872	0.042633800	105.932359	0.0	0.0
0.043339	0.043099400	105.756709	0.0	0.0
0.043811	0.043570000	105.583062	0.0	0.0
0.044288	0.044045700	105.411436	0.0	0.0
0.044770	0.044526500	105.241738	0.0	0.0
0.045258	0.045012500	105.073985	0.0	0.0
0.045751	0.045503800	104.908185	0.0	0.0
0.046249	0.046000400	104.744252	0.0	0.0
0.046752	0.046502400	104.582201	0.0	0.0
0.047262	0.047009800	104.422041	0.0	0.0
0.047776	0.047522700	104.263587	0.0	0.0
0.048296	0.048041100	104.107053	0.0	0.0
0.048822	0.048565200	103.952150	0.0	0.0
0.049354	0.049094900	103.799094	0.0	0.0
0.049891	0.049630400	103.647797	0.0	0.0
0.050435	0.050171700	103.498172	0.0	0.0
0.050984	0.050718900	103.350335	0.0	0.0
0.051539	0.051271900	103.203999	0.0	0.0
0.052100	0.051831000	103.059477	0.0	0.0
0.052668	0.052396200	102.916486	0.0	0.0
0.053241	0.052967500	102.775137	0.0	0.0
0.053821	0.053545000	102.635347	0.0	0.0
0.054407	0.054128700	102.497130	0.0	0.0
0.055000	0.054718800	102.360503	0.0	0.0
0.055598	0.055315300	102.225377	0.0	0.0
0.056204	0.055918300	102.091871	0.0	0.0
0.056816	0.056527800	101.959699	0.0	0.0
0.057435	0.057143900	101.829077	0.0	0.0
0.058060	0.057766800	101.699919	0.0	0.0
0.058692	0.058396400	101.572243	0.0	0.0
0.059331	0.059032800	101.445965	0.0	0.0
0.059978	0.059676100	101.321102	0.0	0.0
0.060631	0.060326500	101.197667	0.0	0.0
0.061291	0.060983900	101.075481	0.0	0.0
0.061958	0.061648500	100.954759	0.0	0.0
0.062633	0.062320200	100.835417	0.0	0.0
0.063315	0.062999300	100.717373	0.0	0.0
0.064005	0.063685800	100.600545	0.0	0.0
0.064702	0.064379700	100.485149	0.0	0.0
0.065406	0.065081200	100.370905	0.0	0.0
0.066118	0.065790300	100.258030	0.0	0.0
0.066838	0.066507100	100.146341	0.0	0.0
0.067566	0.067231700	100.035958	0.0	0.0
0.068302	0.067964200	99.926799	0.0	0.0
0.069046	0.068704700	99.818782	0.0	0.0
0.069798	0.069453200	99.712028	0.0	0.0
0.070558	0.070209800	99.606354	0.0	0.0
0.071326	0.070974700	99.501982	0.0	0.0
0.072103	0.071747900	99.398629	0.0	0.0
0.072888	0.072529500	99.296515	0.0	0.0
0.073682	0.073319600	99.195561	0.0	0.0
0.074484	0.074118400	99.095587	0.0	0.0
0.075295	0.074925800	98.996814	0.0	0.0
0.076115	0.075742000	98.899061	0.0	0.0
0.076944	0.076567000	98.802451	0.0	0.0
0.077782	0.077401100	98.706905	0.0	0.0
0.078629	0.078244200	98.612343	0.0	0.0
0.079485	0.079096500	98.518886	0.0	0.0
0.080350	0.079958100	98.426459	0.0	0.0
0.081225	0.080829100	98.334983	0.0	0.0
0.082110	0.081709600	98.244578	0.0	0.0
0.083004	0.082599600	98.155168	0.0	0.0
0.083908	0.083499300	98.066676	0.0	0.0
0.084822	0.084408800	97.979224	0.0	0.0
0.085745	0.085328200	97.892637	0.0	0.0
0.086679	0.086257600	97.807038	0.0	0.0
0.087623	0.087197100	97.722451	0.0	0.0
0.088577	0.088146900	97.638700	0.0	0.0
0.089542	0.089107000	97.555907	0.0	0.0
0.090517	0.090077600	97.474001	0.0	0.0
0.091502	0.091058700	97.393004	0.0	0.0
0.092499	0.092050500	97.312941	0.0	0.0
0.093506	0.093053100	97.233641	0.0	0.0
0.094524	0.094066600	97.155324	0.0	0.0
0.095554	0.095091300	97.077818	0.0	0.0
0.096594	0.096127000	97.001152	0.0	0.0
0.097646	0.097173900	96.925350	0.0	0.0
0.098709	0.098232400	96.850340	0.0	0.0
0.099784	0.099302300	96.776148	0.0	0.0
0.100871	0.100384000	96.702805	0.0	0.0
0.101969	0.101477000	96.630227	0.0	0.0
0.103080	0.102582000	96.558359	0.0	0.0
0.104202	0.103700000	96.487423	0.0	0.0
0.105337	0.104829000	96.417141	0.0	0.0
0.106484	0.105971000	96.347756	0.0	0.0
0.107643	0.107125000	96.279068	0.0	0.0
0.108816	0.108292000	96.211043	0.0	0.0
0.110000	0.109471000	96.143880	0.0	0.0
0.111198	0.110664000	96.077345	0.0	0.0
0.112409	0.111869000	96.011638	0.0	0.0
0.113633	0.113087000	95.946580	0.0	0.0
0.114871	0.114319000	95.882237	0.0	0.0
0.116122	0.115564000	95.818630	0.0	0.0
0.117386	0.116823000	95.755682	0.0	0.0
0.118664	0.118095000	95.693335	0.0	0.0
0.119957	0.119382000	95.631812	0.0	0.0
0.121263	0.120682000	95.570856	0.0	0.0
0.122583	0.121996000	95.510567	0.0	0.0
0.123918	0.123325000	95.451032	0.0	0.0
0.125268	0.124668000	95.392051	0.0	0.0
0.126632	0.126026000	95.333768	0.0	0.0
0.128011	0.127399000	95.276025	0.0	0.0
0.129405	0.128787000	95.219024	0.0	0.0
0.130814	0.130189000	95.162550	0.0	0.0
0.132238	0.131607000	95.106705	0.0	0.0
0.133678	0.133041000	95.051531	0.0	0.0
0.135134	0.134490000	94.996872	0.0	0.0
0.136605	0.135955000	94.942850	0.0	0.0
0.138093	0.137436000	94.889430	0.0	0.0
0.139597	0.138933000	94.836512	0.0	0.0
0.141117	0.140446000	94.784261	0.0	0.0
0.142654	0.141976000	94.732521	0.0	0.0
0.144207	0.143522000	94.681336	0.0	0.0
0.145777	0.145085000	94.630704	0.0	0.0
0.147365	0.146666000	94.580692	0.0	0.0
0.148970	0.148263000	94.531166	0.0	0.0
0.150592	0.149878000	94.482123	0.0	0.0
0.152232	0.151511000	94.433710	0.0	0.0
0.153889	0.153161000	94.385689	0.0	0.0
0.155565	0.154829000	94.338306	0.0	0.0
0.157259	0.156516000	94.291382	0.0	0.0
0.158972	0.158221000	94.244982	0.0	0.0
0.160703	0.159944000	94.199127	0.0	0.0
0.162453	0.161686000	94.153684	0.0	0.0
0.164222	0.163448000	94.108774	0.0	0.0
0.166010	0.165228000	94.064361	0.0	0.0
0.167818	0.167028000	94.020391	0.0	0.0
0.169645	0.168847000	93.976983	0.0	0.0
0.171492	0.170687000	93.933904	0.0	0.0
0.173360	0.172546000	93.891420	0.0	0.0
0.175248	0.174426000	93.849350	0.0	0.0
0.177156	0.176326000	93.807662	0.0	0.0
0.179085	0.178246000	93.766476	0.0	0.0
0.181035	0.180188000	93.725758	0.0	0.0
0.183007	0.182151000	93.685473	0.0	0.0
0.185000	0.184135000	93.645565	0.0	0.0
0.187014	0.186141000	93.606155	0.0	0.0
0.189051	0.188169000	93.567131	0.0	0.0
0.191109	0.190219000	93.528536	0.0	0.0
0.193190	0.192291000	93.490391	0.0	0.0
0.195294	0.194386000	93.452605	0.0	0.0
0.197421	0.196504000	93.415280	0.0	0.0
0.199571	0.198645000	93.378300	0.0	0.0
0.201744	0.200809000	93.341732	0.0	0.0
0.203941	0.202996000	93.305576	0.0	0.0
0.206161	0.205208000	93.269740	0.0	0.0
0.208406	0.207444000	93.234368	0.0	0.0
0.210676	0.209704000	93.199326	0.0	0.0
0.212970	0.211988000	93.164734	0.0	0.0
0.215289	0.214298000	93.130502	0.0	0.0
0.217634	0.216633000	93.096530	0.0	0.0
0.220004	0.218993000	93.063048	0.0	0.0
0.222399	0.221379000	93.029856	0.0	0.0
0.224821	0.223791000	92.997041	0.0	0.0
0.227269	0.226230000	92.964569	0.0	0.0
0.229744	0.228695000	92.932383	0.0	0.0
0.232246	0.231186000	92.900670	0.0	0.0
0.234775	0.233706000	92.869173	0.0	0.0
0.237331	0.236252000	92.838080	0.0	0.0
0.239916	0.238826000	92.807334	0.0	0.0
0.242528	0.241429000	92.776922	0.0	0.0
0.245169	0.244059000	92.746787	0.0	0.0
0.247839	0.246719000	92.716995	0.0	0.0
0.250538	0.249407000	92.687455	0.0	0.0
0.253266	0.252125000	92.658288	0.0	0.0
0.256024	0.254873000	92.629481	0.0	0.0
0.258812	0.257650000	92.600921	0.0	0.0
0.261630	0.260458000	92.572653	0.0	0.0
0.264480	0.263297000	92.544784	0.0	0.0
0.267360	0.266166000	92.517136	0.0	0.0
0.270271	0.269067000	92.489718	0.0	0.0
0.273214	0.271999000	92.462696	0.0	0.0
0.276189	0.274963000	92.435956	0.0	0.0
0.279197	0.277960000	92.409441	0.0	0.0
0.282237	0.280990000	92.383262	0.0	0.0
0.285310	0.284052000	92.357282	0.0	0.0
0.288417	0.287148000	92.331689	0.0	0.0
0.291558	0.290278000	92.306248	0.0	0.0
0.294733	0.293442000	92.281146	0.0	0.0
0.297942	0.296641000	92.256271	0.0	0.0
0.301187	0.299874000	92.231708	0.0	0.0
0.304467	0.303143000	92.207402	0.0	0.0
0.307782	0.306447000	92.183284	0.0	0.0
0.311134	0.309788000	92.159517	0.0	0.0
0.314522	0.313165000	92.135991	0.0	0.0
0.317947	0.316579000	92.112590	0.0	0.0
0.321409	0.320030000	92.089581	0.0	0.0
0.324909	0.323519000	92.066695	0.0	0.0
0.328447	0.327046000	92.044096	0.0	0.0
0.332024	0.330612000	92.021771	0.0	0.0
0.335639	0.334216000	91.999630	0.0	0.0
0.339294	0.337860000	91.977737	0.0	0.0
0.342989	0.341544000	91.956101	0.0	0.0
0.346724	0.345268000	91.934631	0.0	0.0
0.350500	0.349033000	91.913392	0.0	0.0
0.354316	0.352839000	91.892415	0.0	0.0
0.358175	0.356686000	91.871666	0.0	0.0
0.362075	0.360576000	91.851073	0.0	0.0
0.366018	0.364508000	91.830704	0.0	0.0
0.370004	0.368483000	91.810566	0.0	0.0
0.374033	0.372502000	91.790668	0.0	0.0
0.378106	0.376564000	91.770941	0.0	0.0
0.382223	0.380671000	91.751428	0.0	0.0
0.386385	0.384823000	91.732082	0.0	0.0
0.390593	0.389021000	91.712912	0.0	0.0
0.394846	0.393264000	91.693981	0.0	0.0
0.399146	0.397554000	91.675244	0.0	0.0
0.403492	0.401890000	91.656687	0.0	0.0
0.407886	0.406275000	91.638318	0.0	0.0
0.412328	0.410707000	91.620168	0.0	0.0
0.416818	0.415187000	91.602124	0.0	0.0
0.421357	0.419717000	91.584317	0.0	0.0
0.425945	0.424296000	91.566677	0.0	0.0
0.430583	0.428926000	91.549192	0.0	0.0
0.435272	0.433606000	91.531891	0.0	0.0
0.440012	0.438337000	91.514805	0.0	0.0
0.444804	0.443120000	91.497843	0.0	0.0
0.449647	0.447956000	91.481035	0.0	0.0
0.454544	0.452845000	91.464391	0.0	0.0
0.459493	0.457787000	91.447941	0.0	0.0
0.464497	0.462783000	91.431636	0.0	0.0
0.469555	0.467834000	91.415564	0.0	0.0
0.474668	0.472941000	91.399578	0.0	0.0
0.479837	0.478103000	91.383707	0.0	0.0
0.485063	0.483322000	91.367983	0.0	0.0
0.490345	0.488599000	91.352514	0.0	0.0
0.495684	0.493933000	91.337074	0.0	0.0
0.501082	0.499326000	91.321893	0.0	0.0
0.506538	0.504777000	91.306780	0.0	0.0
0.512054	0.510289000	91.291789	0.0	0.0
0.517630	0.515861000	91.276970	0.0	0.0
0.523267	0.521495000	91.262254	0.0	0.0
0.528965	0.527190000	91.247694	0.0	0.0
0.534725	0.532947000	91.233342	0.0	0.0
0.540548	0.538768000	91.219028	0.0	0.0
0.546435	0.544653000	91.204805	0.0	0.0
0.552385	0.550603000	91.190803	0.0	0.0
0.558400	0.556617000	91.176818	0.0	0.0
0.564481	0.562698000	91.163081	0.0	0.0
0.570628	0.568846000	91.149443	0.0	0.0
0.576841	0.575062000	91.135857	0.0	0.0
0.583123	0.581345000	91.122397	0.0	0.0
0.589473	0.587698000	91.109015	0.0	0.0
0.595892	0.594120000	91.095786	0.0	0.0
0.602381	0.600614000	91.082639	0.0	0.0
0.608940	0.607178000	91.069671	0.0	0.0
0.615572	0.613815000	91.056755	0.0	0.0
0.622275	0.620525000	91.043923	0.0	0.0
0.629051	0.627309000	91.031291	0.0	0.0
0.635901	0.634168000	91.018590	0.0	0.0
0.642826	0.641102000	91.006116	0.0	0.0
0.649826	0.648112000	90.993665	0.0	0.0
0.656902	0.655200000	90.981366	0.0	0.0
0.664055	0.662365000	90.969139	0.0	0.0
0.671286	0.669610000	90.956956	0.0	0.0
0.678596	0.676934000	90.944913	0.0	0.0
0.685986	0.684340000	90.932885	0.0	0.0
0.693456	0.691827000	90.920945	0.0	0.0
0.701007	0.699396000	90.909112	0.0	0.0
0.708641	0.707049000	90.897358	0.0	0.0
0.716358	0.714786000	90.885680	0.0	0.0
0.724158	0.722609000	90.874074	0.0	0.0
0.732044	0.730518000	90.862456	0.0	0.0
0.740016	0.738515000	90.851024	0.0	0.0
0.748074	0.746600000	90.839572	0.0	0.0
0.756220	0.754774000	90.828196	0.0	0.0
0.764455	0.763038000	90.816936	0.0	0.0
0.772780	0.771394000	90.805666	0.0	0.0
0.781195	0.779842000	90.794402	0.0	0.0
0.789702	0.788383000	90.783286	0.0	0.0
0.798301	0.797019000	90.772233	0.0	0.0
0.806994	0.805751000	90.761139	0.0	0.0
0.815782	0.814579000	90.750123	0.0	0.0
0.824665	0.823505000	90.739224	0.0	0.0
0.833645	0.832529000	90.728280	0.0	0.0
0.842723	0.841653000	90.717410	0.0	0.0
0.851900	0.850879000	90.706530	0.0	0.0
0.861177	0.860207000	90.695680	0.0	0.0
0.870555	0.869638000	90.684922	0.0	0.0
0.880035	0.879173000	90.674150	0.0	0.0
0.889618	0.888815000	90.663470	0.0	0.0
0.899305	0.898562000	90.652655	0.0	0.0
0.909098	0.908419000	90.642010	0.0	0.0
0.918998	0.918385000	90.631352	0.0	0.0
0.929005	0.928461000	90.620643	0.0	0.0
0.939122	0.938649000	90.609943	0.0	0.0
0.949348	0.948950000	90.599292	0.0	0.0
0.959686	0.959365000	90.588673	0.0	0.0
0.970136	0.969896000	90.578046	0.0	0.0
0.980701	0.980545000	90.567351	0.0	0.0
0.991380	0.991311000	90.556714	0.0	0.0
1.002176	1.002200000	90.546139	0.0	0.0
1.013089	1.013200000	90.535415	0.0	0.0
1.024121	1.024330000	90.524775	0.0	0.0
1.035273	1.035590000	90.514037	0.0	0.0
1.046546	1.046970000	90.503118	0.0	0.0
1.057943	1.058470000	90.492572	0.0	0.0
1.069463	1.070100000	90.481681	0.0	0.0
1.081109	1.081870000	90.470897	0.0	0.0
1.092882	1.093760000	90.460138	0.0	0.0
1.104783	1.105790000	90.449321	0.0	0.0
1.116813	1.117950000	90.438264	0.0	0.0
1.128975	1.130240000	90.427420	0.0	0.0
1.141269	1.142680000	90.416487	0.0	0.0
1.153696	1.155250000	90.405285	0.0	0.0
1.166260	1.167960000	90.394383	0.0	0.0
1.178960	1.180810000	90.383263	0.0	0.0
1.191798	1.193810000	90.371960	0.0	0.0
1.204776	1.206950000	90.360711	0.0	0.0
1.217895	1.220240000	90.349331	0.0	0.0
1.231157	1.233680000	90.337856	0.0	0.0
1.244564	1.247260000	90.326421	0.0	0.0
1.258117	1.261000000	90.315045	0.0	0.0
1.271817	1.274900000	90.303343	0.0	0.0
1.285666	1.288940000	90.291551	0.0	0.0
1.299667	1.303150000	90.279922	0.0	0.0
1.313819	1.317510000	90.267939	0.0	0.0
1.328126	1.332030000	90.255971	0.0	0.0
1.342589	1.346720000	90.243935	0.0	0.0
1.357209	1.361570000	90.231750	0.0	0.0
1.371988	1.376590000	90.219450	0.0	0.0
1.386928	1.391770000	90.207071	0.0	0.0
1.402031	1.407130000	90.194547	0.0	0.0
1.417299	1.422650000	90.182114	0.0	0.0
1.432732	1.438350000	90.169171	0.0	0.0
1.448334	1.454230000	90.156389	0.0	0.0
1.464106	1.470280000	90.143585	0.0	0.0
1.480049	1.486510000	90.130376	0.0	0.0
1.496166	1.502930000	90.117116	0.0	0.0
1.512458	1.519530000	90.103621	0.0	0.0
1.528928	1.536310000	90.090144	0.0	0.0
1.545577	1.553290000	90.076403	0.0	0.0
1.562408	1.570450000	90.062751	0.0	0.0
1.579422	1.587800000	90.048804	0.0	0.0
1.596621	1.605350000	90.034598	0.0	0.0
1.614007	1.623100000	90.020268	0.0	0.0
1.631583	1.641050000	90.005867	0.0	0.0
1.649350	1.659190000	89.991211	0.0	0.0
1.667310	1.677540000	89.976337	0.0	0.0
1.685467	1.696100000	89.961513	0.0	0.0
1.703820	1.714860000	89.946123	0.0	0.0
1.722374	1.733830000	89.930854	0.0	0.0
1.741130	1.753020000	89.915424	0.0	0.0
1.760090	1.772420000	89.899668	0.0	0.0
1.779256	1.792040000	89.883620	0.0	0.0
1.798631	1.811880000	89.867434	0.0	0.0
1.818218	1.831940000	89.851361	0.0	0.0
1.838017	1.852230000	89.834702	0.0	0.0
1.858032	1.872740000	89.817928	0.0	0.0
1.878265	1.893480000	89.800972	0.0	0.0
1.898718	1.914460000	89.783770	0.0	0.0
1.919394	1.935670000	89.766274	0.0	0.0
1.940296	1.957120000	89.748838	0.0	0.0
1.961424	1.978810000	89.730861	0.0	0.0
1.982783	2.000740000	89.712731	0.0	0.0
2.004375	2.022920000	89.694582	0.0	0.0
2.026201	2.045350000	89.675832	0.0	0.0
2.048266	2.068020000	89.657170	0.0	0.0
2.070570	2.090960000	89.637994	0.0	0.0
2.093118	2.114150000	89.618792	0.0	0.0
2.115910	2.137600000	89.599065	0.0	0.0
2.138952	2.161310000	89.579418	0.0	0.0
2.162244	2.185280000	89.559250	0.0	0.0
2.185789	2.209530000	89.538714	0.0	0.0
2.209591	2.234050000	89.518080	0.0	0.0
2.233653	2.258840000	89.497401	0.0	0.0
2.257976	2.283910000	89.476095	0.0	0.0
2.282564	2.309260000	89.454630	0.0	0.0
2.307420	2.334890000	89.432860	0.0	0.0
2.332547	2.360810000	89.410938	0.0	0.0
2.357947	2.387030000	89.388598	0.0	0.0
2.383624	2.413530000	89.366011	0.0	0.0
2.409580	2.440330000	89.343012	0.0	0.0
2.435819	2.467430000	89.319870	0.0	0.0
2.462344	2.494840000	89.296438	0.0	0.0
2.489158	2.522550000	89.272669	0.0	0.0
2.516263	2.550570000	89.248397	0.0	0.0
2.543664	2.578910000	89.224111	0.0	0.0
2.571363	2.607560000	89.199346	0.0	0.0
2.599364	2.636530000	89.174270	0.0	0.0
2.627670	2.665830000	89.149038	0.0	0.0
2.656284	2.695450000	89.123402	0.0	0.0
2.685209	2.725410000	89.097213	0.0	0.0
2.714450	2.755700000	89.070961	0.0	0.0
2.744009	2.786330000	89.044379	0.0	0.0
2.773889	2.817300000	89.017220	0.0	0.0
2.804096	2.848610000	88.990090	0.0	0.0
2.834631	2.880280000	88.962306	0.0	0.0
2.865498	2.912300000	88.934238	0.0	0.0
2.896702	2.944680000	88.905873	0.0	0.0
2.928246	2.977420000	88.877365	0.0	0.0
2.960133	3.010530000	88.848265	0.0	0.0
2.992367	3.044010000	88.818844	0.0	0.0
3.024952	3.077860000	88.788972	0.0	0.0
3.057892	3.112090000	88.758919	0.0	0.0
3.091191	3.146710000	88.728455	0.0	0.0
3.124853	3.181710000	88.697750	0.0	0.0
3.158881	3.217100000	88.666556	0.0	0.0
3.193279	3.252890000	88.634945	0.0	0.0
3.228052	3.289070000	88.603002	0.0	0.0
3.263204	3.325660000	88.570799	0.0	0.0
3.298739	3.362670000	88.538206	0.0	0.0
3.334660	3.400080000	88.505074	0.0	0.0
3.370973	3.437910000	88.471710	0.0	0.0
3.407681	3.476170000	88.438365	0.0	0.0
3.444789	3.514860000	88.404027	0.0	0.0
3.482301	3.553970000	88.369567	0.0	0.0
3.520221	3.593530000	88.333854	0.0	0.0
3.558555	3.633530000	88.299194	0.0	0.0
3.597305	3.673970000	88.263021	0.0	0.0
3.636478	3.714870000	88.226858	0.0	0.0
3.676077	3.756230000	88.190358	0.0	0.0
3.716108	3.798050000	88.153826	0.0	0.0
3.756574	3.840340000	88.115914	0.0	0.0
3.797482	3.883100000	88.078145	0.0	0.0
3.838834	3.926350000	88.039955	0.0	0.0
3.880637	3.970070000	88.001865	0.0	0.0
3.922895	4.014290000	87.962745	0.0	0.0
3.965613	4.059010000	87.922684	0.0	0.0
4.008797	4.104220000	87.882987	0.0	0.0
4.052450	4.149950000	87.843305	0.0	0.0
4.096579	4.196190000	87.802163	0.0	0.0
4.141189	4.242950000	87.761646	0.0	0.0
4.186284	4.290230000	87.719625	0.0	0.0
4.231871	4.338050000	87.677624	0.0	0.0
4.277954	4.386400000	87.635512	0.0	0.0
4.324538	4.435300000	87.592376	0.0	0.0
4.371630	4.484750000	87.548739	0.0	0.0
4.419235	4.534760000	87.504689	0.0	0.0
4.467358	4.585330000	87.460314	0.0	0.0
4.516005	4.636480000	87.415918	0.0	0.0
4.565182	4.688200000	87.370806	0.0	0.0
4.614895	4.740500000	87.325284	0.0	0.0
4.665148	4.793400000	87.278222	0.0	0.0
4.715949	4.846890000	87.232360	0.0	0.0
4.767304	4.900990000	87.185004	0.0	0.0
4.819217	4.955700000	87.137022	0.0	0.0
4.871696	5.011040000	87.089155	0.0	0.0
4.924746	5.067000000	87.040491	0.0	0.0
4.978374	5.123600000	86.991553	0.0	0.0
5.032586	5.180840000	86.941645	0.0	0.0
5.087388	5.238730000	86.891073	0.0	0.0
5.142787	5.297280000	86.840360	0.0	0.0
5.198789	5.356490000	86.788810	0.0	0.0
5.255401	5.416380000	86.736945	0.0	0.0
5.312630	5.476960000	86.685290	0.0	0.0
5.370482	5.538230000	86.632148	0.0	0.0
5.428963	5.600190000	86.578825	0.0	0.0
5.488082	5.662870000	86.524279	0.0	0.0
5.547844	5.726260000	86.469597	0.0	0.0
5.608257	5.790390000	86.414519	0.0	0.0
5.669328	5.855240000	86.359568	0.0	0.0
5.731064	5.920840000	86.303267	0.0	0.0
5.793472	5.987200000	86.246138	0.0	0.0
5.856560	6.054320000	86.187921	0.0	0.0
5.920335	6.122210000	86.130139	0.0	0.0
5.984804	6.190890000	86.071315	0.0	0.0
6.049976	6.260360000	86.012406	0.0	0.0
6.115857	6.330630000	85.951717	0.0	0.0
6.182455	6.401720000	85.890989	0.0	0.0
6.249779	6.473630000	85.830178	0.0	0.0
6.317836	6.546370000	85.767809	0.0	0.0
6.386634	6.619960000	85.705621	0.0	0.0
6.456181	6.694410000	85.642353	0.0	0.0
6.526485	6.769720000	85.577747	0.0	0.0
6.597555	6.845920000	85.512760	0.0	0.0
6.669399	6.923000000	85.448132	0.0	0.0
6.742025	7.000980000	85.381603	0.0	0.0
6.815442	7.079880000	85.314131	0.0	0.0
6.889659	7.159700000	85.246673	0.0	0.0
6.964684	7.240460000	85.178970	0.0	0.0
7.040525	7.322170000	85.109762	0.0	0.0
7.117193	7.404840000	85.039441	0.0	0.0
7.194695	7.488490000	84.968530	0.0	0.0
7.273042	7.573130000	84.897423	0.0	0.0
7.352241	7.658760000	84.824640	0.0	0.0
7.432304	7.745420000	84.751793	0.0	0.0
7.513237	7.833100000	84.678187	0.0	0.0
7.595053	7.921820000	84.603650	0.0	0.0
7.677759	8.011600000	84.527703	0.0	0.0
7.761365	8.102450000	84.450523	0.0	0.0
7.845883	8.194390000	84.373720	0.0	0.0
7.931320	8.287430000	84.295816	0.0	0.0
8.017688	8.381580000	84.216421	0.0	0.0
8.104996	8.476860000	84.135493	0.0	0.0
8.193256	8.573290000	84.054642	0.0	0.0
8.282476	8.670880000	83.972608	0.0	0.0
8.372668	8.769650000	83.890003	0.0	0.0
8.463841	8.869620000	83.805782	0.0	0.0
8.556008	8.970790000	83.720775	0.0	0.0
8.649179	9.073200000	83.635156	0.0	0.0
8.743364	9.176850000	83.548100	0.0	0.0
8.838574	9.281760000	83.460000	0.0	0.0
8.934822	9.387960000	83.370684	0.0	0.0
9.032117	9.495450000	83.281109	0.0	0.0
9.130472	9.604270000	83.189104	0.0	0.0
9.229898	9.714420000	83.097061	0.0	0.0
9.330407	9.825920000	83.003589	0.0	0.0
9.432010	9.938810000	82.909083	0.0	0.0
9.534720	10.053100000	82.812369	0.0	0.0
9.638548	10.168800000	82.715840	0.0	0.0
9.743506	10.285900000	82.617107	0.0	0.0
9.849608	10.404500000	82.518215	0.0	0.0
9.956865	10.524600000	82.416556	0.0	0.0
10.065290	10.646100000	82.314958	0.0	0.0
10.174900	10.769200000	82.212119	0.0	0.0
10.285700	10.893900000	82.108127	0.0	0.0
10.397700	11.020100000	82.001156	0.0	0.0
10.510930	11.147800000	81.894733	0.0	0.0
10.625380	11.277300000	81.783682	0.0	0.0
10.741090	11.408300000	81.674704	0.0	0.0
10.858050	11.541000000	81.562623	0.0	0.0
10.976290	11.675400000	81.449965	0.0	0.0
11.095820	11.811500000	81.335906	0.0	0.0
11.216650	11.949400000	81.220621	0.0	0.0
11.338790	12.089000000	81.102284	0.0	0.0
11.462260	12.230400000	80.982246	0.0	0.0
11.587080	12.373600000	80.861858	0.0	0.0
11.713260	12.518700000	80.740294	0.0	0.0
11.840810	12.665700000	80.615730	0.0	0.0
11.969750	12.814600000	80.490517	0.0	0.0
12.100090	12.965400000	80.361829	0.0	0.0
12.231860	13.118100000	80.234191	0.0	0.0
12.365060	13.272900000	80.104605	0.0	0.0
12.499710	13.429700000	79.971420	0.0	0.0
12.635820	13.588500000	79.836811	0.0	0.0
12.773420	13.749500000	79.701304	0.0	0.0
12.912510	13.912600000	79.561900	0.0	0.0
13.053120	14.077800000	79.421123	0.0	0.0
13.195270	14.245200000	79.281323	0.0	0.0
13.338960	14.414900000	79.137502	0.0	0.0
13.484210	14.586800000	78.991009	0.0	0.0
13.631050	14.761000000	78.843370	0.0	0.0
13.779480	14.937600000	78.692584	0.0	0.0
13.929530	15.116500000	78.540178	0.0	0.0
14.081220	15.297900000	78.387502	0.0	0.0
14.234550	15.481700000	78.229555	0.0	0.0
14.389560	15.667900000	78.071039	0.0	0.0
14.546260	15.856800000	77.912128	0.0	0.0
14.704660	16.048200000	77.747998	0.0	0.0
14.864780	16.242200000	77.582000	0.0	0.0
15.026650	16.438900000	77.413658	0.0	0.0
15.190280	16.638300000	77.243148	0.0	0.0
15.355700	16.840400000	77.071995	0.0	0.0
15.522910	17.045300000	76.895200	0.0	0.0
15.691950	17.253100000	76.718463	0.0	0.0
15.862830	17.463800000	76.538959	0.0	0.0
16.035570	17.677400000	76.356040	0.0	0.0
16.210180	17.894000000	76.168878	0.0	0.0
16.386700	18.113600000	75.981177	0.0	0.0
16.565150	18.336400000	75.791286	0.0	0.0
16.745530	18.562300000	75.596204	0.0	0.0
16.927880	18.791400000	75.399633	0.0	0.0
17.112220	19.023700000	75.200923	0.0	0.0
17.298560	19.259300000	74.998250	0.0	0.0
17.486930	19.498400000	74.792138	0.0	0.0
17.677360	19.740800000	74.585114	0.0	0.0
17.869850	19.986800000	74.372177	0.0	0.0
18.064450	20.236300000	74.159203	0.0	0.0
18.261160	20.489400000	73.941192	0.0	0.0
18.460010	20.746200000	73.719670	0.0	0.0
18.661030	21.006700000	73.495163	0.0	0.0
18.864240	21.271000000	73.268020	0.0	0.0
19.069660	21.539300000	73.036592	0.0	0.0
19.277320	21.811500000	72.802405	0.0	0.0
19.487240	22.087700000	72.564809	0.0	0.0
19.699450	22.368000000	72.324329	0.0	0.0
19.913970	22.652500000	72.080316	0.0	0.0
20.130820	22.941200000	71.831120	0.0	0.0
20.350030	23.234300000	71.577268	0.0	0.0
20.571630	23.531800000	71.321283	0.0	0.0
20.795650	23.833800000	71.062692	0.0	0.0
21.022100	24.140400000	70.797670	0.0	0.0
21.251020	24.451600000	70.529918	0.0	0.0
21.482430	24.767700000	70.257787	0.0	0.0
21.716360	25.088600000	69.980800	0.0	0.0
21.952840	25.414400000	69.700485	0.0	0.0
22.191900	25.745400000	69.417367	0.0	0.0
22.433560	26.081400000	69.129796	0.0	0.0
22.677850	26.422800000	68.836298	0.0	0.0
22.924800	26.769500000	68.539397	0.0	0.0
23.174440	27.121700000	68.237621	0.0	0.0
23.426790	27.479500000	67.929318	0.0	0.0
23.681900	27.843000000	67.619366	0.0	0.0
23.939780	28.212400000	67.443615	0.0	0.0
24.200470	28.587700000	67.124391	0.0	0.0
24.464000	28.969200000	66.800281	0.0	0.0
24.730400	29.356800000	66.471202	0.0	0.0
24.999710	29.750900000	66.137057	0.0	0.0
25.271940	30.151400000	65.797784	0.0	0.0
25.547140	30.558600000	65.453269	0.0	0.0
25.825330	30.972700000	65.103433	0.0	0.0
26.106560	31.393700000	64.748157	0.0	0.0
26.390840	31.821800000	64.387371	0.0	0.0
26.678230	32.257300000	64.020936	0.0	0.0
26.968740	32.700300000	63.648776	0.0	0.0
27.262410	33.150900000	63.270773	0.0	0.0
27.559290	33.609500000	62.886792	0.0	0.0
27.859390	34.076100000	62.496747	0.0	0.0
28.162770	34.550900000	62.100481	0.0	0.0
28.469440	35.034300000	61.697900	0.0	0.0
28.779460	35.526400000	61.288838	0.0	0.0
29.092850	36.027400000	60.873178	0.0	0.0
29.409660	36.537600000	60.450758	0.0	0.0
29.729920	37.057300000	60.021435	0.0	0.0
30.053660	37.586700000	59.585061	0.0	0.0
30.380930	38.126100000	59.141455	0.0	0.0
30.711760	38.675700000	58.690454	0.0	0.0
31.046190	39.235900000	58.231876	0.0	0.0
31.384270	39.807000000	57.765514	0.0	0.0
31.726030	40.389200000	57.291181	0.0	0.0
32.071510	40.983100000	56.808667	0.0	0.0
32.420750	41.588800000	56.317752	0.0	0.0
32.773790	42.206800000	55.818202	0.0	0.0
33.130680	42.837500000	55.309760	0.0	0.0
33.491460	43.481200000	54.792168	0.0	0.0
33.856160	44.138400000	54.265170	0.0	0.0
34.224840	44.809500000	53.728451	0.0	0.0
34.597530	45.495000000	53.181724	0.0	0.0
34.974280	46.195400000	52.624654	0.0	0.0
35.355130	46.911100000	52.056903	0.0	0.0
35.740130	47.642700000	51.478101	0.0	0.0
36.129320	48.390800000	50.887866	0.0	0.0
36.522750	49.155800000	50.285783	0.0	0.0
36.920460	49.938500000	49.671424	0.0	0.0
37.322510	50.739400000	49.044306	0.0	0.0
37.728930	51.559200000	48.403963	0.0	0.0
38.139780	52.398600000	47.749851	0.0	0.0
38.555100	53.258100000	47.081425	0.0	0.0
38.974940	54.138700000	46.398091	0.0	0.0
39.399360	55.041000000	45.699197	0.0	0.0
39.828400	55.965800000	44.984086	0.0	0.0
40.262110	56.913800000	44.252040	0.0	0.0
40.700540	57.883600000	43.502296	0.0	0.0
41.143750	58.859900000	42.734022	0.0	0.0
41.591780	59.776500000	41.946369	0.0	0.0
42.044700	60.442000000	41.138377	0.0	0.0
42.502540	60.449500000	40.309100	0.0	0.0
42.965370	59.144500000	39.457451	0.0	0.0
43.433240	55.760200000	38.582315	0.0	0.0
43.906210	49.755500000	37.682484	0.0	0.0
44.384320	41.228000000	36.756710	0.0	0.0
44.867640	31.119900000	35.803609	0.0	0.0
45.356230	20.988100000	34.821730	0.0	0.0
45.850130	12.392000000	33.809571	0.0	0.0
46.349420	6.258840000	32.765460	0.0	0.0
46.854140	2.628110000	31.687708	0.0	0.0
47.364360	0.882987000	30.574467	0.0	0.0
47.880130	0.224407000	29.423831	0.0	0.0
48.401520	0.039367300	28.233749	0.0	0.0
48.928590	0.004005840	27.002093	0.0	0.0
49.461390	0.000151575	25.726663	0.0	0.0
50.000000	0.000001239	24.405096	0.0	0.0
