# UNCLASSIFIED
#
# Response info for I13H1-H8 infrasound channels.
#
# Effective: 17 Mar 2005
# Created: 03 Feb 2009
# File name: I13CL.BDF.1111088813
#
# Source: James	Neely 
# System equipment: MB2000 microbarometer sensor and AUBRAC
# digitizer.
#
# The response file was	derived	from equations of state.
# Pressure response normalized to 1.0 at 0.1 Hz.
#
# The Ncalib values are as follows:
#
# I13H1 BDF is 0.000095367 Pa/count at 0.10 Hz.
# I13H2 BDF is 0.000095367 Pa/count at 0.10 Hz.
# I13H3 BDF is 0.000095367 Pa/count at 0.10 Hz.
# I13H4 BDF is 0.000095367 Pa/count at 0.10 Hz.
# I13H5 BDF is 0.000095367 Pa/count at 0.10 Hz.
# I13H6 BDF is 0.000095367 Pa/count at 0.10 Hz.
# I13H7 BDF is 0.000095367 Pa/count at 0.10 Hz.
# I13H8 BDF is 0.000095367 Pa/count at 0.10 Hz.
#
# Freq(Hz)     Amp(counts/Pa)   Phase(deg)   Error(amp)  Error(phase)
#
 theoretical   0   instrument   fap
2046
0.014648	0.831539992	34.27902	0.0	0.0
0.019531	0.893846014	27.04360	0.0	0.0
0.024414	0.930983555	22.18187	0.0	0.0
0.029297	0.952833594	18.73613	0.0	0.0
0.034180	0.967593975	16.17898	0.0	0.0
0.039063	0.976167971	14.21246	0.0	0.0
0.043945	0.980875676	12.65545	0.0	0.0
0.048828	0.985740812	11.39109	0.0	0.0
0.053711	0.988002796	10.34543	0.0	0.0
0.058594	0.990843156	9.46400		0.0	0.0
0.063477	0.993447540	8.71332		0.0	0.0
0.068359	0.995745038	8.06528		0.0	0.0
0.073242	0.996195962	7.50001		0.0	0.0
0.078125	0.997777759	6.99989		0.0	0.0
0.083008	0.998043555	6.55853		0.0	0.0
0.087891	0.996636076	6.16037		0.0	0.0
0.092773	0.998819620	5.80217		0.0	0.0
0.097656	1.000477340	5.48007		0.0	0.0
0.102539	0.999548720	5.18487		0.0	0.0
0.107422	0.998940061	4.91349		0.0	0.0
0.112305	0.999239780	4.66483		0.0	0.0
0.117188	1.000389813	4.43482		0.0	0.0
0.122070	1.000634727	4.22282		0.0	0.0
0.126953	1.001185361	4.02420		0.0	0.0
0.131836	1.001610244	3.83943		0.0	0.0
0.136719	1.002952102	3.66658		0.0	0.0
0.141602	1.002918994	3.50639		0.0	0.0
0.146484	1.001115209	3.35237		0.0	0.0
0.151367	1.002290370	3.20753		0.0	0.0
0.156250	1.003087422	3.07233		0.0	0.0
0.161133	1.002460048	2.94204		0.0	0.0
0.166016	1.003640486	2.81840		0.0	0.0
0.170898	1.005366123	2.70210		0.0	0.0
0.175781	1.006581100	2.59241		0.0	0.0
0.180664	1.006587014	2.48781		0.0	0.0
0.185547	1.005070158	2.38791		0.0	0.0
0.190430	1.002441832	2.28903		0.0	0.0
0.195313	1.003543388	2.19433		0.0	0.0
0.200195	1.003715379	2.10425		0.0	0.0
0.205078	1.003904875	2.01825		0.0	0.0
0.209961	1.003511663	1.93358		0.0	0.0
0.214844	1.004337936	1.85185		0.0	0.0
0.219727	1.006840178	1.77418		0.0	0.0
0.224609	1.007912638	1.70117		0.0	0.0
0.229492	1.007346841	1.63023		0.0	0.0
0.234375	1.007087739	1.55906		0.0	0.0
0.239258	1.007431966	1.49198		0.0	0.0
0.244141	1.006744089	1.42505		0.0	0.0
0.249023	1.007395441	1.36034		0.0	0.0
0.253906	1.008140760	1.29816		0.0	0.0
0.258789	1.008829475	1.23807		0.0	0.0
0.263672	1.008638279	1.17962		0.0	0.0
0.268555	1.008010384	1.12201		0.0	0.0
0.273438	1.006907936	1.06443		0.0	0.0
0.278320	1.008248623	1.00896		0.0	0.0
0.283203	1.009208841	0.95580		0.0	0.0
0.288086	1.009148793	0.90479		0.0	0.0
0.292969	1.009272345	0.85441		0.0	0.0
0.297852	1.006956207	0.80534		0.0	0.0
0.302734	1.005708181	0.75503		0.0	0.0
0.307617	1.004982335	0.70536		0.0	0.0
0.312500	1.004808694	0.65759		0.0	0.0
0.317383	1.004527455	0.60965		0.0	0.0
0.322266	1.005003199	0.56290		0.0	0.0
0.327148	1.006525509	0.51687		0.0	0.0
0.332031	1.007840554	0.47368		0.0	0.0
0.336914	1.007288104	0.43202		0.0	0.0
0.341797	1.007037565	0.38859		0.0	0.0
0.346680	1.008042421	0.34747		0.0	0.0
0.351563	1.007581155	0.30539		0.0	0.0
0.356445	1.007638547	0.26580		0.0	0.0
0.361328	1.007707456	0.22577		0.0	0.0
0.366211	1.006756548	0.18697		0.0	0.0
0.371094	1.005007470	0.14738		0.0	0.0
0.375977	1.005772990	0.10748		0.0	0.0
0.380859	1.007180129	0.06812		0.0	0.0
0.385742	1.008886456	0.03088		0.0	0.0
0.390625	1.009418290	-0.00417	0.0	0.0
0.395508	1.008009811	-0.03906	0.0	0.0
0.400391	1.007686320	-0.07626	0.0	0.0
0.405273	1.009161750	-0.11170	0.0	0.0
0.410156	1.008949499	-0.14487	0.0	0.0
0.415039	1.007577743	-0.18005	0.0	0.0
0.419922	1.005909162	-0.21528	0.0	0.0
0.424805	1.005467445	-0.25042	0.0	0.0
0.429688	1.006967536	-0.28528	0.0	0.0
0.434570	1.008383532	-0.31810	0.0	0.0
0.439453	1.007488803	-0.34927	0.0	0.0
0.444336	1.007643273	-0.38304	0.0	0.0
0.449219	1.007268332	-0.41431	0.0	0.0
0.454102	1.006412909	-0.44778	0.0	0.0
0.458984	1.007408521	-0.48076	0.0	0.0
0.463867	1.008293121	-0.51069	0.0	0.0
0.468750	1.008223969	-0.54262	0.0	0.0
0.473633	1.009899051	-0.57285	0.0	0.0
0.478516	1.009720727	-0.60219	0.0	0.0
0.483398	1.009452376	-0.63188	0.0	0.0
0.488281	1.007568262	-0.66052	0.0	0.0
0.493164	1.005396417	-0.69200	0.0	0.0
0.498047	1.006626396	-0.72347	0.0	0.0
0.502930	1.006622061	-0.75326	0.0	0.0
0.507813	1.007516268	-0.78246	0.0	0.0
0.512695	1.006732816	-0.81122	0.0	0.0
0.517578	1.007403098	-0.84083	0.0	0.0
0.522461	1.007588971	-0.86843	0.0	0.0
0.527344	1.007301421	-0.89728	0.0	0.0
0.532227	1.006904915	-0.92475	0.0	0.0
0.537109	1.006713995	-0.95407	0.0	0.0
0.541992	1.008494075	-0.98153	0.0	0.0
0.546875	1.007576007	-1.00844	0.0	0.0
0.551758	1.006710759	-1.03606	0.0	0.0
0.556641	1.007257341	-1.06461	0.0	0.0
0.561523	1.008044474	-1.09063	0.0	0.0
0.566406	1.006160426	-1.11641	0.0	0.0
0.571289	1.005014204	-1.14564	0.0	0.0
0.576172	1.006802594	-1.17406	0.0	0.0
0.581055	1.008133568	-1.19896	0.0	0.0
0.585938	1.006868258	-1.22428	0.0	0.0
0.590820	1.006408685	-1.25249	0.0	0.0
0.595703	1.007757382	-1.27861	0.0	0.0
0.600586	1.007437444	-1.30378	0.0	0.0
0.605469	1.005914193	-1.32922	0.0	0.0
0.610352	1.005652019	-1.35553	0.0	0.0
0.615234	1.005421724	-1.38171	0.0	0.0
0.620117	1.005614736	-1.40716	0.0	0.0
0.625000	1.004653372	-1.43305	0.0	0.0
0.629883	1.004844247	-1.45826	0.0	0.0
0.634766	1.003776905	-1.48468	0.0	0.0
0.639648	1.005940744	-1.51052	0.0	0.0
0.644531	1.006407013	-1.53478	0.0	0.0
0.649414	1.006037449	-1.55923	0.0	0.0
0.654297	1.005094669	-1.58413	0.0	0.0
0.659180	1.005267183	-1.60979	0.0	0.0
0.664063	1.004933385	-1.63310	0.0	0.0
0.668945	1.004557591	-1.65875	0.0	0.0
0.673828	1.004906667	-1.68385	0.0	0.0
0.678711	1.004420922	-1.70856	0.0	0.0
0.683594	1.004906682	-1.73268	0.0	0.0
0.688477	1.003780778	-1.75668	0.0	0.0
0.693359	1.003140102	-1.78153	0.0	0.0
0.698242	1.003313165	-1.80661	0.0	0.0
0.703125	1.005170666	-1.83199	0.0	0.0
0.708008	1.006238287	-1.85432	0.0	0.0
0.712891	1.005534498	-1.87651	0.0	0.0
0.717773	1.004101753	-1.90180	0.0	0.0
0.722656	1.004760831	-1.92617	0.0	0.0
0.727539	1.005977024	-1.94988	0.0	0.0
0.732422	1.006203650	-1.97176	0.0	0.0
0.737305	1.005526585	-1.99412	0.0	0.0
0.742188	1.003808045	-2.01712	0.0	0.0
0.747070	1.002905238	-2.04235	0.0	0.0
0.751953	1.003120700	-2.06617	0.0	0.0
0.756836	1.004477392	-2.09138	0.0	0.0
0.761719	1.005717211	-2.11260	0.0	0.0
0.766602	1.005711869	-2.13488	0.0	0.0
0.771484	1.004113904	-2.15687	0.0	0.0
0.776367	1.002536871	-2.18123	0.0	0.0
0.781250	1.004682133	-2.20465	0.0	0.0
0.786133	1.003559330	-2.22598	0.0	0.0
0.791016	1.001307219	-2.24954	0.0	0.0
0.795898	1.001605175	-2.27466	0.0	0.0
0.800781	1.003268993	-2.29784	0.0	0.0
0.805664	1.004048123	-2.31953	0.0	0.0
0.810547	1.003429361	-2.34187	0.0	0.0
0.815430	1.002904420	-2.36425	0.0	0.0
0.820313	1.002045958	-2.38704	0.0	0.0
0.825195	1.002614256	-2.41057	0.0	0.0
0.830078	1.003343263	-2.43389	0.0	0.0
0.834961	1.003426232	-2.45568	0.0	0.0
0.839844	1.003180676	-2.47953	0.0	0.0
0.844727	1.005796622	-2.50167	0.0	0.0
0.849609	1.007002720	-2.52206	0.0	0.0
0.854492	1.006483475	-2.54307	0.0	0.0
0.859375	1.004964765	-2.56431	0.0	0.0
0.864258	1.002784070	-2.58751	0.0	0.0
0.869141	1.004238629	-2.61118	0.0	0.0
0.874023	1.004947322	-2.63182	0.0	0.0
0.878906	1.004437901	-2.65293	0.0	0.0
0.883789	1.004714204	-2.67517	0.0	0.0
0.888672	1.003335100	-2.69572	0.0	0.0
0.893555	1.001717351	-2.71956	0.0	0.0
0.898438	1.003225597	-2.74381	0.0	0.0
0.903320	1.005153129	-2.76467	0.0	0.0
0.908203	1.005468197	-2.78450	0.0	0.0
0.913086	1.004136872	-2.80588	0.0	0.0
0.917969	1.004032550	-2.82896	0.0	0.0
0.922852	1.005337926	-2.84943	0.0	0.0
0.927734	1.004750318	-2.87001	0.0	0.0
0.932617	1.003001561	-2.89158	0.0	0.0
0.937500	1.003873534	-2.91443	0.0	0.0
0.942383	1.003913821	-2.93513	0.0	0.0
0.947266	1.002947717	-2.95546	0.0	0.0
0.952148	1.002547666	-2.97844	0.0	0.0
0.957031	1.002144591	-2.99984	0.0	0.0
0.961914	1.002511225	-3.02234	0.0	0.0
0.966797	1.003176336	-3.04371	0.0	0.0
0.971680	1.003452053	-3.06303	0.0	0.0
0.976563	1.002161326	-3.08450	0.0	0.0
0.981445	1.001001363	-3.10718	0.0	0.0
0.986328	1.001268011	-3.12975	0.0	0.0
0.991211	1.003023150	-3.15169	0.0	0.0
0.996094	1.003044139	-3.17230	0.0	0.0
1.000977	1.004279068	-3.19472	0.0	0.0
1.005859	1.005203480	-3.21423	0.0	0.0
1.010742	1.005332191	-3.23398	0.0	0.0
1.015625	1.003655911	-3.25440	0.0	0.0
1.020508	1.003430168	-3.27564	0.0	0.0
1.025391	1.003840322	-3.29656	0.0	0.0
1.030273	1.003152307	-3.31731	0.0	0.0
1.035156	1.003370728	-3.33988	0.0	0.0
1.040039	1.002932239	-3.35992	0.0	0.0
1.044922	1.003830440	-3.38156	0.0	0.0
1.049805	1.004036792	-3.40161	0.0	0.0
1.054688	1.003199905	-3.42106	0.0	0.0
1.059570	1.001326783	-3.44238	0.0	0.0
1.064453	1.001122768	-3.46474	0.0	0.0
1.069336	1.002579852	-3.48583	0.0	0.0
1.074219	1.002015403	-3.50610	0.0	0.0
1.079102	1.002613908	-3.52681	0.0	0.0
1.083984	1.002224106	-3.54714	0.0	0.0
1.088867	1.001908150	-3.56951	0.0	0.0
1.093750	1.003523784	-3.59075	0.0	0.0
1.098633	1.003664967	-3.60914	0.0	0.0
1.103516	1.001852564	-3.62921	0.0	0.0
1.108398	1.001677260	-3.65116	0.0	0.0
1.113281	1.002292530	-3.67199	0.0	0.0
1.118164	1.001332565	-3.69295	0.0	0.0
1.123047	1.002201325	-3.71374	0.0	0.0
1.127930	1.003733866	-3.73423	0.0	0.0
1.132813	1.004313073	-3.75377	0.0	0.0
1.137695	1.003314081	-3.77346	0.0	0.0
1.142578	1.001608344	-3.79369	0.0	0.0
1.147461	1.001745272	-3.81508	0.0	0.0
1.152344	1.001773369	-3.83447	0.0	0.0
1.157227	0.999977748	-3.85558	0.0	0.0
1.162109	1.001091827	-3.87648	0.0	0.0
1.166992	1.000181561	-3.89673	0.0	0.0
1.171875	0.999583706	-3.91767	0.0	0.0
1.176758	0.999758415	-3.93921	0.0	0.0
1.181641	1.000748597	-3.95986	0.0	0.0
1.186523	1.001906434	-3.97974	0.0	0.0
1.191406	1.001170735	-3.99898	0.0	0.0
1.196289	0.999674428	-4.02036	0.0	0.0
1.201172	1.001211472	-4.04206	0.0	0.0
1.206055	1.002565814	-4.06126	0.0	0.0
1.210938	1.003152552	-4.08132	0.0	0.0
1.215820	1.002775068	-4.10046	0.0	0.0
1.220703	1.001133937	-4.11999	0.0	0.0
1.225586	1.000272328	-4.14144	0.0	0.0
1.230469	1.000756159	-4.16222	0.0	0.0
1.235352	1.002034455	-4.18391	0.0	0.0
1.240234	1.002465323	-4.20233	0.0	0.0
1.245117	1.002078720	-4.22117	0.0	0.0
1.250000	1.002218090	-4.24122	0.0	0.0
1.254883	1.000639727	-4.26035	0.0	0.0
1.259766	1.000815982	-4.28224	0.0	0.0
1.264648	1.001192825	-4.30226	0.0	0.0
1.269531	1.000834061	-4.32173	0.0	0.0
1.274414	1.001419445	-4.34170	0.0	0.0
1.279297	1.000227254	-4.36084	0.0	0.0
1.284180	0.999863436	-4.38264	0.0	0.0
1.289063	1.000249133	-4.40188	0.0	0.0
1.293945	0.999541944	-4.42083	0.0	0.0
1.298828	0.999174071	-4.44180	0.0	0.0
1.303711	0.998528725	-4.46169	0.0	0.0
1.308594	0.997517085	-4.48349	0.0	0.0
1.313477	0.998667146	-4.50535	0.0	0.0
1.318359	1.001067682	-4.52464	0.0	0.0
1.323242	1.001024042	-4.54290	0.0	0.0
1.328125	1.000660019	-4.56144	0.0	0.0
1.333008	0.999427717	-4.58102	0.0	0.0
1.337891	0.997882037	-4.60169	0.0	0.0
1.342773	0.997203601	-4.62346	0.0	0.0
1.347656	0.999729662	-4.64409	0.0	0.0
1.352539	1.000999220	-4.66334	0.0	0.0
1.357422	1.000118117	-4.68109	0.0	0.0
1.362305	0.997779975	-4.70155	0.0	0.0
1.367188	0.997440744	-4.72319	0.0	0.0
1.372070	0.998679254	-4.74342	0.0	0.0
1.376953	1.000579362	-4.76277	0.0	0.0
1.381836	0.999049508	-4.78066	0.0	0.0
1.386719	0.997947761	-4.80115	0.0	0.0
1.391602	0.998544475	-4.82223	0.0	0.0
1.396484	0.998628228	-4.84115	0.0	0.0
1.401367	0.999484341	-4.86128	0.0	0.0
1.406250	0.999163885	-4.88050	0.0	0.0
1.411133	0.998199763	-4.89904	0.0	0.0
1.416016	0.998808313	-4.91970	0.0	0.0
1.420898	0.997448995	-4.93914	0.0	0.0
1.425781	0.997248211	-4.96058	0.0	0.0
1.430664	0.999273671	-4.98049	0.0	0.0
1.435547	0.999108755	-4.99821	0.0	0.0
1.440430	0.997670541	-5.01718	0.0	0.0
1.445313	0.996419919	-5.03741	0.0	0.0
1.450195	0.994972714	-5.05928	0.0	0.0
1.455078	0.998026787	-5.07984	0.0	0.0
1.459961	0.998973360	-5.09673	0.0	0.0
1.464844	0.997261669	-5.11662	0.0	0.0
1.469727	0.997276217	-5.13737	0.0	0.0
1.474609	0.998235679	-5.15658	0.0	0.0
1.479492	0.996631719	-5.17546	0.0	0.0
1.484375	0.995490739	-5.19677	0.0	0.0
1.489258	0.997071753	-5.21704	0.0	0.0
1.494141	0.998679663	-5.23612	0.0	0.0
1.499023	0.998715016	-5.25452	0.0	0.0
1.503906	0.997052120	-5.27431	0.0	0.0
1.508789	0.997605281	-5.29320	0.0	0.0
1.513672	0.996991022	-5.31254	0.0	0.0
1.518555	0.997262760	-5.33340	0.0	0.0
1.523438	0.997949538	-5.35206	0.0	0.0
1.528320	0.996755529	-5.37050	0.0	0.0
1.533203	0.996075348	-5.39023	0.0	0.0
1.538086	0.995118781	-5.41065	0.0	0.0
1.542969	0.994744877	-5.43015	0.0	0.0
1.547852	0.994402882	-5.45091	0.0	0.0
1.552734	0.994230482	-5.47159	0.0	0.0
1.557617	0.995031822	-5.49240	0.0	0.0
1.562500	0.997853472	-5.51248	0.0	0.0
1.567383	0.998851276	-5.52961	0.0	0.0
1.572266	0.997853669	-5.54808	0.0	0.0
1.577148	0.998121113	-5.56752	0.0	0.0
1.582031	0.998234887	-5.58602	0.0	0.0
1.586914	0.997259184	-5.60462	0.0	0.0
1.591797	0.996069973	-5.62432	0.0	0.0
1.596680	0.994883749	-5.64408	0.0	0.0
1.601563	0.996190634	-5.66464	0.0	0.0
1.606445	0.997276003	-5.68368	0.0	0.0
1.611328	0.996234383	-5.70145	0.0	0.0
1.616211	0.994936366	-5.72106	0.0	0.0
1.621094	0.994299764	-5.74097	0.0	0.0
1.625977	0.995466827	-5.76144	0.0	0.0
1.630859	0.995879665	-5.77988	0.0	0.0
1.635742	0.995607124	-5.79835	0.0	0.0
1.640625	0.994700098	-5.81669	0.0	0.0
1.645508	0.992495209	-5.83696	0.0	0.0
1.650391	0.992203676	-5.85736	0.0	0.0
1.655273	0.992713172	-5.87774	0.0	0.0
1.660156	0.992481450	-5.89719	0.0	0.0
1.665039	0.992783399	-5.91724	0.0	0.0
1.669922	0.992871846	-5.93649	0.0	0.0
1.674805	0.992910393	-5.95615	0.0	0.0
1.679688	0.994548953	-5.97632	0.0	0.0
1.684570	0.994369983	-5.99444	0.0	0.0
1.689453	0.993392979	-6.01347	0.0	0.0
1.694336	0.993638911	-6.03332	0.0	0.0
1.699219	0.994120227	-6.05249	0.0	0.0
1.704102	0.994326205	-6.07043	0.0	0.0
1.708984	0.992809502	-6.08972	0.0	0.0
1.713867	0.992426930	-6.10920	0.0	0.0
1.718750	0.991882751	-6.12818	0.0	0.0
1.723633	0.991496157	-6.14924	0.0	0.0
1.728516	0.991981321	-6.16935	0.0	0.0
1.733398	0.994694753	-6.18864	0.0	0.0
1.738281	0.993963962	-6.20623	0.0	0.0
1.743164	0.993929366	-6.22580	0.0	0.0
1.748047	0.993412993	-6.24400	0.0	0.0
1.752930	0.991451350	-6.26268	0.0	0.0
1.757813	0.991802705	-6.28417	0.0	0.0
1.762695	0.992722551	-6.30258	0.0	0.0
1.767578	0.991605683	-6.32055	0.0	0.0
1.772461	0.989982138	-6.34015	0.0	0.0
1.777344	0.990472038	-6.36167	0.0	0.0
1.782227	0.990334563	-6.38095	0.0	0.0
1.787109	0.990805460	-6.40045	0.0	0.0
1.791992	0.991055910	-6.41985	0.0	0.0
1.796875	0.991749155	-6.43886	0.0	0.0
1.801758	0.991676411	-6.45830	0.0	0.0
1.806641	0.992884217	-6.47745	0.0	0.0
1.811523	0.992646864	-6.49630	0.0	0.0
1.816406	0.993427748	-6.51476	0.0	0.0
1.821289	0.991798110	-6.53292	0.0	0.0
1.826172	0.990835668	-6.55444	0.0	0.0
1.831055	0.992640696	-6.57387	0.0	0.0
1.835938	0.992191817	-6.59134	0.0	0.0
1.840820	0.991691067	-6.61179	0.0	0.0
1.845703	0.993272590	-6.63194	0.0	0.0
1.850586	0.993367154	-6.64861	0.0	0.0
1.855469	0.993303133	-6.66780	0.0	0.0
1.860352	0.992308665	-6.68557	0.0	0.0
1.865234	0.990192307	-6.70506	0.0	0.0
1.870117	0.991198267	-6.72567	0.0	0.0
1.875000	0.991271792	-6.74372	0.0	0.0
1.879883	0.990766913	-6.76256	0.0	0.0
1.884766	0.989928956	-6.78166	0.0	0.0
1.889648	0.988468745	-6.80165	0.0	0.0
1.894531	0.989545366	-6.82229	0.0	0.0
1.899414	0.990108402	-6.84184	0.0	0.0
1.904297	0.991065287	-6.86140	0.0	0.0
1.909180	0.991628256	-6.87911	0.0	0.0
1.914063	0.990891909	-6.89891	0.0	0.0
1.918945	0.991803826	-6.91840	0.0	0.0
1.923828	0.991748486	-6.93598	0.0	0.0
1.928711	0.990106704	-6.95545	0.0	0.0
1.933594	0.991595864	-6.97667	0.0	0.0
1.938477	0.992350111	-6.99371	0.0	0.0
1.943359	0.992758331	-7.01289	0.0	0.0
1.948242	0.992306033	-7.03084	0.0	0.0
1.953125	0.991396061	-7.04964	0.0	0.0
1.958008	0.990431244	-7.06821	0.0	0.0
1.962891	0.989985890	-7.08870	0.0	0.0
1.967773	0.989719994	-7.10912	0.0	0.0
1.972656	0.991107178	-7.12789	0.0	0.0
1.977539	0.992049638	-7.14471	0.0	0.0
1.982422	0.990599194	-7.16312	0.0	0.0
1.987305	0.990857643	-7.18256	0.0	0.0
1.992188	0.990401209	-7.20047	0.0	0.0
1.997070	0.989027522	-7.21913	0.0	0.0
2.001953	0.988679740	-7.23968	0.0	0.0
2.006836	0.988091669	-7.25873	0.0	0.0
2.011719	0.987764794	-7.27855	0.0	0.0
2.016602	0.988492692	-7.29887	0.0	0.0
2.021484	0.989191644	-7.31673	0.0	0.0
2.026367	0.988687245	-7.33376	0.0	0.0
2.031250	0.986879835	-7.35330	0.0	0.0
2.036133	0.986343520	-7.37364	0.0	0.0
2.041016	0.985740399	-7.39329	0.0	0.0
2.045898	0.987248726	-7.41394	0.0	0.0
2.050781	0.988500798	-7.43266	0.0	0.0
2.055664	0.988737988	-7.45028	0.0	0.0
2.060547	0.987764935	-7.46953	0.0	0.0
2.065430	0.988422764	-7.48790	0.0	0.0
2.070313	0.986724967	-7.50608	0.0	0.0
2.075195	0.985136835	-7.52586	0.0	0.0
2.080078	0.986242188	-7.54644	0.0	0.0
2.084961	0.986157275	-7.56565	0.0	0.0
2.089844	0.986918648	-7.58532	0.0	0.0
2.094727	0.986735001	-7.60388	0.0	0.0
2.099609	0.988943680	-7.62340	0.0	0.0
2.104492	0.987987453	-7.64032	0.0	0.0
2.109375	0.987066110	-7.65977	0.0	0.0
2.114258	0.987973856	-7.67959	0.0	0.0
2.119141	0.988625392	-7.69657	0.0	0.0
2.124023	0.986306544	-7.71440	0.0	0.0
2.128906	0.985143949	-7.73488	0.0	0.0
2.133789	0.985442580	-7.75576	0.0	0.0
2.138672	0.985917606	-7.77449	0.0	0.0
2.143555	0.987255764	-7.79464	0.0	0.0
2.148438	0.986990160	-7.81161	0.0	0.0
2.153320	0.986297950	-7.83117	0.0	0.0
2.158203	0.987245296	-7.84976	0.0	0.0
2.163086	0.987546748	-7.86788	0.0	0.0
2.167969	0.987176412	-7.88517	0.0	0.0
2.172852	0.984678177	-7.90396	0.0	0.0
2.177734	0.983205531	-7.92494	0.0	0.0
2.182617	0.985455369	-7.94581	0.0	0.0
2.187500	0.984473044	-7.96348	0.0	0.0
2.192383	0.985929466	-7.98273	0.0	0.0
2.197266	0.986501837	-8.00105	0.0	0.0
2.202148	0.984607570	-8.01985	0.0	0.0
2.207031	0.984700534	-8.03929	0.0	0.0
2.211914	0.985981409	-8.05835	0.0	0.0
2.216797	0.986130123	-8.07737	0.0	0.0
2.221680	0.986384448	-8.09492	0.0	0.0
2.226563	0.985875381	-8.11325	0.0	0.0
2.231445	0.985581560	-8.13170	0.0	0.0
2.236328	0.983984246	-8.15039	0.0	0.0
2.241211	0.985426358	-8.17024	0.0	0.0
2.246094	0.984373134	-8.18771	0.0	0.0
2.250977	0.982575516	-8.20780	0.0	0.0
2.255859	0.982830704	-8.22797	0.0	0.0
2.260742	0.982246819	-8.24610	0.0	0.0
2.265625	0.982666378	-8.26535	0.0	0.0
2.270508	0.982356492	-8.28350	0.0	0.0
2.275391	0.981491562	-8.30385	0.0	0.0
2.280273	0.981835323	-8.32241	0.0	0.0
2.285156	0.981887096	-8.34251	0.0	0.0
2.290039	0.983524164	-8.36029	0.0	0.0
2.294922	0.982697034	-8.37870	0.0	0.0
2.299805	0.982869297	-8.39791	0.0	0.0
2.304688	0.982712723	-8.41510	0.0	0.0
2.309570	0.980658013	-8.43430	0.0	0.0
2.314453	0.979522979	-8.45470	0.0	0.0
2.319336	0.980616819	-8.47476	0.0	0.0
2.324219	0.980009834	-8.49342	0.0	0.0
2.329102	0.980403172	-8.51294	0.0	0.0
2.333984	0.981416203	-8.53318	0.0	0.0
2.338867	0.981556408	-8.55132	0.0	0.0
2.343750	0.982501611	-8.56960	0.0	0.0
2.348633	0.982402644	-8.58734	0.0	0.0
2.353516	0.982735054	-8.60553	0.0	0.0
2.358398	0.981715479	-8.62341	0.0	0.0
2.363281	0.980259533	-8.64442	0.0	0.0
2.368164	0.980478315	-8.66413	0.0	0.0
2.373047	0.982330925	-8.68425	0.0	0.0
2.377930	0.983426330	-8.70083	0.0	0.0
2.382813	0.983651980	-8.71846	0.0	0.0
2.387695	0.983510995	-8.73618	0.0	0.0
2.392578	0.982423591	-8.75427	0.0	0.0
2.397461	0.981504545	-8.77256	0.0	0.0
2.402344	0.980296603	-8.79224	0.0	0.0
2.407227	0.979598708	-8.81082	0.0	0.0
2.412109	0.977580886	-8.83151	0.0	0.0
2.416992	0.979776827	-8.85183	0.0	0.0
2.421875	0.979618806	-8.86941	0.0	0.0
2.426758	0.979886116	-8.88882	0.0	0.0
2.431641	0.980366569	-8.90714	0.0	0.0
2.436523	0.981163757	-8.92684	0.0	0.0
2.441406	0.981930024	-8.94364	0.0	0.0
2.446289	0.981142349	-8.96163	0.0	0.0
2.451172	0.980579784	-8.97977	0.0	0.0
2.456055	0.979627746	-8.99819	0.0	0.0
2.460938	0.979502437	-9.01698	0.0	0.0
2.465820	0.977475655	-9.03603	0.0	0.0
2.470703	0.977717866	-9.05584	0.0	0.0
2.475586	0.977702079	-9.07383	0.0	0.0
2.480469	0.976463164	-9.09276	0.0	0.0
2.485352	0.975387600	-9.11295	0.0	0.0
2.490234	0.976169568	-9.13344	0.0	0.0
2.495117	0.976001327	-9.15242	0.0	0.0
2.500000	0.976824059	-9.17081	0.0	0.0
2.504883	0.977066107	-9.19008	0.0	0.0
2.509766	0.975827152	-9.20826	0.0	0.0
2.514648	0.976934634	-9.22759	0.0	0.0
2.519531	0.975914769	-9.24580	0.0	0.0
2.524414	0.975951571	-9.26631	0.0	0.0
2.529297	0.978172367	-9.28473	0.0	0.0
2.534180	0.977998966	-9.30222	0.0	0.0
2.539063	0.977359475	-9.32082	0.0	0.0
2.543945	0.976041792	-9.34140	0.0	0.0
2.548828	0.979050123	-9.35985	0.0	0.0
2.553711	0.978698377	-9.37707	0.0	0.0
2.558594	0.977798907	-9.39530	0.0	0.0
2.563477	0.977743895	-9.41384	0.0	0.0
2.568359	0.977121252	-9.43183	0.0	0.0
2.573242	0.975983770	-9.45140	0.0	0.0
2.578125	0.976957367	-9.47163	0.0	0.0
2.583008	0.977112390	-9.48853	0.0	0.0
2.587891	0.976285562	-9.50640	0.0	0.0
2.592773	0.975206807	-9.52495	0.0	0.0
2.597656	0.975926367	-9.54459	0.0	0.0
2.602539	0.973695534	-9.56242	0.0	0.0
2.607422	0.973038965	-9.58362	0.0	0.0
2.612305	0.974542083	-9.60286	0.0	0.0
2.617188	0.975143042	-9.62269	0.0	0.0
2.622070	0.975720072	-9.64011	0.0	0.0
2.626953	0.976695334	-9.65846	0.0	0.0
2.631836	0.976323420	-9.67532	0.0	0.0
2.636719	0.973357824	-9.69398	0.0	0.0
2.641602	0.972105770	-9.71513	0.0	0.0
2.646484	0.973738058	-9.73493	0.0	0.0
2.651367	0.974077975	-9.75409	0.0	0.0
2.656250	0.975664358	-9.77338	0.0	0.0
2.661133	0.976133628	-9.79031	0.0	0.0
2.666016	0.976183726	-9.80756	0.0	0.0
2.670898	0.974928614	-9.82529	0.0	0.0
2.675781	0.973759126	-9.84421	0.0	0.0
2.680664	0.972906228	-9.86316	0.0	0.0
2.685547	0.973003066	-9.88296	0.0	0.0
2.690430	0.973831587	-9.90195	0.0	0.0
2.695313	0.972657104	-9.91977	0.0	0.0
2.700195	0.971273577	-9.94071	0.0	0.0
2.705078	0.973168188	-9.95958	0.0	0.0
2.709961	0.974437575	-9.97732	0.0	0.0
2.714844	0.973637348	-9.99529	0.0	0.0
2.719727	0.972621108	-10.01253	0.0	0.0
2.724609	0.971327146	-10.03173	0.0	0.0
2.729492	0.970788719	-10.05131	0.0	0.0
2.734375	0.971137194	-10.07093	0.0	0.0
2.739258	0.970858539	-10.09058	0.0	0.0
2.744141	0.971920654	-10.10988	0.0	0.0
2.749023	0.971712627	-10.12898	0.0	0.0
2.753906	0.973739169	-10.14670	0.0	0.0
2.758789	0.973194650	-10.16462	0.0	0.0
2.763672	0.971485578	-10.18386	0.0	0.0
2.768555	0.973876273	-10.20322	0.0	0.0
2.773438	0.973419295	-10.22039	0.0	0.0
2.778320	0.973004113	-10.23872	0.0	0.0
2.783203	0.971297032	-10.25698	0.0	0.0
2.788086	0.971765646	-10.27673	0.0	0.0
2.792969	0.971078726	-10.29414	0.0	0.0
2.797852	0.970574927	-10.31315	0.0	0.0
2.802734	0.971943166	-10.33171	0.0	0.0
2.807617	0.971242272	-10.34946	0.0	0.0
2.812500	0.970110446	-10.36884	0.0	0.0
2.817383	0.969262259	-10.38922	0.0	0.0
2.822266	0.970630358	-10.40860	0.0	0.0
2.827148	0.971021140	-10.42576	0.0	0.0
2.832031	0.969926109	-10.44422	0.0	0.0
2.836914	0.970854226	-10.46339	0.0	0.0
2.841797	0.970965290	-10.48111	0.0	0.0
2.846680	0.969688129	-10.49869	0.0	0.0
2.851563	0.968817980	-10.51731	0.0	0.0
2.856445	0.966945769	-10.53728	0.0	0.0
2.861328	0.968066804	-10.55649	0.0	0.0
2.866211	0.967144902	-10.57541	0.0	0.0
2.871094	0.966683715	-10.59505	0.0	0.0
2.875977	0.967949923	-10.61418	0.0	0.0
2.880859	0.967297651	-10.63297	0.0	0.0
2.885742	0.967068256	-10.65201	0.0	0.0
2.890625	0.968274646	-10.67061	0.0	0.0
2.895508	0.967600438	-10.68956	0.0	0.0
2.900391	0.967360039	-10.70943	0.0	0.0
2.905273	0.969381198	-10.72778	0.0	0.0
2.910156	0.969221331	-10.74487	0.0	0.0
2.915039	0.969570859	-10.76448	0.0	0.0
2.919922	0.968988105	-10.78149	0.0	0.0
2.924805	0.968960509	-10.80121	0.0	0.0
2.929688	0.969111976	-10.81792	0.0	0.0
2.934570	0.968039701	-10.83773	0.0	0.0
2.939453	0.968211030	-10.85715	0.0	0.0
2.944336	0.968874794	-10.87479	0.0	0.0
2.949219	0.967679135	-10.89291	0.0	0.0
2.954102	0.967883228	-10.91303	0.0	0.0
2.958984	0.969136841	-10.93030	0.0	0.0
2.963867	0.968756911	-10.94816	0.0	0.0
2.968750	0.968196909	-10.96628	0.0	0.0
2.973633	0.967103695	-10.98608	0.0	0.0
2.978516	0.966411382	-11.00542	0.0	0.0
2.983398	0.966809329	-11.02223	0.0	0.0
2.988281	0.965739987	-11.04123	0.0	0.0
2.993164	0.965393824	-11.06099	0.0	0.0
2.998047	0.964858652	-11.07905	0.0	0.0
3.002930	0.964250860	-11.09974	0.0	0.0
3.007813	0.966251153	-11.11901	0.0	0.0
3.012695	0.966231176	-11.13549	0.0	0.0
3.017578	0.967483355	-11.15421	0.0	0.0
3.022461	0.966498500	-11.17177	0.0	0.0
3.027344	0.965060094	-11.19017	0.0	0.0
3.032227	0.964058347	-11.20876	0.0	0.0
3.037109	0.962853707	-11.22929	0.0	0.0
3.041992	0.963814323	-11.24867	0.0	0.0
3.046875	0.964097577	-11.26725	0.0	0.0
3.051758	0.964100332	-11.28482	0.0	0.0
3.056641	0.963916088	-11.30464	0.0	0.0
3.061523	0.964515534	-11.32239	0.0	0.0
3.066406	0.963053272	-11.34238	0.0	0.0
3.071289	0.965101682	-11.36176	0.0	0.0
3.076172	0.965758702	-11.37770	0.0	0.0
3.081055	0.964885158	-11.39638	0.0	0.0
3.085938	0.964416370	-11.41346	0.0	0.0
3.090820	0.963085375	-11.43233	0.0	0.0
3.095703	0.960840493	-11.45251	0.0	0.0
3.100586	0.962826981	-11.47115	0.0	0.0
3.105469	0.961519864	-11.48778	0.0	0.0
3.110352	0.960844211	-11.50774	0.0	0.0
3.115234	0.959765828	-11.52723	0.0	0.0
3.120117	0.960624507	-11.54762	0.0	0.0
3.125000	0.962547115	-11.56546	0.0	0.0
3.129883	0.961860462	-11.58342	0.0	0.0
3.134766	0.962838333	-11.60248	0.0	0.0
3.139648	0.962636887	-11.61927	0.0	0.0
3.144531	0.961149777	-11.63708	0.0	0.0
3.149414	0.959785981	-11.65707	0.0	0.0
3.154297	0.959513925	-11.67560	0.0	0.0
3.159180	0.958191908	-11.69437	0.0	0.0
3.164063	0.960186744	-11.71448	0.0	0.0
3.168945	0.958997942	-11.73191	0.0	0.0
3.173828	0.958676117	-11.75163	0.0	0.0
3.178711	0.959418089	-11.76980	0.0	0.0
3.183594	0.958875512	-11.78856	0.0	0.0
3.188477	0.958000872	-11.80787	0.0	0.0
3.193359	0.959124522	-11.82783	0.0	0.0
3.198242	0.959803728	-11.84549	0.0	0.0
3.203125	0.960323831	-11.86341	0.0	0.0
3.208008	0.959686732	-11.88176	0.0	0.0
3.212891	0.959273305	-11.90002	0.0	0.0
3.217773	0.958593454	-11.91836	0.0	0.0
3.222656	0.959163163	-11.93861	0.0	0.0
3.227539	0.958879922	-11.95633	0.0	0.0
3.232422	0.958555911	-11.97534	0.0	0.0
3.237305	0.960049992	-11.99376	0.0	0.0
3.242188	0.960352169	-12.01118	0.0	0.0
3.247070	0.958619573	-12.02922	0.0	0.0
3.251953	0.958267668	-12.04871	0.0	0.0
3.256836	0.957709003	-12.06619	0.0	0.0
3.261719	0.959170080	-12.08546	0.0	0.0
3.266602	0.957999100	-12.10387	0.0	0.0
3.271484	0.957148184	-12.12164	0.0	0.0
3.276367	0.956233658	-12.14086	0.0	0.0
3.281250	0.955735587	-12.16125	0.0	0.0
3.286133	0.957672557	-12.17983	0.0	0.0
3.291016	0.957404023	-12.19587	0.0	0.0
3.295898	0.956592828	-12.21384	0.0	0.0
3.300781	0.954460801	-12.23177	0.0	0.0
3.305664	0.952803871	-12.25228	0.0	0.0
3.310547	0.954376896	-12.27191	0.0	0.0
3.315430	0.953870805	-12.29087	0.0	0.0
3.320313	0.954465832	-12.30958	0.0	0.0
3.325195	0.954815360	-12.32819	0.0	0.0
3.330078	0.954935293	-12.34672	0.0	0.0
3.334961	0.954795833	-12.36489	0.0	0.0
3.339844	0.953616910	-12.38485	0.0	0.0
3.344727	0.954465189	-12.40313	0.0	0.0
3.349609	0.955542971	-12.42250	0.0	0.0
3.354492	0.956364324	-12.43975	0.0	0.0
3.359375	0.954820684	-12.45711	0.0	0.0
3.364258	0.954200180	-12.47706	0.0	0.0
3.369141	0.955447726	-12.49634	0.0	0.0
3.374023	0.955100440	-12.51329	0.0	0.0
3.378906	0.954723333	-12.53165	0.0	0.0
3.383789	0.953685471	-12.54899	0.0	0.0
3.388672	0.953111623	-12.56838	0.0	0.0
3.393555	0.952577515	-12.58636	0.0	0.0
3.398438	0.950358333	-12.60585	0.0	0.0
3.403320	0.951271831	-12.62637	0.0	0.0
3.408203	0.952468432	-12.64564	0.0	0.0
3.413086	0.953282475	-12.66359	0.0	0.0
3.417969	0.953067211	-12.68005	0.0	0.0
3.422852	0.951513716	-12.69838	0.0	0.0
3.427734	0.951264669	-12.71851	0.0	0.0
3.432617	0.950465235	-12.73713	0.0	0.0
3.437500	0.950015493	-12.75712	0.0	0.0
3.442383	0.951752257	-12.77667	0.0	0.0
3.447266	0.953093572	-12.79607	0.0	0.0
3.452148	0.954154693	-12.81324	0.0	0.0
3.457031	0.954017750	-12.83003	0.0	0.0
3.461914	0.952093741	-12.84901	0.0	0.0
3.466797	0.953645472	-12.86800	0.0	0.0
3.471680	0.952882684	-12.88447	0.0	0.0
3.476563	0.952436765	-12.90265	0.0	0.0
3.481445	0.951331294	-12.92103	0.0	0.0
3.486328	0.951061181	-12.93994	0.0	0.0
3.491211	0.950064980	-12.95840	0.0	0.0
3.496094	0.950629182	-12.97680	0.0	0.0
3.500977	0.948914869	-12.99560	0.0	0.0
3.505859	0.949358853	-13.01546	0.0	0.0
3.510742	0.949020156	-13.03501	0.0	0.0
3.515625	0.948468907	-13.05433	0.0	0.0
3.520508	0.950294312	-13.07348	0.0	0.0
3.525391	0.952598338	-13.09119	0.0	0.0
3.530273	0.951522621	-13.10780	0.0	0.0
3.535156	0.950876936	-13.12510	0.0	0.0
3.540039	0.950746674	-13.14428	0.0	0.0
3.544922	0.949835825	-13.16179	0.0	0.0
3.549805	0.948979602	-13.18008	0.0	0.0
3.554688	0.948040962	-13.19951	0.0	0.0
3.559570	0.945917631	-13.21868	0.0	0.0
3.564453	0.946171655	-13.23937	0.0	0.0
3.569336	0.949402703	-13.25753	0.0	0.0
3.574219	0.949638747	-13.27414	0.0	0.0
3.579102	0.948673256	-13.29309	0.0	0.0
3.583984	0.948394909	-13.31110	0.0	0.0
3.588867	0.947699509	-13.32972	0.0	0.0
3.593750	0.947531357	-13.34826	0.0	0.0
3.598633	0.946728716	-13.36584	0.0	0.0
3.603516	0.946001540	-13.38636	0.0	0.0
3.608398	0.945467983	-13.40501	0.0	0.0
3.613281	0.946272806	-13.42476	0.0	0.0
3.618164	0.947327781	-13.44288	0.0	0.0
3.623047	0.946935145	-13.45991	0.0	0.0
3.627930	0.946387620	-13.47932	0.0	0.0
3.632813	0.946595617	-13.49726	0.0	0.0
3.637695	0.945850512	-13.51589	0.0	0.0
3.642578	0.945268222	-13.53295	0.0	0.0
3.647461	0.943946326	-13.55252	0.0	0.0
3.652344	0.943438500	-13.57191	0.0	0.0
3.657227	0.944660987	-13.59056	0.0	0.0
3.662109	0.943528713	-13.60873	0.0	0.0
3.666992	0.942934492	-13.62947	0.0	0.0
3.671875	0.944302787	-13.64870	0.0	0.0
3.676758	0.946273560	-13.66631	0.0	0.0
3.681641	0.946138854	-13.68329	0.0	0.0
3.686523	0.943616869	-13.70173	0.0	0.0
3.691406	0.943954650	-13.72047	0.0	0.0
3.696289	0.943164814	-13.73814	0.0	0.0
3.701172	0.942953656	-13.75762	0.0	0.0
3.706055	0.943674497	-13.77774	0.0	0.0
3.710938	0.943352130	-13.79485	0.0	0.0
3.715820	0.942120601	-13.81541	0.0	0.0
3.720703	0.942093998	-13.83459	0.0	0.0
3.725586	0.943655364	-13.85313	0.0	0.0
3.730469	0.944599337	-13.87205	0.0	0.0
3.735352	0.945481724	-13.88931	0.0	0.0
3.740234	0.944655075	-13.90575	0.0	0.0
3.745117	0.943549558	-13.92380	0.0	0.0
3.750000	0.943026602	-13.94180	0.0	0.0
3.754883	0.942156305	-13.96031	0.0	0.0
3.759766	0.941317772	-13.98119	0.0	0.0
3.764648	0.944154954	-13.99965	0.0	0.0
3.769531	0.943722243	-14.01703	0.0	0.0
3.774414	0.942396431	-14.03520	0.0	0.0
3.779297	0.942220730	-14.05497	0.0	0.0
3.784180	0.942709852	-14.07307	0.0	0.0
3.789063	0.942369392	-14.09100	0.0	0.0
3.793945	0.942822735	-14.10946	0.0	0.0
3.798828	0.942460414	-14.12674	0.0	0.0
3.803711	0.942057403	-14.14498	0.0	0.0
3.808594	0.941095771	-14.16359	0.0	0.0
3.813477	0.939761087	-14.18180	0.0	0.0
3.818359	0.939422575	-14.20118	0.0	0.0
3.823242	0.940158558	-14.22048	0.0	0.0
3.828125	0.940573041	-14.23788	0.0	0.0
3.833008	0.939149082	-14.25587	0.0	0.0
3.837891	0.938350179	-14.27505	0.0	0.0
3.842773	0.938841004	-14.29370	0.0	0.0
3.847656	0.937816892	-14.31226	0.0	0.0
3.852539	0.937423741	-14.33136	0.0	0.0
3.857422	0.937010743	-14.35180	0.0	0.0
3.862305	0.937494527	-14.37023	0.0	0.0
3.867188	0.938501059	-14.38767	0.0	0.0
3.872070	0.937723945	-14.40448	0.0	0.0
3.876953	0.936716697	-14.42271	0.0	0.0
3.881836	0.935315657	-14.44238	0.0	0.0
3.886719	0.934734977	-14.46158	0.0	0.0
3.891602	0.934724649	-14.48055	0.0	0.0
3.896484	0.935444344	-14.49943	0.0	0.0
3.901367	0.936247308	-14.51947	0.0	0.0
3.906250	0.935933381	-14.53563	0.0	0.0
3.911133	0.934401453	-14.55661	0.0	0.0
3.916016	0.935134902	-14.57550	0.0	0.0
3.920898	0.935281154	-14.59423	0.0	0.0
3.925781	0.936562985	-14.61214	0.0	0.0
3.930664	0.936438406	-14.62966	0.0	0.0
3.935547	0.936297942	-14.64828	0.0	0.0
3.940430	0.936209033	-14.66790	0.0	0.0
3.945313	0.937184230	-14.68549	0.0	0.0
3.950195	0.936447685	-14.70141	0.0	0.0
3.955078	0.935468176	-14.71970	0.0	0.0
3.959961	0.934934935	-14.73953	0.0	0.0
3.964844	0.934453259	-14.75716	0.0	0.0
3.969727	0.933972570	-14.77503	0.0	0.0
3.974609	0.933140847	-14.79456	0.0	0.0
3.979492	0.933498063	-14.81562	0.0	0.0
3.984375	0.933385233	-14.83274	0.0	0.0
3.989258	0.932388899	-14.85127	0.0	0.0
3.994141	0.932968155	-14.87068	0.0	0.0
3.999023	0.934062969	-14.88891	0.0	0.0
4.003906	0.935508717	-14.90725	0.0	0.0
4.008789	0.935147884	-14.92328	0.0	0.0
4.013672	0.934103913	-14.94142	0.0	0.0
4.018555	0.931716527	-14.96048	0.0	0.0
4.023438	0.930819348	-14.98071	0.0	0.0
4.028320	0.931932796	-15.00044	0.0	0.0
4.033203	0.933219677	-15.01739	0.0	0.0
4.038086	0.932013143	-15.03567	0.0	0.0
4.042969	0.931887228	-15.05386	0.0	0.0
4.047852	0.931033643	-15.07157	0.0	0.0
4.052734	0.930968184	-15.09071	0.0	0.0
4.057617	0.929116347	-15.10868	0.0	0.0
4.062500	0.929446410	-15.12888	0.0	0.0
4.067383	0.930490163	-15.14760	0.0	0.0
4.072266	0.930589182	-15.16550	0.0	0.0
4.077148	0.929102187	-15.18322	0.0	0.0
4.082031	0.930367862	-15.20410	0.0	0.0
4.086914	0.931286548	-15.22161	0.0	0.0
4.091797	0.930335790	-15.23737	0.0	0.0
4.096680	0.928733846	-15.25695	0.0	0.0
4.101563	0.928151839	-15.27597	0.0	0.0
4.106445	0.928287420	-15.29384	0.0	0.0
4.111328	0.927144428	-15.31478	0.0	0.0
4.116211	0.927609023	-15.33380	0.0	0.0
4.121094	0.929697965	-15.35238	0.0	0.0
4.125977	0.929276443	-15.37055	0.0	0.0
4.130859	0.929911374	-15.38759	0.0	0.0
4.135742	0.929291617	-15.40500	0.0	0.0
4.140625	0.927891938	-15.42279	0.0	0.0
4.145508	0.926291119	-15.44136	0.0	0.0
4.150391	0.926314543	-15.46302	0.0	0.0
4.155273	0.926688747	-15.48300	0.0	0.0
4.160156	0.928767322	-15.50102	0.0	0.0
4.165039	0.930076847	-15.51709	0.0	0.0
4.169922	0.929261816	-15.53435	0.0	0.0
4.174805	0.927738315	-15.55233	0.0	0.0
4.179688	0.926821258	-15.57042	0.0	0.0
4.184570	0.925897283	-15.58890	0.0	0.0
4.189453	0.925373611	-15.60873	0.0	0.0
4.194336	0.926001254	-15.62744	0.0	0.0
4.199219	0.924782026	-15.64589	0.0	0.0
4.204102	0.925263973	-15.66526	0.0	0.0
4.208984	0.926397798	-15.68387	0.0	0.0
4.213867	0.925498576	-15.70049	0.0	0.0
4.218750	0.924870823	-15.71937	0.0	0.0
4.223633	0.925541872	-15.73719	0.0	0.0
4.228516	0.923492481	-15.75601	0.0	0.0
4.233398	0.923115379	-15.77703	0.0	0.0
4.238281	0.923685317	-15.79469	0.0	0.0
4.243164	0.923206147	-15.81372	0.0	0.0
4.248047	0.924703222	-15.83211	0.0	0.0
4.252930	0.923641549	-15.84859	0.0	0.0
4.257813	0.922196547	-15.87005	0.0	0.0
4.262695	0.924668193	-15.88713	0.0	0.0
4.267578	0.924078999	-15.90472	0.0	0.0
4.272461	0.922498311	-15.92324	0.0	0.0
4.277344	0.922257792	-15.94196	0.0	0.0
4.282227	0.922804683	-15.96007	0.0	0.0
4.287109	0.923445628	-15.97910	0.0	0.0
4.291992	0.921455944	-15.99662	0.0	0.0
4.296875	0.919532674	-16.01513	0.0	0.0
4.301758	0.919979464	-16.03689	0.0	0.0
4.306641	0.921198706	-16.05520	0.0	0.0
4.311523	0.921928651	-16.07471	0.0	0.0
4.316406	0.923874673	-16.09041	0.0	0.0
4.321289	0.922586230	-16.10776	0.0	0.0
4.326172	0.920519445	-16.12570	0.0	0.0
4.331055	0.920481796	-16.14705	0.0	0.0
4.335938	0.922924723	-16.16487	0.0	0.0
4.340820	0.922455247	-16.18050	0.0	0.0
4.345703	0.921527295	-16.19774	0.0	0.0
4.350586	0.919246745	-16.21749	0.0	0.0
4.355469	0.917718801	-16.23603	0.0	0.0
4.360352	0.917851396	-16.25597	0.0	0.0
4.365234	0.918219622	-16.27477	0.0	0.0
4.370117	0.917687790	-16.29322	0.0	0.0
4.375000	0.918064871	-16.31326	0.0	0.0
4.379883	0.920530994	-16.33136	0.0	0.0
4.384766	0.918668440	-16.34911	0.0	0.0
4.389648	0.919684991	-16.36858	0.0	0.0
4.394531	0.919211491	-16.38565	0.0	0.0
4.399414	0.920520989	-16.40402	0.0	0.0
4.404297	0.919481178	-16.42146	0.0	0.0
4.409180	0.918005802	-16.43948	0.0	0.0
4.414063	0.918787543	-16.45930	0.0	0.0
4.418945	0.918412012	-16.47651	0.0	0.0
4.423828	0.916353628	-16.49470	0.0	0.0
4.428711	0.916436433	-16.51436	0.0	0.0
4.433594	0.915949050	-16.53226	0.0	0.0
4.438477	0.916303038	-16.55153	0.0	0.0
4.443359	0.914521933	-16.56951	0.0	0.0
4.448242	0.916178484	-16.58861	0.0	0.0
4.453125	0.915584166	-16.60681	0.0	0.0
4.458008	0.914368276	-16.62528	0.0	0.0
4.462891	0.914777584	-16.64512	0.0	0.0
4.467773	0.915021575	-16.66377	0.0	0.0
4.472656	0.915589166	-16.68201	0.0	0.0
4.477539	0.915723230	-16.69891	0.0	0.0
4.482422	0.913838340	-16.71688	0.0	0.0
4.487305	0.913175724	-16.73803	0.0	0.0
4.492188	0.913761039	-16.75660	0.0	0.0
4.497070	0.913419048	-16.77383	0.0	0.0
4.501953	0.914514923	-16.79408	0.0	0.0
4.506836	0.914544965	-16.81156	0.0	0.0
4.511719	0.913269767	-16.82886	0.0	0.0
4.516602	0.912925750	-16.84817	0.0	0.0
4.521484	0.912174051	-16.86737	0.0	0.0
4.526367	0.913772401	-16.88492	0.0	0.0
4.531250	0.913300691	-16.90279	0.0	0.0
4.536133	0.912308529	-16.92260	0.0	0.0
4.541016	0.913328890	-16.94078	0.0	0.0
4.545898	0.913126281	-16.95779	0.0	0.0
4.550781	0.912275605	-16.97536	0.0	0.0
4.555664	0.910710617	-16.99541	0.0	0.0
4.560547	0.911409307	-17.01492	0.0	0.0
4.565430	0.912597667	-17.03365	0.0	0.0
4.570313	0.912606700	-17.05129	0.0	0.0
4.575195	0.911712495	-17.06895	0.0	0.0
4.580078	0.911359433	-17.08767	0.0	0.0
4.584961	0.910367310	-17.10563	0.0	0.0
4.589844	0.910045904	-17.12505	0.0	0.0
4.594727	0.909835283	-17.14300	0.0	0.0
4.599609	0.909239860	-17.16044	0.0	0.0
4.604492	0.909598984	-17.17999	0.0	0.0
4.609375	0.908314111	-17.19789	0.0	0.0
4.614258	0.907809691	-17.21803	0.0	0.0
4.619141	0.909379428	-17.23772	0.0	0.0
4.624023	0.910148913	-17.25496	0.0	0.0
4.628906	0.910511836	-17.27233	0.0	0.0
4.633789	0.908963889	-17.29032	0.0	0.0
4.638672	0.907507965	-17.30939	0.0	0.0
4.643555	0.907063833	-17.32864	0.0	0.0
4.648438	0.908075482	-17.34632	0.0	0.0
4.653320	0.908340406	-17.36516	0.0	0.0
4.658203	0.908233452	-17.38452	0.0	0.0
4.663086	0.907845629	-17.40281	0.0	0.0
4.667969	0.907323312	-17.42156	0.0	0.0
4.672852	0.908131039	-17.43998	0.0	0.0
4.677734	0.909552798	-17.45877	0.0	0.0
4.682617	0.909298392	-17.47630	0.0	0.0
4.687500	0.910595432	-17.49371	0.0	0.0
4.692383	0.909041695	-17.51041	0.0	0.0
4.697266	0.907508767	-17.52788	0.0	0.0
4.702148	0.906737229	-17.54728	0.0	0.0
4.707031	0.906327577	-17.56660	0.0	0.0
4.711914	0.906794910	-17.58557	0.0	0.0
4.716797	0.905502330	-17.60326	0.0	0.0
4.721680	0.904843524	-17.62215	0.0	0.0
4.726563	0.905529290	-17.64070	0.0	0.0
4.731445	0.905674231	-17.65877	0.0	0.0
4.736328	0.906372762	-17.67571	0.0	0.0
4.741211	0.904576047	-17.69381	0.0	0.0
4.746094	0.904005212	-17.71330	0.0	0.0
4.750977	0.902804676	-17.73123	0.0	0.0
4.755859	0.901813743	-17.75127	0.0	0.0
4.760742	0.902405423	-17.76978	0.0	0.0
4.765625	0.902243834	-17.78874	0.0	0.0
4.770508	0.902827531	-17.80799	0.0	0.0
4.775391	0.901769384	-17.82572	0.0	0.0
4.780273	0.901493105	-17.84658	0.0	0.0
4.785156	0.904442947	-17.86398	0.0	0.0
4.790039	0.903503377	-17.87910	0.0	0.0
4.794922	0.902237671	-17.89872	0.0	0.0
4.799805	0.900790144	-17.91664	0.0	0.0
4.804688	0.901529798	-17.93661	0.0	0.0
4.809570	0.900678254	-17.95342	0.0	0.0
4.814453	0.900551124	-17.97148	0.0	0.0
4.819336	0.898391151	-17.99012	0.0	0.0
4.824219	0.898961725	-18.01187	0.0	0.0
4.829102	0.901742874	-18.03015	0.0	0.0
4.833984	0.901703605	-18.04571	0.0	0.0
4.838867	0.901040782	-18.06378	0.0	0.0
4.843750	0.898953065	-18.08228	0.0	0.0
4.848633	0.898691467	-18.10199	0.0	0.0
4.853516	0.898984184	-18.12039	0.0	0.0
4.858398	0.898630670	-18.13887	0.0	0.0
4.863281	0.898019263	-18.15838	0.0	0.0
4.868164	0.897817899	-18.17535	0.0	0.0
4.873047	0.897048414	-18.19434	0.0	0.0
4.877930	0.897667073	-18.21439	0.0	0.0
4.882813	0.897183109	-18.23081	0.0	0.0
4.887695	0.896865126	-18.24989	0.0	0.0
4.892578	0.895943509	-18.26734	0.0	0.0
4.897461	0.896336815	-18.28666	0.0	0.0
4.902344	0.895855806	-18.30396	0.0	0.0
4.907227	0.895871693	-18.32247	0.0	0.0
4.912109	0.894525332	-18.34165	0.0	0.0
4.916992	0.893534620	-18.36349	0.0	0.0
4.921875	0.896210635	-18.38022	0.0	0.0
4.926758	0.894827743	-18.39775	0.0	0.0
4.931641	0.894325968	-18.41717	0.0	0.0
4.936523	0.895962639	-18.43699	0.0	0.0
4.941406	0.896423838	-18.45419	0.0	0.0
4.946289	0.894798012	-18.47097	0.0	0.0
4.951172	0.893310512	-18.49080	0.0	0.0
4.956055	0.893089217	-18.51116	0.0	0.0
4.960938	0.893727144	-18.52913	0.0	0.0
4.965820	0.895567924	-18.54766	0.0	0.0
4.970703	0.894869533	-18.56499	0.0	0.0
4.975586	0.894882195	-18.58392	0.0	0.0
4.980469	0.895608823	-18.60198	0.0	0.0
4.985352	0.894431475	-18.62001	0.0	0.0
4.990234	0.895249881	-18.63841	0.0	0.0
4.995117	0.895942819	-18.65573	0.0	0.0
5.000000	0.893851107	-18.67359	0.0	0.0
5.004883	0.894510432	-18.69259	0.0	0.0
5.009766	0.894459766	-18.70877	0.0	0.0
5.014648	0.893198559	-18.72633	0.0	0.0
5.019531	0.891357805	-18.74578	0.0	0.0
5.024414	0.891096851	-18.76421	0.0	0.0
5.029297	0.890230665	-18.78387	0.0	0.0
5.034180	0.890562083	-18.80233	0.0	0.0
5.039063	0.890655533	-18.81969	0.0	0.0
5.043945	0.888131774	-18.83954	0.0	0.0
5.048828	0.889265770	-18.86012	0.0	0.0
5.053711	0.890604046	-18.87895	0.0	0.0
5.058594	0.889532536	-18.89602	0.0	0.0
5.063477	0.890646620	-18.91566	0.0	0.0
5.068359	0.891857378	-18.93253	0.0	0.0
5.073242	0.888867894	-18.95054	0.0	0.0
5.078125	0.888850653	-18.96897	0.0	0.0
5.083008	0.889612189	-18.98745	0.0	0.0
5.087891	0.890005503	-19.00645	0.0	0.0
5.092773	0.890160910	-19.02482	0.0	0.0
5.097656	0.890153432	-19.04231	0.0	0.0
5.102539	0.888524330	-19.05900	0.0	0.0
5.107422	0.888122068	-19.07815	0.0	0.0
5.112305	0.887266803	-19.09671	0.0	0.0
5.117188	0.886363198	-19.11421	0.0	0.0
5.122070	0.885243490	-19.13415	0.0	0.0
5.126953	0.885886350	-19.15434	0.0	0.0
5.131836	0.886158108	-19.17284	0.0	0.0
5.136719	0.888063018	-19.19057	0.0	0.0
5.141602	0.886350227	-19.20722	0.0	0.0
5.146484	0.885512767	-19.22799	0.0	0.0
5.151367	0.887125423	-19.24552	0.0	0.0
5.156250	0.885782735	-19.26303	0.0	0.0
5.161133	0.886158929	-19.28294	0.0	0.0
5.166016	0.884722551	-19.30013	0.0	0.0
5.170898	0.884929998	-19.32072	0.0	0.0
5.175781	0.886349988	-19.33883	0.0	0.0
5.180664	0.885848956	-19.35557	0.0	0.0
5.185547	0.885405149	-19.37406	0.0	0.0
5.190430	0.884543038	-19.39296	0.0	0.0
5.195313	0.884548121	-19.41137	0.0	0.0
5.200195	0.883907015	-19.43092	0.0	0.0
5.205078	0.883884451	-19.44845	0.0	0.0
5.209961	0.884791128	-19.46615	0.0	0.0
5.214844	0.884348275	-19.48436	0.0	0.0
5.219727	0.884150058	-19.50328	0.0	0.0
5.224609	0.884944160	-19.52144	0.0	0.0
5.229492	0.883845330	-19.53756	0.0	0.0
5.234375	0.883192367	-19.55638	0.0	0.0
5.239258	0.881851937	-19.57591	0.0	0.0
5.244141	0.880064750	-19.59417	0.0	0.0
5.249023	0.880944563	-19.61472	0.0	0.0
5.253906	0.880760128	-19.63153	0.0	0.0
5.258789	0.881131924	-19.65252	0.0	0.0
5.263672	0.882256169	-19.66975	0.0	0.0
5.268555	0.882009526	-19.68620	0.0	0.0
5.273438	0.880798395	-19.70416	0.0	0.0
5.278320	0.878197819	-19.72285	0.0	0.0
5.283203	0.878195790	-19.74515	0.0	0.0
5.288086	0.879750801	-19.76369	0.0	0.0
5.292969	0.880684488	-19.78179	0.0	0.0
5.297852	0.881212840	-19.79849	0.0	0.0
5.302734	0.879982066	-19.81690	0.0	0.0
5.307617	0.879825092	-19.83622	0.0	0.0
5.312500	0.881144131	-19.85340	0.0	0.0
5.317383	0.879387863	-19.86989	0.0	0.0
5.322266	0.878475625	-19.88895	0.0	0.0
5.327148	0.877620598	-19.90691	0.0	0.0
5.332031	0.876896712	-19.92587	0.0	0.0
5.336914	0.877537285	-19.94565	0.0	0.0
5.341797	0.877564612	-19.96263	0.0	0.0
5.346680	0.876401043	-19.98090	0.0	0.0
5.351563	0.875613099	-20.00130	0.0	0.0
5.356445	0.876529585	-20.02056	0.0	0.0
5.361328	0.877230124	-20.03943	0.0	0.0
5.366211	0.876751677	-20.05680	0.0	0.0
5.371094	0.876473332	-20.07369	0.0	0.0
5.375977	0.877605491	-20.09359	0.0	0.0
5.380859	0.876544491	-20.11179	0.0	0.0
5.385742	0.875559413	-20.12951	0.0	0.0
5.390625	0.876512071	-20.15032	0.0	0.0
5.395508	0.878200898	-20.16600	0.0	0.0
5.400391	0.876457894	-20.18355	0.0	0.0
5.405273	0.875253063	-20.20094	0.0	0.0
5.410156	0.872957302	-20.21923	0.0	0.0
5.415039	0.872645425	-20.24050	0.0	0.0
5.419922	0.872658748	-20.25927	0.0	0.0
5.424805	0.872252253	-20.27838	0.0	0.0
5.429688	0.873936817	-20.29636	0.0	0.0
5.434570	0.873195241	-20.31428	0.0	0.0
5.439453	0.873551380	-20.33340	0.0	0.0
5.444336	0.873937043	-20.35225	0.0	0.0
5.449219	0.874048748	-20.37032	0.0	0.0
5.454102	0.874638297	-20.38801	0.0	0.0
5.458984	0.874563728	-20.40593	0.0	0.0
5.463867	0.872953131	-20.42236	0.0	0.0
5.468750	0.871926833	-20.44066	0.0	0.0
5.473633	0.870935049	-20.45909	0.0	0.0
5.478516	0.870135403	-20.47884	0.0	0.0
5.483398	0.870925820	-20.49653	0.0	0.0
5.488281	0.870713312	-20.51443	0.0	0.0
5.493164	0.869543272	-20.53364	0.0	0.0
5.498047	0.868748586	-20.55250	0.0	0.0
5.502930	0.869052258	-20.57069	0.0	0.0
5.507813	0.868711685	-20.58966	0.0	0.0
5.512695	0.868415439	-20.61011	0.0	0.0
5.517578	0.869537561	-20.62778	0.0	0.0
5.522461	0.868847281	-20.64410	0.0	0.0
5.527344	0.867842822	-20.66395	0.0	0.0
5.532227	0.868220223	-20.68178	0.0	0.0
5.537109	0.867484668	-20.70030	0.0	0.0
5.541992	0.867306559	-20.72026	0.0	0.0
5.546875	0.866813290	-20.73708	0.0	0.0
5.551758	0.867177799	-20.75805	0.0	0.0
5.556641	0.867108963	-20.77451	0.0	0.0
5.561523	0.867032238	-20.79351	0.0	0.0
5.566406	0.867392717	-20.81239	0.0	0.0
5.571289	0.869150470	-20.82993	0.0	0.0
5.576172	0.867494192	-20.84670	0.0	0.0
5.581055	0.868098771	-20.86610	0.0	0.0
5.585938	0.867685181	-20.88246	0.0	0.0
5.590820	0.866871842	-20.90108	0.0	0.0
5.595703	0.866252484	-20.91879	0.0	0.0
5.600586	0.865441148	-20.94007	0.0	0.0
5.605469	0.865958965	-20.95834	0.0	0.0
5.610352	0.865415427	-20.97492	0.0	0.0
5.615234	0.863727919	-20.99285	0.0	0.0
5.620117	0.863338987	-21.01243	0.0	0.0
5.625000	0.864073305	-21.03010	0.0	0.0
5.629883	0.863331923	-21.04919	0.0	0.0
5.634766	0.862912455	-21.06794	0.0	0.0
5.639648	0.862708571	-21.08760	0.0	0.0
5.644531	0.864299134	-21.10487	0.0	0.0
5.649414	0.862100949	-21.12313	0.0	0.0
5.654297	0.861667697	-21.14208	0.0	0.0
5.659180	0.862395887	-21.15971	0.0	0.0
5.664063	0.862563985	-21.17932	0.0	0.0
5.668945	0.861618906	-21.19685	0.0	0.0
5.673828	0.861020288	-21.21525	0.0	0.0
5.678711	0.860961991	-21.23349	0.0	0.0
5.683594	0.858827131	-21.25176	0.0	0.0
5.688477	0.860044273	-21.27141	0.0	0.0
5.693359	0.858993984	-21.28975	0.0	0.0
5.698242	0.859473953	-21.30873	0.0	0.0
5.703125	0.860300262	-21.32745	0.0	0.0
5.708008	0.861063532	-21.34590	0.0	0.0
5.712891	0.860041778	-21.36406	0.0	0.0
5.717773	0.861008663	-21.38098	0.0	0.0
5.722656	0.859522502	-21.39979	0.0	0.0
5.727539	0.859274167	-21.42034	0.0	0.0
5.732422	0.860308824	-21.43802	0.0	0.0
5.737305	0.860942974	-21.45491	0.0	0.0
5.742188	0.859083029	-21.47117	0.0	0.0
5.747070	0.858121391	-21.48960	0.0	0.0
5.751953	0.857130265	-21.50783	0.0	0.0
5.756836	0.856703852	-21.52602	0.0	0.0
5.761719	0.855669491	-21.54433	0.0	0.0
5.766602	0.853977056	-21.56529	0.0	0.0
5.771484	0.855614489	-21.58541	0.0	0.0
5.776367	0.856669483	-21.60173	0.0	0.0
5.781250	0.854309205	-21.61910	0.0	0.0
5.786133	0.854279213	-21.63868	0.0	0.0
5.791016	0.853200697	-21.65830	0.0	0.0
5.795898	0.855153566	-21.67724	0.0	0.0
5.800781	0.854780242	-21.69687	0.0	0.0
5.805664	0.855356007	-21.71492	0.0	0.0
5.810547	0.856748018	-21.73132	0.0	0.0
5.815430	0.854107745	-21.74924	0.0	0.0
5.820313	0.854950920	-21.76870	0.0	0.0
5.825195	0.855025009	-21.78645	0.0	0.0
5.830078	0.853667263	-21.80367	0.0	0.0
5.834961	0.854318571	-21.82380	0.0	0.0
5.839844	0.854750542	-21.84188	0.0	0.0
5.844727	0.854067401	-21.85777	0.0	0.0
5.849609	0.852263340	-21.87729	0.0	0.0
5.854492	0.853718843	-21.89656	0.0	0.0
5.859375	0.852667996	-21.91434	0.0	0.0
5.864258	0.851630950	-21.93296	0.0	0.0
5.869141	0.851722629	-21.95137	0.0	0.0
5.874023	0.852858396	-21.97129	0.0	0.0
5.878906	0.853679479	-21.98723	0.0	0.0
5.883789	0.851558079	-22.00545	0.0	0.0
5.888672	0.852771362	-22.02315	0.0	0.0
5.893555	0.851184837	-22.04073	0.0	0.0
5.898438	0.849168797	-22.05945	0.0	0.0
5.903320	0.850091026	-22.07859	0.0	0.0
5.908203	0.850121628	-22.09816	0.0	0.0
5.913086	0.850302600	-22.11541	0.0	0.0
5.917969	0.848682836	-22.13359	0.0	0.0
5.922852	0.849522336	-22.15429	0.0	0.0
5.927734	0.850490533	-22.17157	0.0	0.0
5.932617	0.848312581	-22.18829	0.0	0.0
5.937500	0.847149974	-22.20737	0.0	0.0
5.942383	0.847697461	-22.22676	0.0	0.0
5.947266	0.846792377	-22.24382	0.0	0.0
5.952148	0.846399332	-22.26313	0.0	0.0
5.957031	0.846461280	-22.28167	0.0	0.0
5.961914	0.845874634	-22.29902	0.0	0.0
5.966797	0.845400022	-22.31799	0.0	0.0
5.971680	0.844481268	-22.33815	0.0	0.0
5.976563	0.844820279	-22.35833	0.0	0.0
5.981445	0.844719061	-22.37506	0.0	0.0
5.986328	0.845248624	-22.39396	0.0	0.0
5.991211	0.844676728	-22.41426	0.0	0.0
5.996094	0.844692378	-22.43192	0.0	0.0
6.000977	0.844522321	-22.44937	0.0	0.0
6.005859	0.844798289	-22.46723	0.0	0.0
6.010742	0.846021272	-22.48628	0.0	0.0
6.015625	0.845912044	-22.50243	0.0	0.0
6.020508	0.843583634	-22.52088	0.0	0.0
6.025391	0.844553050	-22.54053	0.0	0.0
6.030273	0.844793522	-22.55898	0.0	0.0
6.035156	0.844228481	-22.57560	0.0	0.0
6.040039	0.844045551	-22.59257	0.0	0.0
6.044922	0.841935467	-22.61238	0.0	0.0
6.049805	0.842218137	-22.63113	0.0	0.0
6.054688	0.841937984	-22.64947	0.0	0.0
6.059570	0.841153985	-22.66897	0.0	0.0
6.064453	0.840461343	-22.68765	0.0	0.0
6.069336	0.841890060	-22.70673	0.0	0.0
6.074219	0.843059412	-22.72387	0.0	0.0
6.079102	0.841415113	-22.74190	0.0	0.0
6.083984	0.840874682	-22.76202	0.0	0.0
6.088867	0.842746035	-22.77973	0.0	0.0
6.093750	0.842108339	-22.79647	0.0	0.0
6.098633	0.841348899	-22.81698	0.0	0.0
6.103516	0.841113822	-22.83457	0.0	0.0
6.108398	0.842085485	-22.85315	0.0	0.0
6.113281	0.841356487	-22.86832	0.0	0.0
6.118164	0.840144449	-22.88527	0.0	0.0
6.123047	0.838480826	-22.90371	0.0	0.0
6.127930	0.837752912	-22.92407	0.0	0.0
6.132813	0.837343107	-22.94342	0.0	0.0
6.137695	0.837586159	-22.96302	0.0	0.0
6.142578	0.838356345	-22.98105	0.0	0.0
6.147461	0.838338188	-22.99833	0.0	0.0
6.152344	0.838895257	-23.01758	0.0	0.0
6.157227	0.837535176	-23.03416	0.0	0.0
6.162109	0.835507674	-23.05359	0.0	0.0
6.166992	0.835552341	-23.07453	0.0	0.0
6.171875	0.836022974	-23.09113	0.0	0.0
6.176758	0.835143987	-23.10948	0.0	0.0
6.181641	0.834446603	-23.12878	0.0	0.0
6.186523	0.835656212	-23.14915	0.0	0.0
6.191406	0.837006074	-23.16746	0.0	0.0
6.196289	0.836884723	-23.18493	0.0	0.0
6.201172	0.837493501	-23.20028	0.0	0.0
6.206055	0.835021780	-23.21870	0.0	0.0
6.210938	0.834719874	-23.23744	0.0	0.0
6.215820	0.833918493	-23.25651	0.0	0.0
6.220703	0.834463429	-23.27505	0.0	0.0
6.225586	0.833318624	-23.29303	0.0	0.0
6.230469	0.833530878	-23.31144	0.0	0.0
6.235352	0.832895359	-23.33058	0.0	0.0
6.240234	0.833275357	-23.35016	0.0	0.0
6.245117	0.832663390	-23.36720	0.0	0.0
6.250000	0.833734026	-23.38579	0.0	0.0
6.254883	0.831697525	-23.40538	0.0	0.0
6.259766	0.833890406	-23.42400	0.0	0.0
6.264648	0.834283963	-23.44019	0.0	0.0
6.269531	0.832848909	-23.45842	0.0	0.0
6.274414	0.832789226	-23.47715	0.0	0.0
6.279297	0.831413112	-23.49584	0.0	0.0
6.284180	0.832232328	-23.51411	0.0	0.0
6.289063	0.830382505	-23.53257	0.0	0.0
6.293945	0.830986865	-23.55029	0.0	0.0
6.298828	0.831426388	-23.56714	0.0	0.0
6.303711	0.829052942	-23.58689	0.0	0.0
6.308594	0.829778842	-23.60526	0.0	0.0
6.313477	0.831794357	-23.62216	0.0	0.0
6.318359	0.829289635	-23.63908	0.0	0.0
6.323242	0.828485540	-23.65904	0.0	0.0
6.328125	0.826899887	-23.67830	0.0	0.0
6.333008	0.827160833	-23.69835	0.0	0.0
6.337891	0.828673974	-23.71670	0.0	0.0
6.342773	0.828476893	-23.73447	0.0	0.0
6.347656	0.827967006	-23.75072	0.0	0.0
6.352539	0.827346330	-23.76968	0.0	0.0
6.357422	0.827335536	-23.78844	0.0	0.0
6.362305	0.825672643	-23.80671	0.0	0.0
6.367188	0.825432438	-23.82457	0.0	0.0
6.372070	0.825177527	-23.84310	0.0	0.0
6.376953	0.825314758	-23.86318	0.0	0.0
6.381836	0.825875475	-23.88024	0.0	0.0
6.386719	0.825516597	-23.89741	0.0	0.0
6.391602	0.824431323	-23.91590	0.0	0.0
6.396484	0.823396090	-23.93537	0.0	0.0
6.401367	0.822885321	-23.95437	0.0	0.0
6.406250	0.822794094	-23.97386	0.0	0.0
6.411133	0.821639354	-23.99097	0.0	0.0
6.416016	0.821935291	-24.01255	0.0	0.0
6.420898	0.823481838	-24.02950	0.0	0.0
6.425781	0.821798849	-24.04696	0.0	0.0
6.430664	0.822452426	-24.06620	0.0	0.0
6.435547	0.822328773	-24.08349	0.0	0.0
6.440430	0.820747828	-24.10195	0.0	0.0
6.445313	0.821039707	-24.12287	0.0	0.0
6.450195	0.821431512	-24.14148	0.0	0.0
6.455078	0.822345573	-24.15846	0.0	0.0
6.459961	0.823092979	-24.17443	0.0	0.0
6.464844	0.821678725	-24.19190	0.0	0.0
6.469727	0.819822625	-24.20987	0.0	0.0
6.474609	0.820163365	-24.22943	0.0	0.0
6.479492	0.819253853	-24.24811	0.0	0.0
6.484375	0.819549479	-24.26711	0.0	0.0
6.489258	0.818964291	-24.28524	0.0	0.0
6.494141	0.818522155	-24.30494	0.0	0.0
6.499023	0.816930875	-24.32286	0.0	0.0
6.503906	0.818828178	-24.34172	0.0	0.0
6.508789	0.817354493	-24.35960	0.0	0.0
6.513672	0.818279886	-24.37939	0.0	0.0
6.518555	0.819383486	-24.39840	0.0	0.0
6.523438	0.819031420	-24.41522	0.0	0.0
6.528320	0.817627376	-24.43199	0.0	0.0
6.533203	0.817560372	-24.45088	0.0	0.0
6.538086	0.817070234	-24.46856	0.0	0.0
6.542969	0.816901353	-24.48690	0.0	0.0
6.547852	0.816145811	-24.50623	0.0	0.0
6.552734	0.816085645	-24.52493	0.0	0.0
6.557617	0.817697174	-24.54149	0.0	0.0
6.562500	0.814748965	-24.56051	0.0	0.0
6.567383	0.814886597	-24.57807	0.0	0.0
6.572266	0.814912568	-24.59789	0.0	0.0
6.577148	0.815460446	-24.61547	0.0	0.0
6.582031	0.814808766	-24.63418	0.0	0.0
6.586914	0.815360489	-24.65256	0.0	0.0
6.591797	0.814228062	-24.66974	0.0	0.0
6.596680	0.813876024	-24.68908	0.0	0.0
6.601563	0.813193063	-24.70758	0.0	0.0
6.606445	0.811867878	-24.72613	0.0	0.0
6.611328	0.812296159	-24.74526	0.0	0.0
6.616211	0.814201681	-24.76189	0.0	0.0
6.621094	0.812153076	-24.77876	0.0	0.0
6.625977	0.810966029	-24.79952	0.0	0.0
6.630859	0.812716705	-24.81928	0.0	0.0
6.635742	0.811853679	-24.83618	0.0	0.0
6.640625	0.810421002	-24.85420	0.0	0.0
6.645508	0.811274889	-24.87443	0.0	0.0
6.650391	0.812040617	-24.89226	0.0	0.0
6.655273	0.809676242	-24.90902	0.0	0.0
6.660156	0.810427254	-24.92882	0.0	0.0
6.665039	0.811585339	-24.94671	0.0	0.0
6.669922	0.810667592	-24.96315	0.0	0.0
6.674805	0.808657727	-24.98283	0.0	0.0
6.679688	0.809251050	-25.00267	0.0	0.0
6.684570	0.810014597	-25.02161	0.0	0.0
6.689453	0.810649886	-25.03766	0.0	0.0
6.694336	0.810495455	-25.05466	0.0	0.0
6.699219	0.808921230	-25.07404	0.0	0.0
6.704102	0.808088752	-25.09315	0.0	0.0
6.708984	0.809153483	-25.10996	0.0	0.0
6.713867	0.807612650	-25.12733	0.0	0.0
6.718750	0.806458348	-25.14584	0.0	0.0
6.723633	0.805503678	-25.16677	0.0	0.0
6.728516	0.806301201	-25.18453	0.0	0.0
6.733398	0.806479411	-25.20290	0.0	0.0
6.738281	0.806001180	-25.22089	0.0	0.0
6.743164	0.805276448	-25.24005	0.0	0.0
6.748047	0.805997510	-25.25774	0.0	0.0
6.752930	0.805906634	-25.27489	0.0	0.0
6.757813	0.804203782	-25.29540	0.0	0.0
6.762695	0.804881724	-25.31344	0.0	0.0
6.767578	0.804356571	-25.33065	0.0	0.0
6.772461	0.804636361	-25.34968	0.0	0.0
6.777344	0.803289678	-25.36903	0.0	0.0
6.782227	0.803916632	-25.38702	0.0	0.0
6.787109	0.805653514	-25.40454	0.0	0.0
6.791992	0.803203767	-25.42210	0.0	0.0
6.796875	0.802309006	-25.44042	0.0	0.0
6.801758	0.801607898	-25.45991	0.0	0.0
6.806641	0.802340323	-25.47891	0.0	0.0
6.811523	0.802841927	-25.49713	0.0	0.0
6.816406	0.802477167	-25.51414	0.0	0.0
6.821289	0.801246128	-25.53319	0.0	0.0
6.826172	0.800692703	-25.55258	0.0	0.0
6.831055	0.800869626	-25.56966	0.0	0.0
6.835938	0.800675988	-25.58898	0.0	0.0
6.840820	0.800928147	-25.60910	0.0	0.0
6.845703	0.801757050	-25.62565	0.0	0.0
6.850586	0.801385430	-25.64099	0.0	0.0
6.855469	0.799477126	-25.65945	0.0	0.0
6.860352	0.799215044	-25.67839	0.0	0.0
6.865234	0.799081991	-25.69644	0.0	0.0
6.870117	0.797518918	-25.71528	0.0	0.0
6.875000	0.797797377	-25.73576	0.0	0.0
6.879883	0.796551077	-25.75571	0.0	0.0
6.884766	0.798074665	-25.77423	0.0	0.0
6.889648	0.798054947	-25.79038	0.0	0.0
6.894531	0.796665037	-25.80805	0.0	0.0
6.899414	0.795466738	-25.82626	0.0	0.0
6.904297	0.794481533	-25.84758	0.0	0.0
6.909180	0.795541664	-25.86654	0.0	0.0
6.914063	0.796505947	-25.88437	0.0	0.0
6.918945	0.795389814	-25.90220	0.0	0.0
6.923828	0.795189285	-25.92114	0.0	0.0
6.928711	0.796689855	-25.93842	0.0	0.0
6.933594	0.796196145	-25.95569	0.0	0.0
6.938477	0.795094737	-25.97357	0.0	0.0
6.943359	0.795086642	-25.99232	0.0	0.0
6.948242	0.794332124	-26.01260	0.0	0.0
6.953125	0.795258937	-26.02946	0.0	0.0
6.958008	0.794229914	-26.04697	0.0	0.0
6.962891	0.793500837	-26.06651	0.0	0.0
6.967773	0.792747371	-26.08474	0.0	0.0
6.972656	0.793684790	-26.10201	0.0	0.0
6.977539	0.792359908	-26.11914	0.0	0.0
6.982422	0.790625831	-26.13909	0.0	0.0
6.987305	0.792643427	-26.16059	0.0	0.0
6.992188	0.794004543	-26.17676	0.0	0.0
6.997070	0.792007807	-26.19443	0.0	0.0
7.001953	0.791673395	-26.21438	0.0	0.0
7.006836	0.792549966	-26.23258	0.0	0.0
7.011719	0.793487988	-26.25072	0.0	0.0
7.016602	0.792635942	-26.26811	0.0	0.0
7.021484	0.791265412	-26.28525	0.0	0.0
7.026367	0.791247363	-26.30377	0.0	0.0
7.031250	0.788857514	-26.32138	0.0	0.0
7.036133	0.788710619	-26.34025	0.0	0.0
7.041016	0.788710172	-26.36185	0.0	0.0
7.045898	0.789937964	-26.37833	0.0	0.0
7.050781	0.788601835	-26.39465	0.0	0.0
7.055664	0.787839832	-26.41461	0.0	0.0
7.060547	0.788577393	-26.43314	0.0	0.0
7.065430	0.787054920	-26.45042	0.0	0.0
7.070313	0.787351182	-26.47068	0.0	0.0
7.075195	0.788270207	-26.48860	0.0	0.0
7.080078	0.787231021	-26.50636	0.0	0.0
7.084961	0.786593063	-26.52405	0.0	0.0
7.089844	0.787856519	-26.54168	0.0	0.0
7.094727	0.786130258	-26.56154	0.0	0.0
7.099609	0.786879259	-26.58007	0.0	0.0
7.104492	0.786076380	-26.59888	0.0	0.0
7.109375	0.786625225	-26.61540	0.0	0.0
7.114258	0.784517566	-26.63119	0.0	0.0
7.119141	0.782916509	-26.65184	0.0	0.0
7.124023	0.782450462	-26.67113	0.0	0.0
7.128906	0.784189787	-26.69049	0.0	0.0
7.133789	0.784974657	-26.70892	0.0	0.0
7.138672	0.782781430	-26.72596	0.0	0.0
7.143555	0.782837386	-26.74452	0.0	0.0
7.148438	0.783145052	-26.76149	0.0	0.0
7.153320	0.782358961	-26.78145	0.0	0.0
7.158203	0.783936867	-26.79847	0.0	0.0
7.163086	0.781672715	-26.81684	0.0	0.0
7.167969	0.781978356	-26.83544	0.0	0.0
7.172852	0.780734796	-26.85309	0.0	0.0
7.177734	0.779033787	-26.87132	0.0	0.0
7.182617	0.779399909	-26.89176	0.0	0.0
7.187500	0.780316144	-26.90977	0.0	0.0
7.192383	0.779627738	-26.92875	0.0	0.0
7.197266	0.779841592	-26.94828	0.0	0.0
7.202148	0.779452650	-26.96489	0.0	0.0
7.207031	0.779092970	-26.98263	0.0	0.0
7.211914	0.779528158	-27.00046	0.0	0.0
7.216797	0.778241964	-27.01811	0.0	0.0
7.221680	0.777550726	-27.03780	0.0	0.0
7.226563	0.777721590	-27.05667	0.0	0.0
7.231445	0.778206433	-27.07478	0.0	0.0
7.236328	0.777165136	-27.09291	0.0	0.0
7.241211	0.777578743	-27.11063	0.0	0.0
7.246094	0.776097741	-27.12879	0.0	0.0
7.250977	0.775423175	-27.14679	0.0	0.0
7.255859	0.774645289	-27.16570	0.0	0.0
7.260742	0.775719887	-27.18733	0.0	0.0
7.265625	0.775965694	-27.20432	0.0	0.0
7.270508	0.775363293	-27.22204	0.0	0.0
7.275391	0.774373885	-27.24131	0.0	0.0
7.280273	0.774885798	-27.25925	0.0	0.0
7.285156	0.775514632	-27.27634	0.0	0.0
7.290039	0.773935517	-27.29470	0.0	0.0
7.294922	0.774229965	-27.31527	0.0	0.0
7.299805	0.774632570	-27.33331	0.0	0.0
7.304688	0.774580925	-27.35003	0.0	0.0
7.309570	0.773447400	-27.36764	0.0	0.0
7.314453	0.773885999	-27.38849	0.0	0.0
7.319336	0.773653056	-27.40562	0.0	0.0
7.324219	0.772430929	-27.42416	0.0	0.0
7.329102	0.772950351	-27.44310	0.0	0.0
7.333984	0.771982641	-27.46038	0.0	0.0
7.338867	0.771427171	-27.47919	0.0	0.0
7.343750	0.771848104	-27.49854	0.0	0.0
7.348633	0.772248529	-27.51505	0.0	0.0
7.353516	0.773177019	-27.53318	0.0	0.0
7.358398	0.771224315	-27.55050	0.0	0.0
7.363281	0.770414579	-27.56961	0.0	0.0
7.368164	0.769524013	-27.58842	0.0	0.0
7.373047	0.770233195	-27.60783	0.0	0.0
7.377930	0.770618875	-27.62333	0.0	0.0
7.382813	0.769948502	-27.64155	0.0	0.0
7.387695	0.770170479	-27.66266	0.0	0.0
7.392578	0.769643324	-27.67828	0.0	0.0
7.397461	0.768297959	-27.69559	0.0	0.0
7.402344	0.766387716	-27.71509	0.0	0.0
7.407227	0.766949637	-27.73462	0.0	0.0
7.412109	0.766513175	-27.75369	0.0	0.0
7.416992	0.766124442	-27.77239	0.0	0.0
7.421875	0.766605428	-27.79236	0.0	0.0
7.426758	0.766829257	-27.80777	0.0	0.0
7.431641	0.766581709	-27.82576	0.0	0.0
7.436523	0.765484991	-27.84433	0.0	0.0
7.441406	0.766026239	-27.86607	0.0	0.0
7.446289	0.766876114	-27.88300	0.0	0.0
7.451172	0.766642158	-27.89982	0.0	0.0
7.456055	0.767858029	-27.91708	0.0	0.0
7.460938	0.765200580	-27.93445	0.0	0.0
7.465820	0.763263782	-27.95214	0.0	0.0
7.470703	0.763278174	-27.97254	0.0	0.0
7.475586	0.764072372	-27.99180	0.0	0.0
7.480469	0.762664374	-28.00914	0.0	0.0
7.485352	0.761565052	-28.02792	0.0	0.0
7.490234	0.761941563	-28.04700	0.0	0.0
7.495117	0.763197036	-28.06594	0.0	0.0
7.500000	0.762669139	-28.08271	0.0	0.0
7.504883	0.762022509	-28.10024	0.0	0.0
7.509766	0.759875998	-28.12074	0.0	0.0
7.514648	0.760667041	-28.14006	0.0	0.0
7.519531	0.761922258	-28.15771	0.0	0.0
7.524414	0.761586132	-28.17588	0.0	0.0
7.529297	0.761159504	-28.19333	0.0	0.0
7.534180	0.760132441	-28.20969	0.0	0.0
7.539063	0.759772028	-28.22924	0.0	0.0
7.543945	0.758751863	-28.24857	0.0	0.0
7.548828	0.759592257	-28.26654	0.0	0.0
7.553711	0.759210440	-28.28345	0.0	0.0
7.558594	0.757742757	-28.30335	0.0	0.0
7.563477	0.758156885	-28.31995	0.0	0.0
7.568359	0.755693017	-28.33884	0.0	0.0
7.573242	0.757058654	-28.35865	0.0	0.0
7.578125	0.756532915	-28.37559	0.0	0.0
7.583008	0.754004115	-28.39380	0.0	0.0
7.587891	0.755743176	-28.41342	0.0	0.0
7.592773	0.753283612	-28.42965	0.0	0.0
7.597656	0.752983679	-28.44974	0.0	0.0
7.602539	0.752779074	-28.46889	0.0	0.0
7.607422	0.751551211	-28.48626	0.0	0.0
7.612305	0.752155873	-28.50664	0.0	0.0
7.617188	0.752978340	-28.52374	0.0	0.0
7.622070	0.751685387	-28.54250	0.0	0.0
7.626953	0.751485637	-28.55942	0.0	0.0
7.631836	0.750236546	-28.58057	0.0	0.0
7.636719	0.750956787	-28.59773	0.0	0.0
7.641602	0.750136612	-28.61554	0.0	0.0
7.646484	0.750904426	-28.63192	0.0	0.0
7.651367	0.748773511	-28.64996	0.0	0.0
7.656250	0.747419627	-28.66908	0.0	0.0
7.661133	0.747392048	-28.68700	0.0	0.0
7.666016	0.747118469	-28.70722	0.0	0.0
7.670898	0.746975176	-28.72608	0.0	0.0
7.675781	0.746594652	-28.74176	0.0	0.0
7.680664	0.745211824	-28.76108	0.0	0.0
7.685547	0.745040363	-28.77895	0.0	0.0
7.690430	0.742551388	-28.79581	0.0	0.0
7.695313	0.742845620	-28.81690	0.0	0.0
7.700195	0.742885145	-28.83416	0.0	0.0
7.705078	0.741288754	-28.85002	0.0	0.0
7.709961	0.739541801	-28.86982	0.0	0.0
7.714844	0.737830912	-28.88805	0.0	0.0
7.719727	0.736320338	-28.90532	0.0	0.0
7.724609	0.736027615	-28.92561	0.0	0.0
7.729492	0.735820412	-28.94306	0.0	0.0
7.734375	0.733501469	-28.96316	0.0	0.0
7.739258	0.734457547	-28.98228	0.0	0.0
7.744141	0.733258222	-28.99975	0.0	0.0
7.749023	0.734062627	-29.01789	0.0	0.0
7.753906	0.731693472	-29.03571	0.0	0.0
7.758789	0.729761702	-29.05425	0.0	0.0
7.763672	0.730124980	-29.07390	0.0	0.0
7.768555	0.729750793	-29.09086	0.0	0.0
7.773438	0.728678081	-29.10996	0.0	0.0
7.778320	0.728132957	-29.12637	0.0	0.0
7.783203	0.725654626	-29.14547	0.0	0.0
7.788086	0.724003142	-29.16484	0.0	0.0
7.792969	0.724164391	-29.18397	0.0	0.0
7.797852	0.723360074	-29.20224	0.0	0.0
7.802734	0.722344050	-29.21722	0.0	0.0
7.807617	0.720425738	-29.23602	0.0	0.0
7.812500	0.718281238	-29.25543	0.0	0.0
7.817383	0.715905718	-29.27435	0.0	0.0
7.822266	0.714755029	-29.29495	0.0	0.0
7.827148	0.713432513	-29.31371	0.0	0.0
7.832031	0.714136816	-29.33192	0.0	0.0
7.836914	0.714593423	-29.35030	0.0	0.0
7.841797	0.713405975	-29.36775	0.0	0.0
7.846680	0.712025359	-29.38427	0.0	0.0
7.851563	0.711150711	-29.40358	0.0	0.0
7.856445	0.708930363	-29.41886	0.0	0.0
7.861328	0.707334456	-29.43609	0.0	0.0
7.866211	0.704709499	-29.45481	0.0	0.0
7.871094	0.702631304	-29.47360	0.0	0.0
7.875977	0.701191069	-29.49370	0.0	0.0
7.880859	0.699098555	-29.51191	0.0	0.0
7.885742	0.697623567	-29.52942	0.0	0.0
7.890625	0.695758438	-29.54947	0.0	0.0
7.895508	0.695937688	-29.56886	0.0	0.0
7.900391	0.694094072	-29.58552	0.0	0.0
7.905273	0.691736148	-29.60298	0.0	0.0
7.910156	0.690189778	-29.62353	0.0	0.0
7.915039	0.689003574	-29.63987	0.0	0.0
7.919922	0.687646628	-29.65848	0.0	0.0
7.924805	0.683787867	-29.67797	0.0	0.0
7.929688	0.684079956	-29.69684	0.0	0.0
7.934570	0.681780048	-29.71416	0.0	0.0
7.939453	0.679987788	-29.73420	0.0	0.0
7.944336	0.679189270	-29.75180	0.0	0.0
7.949219	0.678120078	-29.76957	0.0	0.0
7.954102	0.674484576	-29.78550	0.0	0.0
7.958984	0.671674024	-29.80412	0.0	0.0
7.963867	0.669889157	-29.82220	0.0	0.0
7.968750	0.668349854	-29.84176	0.0	0.0
7.973633	0.666406099	-29.85930	0.0	0.0
7.978516	0.664697232	-29.87678	0.0	0.0
7.983398	0.660873736	-29.89470	0.0	0.0
7.988281	0.659351404	-29.91447	0.0	0.0
7.993164	0.656392603	-29.93415	0.0	0.0
7.998047	0.654637719	-29.95315	0.0	0.0
8.002930	0.652735516	-29.97049	0.0	0.0
8.007813	0.650647216	-29.99030	0.0	0.0
8.012695	0.648833525	-30.00867	0.0	0.0
8.017578	0.647214878	-30.02592	0.0	0.0
8.022461	0.643687793	-30.04330	0.0	0.0
8.027344	0.640474176	-30.06226	0.0	0.0
8.032227	0.639483366	-30.08333	0.0	0.0
8.037109	0.638121228	-30.10093	0.0	0.0
8.041992	0.635967938	-30.11851	0.0	0.0
8.046875	0.634192936	-30.13627	0.0	0.0
8.051758	0.631252616	-30.15354	0.0	0.0
8.056641	0.627955702	-30.16968	0.0	0.0
8.061523	0.624895576	-30.18626	0.0	0.0
8.066406	0.621136663	-30.20752	0.0	0.0
8.071289	0.619270347	-30.22484	0.0	0.0
8.076172	0.616613120	-30.24288	0.0	0.0
8.081055	0.613299809	-30.26325	0.0	0.0
8.085938	0.610506286	-30.28178	0.0	0.0
8.090820	0.608370139	-30.30190	0.0	0.0
8.095703	0.605410255	-30.31953	0.0	0.0
8.100586	0.603589413	-30.33771	0.0	0.0
8.105469	0.601686308	-30.35396	0.0	0.0
8.110352	0.597459291	-30.37178	0.0	0.0
8.115234	0.594897521	-30.39148	0.0	0.0
8.120117	0.591907583	-30.40743	0.0	0.0
8.125000	0.588493405	-30.42540	0.0	0.0
8.129883	0.584606583	-30.44514	0.0	0.0
8.134766	0.581402191	-30.46405	0.0	0.0
8.139648	0.579488658	-30.48442	0.0	0.0
8.144531	0.576668347	-30.50189	0.0	0.0
8.149414	0.573372512	-30.51944	0.0	0.0
8.154297	0.570336553	-30.53651	0.0	0.0
8.159180	0.567134168	-30.55575	0.0	0.0
8.164063	0.563235461	-30.57415	0.0	0.0
8.168945	0.560527601	-30.59395	0.0	0.0
8.173828	0.558798305	-30.61016	0.0	0.0
8.178711	0.554612599	-30.62942	0.0	0.0
8.183594	0.551397749	-30.64774	0.0	0.0
8.188477	0.548047520	-30.66501	0.0	0.0
8.193359	0.544189036	-30.68338	0.0	0.0
8.198242	0.541162777	-30.70222	0.0	0.0
8.203125	0.537710594	-30.72211	0.0	0.0
8.208008	0.534645063	-30.74126	0.0	0.0
8.212891	0.532457127	-30.75876	0.0	0.0
8.217773	0.530211240	-30.77549	0.0	0.0
8.222656	0.525526253	-30.79383	0.0	0.0
8.227539	0.520830946	-30.81325	0.0	0.0
8.232422	0.518997210	-30.83207	0.0	0.0
8.237305	0.516402565	-30.85073	0.0	0.0
8.242188	0.513151661	-30.86782	0.0	0.0
8.247070	0.509474029	-30.88273	0.0	0.0
8.251953	0.504464512	-30.90269	0.0	0.0
8.256836	0.500958798	-30.92153	0.0	0.0
8.261719	0.496892828	-30.94160	0.0	0.0
8.266602	0.494417602	-30.96212	0.0	0.0
8.271484	0.492318129	-30.97729	0.0	0.0
8.276367	0.487502737	-30.99562	0.0	0.0
8.281250	0.483006133	-31.01383	0.0	0.0
8.286133	0.480371075	-31.03270	0.0	0.0
8.291016	0.476819659	-31.05046	0.0	0.0
8.295898	0.472316179	-31.06871	0.0	0.0
8.300781	0.469090473	-31.08895	0.0	0.0
8.305664	0.465612418	-31.10600	0.0	0.0
8.310547	0.462591364	-31.12436	0.0	0.0
8.315430	0.458983154	-31.14307	0.0	0.0
8.320313	0.455627751	-31.16210	0.0	0.0
8.325195	0.452300652	-31.17936	0.0	0.0
8.330078	0.448487108	-31.19660	0.0	0.0
8.334961	0.444405837	-31.21566	0.0	0.0
8.339844	0.440033649	-31.23565	0.0	0.0
8.344727	0.437508626	-31.25425	0.0	0.0
8.349609	0.434096673	-31.27000	0.0	0.0
8.354492	0.430703342	-31.28866	0.0	0.0
8.359375	0.427065519	-31.30606	0.0	0.0
8.364258	0.422199490	-31.32390	0.0	0.0
8.369141	0.418420050	-31.34178	0.0	0.0
8.374023	0.415731918	-31.36187	0.0	0.0
8.378906	0.412537167	-31.37981	0.0	0.0
8.383789	0.407523432	-31.39692	0.0	0.0
8.388672	0.404045845	-31.41499	0.0	0.0
8.393555	0.400136226	-31.43366	0.0	0.0
8.398438	0.396526674	-31.45365	0.0	0.0
8.403320	0.392864202	-31.47092	0.0	0.0
8.408203	0.389166216	-31.49038	0.0	0.0
8.413086	0.386042858	-31.50968	0.0	0.0
8.417969	0.382885886	-31.52573	0.0	0.0
8.422852	0.377977189	-31.54265	0.0	0.0
8.427734	0.374089824	-31.56496	0.0	0.0
8.432617	0.371200467	-31.58298	0.0	0.0
8.437500	0.367436409	-31.59785	0.0	0.0
8.442383	0.363321708	-31.61696	0.0	0.0
8.447266	0.359796985	-31.63553	0.0	0.0
8.452148	0.355618106	-31.65394	0.0	0.0
8.457031	0.351837774	-31.67352	0.0	0.0
8.461914	0.348808744	-31.69141	0.0	0.0
8.466797	0.345008643	-31.70929	0.0	0.0
8.471680	0.341127637	-31.72595	0.0	0.0
8.476563	0.337388986	-31.74324	0.0	0.0
8.481445	0.333529811	-31.76455	0.0	0.0
8.486328	0.329493105	-31.78377	0.0	0.0
8.491211	0.326337041	-31.80171	0.0	0.0
8.496094	0.322551174	-31.81949	0.0	0.0
8.500977	0.319048706	-31.83740	0.0	0.0
8.505859	0.315904009	-31.85768	0.0	0.0
8.510742	0.312302528	-31.87303	0.0	0.0
8.515625	0.308658803	-31.89092	0.0	0.0
8.520508	0.304964144	-31.91071	0.0	0.0
8.525391	0.301690009	-31.92803	0.0	0.0
8.530273	0.297980429	-31.94631	0.0	0.0
8.535156	0.294624686	-31.96574	0.0	0.0
8.540039	0.290918542	-31.98220	0.0	0.0
8.544922	0.287695646	-32.00078	0.0	0.0
8.549805	0.283195096	-32.01910	0.0	0.0
8.554688	0.279687798	-32.03873	0.0	0.0
8.559570	0.275996290	-32.05762	0.0	0.0
8.564453	0.273544172	-32.07733	0.0	0.0
8.569336	0.269972922	-32.09419	0.0	0.0
8.574219	0.266579633	-32.11238	0.0	0.0
8.579102	0.263494651	-32.13275	0.0	0.0
8.583984	0.259894247	-32.14809	0.0	0.0
8.588867	0.256445712	-32.16620	0.0	0.0
8.593750	0.253073717	-32.18673	0.0	0.0
8.598633	0.250067914	-32.20370	0.0	0.0
8.603516	0.246804548	-32.22149	0.0	0.0
8.608398	0.243368613	-32.23938	0.0	0.0
8.613281	0.239745642	-32.25665	0.0	0.0
8.618164	0.236786166	-32.27414	0.0	0.0
8.623047	0.233351961	-32.29275	0.0	0.0
8.627930	0.230049299	-32.31253	0.0	0.0
8.632813	0.227035503	-32.32973	0.0	0.0
8.637695	0.223543180	-32.34894	0.0	0.0
8.642578	0.220377357	-32.36615	0.0	0.0
8.647461	0.217290918	-32.38614	0.0	0.0
8.652344	0.214144875	-32.40400	0.0	0.0
8.657227	0.210899666	-32.42131	0.0	0.0
8.662109	0.207900794	-32.43919	0.0	0.0
8.666992	0.204894428	-32.45902	0.0	0.0
8.671875	0.201848727	-32.47790	0.0	0.0
8.676758	0.198707729	-32.49635	0.0	0.0
8.681641	0.195841002	-32.51534	0.0	0.0
8.686523	0.193193519	-32.53280	0.0	0.0
8.691406	0.190454577	-32.55064	0.0	0.0
8.696289	0.187208366	-32.56748	0.0	0.0
8.701172	0.184129306	-32.58609	0.0	0.0
8.706055	0.181175893	-32.60503	0.0	0.0
8.710938	0.178231389	-32.62512	0.0	0.0
8.715820	0.175580362	-32.64249	0.0	0.0
8.720703	0.172729864	-32.66190	0.0	0.0
8.725586	0.169832321	-32.68067	0.0	0.0
8.730469	0.167560012	-32.70083	0.0	0.0
8.735352	0.164951272	-32.71604	0.0	0.0
8.740234	0.162666787	-32.73444	0.0	0.0
8.745117	0.159621557	-32.75029	0.0	0.0
8.750000	0.156816690	-32.76934	0.0	0.0
8.754883	0.154084364	-32.78762	0.0	0.0
8.759766	0.151461215	-32.80819	0.0	0.0
8.764648	0.149144904	-32.82466	0.0	0.0
8.769531	0.146375586	-32.84380	0.0	0.0
8.774414	0.143756895	-32.86274	0.0	0.0
8.779297	0.141344734	-32.88128	0.0	0.0
8.784180	0.139185355	-32.89646	0.0	0.0
8.789063	0.136397569	-32.91578	0.0	0.0
8.793945	0.134070808	-32.93563	0.0	0.0
8.798828	0.131846410	-32.95490	0.0	0.0
8.803711	0.129169125	-32.97206	0.0	0.0
8.808594	0.127103171	-32.99258	0.0	0.0
8.813477	0.124924604	-33.01001	0.0	0.0
8.818359	0.122644040	-33.02833	0.0	0.0
8.823242	0.120349195	-33.04470	0.0	0.0
8.828125	0.118026579	-33.06313	0.0	0.0
8.833008	0.116135894	-33.08272	0.0	0.0
8.837891	0.113927339	-33.10009	0.0	0.0
8.842773	0.111819177	-33.11862	0.0	0.0
8.847656	0.109393185	-33.13430	0.0	0.0
8.852539	0.107248748	-33.15360	0.0	0.0
8.857422	0.105120858	-33.17305	0.0	0.0
8.862305	0.103215703	-33.19243	0.0	0.0
8.867188	0.101215314	-33.20931	0.0	0.0
8.872070	0.099150533	-33.22863	0.0	0.0
8.876953	0.097099400	-33.24755	0.0	0.0
8.881836	0.095562855	-33.26707	0.0	0.0
8.886719	0.093590052	-33.28352	0.0	0.0
8.891602	0.091639558	-33.30422	0.0	0.0
8.896484	0.089946402	-33.31930	0.0	0.0
8.901367	0.087852689	-33.33605	0.0	0.0
8.906250	0.086101061	-33.35628	0.0	0.0
8.911133	0.084293710	-33.37513	0.0	0.0
8.916016	0.082460499	-33.39314	0.0	0.0
8.920898	0.080793075	-33.41400	0.0	0.0
8.925781	0.079281787	-33.43116	0.0	0.0
8.930664	0.077652175	-33.44842	0.0	0.0
8.935547	0.075927362	-33.46662	0.0	0.0
8.940430	0.074252755	-33.48485	0.0	0.0
8.945313	0.072685156	-33.50373	0.0	0.0
8.950195	0.071054137	-33.52371	0.0	0.0
8.955078	0.069571512	-33.54116	0.0	0.0
8.959961	0.068135216	-33.55974	0.0	0.0
8.964844	0.066725989	-33.57745	0.0	0.0
8.969727	0.065167662	-33.59481	0.0	0.0
8.974609	0.063679731	-33.61433	0.0	0.0
8.979492	0.062330528	-33.63274	0.0	0.0
8.984375	0.060928492	-33.64832	0.0	0.0
8.989258	0.059534268	-33.66741	0.0	0.0
8.994141	0.058228701	-33.68597	0.0	0.0
8.999023	0.056942487	-33.70281	0.0	0.0
9.003906	0.055403268	-33.72059	0.0	0.0
9.008789	0.054094172	-33.74082	0.0	0.0
9.013672	0.052815975	-33.75943	0.0	0.0
9.018555	0.051676445	-33.77788	0.0	0.0
9.023438	0.050523535	-33.79403	0.0	0.0
9.028320	0.049238898	-33.81079	0.0	0.0
9.033203	0.047971682	-33.82999	0.0	0.0
9.038086	0.046806551	-33.84838	0.0	0.0
9.042969	0.045696351	-33.86680	0.0	0.0
9.047852	0.044595860	-33.88563	0.0	0.0
9.052734	0.043409841	-33.90424	0.0	0.0
9.057617	0.042433622	-33.92371	0.0	0.0
9.062500	0.041444976	-33.94232	0.0	0.0
9.067383	0.040365993	-33.95689	0.0	0.0
9.072266	0.039243815	-33.97561	0.0	0.0
9.077148	0.038223678	-33.99479	0.0	0.0
9.082031	0.037258443	-34.01446	0.0	0.0
9.086914	0.036385610	-34.03075	0.0	0.0
9.091797	0.035399369	-34.04797	0.0	0.0
9.096680	0.034439172	-34.06612	0.0	0.0
9.101563	0.033463667	-34.08659	0.0	0.0
9.106445	0.032646899	-34.10675	0.0	0.0
9.111328	0.031863849	-34.12333	0.0	0.0
9.116211	0.031039519	-34.14161	0.0	0.0
9.121094	0.030194104	-34.15733	0.0	0.0
9.125977	0.029393943	-34.17520	0.0	0.0
9.130859	0.028540011	-34.19224	0.0	0.0
9.135742	0.027679418	-34.21107	0.0	0.0
9.140625	0.026943863	-34.23064	0.0	0.0
9.145508	0.026199716	-34.24910	0.0	0.0
9.150391	0.025423909	-34.26621	0.0	0.0
9.155273	0.024709680	-34.28667	0.0	0.0
9.160156	0.024032032	-34.30497	0.0	0.0
9.165039	0.023397688	-34.32642	0.0	0.0
9.169922	0.022730720	-34.34080	0.0	0.0
9.174805	0.022071494	-34.35916	0.0	0.0
9.179688	0.021433464	-34.37607	0.0	0.0
9.184570	0.020802212	-34.39436	0.0	0.0
9.189453	0.020220977	-34.41233	0.0	0.0
9.194336	0.019561961	-34.43056	0.0	0.0
9.199219	0.019001002	-34.44866	0.0	0.0
9.204102	0.018439128	-34.46570	0.0	0.0
9.208984	0.017842713	-34.48470	0.0	0.0
9.213867	0.017306871	-34.50488	0.0	0.0
9.218750	0.016788364	-34.52532	0.0	0.0
9.223633	0.016317930	-34.54143	0.0	0.0
9.228516	0.015802388	-34.55891	0.0	0.0
9.233398	0.015322428	-34.57728	0.0	0.0
9.238281	0.014857876	-34.59402	0.0	0.0
9.243164	0.014372231	-34.61045	0.0	0.0
9.248047	0.013893349	-34.62965	0.0	0.0
9.252930	0.013459644	-34.64722	0.0	0.0
9.257813	0.013010610	-34.66486	0.0	0.0
9.262695	0.012556811	-34.68446	0.0	0.0
9.267578	0.012146260	-34.70363	0.0	0.0
9.272461	0.011775113	-34.72435	0.0	0.0
9.277344	0.011402075	-34.74160	0.0	0.0
9.282227	0.011034830	-34.76064	0.0	0.0
9.287109	0.010663774	-34.77552	0.0	0.0
9.291992	0.010305229	-34.79382	0.0	0.0
9.296875	0.009938074	-34.81341	0.0	0.0
9.301758	0.009603589	-34.83272	0.0	0.0
9.306641	0.009289289	-34.85046	0.0	0.0
9.311523	0.008975976	-34.86848	0.0	0.0
9.316406	0.008637732	-34.88622	0.0	0.0
9.321289	0.008315834	-34.90733	0.0	0.0
9.326172	0.008045789	-34.92721	0.0	0.0
9.331055	0.007778647	-34.94294	0.0	0.0
9.335938	0.007500010	-34.96216	0.0	0.0
9.340820	0.007229074	-34.97899	0.0	0.0
9.345703	0.006967756	-34.99831	0.0	0.0
9.350586	0.006714136	-35.01556	0.0	0.0
9.355469	0.006467255	-35.03297	0.0	0.0
9.360352	0.006206961	-35.05378	0.0	0.0
9.365234	0.005986026	-35.07277	0.0	0.0
9.370117	0.005761272	-35.09315	0.0	0.0
9.375000	0.005558603	-35.11120	0.0	0.0
9.379883	0.005346357	-35.12947	0.0	0.0
9.384766	0.005141803	-35.14859	0.0	0.0
9.389648	0.004942062	-35.16787	0.0	0.0
9.394531	0.004744257	-35.18813	0.0	0.0
9.399414	0.004572365	-35.20674	0.0	0.0
9.404297	0.004386101	-35.22780	0.0	0.0
9.409180	0.004219994	-35.24642	0.0	0.0
9.414063	0.004061573	-35.26357	0.0	0.0
9.418945	0.003900288	-35.28494	0.0	0.0
9.423828	0.003738057	-35.30334	0.0	0.0
9.428711	0.003598855	-35.32324	0.0	0.0
9.433594	0.003455829	-35.33999	0.0	0.0
9.438477	0.003304185	-35.36070	0.0	0.0
9.443359	0.003170771	-35.38193	0.0	0.0
9.448242	0.003048873	-35.40159	0.0	0.0
9.453125	0.002927945	-35.42027	0.0	0.0
9.458008	0.002802233	-35.43786	0.0	0.0
9.462891	0.002683242	-35.45826	0.0	0.0
9.467773	0.002570972	-35.47770	0.0	0.0
9.472656	0.002465421	-35.49774	0.0	0.0
9.477539	0.002360838	-35.51820	0.0	0.0
9.482422	0.002262972	-35.53700	0.0	0.0
9.487305	0.002162240	-35.55712	0.0	0.0
9.492188	0.002071100	-35.57984	0.0	0.0
9.497070	0.001985718	-35.59967	0.0	0.0
9.501953	0.001900343	-35.61789	0.0	0.0
9.506836	0.001815934	-35.63939	0.0	0.0
9.511719	0.001739198	-35.66035	0.0	0.0
9.516602	0.001666301	-35.67914	0.0	0.0
9.521484	0.001594368	-35.69759	0.0	0.0
9.526367	0.001520525	-35.71785	0.0	0.0
9.531250	0.001453395	-35.73962	0.0	0.0
9.536133	0.001390103	-35.75934	0.0	0.0
9.541016	0.001328732	-35.78039	0.0	0.0
9.545898	0.001272156	-35.79886	0.0	0.0
9.550781	0.001210796	-35.81951	0.0	0.0
9.555664	0.001157103	-35.83926	0.0	0.0
9.560547	0.001107247	-35.86104	0.0	0.0
9.565430	0.001058352	-35.88051	0.0	0.0
9.570313	0.001008504	-35.89924	0.0	0.0
9.575195	0.000964407	-35.92091	0.0	0.0
9.580078	0.000922228	-35.93708	0.0	0.0
9.584961	0.000878138	-35.95405	0.0	0.0
9.589844	0.000836924	-35.97635	0.0	0.0
9.594727	0.000800502	-35.99572	0.0	0.0
9.599609	0.000764082	-36.01288	0.0	0.0
9.604492	0.000730539	-36.02994	0.0	0.0
9.609375	0.000695083	-36.04707	0.0	0.0
9.614258	0.000661545	-36.06694	0.0	0.0
9.619141	0.000632796	-36.08604	0.0	0.0
9.624023	0.000602136	-36.10314	0.0	0.0
9.628906	0.000573392	-36.11912	0.0	0.0
9.633789	0.000547523	-36.13552	0.0	0.0
9.638672	0.000521656	-36.15174	0.0	0.0
9.643555	0.000497705	-36.16896	0.0	0.0
9.648438	0.000475671	-36.18227	0.0	0.0
9.653320	0.000452681	-36.19610	0.0	0.0
9.658203	0.000430650	-36.21056	0.0	0.0
9.663086	0.000410536	-36.22210	0.0	0.0
9.667969	0.000390422	-36.23338	0.0	0.0
9.672852	0.000371268	-36.24608	0.0	0.0
9.677734	0.000352115	-36.25646	0.0	0.0
9.682617	0.000335834	-36.26539	0.0	0.0
9.687500	0.000318598	-36.27571	0.0	0.0
9.692383	0.000303277	-36.28367	0.0	0.0
9.697266	0.000287957	-36.29285	0.0	0.0
9.702148	0.000273595	-36.30015	0.0	0.0
9.707031	0.000260191	-36.30790	0.0	0.0
9.711914	0.000247745	-36.31120	0.0	0.0
9.716797	0.000235299	-36.31330	0.0	0.0
9.721680	0.000222855	-36.31205	0.0	0.0
9.726563	0.000211368	-36.31421	0.0	0.0
9.731445	0.000200839	-36.31100	0.0	0.0
9.736328	0.000191267	-36.30877	0.0	0.0
9.741211	0.000180739	-36.30435	0.0	0.0
9.746094	0.000172125	-36.29968	0.0	0.0
9.750977	0.000161599	-36.28976	0.0	0.0
9.755859	0.000153943	-36.28234	0.0	0.0
9.760742	0.000146287	-36.27067	0.0	0.0
9.765625	0.000137676	-36.25605	0.0	0.0
9.770508	0.000130978	-36.23809	0.0	0.0
9.775391	0.000123324	-36.21487	0.0	0.0
9.780273	0.000117583	-36.19626	0.0	0.0
9.785156	0.000110886	-36.17027	0.0	0.0
9.790039	0.000105146	-36.14242	0.0	0.0
9.794922	0.000101318	-36.12101	0.0	0.0
9.799805	0.000095579	-36.08357	0.0	0.0
9.804688	0.000090796	-36.05266	0.0	0.0
9.809570	0.000086969	-36.01500	0.0	0.0
9.814453	0.000083143	-35.96734	0.0	0.0
9.819336	0.000079317	-35.92494	0.0	0.0
9.824219	0.000075491	-35.88527	0.0	0.0
9.829102	0.000072621	-35.83568	0.0	0.0
9.833984	0.000070707	-35.79031	0.0	0.0
9.838867	0.000067837	-35.74228	0.0	0.0
9.843750	0.000066879	-35.68423	0.0	0.0
9.848633	0.000064010	-35.62750	0.0	0.0
9.853516	0.000063052	-35.57528	0.0	0.0
9.858398	0.000062094	-35.52202	0.0	0.0
9.863281	0.000060180	-35.46341	0.0	0.0
9.868164	0.000059222	-35.41083	0.0	0.0
9.873047	0.000059220	-35.35869	0.0	0.0
9.877930	0.000058262	-35.29574	0.0	0.0
9.882813	0.000058259	-35.24495	0.0	0.0
9.887695	0.000058257	-35.20688	0.0	0.0
9.892578	0.000058254	-35.15325	0.0	0.0
9.897461	0.000058252	-35.11852	0.0	0.0
9.902344	0.000057294	-35.06564	0.0	0.0
9.907227	0.000057292	-35.02168	0.0	0.0
9.912109	0.000058244	-34.97107	0.0	0.0
9.916992	0.000058241	-34.93721	0.0	0.0
9.921875	0.000058239	-34.89013	0.0	0.0
9.926758	0.000059191	-34.86310	0.0	0.0
9.931641	0.000058234	-34.81710	0.0	0.0
9.936523	0.000059186	-34.78822	0.0	0.0
9.941406	0.000058228	-34.75676	0.0	0.0
9.946289	0.000060135	-34.72255	0.0	0.0
9.951172	0.000059178	-34.68383	0.0	0.0
9.956055	0.000060129	-34.64619	0.0	0.0
9.960938	0.000060127	-34.61999	0.0	0.0
9.965820	0.000060124	-34.58476	0.0	0.0
9.970703	0.000060121	-34.55043	0.0	0.0
9.975586	0.000061073	-34.52608	0.0	0.0
9.980469	0.000061070	-34.48578	0.0	0.0
9.985352	0.000060113	-34.45555	0.0	0.0
9.990234	0.000061065	-34.42554	0.0	0.0
9.995117	0.000061062	-34.40037	0.0	0.0
10.00000	0.000061059	-34.36669	0.0	0.0

