#PFO_bb.981781200
#On Friday evening at 9PM PST ( Saturday, Feb 10 [2001,041 ] 05:00 UT ), we changed
#the alpha feed back to the original data logger that recorded the data
#from PFO.  The calibration factors for these channels are as follows:
#
#	Calib (nanometers/count)	Calper (seconds)
#chan bz		9.64727e-02			1.0
#chan bn		1.00685e-01			1.0
#chan be		1.02999e-01			1.0
#
#The complete FAP file is attached.
#
#Pete
#
#FAP response file, normalized to 1 at calper
#To convert to count/nanometers, divide by calib
#
#          Calib(nanometer/count)  Calper(seconds)
#chan bz    9.647275e-02           1.00
#chan bn    1.006857e-01           1.00
#chan be    1.029998e-01           1.00
#
#
#  Freq (Hz)     Amplitude       Phase (deg)
# ----------    ------------    -------------
theoretical   0   instrument   fap
200
1.000000e-05	1.312087e-10	-9.029184e+01     0.000000000     0.000000000
1.075631e-05	1.632875e-10	-9.031390e+01     0.000000000     0.000000000
1.156983e-05	2.032092e-10	-9.033765e+01     0.000000000     0.000000000
1.244487e-05	2.528912e-10	-9.036318e+01     0.000000000     0.000000000
1.338609e-05	3.147199e-10	-9.039066e+01     0.000000000     0.000000000
1.439850e-05	3.916648e-10	-9.042020e+01     0.000000000     0.000000000
1.548748e-05	4.874218e-10	-9.045198e+01     0.000000000     0.000000000
1.665882e-05	6.065902e-10	-9.048617e+01     0.000000000     0.000000000
1.791875e-05	7.548936e-10	-9.052293e+01     0.000000000     0.000000000
1.927397e-05	9.394554e-10	-9.056249e+01     0.000000000     0.000000000
2.073169e-05	1.169140e-09	-9.060503e+01     0.000000000     0.000000000
2.229966e-05	1.454980e-09	-9.065079e+01     0.000000000     0.000000000
2.398621e-05	1.810704e-09	-9.070001e+01     0.000000000     0.000000000
2.580032e-05	2.253397e-09	-9.075296e+01     0.000000000     0.000000000
2.775163e-05	2.804324e-09	-9.080991e+01     0.000000000     0.000000000
2.985053e-05	3.489944e-09	-9.087117e+01     0.000000000     0.000000000
3.210816e-05	4.343191e-09	-9.093707e+01     0.000000000     0.000000000
3.453655e-05	5.405044e-09	-9.100794e+01     0.000000000     0.000000000
3.714860e-05	6.726508e-09	-9.108418e+01     0.000000000     0.000000000
3.995820e-05	8.371051e-09	-9.116619e+01     0.000000000     0.000000000
4.298029e-05	1.041766e-08	-9.125441e+01     0.000000000     0.000000000
4.623095e-05	1.296465e-08	-9.134929e+01     0.000000000     0.000000000
4.972746e-05	1.613433e-08	-9.145136e+01     0.000000000     0.000000000
5.348842e-05	2.007897e-08	-9.156116e+01     0.000000000     0.000000000
5.753382e-05	2.498801e-08	-9.167927e+01     0.000000000     0.000000000
6.188518e-05	3.109725e-08	-9.180630e+01     0.000000000     0.000000000
6.656565e-05	3.870012e-08	-9.194297e+01     0.000000000     0.000000000
7.160010e-05	4.816179e-08	-9.208999e+01     0.000000000     0.000000000
7.701531e-05	5.993670e-08	-9.224813e+01     0.000000000     0.000000000
8.284009e-05	7.459042e-08	-9.241825e+01     0.000000000     0.000000000
8.910540e-05	9.282677e-08	-9.260126e+01     0.000000000     0.000000000
9.584457e-05	1.155217e-07	-9.279816e+01     0.000000000     0.000000000
1.030934e-04	1.437651e-07	-9.300996e+01     0.000000000     0.000000000
1.108905e-04	1.789137e-07	-9.323784e+01     0.000000000     0.000000000
1.192773e-04	2.226555e-07	-9.348301e+01     0.000000000     0.000000000
1.282984e-04	2.770915e-07	-9.374679e+01     0.000000000     0.000000000
1.380018e-04	3.448363e-07	-9.403061e+01     0.000000000     0.000000000
1.484391e-04	4.291434e-07	-9.433599e+01     0.000000000     0.000000000
1.596658e-04	5.340621e-07	-9.466461e+01     0.000000000     0.000000000
1.717415e-04	6.646313e-07	-9.501824e+01     0.000000000     0.000000000
1.847305e-04	8.271218e-07	-9.539883e+01     0.000000000     0.000000000
1.987020e-04	1.029337e-06	-9.580847e+01     0.000000000     0.000000000
2.137301e-04	1.280988e-06	-9.624940e+01     0.000000000     0.000000000
2.298948e-04	1.594160e-06	-9.672408e+01     0.000000000     0.000000000
2.472820e-04	1.983891e-06	-9.723515e+01     0.000000000     0.000000000
2.659843e-04	2.468893e-06	-9.778548e+01     0.000000000     0.000000000
2.861011e-04	3.072451e-06	-9.837820e+01     0.000000000     0.000000000
3.077393e-04	3.823537e-06	-9.901669e+01     0.000000000     0.000000000
3.310140e-04	4.758199e-06	-9.970462e+01     0.000000000     0.000000000
3.560491e-04	5.921284e-06	-1.004460e+02     0.000000000     0.000000000
3.829776e-04	7.368582e-06	-1.012453e+02     0.000000000     0.000000000
4.119427e-04	9.169483e-06	-1.021073e+02     0.000000000     0.000000000
4.430985e-04	1.141028e-05	-1.030372e+02     0.000000000     0.000000000
4.766107e-04	1.419828e-05	-1.040408e+02     0.000000000     0.000000000
5.126574e-04	1.766681e-05	-1.051244e+02     0.000000000     0.000000000
5.514304e-04	2.198158e-05	-1.062952e+02     0.000000000     0.000000000
5.931358e-04	2.734831e-05	-1.075608e+02     0.000000000     0.000000000
6.379955e-04	3.402227e-05	-1.089299e+02     0.000000000     0.000000000
6.862480e-04	4.231986e-05	-1.104120e+02     0.000000000     0.000000000
7.381499e-04	5.263277e-05	-1.120177e+02     0.000000000     0.000000000
7.939772e-04	6.544502e-05	-1.137589e+02     0.000000000     0.000000000
8.540268e-04	8.135325e-05	-1.156485e+02     0.000000000     0.000000000
9.186181e-04	1.010906e-04	-1.177012e+02     0.000000000     0.000000000
9.880944e-04	1.255543e-04	-1.199330e+02     0.000000000     0.000000000
1.062825e-03	1.558355e-04	-1.223618e+02     0.000000000     0.000000000
1.143208e-03	1.932518e-04	-1.250066e+02     0.000000000     0.000000000
1.229671e-03	2.393772e-04	-1.278881e+02     0.000000000     0.000000000
1.322672e-03	2.960660e-04	-1.310279e+02     0.000000000     0.000000000
1.422708e-03	3.654619e-04	-1.344478e+02     0.000000000     0.000000000
1.530309e-03	4.499794e-04	-1.381685e+02     0.000000000     0.000000000
1.646049e-03	5.522427e-04	-1.422078e+02     0.000000000     0.000000000
1.770542e-03	6.749635e-04	-1.465782e+02     0.000000000     0.000000000
1.904450e-03	8.207435e-04	-1.512834e+02     0.000000000     0.000000000
2.048487e-03	9.918027e-04	-1.563144e+02     0.000000000     0.000000000
2.203417e-03	1.189658e-03	-1.616464e+02     0.000000000     0.000000000
2.370064e-03	1.414819e-03	-1.672356e+02     0.000000000     0.000000000
2.549315e-03	1.666601e-03	-1.730189e+02     0.000000000     0.000000000
2.742123e-03	1.943145e-03	-1.789168e+02     0.000000000     0.000000000
2.949514e-03	2.241713e-03	-1.848389e+02     0.000000000     0.000000000
3.172590e-03	2.559193e-03	-1.906928e+02     0.000000000     0.000000000
3.412537e-03	2.892699e-03	-1.963927e+02     0.000000000     0.000000000
3.670632e-03	3.240074e-03	-2.018668e+02     0.000000000     0.000000000
3.948247e-03	3.600201e-03	-2.070617e+02     0.000000000     0.000000000
4.246858e-03	3.973067e-03	-2.119432e+02     0.000000000     0.000000000
4.568054e-03	4.359657e-03	-2.164950e+02     0.000000000     0.000000000
4.913543e-03	4.761741e-03	-2.207147e+02     0.000000000     0.000000000
5.285161e-03	5.181655e-03	-2.246107e+02     0.000000000     0.000000000
5.684885e-03	5.622101e-03	-2.281981e+02     0.000000000     0.000000000
6.114841e-03	6.086011e-03	-2.314961e+02     0.000000000     0.000000000
6.577314e-03	6.576448e-03	-2.345256e+02     0.000000000     0.000000000
7.074766e-03	7.096565e-03	-2.373078e+02     0.000000000     0.000000000
7.609840e-03	7.649588e-03	-2.398631e+02     0.000000000     0.000000000
8.185383e-03	8.238825e-03	-2.422107e+02     0.000000000     0.000000000
8.804454e-03	8.867686e-03	-2.443681e+02     0.000000000     0.000000000
9.470348e-03	9.539720e-03	-2.463512e+02     0.000000000     0.000000000
1.018660e-02	1.025866e-02	-2.481743e+02     0.000000000     0.000000000
1.095703e-02	1.102846e-02	-2.498501e+02     0.000000000     0.000000000
1.178573e-02	1.185336e-02	-2.513900e+02     0.000000000     0.000000000
1.267710e-02	1.273794e-02	-2.528044e+02     0.000000000     0.000000000
1.363588e-02	1.368718e-02	-2.541027e+02     0.000000000     0.000000000
1.466718e-02	1.470652e-02	-2.552934e+02     0.000000000     0.000000000
1.577648e-02	1.580191e-02	-2.563846e+02     0.000000000     0.000000000
1.696968e-02	1.697988e-02	-2.573842e+02     0.000000000     0.000000000
1.825312e-02	1.824755e-02	-2.582995e+02     0.000000000     0.000000000
1.963363e-02	1.961273e-02	-2.591380e+02     0.000000000     0.000000000
2.111855e-02	2.108383e-02	-2.599070e+02     0.000000000     0.000000000
2.271578e-02	2.266997e-02	-2.606136e+02     0.000000000     0.000000000
2.443380e-02	2.438090e-02	-2.612648e+02     0.000000000     0.000000000
2.628176e-02	2.622703e-02	-2.618676e+02     0.000000000     0.000000000
2.826949e-02	2.821940e-02	-2.624283e+02     0.000000000     0.000000000
3.040755e-02	3.036966e-02	-2.629529e+02     0.000000000     0.000000000
3.270731e-02	3.269012e-02	-2.634470e+02     0.000000000     0.000000000
3.518102e-02	3.519373e-02	-2.639153e+02     0.000000000     0.000000000
3.784180e-02	3.789416e-02	-2.643621e+02     0.000000000     0.000000000
4.070383e-02	4.080589e-02	-2.647908e+02     0.000000000     0.000000000
4.378232e-02	4.394424e-02	-2.652044e+02     0.000000000     0.000000000
4.709364e-02	4.732556e-02	-2.656052e+02     0.000000000     0.000000000
5.065539e-02	5.096729e-02	-2.659951e+02     0.000000000     0.000000000
5.448653e-02	5.488817e-02	-2.663757e+02     0.000000000     0.000000000
5.860742e-02	5.910829e-02	-2.667481e+02     0.000000000     0.000000000
6.303998e-02	6.364933e-02	-2.671134e+02     0.000000000     0.000000000
6.780779e-02	6.853464e-02	-2.674726e+02     0.000000000     0.000000000
7.293618e-02	7.378940e-02	-2.678265e+02     0.000000000     0.000000000
7.845245e-02	7.944081e-02	-2.681760e+02     0.000000000     0.000000000
8.438592e-02	8.551819e-02	-2.685220e+02     0.000000000     0.000000000
9.076814e-02	9.205317e-02	-2.688655e+02     0.000000000     0.000000000
9.763306e-02	9.907989e-02	-2.692075e+02     0.000000000     0.000000000
1.050172e-01	1.066351e-01	-2.695491e+02     0.000000000     0.000000000
1.129598e-01	1.147583e-01	-2.698915e+02     0.000000000     0.000000000
1.215031e-01	1.234923e-01	-2.702360e+02     0.000000000     0.000000000
1.306925e-01	1.328828e-01	-2.705840e+02     0.000000000     0.000000000
1.405770e-01	1.429791e-01	-2.709369e+02     0.000000000     0.000000000
1.512090e-01	1.538343e-01	-2.712963e+02     0.000000000     0.000000000
1.626452e-01	1.655053e-01	-2.716638e+02     0.000000000     0.000000000
1.749462e-01	1.780533e-01	-2.720412e+02     0.000000000     0.000000000
1.881777e-01	1.915441e-01	-2.724303e+02     0.000000000     0.000000000
2.024098e-01	2.060481e-01	-2.728329e+02     0.000000000     0.000000000
2.177183e-01	2.216409e-01	-2.732511e+02     0.000000000     0.000000000
2.341847e-01	2.384037e-01	-2.736871e+02     0.000000000     0.000000000
2.518964e-01	2.564234e-01	-2.741429e+02     0.000000000     0.000000000
2.709477e-01	2.757930e-01	-2.746211e+02     0.000000000     0.000000000
2.914398e-01	2.966121e-01	-2.751239e+02     0.000000000     0.000000000
3.134818e-01	3.189871e-01	-2.756541e+02     0.000000000     0.000000000
3.371909e-01	3.430319e-01	-2.762144e+02     0.000000000     0.000000000
3.626931e-01	3.688677e-01	-2.768078e+02     0.000000000     0.000000000
3.901241e-01	3.966238e-01	-2.774373e+02     0.000000000     0.000000000
4.196297e-01	4.264379e-01	-2.781062e+02     0.000000000     0.000000000
4.513669e-01	4.584558e-01	-2.788181e+02     0.000000000     0.000000000
4.855044e-01	4.928325e-01	-2.795765e+02     0.000000000     0.000000000
5.222238e-01	5.297315e-01	-2.803855e+02     0.000000000     0.000000000
5.617203e-01	5.693250e-01	-2.812493e+02     0.000000000     0.000000000
6.042040e-01	6.117943e-01	-2.821723e+02     0.000000000     0.000000000
6.499008e-01	6.573282e-01	-2.831592e+02     0.000000000     0.000000000
6.990536e-01	7.061238e-01	-2.842152e+02     0.000000000     0.000000000
7.519241e-01	7.583842e-01	-2.853456e+02     0.000000000     0.000000000
8.087931e-01	8.143177e-01	-2.865562e+02     0.000000000     0.000000000
8.699633e-01	8.741361e-01	-2.878529e+02     0.000000000     0.000000000
9.357598e-01	9.380515e-01	-2.892424e+02     0.000000000     0.000000000
1.006533e+00	1.006273e+00	-2.907313e+02     0.000000000     0.000000000
1.082658e+00	1.079003e+00	-2.923271e+02     0.000000000     0.000000000
1.164541e+00	1.156431e+00	-2.940372e+02     0.000000000     0.000000000
1.252617e+00	1.238726e+00	-2.958699e+02     0.000000000     0.000000000
1.347354e+00	1.326029e+00	-2.978337e+02     0.000000000     0.000000000
1.449256e+00	1.418439e+00	-2.999375e+02     0.000000000     0.000000000
1.558866e+00	1.516005e+00	-3.021907e+02     0.000000000     0.000000000
1.676765e+00	1.618699e+00	-3.046031e+02     0.000000000     0.000000000
1.803581e+00	1.726398e+00	-3.071847e+02     0.000000000     0.000000000
1.939988e+00	1.838850e+00	-3.099461e+02     0.000000000     0.000000000
2.086712e+00	1.955621e+00	-3.128980e+02     0.000000000     0.000000000
2.244533e+00	2.076021e+00	-3.160514e+02     0.000000000     0.000000000
2.414290e+00	2.198990e+00	-3.194173e+02     0.000000000     0.000000000
2.596886e+00	2.322903e+00	-3.230068e+02     0.000000000     0.000000000
2.793293e+00	2.445273e+00	-3.268306e+02     0.000000000     0.000000000
3.004553e+00	2.562287e+00	-3.308991e+02     0.000000000     0.000000000
3.231791e+00	2.668137e+00	-3.352220e+02     0.000000000     0.000000000
3.476216e+00	2.754143e+00	-3.398075e+02     0.000000000     0.000000000
3.739127e+00	2.807806e+00	-3.446623e+02     0.000000000     0.000000000
4.021923e+00	2.812219e+00	-3.497903e+02     0.000000000     0.000000000
4.326107e+00	2.746640e+00	-3.551919e+02     0.000000000     0.000000000
4.653296e+00	2.589502e+00	-3.608628e+02     0.000000000     0.000000000
5.005231e+00	2.325038e+00	-3.667926e+02     0.000000000     0.000000000
5.383784e+00	1.953417e+00	-3.729633e+02     0.000000000     0.000000000
5.790967e+00	1.501125e+00	-3.793483e+02     0.000000000     0.000000000
6.228946e+00	1.024302e+00	-3.859113e+02     0.000000000     0.000000000
6.700049e+00	5.966342e-01	-3.926071e+02     0.000000000     0.000000000
7.206783e+00	2.808522e-01	-3.993821e+02     0.000000000     0.000000000
7.751842e+00	9.847482e-02	-4.061774e+02     0.000000000     0.000000000
8.338125e+00	2.246154e-02	-4.129319e+02     0.000000000     0.000000000
8.968749e+00	2.544036e-03	-4.195866e+02     0.000000000     0.000000000
9.647068e+00	6.564697e-05	-4.260884e+02     0.000000000     0.000000000
1.037669e+01	4.104672e-07	-4.323929e+02     0.000000000     0.000000000
1.116149e+01	2.885567e-07	-4.384665e+02     0.000000000     0.000000000
1.200565e+01	2.146415e-07	-4.442863e+02     0.000000000     0.000000000
1.291366e+01	3.674005e-07	-4.498397e+02     0.000000000     0.000000000
1.389033e+01	1.273908e-07	-4.551227e+02     0.000000000     0.000000000
1.494088e+01	9.351304e-08	-4.601378e+02     0.000000000     0.000000000
1.607088e+01	2.473299e-07	-4.648923e+02     0.000000000     0.000000000
1.728634e+01	2.133331e-07	-4.693963e+02     0.000000000     0.000000000
1.859373e+01	1.179013e-07	-4.736614e+02     0.000000000     0.000000000
2.000000e+01	1.952920e-07	-4.776996e+02     0.000000000     0.000000000
