# Terminal Sensitivity Response for Juan Fernandez H03S
# Channel H03S3/EDH
# UWS 007 South Node3_203 HITECH
# Effective: 13 January 2003
# File name: H03S3_EDH_Response.txt
# Source: John Newton
# System response: hydrophone and digitizer
# The following response file for Hydrophone_amp_CS5322 filter
# is in frequency (Hz)/ amplitude (gain factor)/phase (deg) format
# and derived from equations of state.
# HITECH hydrophones plus pre-amp plus 3 lowpass FIR filters
# Displacement response rel to 567.5862 uPa/count @ 10 Hz
# Note that this response file does not incorporate the phase
# delay of the anti-alias (the delay is compensated in the digitizer)
# filter of the digitizer since the hydrophone phase
# response equals the
# system phase response.
 theoretical  0   instrument    fap
143
0.10	0.004923287	-15.6152345	0.0	0.0
0.20	0.017985651	-29.5060787	0.0	0.0
0.30	0.035809741	-40.9180244	0.0	0.0
0.40	0.055734377	-49.9792631	0.0	0.0
0.50	0.076333726	-57.1583316	0.0	0.0
0.60	0.096981540	-62.9270546	0.0	0.0
0.70	0.117434875	-67.6578940	0.0	0.0
0.80	0.137612066	-71.6219254	0.0	0.0
0.90	0.157494160	-75.0118042	0.0	0.0
1.00	0.181590959	-79.3713113	0.0	0.0
2.00	0.367173356	-98.4199688	0.0	0.0
3.00	0.522593203	-109.7526681	0.0	0.0
4.00	0.648140825	-118.9762253	0.0	0.0
5.00	0.746577282	-126.0211845	0.0	0.0
6.00	0.825502991	-131.8560137	0.0	0.0
7.00	0.886776350	-136.9531966	0.0	0.0
8.00	0.937058352	-141.0301503	0.0	0.0
9.00	0.971545875	-144.3502340	0.0	0.0
10.00	1.000000000	-147.5049999	0.0	0.0
11.00	1.029661796	-149.8574842	0.0	0.0
12.00	1.047204590	-152.1285075	0.0	0.0
13.00	1.063852478	-154.1546080	0.0	0.0
14.00	1.072797532	-155.9032298	0.0	0.0
15.00	1.086262883	-157.2071565	0.0	0.0
16.00	1.097454178	-158.7916522	0.0	0.0
17.00	1.101139252	-159.9839531	0.0	0.0
18.00	1.111106775	-160.9657752	0.0	0.0
19.00	1.116822618	-162.0107308	0.0	0.0
20.00	1.118591500	-162.9229835	0.0	0.0
21.00	1.123852468	-163.7200698	0.0	0.0
22.00	1.128757602	-164.5199357	0.0	0.0
23.00	1.132608546	-165.2100098	0.0	0.0
24.00	1.133438470	-165.8473080	0.0	0.0
25.00	1.135921767	-166.5874678	0.0	0.0
26.00	1.139862957	-167.1857552	0.0	0.0
27.00	1.140956306	-167.6980512	0.0	0.0
28.00	1.145116857	-168.1968419	0.0	0.0
29.00	1.143939754	-168.6347788	0.0	0.0
30.00	1.146442271	-169.0144138	0.0	0.0
31.00	1.149241483	-169.4692509	0.0	0.0
32.00	1.150506862	-169.9449858	0.0	0.0
33.00	1.150304257	-170.3014003	0.0	0.0
34.00	1.151281362	-170.5780639	0.0	0.0
35.00	1.153154857	-170.7692705	0.0	0.0
36.00	1.153408847	-171.2943216	0.0	0.0
37.00	1.156336039	-171.5255747	0.0	0.0
38.00	1.157630538	-171.6876779	0.0	0.0
39.00	1.155299853	-172.1754184	0.0	0.0
40.00	1.156867003	-172.3386894	0.0	0.0
41.00	1.156609632	-172.6627032	0.0	0.0
42.00	1.155313295	-172.8265182	0.0	0.0
43.00	1.154016321	-173.1221517	0.0	0.0
44.00	1.158332887	-173.3361558	0.0	0.0
45.00	1.157291506	-173.5223112	0.0	0.0
46.00	1.158531121	-173.6451894	0.0	0.0
47.00	1.158787885	-174.0564197	0.0	0.0
48.00	1.159080574	-174.1838473	0.0	0.0
49.00	1.159579766	-174.4823466	0.0	0.0
50.00	1.156685830	-174.3848181	0.0	0.0
51.00	1.158929366	-174.7240565	0.0	0.0
52.00	1.160763023	-174.9745324	0.0	0.0
53.00	1.161258848	-175.0372340	0.0	0.0
54.00	1.159881921	-175.0346263	0.0	0.0
55.00	1.158305742	-175.3378789	0.0	0.0
56.00	1.160650249	-175.4305191	0.0	0.0
57.00	1.159288218	-175.6732938	0.0	0.0
58.00	1.160142970	-175.7551832	0.0	0.0
59.00	1.159508780	-175.9797131	0.0	0.0
60.00	1.155852698	-175.8172680	0.0	0.0
61.00	1.161926954	-176.1126843	0.0	0.0
62.00	1.161560218	-176.3452998	0.0	0.0
63.00	1.157250774	-176.4778122	0.0	0.0
64.00	1.160603316	-176.6052243	0.0	0.0
65.00	1.158743104	-176.8613050	0.0	0.0
66.00	1.160138573	-176.8234802	0.0	0.0
67.00	1.159497146	-177.0205251	0.0	0.0
68.00	1.156961384	-177.0224540	0.0	0.0
69.00	1.160657153	-177.1754835	0.0	0.0
70.00	1.157758248	-177.3556273	0.0	0.0
71.00	1.157257537	-177.4691921	0.0	0.0
72.00	1.162135106	-177.4333059	0.0	0.0
73.00	1.161100579	-177.5773862	0.0	0.0
74.00	1.156896093	-177.6620181	0.0	0.0
75.00	1.160120316	-177.7882641	0.0	0.0
76.00	1.159241433	-177.8968779	0.0	0.0
77.00	1.158758289	-178.0182314	0.0	0.0
78.00	1.157987485	-178.0463398	0.0	0.0
79.00	1.158411258	-178.2195965	0.0	0.0
80.00	1.157700076	-178.2317413	0.0	0.0
81.00	1.159283661	-178.4081524	0.0	0.0
82.00	1.155895173	-178.4026013	0.0	0.0
83.00	1.157904504	-178.6002064	0.0	0.0
84.00	1.155504794	-178.6185926	0.0	0.0
85.00	1.158896432	-178.7507052	0.0	0.0
86.00	1.159285009	-178.7673572	0.0	0.0
87.00	1.161653820	-178.8748663	0.0	0.0
88.00	1.158079132	-178.9146036	0.0	0.0
89.00	1.157824703	-179.1107645	0.0	0.0
90.00	1.157192209	-179.0880830	0.0	0.0
91.00	1.155674142	-179.1986417	0.0	0.0
92.00	1.155397706	-179.3339549	0.0	0.0
93.00	1.157396808	-179.4230054	0.0	0.0
94.00	1.154345134	-179.4617845	0.0	0.0
95.00	1.152062097	-179.5535164	0.0	0.0
96.00	1.146279947	-179.6532264	0.0	0.0
97.00	1.131366864	-179.8255423	0.0	0.0
98.00	1.108786186	-179.7677390	0.0	0.0
99.00	1.074503333	-179.7845395	0.0	0.0
100.00	1.026976887	-179.8989093	0.0	0.0
101.00	0.973303064	-179.2105630	0.0	0.0
102.00	0.903331733	-179.2793314	0.0	0.0
103.00	0.822727062	-179.3473629	0.0	0.0
104.00	0.733979005	-179.4146789	0.0	0.0
105.00	0.640311357	-179.4812996	0.0	0.0
106.00	0.545345778	-179.5472446	0.0	0.0
107.00	0.452722372	-179.6125327	0.0	0.0
108.00	0.365735543	-179.6771820	0.0	0.0
109.00	0.287037548	-179.7412102	0.0	0.0
110.00	0.218446724	-179.8046339	0.0	0.0
111.00	0.160876697	-179.8674695	0.0	0.0
112.00	0.114381610	-179.9297326	0.0	0.0
113.00	0.078294584	-179.9914383	0.0	0.0
114.00	0.051425383	-180.0526013	0.0	0.0
115.00	0.032279594	-180.1132355	0.0	0.0
116.00	0.019265210	-180.1733547	0.0	0.0
117.00	0.010861271	-180.2329719	0.0	0.0
118.00	0.005734654	-180.2920999	0.0	0.0
119.00	0.002802417	-180.3507509	0.0	0.0
120.00	0.001246275	-180.4089368	0.0	0.0
121.00	0.000491500	-180.4666690	0.0	0.0
122.00	0.000164588	-180.5239587	0.0	0.0
123.00	0.000042974	-180.5808165	0.0	0.0
124.00	0.000006948	-180.6372529	0.0	0.0
124.10	0.000005502	-180.6428738	0.0	0.0
124.20	0.000004288	-180.6484905	0.0	0.0
124.30	0.000003276	-180.6541032	0.0	0.0
124.40	0.000002439	-180.6597118	0.0	0.0
124.50	0.000001756	-180.6653163	0.0	0.0
124.60	0.000001204	-180.6709167	0.0	0.0
124.70	0.000000764	-180.6765131	0.0	0.0
124.80	0.000000420	-180.6821054	0.0	0.0
124.90	0.000000156	-180.6876937	0.0	0.0
125.00	0.000000040	-180.6932780	0.0	0.0
