# Terminal Sensitivity Response for Juan Fernandez H03S
# Channel H03S2/EDH
# UWS 007 South Node2_202 HITECH
# Effective: 13 January 2003
# File name: H03S2_EDH_Response.txt
# Source: John Newton
# System response: hydrophone and digitizer
# The following response file for Hydrophone_amp_CS5322 filter
# is in frequency (Hz)/ amplitude (gain factor)/phase (deg) format
# and derived from equations of state.
# HITECH hydrophones plus pre-amp plus 3 lowpass FIR filters
# Displacement response rel to 569.6673 uPa/count @ 10 Hz
# Note that this response file does not incorporate the phase
# delay of the anti-alias (the delay is compensated in the digitizer)
# filter of the digitizer since the hydrophone phase
# response equals the
# system phase response.
 theoretical  0   instrument    fap
143
0.10	0.004923287	-15.6152345	0.0	0.0
0.20	0.017985651	-29.5060787	0.0	0.0
0.30	0.035809741	-40.9180244	0.0	0.0
0.40	0.055734377	-49.9792631	0.0	0.0
0.50	0.076333726	-57.1583316	0.0	0.0
0.60	0.096981540	-62.9270546	0.0	0.0
0.70	0.117434875	-67.6578940	0.0	0.0
0.80	0.137612066	-71.6219254	0.0	0.0
0.90	0.157494160	-75.0118042	0.0	0.0
1.00	0.181379781	-79.8109498	0.0	0.0
2.00	0.365934016	-98.3260318	0.0	0.0
3.00	0.518653831	-109.9905941	0.0	0.0
4.00	0.644734505	-118.8005426	0.0	0.0
5.00	0.744960642	-126.1835146	0.0	0.0
6.00	0.824639099	-132.0208716	0.0	0.0
7.00	0.886137372	-136.7968086	0.0	0.0
8.00	0.933428965	-140.9312814	0.0	0.0
9.00	0.970123865	-144.5163537	0.0	0.0
10.00	1.000000000	-147.3798498	0.0	0.0
11.00	1.023349880	-149.8237588	0.0	0.0
12.00	1.042864490	-152.1208424	0.0	0.0
13.00	1.059242173	-154.0098546	0.0	0.0
14.00	1.074912785	-155.7718042	0.0	0.0
15.00	1.083637437	-157.2673652	0.0	0.0
16.00	1.090546218	-158.6201806	0.0	0.0
17.00	1.099551033	-159.8347415	0.0	0.0
18.00	1.110152572	-160.9457827	0.0	0.0
19.00	1.114043709	-162.0039741	0.0	0.0
20.00	1.115832026	-162.9285328	0.0	0.0
21.00	1.120927223	-163.7840245	0.0	0.0
22.00	1.130445584	-164.5160888	0.0	0.0
23.00	1.127798218	-165.1187048	0.0	0.0
24.00	1.133445642	-165.9724984	0.0	0.0
25.00	1.132937452	-166.5360119	0.0	0.0
26.00	1.137169708	-167.1458881	0.0	0.0
27.00	1.137582032	-167.5029591	0.0	0.0
28.00	1.140989243	-168.0563663	0.0	0.0
29.00	1.144629876	-168.5106520	0.0	0.0
30.00	1.144632957	-169.0387277	0.0	0.0
31.00	1.145237467	-169.3888160	0.0	0.0
32.00	1.146610273	-169.7502024	0.0	0.0
33.00	1.147110402	-170.1460894	0.0	0.0
34.00	1.149277204	-170.4357453	0.0	0.0
35.00	1.151766622	-170.7853477	0.0	0.0
36.00	1.152912332	-171.1130314	0.0	0.0
37.00	1.153455261	-171.5065869	0.0	0.0
38.00	1.152560025	-171.6243817	0.0	0.0
39.00	1.151343931	-172.0109685	0.0	0.0
40.00	1.151989770	-172.2689269	0.0	0.0
41.00	1.154695402	-172.5167594	0.0	0.0
42.00	1.152421894	-172.7255379	0.0	0.0
43.00	1.153557178	-173.1756897	0.0	0.0
44.00	1.154207249	-173.1602949	0.0	0.0
45.00	1.156370845	-173.3392322	0.0	0.0
46.00	1.154655757	-173.6950509	0.0	0.0
47.00	1.155573866	-173.8562961	0.0	0.0
48.00	1.156063778	-174.1700469	0.0	0.0
49.00	1.154087877	-174.2571101	0.0	0.0
50.00	1.155368306	-174.4730392	0.0	0.0
51.00	1.158706634	-174.6618361	0.0	0.0
52.00	1.158189123	-174.8069866	0.0	0.0
53.00	1.157525309	-175.0696514	0.0	0.0
54.00	1.155544594	-175.1183443	0.0	0.0
55.00	1.158707613	-175.1971745	0.0	0.0
56.00	1.156922766	-175.4132996	0.0	0.0
57.00	1.156948321	-175.6113607	0.0	0.0
58.00	1.157306290	-175.7052620	0.0	0.0
59.00	1.159386749	-175.9868480	0.0	0.0
60.00	1.157418372	-175.5984540	0.0	0.0
61.00	1.158005267	-176.1870323	0.0	0.0
62.00	1.158872928	-176.2011049	0.0	0.0
63.00	1.158371903	-176.4891562	0.0	0.0
64.00	1.156520589	-176.4641925	0.0	0.0
65.00	1.155805063	-176.6911025	0.0	0.0
66.00	1.154818574	-176.8301093	0.0	0.0
67.00	1.157495040	-176.7611527	0.0	0.0
68.00	1.155974740	-177.0470529	0.0	0.0
69.00	1.158078904	-176.9740766	0.0	0.0
70.00	1.154161165	-177.1657186	0.0	0.0
71.00	1.155692137	-177.3716361	0.0	0.0
72.00	1.154416939	-177.4044686	0.0	0.0
73.00	1.157004293	-177.5283001	0.0	0.0
74.00	1.154641916	-177.7167234	0.0	0.0
75.00	1.156876917	-177.7390971	0.0	0.0
76.00	1.158639075	-177.8895195	0.0	0.0
77.00	1.157992867	-177.9426555	0.0	0.0
78.00	1.157951847	-177.9550794	0.0	0.0
79.00	1.156589827	-178.0492221	0.0	0.0
80.00	1.154385820	-178.2173447	0.0	0.0
81.00	1.157003695	-178.2845364	0.0	0.0
82.00	1.153938768	-178.3328825	0.0	0.0
83.00	1.155131271	-178.4161743	0.0	0.0
84.00	1.157206403	-178.5591617	0.0	0.0
85.00	1.155671532	-178.6516490	0.0	0.0
86.00	1.154993266	-178.8347084	0.0	0.0
87.00	1.156803240	-178.7641396	0.0	0.0
88.00	1.155340649	-178.8811434	0.0	0.0
89.00	1.153302703	-178.9406283	0.0	0.0
90.00	1.153151066	-179.1596127	0.0	0.0
91.00	1.154177166	-179.2210071	0.0	0.0
92.00	1.154423641	-179.1202293	0.0	0.0
93.00	1.155665355	-179.3360879	0.0	0.0
94.00	1.149325242	-179.3243254	0.0	0.0
95.00	1.149037723	-179.2911818	0.0	0.0
96.00	1.143379377	-179.5621861	0.0	0.0
97.00	1.127134328	-179.5687132	0.0	0.0
98.00	1.104262724	-179.6754999	0.0	0.0
99.00	1.071718637	-179.6743114	0.0	0.0
100.00	1.023815601	-179.9048797	0.0	0.0
101.00	0.973303064	-179.2105630	0.0	0.0
102.00	0.903331733	-179.2793314	0.0	0.0
103.00	0.822727062	-179.3473629	0.0	0.0
104.00	0.733979005	-179.4146789	0.0	0.0
105.00	0.640311357	-179.4812996	0.0	0.0
106.00	0.545345778	-179.5472446	0.0	0.0
107.00	0.452722372	-179.6125327	0.0	0.0
108.00	0.365735543	-179.6771820	0.0	0.0
109.00	0.287037548	-179.7412102	0.0	0.0
110.00	0.218446724	-179.8046339	0.0	0.0
111.00	0.160876697	-179.8674695	0.0	0.0
112.00	0.114381610	-179.9297326	0.0	0.0
113.00	0.078294584	-179.9914383	0.0	0.0
114.00	0.051425383	-180.0526013	0.0	0.0
115.00	0.032279594	-180.1132355	0.0	0.0
116.00	0.019265210	-180.1733547	0.0	0.0
117.00	0.010861271	-180.2329719	0.0	0.0
118.00	0.005734654	-180.2920999	0.0	0.0
119.00	0.002802417	-180.3507509	0.0	0.0
120.00	0.001246275	-180.4089368	0.0	0.0
121.00	0.000491500	-180.4666690	0.0	0.0
122.00	0.000164588	-180.5239587	0.0	0.0
123.00	0.000042974	-180.5808165	0.0	0.0
124.00	0.000006948	-180.6372529	0.0	0.0
124.10	0.000005502	-180.6428738	0.0	0.0
124.20	0.000004288	-180.6484905	0.0	0.0
124.30	0.000003276	-180.6541032	0.0	0.0
124.40	0.000002439	-180.6597118	0.0	0.0
124.50	0.000001756	-180.6653163	0.0	0.0
124.60	0.000001204	-180.6709167	0.0	0.0
124.70	0.000000764	-180.6765131	0.0	0.0
124.80	0.000000420	-180.6821054	0.0	0.0
124.90	0.000000156	-180.6876937	0.0	0.0
125.00	0.000000040	-180.6932780	0.0	0.0
