# UNCLASSIFIED
#
# Response info for PPT broad-band horizontal channels.
#
# Effective: 04 Aug. 2003
# File name: ppt_mp_horiz.txt
# Inid:  
# Source:  James Neely (CTI)
# System equipment:  DASE LPHA-12s seismometer and digitizer.
# 
# The response file was derived from equations of state.
# Displacement response relative to 1.0 at 0.05 Hz.  The nominal calib value
# for this configuration is 0.402400 nm/count at 0.05 Hz.
# 
# Freq(Hz)      Ampl(cnts/nm)   Phase(deg)  Error(amp) Error(phase)
#
   theoretical   0   instrument   fap
209
0.001000	0.000892014	221.56029	0.0	0.0
0.002000	0.004492778	199.61831	0.0	0.0
0.003000	0.010630880	188.02909	0.0	0.0
0.004000	0.019097221	180.24614	0.0	0.0
0.005000	0.029710282	174.22721	0.0	0.0
0.006000	0.042276379	169.19288	0.0	0.0
0.007000	0.056590562	164.79132	0.0	0.0
0.008000	0.072444375	160.84268	0.0	0.0
0.009000	0.089633739	157.24547	0.0	0.0
0.010000	0.107965268	153.93726	0.0	0.0
0.020000	0.323605490	131.03018	0.0	0.0
0.030000	0.552705046	118.50370	0.0	0.0
0.040000	0.778344090	110.77048	0.0	0.0
0.050000	1.000000000	105.47756	0.0	0.0
0.060000	1.218796612	101.55349	0.0	0.0
0.070000	1.435632544	98.46231	0.0	0.0
0.080000	1.651099149	95.91161	0.0	0.0
0.090000	1.865577615	93.72983	0.0	0.0
0.100000	2.079316982	91.81029	0.0	0.0
0.110000	2.292483041	90.08332	0.0	0.0
0.120000	2.505187813	88.50159	0.0	0.0
0.130000	2.717507472	87.03186	0.0	0.0
0.140000	2.929493467	85.65010	0.0	0.0
0.150000	3.141179596	84.33851	0.0	0.0
0.160000	3.352586598	83.08361	0.0	0.0
0.170000	3.563725209	81.87505	0.0	0.0
0.180000	3.774598224	80.70468	0.0	0.0
0.190000	3.985201914	79.56604	0.0	0.0
0.200000	4.195527002	78.45392	0.0	0.0
0.210000	4.405559360	77.36408	0.0	0.0
0.220000	4.615280482	76.29304	0.0	0.0
0.230000	4.824667834	75.23787	0.0	0.0
0.240000	5.033695085	74.19614	0.0	0.0
0.250000	5.242332283	73.16579	0.0	0.0
0.260000	5.450545966	72.14507	0.0	0.0
0.270000	5.658299247	71.13248	0.0	0.0
0.280000	5.865551864	70.12671	0.0	0.0
0.290000	6.072260225	69.12666	0.0	0.0
0.300000	6.278377433	68.13133	0.0	0.0
0.310000	6.483853309	67.13989	0.0	0.0
0.320000	6.688634415	66.15160	0.0	0.0
0.330000	6.892664073	65.16579	0.0	0.0
0.340000	7.095882399	64.18190	0.0	0.0
0.350000	7.298226330	63.19942	0.0	0.0
0.360000	7.499629670	62.21792	0.0	0.0
0.370000	7.700023143	61.23701	0.0	0.0
0.380000	7.899334456	60.25636	0.0	0.0
0.390000	8.097488372	59.27566	0.0	0.0
0.400000	8.294406807	58.29467	0.0	0.0
0.410000	8.490008931	57.31317	0.0	0.0
0.420000	8.684211289	56.33098	0.0	0.0
0.430000	8.876927939	55.34795	0.0	0.0
0.440000	9.068070604	54.36396	0.0	0.0
0.450000	9.257548843	53.37890	0.0	0.0
0.460000	9.445270237	52.39271	0.0	0.0
0.470000	9.631140596	51.40534	0.0	0.0
0.480000	9.815064176	50.41677	0.0	0.0
0.490000	9.996943921	49.42698	0.0	0.0
0.500000	10.176681714	48.43601	0.0	0.0
0.510000	10.354178644	47.44387	0.0	0.0
0.520000	10.529335295	46.45064	0.0	0.0
0.530000	10.702052036	45.45637	0.0	0.0
0.540000	10.872229333	44.46115	0.0	0.0
0.550000	11.039768068	43.46509	0.0	0.0
0.560000	11.204569865	42.46831	0.0	0.0
0.570000	11.366537425	41.47093	0.0	0.0
0.580000	11.525574869	40.47310	0.0	0.0
0.590000	11.681588076	39.47498	0.0	0.0
0.600000	11.834485033	38.47673	0.0	0.0
0.610000	11.984176171	37.47855	0.0	0.0
0.620000	12.130574712	36.48061	0.0	0.0
0.630000	12.273596993	35.48313	0.0	0.0
0.640000	12.413162798	34.48630	0.0	0.0
0.650000	12.549195666	33.49035	0.0	0.0
0.660000	12.681623196	32.49550	0.0	0.0
0.670000	12.810377326	31.50199	0.0	0.0
0.680000	12.935394605	30.51004	0.0	0.0
0.690000	13.056616438	29.51990	0.0	0.0
0.700000	13.173989313	28.53182	0.0	0.0
0.710000	13.287465002	27.54604	0.0	0.0
0.720000	13.397000740	26.56281	0.0	0.0
0.730000	13.502559376	25.58239	0.0	0.0
0.740000	13.604109496	24.60503	0.0	0.0
0.750000	13.701625523	23.63098	0.0	0.0
0.760000	13.795087784	22.66049	0.0	0.0
0.770000	13.884482547	21.69382	0.0	0.0
0.780000	13.969802037	20.73121	0.0	0.0
0.790000	14.051044415	19.77291	0.0	0.0
0.800000	14.128213735	18.81915	0.0	0.0
0.810000	14.201319869	17.87018	0.0	0.0
0.820000	14.270378416	16.92623	0.0	0.0
0.830000	14.335410570	15.98752	0.0	0.0
0.840000	14.396442983	15.05428	0.0	0.0
0.850000	14.453507591	14.12672	0.0	0.0
0.860000	14.506641427	13.20504	0.0	0.0
0.870000	14.555886419	12.28945	0.0	0.0
0.880000	14.601289164	11.38014	0.0	0.0
0.890000	14.642900692	10.47730	0.0	0.0
0.900000	14.680776219	9.58109		0.0	0.0
0.910000	14.714974885	8.69169		0.0	0.0
0.920000	14.745559492	7.80925		0.0	0.0
0.930000	14.772596226	6.93393		0.0	0.0
0.940000	14.796154381	6.06586		0.0	0.0
0.950000	14.816306084	5.20518		0.0	0.0
0.960000	14.833126008	4.35201		0.0	0.0
0.970000	14.846691100	3.50647		0.0	0.0
0.980000	14.857080301	2.66865		0.0	0.0
0.990000	14.864374278	1.83865		0.0	0.0
1.000000	14.868655157	1.01655		0.0	0.0
1.010000	14.870006264	0.20245		0.0	0.0
1.020000	14.868511876	-0.60361	0.0	0.0
1.030000	14.864256979	-1.40155	0.0	0.0
1.040000	14.857327037	-2.19132	0.0	0.0
1.050000	14.847807769	-2.97289	0.0	0.0
1.060000	14.835784940	-3.74622	0.0	0.0
1.070000	14.821344165	-4.51127	0.0	0.0
1.080000	14.804570716	-5.26803	0.0	0.0
1.090000	14.785549352	-6.01649	0.0	0.0
1.100000	14.764364155	-6.75664	0.0	0.0
1.110000	14.741098380	-7.48848	0.0	0.0
1.120000	14.715834311	-8.21202	0.0	0.0
1.130000	14.688653141	-8.92726	0.0	0.0
1.140000	14.659634853	-9.63424	0.0	0.0
1.150000	14.628858116	-10.33297	0.0	0.0
1.160000	14.596400191	-11.02349	0.0	0.0
1.170000	14.562336851	-11.70582	0.0	0.0
1.180000	14.526742306	-12.38002	0.0	0.0
1.190000	14.489689143	-13.04611	0.0	0.0
1.200000	14.451248269	-13.70416	0.0	0.0
1.210000	14.411488871	-14.35421	0.0	0.0
1.220000	14.370478376	-14.99632	0.0	0.0
1.230000	14.328282422	-15.63054	0.0	0.0
1.240000	14.284964842	-16.25695	0.0	0.0
1.250000	14.240587644	-16.87560	0.0	0.0
1.260000	14.195211006	-17.48657	0.0	0.0
1.270000	14.148893273	-18.08992	0.0	0.0
1.280000	14.101690957	-18.68572	0.0	0.0
1.290000	14.053658753	-19.27405	0.0	0.0
1.300000	14.004849543	-19.85499	0.0	0.0
1.310000	13.955314417	-20.42862	0.0	0.0
1.320000	13.905102692	-20.99501	0.0	0.0
1.330000	13.854261934	-21.55425	0.0	0.0
1.340000	13.802837990	-22.10641	0.0	0.0
1.350000	13.750875007	-22.65158	0.0	0.0
1.360000	13.698415474	-23.18985	0.0	0.0
1.370000	13.645500247	-23.72129	0.0	0.0
1.380000	13.592168586	-24.24600	0.0	0.0
1.390000	13.538458194	-24.76405	0.0	0.0
1.400000	13.484405249	-25.27554	0.0	0.0
1.410000	13.430044446	-25.78054	0.0	0.0
1.420000	13.375409035	-26.27916	0.0	0.0
1.430000	13.320530858	-26.77146	0.0	0.0
1.440000	13.265440392	-27.25754	0.0	0.0
1.450000	13.210166786	-27.73748	0.0	0.0
1.460000	13.154737904	-28.21137	0.0	0.0
1.470000	13.099180360	-28.67930	0.0	0.0
1.480000	13.043519561	-29.14134	0.0	0.0
1.490000	12.987779748	-29.59758	0.0	0.0
1.500000	12.931984029	-30.04811	0.0	0.0
1.510000	12.876154422	-30.49300	0.0	0.0
1.520000	12.820311891	-30.93235	0.0	0.0
1.530000	12.764476384	-31.36622	0.0	0.0
1.540000	12.708666868	-31.79471	0.0	0.0
1.550000	12.652901365	-32.21790	0.0	0.0
1.560000	12.597196989	-32.63585	0.0	0.0
1.570000	12.541569978	-33.04866	0.0	0.0
1.580000	12.486035728	-33.45639	0.0	0.0
1.590000	12.430608824	-33.85913	0.0	0.0
1.600000	12.375303074	-34.25696	0.0	0.0
1.610000	12.320131540	-34.64994	0.0	0.0
1.620000	12.265106565	-35.03815	0.0	0.0
1.630000	12.210239802	-35.42166	0.0	0.0
1.640000	12.155542248	-35.80055	0.0	0.0
1.650000	12.101024264	-36.17489	0.0	0.0
1.660000	12.046695604	-36.54474	0.0	0.0
1.670000	11.992565442	-36.91018	0.0	0.0
1.680000	11.938642396	-37.27128	0.0	0.0
1.690000	11.884934548	-37.62810	0.0	0.0
1.700000	11.831449474	-37.98071	0.0	0.0
1.710000	11.778194261	-38.32918	0.0	0.0
1.720000	11.725175529	-38.67356	0.0	0.0
1.730000	11.672399454	-39.01393	0.0	0.0
1.740000	11.619871785	-39.35034	0.0	0.0
1.750000	11.567597866	-39.68285	0.0	0.0
1.760000	11.515582649	-40.01154	0.0	0.0
1.770000	11.463830721	-40.33645	0.0	0.0
1.780000	11.412346311	-40.65764	0.0	0.0
1.790000	11.361133314	-40.97518	0.0	0.0
1.800000	11.310195300	-41.28912	0.0	0.0
1.810000	11.259535537	-41.59951	0.0	0.0
1.820000	11.209156997	-41.90642	0.0	0.0
1.830000	11.159062376	-42.20989	0.0	0.0
1.840000	11.109254107	-42.50997	0.0	0.0
1.850000	11.059734367	-42.80673	0.0	0.0
1.860000	11.010505098	-43.10020	0.0	0.0
1.870000	10.961568009	-43.39045	0.0	0.0
1.880000	10.912924598	-43.67752	0.0	0.0
1.890000	10.864576152	-43.96145	0.0	0.0
1.900000	10.816523766	-44.24231	0.0	0.0
1.910000	10.768768348	-44.52013	0.0	0.0
1.920000	10.721310630	-44.79496	0.0	0.0
1.930000	10.674151176	-45.06684	0.0	0.0
1.940000	10.627290393	-45.33583	0.0	0.0
1.950000	10.580728538	-45.60197	0.0	0.0
1.960000	10.534465724	-45.86529	0.0	0.0
1.970000	10.488501930	-46.12584	0.0	0.0
1.980000	10.442837007	-46.38366	0.0	0.0
1.990000	10.397470689	-46.63880	0.0	0.0
2.000000	10.352402591	-46.89129	0.0	0.0
