# UNCLASSIFIED
#
# Response info for PPT short period channels.
#
# Effective: 04 Aug. 2003
# File name: ppt_sp.txt
# Inid:  
# Source:  James Neely (CTI)
# System equipment:  DASE ZM500 and HM500 seismometers.
# 
# The response file was derived from equations of state.
# Displacement response relative to 1.0 at 0.5 Hz.  The nominal calib value
# for this configuration is 0.095400 nm/count at 0.5 Hz.
# 
# Freq(Hz)      Ampl(cnts/nm)   Phase(deg)  Error(amp) Error(phase)
#
   theoretical   0   instrument   fap
268
0.001000	0.000000011	269.83784	0.0	0.0
0.002000	0.000000091	269.67567	0.0	0.0
0.003000	0.000000306	269.51351	0.0	0.0
0.004000	0.000000725	269.35134	0.0	0.0
0.005000	0.000001415	269.18916	0.0	0.0
0.006000	0.000002445	269.02698	0.0	0.0
0.007000	0.000003883	268.86479	0.0	0.0
0.008000	0.000005796	268.70259	0.0	0.0
0.009000	0.000008253	268.54038	0.0	0.0
0.010000	0.000011321	268.37816	0.0	0.0
0.020000	0.000090568	266.75503	0.0	0.0
0.030000	0.000305667	265.12930	0.0	0.0
0.040000	0.000724533	263.49971	0.0	0.0
0.050000	0.001415061	261.86499	0.0	0.0
0.060000	0.002445095	260.22392	0.0	0.0
0.070000	0.003882376	258.57528	0.0	0.0
0.080000	0.005794479	256.91792	0.0	0.0
0.090000	0.008248713	255.25072	0.0	0.0
0.100000	0.011311990	253.57263	0.0	0.0
0.200000	0.089428091	236.01849	0.0	0.0
0.300000	0.287556859	216.98732	0.0	0.0
0.400000	0.610035512	197.60201	0.0	0.0
0.500000	1.000000000	179.94740	0.0	0.0
0.600000	1.393595122	165.41474	0.0	0.0
0.700000	1.762947030	154.08749	0.0	0.0
0.800000	2.106642264	145.37684	0.0	0.0
0.900000	2.431062791	138.61877	0.0	0.0
1.000000	2.742407140	133.28293	0.0	0.0
1.100000	3.045101381	128.98765	0.0	0.0
1.200000	3.342048127	125.46577	0.0	0.0
1.300000	3.635114559	122.52983	0.0	0.0
1.400000	3.925508578	120.04648	0.0	0.0
1.500000	4.214023811	117.91912	0.0	0.0
1.600000	4.501191736	116.07641	0.0	0.0
1.700000	4.787375407	114.46471	0.0	0.0
1.800000	5.072827664	113.04299	0.0	0.0
1.900000	5.357727833	111.77938	0.0	0.0
2.000000	5.642205288	110.64873	0.0	0.0
2.100000	5.926354842	109.63099	0.0	0.0
2.200000	6.210246993	108.70993	0.0	0.0
2.300000	6.493934869	107.87230	0.0	0.0
2.400000	6.777459001	107.10720	0.0	0.0
2.500000	7.060850663	106.40552	0.0	0.0
2.600000	7.344134241	105.75965	0.0	0.0
2.700000	7.627328936	105.16313	0.0	0.0
2.800000	7.910450003	104.61048	0.0	0.0
2.900000	8.193509663	104.09701	0.0	0.0
3.000000	8.476517786	103.61866	0.0	0.0
3.100000	8.759482399	103.17194	0.0	0.0
3.200000	9.042410076	102.75379	0.0	0.0
3.300000	9.325306233	102.36153	0.0	0.0
3.400000	9.608175364	101.99282	0.0	0.0
3.500000	9.891021214	101.64560	0.0	0.0
3.600000	10.173846923	101.31803	0.0	0.0
3.700000	10.456655137	101.00847	0.0	0.0
3.800000	10.739448094	100.71549	0.0	0.0
3.900000	11.022227699	100.43776	0.0	0.0
4.000000	11.304995579	100.17414	0.0	0.0
4.100000	11.587753127	99.92356	0.0	0.0
4.200000	11.870501542	99.68508	0.0	0.0
4.300000	12.153241863	99.45784	0.0	0.0
4.400000	12.435974987	99.24105	0.0	0.0
4.500000	12.718701696	99.03402	0.0	0.0
4.600000	13.001422671	98.83610	0.0	0.0
4.700000	13.284138510	98.64669	0.0	0.0
4.800000	13.566849736	98.46526	0.0	0.0
4.900000	13.849556809	98.29131	0.0	0.0
5.000000	14.132260138	98.12438	0.0	0.0
5.100000	14.414960081	97.96407	0.0	0.0
5.200000	14.697656959	97.80997	0.0	0.0
5.300000	14.980351053	97.66175	0.0	0.0
5.400000	15.263042618	97.51906	0.0	0.0
5.500000	15.545731880	97.38160	0.0	0.0
5.600000	15.828419039	97.24909	0.0	0.0
5.700000	16.111104278	97.12126	0.0	0.0
5.800000	16.393787758	96.99787	0.0	0.0
5.900000	16.676469627	96.87870	0.0	0.0
6.000000	16.959150017	96.76353	0.0	0.0
6.100000	17.241829046	96.65215	0.0	0.0
6.200000	17.524506822	96.54440	0.0	0.0
6.300000	17.807183444	96.44008	0.0	0.0
6.400000	18.089859001	96.33905	0.0	0.0
6.500000	18.372533572	96.24114	0.0	0.0
6.600000	18.655207231	96.14622	0.0	0.0
6.700000	18.937880046	96.05414	0.0	0.0
6.800000	19.220552078	95.96479	0.0	0.0
6.900000	19.503223382	95.87804	0.0	0.0
7.000000	19.785894010	95.79379	0.0	0.0
7.100000	20.068564008	95.71191	0.0	0.0
7.200000	20.351233420	95.63233	0.0	0.0
7.300000	20.633902286	95.55493	0.0	0.0
7.400000	20.916570642	95.47964	0.0	0.0
7.500000	21.199238521	95.40636	0.0	0.0
7.600000	21.481905954	95.33502	0.0	0.0
7.700000	21.764572970	95.26554	0.0	0.0
7.800000	22.047239595	95.19785	0.0	0.0
7.900000	22.329905854	95.13187	0.0	0.0
8.000000	22.612571770	95.06756	0.0	0.0
8.100000	22.895237362	95.00484	0.0	0.0
8.200000	23.177902652	94.94365	0.0	0.0
8.300000	23.460567656	94.88395	0.0	0.0
8.400000	23.743232391	94.82567	0.0	0.0
8.500000	24.025896874	94.76876	0.0	0.0
8.600000	24.308561118	94.71319	0.0	0.0
8.700000	24.591225138	94.65889	0.0	0.0
8.800000	24.873888945	94.60584	0.0	0.0
8.900000	25.156552552	94.55398	0.0	0.0
9.000000	25.439215970	94.50327	0.0	0.0
9.100000	25.721879208	94.45369	0.0	0.0
9.200000	26.004542277	94.40518	0.0	0.0
9.300000	26.287205186	94.35772	0.0	0.0
9.400000	26.569867943	94.31128	0.0	0.0
9.500000	26.852530555	94.26581	0.0	0.0
9.600000	27.135193031	94.22130	0.0	0.0
9.700000	27.417855377	94.17770	0.0	0.0
9.800000	27.700517600	94.13500	0.0	0.0
9.900000	27.983179706	94.09316	0.0	0.0
10.000000	28.265841701	94.05216	0.0	0.0
10.100000	28.548503590	94.01197	0.0	0.0
10.200000	28.831165378	93.97258	0.0	0.0
10.300000	29.113827071	93.93395	0.0	0.0
10.400000	29.396488672	93.89606	0.0	0.0
10.500000	29.679150187	93.85890	0.0	0.0
10.600000	29.961811619	93.82244	0.0	0.0
10.700000	30.244472971	93.78667	0.0	0.0
10.800000	30.527134249	93.75156	0.0	0.0
10.900000	30.809795454	93.71709	0.0	0.0
11.000000	31.092456591	93.68325	0.0	0.0
11.100000	31.375117661	93.65002	0.0	0.0
11.200000	31.657778670	93.61739	0.0	0.0
11.300000	31.940439618	93.58534	0.0	0.0
11.400000	32.223100509	93.55385	0.0	0.0
11.500000	32.505761344	93.52290	0.0	0.0
11.600000	32.788422128	93.49250	0.0	0.0
11.700000	33.071082861	93.46261	0.0	0.0
11.800000	33.353743545	93.43323	0.0	0.0
11.900000	33.636404184	93.40435	0.0	0.0
12.000000	33.919064778	93.37594	0.0	0.0
12.100000	34.201725330	93.34801	0.0	0.0
12.200000	34.484385841	93.32054	0.0	0.0
12.300000	34.767046312	93.29351	0.0	0.0
12.400000	35.049706747	93.26692	0.0	0.0
12.500000	35.332367145	93.24076	0.0	0.0
12.600000	35.615027508	93.21501	0.0	0.0
12.700000	35.897687839	93.18967	0.0	0.0
12.800000	36.180348137	93.16473	0.0	0.0
12.900000	36.463008404	93.14017	0.0	0.0
13.000000	36.745668642	93.11599	0.0	0.0
13.100000	37.028328852	93.09218	0.0	0.0
13.200000	37.310989033	93.06873	0.0	0.0
13.300000	37.593649189	93.04564	0.0	0.0
13.400000	37.876309319	93.02289	0.0	0.0
13.500000	38.158969425	93.00048	0.0	0.0
13.600000	38.441629507	92.97839	0.0	0.0
13.700000	38.724289566	92.95663	0.0	0.0
13.800000	39.006949604	92.93519	0.0	0.0
13.900000	39.289609620	92.91406	0.0	0.0
14.000000	39.572269616	92.89322	0.0	0.0
14.100000	39.854929593	92.87269	0.0	0.0
14.200000	40.137589550	92.85244	0.0	0.0
14.300000	40.420249489	92.83248	0.0	0.0
14.400000	40.702909410	92.81279	0.0	0.0
14.500000	40.985569315	92.79338	0.0	0.0
14.600000	41.268229202	92.77423	0.0	0.0
14.700000	41.550889074	92.75534	0.0	0.0
14.800000	41.833548931	92.73671	0.0	0.0
14.900000	42.116208772	92.71833	0.0	0.0
15.000000	42.398868599	92.70019	0.0	0.0
15.100000	42.681528413	92.68230	0.0	0.0
15.200000	42.964188212	92.66464	0.0	0.0
15.300000	43.246847999	92.64721	0.0	0.0
15.400000	43.529507773	92.63001	0.0	0.0
15.500000	43.812167535	92.61303	0.0	0.0
15.600000	44.094827285	92.59627	0.0	0.0
15.700000	44.377487024	92.57972	0.0	0.0
15.800000	44.660146751	92.56338	0.0	0.0
15.900000	44.942806468	92.54725	0.0	0.0
16.000000	45.225466175	92.53132	0.0	0.0
16.100000	45.508125871	92.51559	0.0	0.0
16.200000	45.790785557	92.50005	0.0	0.0
16.300000	46.073445235	92.48470	0.0	0.0
16.400000	46.356104902	92.46954	0.0	0.0
16.500000	46.638764561	92.45456	0.0	0.0
16.600000	46.921424212	92.43977	0.0	0.0
16.700000	47.204083854	92.42515	0.0	0.0
16.800000	47.486743488	92.41071	0.0	0.0
16.900000	47.769403113	92.39643	0.0	0.0
17.000000	48.052062732	92.38233	0.0	0.0
17.100000	48.334722342	92.36839	0.0	0.0
17.200000	48.617381946	92.35461	0.0	0.0
17.300000	48.900041543	92.34099	0.0	0.0
17.400000	49.182701132	92.32753	0.0	0.0
17.500000	49.465360715	92.31423	0.0	0.0
17.600000	49.748020292	92.30107	0.0	0.0
17.700000	50.030679862	92.28806	0.0	0.0
17.800000	50.313339427	92.27520	0.0	0.0
17.900000	50.595998985	92.26248	0.0	0.0
18.000000	50.878658538	92.24991	0.0	0.0
18.100000	51.161318085	92.23747	0.0	0.0
18.200000	51.443977626	92.22517	0.0	0.0
18.300000	51.726637163	92.21301	0.0	0.0
18.400000	52.009296694	92.20097	0.0	0.0
18.500000	52.291956220	92.18907	0.0	0.0
18.600000	52.574615741	92.17729	0.0	0.0
18.700000	52.857275258	92.16565	0.0	0.0
18.800000	53.139934769	92.15412	0.0	0.0
18.900000	53.422594277	92.14272	0.0	0.0
19.000000	53.705253780	92.13144	0.0	0.0
19.100000	53.987913279	92.12027	0.0	0.0
19.200000	54.270572773	92.10922	0.0	0.0
19.300000	54.553232264	92.09829	0.0	0.0
19.400000	54.835891750	92.08747	0.0	0.0
19.500000	55.118551233	92.07676	0.0	0.0
19.600000	55.401210712	92.06616	0.0	0.0
19.700000	55.683870187	92.05567	0.0	0.0
19.800000	55.966529659	92.04528	0.0	0.0
19.900000	56.249189127	92.03500	0.0	0.0
20.000000	56.531848592	92.02482	0.0	0.0
20.100000	56.814508054	92.01474	0.0	0.0
20.200000	57.097167512	92.00476	0.0	0.0
20.300000	57.379826967	91.99488	0.0	0.0
20.400000	57.662486419	91.98510	0.0	0.0
20.500000	57.945145869	91.97541	0.0	0.0
20.600000	58.227805315	91.96582	0.0	0.0
20.700000	58.510464758	91.95632	0.0	0.0
20.800000	58.793124199	91.94691	0.0	0.0
20.900000	59.075783637	91.93759	0.0	0.0
21.000000	59.358443072	91.92836	0.0	0.0
21.100000	59.641102504	91.91922	0.0	0.0
21.200000	59.923761935	91.91016	0.0	0.0
21.300000	60.206421362	91.90119	0.0	0.0
21.400000	60.489080787	91.89230	0.0	0.0
21.500000	60.771740210	91.88350	0.0	0.0
21.600000	61.054399631	91.87478	0.0	0.0
21.700000	61.337059049	91.86613	0.0	0.0
21.800000	61.619718465	91.85757	0.0	0.0
21.900000	61.902377879	91.84909	0.0	0.0
22.000000	62.185037291	91.84068	0.0	0.0
22.100000	62.467696701	91.83235	0.0	0.0
22.200000	62.750356109	91.82409	0.0	0.0
22.300000	63.033015515	91.81591	0.0	0.0
22.400000	63.315674919	91.80780	0.0	0.0
22.500000	63.598334321	91.79976	0.0	0.0
22.600000	63.880993721	91.79179	0.0	0.0
22.700000	64.163653120	91.78390	0.0	0.0
22.800000	64.446312516	91.77607	0.0	0.0
22.900000	64.728971911	91.76831	0.0	0.0
23.000000	65.011631304	91.76062	0.0	0.0
23.100000	65.294290696	91.75300	0.0	0.0
23.200000	65.576950086	91.74544	0.0	0.0
23.300000	65.859609475	91.73795	0.0	0.0
23.400000	66.142268862	91.73052	0.0	0.0
23.500000	66.424928247	91.72315	0.0	0.0
23.600000	66.707587631	91.71585	0.0	0.0
23.700000	66.990247014	91.70861	0.0	0.0
23.800000	67.272906395	91.70142	0.0	0.0
23.900000	67.555565774	91.69430	0.0	0.0
24.000000	67.838225153	91.68724	0.0	0.0
24.100000	68.120884530	91.68024	0.0	0.0
24.200000	68.403543905	91.67329	0.0	0.0
24.300000	68.686203280	91.66641	0.0	0.0
24.400000	68.968862653	91.65957	0.0	0.0
24.500000	69.251522025	91.65280	0.0	0.0
24.600000	69.534181396	91.64608	0.0	0.0
24.700000	69.816840765	91.63941	0.0	0.0
24.800000	70.099500134	91.63280	0.0	0.0
24.900000	70.382159501	91.62624	0.0	0.0
25.000000	70.664818867	91.61973	0.0	0.0
