# UNCLASSIFIED
#
# Response info for SIJI IDC broadband site.
#
# Effective: 04 OCT 2011
# Response Created: 03 FEB 2012 
# File name: SIJI.BB.1317686400
# Inid: 5639 5640 5641 
# Source:  James Neely (TTD), TSgt Gregory Swindle
# System equipment: Nanometrics Trillium T-120 sensor and Nanometrics Europa-T digitizer
#
# This response file was derived from equations of state.
# Displacement response relative to 1.0 at 1.0 Hz.
#
# The calib values for this configuration are as follows:
#
# SIJI BHZ is 0.039789 nm/count at 1.0 Hz.
# SIJI BHN is 0.039789 nm/count at 1.0 Hz.
# SIJI BHE is 0.039789 nm/count at 1.0 Hz.
#
# Freq(Hz)     Amp(counts/nm)   Phase(deg)  Error(amp)  Error(phase)
#
 theoretical  0       system    fap   J.Neely
1000
0.001000	0.000013941	260.132823	0.0	0.0
0.001010	0.000014361	260.033702	0.0	0.0
0.001020	0.000014794	259.933573	0.0	0.0
0.001030	0.000015241	259.832423	0.0	0.0
0.001040	0.000015700	259.730242	0.0	0.0
0.001051	0.000016174	259.627009	0.0	0.0
0.001061	0.000016662	259.522724	0.0	0.0
0.001072	0.000017164	259.417374	0.0	0.0
0.001083	0.000017682	259.310940	0.0	0.0
0.001093	0.000018216	259.203419	0.0	0.0
0.001104	0.000018765	259.094801	0.0	0.0
0.001115	0.000019331	258.985065	0.0	0.0
0.001126	0.000019914	258.874199	0.0	0.0
0.001138	0.000020515	258.762203	0.0	0.0
0.001149	0.000021133	258.649054	0.0	0.0
0.001160	0.000021771	258.534741	0.0	0.0
0.001172	0.000022427	258.419254	0.0	0.0
0.001184	0.000023104	258.302581	0.0	0.0
0.001195	0.000023801	258.184700	0.0	0.0
0.001207	0.000024518	258.065610	0.0	0.0
0.001219	0.000025258	257.945300	0.0	0.0
0.001231	0.000026019	257.823737	0.0	0.0
0.001244	0.000026804	257.700930	0.0	0.0
0.001256	0.000027612	257.576847	0.0	0.0
0.001269	0.000028445	257.451487	0.0	0.0
0.001281	0.000029303	257.324828	0.0	0.0
0.001294	0.000030186	257.196869	0.0	0.0
0.001307	0.000031096	257.067576	0.0	0.0
0.001320	0.000032034	256.936948	0.0	0.0
0.001333	0.000033000	256.804964	0.0	0.0
0.001346	0.000033994	256.671610	0.0	0.0
0.001360	0.000035019	256.536866	0.0	0.0
0.001373	0.000036075	256.400728	0.0	0.0
0.001387	0.000037162	256.263174	0.0	0.0
0.001401	0.000038283	256.124193	0.0	0.0
0.001415	0.000039436	255.983761	0.0	0.0
0.001429	0.000040625	255.841867	0.0	0.0
0.001443	0.000041849	255.698497	0.0	0.0
0.001457	0.000043111	255.553629	0.0	0.0
0.001472	0.000044410	255.407241	0.0	0.0
0.001487	0.000045748	255.259329	0.0	0.0
0.001501	0.000047127	255.109870	0.0	0.0
0.001516	0.000048547	254.958842	0.0	0.0
0.001532	0.000050010	254.806232	0.0	0.0
0.001547	0.000051517	254.652026	0.0	0.0
0.001562	0.000053069	254.496202	0.0	0.0
0.001578	0.000054667	254.338735	0.0	0.0
0.001593	0.000056314	254.179614	0.0	0.0
0.001609	0.000058011	254.018813	0.0	0.0
0.001625	0.000059758	253.856329	0.0	0.0
0.001642	0.000061558	253.692119	0.0	0.0
0.001658	0.000063412	253.526179	0.0	0.0
0.001674	0.000065321	253.358496	0.0	0.0
0.001691	0.000067288	253.189024	0.0	0.0
0.001708	0.000069315	253.017770	0.0	0.0
0.001725	0.000071402	252.844699	0.0	0.0
0.001742	0.000073551	252.669788	0.0	0.0
0.001760	0.000075766	252.493021	0.0	0.0
0.001777	0.000078046	252.314374	0.0	0.0
0.001795	0.000080395	252.133823	0.0	0.0
0.001813	0.000082815	251.951352	0.0	0.0
0.001831	0.000085307	251.766937	0.0	0.0
0.001849	0.000087874	251.580552	0.0	0.0
0.001867	0.000090518	251.392172	0.0	0.0
0.001886	0.000093242	251.201781	0.0	0.0
0.001905	0.000096047	251.009345	0.0	0.0
0.001924	0.000098936	250.814857	0.0	0.0
0.001943	0.000101912	250.618271	0.0	0.0
0.001962	0.000104976	250.419572	0.0	0.0
0.001982	0.000108133	250.218733	0.0	0.0
0.002002	0.000111384	250.015738	0.0	0.0
0.002022	0.000114733	249.810540	0.0	0.0
0.002042	0.000118181	249.603143	0.0	0.0
0.002062	0.000121733	249.393490	0.0	0.0
0.002083	0.000125392	249.181574	0.0	0.0
0.002103	0.000129159	248.967358	0.0	0.0
0.002124	0.000133040	248.750825	0.0	0.0
0.002145	0.000137036	248.531925	0.0	0.0
0.002167	0.000141152	248.310654	0.0	0.0
0.002188	0.000145390	248.086972	0.0	0.0
0.002210	0.000149755	247.860850	0.0	0.0
0.002232	0.000154251	247.632262	0.0	0.0
0.002254	0.000158880	247.401168	0.0	0.0
0.002277	0.000163648	247.167550	0.0	0.0
0.002300	0.000168558	246.931369	0.0	0.0
0.002322	0.000173614	246.692595	0.0	0.0
0.002346	0.000178821	246.451200	0.0	0.0
0.002369	0.000184183	246.207144	0.0	0.0
0.002393	0.000189704	245.960397	0.0	0.0
0.002416	0.000195390	245.710940	0.0	0.0
0.002441	0.000201244	245.458711	0.0	0.0
0.002465	0.000207273	245.203701	0.0	0.0
0.002489	0.000213481	244.945870	0.0	0.0
0.002514	0.000219873	244.685176	0.0	0.0
0.002539	0.000226455	244.421589	0.0	0.0
0.002565	0.000233232	244.155066	0.0	0.0
0.002590	0.000240209	243.885588	0.0	0.0
0.002616	0.000247394	243.613101	0.0	0.0
0.002642	0.000254791	243.337575	0.0	0.0
0.002668	0.000262406	243.058967	0.0	0.0
0.002695	0.000270247	242.777245	0.0	0.0
0.002722	0.000278319	242.492365	0.0	0.0
0.002749	0.000286630	242.204286	0.0	0.0
0.002776	0.000295186	241.912985	0.0	0.0
0.002804	0.000303993	241.618397	0.0	0.0
0.002832	0.000313060	241.320501	0.0	0.0
0.002860	0.000322394	241.019252	0.0	0.0
0.002888	0.000332002	240.714606	0.0	0.0
0.002917	0.000341892	240.406520	0.0	0.0
0.002946	0.000352072	240.094948	0.0	0.0
0.002976	0.000362551	239.779847	0.0	0.0
0.003005	0.000373336	239.461193	0.0	0.0
0.003035	0.000384436	239.138910	0.0	0.0
0.003066	0.000395861	238.812984	0.0	0.0
0.003096	0.000407619	238.483349	0.0	0.0
0.003127	0.000419719	238.149971	0.0	0.0
0.003158	0.000432171	237.812804	0.0	0.0
0.003190	0.000444986	237.471793	0.0	0.0
0.003221	0.000458172	237.126902	0.0	0.0
0.003253	0.000471741	236.778075	0.0	0.0
0.003286	0.000485702	236.425279	0.0	0.0
0.003319	0.000500066	236.068444	0.0	0.0
0.003352	0.000514845	235.707548	0.0	0.0
0.003385	0.000530050	235.342524	0.0	0.0
0.003419	0.000545691	234.973325	0.0	0.0
0.003453	0.000561782	234.599918	0.0	0.0
0.003487	0.000578334	234.222236	0.0	0.0
0.003522	0.000595359	233.840232	0.0	0.0
0.003557	0.000612870	233.453874	0.0	0.0
0.003592	0.000630880	233.063084	0.0	0.0
0.003628	0.000649402	232.667839	0.0	0.0
0.003664	0.000668449	232.268073	0.0	0.0
0.003701	0.000688036	231.863742	0.0	0.0
0.003738	0.000708175	231.454802	0.0	0.0
0.003775	0.000728882	231.041189	0.0	0.0
0.003813	0.000750170	230.622859	0.0	0.0
0.003851	0.000772055	230.199760	0.0	0.0
0.003889	0.000794552	229.771850	0.0	0.0
0.003928	0.000817676	229.339066	0.0	0.0
0.003967	0.000841442	228.901379	0.0	0.0
0.004006	0.000865867	228.458726	0.0	0.0
0.004046	0.000890966	228.011059	0.0	0.0
0.004087	0.000916757	227.558328	0.0	0.0
0.004127	0.000943255	227.100496	0.0	0.0
0.004168	0.000970477	226.637516	0.0	0.0
0.004210	0.000998442	226.169321	0.0	0.0
0.004252	0.001027170	225.695888	0.0	0.0
0.004294	0.001056670	225.217162	0.0	0.0
0.004337	0.001086960	224.733102	0.0	0.0
0.004380	0.001118070	224.243667	0.0	0.0
0.004424	0.001150010	223.748806	0.0	0.0
0.004468	0.001182790	223.248483	0.0	0.0
0.004512	0.001216450	222.742673	0.0	0.0
0.004557	0.001250990	222.231321	0.0	0.0
0.004603	0.001286440	221.714395	0.0	0.0
0.004649	0.001322810	221.191865	0.0	0.0
0.004695	0.001360130	220.663694	0.0	0.0
0.004742	0.001398410	220.129844	0.0	0.0
0.004789	0.001437670	219.590295	0.0	0.0
0.004837	0.001477930	219.045026	0.0	0.0
0.004885	0.001519210	218.494010	0.0	0.0
0.004934	0.001561530	217.937211	0.0	0.0
0.004983	0.001604920	217.374628	0.0	0.0
0.005032	0.001649380	216.806233	0.0	0.0
0.005082	0.001694930	216.232009	0.0	0.0
0.005133	0.001741610	215.651958	0.0	0.0
0.005184	0.001789420	215.066058	0.0	0.0
0.005236	0.001838380	214.474318	0.0	0.0
0.005288	0.001888520	213.876727	0.0	0.0
0.005341	0.001939850	213.273299	0.0	0.0
0.005394	0.001992380	212.664032	0.0	0.0
0.005448	0.002046150	212.048939	0.0	0.0
0.005502	0.002101160	211.428026	0.0	0.0
0.005557	0.002157420	210.801316	0.0	0.0
0.005612	0.002214970	210.168849	0.0	0.0
0.005668	0.002273810	209.530633	0.0	0.0
0.005725	0.002333960	208.886708	0.0	0.0
0.005782	0.002395430	208.237106	0.0	0.0
0.005839	0.002458240	207.581875	0.0	0.0
0.005897	0.002522400	206.921071	0.0	0.0
0.005956	0.002587920	206.254720	0.0	0.0
0.006015	0.002654830	205.582913	0.0	0.0
0.006075	0.002723120	204.905688	0.0	0.0
0.006136	0.002792810	204.223125	0.0	0.0
0.006197	0.002863910	203.535297	0.0	0.0
0.006259	0.002936430	202.842286	0.0	0.0
0.006321	0.003010370	202.144179	0.0	0.0
0.006384	0.003085750	201.441069	0.0	0.0
0.006448	0.003162570	200.733047	0.0	0.0
0.006512	0.003240830	200.020230	0.0	0.0
0.006577	0.003320540	199.302721	0.0	0.0
0.006642	0.003401710	198.580630	0.0	0.0
0.006708	0.003484330	197.854094	0.0	0.0
0.006775	0.003568410	197.123226	0.0	0.0
0.006843	0.003653940	196.388178	0.0	0.0
0.006911	0.003740930	195.649073	0.0	0.0
0.006980	0.003829370	194.906066	0.0	0.0
0.007049	0.003919270	194.159306	0.0	0.0
0.007120	0.004010600	193.408948	0.0	0.0
0.007191	0.004103380	192.655153	0.0	0.0
0.007262	0.004197590	191.898099	0.0	0.0
0.007335	0.004293220	191.137950	0.0	0.0
0.007408	0.004390280	190.374882	0.0	0.0
0.007481	0.004488740	189.609092	0.0	0.0
0.007556	0.004588590	188.840748	0.0	0.0
0.007631	0.004689830	188.070043	0.0	0.0
0.007707	0.004792440	187.297187	0.0	0.0
0.007784	0.004896410	186.522362	0.0	0.0
0.007862	0.005001730	185.745776	0.0	0.0
0.007940	0.005108370	184.967629	0.0	0.0
0.008019	0.005216330	184.188135	0.0	0.0
0.008099	0.005325580	183.407501	0.0	0.0
0.008180	0.005436110	182.625938	0.0	0.0
0.008261	0.005547900	181.843667	0.0	0.0
0.008343	0.005660930	181.060884	0.0	0.0
0.008426	0.005775190	180.277823	0.0	0.0
0.008510	0.005890660	179.494684	0.0	0.0
0.008595	0.006007310	178.711692	0.0	0.0
0.008681	0.006125130	177.929059	0.0	0.0
0.008767	0.006244090	177.147002	0.0	0.0
0.008855	0.006364180	176.365740	0.0	0.0
0.008943	0.006485380	175.585473	0.0	0.0
0.009032	0.006607660	174.806417	0.0	0.0
0.009122	0.006731020	174.028789	0.0	0.0
0.009213	0.006855420	173.252784	0.0	0.0
0.009305	0.006980850	172.478613	0.0	0.0
0.009397	0.007107290	171.706478	0.0	0.0
0.009491	0.007234720	170.936568	0.0	0.0
0.009586	0.007363130	170.169077	0.0	0.0
0.009681	0.007492500	169.404199	0.0	0.0
0.009777	0.007622800	168.642121	0.0	0.0
0.009875	0.007754030	167.883020	0.0	0.0
0.009973	0.007886170	167.127068	0.0	0.0
0.010073	0.008019210	166.374411	0.0	0.0
0.010173	0.008153130	165.625283	0.0	0.0
0.010274	0.008287910	164.879804	0.0	0.0
0.010377	0.008423550	164.138129	0.0	0.0
0.010480	0.008560040	163.400409	0.0	0.0
0.010584	0.008697360	162.666788	0.0	0.0
0.010690	0.008835500	161.937407	0.0	0.0
0.010796	0.008974460	161.212401	0.0	0.0
0.010904	0.009114230	160.491898	0.0	0.0
0.011013	0.009254810	159.776023	0.0	0.0
0.011122	0.009396180	159.064829	0.0	0.0
0.011233	0.009538350	158.358495	0.0	0.0
0.011345	0.009681300	157.657129	0.0	0.0
0.011458	0.009825050	156.960771	0.0	0.0
0.011572	0.009969580	156.269578	0.0	0.0
0.011688	0.010114900	155.583583	0.0	0.0
0.011804	0.010261000	154.902873	0.0	0.0
0.011922	0.010407900	154.227529	0.0	0.0
0.012040	0.010555600	153.557627	0.0	0.0
0.012160	0.010704000	152.893183	0.0	0.0
0.012281	0.010853300	152.234318	0.0	0.0
0.012404	0.011003400	151.581093	0.0	0.0
0.012527	0.011154300	150.933458	0.0	0.0
0.012652	0.011306000	150.291570	0.0	0.0
0.012778	0.011458500	149.655371	0.0	0.0
0.012906	0.011611900	149.024908	0.0	0.0
0.013034	0.011766100	148.400268	0.0	0.0
0.013164	0.011921100	147.781387	0.0	0.0
0.013295	0.012077100	147.168346	0.0	0.0
0.013428	0.012233900	146.561170	0.0	0.0
0.013561	0.012391600	145.959789	0.0	0.0
0.013696	0.012550100	145.364271	0.0	0.0
0.013833	0.012709600	144.774629	0.0	0.0
0.013971	0.012870100	144.190832	0.0	0.0
0.014110	0.013031500	143.612849	0.0	0.0
0.014250	0.013193800	143.040727	0.0	0.0
0.014392	0.013357100	142.474390	0.0	0.0
0.014536	0.013521400	141.913917	0.0	0.0
0.014681	0.013686700	141.359189	0.0	0.0
0.014827	0.013853100	140.810242	0.0	0.0
0.014975	0.014020500	140.267031	0.0	0.0
0.015124	0.014188900	139.729583	0.0	0.0
0.015275	0.014358500	139.197781	0.0	0.0
0.015427	0.014529100	138.671683	0.0	0.0
0.015580	0.014700900	138.151204	0.0	0.0
0.015736	0.014873800	137.636295	0.0	0.0
0.015892	0.015047800	137.126973	0.0	0.0
0.016051	0.015223100	136.623184	0.0	0.0
0.016211	0.015399500	136.124878	0.0	0.0
0.016372	0.015577200	135.632031	0.0	0.0
0.016535	0.015756100	135.144590	0.0	0.0
0.016700	0.015936300	134.662531	0.0	0.0
0.016866	0.016117700	134.185771	0.0	0.0
0.017034	0.016300500	133.714312	0.0	0.0
0.017204	0.016484600	133.248071	0.0	0.0
0.017375	0.016670100	132.787023	0.0	0.0
0.017549	0.016856900	132.331111	0.0	0.0
0.017723	0.017045100	131.880306	0.0	0.0
0.017900	0.017234800	131.434554	0.0	0.0
0.018078	0.017425900	130.993800	0.0	0.0
0.018258	0.017618500	130.557988	0.0	0.0
0.018440	0.017812500	130.127066	0.0	0.0
0.018624	0.018008100	129.701025	0.0	0.0
0.018810	0.018205200	129.279765	0.0	0.0
0.018997	0.018403900	128.863278	0.0	0.0
0.019186	0.018604200	128.451488	0.0	0.0
0.019377	0.018806100	128.044342	0.0	0.0
0.019570	0.019009600	127.641809	0.0	0.0
0.019765	0.019214800	127.243837	0.0	0.0
0.019962	0.019421700	126.850354	0.0	0.0
0.020161	0.019630200	126.461329	0.0	0.0
0.020362	0.019840600	126.076710	0.0	0.0
0.020565	0.020052600	125.696449	0.0	0.0
0.020770	0.020266500	125.320495	0.0	0.0
0.020977	0.020482200	124.948781	0.0	0.0
0.021186	0.020699700	124.581296	0.0	0.0
0.021397	0.020919000	124.217955	0.0	0.0
0.021610	0.021140300	123.858729	0.0	0.0
0.021825	0.021363500	123.503572	0.0	0.0
0.022043	0.021588600	123.152421	0.0	0.0
0.022262	0.021815700	122.805232	0.0	0.0
0.022484	0.022044700	122.461975	0.0	0.0
0.022708	0.022275800	122.122591	0.0	0.0
0.022934	0.022508900	121.787021	0.0	0.0
0.023163	0.022744100	121.455254	0.0	0.0
0.023394	0.022981400	121.127203	0.0	0.0
0.023627	0.023220800	120.802856	0.0	0.0
0.023862	0.023462400	120.482144	0.0	0.0
0.024100	0.023706100	120.165041	0.0	0.0
0.024340	0.023952100	119.851508	0.0	0.0
0.024582	0.024200300	119.541467	0.0	0.0
0.024827	0.024450700	119.234919	0.0	0.0
0.025075	0.024703400	118.931788	0.0	0.0
0.025324	0.024958500	118.632052	0.0	0.0
0.025577	0.025215900	118.335661	0.0	0.0
0.025832	0.025475600	118.042581	0.0	0.0
0.026089	0.025737800	117.752765	0.0	0.0
0.026349	0.026002400	117.466168	0.0	0.0
0.026611	0.026269400	117.182768	0.0	0.0
0.026876	0.026538900	116.902511	0.0	0.0
0.027144	0.026811000	116.625354	0.0	0.0
0.027415	0.027085500	116.351276	0.0	0.0
0.027688	0.027362700	116.080236	0.0	0.0
0.027964	0.027642500	115.812193	0.0	0.0
0.028242	0.027924900	115.547099	0.0	0.0
0.028524	0.028209900	115.284944	0.0	0.0
0.028808	0.028497700	115.025661	0.0	0.0
0.029095	0.028788100	114.769241	0.0	0.0
0.029385	0.029081400	114.515639	0.0	0.0
0.029677	0.029377400	114.264819	0.0	0.0
0.029973	0.029676200	114.016747	0.0	0.0
0.030272	0.029977900	113.771396	0.0	0.0
0.030573	0.030282400	113.528725	0.0	0.0
0.030878	0.030589900	113.288709	0.0	0.0
0.031185	0.030900300	113.051316	0.0	0.0
0.031496	0.031213700	112.816506	0.0	0.0
0.031810	0.031530100	112.584250	0.0	0.0
0.032127	0.031849500	112.354524	0.0	0.0
0.032447	0.032172000	112.127292	0.0	0.0
0.032770	0.032497600	111.902524	0.0	0.0
0.033097	0.032826400	111.680193	0.0	0.0
0.033426	0.033158300	111.460270	0.0	0.0
0.033759	0.033493500	111.242722	0.0	0.0
0.034096	0.033831800	111.027529	0.0	0.0
0.034435	0.034173500	110.814652	0.0	0.0
0.034778	0.034518500	110.604072	0.0	0.0
0.035125	0.034866800	110.395764	0.0	0.0
0.035475	0.035218500	110.189692	0.0	0.0
0.035828	0.035573600	109.985831	0.0	0.0
0.036185	0.035932100	109.784164	0.0	0.0
0.036546	0.036294200	109.584652	0.0	0.0
0.036910	0.036659800	109.387283	0.0	0.0
0.037278	0.037028900	109.192024	0.0	0.0
0.037649	0.037401700	108.998848	0.0	0.0
0.038024	0.037778100	108.807741	0.0	0.0
0.038403	0.038158200	108.618666	0.0	0.0
0.038785	0.038541900	108.431612	0.0	0.0
0.039172	0.038929500	108.246546	0.0	0.0
0.039562	0.039320800	108.063449	0.0	0.0
0.039956	0.039716000	107.882301	0.0	0.0
0.040354	0.040115000	107.703076	0.0	0.0
0.040756	0.040518000	107.525750	0.0	0.0
0.041162	0.040924900	107.350301	0.0	0.0
0.041572	0.041335800	107.176717	0.0	0.0
0.041987	0.041750800	107.004964	0.0	0.0
0.042405	0.042169800	106.835029	0.0	0.0
0.042827	0.042592900	106.666889	0.0	0.0
0.043254	0.043020200	106.500527	0.0	0.0
0.043685	0.043451700	106.335916	0.0	0.0
0.044120	0.043887500	106.173041	0.0	0.0
0.044560	0.044327500	106.011880	0.0	0.0
0.045004	0.044771900	105.852415	0.0	0.0
0.045452	0.045220600	105.694629	0.0	0.0
0.045905	0.045673800	105.538502	0.0	0.0
0.046362	0.046131500	105.384013	0.0	0.0
0.046824	0.046593600	105.231147	0.0	0.0
0.047291	0.047060300	105.079881	0.0	0.0
0.047762	0.047531700	104.930204	0.0	0.0
0.048238	0.048007600	104.782093	0.0	0.0
0.048718	0.048488300	104.635535	0.0	0.0
0.049204	0.048973700	104.490507	0.0	0.0
0.049694	0.049464000	104.346998	0.0	0.0
0.050189	0.049959000	104.204989	0.0	0.0
0.050689	0.050459000	104.064461	0.0	0.0
0.051194	0.050963900	103.925402	0.0	0.0
0.051704	0.051473800	103.787793	0.0	0.0
0.052219	0.051988800	103.651620	0.0	0.0
0.052739	0.052508800	103.516867	0.0	0.0
0.053265	0.053034000	103.383517	0.0	0.0
0.053795	0.053564400	103.251557	0.0	0.0
0.054331	0.054100100	103.120970	0.0	0.0
0.054873	0.054641000	102.991744	0.0	0.0
0.055419	0.055187300	102.863861	0.0	0.0
0.055971	0.055739000	102.737307	0.0	0.0
0.056529	0.056296200	102.612071	0.0	0.0
0.057092	0.056858900	102.488136	0.0	0.0
0.057661	0.057427200	102.365486	0.0	0.0
0.058235	0.058001100	102.244112	0.0	0.0
0.058816	0.058580700	102.123998	0.0	0.0
0.059402	0.059166100	102.005131	0.0	0.0
0.059993	0.059757300	101.887498	0.0	0.0
0.060591	0.060354300	101.771084	0.0	0.0
0.061195	0.060957300	101.655878	0.0	0.0
0.061804	0.061566200	101.541868	0.0	0.0
0.062420	0.062181200	101.429039	0.0	0.0
0.063042	0.062802200	101.317379	0.0	0.0
0.063670	0.063429500	101.206878	0.0	0.0
0.064304	0.064063000	101.097523	0.0	0.0
0.064945	0.064702700	100.989299	0.0	0.0
0.065592	0.065348800	100.882197	0.0	0.0
0.066246	0.066001400	100.776206	0.0	0.0
0.066906	0.066660400	100.671312	0.0	0.0
0.067572	0.067325900	100.567505	0.0	0.0
0.068245	0.067998100	100.464774	0.0	0.0
0.068925	0.068676900	100.363108	0.0	0.0
0.069612	0.069362500	100.262493	0.0	0.0
0.070305	0.070054900	100.162922	0.0	0.0
0.071006	0.070754200	100.064382	0.0	0.0
0.071713	0.071460400	99.966864	0.0	0.0
0.072428	0.072173700	99.870355	0.0	0.0
0.073149	0.072894000	99.774848	0.0	0.0
0.073878	0.073621500	99.680329	0.0	0.0
0.074614	0.074356200	99.586791	0.0	0.0
0.075357	0.075098300	99.494222	0.0	0.0
0.076108	0.075847700	99.402613	0.0	0.0
0.076866	0.076604500	99.311954	0.0	0.0
0.077632	0.077368900	99.222236	0.0	0.0
0.078406	0.078140900	99.133449	0.0	0.0
0.079187	0.078920500	99.045583	0.0	0.0
0.079976	0.079707900	98.958629	0.0	0.0
0.080773	0.080503200	98.872579	0.0	0.0
0.081577	0.081306300	98.787421	0.0	0.0
0.082390	0.082117500	98.703149	0.0	0.0
0.083211	0.082936700	98.619753	0.0	0.0
0.084040	0.083764000	98.537223	0.0	0.0
0.084877	0.084599600	98.455553	0.0	0.0
0.085723	0.085443500	98.374731	0.0	0.0
0.086577	0.086295800	98.294752	0.0	0.0
0.087439	0.087156600	98.215606	0.0	0.0
0.088310	0.088025900	98.137284	0.0	0.0
0.089190	0.088903900	98.059778	0.0	0.0
0.090079	0.089790600	97.983081	0.0	0.0
0.090976	0.090686200	97.907185	0.0	0.0
0.091883	0.091590600	97.832080	0.0	0.0
0.092798	0.092504100	97.757761	0.0	0.0
0.093722	0.093426600	97.684218	0.0	0.0
0.094656	0.094358300	97.611444	0.0	0.0
0.095599	0.095299300	97.539433	0.0	0.0
0.096552	0.096249700	97.468175	0.0	0.0
0.097514	0.097209500	97.397665	0.0	0.0
0.098485	0.098178900	97.327893	0.0	0.0
0.099466	0.099157900	97.258854	0.0	0.0
0.100457	0.100147000	97.190539	0.0	0.0
0.101458	0.101145000	97.122945	0.0	0.0
0.102469	0.102154000	97.056060	0.0	0.0
0.103490	0.103172000	96.989878	0.0	0.0
0.104521	0.104201000	96.924397	0.0	0.0
0.105562	0.105240000	96.859606	0.0	0.0
0.106614	0.106289000	96.795497	0.0	0.0
0.107676	0.107349000	96.732070	0.0	0.0
0.108749	0.108420000	96.669307	0.0	0.0
0.109832	0.109501000	96.607213	0.0	0.0
0.110926	0.110592000	96.545777	0.0	0.0
0.112031	0.111695000	96.484988	0.0	0.0
0.113148	0.112808000	96.424850	0.0	0.0
0.114275	0.113933000	96.365348	0.0	0.0
0.115413	0.115069000	96.306485	0.0	0.0
0.116563	0.116216000	96.248242	0.0	0.0
0.117724	0.117375000	96.190628	0.0	0.0
0.118897	0.118545000	96.133623	0.0	0.0
0.120082	0.119727000	96.077232	0.0	0.0
0.121278	0.120920000	96.021440	0.0	0.0
0.122486	0.122126000	95.966252	0.0	0.0
0.123707	0.123343000	95.911654	0.0	0.0
0.124939	0.124573000	95.857641	0.0	0.0
0.126184	0.125815000	95.804213	0.0	0.0
0.127441	0.127069000	95.751362	0.0	0.0
0.128711	0.128335000	95.699078	0.0	0.0
0.129993	0.129615000	95.647362	0.0	0.0
0.131288	0.130907000	95.596205	0.0	0.0
0.132596	0.132212000	95.545603	0.0	0.0
0.133917	0.133530000	95.495553	0.0	0.0
0.135251	0.134861000	95.446046	0.0	0.0
0.136599	0.136205000	95.397082	0.0	0.0
0.137960	0.137563000	95.348650	0.0	0.0
0.139334	0.138934000	95.300748	0.0	0.0
0.140722	0.140319000	95.253373	0.0	0.0
0.142124	0.141717000	95.206517	0.0	0.0
0.143540	0.143130000	95.160179	0.0	0.0
0.144970	0.144557000	95.114348	0.0	0.0
0.146414	0.145998000	95.069026	0.0	0.0
0.147873	0.147453000	95.024208	0.0	0.0
0.149346	0.148922000	94.979883	0.0	0.0
0.150834	0.150407000	94.936056	0.0	0.0
0.152337	0.151906000	94.892712	0.0	0.0
0.153855	0.153420000	94.849854	0.0	0.0
0.155387	0.154949000	94.807477	0.0	0.0
0.156935	0.156494000	94.765577	0.0	0.0
0.158499	0.158054000	94.724146	0.0	0.0
0.160078	0.159629000	94.683182	0.0	0.0
0.161673	0.161220000	94.642682	0.0	0.0
0.163284	0.162827000	94.602641	0.0	0.0
0.164910	0.164450000	94.563053	0.0	0.0
0.166553	0.166089000	94.523919	0.0	0.0
0.168213	0.167744000	94.485231	0.0	0.0
0.169888	0.169416000	94.446985	0.0	0.0
0.171581	0.171105000	94.409181	0.0	0.0
0.173290	0.172810000	94.371811	0.0	0.0
0.175017	0.174532000	94.334872	0.0	0.0
0.176760	0.176272000	94.298362	0.0	0.0
0.178521	0.178029000	94.262277	0.0	0.0
0.180300	0.179803000	94.226612	0.0	0.0
0.182096	0.181595000	94.191364	0.0	0.0
0.183910	0.183405000	94.156532	0.0	0.0
0.185743	0.185233000	94.122108	0.0	0.0
0.187593	0.187079000	94.088092	0.0	0.0
0.189462	0.188944000	94.054480	0.0	0.0
0.191350	0.190827000	94.021267	0.0	0.0
0.193256	0.192729000	93.988453	0.0	0.0
0.195181	0.194650000	93.956030	0.0	0.0
0.197126	0.196590000	93.923999	0.0	0.0
0.199090	0.198549000	93.892354	0.0	0.0
0.201073	0.200528000	93.861093	0.0	0.0
0.203077	0.202527000	93.830214	0.0	0.0
0.205100	0.204545000	93.799712	0.0	0.0
0.207143	0.206584000	93.769584	0.0	0.0
0.209207	0.208643000	93.739828	0.0	0.0
0.211291	0.210723000	93.710442	0.0	0.0
0.213396	0.212823000	93.681420	0.0	0.0
0.215522	0.214944000	93.652762	0.0	0.0
0.217669	0.217086000	93.624464	0.0	0.0
0.219838	0.219250000	93.596525	0.0	0.0
0.222028	0.221435000	93.568938	0.0	0.0
0.224240	0.223642000	93.541704	0.0	0.0
0.226474	0.225871000	93.514819	0.0	0.0
0.228730	0.228123000	93.488280	0.0	0.0
0.231009	0.230396000	93.462084	0.0	0.0
0.233311	0.232693000	93.436230	0.0	0.0
0.235635	0.235012000	93.410714	0.0	0.0
0.237983	0.237354000	93.385535	0.0	0.0
0.240354	0.239720000	93.360689	0.0	0.0
0.242748	0.242109000	93.336174	0.0	0.0
0.245167	0.244523000	93.311987	0.0	0.0
0.247609	0.246960000	93.288127	0.0	0.0
0.250076	0.249421000	93.264591	0.0	0.0
0.252567	0.251907000	93.241376	0.0	0.0
0.255084	0.254418000	93.218481	0.0	0.0
0.257625	0.256954000	93.195901	0.0	0.0
0.260192	0.259515000	93.173638	0.0	0.0
0.262784	0.262102000	93.151686	0.0	0.0
0.265402	0.264715000	93.130044	0.0	0.0
0.268046	0.267353000	93.108711	0.0	0.0
0.270716	0.270018000	93.087684	0.0	0.0
0.273413	0.272710000	93.066961	0.0	0.0
0.276137	0.275428000	93.046539	0.0	0.0
0.278888	0.278173000	93.026418	0.0	0.0
0.281667	0.280946000	93.006594	0.0	0.0
0.284473	0.283747000	92.987065	0.0	0.0
0.287307	0.286575000	92.967832	0.0	0.0
0.290170	0.289432000	92.948890	0.0	0.0
0.293060	0.292317000	92.930238	0.0	0.0
0.295980	0.295231000	92.911874	0.0	0.0
0.298929	0.298174000	92.893798	0.0	0.0
0.301907	0.301146000	92.876005	0.0	0.0
0.304915	0.304148000	92.858495	0.0	0.0
0.307953	0.307180000	92.841267	0.0	0.0
0.311021	0.310242000	92.824318	0.0	0.0
0.314119	0.313335000	92.807647	0.0	0.0
0.317249	0.316459000	92.791252	0.0	0.0
0.320409	0.319613000	92.775132	0.0	0.0
0.323602	0.322800000	92.759284	0.0	0.0
0.326825	0.326018000	92.743708	0.0	0.0
0.330082	0.329268000	92.728401	0.0	0.0
0.333370	0.332551000	92.713363	0.0	0.0
0.336691	0.335866000	92.698591	0.0	0.0
0.340046	0.339214000	92.684085	0.0	0.0
0.343433	0.342596000	92.669843	0.0	0.0
0.346855	0.346012000	92.655863	0.0	0.0
0.350311	0.349462000	92.642144	0.0	0.0
0.353801	0.352946000	92.628684	0.0	0.0
0.357325	0.356465000	92.615483	0.0	0.0
0.360885	0.360019000	92.602540	0.0	0.0
0.364481	0.363608000	92.589851	0.0	0.0
0.368112	0.367234000	92.577418	0.0	0.0
0.371779	0.370895000	92.565237	0.0	0.0
0.375483	0.374594000	92.553309	0.0	0.0
0.379224	0.378329000	92.541631	0.0	0.0
0.383002	0.382101000	92.530203	0.0	0.0
0.386818	0.385911000	92.519024	0.0	0.0
0.390672	0.389759000	92.508092	0.0	0.0
0.394564	0.393646000	92.497406	0.0	0.0
0.398495	0.397571000	92.486966	0.0	0.0
0.402465	0.401536000	92.476770	0.0	0.0
0.406474	0.405540000	92.466817	0.0	0.0
0.410524	0.409584000	92.457106	0.0	0.0
0.414614	0.413669000	92.447636	0.0	0.0
0.418745	0.417794000	92.438407	0.0	0.0
0.422916	0.421961000	92.429417	0.0	0.0
0.427130	0.426169000	92.420665	0.0	0.0
0.431385	0.430419000	92.412151	0.0	0.0
0.435683	0.434712000	92.403874	0.0	0.0
0.440024	0.439047000	92.395833	0.0	0.0
0.444407	0.443426000	92.388027	0.0	0.0
0.448835	0.447849000	92.380455	0.0	0.0
0.453307	0.452316000	92.373116	0.0	0.0
0.457823	0.456828000	92.366011	0.0	0.0
0.462384	0.461384000	92.359137	0.0	0.0
0.466990	0.465987000	92.352495	0.0	0.0
0.471643	0.470635000	92.346084	0.0	0.0
0.476342	0.475330000	92.339902	0.0	0.0
0.481087	0.480071000	92.333950	0.0	0.0
0.485880	0.484860000	92.328227	0.0	0.0
0.490721	0.489698000	92.322732	0.0	0.0
0.495610	0.494583000	92.317464	0.0	0.0
0.500547	0.499517000	92.312424	0.0	0.0
0.505534	0.504501000	92.307610	0.0	0.0
0.510571	0.509534000	92.303023	0.0	0.0
0.515657	0.514618000	92.298661	0.0	0.0
0.520795	0.519753000	92.294524	0.0	0.0
0.525983	0.524939000	92.290612	0.0	0.0
0.531224	0.530177000	92.286924	0.0	0.0
0.536516	0.535467000	92.283461	0.0	0.0
0.541861	0.540811000	92.280220	0.0	0.0
0.547260	0.546208000	92.277203	0.0	0.0
0.552712	0.551658000	92.274409	0.0	0.0
0.558218	0.557164000	92.271838	0.0	0.0
0.563780	0.562724000	92.269488	0.0	0.0
0.569396	0.568341000	92.267361	0.0	0.0
0.575069	0.574013000	92.265455	0.0	0.0
0.580798	0.579743000	92.263771	0.0	0.0
0.586585	0.585529000	92.262309	0.0	0.0
0.592429	0.591374000	92.261067	0.0	0.0
0.598331	0.597278000	92.260047	0.0	0.0
0.604292	0.603240000	92.259247	0.0	0.0
0.610312	0.609262000	92.258669	0.0	0.0
0.616392	0.615345000	92.258310	0.0	0.0
0.622533	0.621488000	92.258173	0.0	0.0
0.628736	0.627694000	92.258256	0.0	0.0
0.634999	0.633961000	92.258559	0.0	0.0
0.641326	0.640291000	92.259083	0.0	0.0
0.647715	0.646685000	92.259827	0.0	0.0
0.654168	0.653143000	92.260792	0.0	0.0
0.660685	0.659665000	92.261978	0.0	0.0
0.667268	0.666254000	92.263384	0.0	0.0
0.673915	0.672908000	92.265010	0.0	0.0
0.680629	0.679629000	92.266858	0.0	0.0
0.687410	0.686417000	92.268926	0.0	0.0
0.694259	0.693274000	92.271216	0.0	0.0
0.701175	0.700199000	92.273726	0.0	0.0
0.708161	0.707194000	92.276458	0.0	0.0
0.715216	0.714260000	92.279412	0.0	0.0
0.722342	0.721396000	92.282588	0.0	0.0
0.729538	0.728604000	92.285985	0.0	0.0
0.736806	0.735884000	92.289605	0.0	0.0
0.744147	0.743238000	92.293448	0.0	0.0
0.751561	0.750665000	92.297513	0.0	0.0
0.759048	0.758168000	92.301802	0.0	0.0
0.766610	0.765745000	92.306314	0.0	0.0
0.774248	0.773399000	92.311051	0.0	0.0
0.781961	0.781130000	92.316012	0.0	0.0
0.789752	0.788939000	92.321197	0.0	0.0
0.797620	0.796826000	92.326608	0.0	0.0
0.805566	0.804793000	92.332244	0.0	0.0
0.813592	0.812840000	92.338106	0.0	0.0
0.821698	0.820967000	92.344195	0.0	0.0
0.829884	0.829177000	92.350511	0.0	0.0
0.838152	0.837470000	92.357055	0.0	0.0
0.846502	0.845846000	92.363826	0.0	0.0
0.854936	0.854306000	92.370827	0.0	0.0
0.863453	0.862852000	92.378056	0.0	0.0
0.872055	0.871484000	92.385516	0.0	0.0
0.880743	0.880203000	92.393206	0.0	0.0
0.889518	0.889010000	92.401127	0.0	0.0
0.898380	0.897906000	92.409280	0.0	0.0
0.907330	0.906892000	92.417665	0.0	0.0
0.916370	0.915968000	92.426283	0.0	0.0
0.925499	0.925136000	92.435135	0.0	0.0
0.934720	0.934397000	92.444222	0.0	0.0
0.944032	0.943751000	92.453544	0.0	0.0
0.953437	0.953200000	92.463102	0.0	0.0
0.962936	0.962745000	92.472897	0.0	0.0
0.972529	0.972385000	92.482930	0.0	0.0
0.982218	0.982124000	92.493201	0.0	0.0
0.992004	0.991961000	92.503712	0.0	0.0
1.001887	1.001900000	92.514463	0.0	0.0
1.011868	1.011930000	92.525454	0.0	0.0
1.021949	1.022070000	92.536688	0.0	0.0
1.032131	1.032320000	92.548165	0.0	0.0
1.042414	1.042660000	92.559886	0.0	0.0
1.052799	1.053110000	92.571851	0.0	0.0
1.063288	1.063670000	92.584062	0.0	0.0
1.073881	1.074330000	92.596520	0.0	0.0
1.084580	1.085100000	92.609226	0.0	0.0
1.095385	1.095980000	92.622180	0.0	0.0
1.106298	1.106970000	92.635384	0.0	0.0
1.117320	1.118080000	92.648840	0.0	0.0
1.128451	1.129290000	92.662546	0.0	0.0
1.139694	1.140620000	92.676507	0.0	0.0
1.151048	1.152070000	92.690721	0.0	0.0
1.162516	1.163630000	92.705191	0.0	0.0
1.174097	1.175310000	92.719916	0.0	0.0
1.185794	1.187110000	92.734900	0.0	0.0
1.197608	1.199030000	92.750142	0.0	0.0
1.209540	1.211070000	92.765646	0.0	0.0
1.221590	1.223230000	92.781409	0.0	0.0
1.233760	1.235520000	92.797435	0.0	0.0
1.246052	1.247930000	92.813725	0.0	0.0
1.258466	1.260470000	92.830280	0.0	0.0
1.271004	1.273140000	92.847102	0.0	0.0
1.283666	1.285940000	92.864189	0.0	0.0
1.296455	1.298860000	92.881547	0.0	0.0
1.309371	1.311930000	92.899175	0.0	0.0
1.322416	1.325120000	92.917074	0.0	0.0
1.335591	1.338450000	92.935246	0.0	0.0
1.348897	1.351910000	92.953692	0.0	0.0
1.362336	1.365520000	92.972415	0.0	0.0
1.375908	1.379260000	92.991413	0.0	0.0
1.389616	1.393150000	93.010691	0.0	0.0
1.403460	1.407180000	93.030248	0.0	0.0
1.417443	1.421350000	93.050087	0.0	0.0
1.431564	1.435660000	93.070208	0.0	0.0
1.445826	1.450130000	93.090613	0.0	0.0
1.460231	1.464740000	93.111306	0.0	0.0
1.474779	1.479510000	93.132285	0.0	0.0
1.489471	1.494420000	93.153551	0.0	0.0
1.504310	1.509490000	93.175109	0.0	0.0
1.519297	1.524720000	93.196958	0.0	0.0
1.534434	1.540100000	93.219102	0.0	0.0
1.549721	1.555650000	93.241539	0.0	0.0
1.565160	1.571350000	93.264273	0.0	0.0
1.580753	1.587210000	93.287305	0.0	0.0
1.596502	1.603250000	93.310637	0.0	0.0
1.612408	1.619440000	93.334271	0.0	0.0
1.628471	1.635810000	93.358206	0.0	0.0
1.644695	1.652340000	93.382446	0.0	0.0
1.661081	1.669050000	93.406993	0.0	0.0
1.677630	1.685930000	93.431847	0.0	0.0
1.694344	1.702980000	93.457011	0.0	0.0
1.711224	1.720220000	93.482485	0.0	0.0
1.728272	1.737630000	93.508271	0.0	0.0
1.745491	1.755230000	93.534374	0.0	0.0
1.762880	1.773010000	93.560789	0.0	0.0
1.780443	1.790970000	93.587524	0.0	0.0
1.798181	1.809120000	93.614578	0.0	0.0
1.816096	1.827470000	93.641953	0.0	0.0
1.834189	1.846000000	93.669650	0.0	0.0
1.852463	1.864730000	93.697672	0.0	0.0
1.870918	1.883660000	93.726019	0.0	0.0
1.889558	1.902790000	93.754695	0.0	0.0
1.908383	1.922110000	93.783699	0.0	0.0
1.927396	1.941650000	93.813035	0.0	0.0
1.946598	1.961380000	93.842703	0.0	0.0
1.965991	1.981330000	93.872705	0.0	0.0
1.985578	2.001490000	93.903044	0.0	0.0
2.005359	2.021860000	93.933718	0.0	0.0
2.025338	2.042440000	93.964734	0.0	0.0
2.045516	2.063250000	93.996090	0.0	0.0
2.065895	2.084270000	94.027789	0.0	0.0
2.086477	2.105520000	94.059832	0.0	0.0
2.107264	2.126990000	94.092220	0.0	0.0
2.128258	2.148700000	94.124956	0.0	0.0
2.149461	2.170630000	94.158041	0.0	0.0
2.170875	2.192800000	94.191476	0.0	0.0
2.192503	2.215210000	94.225264	0.0	0.0
2.214346	2.237860000	94.259405	0.0	0.0
2.236407	2.260750000	94.293902	0.0	0.0
2.258688	2.283880000	94.328756	0.0	0.0
2.281191	2.307270000	94.363969	0.0	0.0
2.303917	2.330900000	94.399540	0.0	0.0
2.326871	2.354790000	94.435474	0.0	0.0
2.350052	2.378940000	94.471768	0.0	0.0
2.373465	2.403350000	94.508428	0.0	0.0
2.397111	2.428030000	94.545454	0.0	0.0
2.420993	2.452970000	94.582847	0.0	0.0
2.445113	2.478190000	94.620608	0.0	0.0
2.469473	2.503680000	94.658738	0.0	0.0
2.494075	2.529440000	94.697238	0.0	0.0
2.518923	2.555490000	94.736112	0.0	0.0
2.544018	2.581820000	94.775358	0.0	0.0
2.569364	2.608440000	94.814980	0.0	0.0
2.594961	2.635360000	94.854975	0.0	0.0
2.620814	2.662570000	94.895348	0.0	0.0
2.646925	2.690070000	94.936100	0.0	0.0
2.673295	2.717890000	94.977228	0.0	0.0
2.699928	2.746010000	95.018737	0.0	0.0
2.726827	2.774440000	95.060627	0.0	0.0
2.753994	2.803180000	95.102898	0.0	0.0
2.781431	2.832250000	95.145550	0.0	0.0
2.809141	2.861640000	95.188585	0.0	0.0
2.837128	2.891350000	95.232005	0.0	0.0
2.865393	2.921400000	95.275807	0.0	0.0
2.893941	2.951790000	95.319997	0.0	0.0
2.922772	2.982510000	95.364569	0.0	0.0
2.951891	3.013580000	95.409528	0.0	0.0
2.981300	3.045010000	95.454872	0.0	0.0
3.011001	3.076780000	95.500601	0.0	0.0
3.040999	3.108920000	95.546718	0.0	0.0
3.071296	3.141420000	95.593222	0.0	0.0
3.101894	3.174290000	95.640110	0.0	0.0
3.132797	3.207530000	95.687385	0.0	0.0
3.164008	3.241160000	95.735046	0.0	0.0
3.195530	3.275170000	95.783093	0.0	0.0
3.227367	3.309560000	95.831527	0.0	0.0
3.259520	3.344360000	95.880344	0.0	0.0
3.291993	3.379550000	95.929544	0.0	0.0
3.324791	3.415150000	95.979131	0.0	0.0
3.357915	3.451170000	96.029099	0.0	0.0
3.391368	3.487600000	96.079447	0.0	0.0
3.425156	3.524450000	96.130179	0.0	0.0
3.459279	3.561740000	96.181287	0.0	0.0
3.493743	3.599460000	96.232776	0.0	0.0
3.528550	3.637620000	96.284641	0.0	0.0
3.563704	3.676230000	96.336881	0.0	0.0
3.599208	3.715300000	96.389495	0.0	0.0
3.635066	3.754830000	96.442480	0.0	0.0
3.671281	3.794820000	96.495835	0.0	0.0
3.707857	3.835290000	96.549557	0.0	0.0
3.744797	3.876250000	96.603643	0.0	0.0
3.782106	3.917690000	96.658094	0.0	0.0
3.819786	3.959630000	96.712903	0.0	0.0
3.857841	4.002070000	96.768068	0.0	0.0
3.896276	4.045030000	96.823588	0.0	0.0
3.935093	4.088500000	96.879458	0.0	0.0
3.974297	4.132510000	96.935674	0.0	0.0
4.013892	4.177040000	96.992235	0.0	0.0
4.053881	4.222120000	97.049134	0.0	0.0
4.094269	4.267750000	97.106370	0.0	0.0
4.135059	4.313950000	97.163935	0.0	0.0
4.176255	4.360710000	97.221827	0.0	0.0
4.217862	4.408040000	97.280041	0.0	0.0
4.259883	4.455970000	97.338571	0.0	0.0
4.302323	4.504490000	97.397413	0.0	0.0
4.345186	4.553610000	97.456561	0.0	0.0
4.388476	4.603350000	97.516009	0.0	0.0
4.432197	4.653710000	97.575750	0.0	0.0
4.476353	4.704710000	97.635779	0.0	0.0
4.520950	4.756350000	97.696089	0.0	0.0
4.565991	4.808650000	97.756673	0.0	0.0
4.611480	4.861610000	97.817524	0.0	0.0
4.657423	4.915250000	97.878634	0.0	0.0
4.703824	4.969570000	97.939996	0.0	0.0
4.750687	5.024600000	98.001602	0.0	0.0
4.798016	5.080330000	98.063440	0.0	0.0
4.845817	5.136790000	98.125506	0.0	0.0
4.894095	5.193970000	98.187789	0.0	0.0
4.942853	5.251910000	98.250278	0.0	0.0
4.992097	5.310600000	98.312964	0.0	0.0
5.041832	5.370060000	98.375838	0.0	0.0
5.092062	5.430310000	98.438888	0.0	0.0
5.142793	5.491350000	98.502103	0.0	0.0
5.194029	5.553210000	98.565472	0.0	0.0
5.245776	5.615890000	98.628983	0.0	0.0
5.298038	5.679410000	98.692623	0.0	0.0
5.350821	5.743780000	98.756380	0.0	0.0
5.404129	5.809020000	98.820239	0.0	0.0
5.457969	5.875140000	98.884189	0.0	0.0
5.512345	5.942160000	98.948215	0.0	0.0
5.567263	6.010100000	99.012302	0.0	0.0
5.622728	6.078970000	99.076434	0.0	0.0
5.678746	6.148780000	99.140598	0.0	0.0
5.735321	6.219560000	99.204775	0.0	0.0
5.792460	6.291310000	99.268949	0.0	0.0
5.850169	6.364070000	99.333105	0.0	0.0
5.908453	6.437840000	99.397224	0.0	0.0
5.967317	6.512650000	99.461287	0.0	0.0
6.026767	6.588510000	99.525275	0.0	0.0
6.086810	6.665440000	99.589170	0.0	0.0
6.147451	6.743460000	99.652952	0.0	0.0
6.208696	6.822600000	99.716599	0.0	0.0
6.270552	6.902860000	99.780091	0.0	0.0
6.333023	6.984280000	99.843405	0.0	0.0
6.396117	7.066880000	99.906521	0.0	0.0
6.459840	7.150670000	99.969413	0.0	0.0
6.524198	7.235680000	100.032060	0.0	0.0
6.589196	7.321930000	100.094434	0.0	0.0
6.654842	7.409440000	100.156513	0.0	0.0
6.721143	7.498250000	100.218272	0.0	0.0
6.788103	7.588360000	100.279680	0.0	0.0
6.855731	7.679810000	100.340714	0.0	0.0
6.924033	7.772630000	100.401344	0.0	0.0
6.993015	7.866830000	100.461542	0.0	0.0
7.062684	7.962450000	100.521277	0.0	0.0
7.133048	8.059510000	100.580522	0.0	0.0
7.204112	8.158040000	100.639242	0.0	0.0
7.275884	8.258060000	100.697408	0.0	0.0
7.348372	8.359620000	100.754987	0.0	0.0
7.421582	8.462730000	100.811945	0.0	0.0
7.495521	8.567420000	100.868247	0.0	0.0
7.570196	8.673740000	100.923858	0.0	0.0
7.645616	8.781700000	100.978744	0.0	0.0
7.721787	8.891350000	101.032866	0.0	0.0
7.798717	9.002700000	101.086186	0.0	0.0
7.876413	9.115810000	101.138667	0.0	0.0
7.954883	9.230700000	101.190268	0.0	0.0
8.034135	9.347400000	101.240949	0.0	0.0
8.114177	9.465960000	101.290669	0.0	0.0
8.195016	9.586410000	101.339385	0.0	0.0
8.276661	9.708780000	101.387054	0.0	0.0
8.359119	9.833120000	101.433631	0.0	0.0
8.442398	9.959460000	101.479071	0.0	0.0
8.526507	10.087900000	101.523328	0.0	0.0
8.611454	10.218300000	101.566354	0.0	0.0
8.697247	10.350900000	101.608101	0.0	0.0
8.783896	10.485700000	101.648521	0.0	0.0
8.871407	10.622700000	101.687561	0.0	0.0
8.959790	10.761900000	101.725171	0.0	0.0
9.049054	10.903500000	101.761298	0.0	0.0
9.139207	11.047300000	101.795889	0.0	0.0
9.230258	11.193600000	101.828888	0.0	0.0
9.322216	11.342400000	101.860240	0.0	0.0
9.415091	11.493600000	101.889889	0.0	0.0
9.508890	11.647300000	101.917776	0.0	0.0
9.603625	11.803700000	101.943841	0.0	0.0
9.699303	11.962700000	101.968026	0.0	0.0
9.795934	12.124400000	101.990267	0.0	0.0
9.893528	12.288900000	102.010503	0.0	0.0
9.992094	12.456100000	102.028670	0.0	0.0
10.091640	12.626200000	102.044702	0.0	0.0
10.192180	12.799300000	102.058534	0.0	0.0
10.293720	12.975300000	102.070099	0.0	0.0
10.396280	13.154400000	102.079329	0.0	0.0
10.499850	13.336600000	102.086153	0.0	0.0
10.604460	13.521900000	102.090500	0.0	0.0
10.710110	13.710500000	102.092299	0.0	0.0
10.816810	13.902400000	102.091476	0.0	0.0
10.924570	14.097600000	102.087958	0.0	0.0
11.033410	14.296200000	102.081667	0.0	0.0
11.143340	14.498400000	102.072527	0.0	0.0
11.254350	14.704100000	102.060461	0.0	0.0
11.366480	14.913400000	102.045388	0.0	0.0
11.479720	15.126500000	102.027229	0.0	0.0
11.594090	15.343300000	102.005900	0.0	0.0
11.709600	15.563900000	101.981320	0.0	0.0
11.826250	15.788500000	101.953407	0.0	0.0
11.944080	16.017100000	101.922069	0.0	0.0
12.063070	16.249800000	101.887226	0.0	0.0
12.183250	16.486700000	101.848786	0.0	0.0
12.304630	16.727700000	101.806660	0.0	0.0
12.427220	16.973100000	101.760759	0.0	0.0
12.551030	17.222900000	101.710992	0.0	0.0
12.676070	17.477200000	101.657267	0.0	0.0
12.802360	17.736000000	101.599487	0.0	0.0
12.929900	17.999500000	101.537564	0.0	0.0
13.058720	18.267800000	101.471392	0.0	0.0
13.188820	18.540800000	101.400880	0.0	0.0
13.320220	18.818800000	101.325927	0.0	0.0
13.452920	19.101800000	101.246440	0.0	0.0
13.586950	19.389900000	101.162309	0.0	0.0
13.722310	19.683100000	101.073441	0.0	0.0
13.859020	19.981700000	100.979729	0.0	0.0
13.997100	20.285600000	100.881064	0.0	0.0
14.136540	20.595000000	100.777359	0.0	0.0
14.277380	20.909900000	100.668490	0.0	0.0
14.419620	21.230500000	100.554361	0.0	0.0
14.563280	21.556800000	100.434859	0.0	0.0
14.708370	21.889000000	100.309880	0.0	0.0
14.854910	22.227100000	100.179310	0.0	0.0
15.002900	22.571200000	100.043054	0.0	0.0
15.152370	22.921400000	99.900986	0.0	0.0
15.303330	23.277900000	99.753001	0.0	0.0
15.455790	23.640700000	99.598992	0.0	0.0
15.609770	24.009800000	99.438843	0.0	0.0
15.765290	24.385500000	99.272435	0.0	0.0
15.922350	24.767700000	99.099674	0.0	0.0
16.080980	25.156600000	98.920431	0.0	0.0
16.241190	25.551700000	98.734599	0.0	0.0
16.403000	25.949300000	98.542060	0.0	0.0
16.566420	26.333400000	98.342708	0.0	0.0
16.731460	26.658200000	98.136439	0.0	0.0
16.898160	26.820600000	97.923109	0.0	0.0
17.066510	26.640600000	97.702641	0.0	0.0
17.236540	25.870200000	97.474905	0.0	0.0
17.408260	24.256600000	97.239800	0.0	0.0
17.581690	21.653500000	96.997211	0.0	0.0
17.756850	18.135100000	96.747024	0.0	0.0
17.933760	14.041400000	96.489127	0.0	0.0
18.112430	9.903020000	96.223424	0.0	0.0
18.292880	6.264250000	95.949805	0.0	0.0
18.475120	3.493520000	95.668178	0.0	0.0
18.659180	1.683040000	95.378423	0.0	0.0
18.845080	0.682430000	95.080435	0.0	0.0
19.032830	0.224733000	94.774129	0.0	0.0
19.222450	0.057010500	94.459407	0.0	0.0
19.413950	0.010215500	94.136190	0.0	0.0
19.607370	0.001095780	93.804352	0.0	0.0
19.802710	0.000045914	93.463838	0.0	0.0
20.000000	0.000000537	93.114546	0.0	0.0

