# UNCLASSIFIED
#
# Response info for SIJI IDC broadband site.
#
# Effective: 29 MAR 2010
# Response Created: 31 MAR 2011 
# File name: SIJI.BB.1269883567
# Inid: 7600 7601 7602 
# Source:  James Neely (TTD), TSgt Gregory Swindle
# System equipment: Guralp CMG-3T sensor and Nanometrics Europa T digitizer
#
# This response file was derived from equations of state.
# Displacement response relative to 1.0 at 1.0 Hz.
#
# The calib values for this configuration are as follows:
#
# SIJI BHZ is 0.031831 nm/count at 1.0 Hz.
# SIJI BHN is 0.031831 nm/count at 1.0 Hz.
# SIJI BHE is 0.031831 nm/count at 1.0 Hz.
#
# Freq(Hz)     Amp(counts/nm)   Phase(deg)  Error(amp)  Error(phase)
#
 theoretical  0       system    fap   J.Neely
1000
0.001000	0.000010190	305.224317	0.0	0.0
0.001010	0.000010550	304.842001	0.0	0.0
0.001020	0.000010921	304.458715	0.0	0.0
0.001030	0.000011305	304.074476	0.0	0.0
0.001040	0.000011703	303.689301	0.0	0.0
0.001051	0.000012113	303.303169	0.0	0.0
0.001061	0.000012537	302.916135	0.0	0.0
0.001072	0.000012976	302.528217	0.0	0.0
0.001083	0.000013429	302.139395	0.0	0.0
0.001093	0.000013897	301.749724	0.0	0.0
0.001104	0.000014381	301.359220	0.0	0.0
0.001115	0.000014881	300.967866	0.0	0.0
0.001126	0.000015397	300.575681	0.0	0.0
0.001138	0.000015931	300.182717	0.0	0.0
0.001149	0.000016483	299.788956	0.0	0.0
0.001160	0.000017052	299.394419	0.0	0.0
0.001172	0.000017641	298.999121	0.0	0.0
0.001184	0.000018249	298.603083	0.0	0.0
0.001195	0.000018877	298.206287	0.0	0.0
0.001207	0.000019526	297.808785	0.0	0.0
0.001219	0.000020196	297.410595	0.0	0.0
0.001231	0.000020888	297.011669	0.0	0.0
0.001244	0.000021603	296.612091	0.0	0.0
0.001256	0.000022341	296.211812	0.0	0.0
0.001269	0.000023103	295.810883	0.0	0.0
0.001281	0.000023890	295.409289	0.0	0.0
0.001294	0.000024703	295.007079	0.0	0.0
0.001307	0.000025542	294.604207	0.0	0.0
0.001320	0.000026409	294.200721	0.0	0.0
0.001333	0.000027304	293.796607	0.0	0.0
0.001346	0.000028228	293.391882	0.0	0.0
0.001360	0.000029181	292.986531	0.0	0.0
0.001373	0.000030166	292.580601	0.0	0.0
0.001387	0.000031182	292.174078	0.0	0.0
0.001401	0.000032231	291.766977	0.0	0.0
0.001415	0.000033314	291.359283	0.0	0.0
0.001429	0.000034432	290.951013	0.0	0.0
0.001443	0.000035586	290.542180	0.0	0.0
0.001457	0.000036777	290.132770	0.0	0.0
0.001472	0.000038006	289.722769	0.0	0.0
0.001487	0.000039275	289.312219	0.0	0.0
0.001501	0.000040584	288.901105	0.0	0.0
0.001516	0.000041934	288.489413	0.0	0.0
0.001532	0.000043328	288.077156	0.0	0.0
0.001547	0.000044767	287.664345	0.0	0.0
0.001562	0.000046251	287.250966	0.0	0.0
0.001578	0.000047783	286.837003	0.0	0.0
0.001593	0.000049363	286.422468	0.0	0.0
0.001609	0.000050993	286.007345	0.0	0.0
0.001625	0.000052675	285.591670	0.0	0.0
0.001642	0.000054411	285.175376	0.0	0.0
0.001658	0.000056201	284.758499	0.0	0.0
0.001674	0.000058048	284.341046	0.0	0.0
0.001691	0.000059953	283.922952	0.0	0.0
0.001708	0.000061918	283.504274	0.0	0.0
0.001725	0.000063946	283.084970	0.0	0.0
0.001742	0.000066037	282.665023	0.0	0.0
0.001760	0.000068194	282.244441	0.0	0.0
0.001777	0.000070418	281.823204	0.0	0.0
0.001795	0.000072713	281.401296	0.0	0.0
0.001813	0.000075079	280.978722	0.0	0.0
0.001831	0.000077520	280.555462	0.0	0.0
0.001849	0.000080037	280.131499	0.0	0.0
0.001867	0.000082633	279.706812	0.0	0.0
0.001886	0.000085310	279.281405	0.0	0.0
0.001905	0.000088070	278.855237	0.0	0.0
0.001924	0.000090917	278.428330	0.0	0.0
0.001943	0.000093852	278.000621	0.0	0.0
0.001962	0.000096879	277.572111	0.0	0.0
0.001982	0.000100000	277.142779	0.0	0.0
0.002002	0.000103217	276.712626	0.0	0.0
0.002022	0.000106535	276.281585	0.0	0.0
0.002042	0.000109956	275.849700	0.0	0.0
0.002062	0.000113482	275.416884	0.0	0.0
0.002083	0.000117118	274.983156	0.0	0.0
0.002103	0.000120867	274.548473	0.0	0.0
0.002124	0.000124731	274.112832	0.0	0.0
0.002145	0.000128715	273.676167	0.0	0.0
0.002167	0.000132821	273.238495	0.0	0.0
0.002188	0.000137055	272.799772	0.0	0.0
0.002210	0.000141419	272.359971	0.0	0.0
0.002232	0.000145917	271.919069	0.0	0.0
0.002254	0.000150553	271.477019	0.0	0.0
0.002277	0.000155332	271.033815	0.0	0.0
0.002300	0.000160257	270.589410	0.0	0.0
0.002322	0.000165334	270.143779	0.0	0.0
0.002346	0.000170566	269.696892	0.0	0.0
0.002369	0.000175959	269.248705	0.0	0.0
0.002393	0.000181516	268.799188	0.0	0.0
0.002416	0.000187244	268.348333	0.0	0.0
0.002441	0.000193146	267.896053	0.0	0.0
0.002465	0.000199228	267.442358	0.0	0.0
0.002489	0.000205496	266.987199	0.0	0.0
0.002514	0.000211955	266.530527	0.0	0.0
0.002539	0.000218610	266.072312	0.0	0.0
0.002565	0.000225468	265.612506	0.0	0.0
0.002590	0.000232533	265.151094	0.0	0.0
0.002616	0.000239814	264.688011	0.0	0.0
0.002642	0.000247314	264.223223	0.0	0.0
0.002668	0.000255042	263.756680	0.0	0.0
0.002695	0.000263004	263.288351	0.0	0.0
0.002722	0.000271206	262.818184	0.0	0.0
0.002749	0.000279656	262.346129	0.0	0.0
0.002776	0.000288361	261.872170	0.0	0.0
0.002804	0.000297328	261.396219	0.0	0.0
0.002832	0.000306565	260.918261	0.0	0.0
0.002860	0.000316079	260.438243	0.0	0.0
0.002888	0.000325879	259.956113	0.0	0.0
0.002917	0.000335972	259.471818	0.0	0.0
0.002946	0.000346368	258.985307	0.0	0.0
0.002976	0.000357075	258.496525	0.0	0.0
0.003005	0.000368102	258.005454	0.0	0.0
0.003035	0.000379457	257.511991	0.0	0.0
0.003066	0.000391151	257.016131	0.0	0.0
0.003096	0.000403193	256.517788	0.0	0.0
0.003127	0.000415592	256.016924	0.0	0.0
0.003158	0.000428360	255.513486	0.0	0.0
0.003190	0.000441505	255.007402	0.0	0.0
0.003221	0.000455039	254.498636	0.0	0.0
0.003253	0.000468973	253.987116	0.0	0.0
0.003286	0.000483318	253.472804	0.0	0.0
0.003319	0.000498084	252.955614	0.0	0.0
0.003352	0.000513285	252.435522	0.0	0.0
0.003385	0.000528931	251.912443	0.0	0.0
0.003419	0.000545035	251.386322	0.0	0.0
0.003453	0.000561610	250.857119	0.0	0.0
0.003487	0.000578667	250.324750	0.0	0.0
0.003522	0.000596221	249.789159	0.0	0.0
0.003557	0.000614285	249.250308	0.0	0.0
0.003592	0.000632872	248.708097	0.0	0.0
0.003628	0.000651997	248.162501	0.0	0.0
0.003664	0.000671673	247.613438	0.0	0.0
0.003701	0.000691915	247.060853	0.0	0.0
0.003738	0.000712738	246.504693	0.0	0.0
0.003775	0.000734157	245.944875	0.0	0.0
0.003813	0.000756187	245.381348	0.0	0.0
0.003851	0.000778845	244.814043	0.0	0.0
0.003889	0.000802146	244.242911	0.0	0.0
0.003928	0.000826106	243.667870	0.0	0.0
0.003967	0.000850743	243.088886	0.0	0.0
0.004006	0.000876073	242.505880	0.0	0.0
0.004046	0.000902112	241.918788	0.0	0.0
0.004087	0.000928880	241.327549	0.0	0.0
0.004127	0.000956392	240.732116	0.0	0.0
0.004168	0.000984668	240.132430	0.0	0.0
0.004210	0.001013730	239.528401	0.0	0.0
0.004252	0.001043580	238.920003	0.0	0.0
0.004294	0.001074260	238.307164	0.0	0.0
0.004337	0.001105770	237.689830	0.0	0.0
0.004380	0.001138140	237.067949	0.0	0.0
0.004424	0.001171390	236.441454	0.0	0.0
0.004468	0.001205530	235.810297	0.0	0.0
0.004512	0.001240590	235.174445	0.0	0.0
0.004557	0.001276580	234.533823	0.0	0.0
0.004603	0.001313530	233.888390	0.0	0.0
0.004649	0.001351450	233.238105	0.0	0.0
0.004695	0.001390360	232.582916	0.0	0.0
0.004742	0.001430300	231.922773	0.0	0.0
0.004789	0.001471270	231.257644	0.0	0.0
0.004837	0.001513290	230.587501	0.0	0.0
0.004885	0.001556390	229.912301	0.0	0.0
0.004934	0.001600590	229.231996	0.0	0.0
0.004983	0.001645900	228.546579	0.0	0.0
0.005032	0.001692350	227.856007	0.0	0.0
0.005082	0.001739950	227.160254	0.0	0.0
0.005133	0.001788740	226.459312	0.0	0.0
0.005184	0.001838710	225.753151	0.0	0.0
0.005236	0.001889910	225.041771	0.0	0.0
0.005288	0.001942330	224.325151	0.0	0.0
0.005341	0.001996010	223.603299	0.0	0.0
0.005394	0.002050960	222.876205	0.0	0.0
0.005448	0.002107200	222.143875	0.0	0.0
0.005502	0.002164750	221.406307	0.0	0.0
0.005557	0.002223620	220.663520	0.0	0.0
0.005612	0.002283820	219.915549	0.0	0.0
0.005668	0.002345390	219.162398	0.0	0.0
0.005725	0.002408320	218.404103	0.0	0.0
0.005782	0.002472640	217.640691	0.0	0.0
0.005839	0.002538360	216.872210	0.0	0.0
0.005897	0.002605490	216.098716	0.0	0.0
0.005956	0.002674040	215.320230	0.0	0.0
0.006015	0.002744030	214.536848	0.0	0.0
0.006075	0.002815460	213.748605	0.0	0.0
0.006136	0.002888340	212.955584	0.0	0.0
0.006197	0.002962690	212.157862	0.0	0.0
0.006259	0.003038510	211.355523	0.0	0.0
0.006321	0.003115810	210.548660	0.0	0.0
0.006384	0.003194590	209.737370	0.0	0.0
0.006448	0.003274850	208.921749	0.0	0.0
0.006512	0.003356610	208.101924	0.0	0.0
0.006577	0.003439850	207.278004	0.0	0.0
0.006642	0.003524580	206.450107	0.0	0.0
0.006708	0.003610810	205.618382	0.0	0.0
0.006775	0.003698520	204.782949	0.0	0.0
0.006843	0.003787710	203.943974	0.0	0.0
0.006911	0.003878390	203.101591	0.0	0.0
0.006980	0.003970540	202.255968	0.0	0.0
0.007049	0.004064160	201.407265	0.0	0.0
0.007120	0.004159230	200.555654	0.0	0.0
0.007191	0.004255760	199.701308	0.0	0.0
0.007262	0.004353720	198.844423	0.0	0.0
0.007335	0.004453110	197.985176	0.0	0.0
0.007408	0.004553910	197.123762	0.0	0.0
0.007481	0.004656120	196.260392	0.0	0.0
0.007556	0.004759700	195.395250	0.0	0.0
0.007631	0.004864650	194.528548	0.0	0.0
0.007707	0.004970960	193.660514	0.0	0.0
0.007784	0.005078590	192.791345	0.0	0.0
0.007862	0.005187540	191.921268	0.0	0.0
0.007940	0.005297790	191.050498	0.0	0.0
0.008019	0.005409310	190.179270	0.0	0.0
0.008099	0.005522070	189.307807	0.0	0.0
0.008180	0.005636070	188.436334	0.0	0.0
0.008261	0.005751280	187.565093	0.0	0.0
0.008343	0.005867670	186.694293	0.0	0.0
0.008426	0.005985220	185.824185	0.0	0.0
0.008510	0.006103910	184.954982	0.0	0.0
0.008595	0.006223730	184.086927	0.0	0.0
0.008681	0.006344630	183.220243	0.0	0.0
0.008767	0.006466600	182.355162	0.0	0.0
0.008855	0.006589620	181.491916	0.0	0.0
0.008943	0.006713660	180.630714	0.0	0.0
0.009032	0.006838710	179.771785	0.0	0.0
0.009122	0.006964730	178.915354	0.0	0.0
0.009213	0.007091710	178.061626	0.0	0.0
0.009305	0.007219630	177.210820	0.0	0.0
0.009397	0.007348460	176.363145	0.0	0.0
0.009491	0.007478190	175.518795	0.0	0.0
0.009586	0.007608790	174.677970	0.0	0.0
0.009681	0.007740250	173.840865	0.0	0.0
0.009777	0.007872540	173.007673	0.0	0.0
0.009875	0.008005670	172.178570	0.0	0.0
0.009973	0.008139590	171.353730	0.0	0.0
0.010073	0.008274310	170.533296	0.0	0.0
0.010173	0.008409810	169.717505	0.0	0.0
0.010274	0.008546070	168.906471	0.0	0.0
0.010377	0.008683090	168.100347	0.0	0.0
0.010480	0.008820850	167.299277	0.0	0.0
0.010584	0.008959340	166.503403	0.0	0.0
0.010690	0.009098560	165.712856	0.0	0.0
0.010796	0.009238500	164.927765	0.0	0.0
0.010904	0.009379150	164.148251	0.0	0.0
0.011013	0.009520500	163.374429	0.0	0.0
0.011122	0.009662560	162.606338	0.0	0.0
0.011233	0.009805320	161.844153	0.0	0.0
0.011345	0.009948780	161.087969	0.0	0.0
0.011458	0.010092900	160.337810	0.0	0.0
0.011572	0.010237800	159.593828	0.0	0.0
0.011688	0.010383400	158.856036	0.0	0.0
0.011804	0.010529600	158.124510	0.0	0.0
0.011922	0.010676600	157.399316	0.0	0.0
0.012040	0.010824300	156.680519	0.0	0.0
0.012160	0.010972700	155.968114	0.0	0.0
0.012281	0.011121800	155.262214	0.0	0.0
0.012404	0.011271700	154.562863	0.0	0.0
0.012527	0.011422300	153.869990	0.0	0.0
0.012652	0.011573700	153.183743	0.0	0.0
0.012778	0.011725800	152.504045	0.0	0.0
0.012906	0.011878700	151.830923	0.0	0.0
0.013034	0.012032400	151.164455	0.0	0.0
0.013164	0.012186900	150.504555	0.0	0.0
0.013295	0.012342200	149.851291	0.0	0.0
0.013428	0.012498300	149.204672	0.0	0.0
0.013561	0.012655300	148.564608	0.0	0.0
0.013696	0.012813100	147.931154	0.0	0.0
0.013833	0.012971900	147.304307	0.0	0.0
0.013971	0.013131500	146.684020	0.0	0.0
0.014110	0.013292000	146.070243	0.0	0.0
0.014250	0.013453400	145.463012	0.0	0.0
0.014392	0.013615800	144.862230	0.0	0.0
0.014536	0.013779200	144.267967	0.0	0.0
0.014681	0.013943500	143.680084	0.0	0.0
0.014827	0.014108800	143.098603	0.0	0.0
0.014975	0.014275200	142.523464	0.0	0.0
0.015124	0.014442600	141.954684	0.0	0.0
0.015275	0.014611100	141.392125	0.0	0.0
0.015427	0.014780600	140.835835	0.0	0.0
0.015580	0.014951300	140.285714	0.0	0.0
0.015736	0.015123100	139.741699	0.0	0.0
0.015892	0.015296000	139.203795	0.0	0.0
0.016051	0.015470100	138.671936	0.0	0.0
0.016211	0.015645400	138.146057	0.0	0.0
0.016372	0.015821900	137.626123	0.0	0.0
0.016535	0.015999700	137.112070	0.0	0.0
0.016700	0.016178700	136.603860	0.0	0.0
0.016866	0.016359000	136.101399	0.0	0.0
0.017034	0.016540600	135.604678	0.0	0.0
0.017204	0.016723600	135.113604	0.0	0.0
0.017375	0.016907900	134.628139	0.0	0.0
0.017549	0.017093600	134.148216	0.0	0.0
0.017723	0.017280600	133.673800	0.0	0.0
0.017900	0.017469200	133.204822	0.0	0.0
0.018078	0.017659100	132.741219	0.0	0.0
0.018258	0.017850600	132.282927	0.0	0.0
0.018440	0.018043500	131.829881	0.0	0.0
0.018624	0.018238000	131.382069	0.0	0.0
0.018810	0.018434000	130.939378	0.0	0.0
0.018997	0.018631600	130.501793	0.0	0.0
0.019186	0.018830800	130.069230	0.0	0.0
0.019377	0.019031600	129.641627	0.0	0.0
0.019570	0.019234000	129.218947	0.0	0.0
0.019765	0.019438200	128.801129	0.0	0.0
0.019962	0.019644000	128.388094	0.0	0.0
0.020161	0.019851500	127.979804	0.0	0.0
0.020362	0.020060900	127.576201	0.0	0.0
0.020565	0.020271900	127.177230	0.0	0.0
0.020770	0.020484800	126.782833	0.0	0.0
0.020977	0.020699500	126.392937	0.0	0.0
0.021186	0.020916100	126.007524	0.0	0.0
0.021397	0.021134500	125.626505	0.0	0.0
0.021610	0.021354800	125.249844	0.0	0.0
0.021825	0.021577100	124.877490	0.0	0.0
0.022043	0.021801300	124.509374	0.0	0.0
0.022262	0.022027500	124.145446	0.0	0.0
0.022484	0.022255800	123.785673	0.0	0.0
0.022708	0.022486000	123.429990	0.0	0.0
0.022934	0.022718300	123.078332	0.0	0.0
0.023163	0.022952700	122.730686	0.0	0.0
0.023394	0.023189200	122.386957	0.0	0.0
0.023627	0.023427900	122.047131	0.0	0.0
0.023862	0.023668700	121.711134	0.0	0.0
0.024100	0.023911700	121.378936	0.0	0.0
0.024340	0.024157000	121.050495	0.0	0.0
0.024582	0.024404500	120.725727	0.0	0.0
0.024827	0.024654200	120.404630	0.0	0.0
0.025075	0.024906300	120.087125	0.0	0.0
0.025324	0.025160700	119.773185	0.0	0.0
0.025577	0.025417500	119.462758	0.0	0.0
0.025832	0.025676700	119.155805	0.0	0.0
0.026089	0.025938200	118.852277	0.0	0.0
0.026349	0.026202300	118.552126	0.0	0.0
0.026611	0.026468800	118.255326	0.0	0.0
0.026876	0.026737800	117.961819	0.0	0.0
0.027144	0.027009300	117.671560	0.0	0.0
0.027415	0.027283500	117.384526	0.0	0.0
0.027688	0.027560200	117.100672	0.0	0.0
0.027964	0.027839500	116.819955	0.0	0.0
0.028242	0.028121500	116.542323	0.0	0.0
0.028524	0.028406100	116.267765	0.0	0.0
0.028808	0.028693500	115.996210	0.0	0.0
0.029095	0.028983600	115.727648	0.0	0.0
0.029385	0.029276500	115.462030	0.0	0.0
0.029677	0.029572200	115.199319	0.0	0.0
0.029973	0.029870800	114.939477	0.0	0.0
0.030272	0.030172200	114.682477	0.0	0.0
0.030573	0.030476500	114.428274	0.0	0.0
0.030878	0.030783700	114.176842	0.0	0.0
0.031185	0.031093900	113.928146	0.0	0.0
0.031496	0.031407100	113.682145	0.0	0.0
0.031810	0.031723300	113.438806	0.0	0.0
0.032127	0.032042600	113.198105	0.0	0.0
0.032447	0.032364900	112.960003	0.0	0.0
0.032770	0.032690400	112.724469	0.0	0.0
0.033097	0.033019100	112.491474	0.0	0.0
0.033426	0.033350900	112.260986	0.0	0.0
0.033759	0.033686000	112.032972	0.0	0.0
0.034096	0.034024300	111.807409	0.0	0.0
0.034435	0.034366000	111.584257	0.0	0.0
0.034778	0.034710900	111.363495	0.0	0.0
0.035125	0.035059300	111.145096	0.0	0.0
0.035475	0.035411000	110.929022	0.0	0.0
0.035828	0.035766200	110.715249	0.0	0.0
0.036185	0.036124800	110.503756	0.0	0.0
0.036546	0.036487000	110.294503	0.0	0.0
0.036910	0.036852700	110.087477	0.0	0.0
0.037278	0.037222000	109.882644	0.0	0.0
0.037649	0.037594900	109.679975	0.0	0.0
0.038024	0.037971500	109.479454	0.0	0.0
0.038403	0.038351800	109.281042	0.0	0.0
0.038785	0.038735800	109.084730	0.0	0.0
0.039172	0.039123600	108.890480	0.0	0.0
0.039562	0.039515200	108.698274	0.0	0.0
0.039956	0.039910600	108.508090	0.0	0.0
0.040354	0.040309900	108.319899	0.0	0.0
0.040756	0.040713200	108.133679	0.0	0.0
0.041162	0.041120500	107.949405	0.0	0.0
0.041572	0.041531700	107.767064	0.0	0.0
0.041987	0.041947100	107.586621	0.0	0.0
0.042405	0.042366500	107.408062	0.0	0.0
0.042827	0.042790000	107.231362	0.0	0.0
0.043254	0.043217800	107.056503	0.0	0.0
0.043685	0.043649700	106.883458	0.0	0.0
0.044120	0.044086000	106.712211	0.0	0.0
0.044560	0.044526500	106.542737	0.0	0.0
0.045004	0.044971400	106.375019	0.0	0.0
0.045452	0.045420700	106.209036	0.0	0.0
0.045905	0.045874400	106.044772	0.0	0.0
0.046362	0.046332600	105.882200	0.0	0.0
0.046824	0.046795400	105.721306	0.0	0.0
0.047291	0.047262700	105.562067	0.0	0.0
0.047762	0.047734700	105.404470	0.0	0.0
0.048238	0.048211300	105.248490	0.0	0.0
0.048718	0.048692700	105.094115	0.0	0.0
0.049204	0.049178800	104.941320	0.0	0.0
0.049694	0.049669800	104.790093	0.0	0.0
0.050189	0.050165600	104.640415	0.0	0.0
0.050689	0.050666300	104.492265	0.0	0.0
0.051194	0.051172000	104.345629	0.0	0.0
0.051704	0.051682700	104.200491	0.0	0.0
0.052219	0.052198500	104.056833	0.0	0.0
0.052739	0.052719400	103.914638	0.0	0.0
0.053265	0.053245400	103.773890	0.0	0.0
0.053795	0.053776700	103.634573	0.0	0.0
0.054331	0.054313300	103.496671	0.0	0.0
0.054873	0.054855100	103.360171	0.0	0.0
0.055419	0.055402400	103.225052	0.0	0.0
0.055971	0.055955100	103.091302	0.0	0.0
0.056529	0.056513300	102.958908	0.0	0.0
0.057092	0.057077000	102.827852	0.0	0.0
0.057661	0.057646300	102.698117	0.0	0.0
0.058235	0.058221300	102.569693	0.0	0.0
0.058816	0.058802000	102.442565	0.0	0.0
0.059402	0.059388400	102.316718	0.0	0.0
0.059993	0.059980700	102.192137	0.0	0.0
0.060591	0.060578900	102.068809	0.0	0.0
0.061195	0.061183000	101.946720	0.0	0.0
0.061804	0.061793100	101.825858	0.0	0.0
0.062420	0.062409300	101.706207	0.0	0.0
0.063042	0.063031600	101.587755	0.0	0.0
0.063670	0.063660100	101.470490	0.0	0.0
0.064304	0.064294900	101.354399	0.0	0.0
0.064945	0.064935900	101.239467	0.0	0.0
0.065592	0.065583400	101.125683	0.0	0.0
0.066246	0.066237300	101.013036	0.0	0.0
0.066906	0.066897600	100.901511	0.0	0.0
0.067572	0.067564600	100.791097	0.0	0.0
0.068245	0.068238100	100.681783	0.0	0.0
0.068925	0.068918400	100.573557	0.0	0.0
0.069612	0.069605500	100.466405	0.0	0.0
0.070305	0.070299400	100.360318	0.0	0.0
0.071006	0.071000200	100.255283	0.0	0.0
0.071713	0.071707900	100.151289	0.0	0.0
0.072428	0.072422700	100.048325	0.0	0.0
0.073149	0.073144600	99.946382	0.0	0.0
0.073878	0.073873700	99.845444	0.0	0.0
0.074614	0.074610100	99.745506	0.0	0.0
0.075357	0.075353700	99.646553	0.0	0.0
0.076108	0.076104800	99.548575	0.0	0.0
0.076866	0.076863400	99.451565	0.0	0.0
0.077632	0.077629500	99.355509	0.0	0.0
0.078406	0.078403200	99.260399	0.0	0.0
0.079187	0.079184600	99.166222	0.0	0.0
0.079976	0.079973800	99.072972	0.0	0.0
0.080773	0.080770900	98.980637	0.0	0.0
0.081577	0.081575900	98.889206	0.0	0.0
0.082390	0.082388900	98.798672	0.0	0.0
0.083211	0.083210000	98.709024	0.0	0.0
0.084040	0.084039300	98.620252	0.0	0.0
0.084877	0.084876800	98.532349	0.0	0.0
0.085723	0.085722700	98.445303	0.0	0.0
0.086577	0.086577000	98.359107	0.0	0.0
0.087439	0.087439800	98.273750	0.0	0.0
0.088310	0.088311200	98.189225	0.0	0.0
0.089190	0.089191200	98.105522	0.0	0.0
0.090079	0.090080000	98.022632	0.0	0.0
0.090976	0.090977700	97.940548	0.0	0.0
0.091883	0.091884400	97.859260	0.0	0.0
0.092798	0.092800000	97.778759	0.0	0.0
0.093722	0.093724700	97.699039	0.0	0.0
0.094656	0.094658700	97.620089	0.0	0.0
0.095599	0.095602000	97.541903	0.0	0.0
0.096552	0.096554600	97.464472	0.0	0.0
0.097514	0.097516800	97.387788	0.0	0.0
0.098485	0.098488500	97.311843	0.0	0.0
0.099466	0.099470000	97.236629	0.0	0.0
0.100457	0.100461000	97.162137	0.0	0.0
0.101458	0.101462000	97.088364	0.0	0.0
0.102469	0.102473000	97.015298	0.0	0.0
0.103490	0.103494000	96.942930	0.0	0.0
0.104521	0.104526000	96.871260	0.0	0.0
0.105562	0.105567000	96.800274	0.0	0.0
0.106614	0.106619000	96.729965	0.0	0.0
0.107676	0.107681000	96.660333	0.0	0.0
0.108749	0.108754000	96.591357	0.0	0.0
0.109832	0.109838000	96.523044	0.0	0.0
0.110926	0.110932000	96.455381	0.0	0.0
0.112031	0.112038000	96.388355	0.0	0.0
0.113148	0.113154000	96.321972	0.0	0.0
0.114275	0.114282000	96.256214	0.0	0.0
0.115413	0.115420000	96.191087	0.0	0.0
0.116563	0.116570000	96.126567	0.0	0.0
0.117724	0.117732000	96.062665	0.0	0.0
0.118897	0.118905000	95.999360	0.0	0.0
0.120082	0.120090000	95.936656	0.0	0.0
0.121278	0.121286000	95.874537	0.0	0.0
0.122486	0.122495000	95.813008	0.0	0.0
0.123707	0.123715000	95.752055	0.0	0.0
0.124939	0.124948000	95.691670	0.0	0.0
0.126184	0.126193000	95.631856	0.0	0.0
0.127441	0.127450000	95.572600	0.0	0.0
0.128711	0.128720000	95.513895	0.0	0.0
0.129993	0.130003000	95.455740	0.0	0.0
0.131288	0.131298000	95.398125	0.0	0.0
0.132596	0.132606000	95.341046	0.0	0.0
0.133917	0.133927000	95.284499	0.0	0.0
0.135251	0.135262000	95.228474	0.0	0.0
0.136599	0.136609000	95.172972	0.0	0.0
0.137960	0.137970000	95.117981	0.0	0.0
0.139334	0.139345000	95.063495	0.0	0.0
0.140722	0.140733000	95.009514	0.0	0.0
0.142124	0.142136000	94.956028	0.0	0.0
0.143540	0.143552000	94.903036	0.0	0.0
0.144970	0.144982000	94.850526	0.0	0.0
0.146414	0.146426000	94.798499	0.0	0.0
0.147873	0.147885000	94.746950	0.0	0.0
0.149346	0.149359000	94.695865	0.0	0.0
0.150834	0.150847000	94.645252	0.0	0.0
0.152337	0.152350000	94.595093	0.0	0.0
0.153855	0.153868000	94.545392	0.0	0.0
0.155387	0.155401000	94.496141	0.0	0.0
0.156935	0.156949000	94.447337	0.0	0.0
0.158499	0.158513000	94.398972	0.0	0.0
0.160078	0.160092000	94.351041	0.0	0.0
0.161673	0.161687000	94.303541	0.0	0.0
0.163284	0.163298000	94.256467	0.0	0.0
0.164910	0.164925000	94.209812	0.0	0.0
0.166553	0.166568000	94.163577	0.0	0.0
0.168213	0.168228000	94.117753	0.0	0.0
0.169888	0.169904000	94.072335	0.0	0.0
0.171581	0.171597000	94.027321	0.0	0.0
0.173290	0.173306000	93.982705	0.0	0.0
0.175017	0.175033000	93.938481	0.0	0.0
0.176760	0.176777000	93.894648	0.0	0.0
0.178521	0.178538000	93.851200	0.0	0.0
0.180300	0.180317000	93.808132	0.0	0.0
0.182096	0.182113000	93.765439	0.0	0.0
0.183910	0.183928000	93.723122	0.0	0.0
0.185743	0.185760000	93.681169	0.0	0.0
0.187593	0.187611000	93.639581	0.0	0.0
0.189462	0.189480000	93.598354	0.0	0.0
0.191350	0.191368000	93.557480	0.0	0.0
0.193256	0.193274000	93.516960	0.0	0.0
0.195181	0.195200000	93.476784	0.0	0.0
0.197126	0.197145000	93.436954	0.0	0.0
0.199090	0.199109000	93.397463	0.0	0.0
0.201073	0.201092000	93.358306	0.0	0.0
0.203077	0.203096000	93.319482	0.0	0.0
0.205100	0.205119000	93.280985	0.0	0.0
0.207143	0.207163000	93.242812	0.0	0.0
0.209207	0.209227000	93.204959	0.0	0.0
0.211291	0.211311000	93.167423	0.0	0.0
0.213396	0.213417000	93.130198	0.0	0.0
0.215522	0.215543000	93.093283	0.0	0.0
0.217669	0.217690000	93.056673	0.0	0.0
0.219838	0.219859000	93.020366	0.0	0.0
0.222028	0.222050000	92.984355	0.0	0.0
0.224240	0.224262000	92.948639	0.0	0.0
0.226474	0.226496000	92.913215	0.0	0.0
0.228730	0.228753000	92.878077	0.0	0.0
0.231009	0.231032000	92.843223	0.0	0.0
0.233311	0.233333000	92.808649	0.0	0.0
0.235635	0.235658000	92.774352	0.0	0.0
0.237983	0.238006000	92.740330	0.0	0.0
0.240354	0.240377000	92.706577	0.0	0.0
0.242748	0.242772000	92.673091	0.0	0.0
0.245167	0.245191000	92.639869	0.0	0.0
0.247609	0.247633000	92.606908	0.0	0.0
0.250076	0.250100000	92.574202	0.0	0.0
0.252567	0.252592000	92.541751	0.0	0.0
0.255084	0.255109000	92.509551	0.0	0.0
0.257625	0.257650000	92.477597	0.0	0.0
0.260192	0.260217000	92.445889	0.0	0.0
0.262784	0.262810000	92.414421	0.0	0.0
0.265402	0.265428000	92.383190	0.0	0.0
0.268046	0.268072000	92.352195	0.0	0.0
0.270716	0.270743000	92.321432	0.0	0.0
0.273413	0.273440000	92.290898	0.0	0.0
0.276137	0.276164000	92.260589	0.0	0.0
0.278888	0.278916000	92.230503	0.0	0.0
0.281667	0.281695000	92.200636	0.0	0.0
0.284473	0.284501000	92.170986	0.0	0.0
0.287307	0.287335000	92.141551	0.0	0.0
0.290170	0.290198000	92.112327	0.0	0.0
0.293060	0.293089000	92.083310	0.0	0.0
0.295980	0.296009000	92.054498	0.0	0.0
0.298929	0.298958000	92.025890	0.0	0.0
0.301907	0.301936000	91.997480	0.0	0.0
0.304915	0.304945000	91.969268	0.0	0.0
0.307953	0.307983000	91.941249	0.0	0.0
0.311021	0.311051000	91.913422	0.0	0.0
0.314119	0.314150000	91.885783	0.0	0.0
0.317249	0.317280000	91.858329	0.0	0.0
0.320409	0.320440000	91.831059	0.0	0.0
0.323602	0.323633000	91.803969	0.0	0.0
0.326825	0.326857000	91.777057	0.0	0.0
0.330082	0.330113000	91.750320	0.0	0.0
0.333370	0.333402000	91.723755	0.0	0.0
0.336691	0.336724000	91.697359	0.0	0.0
0.340046	0.340078000	91.671132	0.0	0.0
0.343433	0.343466000	91.645068	0.0	0.0
0.346855	0.346888000	91.619166	0.0	0.0
0.350311	0.350344000	91.593424	0.0	0.0
0.353801	0.353834000	91.567839	0.0	0.0
0.357325	0.357359000	91.542408	0.0	0.0
0.360885	0.360920000	91.517129	0.0	0.0
0.364481	0.364515000	91.491999	0.0	0.0
0.368112	0.368147000	91.467017	0.0	0.0
0.371779	0.371814000	91.442178	0.0	0.0
0.375483	0.375519000	91.417482	0.0	0.0
0.379224	0.379260000	91.392925	0.0	0.0
0.383002	0.383038000	91.368506	0.0	0.0
0.386818	0.386854000	91.344220	0.0	0.0
0.390672	0.390708000	91.320068	0.0	0.0
0.394564	0.394600000	91.296045	0.0	0.0
0.398495	0.398532000	91.272150	0.0	0.0
0.402465	0.402502000	91.248379	0.0	0.0
0.406474	0.406512000	91.224733	0.0	0.0
0.410524	0.410562000	91.201206	0.0	0.0
0.414614	0.414652000	91.177798	0.0	0.0
0.418745	0.418783000	91.154505	0.0	0.0
0.422916	0.422955000	91.131327	0.0	0.0
0.427130	0.427168000	91.108259	0.0	0.0
0.431385	0.431424000	91.085301	0.0	0.0
0.435683	0.435722000	91.062449	0.0	0.0
0.440024	0.440063000	91.039702	0.0	0.0
0.444407	0.444447000	91.017058	0.0	0.0
0.448835	0.448874000	90.994513	0.0	0.0
0.453307	0.453346000	90.972066	0.0	0.0
0.457823	0.457863000	90.949715	0.0	0.0
0.462384	0.462424000	90.927457	0.0	0.0
0.466990	0.467031000	90.905292	0.0	0.0
0.471643	0.471683000	90.883214	0.0	0.0
0.476342	0.476383000	90.861224	0.0	0.0
0.481087	0.481128000	90.839319	0.0	0.0
0.485880	0.485922000	90.817495	0.0	0.0
0.490721	0.490762000	90.795753	0.0	0.0
0.495610	0.495652000	90.774089	0.0	0.0
0.500547	0.500589000	90.752501	0.0	0.0
0.505534	0.505576000	90.730987	0.0	0.0
0.510571	0.510613000	90.709545	0.0	0.0
0.515657	0.515700000	90.688173	0.0	0.0
0.520795	0.520837000	90.666869	0.0	0.0
0.525983	0.526026000	90.645630	0.0	0.0
0.531224	0.531266000	90.624455	0.0	0.0
0.536516	0.536558000	90.603341	0.0	0.0
0.541861	0.541904000	90.582286	0.0	0.0
0.547260	0.547302000	90.561289	0.0	0.0
0.552712	0.552754000	90.540348	0.0	0.0
0.558218	0.558261000	90.519459	0.0	0.0
0.563780	0.563822000	90.498621	0.0	0.0
0.569396	0.569439000	90.477833	0.0	0.0
0.575069	0.575112000	90.457091	0.0	0.0
0.580798	0.580841000	90.436395	0.0	0.0
0.586585	0.586628000	90.415742	0.0	0.0
0.592429	0.592472000	90.395129	0.0	0.0
0.598331	0.598374000	90.374555	0.0	0.0
0.604292	0.604335000	90.354018	0.0	0.0
0.610312	0.610355000	90.333516	0.0	0.0
0.616392	0.616435000	90.313047	0.0	0.0
0.622533	0.622576000	90.292609	0.0	0.0
0.628736	0.628778000	90.272199	0.0	0.0
0.634999	0.635042000	90.251817	0.0	0.0
0.641326	0.641368000	90.231459	0.0	0.0
0.647715	0.647757000	90.211124	0.0	0.0
0.654168	0.654210000	90.190810	0.0	0.0
0.660685	0.660727000	90.170514	0.0	0.0
0.667268	0.667309000	90.150236	0.0	0.0
0.673915	0.673957000	90.129972	0.0	0.0
0.680629	0.680670000	90.109721	0.0	0.0
0.687410	0.687451000	90.089481	0.0	0.0
0.694259	0.694299000	90.069249	0.0	0.0
0.701175	0.701216000	90.049025	0.0	0.0
0.708161	0.708201000	90.028805	0.0	0.0
0.715216	0.715255000	90.008589	0.0	0.0
0.722342	0.722381000	89.988373	0.0	0.0
0.729538	0.729576000	89.968156	0.0	0.0
0.736806	0.736844000	89.947936	0.0	0.0
0.744147	0.744184000	89.927711	0.0	0.0
0.751561	0.751597000	89.907479	0.0	0.0
0.759048	0.759084000	89.887238	0.0	0.0
0.766610	0.766646000	89.866986	0.0	0.0
0.774248	0.774283000	89.846720	0.0	0.0
0.781961	0.781996000	89.826440	0.0	0.0
0.789752	0.789785000	89.806143	0.0	0.0
0.797620	0.797653000	89.785826	0.0	0.0
0.805566	0.805598000	89.765489	0.0	0.0
0.813592	0.813623000	89.745129	0.0	0.0
0.821698	0.821728000	89.724743	0.0	0.0
0.829884	0.829913000	89.704331	0.0	0.0
0.838152	0.838180000	89.683890	0.0	0.0
0.846502	0.846529000	89.663417	0.0	0.0
0.854936	0.854962000	89.642912	0.0	0.0
0.863453	0.863478000	89.622372	0.0	0.0
0.872055	0.872079000	89.601794	0.0	0.0
0.880743	0.880766000	89.581178	0.0	0.0
0.889518	0.889539000	89.560520	0.0	0.0
0.898380	0.898400000	89.539819	0.0	0.0
0.907330	0.907348000	89.519073	0.0	0.0
0.916370	0.916386000	89.498280	0.0	0.0
0.925499	0.925515000	89.477437	0.0	0.0
0.934720	0.934733000	89.456543	0.0	0.0
0.944032	0.944044000	89.435596	0.0	0.0
0.953437	0.953447000	89.414593	0.0	0.0
0.962936	0.962944000	89.393533	0.0	0.0
0.972529	0.972535000	89.372413	0.0	0.0
0.982218	0.982222000	89.351232	0.0	0.0
0.992004	0.992006000	89.329987	0.0	0.0
1.001887	1.001890000	89.308676	0.0	0.0
1.011868	1.011870000	89.287299	0.0	0.0
1.021949	1.021940000	89.265850	0.0	0.0
1.032131	1.032120000	89.244328	0.0	0.0
1.042414	1.042400000	89.222732	0.0	0.0
1.052799	1.052790000	89.201062	0.0	0.0
1.063288	1.063270000	89.179311	0.0	0.0
1.073881	1.073860000	89.157481	0.0	0.0
1.084580	1.084560000	89.135567	0.0	0.0
1.095385	1.095360000	89.113570	0.0	0.0
1.106298	1.106270000	89.091485	0.0	0.0
1.117320	1.117290000	89.069310	0.0	0.0
1.128451	1.128420000	89.047045	0.0	0.0
1.139694	1.139660000	89.024685	0.0	0.0
1.151048	1.151010000	89.002231	0.0	0.0
1.162516	1.162470000	88.979676	0.0	0.0
1.174097	1.174050000	88.957025	0.0	0.0
1.185794	1.185740000	88.934269	0.0	0.0
1.197608	1.197550000	88.911408	0.0	0.0
1.209540	1.209480000	88.888440	0.0	0.0
1.221590	1.221520000	88.865364	0.0	0.0
1.233760	1.233690000	88.842176	0.0	0.0
1.246052	1.245970000	88.818874	0.0	0.0
1.258466	1.258380000	88.795456	0.0	0.0
1.271004	1.270920000	88.771920	0.0	0.0
1.283666	1.283570000	88.748264	0.0	0.0
1.296455	1.296360000	88.724484	0.0	0.0
1.309371	1.309270000	88.700580	0.0	0.0
1.322416	1.322300000	88.676547	0.0	0.0
1.335591	1.335470000	88.652385	0.0	0.0
1.348897	1.348770000	88.628090	0.0	0.0
1.362336	1.362200000	88.603660	0.0	0.0
1.375908	1.375770000	88.579094	0.0	0.0
1.389616	1.389470000	88.554388	0.0	0.0
1.403460	1.403310000	88.529540	0.0	0.0
1.417443	1.417280000	88.504546	0.0	0.0
1.431564	1.431390000	88.479408	0.0	0.0
1.445826	1.445650000	88.454120	0.0	0.0
1.460231	1.460040000	88.428678	0.0	0.0
1.474779	1.474580000	88.403083	0.0	0.0
1.489471	1.489270000	88.377333	0.0	0.0
1.504310	1.504100000	88.351422	0.0	0.0
1.519297	1.519070000	88.325349	0.0	0.0
1.534434	1.534200000	88.299110	0.0	0.0
1.549721	1.549480000	88.272706	0.0	0.0
1.565160	1.564900000	88.246133	0.0	0.0
1.580753	1.580490000	88.219387	0.0	0.0
1.596502	1.596220000	88.192465	0.0	0.0
1.612408	1.612120000	88.165366	0.0	0.0
1.628471	1.628170000	88.138089	0.0	0.0
1.644695	1.644380000	88.110627	0.0	0.0
1.661081	1.660750000	88.082979	0.0	0.0
1.677630	1.677290000	88.055144	0.0	0.0
1.694344	1.693990000	88.027117	0.0	0.0
1.711224	1.710850000	87.998897	0.0	0.0
1.728272	1.727880000	87.970482	0.0	0.0
1.745491	1.745090000	87.941865	0.0	0.0
1.762880	1.762460000	87.913048	0.0	0.0
1.780443	1.780010000	87.884026	0.0	0.0
1.798181	1.797730000	87.854795	0.0	0.0
1.816096	1.815620000	87.825354	0.0	0.0
1.834189	1.833700000	87.795700	0.0	0.0
1.852463	1.851950000	87.765828	0.0	0.0
1.870918	1.870390000	87.735738	0.0	0.0
1.889558	1.889010000	87.705425	0.0	0.0
1.908383	1.907810000	87.674887	0.0	0.0
1.927396	1.926800000	87.644120	0.0	0.0
1.946598	1.945980000	87.613123	0.0	0.0
1.965991	1.965350000	87.581892	0.0	0.0
1.985578	1.984920000	87.550422	0.0	0.0
2.005359	2.004670000	87.518714	0.0	0.0
2.025338	2.024630000	87.486761	0.0	0.0
2.045516	2.044780000	87.454560	0.0	0.0
2.065895	2.065130000	87.422111	0.0	0.0
2.086477	2.085690000	87.389408	0.0	0.0
2.107264	2.106440000	87.356449	0.0	0.0
2.128258	2.127410000	87.323231	0.0	0.0
2.149461	2.148580000	87.289750	0.0	0.0
2.170875	2.169960000	87.256003	0.0	0.0
2.192503	2.191560000	87.221987	0.0	0.0
2.214346	2.213370000	87.187698	0.0	0.0
2.236407	2.235400000	87.153133	0.0	0.0
2.258688	2.257640000	87.118288	0.0	0.0
2.281191	2.280110000	87.083160	0.0	0.0
2.303917	2.302800000	87.047748	0.0	0.0
2.326871	2.325710000	87.012044	0.0	0.0
2.350052	2.348850000	86.976049	0.0	0.0
2.373465	2.372220000	86.939756	0.0	0.0
2.397111	2.395830000	86.903162	0.0	0.0
2.420993	2.419660000	86.866265	0.0	0.0
2.445113	2.443740000	86.829060	0.0	0.0
2.469473	2.468050000	86.791544	0.0	0.0
2.494075	2.492600000	86.753714	0.0	0.0
2.518923	2.517400000	86.715565	0.0	0.0
2.544018	2.542450000	86.677094	0.0	0.0
2.569364	2.567740000	86.638296	0.0	0.0
2.594961	2.593280000	86.599170	0.0	0.0
2.620814	2.619080000	86.559709	0.0	0.0
2.646925	2.645130000	86.519910	0.0	0.0
2.673295	2.671440000	86.479772	0.0	0.0
2.699928	2.698010000	86.439287	0.0	0.0
2.726827	2.724840000	86.398453	0.0	0.0
2.753994	2.751940000	86.357265	0.0	0.0
2.781431	2.779310000	86.315721	0.0	0.0
2.809141	2.806950000	86.273816	0.0	0.0
2.837128	2.834870000	86.231545	0.0	0.0
2.865393	2.863060000	86.188905	0.0	0.0
2.893941	2.891530000	86.145889	0.0	0.0
2.922772	2.920280000	86.102497	0.0	0.0
2.951891	2.949320000	86.058722	0.0	0.0
2.981300	2.978640000	86.014561	0.0	0.0
3.011001	3.008260000	85.970011	0.0	0.0
3.040999	3.038170000	85.925064	0.0	0.0
3.071296	3.068370000	85.879717	0.0	0.0
3.101894	3.098870000	85.833968	0.0	0.0
3.132797	3.129680000	85.787810	0.0	0.0
3.164008	3.160790000	85.741239	0.0	0.0
3.195530	3.192200000	85.694250	0.0	0.0
3.227367	3.223930000	85.646838	0.0	0.0
3.259520	3.255980000	85.599002	0.0	0.0
3.291993	3.288330000	85.550734	0.0	0.0
3.324791	3.321010000	85.502028	0.0	0.0
3.357915	3.354020000	85.452883	0.0	0.0
3.391368	3.387340000	85.403293	0.0	0.0
3.425156	3.421000000	85.353251	0.0	0.0
3.459279	3.454990000	85.302756	0.0	0.0
3.493743	3.489320000	85.251799	0.0	0.0
3.528550	3.523990000	85.200377	0.0	0.0
3.563704	3.558990000	85.148485	0.0	0.0
3.599208	3.594350000	85.096119	0.0	0.0
3.635066	3.630050000	85.043271	0.0	0.0
3.671281	3.666110000	84.989938	0.0	0.0
3.707857	3.702520000	84.936115	0.0	0.0
3.744797	3.739290000	84.881796	0.0	0.0
3.782106	3.776420000	84.826975	0.0	0.0
3.819786	3.813920000	84.771648	0.0	0.0
3.857841	3.851790000	84.715810	0.0	0.0
3.896276	3.890030000	84.659453	0.0	0.0
3.935093	3.928650000	84.602575	0.0	0.0
3.974297	3.967660000	84.545169	0.0	0.0
4.013892	4.007040000	84.487228	0.0	0.0
4.053881	4.046810000	84.428748	0.0	0.0
4.094269	4.086980000	84.369722	0.0	0.0
4.135059	4.127540000	84.310145	0.0	0.0
4.176255	4.168500000	84.250013	0.0	0.0
4.217862	4.209860000	84.189317	0.0	0.0
4.259883	4.251630000	84.128053	0.0	0.0
4.302323	4.293820000	84.066215	0.0	0.0
4.345186	4.336410000	84.003796	0.0	0.0
4.388476	4.379430000	83.940791	0.0	0.0
4.432197	4.422860000	83.877194	0.0	0.0
4.476353	4.466730000	83.812999	0.0	0.0
4.520950	4.511030000	83.748197	0.0	0.0
4.565991	4.555760000	83.682785	0.0	0.0
4.611480	4.600930000	83.616756	0.0	0.0
4.657423	4.646540000	83.550102	0.0	0.0
4.703824	4.692610000	83.482818	0.0	0.0
4.750687	4.739120000	83.414897	0.0	0.0
4.798016	4.786090000	83.346334	0.0	0.0
4.845817	4.833520000	83.277121	0.0	0.0
4.894095	4.881420000	83.207250	0.0	0.0
4.942853	4.929780000	83.136716	0.0	0.0
4.992097	4.978620000	83.065512	0.0	0.0
5.041832	5.027940000	82.993631	0.0	0.0
5.092062	5.077740000	82.921066	0.0	0.0
5.142793	5.128030000	82.847809	0.0	0.0
5.194029	5.178800000	82.773855	0.0	0.0
5.245776	5.230080000	82.699195	0.0	0.0
5.298038	5.281860000	82.623823	0.0	0.0
5.350821	5.334140000	82.547731	0.0	0.0
5.404129	5.386940000	82.470913	0.0	0.0
5.457969	5.440250000	82.393360	0.0	0.0
5.512345	5.494070000	82.315065	0.0	0.0
5.567263	5.548430000	82.236021	0.0	0.0
5.622728	5.603320000	82.156220	0.0	0.0
5.678746	5.658740000	82.075654	0.0	0.0
5.735321	5.714700000	81.994317	0.0	0.0
5.792460	5.771200000	81.912199	0.0	0.0
5.850169	5.828260000	81.829292	0.0	0.0
5.908453	5.885870000	81.745590	0.0	0.0
5.967317	5.944040000	81.661084	0.0	0.0
6.026767	6.002780000	81.575767	0.0	0.0
6.086810	6.062080000	81.489629	0.0	0.0
6.147451	6.121970000	81.402662	0.0	0.0
6.208696	6.182430000	81.314859	0.0	0.0
6.270552	6.243480000	81.226210	0.0	0.0
6.333023	6.305120000	81.136709	0.0	0.0
6.396117	6.367360000	81.046345	0.0	0.0
6.459840	6.430210000	80.955110	0.0	0.0
6.524198	6.493650000	80.862995	0.0	0.0
6.589196	6.557720000	80.769994	0.0	0.0
6.654842	6.622400000	80.676094	0.0	0.0
6.721143	6.687710000	80.581288	0.0	0.0
6.788103	6.753650000	80.485569	0.0	0.0
6.855731	6.820230000	80.388924	0.0	0.0
6.924033	6.887450000	80.291346	0.0	0.0
6.993015	6.955310000	80.192827	0.0	0.0
7.062684	7.023830000	80.093355	0.0	0.0
7.133048	7.093010000	79.992921	0.0	0.0
7.204112	7.162860000	79.891518	0.0	0.0
7.275884	7.233370000	79.789135	0.0	0.0
7.348372	7.304570000	79.685760	0.0	0.0
7.421582	7.376440000	79.581386	0.0	0.0
7.495521	7.449010000	79.476003	0.0	0.0
7.570196	7.522270000	79.369601	0.0	0.0
7.645616	7.596230000	79.262169	0.0	0.0
7.721787	7.670900000	79.153697	0.0	0.0
7.798717	7.746280000	79.044175	0.0	0.0
7.876413	7.822390000	78.933594	0.0	0.0
7.954883	7.899210000	78.821943	0.0	0.0
8.034135	7.976770000	78.709210	0.0	0.0
8.114177	8.055070000	78.595385	0.0	0.0
8.195016	8.134120000	78.480459	0.0	0.0
8.276661	8.213920000	78.364419	0.0	0.0
8.359119	8.294480000	78.247255	0.0	0.0
8.442398	8.375790000	78.128958	0.0	0.0
8.526507	8.457890000	78.009515	0.0	0.0
8.611454	8.540750000	77.888916	0.0	0.0
8.697247	8.624410000	77.767148	0.0	0.0
8.783896	8.708850000	77.644200	0.0	0.0
8.871407	8.794080000	77.520063	0.0	0.0
8.959790	8.880130000	77.394723	0.0	0.0
9.049054	8.966980000	77.268169	0.0	0.0
9.139207	9.054650000	77.140390	0.0	0.0
9.230258	9.143150000	77.011375	0.0	0.0
9.322216	9.232470000	76.881110	0.0	0.0
9.415091	9.322640000	76.749583	0.0	0.0
9.508890	9.413650000	76.616785	0.0	0.0
9.603625	9.505500000	76.482699	0.0	0.0
9.699303	9.598220000	76.347317	0.0	0.0
9.795934	9.691800000	76.210625	0.0	0.0
9.893528	9.786250000	76.072610	0.0	0.0
9.992094	9.881580000	75.933261	0.0	0.0
10.091640	9.977790000	75.792566	0.0	0.0
10.192180	10.074900000	75.650508	0.0	0.0
10.293720	10.172900000	75.507079	0.0	0.0
10.396280	10.271800000	75.362251	0.0	0.0
10.499850	10.371600000	75.216040	0.0	0.0
10.604460	10.472400000	75.068405	0.0	0.0
10.710110	10.574100000	74.919347	0.0	0.0
10.816810	10.676700000	74.768853	0.0	0.0
10.924570	10.780200000	74.616911	0.0	0.0
11.033410	10.884700000	74.463492	0.0	0.0
11.143340	10.990200000	74.308585	0.0	0.0
11.254350	11.096600000	74.152205	0.0	0.0
11.366480	11.204000000	73.994297	0.0	0.0
11.479720	11.312300000	73.834877	0.0	0.0
11.594090	11.421700000	73.673917	0.0	0.0
11.709600	11.532000000	73.511406	0.0	0.0
11.826250	11.643300000	73.347345	0.0	0.0
11.944080	11.755700000	73.181680	0.0	0.0
12.063070	11.869000000	73.014439	0.0	0.0
12.183250	11.983400000	72.845583	0.0	0.0
12.304630	12.098800000	72.675100	0.0	0.0
12.427220	12.215200000	72.502977	0.0	0.0
12.551030	12.332600000	72.329202	0.0	0.0
12.676070	12.451100000	72.153763	0.0	0.0
12.802360	12.570700000	71.976634	0.0	0.0
12.929900	12.691300000	71.797816	0.0	0.0
13.058720	12.813000000	71.617271	0.0	0.0
13.188820	12.935700000	71.435000	0.0	0.0
13.320220	13.059600000	71.250977	0.0	0.0
13.452920	13.184500000	71.065205	0.0	0.0
13.586950	13.310500000	70.877645	0.0	0.0
13.722310	13.437600000	70.688297	0.0	0.0
13.859020	13.565800000	70.497138	0.0	0.0
13.997100	13.695100000	70.304141	0.0	0.0
14.136540	13.825500000	70.109323	0.0	0.0
14.277380	13.957100000	69.912632	0.0	0.0
14.419620	14.089800000	69.714069	0.0	0.0
14.563280	14.223600000	69.513610	0.0	0.0
14.708370	14.358600000	69.311244	0.0	0.0
14.854910	14.494700000	69.106946	0.0	0.0
15.002900	14.632000000	68.900719	0.0	0.0
15.152370	14.770400000	68.692525	0.0	0.0
15.303330	14.910000000	68.482353	0.0	0.0
15.455790	15.050800000	68.270192	0.0	0.0
15.609770	15.192700000	68.056018	0.0	0.0
15.765290	15.335900000	67.839807	0.0	0.0
15.922350	15.480200000	67.621562	0.0	0.0
16.080980	15.625700000	67.401246	0.0	0.0
16.241190	15.772000000	67.178849	0.0	0.0
16.403000	15.916900000	66.954347	0.0	0.0
16.566420	16.050600000	66.727730	0.0	0.0
16.731460	16.145400000	66.498989	0.0	0.0
16.898160	16.140300000	66.268073	0.0	0.0
17.066510	15.929300000	66.034999	0.0	0.0
17.236540	15.369200000	65.799731	0.0	0.0
17.408260	14.317600000	65.562261	0.0	0.0
17.581690	12.698200000	65.322564	0.0	0.0
17.756850	10.565800000	65.080619	0.0	0.0
17.933760	8.127390000	64.836403	0.0	0.0
18.112430	5.694530000	64.589908	0.0	0.0
18.292880	3.578510000	64.341111	0.0	0.0
18.475120	1.982590000	64.090004	0.0	0.0
18.659180	0.948843000	63.836552	0.0	0.0
18.845080	0.382196000	63.580734	0.0	0.0
19.032830	0.125032000	63.322540	0.0	0.0
19.222450	0.031508600	63.061951	0.0	0.0
19.413950	0.005608620	62.798958	0.0	0.0
19.607370	0.000597643	62.533514	0.0	0.0
19.802710	0.000024876	62.265625	0.0	0.0
20.000000	0.000000289	61.995257	0.0	0.0

