# UNCLASSIFIED
#
# Response info for I57US H1-H4 and L1-L4 infrasound channels.
#
# Effective: 14	Apr. 2001
# Created: 20 Oct. 2004
# File name: I57US_rsp.txt
#
# Source: James	Neely (CTI)
# System equipment: MB2000 microbarometer sensor and SAIC SAN2001 digitizer.
#
# The response file was	derived	from equations of state.
# Pressure response normalized to 1.0 at 1.0 Hz.
#
# The Ncalib values are as follows:
#
# I57H1 BDF is 0.000101672 Pa/count at 1.00 Hz.
# I57H2 BDF is 0.000102023 Pa/count at 1.00 Hz.
# I57H3 BDF is 0.000101629 Pa/count at 1.00 Hz.
# I57H4 BDF is 0.000101751 Pa/count at 1.00 Hz.
# I57L1 BDF is 0.000101712 Pa/count at 1.00 Hz.
# I57L2 BDF is 0.000102149 Pa/count at 1.00 Hz.
# I57L3 BDF is 0.000101980 Pa/count at 1.00 Hz.
# I57L4 BDF is 0.000101966 Pa/count at 1.00 Hz.
# 
# Freq(Hz)     Amp(counts/Pa)   Phase(deg)   Error(amp)  Error(phase)
#
   theoretical   0   instrument   fap
1000
0.001000	0.099589300	84.282716	0.0	0.0
0.001009	0.100502149	84.230181	0.0	0.0
0.001019	0.101423509	84.177090	0.0	0.0
0.001028	0.102353496	84.123542	0.0	0.0
0.001038	0.103291643	84.069439	0.0	0.0
0.001047	0.104237393	84.014979	0.0	0.0
0.001057	0.105193041	83.959965	0.0	0.0
0.001067	0.106156103	83.904396	0.0	0.0
0.001077	0.107127895	83.848373	0.0	0.0
0.001087	0.108108854	83.791795	0.0	0.0
0.001097	0.109098387	83.734764	0.0	0.0
0.001107	0.110096717	83.677180	0.0	0.0
0.001117	0.111103352	83.619144	0.0	0.0
0.001127	0.112119489	83.560555	0.0	0.0
0.001138	0.113145493	83.501415	0.0	0.0
0.001148	0.114179770	83.441723	0.0	0.0
0.001159	0.115223461	83.381480	0.0	0.0
0.001170	0.116275948	83.320788	0.0	0.0
0.001181	0.117338420	83.259445	0.0	0.0
0.001191	0.118409402	83.197652	0.0	0.0
0.001202	0.119490788	83.135211	0.0	0.0
0.001214	0.120581828	83.072221	0.0	0.0
0.001225	0.121681981	83.008684	0.0	0.0
0.001236	0.122792244	82.944598	0.0	0.0
0.001248	0.123911963	82.879966	0.0	0.0
0.001259	0.125042090	82.814687	0.0	0.0
0.001271	0.126181958	82.748762	0.0	0.0
0.001283	0.127331696	82.682391	0.0	0.0
0.001295	0.128491422	82.615375	0.0	0.0
0.001307	0.129662003	82.547715	0.0	0.0
0.001319	0.130842752	82.479510	0.0	0.0
0.001331	0.132033648	82.410562	0.0	0.0
0.001343	0.133234958	82.341171	0.0	0.0
0.001356	0.134446541	82.271038	0.0	0.0
0.001368	0.135669272	82.200363	0.0	0.0
0.001381	0.136902443	82.129046	0.0	0.0
0.001394	0.138146079	82.056988	0.0	0.0
0.001407	0.139400808	81.984390	0.0	0.0
0.001420	0.140666617	81.911152	0.0	0.0
0.001433	0.141943585	81.837275	0.0	0.0
0.001446	0.143231582	81.762659	0.0	0.0
0.001459	0.144530570	81.687405	0.0	0.0
0.001473	0.145840505	81.611514	0.0	0.0
0.001487	0.147162678	81.534886	0.0	0.0
0.001500	0.148495661	81.457721	0.0	0.0
0.001514	0.149839947	81.379721	0.0	0.0
0.001528	0.151196756	81.301085	0.0	0.0
0.001542	0.152564659	81.221815	0.0	0.0
0.001557	0.153944293	81.141711	0.0	0.0
0.001571	0.155335974	81.061073	0.0	0.0
0.001586	0.156739555	80.979604	0.0	0.0
0.001600	0.158154982	80.897401	0.0	0.0
0.001615	0.159582524	80.814568	0.0	0.0
0.001630	0.161022813	80.730903	0.0	0.0
0.001645	0.162474752	80.646608	0.0	0.0
0.001660	0.163939560	80.561484	0.0	0.0
0.001676	0.165416921	80.475631	0.0	0.0
0.001691	0.166906517	80.389049	0.0	0.0
0.001707	0.168408812	80.301740	0.0	0.0
0.001723	0.169924048	80.213704	0.0	0.0
0.001739	0.171451872	80.124742	0.0	0.0
0.001755	0.172992597	80.035154	0.0	0.0
0.001771	0.174545951	79.944741	0.0	0.0
0.001788	0.176112683	79.853505	0.0	0.0
0.001804	0.177692588	79.761544	0.0	0.0
0.001821	0.179285717	79.668661	0.0	0.0
0.001838	0.180892398	79.575056	0.0	0.0
0.001855	0.182512642	79.480730	0.0	0.0
0.001872	0.184146208	79.385483	0.0	0.0
0.001889	0.185793087	79.289416	0.0	0.0
0.001907	0.187453552	79.192530	0.0	0.0
0.001924	0.189128179	79.094826	0.0	0.0
0.001942	0.190816482	78.996204	0.0	0.0
0.001960	0.192518683	78.896865	0.0	0.0
0.001978	0.194235106	78.796610	0.0	0.0
0.001997	0.195965025	78.695440	0.0	0.0
0.002015	0.197709733	78.593455	0.0	0.0
0.002034	0.199468483	78.490657	0.0	0.0
0.002053	0.201241524	78.386946	0.0	0.0
0.002072	0.203028987	78.282322	0.0	0.0
0.002091	0.204830790	78.176788	0.0	0.0
0.002110	0.206647417	78.070442	0.0	0.0
0.002130	0.208478558	77.963088	0.0	0.0
0.002149	0.210324847	77.854924	0.0	0.0
0.002169	0.212185579	77.745853	0.0	0.0
0.002189	0.214061166	77.635774	0.0	0.0
0.002210	0.215951897	77.524789	0.0	0.0
0.002230	0.217857586	77.412898	0.0	0.0
0.002251	0.219778487	77.300103	0.0	0.0
0.002272	0.221714483	77.186305	0.0	0.0
0.002293	0.223665795	77.071604	0.0	0.0
0.002314	0.225632615	76.955900	0.0	0.0
0.002335	0.227614692	76.839297	0.0	0.0
0.002357	0.229612285	76.721692	0.0	0.0
0.002379	0.231625864	76.603090	0.0	0.0
0.002401	0.233654389	76.483588	0.0	0.0
0.002423	0.235698813	76.362990	0.0	0.0
0.002446	0.237759224	76.241495	0.0	0.0
0.002468	0.239835383	76.118905	0.0	0.0
0.002491	0.241927559	75.995421	0.0	0.0
0.002514	0.244035585	75.870843	0.0	0.0
0.002537	0.246159394	75.745273	0.0	0.0
0.002561	0.248299781	75.618712	0.0	0.0
0.002585	0.250455950	75.491061	0.0	0.0
0.002609	0.252628367	75.362420	0.0	0.0
0.002633	0.254816992	75.232790	0.0	0.0
0.002657	0.257022333	75.101974	0.0	0.0
0.002682	0.259243653	74.970271	0.0	0.0
0.002707	0.261481343	74.837383	0.0	0.0
0.002732	0.263735475	74.703511	0.0	0.0
0.002757	0.266006486	74.568555	0.0	0.0
0.002783	0.268293682	74.432518	0.0	0.0
0.002808	0.270597636	74.295401	0.0	0.0
0.002834	0.272918274	74.157203	0.0	0.0
0.002861	0.275255227	74.017827	0.0	0.0
0.002887	0.277609538	73.877473	0.0	0.0
0.002914	0.279980109	73.735943	0.0	0.0
0.002941	0.282367503	73.593437	0.0	0.0
0.002968	0.284771967	73.449658	0.0	0.0
0.002996	0.287193099	73.304905	0.0	0.0
0.003023	0.289631015	73.158981	0.0	0.0
0.003051	0.292085956	73.011886	0.0	0.0
0.003080	0.294557760	72.863722	0.0	0.0
0.003108	0.297046539	72.714389	0.0	0.0
0.003137	0.299552101	72.563890	0.0	0.0
0.003166	0.302074529	72.412325	0.0	0.0
0.003195	0.304613914	72.259596	0.0	0.0
0.003225	0.307170708	72.105703	0.0	0.0
0.003255	0.309744764	71.950649	0.0	0.0
0.003285	0.312333231	71.794434	0.0	0.0
0.003315	0.314941534	71.637059	0.0	0.0
0.003346	0.317565300	71.478427	0.0	0.0
0.003377	0.320206220	71.318738	0.0	0.0
0.003408	0.322865721	71.157893	0.0	0.0
0.003440	0.325539722	70.995794	0.0	0.0
0.003472	0.328232355	70.832543	0.0	0.0
0.003504	0.330942434	70.668040	0.0	0.0
0.003536	0.333665508	70.502487	0.0	0.0
0.003569	0.336408943	70.335586	0.0	0.0
0.003602	0.339168159	70.167637	0.0	0.0
0.003635	0.341944783	69.998443	0.0	0.0
0.003669	0.344737271	69.828004	0.0	0.0
0.003703	0.347546817	69.656323	0.0	0.0
0.003737	0.350372155	69.483500	0.0	0.0
0.003772	0.353214519	69.309536	0.0	0.0
0.003807	0.356072267	69.134235	0.0	0.0
0.003842	0.358946771	68.957797	0.0	0.0
0.003878	0.361839153	68.780122	0.0	0.0
0.003914	0.364747738	68.601315	0.0	0.0
0.003950	0.367671351	68.421174	0.0	0.0
0.003987	0.370610807	68.239903	0.0	0.0
0.004024	0.373567232	68.057403	0.0	0.0
0.004061	0.376539239	67.873674	0.0	0.0
0.004098	0.379525198	67.688720	0.0	0.0
0.004136	0.382528629	67.502541	0.0	0.0
0.004175	0.385548027	67.315139	0.0	0.0
0.004213	0.388581741	67.126516	0.0	0.0
0.004252	0.391630879	66.936673	0.0	0.0
0.004292	0.394696127	66.745612	0.0	0.0
0.004331	0.397776004	66.553336	0.0	0.0
0.004372	0.400871351	66.359844	0.0	0.0
0.004412	0.403980605	66.165140	0.0	0.0
0.004453	0.407106825	65.969225	0.0	0.0
0.004494	0.410244041	65.772100	0.0	0.0
0.004536	0.413397419	65.573768	0.0	0.0
0.004578	0.416565363	65.374230	0.0	0.0
0.004620	0.419746502	65.173487	0.0	0.0
0.004663	0.422943426	64.971543	0.0	0.0
0.004706	0.426152596	64.768399	0.0	0.0
0.004750	0.429374618	64.563956	0.0	0.0
0.004794	0.432610150	64.358416	0.0	0.0
0.004838	0.435859543	64.151682	0.0	0.0
0.004883	0.439121511	63.943754	0.0	0.0
0.004928	0.442396388	63.734736	0.0	0.0
0.004974	0.445682821	63.524429	0.0	0.0
0.005020	0.448983210	63.312935	0.0	0.0
0.005066	0.452294017	63.100355	0.0	0.0
0.005113	0.455617684	62.886593	0.0	0.0
0.005161	0.458952761	62.671650	0.0	0.0
0.005209	0.462299577	62.455527	0.0	0.0
0.005257	0.465656710	62.238228	0.0	0.0
0.005305	0.469024392	62.019854	0.0	0.0
0.005355	0.472403182	61.800406	0.0	0.0
0.005404	0.475793344	61.579788	0.0	0.0
0.005454	0.479193278	61.358001	0.0	0.0
0.005505	0.482601516	61.135149	0.0	0.0
0.005556	0.486020315	60.911131	0.0	0.0
0.005607	0.489448008	60.686152	0.0	0.0
0.005659	0.492884999	60.460012	0.0	0.0
0.005712	0.496329741	60.232715	0.0	0.0
0.005764	0.499782461	60.004463	0.0	0.0
0.005818	0.503245168	59.775157	0.0	0.0
0.005872	0.506714675	59.544700	0.0	0.0
0.005926	0.510191099	59.313295	0.0	0.0
0.005981	0.513674793	59.080844	0.0	0.0
0.006036	0.517164176	58.847348	0.0	0.0
0.006092	0.520661242	58.612911	0.0	0.0
0.006149	0.524164314	58.377435	0.0	0.0
0.006206	0.527673703	58.141023	0.0	0.0
0.006263	0.531187936	57.903575	0.0	0.0
0.006321	0.534707077	57.665196	0.0	0.0
0.006380	0.538229688	57.425888	0.0	0.0
0.006439	0.541757644	57.185653	0.0	0.0
0.006498	0.545289332	56.944493	0.0	0.0
0.006559	0.548824871	56.702412	0.0	0.0
0.006619	0.552363020	56.459412	0.0	0.0
0.006681	0.555903654	56.215595	0.0	0.0
0.006743	0.559448535	55.970864	0.0	0.0
0.006805	0.562993143	55.725322	0.0	0.0
0.006868	0.566540635	55.478871	0.0	0.0
0.006932	0.570089633	55.231714	0.0	0.0
0.006996	0.573638635	54.983654	0.0	0.0
0.007061	0.577187759	54.734894	0.0	0.0
0.007126	0.580738593	54.485335	0.0	0.0
0.007192	0.584288163	54.234983	0.0	0.0
0.007259	0.587836667	53.983938	0.0	0.0
0.007326	0.591384207	53.732203	0.0	0.0
0.007394	0.594930631	53.479682	0.0	0.0
0.007462	0.598473420	53.226578	0.0	0.0
0.007531	0.602015291	52.972694	0.0	0.0
0.007601	0.605554823	52.718232	0.0	0.0
0.007672	0.609089574	52.463195	0.0	0.0
0.007743	0.612622030	52.207487	0.0	0.0
0.007814	0.616149697	51.951211	0.0	0.0
0.007887	0.619672617	51.694268	0.0	0.0
0.007960	0.623190826	51.436864	0.0	0.0
0.008034	0.626704269	51.178900	0.0	0.0
0.008108	0.630211732	50.920381	0.0	0.0
0.008183	0.633713255	50.661508	0.0	0.0
0.008259	0.637207662	50.401986	0.0	0.0
0.008335	0.640694857	50.142118	0.0	0.0
0.008412	0.644174970	49.881806	0.0	0.0
0.008490	0.647646788	49.621054	0.0	0.0
0.008569	0.651111470	49.359967	0.0	0.0
0.008648	0.654566734	49.098446	0.0	0.0
0.008729	0.658013660	48.836595	0.0	0.0
0.008809	0.661450101	48.574418	0.0	0.0
0.008891	0.664877135	48.311918	0.0	0.0
0.008973	0.668293639	48.049099	0.0	0.0
0.009056	0.671699703	47.786064	0.0	0.0
0.009140	0.675095191	47.522817	0.0	0.0
0.009225	0.678479171	47.259361	0.0	0.0
0.009310	0.681850526	46.995700	0.0	0.0
0.009397	0.685210301	46.731738	0.0	0.0
0.009484	0.688557461	46.467779	0.0	0.0
0.009572	0.691892052	46.203625	0.0	0.0
0.009660	0.695212043	45.939381	0.0	0.0
0.009750	0.698519506	45.675050	0.0	0.0
0.009840	0.701812367	45.410637	0.0	0.0
0.009931	0.705090639	45.146146	0.0	0.0
0.010023	0.708354119	44.881682	0.0	0.0
0.010116	0.711603800	44.617242	0.0	0.0
0.010210	0.714836316	44.352840	0.0	0.0
0.010304	0.718053953	44.088371	0.0	0.0
0.010400	0.721254932	43.824146	0.0	0.0
0.010496	0.724439854	43.559864	0.0	0.0
0.010593	0.727606991	43.295735	0.0	0.0
0.010691	0.730758582	43.031754	0.0	0.0
0.010790	0.733891304	42.768037	0.0	0.0
0.010890	0.737007391	42.504379	0.0	0.0
0.010991	0.740104266	42.240889	0.0	0.0
0.011093	0.743184379	41.977767	0.0	0.0
0.011196	0.746244967	41.714819	0.0	0.0
0.011299	0.749287127	41.452154	0.0	0.0
0.011404	0.752309716	41.189673	0.0	0.0
0.011510	0.755313381	40.927675	0.0	0.0
0.011616	0.758297658	40.665876	0.0	0.0
0.011724	0.761261261	40.404471	0.0	0.0
0.011832	0.764205263	40.143470	0.0	0.0
0.011942	0.767129459	39.882872	0.0	0.0
0.012053	0.770032383	39.622688	0.0	0.0
0.012164	0.772914707	39.362917	0.0	0.0
0.012277	0.775776641	39.103671	0.0	0.0
0.012391	0.778616405	38.844849	0.0	0.0
0.012505	0.781435845	38.586560	0.0	0.0
0.012621	0.784233841	38.328700	0.0	0.0
0.012738	0.787008434	38.071485	0.0	0.0
0.012856	0.789765170	37.814718	0.0	0.0
0.012975	0.792498287	37.558596	0.0	0.0
0.013095	0.795205932	37.303132	0.0	0.0
0.013217	0.797895683	37.048228	0.0	0.0
0.013339	0.800558660	36.793893	0.0	0.0
0.013463	0.803202351	36.540327	0.0	0.0
0.013587	0.805818669	36.287335	0.0	0.0
0.013713	0.808421114	36.035128	0.0	0.0
0.013840	0.810994960	35.783504	0.0	0.0
0.013968	0.813546339	35.532676	0.0	0.0
0.014098	0.816074645	35.282547	0.0	0.0
0.014228	0.818579873	35.033217	0.0	0.0
0.014360	0.821060314	34.784701	0.0	0.0
0.014493	0.823516018	34.536901	0.0	0.0
0.014627	0.825953882	34.289914	0.0	0.0
0.014763	0.828365332	34.043758	0.0	0.0
0.014900	0.830756634	33.798436	0.0	0.0
0.015038	0.833121087	33.553949	0.0	0.0
0.015177	0.835464323	33.310306	0.0	0.0
0.015317	0.837779258	33.067613	0.0	0.0
0.015459	0.840077934	32.825781	0.0	0.0
0.015602	0.842347937	32.584903	0.0	0.0
0.015747	0.844593694	32.344799	0.0	0.0
0.015893	0.846815828	32.105766	0.0	0.0
0.016040	0.849019609	31.867613	0.0	0.0
0.016189	0.851197756	31.630450	0.0	0.0
0.016339	0.853350422	31.394277	0.0	0.0
0.016490	0.855482790	31.159005	0.0	0.0
0.016643	0.857588358	30.924837	0.0	0.0
0.016797	0.859672258	30.691585	0.0	0.0
0.016952	0.861734559	30.459348	0.0	0.0
0.017109	0.863773822	30.228141	0.0	0.0
0.017268	0.865790161	29.998065	0.0	0.0
0.017428	0.867776965	29.768930	0.0	0.0
0.017589	0.869751103	29.540939	0.0	0.0
0.017752	0.871695035	29.313900	0.0	0.0
0.017917	0.873619289	29.088021	0.0	0.0
0.018082	0.875517422	28.863212	0.0	0.0
0.018250	0.877395146	28.639474	0.0	0.0
0.018419	0.879251120	28.416823	0.0	0.0
0.018590	0.881085469	28.195256	0.0	0.0
0.018762	0.882892054	27.974886	0.0	0.0
0.018936	0.884681276	27.755617	0.0	0.0
0.019111	0.886451770	27.537463	0.0	0.0
0.019288	0.888193232	27.320426	0.0	0.0
0.019467	0.889915835	27.104510	0.0	0.0
0.019647	0.891617851	26.889835	0.0	0.0
0.019829	0.893294817	26.676196	0.0	0.0
0.020013	0.894955653	26.463808	0.0	0.0
0.020198	0.896590035	26.252477	0.0	0.0
0.020385	0.898207647	26.042407	0.0	0.0
0.020574	0.899802369	25.833514	0.0	0.0
0.020764	0.901373993	25.625702	0.0	0.0
0.020957	0.902927094	25.419176	0.0	0.0
0.021151	0.904460508	25.213753	0.0	0.0
0.021347	0.905974386	25.009631	0.0	0.0
0.021544	0.907462978	24.806625	0.0	0.0
0.021744	0.908935798	24.604737	0.0	0.0
0.021945	0.910391250	24.404185	0.0	0.0
0.022149	0.911820413	24.204770	0.0	0.0
0.022354	0.913235840	24.006507	0.0	0.0
0.022561	0.914628687	23.809497	0.0	0.0
0.022770	0.916002407	23.613653	0.0	0.0
0.022981	0.917356379	23.419087	0.0	0.0
0.023193	0.918690406	23.225703	0.0	0.0
0.023408	0.920008185	23.033511	0.0	0.0
0.023625	0.921309050	22.842521	0.0	0.0
0.023844	0.922588167	22.652744	0.0	0.0
0.024065	0.923853354	22.464190	0.0	0.0
0.024288	0.925096057	22.276863	0.0	0.0
0.024513	0.926323605	22.090719	0.0	0.0
0.024740	0.927531686	21.905783	0.0	0.0
0.024969	0.928723790	21.722064	0.0	0.0
0.025200	0.929894980	21.539548	0.0	0.0
0.025433	0.931053030	21.358251	0.0	0.0
0.025669	0.932193386	21.178151	0.0	0.0
0.025907	0.933315526	20.999249	0.0	0.0
0.026147	0.934422775	20.821556	0.0	0.0
0.026389	0.935514199	20.645076	0.0	0.0
0.026633	0.936589604	20.469784	0.0	0.0
0.026880	0.937644740	20.295690	0.0	0.0
0.027129	0.938689918	20.122790	0.0	0.0
0.027380	0.939713845	19.951089	0.0	0.0
0.027634	0.940726681	19.780581	0.0	0.0
0.027890	0.941724215	19.611257	0.0	0.0
0.028148	0.942702390	19.443117	0.0	0.0
0.028409	0.943667534	19.276166	0.0	0.0
0.028672	0.944619761	19.110384	0.0	0.0
0.028938	0.945557551	18.945795	0.0	0.0
0.029206	0.946480739	18.782366	0.0	0.0
0.029476	0.947385777	18.620111	0.0	0.0
0.029749	0.948281426	18.459026	0.0	0.0
0.030025	0.949161055	18.299099	0.0	0.0
0.030303	0.950027242	18.140328	0.0	0.0
0.030583	0.950879203	17.982716	0.0	0.0
0.030867	0.951719736	17.826253	0.0	0.0
0.031153	0.952548332	17.670930	0.0	0.0
0.031441	0.953361017	17.516762	0.0	0.0
0.031732	0.954160272	17.363725	0.0	0.0
0.032026	0.954949087	17.211822	0.0	0.0
0.032323	0.955723569	17.061049	0.0	0.0
0.032622	0.956486101	16.911401	0.0	0.0
0.032924	0.957239273	16.762869	0.0	0.0
0.033229	0.957975981	16.615462	0.0	0.0
0.033537	0.958705434	16.469150	0.0	0.0
0.033848	0.959420322	16.323950	0.0	0.0
0.034161	0.960123508	16.179854	0.0	0.0
0.034478	0.960816924	16.036845	0.0	0.0
0.034797	0.961497233	15.894932	0.0	0.0
0.035119	0.962169498	15.754099	0.0	0.0
0.035445	0.962827582	15.614348	0.0	0.0
0.035773	0.963476491	15.475663	0.0	0.0
0.036104	0.964115245	15.338054	0.0	0.0
0.036439	0.964743696	15.201496	0.0	0.0
0.036776	0.965360918	15.066010	0.0	0.0
0.037117	0.965968976	14.931571	0.0	0.0
0.037461	0.966564782	14.798168	0.0	0.0
0.037807	0.967152788	14.665812	0.0	0.0
0.038158	0.967729931	14.534494	0.0	0.0
0.038511	0.968300803	14.404197	0.0	0.0
0.038868	0.968859289	14.274932	0.0	0.0
0.039228	0.969410191	14.146670	0.0	0.0
0.039591	0.969950317	14.019425	0.0	0.0
0.039958	0.970481358	13.893187	0.0	0.0
0.040328	0.971005185	13.767942	0.0	0.0
0.040701	0.971518930	13.643690	0.0	0.0
0.041078	0.972023990	13.520436	0.0	0.0
0.041459	0.972520242	13.398155	0.0	0.0
0.041843	0.973008796	13.276846	0.0	0.0
0.042230	0.973489739	13.156511	0.0	0.0
0.042622	0.973961788	13.037130	0.0	0.0
0.043016	0.974426939	12.918712	0.0	0.0
0.043415	0.974884590	12.801242	0.0	0.0
0.043817	0.975333718	12.684716	0.0	0.0
0.044223	0.975774002	12.569124	0.0	0.0
0.044632	0.976209179	12.454466	0.0	0.0
0.045046	0.976636409	12.340737	0.0	0.0
0.045463	0.977054943	12.227917	0.0	0.0
0.045884	0.977468418	12.116017	0.0	0.0
0.046309	0.977871918	12.005021	0.0	0.0
0.046738	0.978271405	11.894925	0.0	0.0
0.047171	0.978663730	11.785733	0.0	0.0
0.047608	0.979046479	11.677416	0.0	0.0
0.048049	0.979427123	11.569980	0.0	0.0
0.048494	0.979798630	11.463423	0.0	0.0
0.048943	0.980162598	11.357732	0.0	0.0
0.049396	0.980522396	11.252917	0.0	0.0
0.049854	0.980875453	11.148942	0.0	0.0
0.050315	0.981222681	11.045827	0.0	0.0
0.050782	0.981563766	10.943544	0.0	0.0
0.051252	0.981899782	10.842106	0.0	0.0
0.051727	0.982230216	10.741500	0.0	0.0
0.052206	0.982552090	10.641725	0.0	0.0
0.052689	0.982871066	10.542757	0.0	0.0
0.053177	0.983183968	10.444610	0.0	0.0
0.053670	0.983492197	10.347270	0.0	0.0
0.054167	0.983793230	10.250737	0.0	0.0
0.054669	0.984090127	10.154982	0.0	0.0
0.055175	0.984382034	10.060028	0.0	0.0
0.055686	0.984668308	9.965847	0.0	0.0
0.056202	0.984949932	9.872453	0.0	0.0
0.056722	0.985226443	9.779822	0.0	0.0
0.057248	0.985498796	9.687959	0.0	0.0
0.057778	0.985766184	9.596850	0.0	0.0
0.058313	0.986027999	9.506493	0.0	0.0
0.058853	0.986286888	9.416885	0.0	0.0
0.059398	0.986540517	9.328015	0.0	0.0
0.059948	0.986789813	9.239879	0.0	0.0
0.060504	0.987034177	9.152467	0.0	0.0
0.061064	0.987275989	9.065790	0.0	0.0
0.061630	0.987511533	8.979821	0.0	0.0
0.062200	0.987743023	8.894557	0.0	0.0
0.062777	0.987971633	8.810003	0.0	0.0
0.063358	0.988196449	8.726148	0.0	0.0
0.063945	0.988416899	8.642984	0.0	0.0
0.064537	0.988633678	8.560509	0.0	0.0
0.065135	0.988846073	8.478720	0.0	0.0
0.065738	0.989055070	8.397597	0.0	0.0
0.066347	0.989259814	8.317149	0.0	0.0
0.066962	0.989462617	8.237373	0.0	0.0
0.067582	0.989659792	8.158242	0.0	0.0
0.068208	0.989854968	8.079778	0.0	0.0
0.068840	0.990046125	8.001950	0.0	0.0
0.069477	0.990233765	7.924764	0.0	0.0
0.070121	0.990418798	7.848220	0.0	0.0
0.070770	0.990600410	7.772308	0.0	0.0
0.071426	0.990779355	7.697014	0.0	0.0
0.072087	0.990954699	7.622342	0.0	0.0
0.072755	0.991125814	7.548288	0.0	0.0
0.073429	0.991294957	7.474842	0.0	0.0
0.074109	0.991460935	7.401999	0.0	0.0
0.074795	0.991624733	7.329754	0.0	0.0
0.075488	0.991785581	7.258098	0.0	0.0
0.076187	0.991942476	7.187041	0.0	0.0
0.076893	0.992097574	7.116553	0.0	0.0
0.077605	0.992250116	7.046654	0.0	0.0
0.078324	0.992399120	6.977325	0.0	0.0
0.079049	0.992546675	6.908556	0.0	0.0
0.079781	0.992690657	6.840351	0.0	0.0
0.080520	0.992832872	6.772702	0.0	0.0
0.081266	0.992971370	6.705608	0.0	0.0
0.082019	0.993109026	6.639054	0.0	0.0
0.082779	0.993243783	6.573047	0.0	0.0
0.083545	0.993375090	6.507581	0.0	0.0
0.084319	0.993505741	6.442641	0.0	0.0
0.085100	0.993632555	6.378223	0.0	0.0
0.085888	0.993758288	6.314342	0.0	0.0
0.086684	0.993881210	6.250962	0.0	0.0
0.087487	0.994002744	6.188096	0.0	0.0
0.088297	0.994122111	6.125746	0.0	0.0
0.089115	0.994238669	6.063885	0.0	0.0
0.089940	0.994353805	6.002532	0.0	0.0
0.090773	0.994466763	5.941672	0.0	0.0
0.091614	0.994577031	5.881291	0.0	0.0
0.092463	0.994685741	5.821399	0.0	0.0
0.093319	0.994793342	5.761986	0.0	0.0
0.094183	0.994899097	5.703048	0.0	0.0
0.095056	0.995002297	5.644579	0.0	0.0
0.095936	0.995104240	5.586570	0.0	0.0
0.096825	0.995204114	5.529032	0.0	0.0
0.097721	0.995302261	5.471949	0.0	0.0
0.098627	0.995399009	5.415307	0.0	0.0
0.099540	0.995493474	5.359121	0.0	0.0
0.100462	0.995590372	5.303347	0.0	0.0
0.101393	0.995675223	5.248044	0.0	0.0
0.102332	0.995771594	5.193214	0.0	0.0
0.103280	0.995860747	5.138755	0.0	0.0
0.104236	0.995940946	5.084740	0.0	0.0
0.105202	0.996031425	5.031117	0.0	0.0
0.106176	0.996111170	4.977937	0.0	0.0
0.107159	0.996199117	4.925151	0.0	0.0
0.108152	0.996274684	4.872829	0.0	0.0
0.109154	0.996357427	4.820861	0.0	0.0
0.110165	0.996436242	4.769298	0.0	0.0
0.111185	0.996510321	4.718149	0.0	0.0
0.112215	0.996588685	4.667375	0.0	0.0
0.113254	0.996661490	4.616967	0.0	0.0
0.114303	0.996735872	4.566975	0.0	0.0
0.115362	0.996811770	4.517358	0.0	0.0
0.116430	0.996879678	4.468118	0.0	0.0
0.117509	0.996955970	4.419245	0.0	0.0
0.118597	0.997022693	4.370749	0.0	0.0
0.119696	0.997087612	4.322621	0.0	0.0
0.120804	0.997150761	4.274820	0.0	0.0
0.121923	0.997218739	4.227387	0.0	0.0
0.123052	0.997282459	4.180333	0.0	0.0
0.124192	0.997350073	4.133588	0.0	0.0
0.125342	0.997411889	4.087212	0.0	0.0
0.126503	0.997467262	4.041206	0.0	0.0
0.127675	0.997532017	3.995500	0.0	0.0
0.128858	0.997589587	3.950113	0.0	0.0
0.130051	0.997646310	3.905068	0.0	0.0
0.131256	0.997709052	3.860384	0.0	0.0
0.132471	0.997762536	3.815981	0.0	0.0
0.133698	0.997820468	3.771930	0.0	0.0
0.134937	0.997875300	3.728151	0.0	0.0
0.136187	0.997925639	3.684705	0.0	0.0
0.137448	0.997978143	3.641581	0.0	0.0
0.138721	0.998032021	3.598762	0.0	0.0
0.140006	0.998087222	3.556206	0.0	0.0
0.141303	0.998134500	3.513994	0.0	0.0
0.142611	0.998188083	3.472067	0.0	0.0
0.143932	0.998233197	3.430425	0.0	0.0
0.145265	0.998283142	3.389048	0.0	0.0
0.146611	0.998329592	3.347987	0.0	0.0
0.147969	0.998379388	3.307173	0.0	0.0
0.149339	0.998424393	3.266645	0.0	0.0
0.150723	0.998470699	3.226395	0.0	0.0
0.152119	0.998516947	3.186462	0.0	0.0
0.153528	0.998557262	3.146737	0.0	0.0
0.154950	0.998602771	3.107290	0.0	0.0
0.156385	0.998646287	3.068123	0.0	0.0
0.157833	0.998687854	3.029165	0.0	0.0
0.159295	0.998731912	2.990507	0.0	0.0
0.160770	0.998772162	2.952078	0.0	0.0
0.162260	0.998813629	2.913911	0.0	0.0
0.163762	0.998849553	2.875996	0.0	0.0
0.165279	0.998891573	2.838309	0.0	0.0
0.166810	0.998932319	2.800890	0.0	0.0
0.168355	0.998971816	2.763664	0.0	0.0
0.169914	0.999008913	2.726667	0.0	0.0
0.171488	0.999042500	2.689927	0.0	0.0
0.173077	0.999083643	2.653424	0.0	0.0
0.174680	0.999120676	2.617090	0.0	0.0
0.176298	0.999152002	2.581000	0.0	0.0
0.177930	0.999188447	2.545135	0.0	0.0
0.179579	0.999223181	2.509523	0.0	0.0
0.181242	0.999261760	2.474089	0.0	0.0
0.182921	0.999292042	2.438861	0.0	0.0
0.184615	0.999329956	2.403813	0.0	0.0
0.186325	0.999363476	2.368972	0.0	0.0
0.188050	0.999391652	2.334360	0.0	0.0
0.189792	0.999424634	2.299954	0.0	0.0
0.191550	0.999456539	2.265725	0.0	0.0
0.193324	0.999492045	2.231644	0.0	0.0
0.195115	0.999524383	2.197787	0.0	0.0
0.196922	0.999553123	2.164121	0.0	0.0
0.198746	0.999582382	2.130669	0.0	0.0
0.200587	0.999612138	2.097349	0.0	0.0
0.202445	0.999645829	2.064232	0.0	0.0
0.204320	0.999673551	2.031230	0.0	0.0
0.206212	0.999703218	1.998472	0.0	0.0
0.208122	0.999729966	1.965869	0.0	0.0
0.210050	0.999762913	1.933381	0.0	0.0
0.211995	0.999791033	1.901080	0.0	0.0
0.213959	0.999818189	1.868976	0.0	0.0
0.215941	0.999844402	1.836989	0.0	0.0
0.217941	0.999872901	1.805180	0.0	0.0
0.219959	0.999898618	1.773521	0.0	0.0
0.221997	0.999925224	1.742001	0.0	0.0
0.224053	0.999951797	1.710641	0.0	0.0
0.226128	0.999977889	1.679411	0.0	0.0
0.228222	1.000007011	1.648303	0.0	0.0
0.230336	1.000029088	1.617398	0.0	0.0
0.232470	1.000057212	1.586574	0.0	0.0
0.234623	1.000081407	1.555915	0.0	0.0
0.236796	1.000105576	1.525359	0.0	0.0
0.238989	1.000132642	1.494969	0.0	0.0
0.241203	1.000154227	1.464653	0.0	0.0
0.243437	1.000181156	1.434504	0.0	0.0
0.245692	1.000205135	1.404432	0.0	0.0
0.247967	1.000228659	1.374537	0.0	0.0
0.250264	1.000251734	1.344721	0.0	0.0
0.252582	1.000273179	1.315034	0.0	0.0
0.254922	1.000296170	1.285466	0.0	0.0
0.257283	1.000320270	1.255979	0.0	0.0
0.259666	1.000344289	1.226604	0.0	0.0
0.262071	1.000367458	1.197350	0.0	0.0
0.264498	1.000389417	1.168169	0.0	0.0
0.266948	1.000409069	1.139081	0.0	0.0
0.269420	1.000432781	1.110158	0.0	0.0
0.271916	1.000453081	1.081270	0.0	0.0
0.274434	1.000472609	1.052468	0.0	0.0
0.276976	1.000493905	1.023783	0.0	0.0
0.279542	1.000516560	0.995175	0.0	0.0
0.282131	1.000535922	0.966665	0.0	0.0
0.284744	1.000555236	0.938194	0.0	0.0
0.287381	1.000576586	0.909854	0.0	0.0
0.290043	1.000596463	0.881524	0.0	0.0
0.292730	1.000616610	0.853346	0.0	0.0
0.295441	1.000633629	0.825200	0.0	0.0
0.298177	1.000653303	0.797107	0.0	0.0
0.300939	1.000671232	0.769119	0.0	0.0
0.303726	1.000690095	0.741206	0.0	0.0
0.306540	1.000709533	0.713288	0.0	0.0
0.309379	1.000727910	0.685508	0.0	0.0
0.312244	1.000745250	0.657735	0.0	0.0
0.315136	1.000760623	0.630000	0.0	0.0
0.318055	1.000779110	0.602376	0.0	0.0
0.321001	1.000794078	0.574782	0.0	0.0
0.323974	1.000810867	0.547239	0.0	0.0
0.326975	1.000828810	0.519728	0.0	0.0
0.330004	1.000843930	0.492271	0.0	0.0
0.333060	1.000858704	0.464818	0.0	0.0
0.336145	1.000874920	0.437460	0.0	0.0
0.339258	1.000889293	0.410098	0.0	0.0
0.342401	1.000903620	0.382794	0.0	0.0
0.345572	1.000917320	0.355527	0.0	0.0
0.348773	1.000932699	0.328260	0.0	0.0
0.352003	1.000945730	0.301033	0.0	0.0
0.355264	1.000958444	0.273887	0.0	0.0
0.358554	1.000970565	0.246703	0.0	0.0
0.361875	1.000983765	0.219553	0.0	0.0
0.365227	1.000994725	0.192396	0.0	0.0
0.368610	1.001007842	0.165275	0.0	0.0
0.372024	1.001019559	0.138211	0.0	0.0
0.375469	1.001029644	0.111094	0.0	0.0
0.378947	1.001039459	0.084066	0.0	0.0
0.382457	1.001048484	0.056957	0.0	0.0
0.385999	1.001058551	0.029919	0.0	0.0
0.389575	1.001066291	0.002803	0.0	0.0
0.393183	1.001076090	-0.024240	0.0	0.0
0.396825	1.001084610	-0.051359	0.0	0.0
0.400500	1.001090886	-0.078352	0.0	0.0
0.404210	1.001099430	-0.105519	0.0	0.0
0.407954	1.001104293	-0.132558	0.0	0.0
0.411732	1.001109945	-0.159669	0.0	0.0
0.415546	1.001115401	-0.186849	0.0	0.0
0.419394	1.001119710	-0.213898	0.0	0.0
0.423279	1.001124790	-0.241115	0.0	0.0
0.427199	1.001127342	-0.268198	0.0	0.0
0.431156	1.001131377	-0.295396	0.0	0.0
0.435150	1.001133633	-0.322608	0.0	0.0
0.439180	1.001135980	-0.349932	0.0	0.0
0.443248	1.001137287	-0.377118	0.0	0.0
0.447353	1.001137133	-0.404464	0.0	0.0
0.451497	1.001136664	-0.431818	0.0	0.0
0.455679	1.001135449	-0.459181	0.0	0.0
0.459899	1.001134596	-0.486599	0.0	0.0
0.464159	1.001131294	-0.514121	0.0	0.0
0.468458	1.001129237	-0.541597	0.0	0.0
0.472797	1.001125219	-0.569075	0.0	0.0
0.477176	1.001120970	-0.596754	0.0	0.0
0.481596	1.001115458	-0.624383	0.0	0.0
0.486056	1.001110159	-0.652109	0.0	0.0
0.490558	1.001104048	-0.679881	0.0	0.0
0.495102	1.001096744	-0.707699	0.0	0.0
0.499688	1.001087279	-0.735610	0.0	0.0
0.504316	1.001078887	-0.763514	0.0	0.0
0.508987	1.001068790	-0.791508	0.0	0.0
0.513701	1.001058202	-0.819591	0.0	0.0
0.518459	1.001048491	-0.847712	0.0	0.0
0.523261	1.001035047	-0.875970	0.0	0.0
0.528108	1.001022518	-0.904162	0.0	0.0
0.532999	1.001010508	-0.932587	0.0	0.0
0.537936	1.000996029	-0.960944	0.0	0.0
0.542919	1.000980626	-0.989532	0.0	0.0
0.547947	1.000965056	-1.018147	0.0	0.0
0.553022	1.000948605	-1.046890	0.0	0.0
0.558145	1.000932375	-1.075658	0.0	0.0
0.563314	1.000913700	-1.104499	0.0	0.0
0.568532	1.000893881	-1.133463	0.0	0.0
0.573798	1.000875570	-1.162598	0.0	0.0
0.579112	1.000855965	-1.191700	0.0	0.0
0.584476	1.000834765	-1.220971	0.0	0.0
0.589890	1.000814390	-1.250406	0.0	0.0
0.595353	1.000792303	-1.279855	0.0	0.0
0.600868	1.000769554	-1.309416	0.0	0.0
0.606433	1.000745507	-1.339188	0.0	0.0
0.612050	1.000722490	-1.368968	0.0	0.0
0.617719	1.000698052	-1.398804	0.0	0.0
0.623440	1.000673360	-1.428946	0.0	0.0
0.629215	1.000649063	-1.459090	0.0	0.0
0.635043	1.000622793	-1.489386	0.0	0.0
0.640924	1.000596950	-1.519781	0.0	0.0
0.646861	1.000570756	-1.550324	0.0	0.0
0.652852	1.000543615	-1.581013	0.0	0.0
0.658899	1.000517530	-1.611795	0.0	0.0
0.665002	1.000490525	-1.642819	0.0	0.0
0.671161	1.000463078	-1.673833	0.0	0.0
0.677378	1.000434617	-1.705136	0.0	0.0
0.683652	1.000407225	-1.736524	0.0	0.0
0.689984	1.000380154	-1.768047	0.0	0.0
0.696375	1.000352540	-1.799701	0.0	0.0
0.702824	1.000326682	-1.831586	0.0	0.0
0.709334	1.000298731	-1.863548	0.0	0.0
0.715904	1.000272243	-1.895637	0.0	0.0
0.722535	1.000246493	-1.927999	0.0	0.0
0.729227	1.000220507	-1.960483	0.0	0.0
0.735981	1.000195114	-1.993088	0.0	0.0
0.742798	1.000169360	-2.025859	0.0	0.0
0.749678	1.000145129	-2.058896	0.0	0.0
0.756622	1.000121725	-2.091946	0.0	0.0
0.763630	1.000098477	-2.125357	0.0	0.0
0.770703	1.000075645	-2.158827	0.0	0.0
0.777841	1.000055153	-2.192504	0.0	0.0
0.785046	1.000033629	-2.226485	0.0	0.0
0.792317	1.000015272	-2.260517	0.0	0.0
0.799656	0.999996874	-2.294750	0.0	0.0
0.807062	0.999978936	-2.329180	0.0	0.0
0.814537	0.999962924	-2.363906	0.0	0.0
0.822082	0.999948180	-2.398674	0.0	0.0
0.829696	0.999935036	-2.433732	0.0	0.0
0.837381	0.999922735	-2.469078	0.0	0.0
0.845137	0.999912913	-2.504510	0.0	0.0
0.852964	0.999904568	-2.540225	0.0	0.0
0.860865	0.999896848	-2.576071	0.0	0.0
0.868838	0.999890313	-2.612194	0.0	0.0
0.876886	0.999886416	-2.648644	0.0	0.0
0.885008	0.999884182	-2.685116	0.0	0.0
0.893205	0.999882894	-2.722009	0.0	0.0
0.901478	0.999882859	-2.758970	0.0	0.0
0.909827	0.999885363	-2.796296	0.0	0.0
0.918254	0.999889682	-2.833784	0.0	0.0
0.926759	0.999895010	-2.871483	0.0	0.0
0.935343	0.999902496	-2.909439	0.0	0.0
0.944007	0.999911547	-2.947699	0.0	0.0
0.952750	0.999921281	-2.986262	0.0	0.0
0.961575	0.999932819	-3.024973	0.0	0.0
0.970481	0.999946521	-3.063931	0.0	0.0
0.979470	0.999961510	-3.103232	0.0	0.0
0.988542	0.999977037	-3.142724	0.0	0.0
0.997698	0.999994187	-3.182554	0.0	0.0
1.006939	1.000010924	-3.222417	0.0	0.0
1.016265	1.000034440	-3.262966	0.0	0.0
1.025678	1.000050698	-3.303491	0.0	0.0
1.035178	1.000069553	-3.344393	0.0	0.0
1.044766	1.000089972	-3.385567	0.0	0.0
1.054443	1.000110959	-3.426912	0.0	0.0
1.064209	1.000132493	-3.468925	0.0	0.0
1.074066	1.000152691	-3.510900	0.0	0.0
1.084014	1.000180809	-3.553338	0.0	0.0
1.094055	1.000196517	-3.595729	0.0	0.0
1.104188	1.000219166	-3.638879	0.0	0.0
1.114415	1.000237793	-3.682180	0.0	0.0
1.124737	1.000260505	-3.725727	0.0	0.0
1.135155	1.000268686	-3.769418	0.0	0.0
1.145669	1.000288914	-3.813652	0.0	0.0
1.156280	1.000302695	-3.858326	0.0	0.0
1.166990	1.000317055	-3.903032	0.0	0.0
1.177799	1.000323485	-3.948170	0.0	0.0
1.188708	1.000329770	-3.993737	0.0	0.0
1.199718	1.000335079	-4.039628	0.0	0.0
1.210830	1.000338611	-4.085840	0.0	0.0
1.222045	1.000331412	-4.132370	0.0	0.0
1.233363	1.000329992	-4.179716	0.0	0.0
1.244787	1.000323750	-4.226769	0.0	0.0
1.256317	1.000312819	-4.274129	0.0	0.0
1.267953	1.000297330	-4.322294	0.0	0.0
1.279697	1.000275847	-4.370658	0.0	0.0
1.291550	1.000255507	-4.419217	0.0	0.0
1.303512	1.000228613	-4.468671	0.0	0.0
1.315586	1.000193070	-4.517809	0.0	0.0
1.327771	1.000157407	-4.567834	0.0	0.0
1.340069	1.000120143	-4.618040	0.0	0.0
1.352481	1.000080593	-4.668722	0.0	0.0
1.365008	1.000038095	-4.719676	0.0	0.0
1.377651	0.999984757	-4.771200	0.0	0.0
1.390411	0.999934552	-4.822989	0.0	0.0
1.403289	0.999879569	-4.875439	0.0	0.0
1.416287	0.999818540	-4.927844	0.0	0.0
1.429405	0.999758641	-4.980903	0.0	0.0
1.442644	0.999699163	-5.034612	0.0	0.0
1.456006	0.999631870	-5.088564	0.0	0.0
1.469492	0.999563114	-5.142856	0.0	0.0
1.483103	0.999499023	-5.197582	0.0	0.0
1.496839	0.999432805	-5.253245	0.0	0.0
1.510703	0.999362548	-5.308932	0.0	0.0
1.524696	0.999300844	-5.364740	0.0	0.0
1.538818	0.999234477	-5.421368	0.0	0.0
1.553071	0.999168744	-5.478409	0.0	0.0
1.567455	0.999103643	-5.536364	0.0	0.0
1.581973	0.999043599	-5.594421	0.0	0.0
1.596626	0.998987866	-5.652676	0.0	0.0
1.611414	0.998936338	-5.711730	0.0	0.0
1.626340	0.998887072	-5.770771	0.0	0.0
1.641403	0.998840626	-5.830903	0.0	0.0
1.656606	0.998795127	-5.891415	0.0	0.0
1.671950	0.998761925	-5.952203	0.0	0.0
1.687436	0.998728248	-6.013563	0.0	0.0
1.703065	0.998699404	-6.075692	0.0	0.0
1.718839	0.998674105	-6.138282	0.0	0.0
1.734759	0.998657450	-6.201329	0.0	0.0
1.750827	0.998642356	-6.264727	0.0	0.0
1.767044	0.998633877	-6.328471	0.0	0.0
1.783410	0.998626227	-6.393462	0.0	0.0
1.799929	0.998622723	-6.458184	0.0	0.0
1.816600	0.998623803	-6.524041	0.0	0.0
1.833425	0.998628250	-6.590526	0.0	0.0
1.850407	0.998634354	-6.657128	0.0	0.0
1.867546	0.998636714	-6.724346	0.0	0.0
1.884843	0.998640205	-6.792577	0.0	0.0
1.902301	0.998648479	-6.861010	0.0	0.0
1.919921	0.998650465	-6.929842	0.0	0.0
1.937703	0.998646335	-6.999871	0.0	0.0
1.955651	0.998644441	-7.069783	0.0	0.0
1.973764	0.998635095	-7.140982	0.0	0.0
1.992046	0.998621518	-7.212154	0.0	0.0
2.010496	0.998599351	-7.284601	0.0	0.0
2.029118	0.998571793	-7.357109	0.0	0.0
2.047912	0.998534117	-7.430478	0.0	0.0
2.066880	0.998490478	-7.504501	0.0	0.0
2.086024	0.998435301	-7.578969	0.0	0.0
2.105345	0.998377938	-7.654280	0.0	0.0
2.124845	0.998303406	-7.730226	0.0	0.0
2.144526	0.998225249	-7.806699	0.0	0.0
2.164389	0.998138505	-7.883496	0.0	0.0
2.184436	0.998042515	-7.961510	0.0	0.0
2.204669	0.997941188	-8.039832	0.0	0.0
2.225089	0.997829750	-8.118959	0.0	0.0
2.245698	0.997716523	-8.199885	0.0	0.0
2.266498	0.997600704	-8.279600	0.0	0.0
2.287491	0.997481520	-8.361098	0.0	0.0
2.308678	0.997358662	-8.443876	0.0	0.0
2.330061	0.997239986	-8.525925	0.0	0.0
2.351643	0.997124138	-8.609735	0.0	0.0
2.373424	0.997011069	-8.694306	0.0	0.0
2.395407	0.996907832	-8.779126	0.0	0.0
2.417594	0.996805088	-8.864188	0.0	0.0
2.439986	0.996714735	-8.950988	0.0	0.0
2.462586	0.996635244	-9.038015	0.0	0.0
2.485395	0.996561915	-9.125766	0.0	0.0
2.508415	0.996501775	-9.215233	0.0	0.0
2.531648	0.996449743	-9.304409	0.0	0.0
2.555097	0.996408356	-9.394782	0.0	0.0
2.578763	0.996376945	-9.485848	0.0	0.0
2.602648	0.996354482	-9.577601	0.0	0.0
2.626754	0.996336162	-9.670033	0.0	0.0
2.651084	0.996320750	-9.763632	0.0	0.0
2.675638	0.996311908	-9.858399	0.0	0.0
2.700421	0.996300207	-9.953816	0.0	0.0
2.725433	0.996285728	-10.049881	0.0	0.0
2.750676	0.996264191	-10.146588	0.0	0.0
2.776153	0.996234718	-10.244426	0.0	0.0
2.801867	0.996192896	-10.342883	0.0	0.0
2.827818	0.996135536	-10.442959	0.0	0.0
2.854010	0.996065185	-10.542640	0.0	0.0
2.880444	0.995974926	-10.644422	0.0	0.0
2.907123	0.995867736	-10.746794	0.0	0.0
2.934050	0.995739677	-10.849244	0.0	0.0
2.961225	0.995594729	-10.953772	0.0	0.0
2.988653	0.995428375	-11.058861	0.0	0.0
3.016334	0.995251189	-11.164509	0.0	0.0
3.044272	0.995058917	-11.271703	0.0	0.0
3.072469	0.994854627	-11.379434	0.0	0.0
3.100927	0.994644505	-11.487696	0.0	0.0
3.129648	0.994434518	-11.597480	0.0	0.0
3.158635	0.994226937	-11.708276	0.0	0.0
3.187891	0.994027086	-11.820572	0.0	0.0
3.217418	0.993837294	-11.933362	0.0	0.0
3.247218	0.993659804	-12.046637	0.0	0.0
3.277295	0.993502263	-12.161383	0.0	0.0
3.307650	0.993366892	-12.277096	0.0	0.0
3.338286	0.993252226	-12.394265	0.0	0.0
3.369206	0.993156845	-12.511378	0.0	0.0
3.400412	0.993085544	-12.630429	0.0	0.0
3.431907	0.993028074	-12.750906	0.0	0.0
3.463694	0.992983214	-12.872299	0.0	0.0
3.495776	0.992949777	-12.994095	0.0	0.0
3.528154	0.992918676	-13.117791	0.0	0.0
3.560833	0.992882845	-13.241869	0.0	0.0
3.593814	0.992833797	-13.366825	0.0	0.0
3.627100	0.992771084	-13.494147	0.0	0.0
3.660695	0.992683083	-13.621822	0.0	0.0
3.694601	0.992567262	-13.750841	0.0	0.0
3.728821	0.992418247	-13.880693	0.0	0.0
3.763358	0.992236189	-14.011867	0.0	0.0
3.798215	0.992021252	-14.144852	0.0	0.0
3.833395	0.991773611	-14.278138	0.0	0.0
3.868901	0.991498619	-14.413211	0.0	0.0
3.904735	0.991201708	-14.549067	0.0	0.0
3.940902	0.990892440	-14.686185	0.0	0.0
3.977403	0.990578526	-14.825061	0.0	0.0
4.014242	0.990269147	-14.965682	0.0	0.0
4.051423	0.989973153	-15.106033	0.0	0.0
4.088948	0.989699551	-15.249105	0.0	0.0
4.126821	0.989451687	-15.391884	0.0	0.0
4.165044	0.989235648	-15.537363	0.0	0.0
4.203622	0.989051822	-15.683022	0.0	0.0
4.242556	0.988901502	-15.831359	0.0	0.0
4.281852	0.988777753	-15.980351	0.0	0.0
4.321511	0.988672712	-16.130494	0.0	0.0
4.361538	0.988575590	-16.282269	0.0	0.0
4.401935	0.988478930	-16.435670	0.0	0.0
4.442707	0.988368128	-16.589178	0.0	0.0
4.483856	0.988234234	-16.745785	0.0	0.0
4.525386	0.988065990	-16.903476	0.0	0.0
4.567301	0.987854753	-17.061236	0.0	0.0
4.609604	0.987598935	-17.221555	0.0	0.0
4.652300	0.987300905	-17.382914	0.0	0.0
4.695390	0.986961679	-17.546809	0.0	0.0
4.738880	0.986591769	-17.711217	0.0	0.0
4.782772	0.986202144	-17.877132	0.0	0.0
4.827071	0.985804849	-18.045035	0.0	0.0
4.871780	0.985416008	-18.213414	0.0	0.0
4.916904	0.985046688	-18.383751	0.0	0.0
4.962445	0.984706128	-18.556039	0.0	0.0
5.008408	0.984400632	-18.730759	0.0	0.0
5.054797	0.984132498	-18.905896	0.0	0.0
5.101615	0.983894316	-19.082939	0.0	0.0
5.148867	0.983680487	-19.261370	0.0	0.0
5.196557	0.983474250	-19.441173	0.0	0.0
5.244689	0.983263259	-19.623334	0.0	0.0
5.293266	0.983030137	-19.806341	0.0	0.0
5.342293	0.982759650	-19.991676	0.0	0.0
5.391775	0.982446411	-20.178821	0.0	0.0
5.441714	0.982083954	-20.367767	0.0	0.0
5.492116	0.981674458	-20.557494	0.0	0.0
5.542986	0.981229251	-20.749481	0.0	0.0
5.594326	0.980763366	-20.942722	0.0	0.0
5.646141	0.980292557	-21.138699	0.0	0.0
5.698437	0.979833593	-21.336387	0.0	0.0
5.751217	0.979404881	-21.535278	0.0	0.0
5.804486	0.979011751	-21.735852	0.0	0.0
5.858248	0.978657783	-21.939094	0.0	0.0
5.912508	0.978332714	-22.143485	0.0	0.0
5.967271	0.978023287	-22.350508	0.0	0.0
6.022541	0.977705258	-22.558147	0.0	0.0
6.078323	0.977360038	-22.768883	0.0	0.0
6.134622	0.976964840	-22.981198	0.0	0.0
6.191442	0.976509188	-23.195078	0.0	0.0
6.248788	0.975990864	-23.411003	0.0	0.0
6.306666	0.975423465	-23.628952	0.0	0.0
6.365079	0.974825293	-23.849412	0.0	0.0
6.424034	0.974228966	-24.070859	0.0	0.0
6.483534	0.973661895	-24.295781	0.0	0.0
6.543586	0.973148362	-24.521652	0.0	0.0
6.604194	0.972700075	-24.749457	0.0	0.0
6.665363	0.972305634	-24.980677	0.0	0.0
6.727099	0.971937532	-25.212291	0.0	0.0
6.789407	0.971556131	-25.446779	0.0	0.0
6.852292	0.971115942	-25.683624	0.0	0.0
6.915759	0.970578934	-25.922306	0.0	0.0
6.979814	0.969932723	-26.163803	0.0	0.0
7.044462	0.969198216	-26.406597	0.0	0.0
7.109709	0.968427822	-26.652665	0.0	0.0
7.175561	0.967702734	-26.899986	0.0	0.0
7.242022	0.967094549	-27.150543	0.0	0.0
7.309099	0.966628034	-27.402812	0.0	0.0
7.376798	0.966221388	-27.656769	0.0	0.0
7.445123	0.965621387	-27.913401	0.0	0.0
7.514081	0.964348135	-28.173181	0.0	0.0
7.583678	0.961650798	-28.434086	0.0	0.0
7.653919	0.956509992	-28.698599	0.0	0.0
7.724811	0.947660726	-28.965192	0.0	0.0
7.796360	0.933689568	-29.233845	0.0	0.0
7.868572	0.913159338	-29.504534	0.0	0.0
7.941452	0.884777746	-29.778741	0.0	0.0
8.015007	0.847582541	-30.054940	0.0	0.0
8.089243	0.801113281	-30.334109	0.0	0.0
8.164168	0.745548107	-30.615217	0.0	0.0
8.239786	0.681772561	-30.898251	0.0	0.0
8.316104	0.611374028	-31.185684	0.0	0.0
8.393129	0.536534110	-31.474990	0.0	0.0
8.470868	0.459854881	-31.766643	0.0	0.0
8.549327	0.384110936	-32.060621	0.0	0.0
8.628513	0.311988868	-32.357397	0.0	0.0
8.708431	0.245823846	-32.657454	0.0	0.0
8.789091	0.187394806	-32.959753	0.0	0.0
8.870497	0.137799494	-33.265281	0.0	0.0
8.952657	0.097405496	-33.573008	0.0	0.0
9.035578	0.065916314	-33.884406	0.0	0.0
9.119268	0.042492665	-34.197448	0.0	0.0
9.203732	0.025932958	-34.514613	0.0	0.0
9.288979	0.014864066	-34.834370	0.0	0.0
9.375015	0.007916947	-35.156694	0.0	0.0
9.461848	0.003861899	-35.481558	0.0	0.0
9.549486	0.001690845	-35.809930	0.0	0.0
9.637935	0.000647495	-36.141789	0.0	0.0
9.727203	0.000213910	-36.476105	0.0	0.0
9.817298	0.000069227	-36.812848	0.0	0.0
9.908228	0.000036755	-37.153988	0.0	0.0
10.000000	0.000033055	-37.497000	0.0	0.0
