# UNCLASSIFIED
#
# Response info for H07N short-period site.
# 
# Effective: 04 May 2005
# Created:  16 Jan 2007
# File name: H07N_sp_rsp.txt
# Inid:  
# Source:  James Neely (TTD)
# System equipment: Geotech GS-13 seismometer and Nanometrics Europa-T digitizer.
# 
# The response file was derived from equations of state.
# Displacement response normalized to 1.0 at 5.0 Hz.
# 
# The calib value for this configuration is as follows:
# 
# H07N1 EHZ is 0.015920 nm/count at 5.0 Hz.
# H07N1 EHN is 0.015920 nm/count at 5.0 Hz.
# H07N1 EHE is 0.015920 nm/count at 5.0 Hz.
# 
# Freq(Hz)     Amp(counts/nm)   Phase(deg)  Error(amp) Error(phase)
#
   theoretical   0   instrument   fap
1000
0.010000	0.000000200	269.189191	0.0	0.0
0.010086	0.000000205	269.182245	0.0	0.0
0.010172	0.000000211	269.175250	0.0	0.0
0.010259	0.000000216	269.168184	0.0	0.0
0.010347	0.000000222	269.161060	0.0	0.0
0.010436	0.000000227	269.153880	0.0	0.0
0.010525	0.000000233	269.146636	0.0	0.0
0.010615	0.000000239	269.139328	0.0	0.0
0.010706	0.000000246	269.131959	0.0	0.0
0.010798	0.000000252	269.124526	0.0	0.0
0.010890	0.000000258	269.117026	0.0	0.0
0.010983	0.000000265	269.109467	0.0	0.0
0.011077	0.000000272	269.101843	0.0	0.0
0.011172	0.000000279	269.094154	0.0	0.0
0.011268	0.000000286	269.086392	0.0	0.0
0.011364	0.000000294	269.078566	0.0	0.0
0.011462	0.000000301	269.070680	0.0	0.0
0.011560	0.000000309	269.062718	0.0	0.0
0.011659	0.000000317	269.054698	0.0	0.0
0.011758	0.000000325	269.046600	0.0	0.0
0.011859	0.000000334	269.038440	0.0	0.0
0.011961	0.000000342	269.030207	0.0	0.0
0.012063	0.000000351	269.021903	0.0	0.0
0.012166	0.000000360	269.013528	0.0	0.0
0.012271	0.000000370	269.005077	0.0	0.0
0.012376	0.000000379	268.996562	0.0	0.0
0.012482	0.000000389	268.987970	0.0	0.0
0.012588	0.000000399	268.979296	0.0	0.0
0.012696	0.000000410	268.970560	0.0	0.0
0.012805	0.000000420	268.961746	0.0	0.0
0.012915	0.000000431	268.952855	0.0	0.0
0.013025	0.000000442	268.943886	0.0	0.0
0.013137	0.000000454	268.934846	0.0	0.0
0.013249	0.000000465	268.925722	0.0	0.0
0.013363	0.000000477	268.916518	0.0	0.0
0.013477	0.000000490	268.907244	0.0	0.0
0.013592	0.000000503	268.897883	0.0	0.0
0.013709	0.000000516	268.888448	0.0	0.0
0.013826	0.000000529	268.878930	0.0	0.0
0.013945	0.000000543	268.869330	0.0	0.0
0.014064	0.000000557	268.859652	0.0	0.0
0.014184	0.000000571	268.849883	0.0	0.0
0.014306	0.000000586	268.840031	0.0	0.0
0.014428	0.000000601	268.830105	0.0	0.0
0.014552	0.000000617	268.820087	0.0	0.0
0.014676	0.000000633	268.809977	0.0	0.0
0.014802	0.000000649	268.799793	0.0	0.0
0.014929	0.000000666	268.789509	0.0	0.0
0.015057	0.000000683	268.779144	0.0	0.0
0.015186	0.000000701	268.768687	0.0	0.0
0.015316	0.000000719	268.758148	0.0	0.0
0.015447	0.000000738	268.747511	0.0	0.0
0.015579	0.000000757	268.736780	0.0	0.0
0.015712	0.000000776	268.725965	0.0	0.0
0.015847	0.000000796	268.715058	0.0	0.0
0.015983	0.000000817	268.704051	0.0	0.0
0.016119	0.000000838	268.692958	0.0	0.0
0.016257	0.000000860	268.681760	0.0	0.0
0.016397	0.000000882	268.670468	0.0	0.0
0.016537	0.000000905	268.659086	0.0	0.0
0.016679	0.000000928	268.647604	0.0	0.0
0.016821	0.000000953	268.636026	0.0	0.0
0.016965	0.000000977	268.624345	0.0	0.0
0.017111	0.000001003	268.612562	0.0	0.0
0.017257	0.000001028	268.600680	0.0	0.0
0.017405	0.000001055	268.588691	0.0	0.0
0.017554	0.000001082	268.576605	0.0	0.0
0.017704	0.000001111	268.564418	0.0	0.0
0.017856	0.000001139	268.552122	0.0	0.0
0.018009	0.000001169	268.539728	0.0	0.0
0.018163	0.000001199	268.527217	0.0	0.0
0.018318	0.000001230	268.514604	0.0	0.0
0.018475	0.000001262	268.501881	0.0	0.0
0.018634	0.000001295	268.489050	0.0	0.0
0.018793	0.000001328	268.476113	0.0	0.0
0.018954	0.000001363	268.463064	0.0	0.0
0.019116	0.000001398	268.449905	0.0	0.0
0.019280	0.000001434	268.436628	0.0	0.0
0.019445	0.000001471	268.423234	0.0	0.0
0.019612	0.000001509	268.409729	0.0	0.0
0.019779	0.000001549	268.396114	0.0	0.0
0.019949	0.000001589	268.382373	0.0	0.0
0.020120	0.000001630	268.368525	0.0	0.0
0.020292	0.000001672	268.354547	0.0	0.0
0.020466	0.000001715	268.340459	0.0	0.0
0.020641	0.000001760	268.326245	0.0	0.0
0.020818	0.000001805	268.311907	0.0	0.0
0.020996	0.000001852	268.297447	0.0	0.0
0.021176	0.000001900	268.282870	0.0	0.0
0.021357	0.000001949	268.268158	0.0	0.0
0.021540	0.000002000	268.253324	0.0	0.0
0.021724	0.000002052	268.238371	0.0	0.0
0.021910	0.000002105	268.223281	0.0	0.0
0.022098	0.000002159	268.208068	0.0	0.0
0.022287	0.000002215	268.192712	0.0	0.0
0.022478	0.000002273	268.177241	0.0	0.0
0.022670	0.000002332	268.161622	0.0	0.0
0.022864	0.000002392	268.145875	0.0	0.0
0.023060	0.000002454	268.129998	0.0	0.0
0.023258	0.000002518	268.113975	0.0	0.0
0.023457	0.000002583	268.097822	0.0	0.0
0.023658	0.000002650	268.081538	0.0	0.0
0.023860	0.000002718	268.065098	0.0	0.0
0.024064	0.000002789	268.048525	0.0	0.0
0.024270	0.000002861	268.031815	0.0	0.0
0.024478	0.000002935	268.014955	0.0	0.0
0.024688	0.000003011	267.997955	0.0	0.0
0.024899	0.000003089	267.980804	0.0	0.0
0.025112	0.000003169	267.963506	0.0	0.0
0.025327	0.000003251	267.946057	0.0	0.0
0.025544	0.000003336	267.928468	0.0	0.0
0.025763	0.000003422	267.910722	0.0	0.0
0.025984	0.000003511	267.892824	0.0	0.0
0.026206	0.000003602	267.874777	0.0	0.0
0.026430	0.000003695	267.856574	0.0	0.0
0.026657	0.000003791	267.838208	0.0	0.0
0.026885	0.000003889	267.819695	0.0	0.0
0.027115	0.000003990	267.801015	0.0	0.0
0.027347	0.000004093	267.782176	0.0	0.0
0.027582	0.000004199	267.763178	0.0	0.0
0.027818	0.000004308	267.744017	0.0	0.0
0.028056	0.000004419	267.724686	0.0	0.0
0.028296	0.000004534	267.705198	0.0	0.0
0.028538	0.000004651	267.685536	0.0	0.0
0.028783	0.000004772	267.665707	0.0	0.0
0.029029	0.000004895	267.645712	0.0	0.0
0.029278	0.000005022	267.625548	0.0	0.0
0.029528	0.000005152	267.605206	0.0	0.0
0.029781	0.000005286	267.584688	0.0	0.0
0.030036	0.000005423	267.563996	0.0	0.0
0.030293	0.000005563	267.543125	0.0	0.0
0.030553	0.000005707	267.522075	0.0	0.0
0.030814	0.000005855	267.500845	0.0	0.0
0.031078	0.000006007	267.479435	0.0	0.0
0.031344	0.000006163	267.457837	0.0	0.0
0.031613	0.000006322	267.436052	0.0	0.0
0.031883	0.000006486	267.414090	0.0	0.0
0.032156	0.000006654	267.391930	0.0	0.0
0.032432	0.000006826	267.369587	0.0	0.0
0.032709	0.000007003	267.347050	0.0	0.0
0.032989	0.000007185	267.324318	0.0	0.0
0.033272	0.000007371	267.301388	0.0	0.0
0.033557	0.000007562	267.278295	0.0	0.0
0.033844	0.000007758	267.254992	0.0	0.0
0.034134	0.000007959	267.231424	0.0	0.0
0.034426	0.000008165	267.207696	0.0	0.0
0.034721	0.000008376	267.183812	0.0	0.0
0.035018	0.000008593	267.159676	0.0	0.0
0.035318	0.000008816	267.135296	0.0	0.0
0.035620	0.000009044	267.110772	0.0	0.0
0.035925	0.000009279	267.086012	0.0	0.0
0.036233	0.000009519	267.061021	0.0	0.0
0.036543	0.000009766	267.035802	0.0	0.0
0.036856	0.000010019	267.010461	0.0	0.0
0.037172	0.000010278	266.984803	0.0	0.0
0.037490	0.000010544	266.958933	0.0	0.0
0.037811	0.000010818	266.932954	0.0	0.0
0.038135	0.000011098	266.906575	0.0	0.0
0.038461	0.000011385	266.880097	0.0	0.0
0.038790	0.000011680	266.853328	0.0	0.0
0.039123	0.000011983	266.826372	0.0	0.0
0.039458	0.000012293	266.799236	0.0	0.0
0.039795	0.000012612	266.771723	0.0	0.0
0.040136	0.000012939	266.744138	0.0	0.0
0.040480	0.000013274	266.716190	0.0	0.0
0.040826	0.000013618	266.688080	0.0	0.0
0.041176	0.000013971	266.659615	0.0	0.0
0.041529	0.000014332	266.631003	0.0	0.0
0.041884	0.000014704	266.602146	0.0	0.0
0.042243	0.000015085	266.573053	0.0	0.0
0.042604	0.000015476	266.543627	0.0	0.0
0.042969	0.000015876	266.513975	0.0	0.0
0.043337	0.000016288	266.484102	0.0	0.0
0.043708	0.000016710	266.454012	0.0	0.0
0.044082	0.000017143	266.423616	0.0	0.0
0.044460	0.000017587	266.392916	0.0	0.0
0.044840	0.000018042	266.362019	0.0	0.0
0.045224	0.000018510	266.330833	0.0	0.0
0.045612	0.000018989	266.299360	0.0	0.0
0.046002	0.000019481	266.267608	0.0	0.0
0.046396	0.000019986	266.235584	0.0	0.0
0.046793	0.000020504	266.203293	0.0	0.0
0.047194	0.000021035	266.170741	0.0	0.0
0.047598	0.000021580	266.137936	0.0	0.0
0.048006	0.000022139	266.104786	0.0	0.0
0.048417	0.000022713	266.071392	0.0	0.0
0.048831	0.000023301	266.037764	0.0	0.0
0.049249	0.000023905	266.003709	0.0	0.0
0.049671	0.000024524	265.969432	0.0	0.0
0.050096	0.000025159	265.934940	0.0	0.0
0.050525	0.000025811	265.900040	0.0	0.0
0.050958	0.000026480	265.864841	0.0	0.0
0.051394	0.000027166	265.829446	0.0	0.0
0.051834	0.000027870	265.793663	0.0	0.0
0.052278	0.000028592	265.757599	0.0	0.0
0.052726	0.000029332	265.721165	0.0	0.0
0.053177	0.000030092	265.684461	0.0	0.0
0.053632	0.000030872	265.647399	0.0	0.0
0.054092	0.000031671	265.610086	0.0	0.0
0.054555	0.000032492	265.572427	0.0	0.0
0.055022	0.000033334	265.534432	0.0	0.0
0.055493	0.000034197	265.496105	0.0	0.0
0.055968	0.000035083	265.457456	0.0	0.0
0.056447	0.000035992	265.418493	0.0	0.0
0.056931	0.000036925	265.379222	0.0	0.0
0.057418	0.000037881	265.339551	0.0	0.0
0.057910	0.000038863	265.299587	0.0	0.0
0.058405	0.000039869	265.259239	0.0	0.0
0.058906	0.000040902	265.218516	0.0	0.0
0.059410	0.000041962	265.177523	0.0	0.0
0.059919	0.000043049	265.136170	0.0	0.0
0.060432	0.000044164	265.094364	0.0	0.0
0.060949	0.000045309	265.052312	0.0	0.0
0.061471	0.000046482	265.009826	0.0	0.0
0.061997	0.000047686	264.967010	0.0	0.0
0.062528	0.000048922	264.923775	0.0	0.0
0.063063	0.000050189	264.880230	0.0	0.0
0.063603	0.000051490	264.836181	0.0	0.0
0.064148	0.000052824	264.791937	0.0	0.0
0.064697	0.000054192	264.747207	0.0	0.0
0.065251	0.000055596	264.702101	0.0	0.0
0.065810	0.000057036	264.656626	0.0	0.0
0.066373	0.000058514	264.610693	0.0	0.0
0.066942	0.000060030	264.564409	0.0	0.0
0.067515	0.000061585	264.517781	0.0	0.0
0.068093	0.000063180	264.470622	0.0	0.0
0.068676	0.000064817	264.423142	0.0	0.0
0.069264	0.000066496	264.375245	0.0	0.0
0.069857	0.000068219	264.326944	0.0	0.0
0.070455	0.000069986	264.278248	0.0	0.0
0.071058	0.000071800	264.229063	0.0	0.0
0.071667	0.000073660	264.179506	0.0	0.0
0.072280	0.000075568	264.129479	0.0	0.0
0.072899	0.000077526	264.078997	0.0	0.0
0.073523	0.000079534	264.028165	0.0	0.0
0.074153	0.000081595	263.976797	0.0	0.0
0.074788	0.000083708	263.925102	0.0	0.0
0.075428	0.000085877	263.872887	0.0	0.0
0.076074	0.000088102	263.820167	0.0	0.0
0.076725	0.000090384	263.767050	0.0	0.0
0.077382	0.000092726	263.713546	0.0	0.0
0.078045	0.000095128	263.659465	0.0	0.0
0.078713	0.000097592	263.605017	0.0	0.0
0.079387	0.000100121	263.550013	0.0	0.0
0.080067	0.000102714	263.494567	0.0	0.0
0.080752	0.000105375	263.438584	0.0	0.0
0.081444	0.000108105	263.382181	0.0	0.0
0.082141	0.000110906	263.325262	0.0	0.0
0.082844	0.000113779	263.267845	0.0	0.0
0.083554	0.000116726	263.209935	0.0	0.0
0.084269	0.000119750	263.151548	0.0	0.0
0.084991	0.000122853	263.092593	0.0	0.0
0.085718	0.000126035	263.033181	0.0	0.0
0.086452	0.000129300	262.973227	0.0	0.0
0.087192	0.000132650	262.912738	0.0	0.0
0.087939	0.000136086	262.851826	0.0	0.0
0.088692	0.000139612	262.790306	0.0	0.0
0.089451	0.000143229	262.728189	0.0	0.0
0.090217	0.000146940	262.665584	0.0	0.0
0.090990	0.000150746	262.602508	0.0	0.0
0.091769	0.000154651	262.538770	0.0	0.0
0.092555	0.000158657	262.474583	0.0	0.0
0.093347	0.000162767	262.409757	0.0	0.0
0.094146	0.000166984	262.344411	0.0	0.0
0.094952	0.000171310	262.278450	0.0	0.0
0.095765	0.000175747	262.211892	0.0	0.0
0.096585	0.000180300	262.144849	0.0	0.0
0.097412	0.000184972	262.077132	0.0	0.0
0.098246	0.000189764	262.008855	0.0	0.0
0.099088	0.000194679	261.940031	0.0	0.0
0.099936	0.000199723	261.870573	0.0	0.0
0.100792	0.000204897	261.800499	0.0	0.0
0.101655	0.000210204	261.729817	0.0	0.0
0.102525	0.000215649	261.658545	0.0	0.0
0.103403	0.000221235	261.586583	0.0	0.0
0.104288	0.000226967	261.514073	0.0	0.0
0.105181	0.000232847	261.440895	0.0	0.0
0.106082	0.000238878	261.367092	0.0	0.0
0.106990	0.000245066	261.292564	0.0	0.0
0.107906	0.000251415	261.217510	0.0	0.0
0.108830	0.000257927	261.141675	0.0	0.0
0.109762	0.000264610	261.065259	0.0	0.0
0.110702	0.000271463	260.988182	0.0	0.0
0.111649	0.000278496	260.910368	0.0	0.0
0.112605	0.000285710	260.831915	0.0	0.0
0.113570	0.000293111	260.752724	0.0	0.0
0.114542	0.000300703	260.672839	0.0	0.0
0.115523	0.000308493	260.592359	0.0	0.0
0.116512	0.000316484	260.511028	0.0	0.0
0.117509	0.000324683	260.429102	0.0	0.0
0.118516	0.000333093	260.346369	0.0	0.0
0.119530	0.000341722	260.262984	0.0	0.0
0.120554	0.000350573	260.178814	0.0	0.0
0.121586	0.000359653	260.093936	0.0	0.0
0.122627	0.000368970	260.008273	0.0	0.0
0.123677	0.000378527	259.921867	0.0	0.0
0.124736	0.000388333	259.834697	0.0	0.0
0.125804	0.000398391	259.746806	0.0	0.0
0.126881	0.000408711	259.658117	0.0	0.0
0.127967	0.000419298	259.568607	0.0	0.0
0.129063	0.000430158	259.478341	0.0	0.0
0.130168	0.000441300	259.387220	0.0	0.0
0.131283	0.000452731	259.295344	0.0	0.0
0.132407	0.000464457	259.202656	0.0	0.0
0.133540	0.000476487	259.109135	0.0	0.0
0.134684	0.000488830	259.014845	0.0	0.0
0.135837	0.000501490	258.919587	0.0	0.0
0.137000	0.000514479	258.823582	0.0	0.0
0.138173	0.000527806	258.726731	0.0	0.0
0.139356	0.000541476	258.628977	0.0	0.0
0.140549	0.000555499	258.530398	0.0	0.0
0.141753	0.000569887	258.430981	0.0	0.0
0.142966	0.000584648	258.330583	0.0	0.0
0.144191	0.000599789	258.229346	0.0	0.0
0.145425	0.000615324	258.127173	0.0	0.0
0.146670	0.000631261	258.024126	0.0	0.0
0.147926	0.000647609	257.920185	0.0	0.0
0.149193	0.000664382	257.815194	0.0	0.0
0.150470	0.000681587	257.709352	0.0	0.0
0.151758	0.000699239	257.602580	0.0	0.0
0.153058	0.000717347	257.494823	0.0	0.0
0.154368	0.000735925	257.386181	0.0	0.0
0.155690	0.000754983	257.276496	0.0	0.0
0.157023	0.000774535	257.165848	0.0	0.0
0.158368	0.000794593	257.054201	0.0	0.0
0.159723	0.000815168	256.941534	0.0	0.0
0.161091	0.000836279	256.827911	0.0	0.0
0.162470	0.000857934	256.713234	0.0	0.0
0.163861	0.000880150	256.597524	0.0	0.0
0.165264	0.000902940	256.480702	0.0	0.0
0.166679	0.000926321	256.362990	0.0	0.0
0.168107	0.000950307	256.244132	0.0	0.0
0.169546	0.000974912	256.124205	0.0	0.0
0.170998	0.001000156	256.003176	0.0	0.0
0.172462	0.001026051	255.881045	0.0	0.0
0.173938	0.001052617	255.757854	0.0	0.0
0.175428	0.001079870	255.633482	0.0	0.0
0.176930	0.001107828	255.508116	0.0	0.0
0.178445	0.001136510	255.381534	0.0	0.0
0.179973	0.001165932	255.253780	0.0	0.0
0.181513	0.001196118	255.124954	0.0	0.0
0.183068	0.001227081	254.994920	0.0	0.0
0.184635	0.001258847	254.863658	0.0	0.0
0.186216	0.001291435	254.731232	0.0	0.0
0.187810	0.001324864	254.597543	0.0	0.0
0.189418	0.001359158	254.462734	0.0	0.0
0.191040	0.001394338	254.326705	0.0	0.0
0.192676	0.001430433	254.189300	0.0	0.0
0.194326	0.001467445	254.050739	0.0	0.0
0.195990	0.001505433	253.910968	0.0	0.0
0.197668	0.001544397	253.769785	0.0	0.0
0.199360	0.001584366	253.627412	0.0	0.0
0.201067	0.001625368	253.483716	0.0	0.0
0.202789	0.001667431	253.338695	0.0	0.0
0.204525	0.001710569	253.192272	0.0	0.0
0.206276	0.001754839	253.044568	0.0	0.0
0.208042	0.001800241	252.895548	0.0	0.0
0.209824	0.001846817	252.745113	0.0	0.0
0.211620	0.001894610	252.593306	0.0	0.0
0.213432	0.001943619	252.440027	0.0	0.0
0.215259	0.001993902	252.285420	0.0	0.0
0.217103	0.002045487	252.129328	0.0	0.0
0.218961	0.002098387	251.971772	0.0	0.0
0.220836	0.002152674	251.812775	0.0	0.0
0.222727	0.002208347	251.652358	0.0	0.0
0.224634	0.002265464	251.490365	0.0	0.0
0.226557	0.002324052	251.326940	0.0	0.0
0.228497	0.002384154	251.161981	0.0	0.0
0.230454	0.002445798	250.995434	0.0	0.0
0.232427	0.002509041	250.827441	0.0	0.0
0.234417	0.002573925	250.657723	0.0	0.0
0.236424	0.002640464	250.486504	0.0	0.0
0.238448	0.002708729	250.313726	0.0	0.0
0.240490	0.002778749	250.139211	0.0	0.0
0.242549	0.002850566	249.963224	0.0	0.0
0.244626	0.002924236	249.785444	0.0	0.0
0.246720	0.002999816	249.606036	0.0	0.0
0.248833	0.003077334	249.424943	0.0	0.0
0.250963	0.003156848	249.242065	0.0	0.0
0.253112	0.003238413	249.057568	0.0	0.0
0.255279	0.003322071	248.871273	0.0	0.0
0.257465	0.003407895	248.683225	0.0	0.0
0.259670	0.003495911	248.493421	0.0	0.0
0.261893	0.003586205	248.301729	0.0	0.0
0.264135	0.003678806	248.108292	0.0	0.0
0.266397	0.003773797	247.913031	0.0	0.0
0.268678	0.003871222	247.715868	0.0	0.0
0.270978	0.003971166	247.516769	0.0	0.0
0.273298	0.004073670	247.315832	0.0	0.0
0.275638	0.004178806	247.113047	0.0	0.0
0.277998	0.004286630	246.908189	0.0	0.0
0.280379	0.004397241	246.701448	0.0	0.0
0.282779	0.004510668	246.492622	0.0	0.0
0.285201	0.004627023	246.281898	0.0	0.0
0.287643	0.004746350	246.069156	0.0	0.0
0.290105	0.004868746	245.854259	0.0	0.0
0.292589	0.004994270	245.637374	0.0	0.0
0.295095	0.005123005	245.418301	0.0	0.0
0.297621	0.005255037	245.197182	0.0	0.0
0.300169	0.005390450	244.973884	0.0	0.0
0.302740	0.005529329	244.748427	0.0	0.0
0.305332	0.005671760	244.520856	0.0	0.0
0.307946	0.005817827	244.290913	0.0	0.0
0.310583	0.005967629	244.058843	0.0	0.0
0.313242	0.006121251	243.824467	0.0	0.0
0.315924	0.006278806	243.587873	0.0	0.0
0.318629	0.006440365	243.348859	0.0	0.0
0.321357	0.006606041	243.107570	0.0	0.0
0.324109	0.006775948	242.863872	0.0	0.0
0.326884	0.006950170	242.617806	0.0	0.0
0.329682	0.007128834	242.369296	0.0	0.0
0.332505	0.007312040	242.118406	0.0	0.0
0.335352	0.007499901	241.864980	0.0	0.0
0.338224	0.007692544	241.609040	0.0	0.0
0.341120	0.007890068	241.350672	0.0	0.0
0.344040	0.008092600	241.089678	0.0	0.0
0.346986	0.008300255	240.826021	0.0	0.0
0.349957	0.008513186	240.559867	0.0	0.0
0.352953	0.008731494	240.291017	0.0	0.0
0.355975	0.008955334	240.019478	0.0	0.0
0.359023	0.009184819	239.745252	0.0	0.0
0.362097	0.009420091	239.468302	0.0	0.0
0.365198	0.009661304	239.188595	0.0	0.0
0.368324	0.009908602	238.906131	0.0	0.0
0.371478	0.010162111	238.620818	0.0	0.0
0.374659	0.010422015	238.332578	0.0	0.0
0.377867	0.010688427	238.041532	0.0	0.0
0.381102	0.010961531	237.747491	0.0	0.0
0.384365	0.011241483	237.450574	0.0	0.0
0.387656	0.011528452	237.150726	0.0	0.0
0.390975	0.011822581	236.847690	0.0	0.0
0.394323	0.012124066	236.541754	0.0	0.0
0.397699	0.012433065	236.232661	0.0	0.0
0.401104	0.012749774	235.920553	0.0	0.0
0.404539	0.013074363	235.605176	0.0	0.0
0.408002	0.013407003	235.286693	0.0	0.0
0.411496	0.013747920	234.964971	0.0	0.0
0.415019	0.014097269	234.640053	0.0	0.0
0.418572	0.014455291	234.311782	0.0	0.0
0.422156	0.014822156	233.980245	0.0	0.0
0.425771	0.015197934	233.645286	0.0	0.0
0.429416	0.015583050	233.307048	0.0	0.0
0.433093	0.015977646	232.965319	0.0	0.0
0.436801	0.016382003	232.620119	0.0	0.0
0.440541	0.016796123	232.271515	0.0	0.0
0.444313	0.017220430	231.919294	0.0	0.0
0.448118	0.017655065	231.563598	0.0	0.0
0.451955	0.018100311	231.204193	0.0	0.0
0.455824	0.018556310	230.841223	0.0	0.0
0.459727	0.019023345	230.474653	0.0	0.0
0.463663	0.019501839	230.104269	0.0	0.0
0.467633	0.019991653	229.730195	0.0	0.0
0.471637	0.020493350	229.352437	0.0	0.0
0.475675	0.021007074	228.970719	0.0	0.0
0.479748	0.021533107	228.585227	0.0	0.0
0.483856	0.022071732	228.195926	0.0	0.0
0.487999	0.022623231	227.802682	0.0	0.0
0.492177	0.023187748	227.405437	0.0	0.0
0.496391	0.023765563	227.004281	0.0	0.0
0.500641	0.024357102	226.599076	0.0	0.0
0.504928	0.024962507	226.189889	0.0	0.0
0.509251	0.025582201	225.776585	0.0	0.0
0.513612	0.026216186	225.359108	0.0	0.0
0.518009	0.026865167	224.937587	0.0	0.0
0.522445	0.027529004	224.511845	0.0	0.0
0.526918	0.028208263	224.081947	0.0	0.0
0.531429	0.028903226	223.647802	0.0	0.0
0.535980	0.029614035	223.209353	0.0	0.0
0.540569	0.030341115	222.766666	0.0	0.0
0.545197	0.031084748	222.319626	0.0	0.0
0.549865	0.031845359	221.868323	0.0	0.0
0.554573	0.032622949	221.412598	0.0	0.0
0.559322	0.033417940	220.952461	0.0	0.0
0.564111	0.034230900	220.487955	0.0	0.0
0.568941	0.035061828	220.018968	0.0	0.0
0.573812	0.035911007	219.545586	0.0	0.0
0.578725	0.036779004	219.067752	0.0	0.0
0.583680	0.037665959	218.585298	0.0	0.0
0.588678	0.038572298	218.098445	0.0	0.0
0.593718	0.039498161	217.607023	0.0	0.0
0.598802	0.040443831	217.111077	0.0	0.0
0.603929	0.041409875	216.610492	0.0	0.0
0.609100	0.042396435	216.105478	0.0	0.0
0.614315	0.043403792	215.595779	0.0	0.0
0.619575	0.044432088	215.081502	0.0	0.0
0.624880	0.045482032	214.562714	0.0	0.0
0.630230	0.046553480	214.039301	0.0	0.0
0.635626	0.047647142	213.511351	0.0	0.0
0.641068	0.048762875	212.978750	0.0	0.0
0.646557	0.049901245	212.441607	0.0	0.0
0.652093	0.051062394	211.899865	0.0	0.0
0.657676	0.052246604	211.353534	0.0	0.0
0.663308	0.053454160	210.802722	0.0	0.0
0.668987	0.054685201	210.247373	0.0	0.0
0.674715	0.055940153	209.687417	0.0	0.0
0.680492	0.057219157	209.123019	0.0	0.0
0.686318	0.058522496	208.554188	0.0	0.0
0.692195	0.059850453	207.980812	0.0	0.0
0.698122	0.061203028	207.403076	0.0	0.0
0.704099	0.062580504	206.820969	0.0	0.0
0.710128	0.063983022	206.234499	0.0	0.0
0.716208	0.065410866	205.643652	0.0	0.0
0.722340	0.066864177	205.048539	0.0	0.0
0.728525	0.068343237	204.449345	0.0	0.0
0.734763	0.069847906	203.845879	0.0	0.0
0.741054	0.071378325	203.238208	0.0	0.0
0.747399	0.072934918	202.626582	0.0	0.0
0.753798	0.074517544	202.010946	0.0	0.0
0.760252	0.076126344	201.391351	0.0	0.0
0.766762	0.077761319	200.767863	0.0	0.0
0.773327	0.079422750	200.140592	0.0	0.0
0.779948	0.081110357	199.509666	0.0	0.0
0.786626	0.082824420	198.875052	0.0	0.0
0.793361	0.084564799	198.236780	0.0	0.0
0.800154	0.086331494	197.595159	0.0	0.0
0.807005	0.088124646	196.950097	0.0	0.0
0.813915	0.089944114	196.301682	0.0	0.0
0.820884	0.091789757	195.650144	0.0	0.0
0.827913	0.093661573	194.995471	0.0	0.0
0.835001	0.095559423	194.337891	0.0	0.0
0.842151	0.097483305	193.677337	0.0	0.0
0.849361	0.099433079	193.014073	0.0	0.0
0.856634	0.101408461	192.348152	0.0	0.0
0.863968	0.103409593	191.679660	0.0	0.0
0.871366	0.105436050	191.008729	0.0	0.0
0.878827	0.107487691	190.335488	0.0	0.0
0.886351	0.109564375	189.660147	0.0	0.0
0.893940	0.111665818	188.982813	0.0	0.0
0.901594	0.113791737	188.303497	0.0	0.0
0.909314	0.115941992	187.622350	0.0	0.0
0.917100	0.118116440	186.939681	0.0	0.0
0.924952	0.120314658	186.255520	0.0	0.0
0.932872	0.122536361	185.569977	0.0	0.0
0.940859	0.124781268	184.883181	0.0	0.0
0.948915	0.127049095	184.195363	0.0	0.0
0.957040	0.129339559	183.506633	0.0	0.0
0.965234	0.131652377	182.817163	0.0	0.0
0.973498	0.133987125	182.126942	0.0	0.0
0.981834	0.136343520	181.436399	0.0	0.0
0.990240	0.138721279	180.745387	0.0	0.0
0.998719	0.141119977	180.054336	0.0	0.0
1.007270	0.143538483	179.363177	0.0	0.0
1.015894	0.145979061	178.672053	0.0	0.0
1.024593	0.148438031	177.981543	0.0	0.0
1.033365	0.150916808	177.291112	0.0	0.0
1.042213	0.153415393	176.601412	0.0	0.0
1.051137	0.155932371	175.912444	0.0	0.0
1.060137	0.158467742	175.224407	0.0	0.0
1.069214	0.161021505	174.537219	0.0	0.0
1.078369	0.163592247	173.851398	0.0	0.0
1.087602	0.166181381	173.166742	0.0	0.0
1.096914	0.168787493	172.483471	0.0	0.0
1.106306	0.171410583	171.801901	0.0	0.0
1.115779	0.174049236	171.122250	0.0	0.0
1.125332	0.176704867	170.444101	0.0	0.0
1.134967	0.179376061	169.768088	0.0	0.0
1.144685	0.182062818	169.094229	0.0	0.0
1.154486	0.184765139	168.422624	0.0	0.0
1.164371	0.187481607	167.753391	0.0	0.0
1.174340	0.190213639	167.086629	0.0	0.0
1.184395	0.192959819	166.422474	0.0	0.0
1.194536	0.195720147	165.761125	0.0	0.0
1.204764	0.198494624	165.102600	0.0	0.0
1.215080	0.201283248	164.447217	0.0	0.0
1.225483	0.204084607	163.794558	0.0	0.0
1.235976	0.206900113	163.145176	0.0	0.0
1.246559	0.209728353	162.499170	0.0	0.0
1.257232	0.212569327	161.856441	0.0	0.0
1.267997	0.215424448	161.217224	0.0	0.0
1.278853	0.218290889	160.581300	0.0	0.0
1.289803	0.221171477	159.949224	0.0	0.0
1.300847	0.224063384	159.320894	0.0	0.0
1.311985	0.226968025	158.696311	0.0	0.0
1.323218	0.229885399	158.075392	0.0	0.0
1.334548	0.232815507	157.458572	0.0	0.0
1.345974	0.235758347	156.845534	0.0	0.0
1.357499	0.238712507	156.236730	0.0	0.0
1.369122	0.241679400	155.631943	0.0	0.0
1.380845	0.244659027	155.031408	0.0	0.0
1.392668	0.247649972	154.435025	0.0	0.0
1.404592	0.250653650	153.842811	0.0	0.0
1.416618	0.253670062	153.254884	0.0	0.0
1.428748	0.256699208	152.671479	0.0	0.0
1.440981	0.259741087	152.092378	0.0	0.0
1.453319	0.262795699	151.517617	0.0	0.0
1.465762	0.265861630	150.947195	0.0	0.0
1.478312	0.268941709	150.381347	0.0	0.0
1.490970	0.272034522	149.820091	0.0	0.0
1.503736	0.275141483	149.263228	0.0	0.0
1.516611	0.278261177	148.710873	0.0	0.0
1.529596	0.281393605	148.162946	0.0	0.0
1.542693	0.284540181	147.619881	0.0	0.0
1.555902	0.287700905	147.081178	0.0	0.0
1.569224	0.290875778	146.547154	0.0	0.0
1.582660	0.294064799	146.017628	0.0	0.0
1.596211	0.297267968	145.492716	0.0	0.0
1.609878	0.300486701	144.972336	0.0	0.0
1.623662	0.303719581	144.456606	0.0	0.0
1.637564	0.306966610	143.945343	0.0	0.0
1.651585	0.310230617	143.438764	0.0	0.0
1.665726	0.313510187	142.936688	0.0	0.0
1.679988	0.316805320	142.439031	0.0	0.0
1.694373	0.320116016	141.946230	0.0	0.0
1.708880	0.323443690	141.457665	0.0	0.0
1.723512	0.326788342	140.973790	0.0	0.0
1.738269	0.330149972	140.494405	0.0	0.0
1.753152	0.333529994	140.019327	0.0	0.0
1.768163	0.336925580	139.548892	0.0	0.0
1.783302	0.340340973	139.082698	0.0	0.0
1.798571	0.343773345	138.621083	0.0	0.0
1.813971	0.347224109	138.163862	0.0	0.0
1.829502	0.350694680	137.710836	0.0	0.0
1.845167	0.354183645	137.262357	0.0	0.0
1.860966	0.357692417	136.818226	0.0	0.0
1.876900	0.361220996	136.378259	0.0	0.0
1.892970	0.364770798	135.942476	0.0	0.0
1.909178	0.368338993	135.511009	0.0	0.0
1.925524	0.371929825	135.083560	0.0	0.0
1.942011	0.375541879	134.660582	0.0	0.0
1.958639	0.379173741	134.241573	0.0	0.0
1.975409	0.382829655	133.826752	0.0	0.0
1.992323	0.386506791	133.415953	0.0	0.0
2.009382	0.390206565	133.009295	0.0	0.0
2.026586	0.393928976	132.606477	0.0	0.0
2.043938	0.397674024	132.207751	0.0	0.0
2.061439	0.401444539	131.813036	0.0	0.0
2.079089	0.405237691	131.422031	0.0	0.0
2.096891	0.409056310	131.035088	0.0	0.0
2.114845	0.412898981	130.652008	0.0	0.0
2.132952	0.416765705	130.272409	0.0	0.0
2.151215	0.420659310	129.896943	0.0	0.0
2.169634	0.424578381	129.525009	0.0	0.0
2.188211	0.428524335	129.156943	0.0	0.0
2.206946	0.432495756	128.792245	0.0	0.0
2.225843	0.436495473	128.431585	0.0	0.0
2.244901	0.440522071	128.074345	0.0	0.0
2.264122	0.444575552	127.720561	0.0	0.0
2.283508	0.448658744	127.370467	0.0	0.0
2.303060	0.452768817	127.023781	0.0	0.0
2.322779	0.456908602	126.680521	0.0	0.0
2.342667	0.461076684	126.340722	0.0	0.0
2.362725	0.465275891	126.004300	0.0	0.0
2.382955	0.469503396	125.671192	0.0	0.0
2.403358	0.473762026	125.341414	0.0	0.0
2.423936	0.478051783	125.014902	0.0	0.0
2.444690	0.482372666	124.691673	0.0	0.0
2.465622	0.486724675	124.371762	0.0	0.0
2.486733	0.491109225	124.054887	0.0	0.0
2.508025	0.495526316	123.741283	0.0	0.0
2.529499	0.499974533	123.430667	0.0	0.0
2.551157	0.504458121	123.123174	0.0	0.0
2.573001	0.508974250	122.818840	0.0	0.0
2.595031	0.513522920	122.517364	0.0	0.0
2.617250	0.518106961	122.218900	0.0	0.0
2.639660	0.522726372	121.923581	0.0	0.0
2.662261	0.527381154	121.631008	0.0	0.0
2.685056	0.532069892	121.341333	0.0	0.0
2.708045	0.536795416	121.054357	0.0	0.0
2.731232	0.541557725	120.770350	0.0	0.0
2.754617	0.546355405	120.489111	0.0	0.0
2.778203	0.551191285	120.210794	0.0	0.0
2.801990	0.556063950	119.934997	0.0	0.0
2.825981	0.560976231	119.661974	0.0	0.0
2.850178	0.565925297	119.391760	0.0	0.0
2.874582	0.570913978	119.124072	0.0	0.0
2.899194	0.575940860	118.858828	0.0	0.0
2.924018	0.581008772	118.596498	0.0	0.0
2.949054	0.586116299	118.336582	0.0	0.0
2.974304	0.591263441	118.079114	0.0	0.0
2.999770	0.596451613	117.824031	0.0	0.0
3.025455	0.601682230	117.571684	0.0	0.0
3.051359	0.606953877	117.321673	0.0	0.0
3.077486	0.612266553	117.074169	0.0	0.0
3.103836	0.617623090	116.829072	0.0	0.0
3.130411	0.623023486	116.586116	0.0	0.0
3.157214	0.628466327	116.345554	0.0	0.0
3.184247	0.633953028	116.107521	0.0	0.0
3.211511	0.639483588	115.871635	0.0	0.0
3.239008	0.645059423	115.637831	0.0	0.0
3.266741	0.650681947	115.406461	0.0	0.0
3.294712	0.656348331	115.177460	0.0	0.0
3.322922	0.662061404	114.950546	0.0	0.0
3.351373	0.667821166	114.725554	0.0	0.0
3.380068	0.673627617	114.502937	0.0	0.0
3.409009	0.679482173	114.282429	0.0	0.0
3.438197	0.685384833	114.063848	0.0	0.0
3.467636	0.691335597	113.847664	0.0	0.0
3.497326	0.697334465	113.632777	0.0	0.0
3.527271	0.703382852	113.420357	0.0	0.0
3.557472	0.709482173	113.210621	0.0	0.0
3.587932	0.715631013	113.002223	0.0	0.0
3.618652	0.721830787	112.795380	0.0	0.0
3.649636	0.728082909	112.590961	0.0	0.0
3.680884	0.734384550	112.388968	0.0	0.0
3.712401	0.740739955	112.188486	0.0	0.0
3.744187	0.747147708	111.989517	0.0	0.0
3.776245	0.753609225	111.792713	0.0	0.0
3.808578	0.760124505	111.597726	0.0	0.0
3.841188	0.766693548	111.403992	0.0	0.0
3.874077	0.773316355	111.212946	0.0	0.0
3.907247	0.779995756	111.023022	0.0	0.0
3.940702	0.786730334	110.835091	0.0	0.0
3.974443	0.793521505	110.649369	0.0	0.0
4.008472	0.800369270	110.464294	0.0	0.0
4.042794	0.807275042	110.281950	0.0	0.0
4.077409	0.814237408	110.100340	0.0	0.0
4.112320	0.821259196	109.921115	0.0	0.0
4.147530	0.828338993	109.742928	0.0	0.0
4.183042	0.835478212	109.567432	0.0	0.0
4.218858	0.842678268	109.393061	0.0	0.0
4.254981	0.849937748	109.219468	0.0	0.0
4.291413	0.857258065	109.049088	0.0	0.0
4.328156	0.864640634	108.878356	0.0	0.0
4.365215	0.872085456	108.710360	0.0	0.0
4.402590	0.879592530	108.544100	0.0	0.0
4.440286	0.887163271	108.378663	0.0	0.0
4.478305	0.894797680	108.215484	0.0	0.0
4.516649	0.902497170	108.052999	0.0	0.0
4.555321	0.910261743	107.891860	0.0	0.0
4.594324	0.918089983	107.732719	0.0	0.0
4.633662	0.925986135	107.574447	0.0	0.0
4.673336	0.933947368	107.418261	0.0	0.0
4.713350	0.941977929	107.263031	0.0	0.0
4.753706	0.950074986	107.109192	0.0	0.0
4.794408	0.958241370	106.957615	0.0	0.0
4.835459	0.966475665	106.806951	0.0	0.0
4.876861	0.974780702	106.656636	0.0	0.0
4.918617	0.983156480	106.508323	0.0	0.0
4.960731	0.991602999	106.361881	0.0	0.0
5.003206	1.000120260	106.215963	0.0	0.0
5.046044	1.008711092	106.072004	0.0	0.0
5.089249	1.017374080	105.928875	0.0	0.0
5.132824	1.026110640	105.787227	0.0	0.0
5.176772	1.034920770	105.646713	0.0	0.0
5.221097	1.043805886	105.507204	0.0	0.0
5.265801	1.052767402	105.370134	0.0	0.0
5.310887	1.061803905	105.233156	0.0	0.0
5.356360	1.070916808	105.097357	0.0	0.0
5.402222	1.080108942	104.963173	0.0	0.0
5.448477	1.089378891	104.829474	0.0	0.0
5.495128	1.098726655	104.697912	0.0	0.0
5.542178	1.108153650	104.567139	0.0	0.0
5.589631	1.117661290	104.437027	0.0	0.0
5.637490	1.127250990	104.308226	0.0	0.0
5.685759	1.136921336	104.180608	0.0	0.0
5.734442	1.146673741	104.054043	0.0	0.0
5.783541	1.156509621	103.928965	0.0	0.0
5.833061	1.166428976	103.805463	0.0	0.0
5.883004	1.176433220	103.681970	0.0	0.0
5.933376	1.186523769	103.559793	0.0	0.0
5.984178	1.196697793	103.439148	0.0	0.0
6.035416	1.206960951	103.319342	0.0	0.0
6.087092	1.217308998	103.199808	0.0	0.0
6.139211	1.227747595	103.082635	0.0	0.0
6.191775	1.238273911	102.965257	0.0	0.0
6.244790	1.248889360	102.848981	0.0	0.0
6.298259	1.259596774	102.734457	0.0	0.0
6.352186	1.270396152	102.620557	0.0	0.0
6.406575	1.281286078	102.508150	0.0	0.0
6.461429	1.292269383	102.395889	0.0	0.0
6.516753	1.303346067	102.284861	0.0	0.0
6.572550	1.314517544	102.174720	0.0	0.0
6.628825	1.325785229	102.065552	0.0	0.0
6.685583	1.337147708	101.957445	0.0	0.0
6.742826	1.348607810	101.850835	0.0	0.0
6.800559	1.360165535	101.743809	0.0	0.0
6.858786	1.371822298	101.638236	0.0	0.0
6.917512	1.383578098	101.534205	0.0	0.0
6.976741	1.395434352	101.430586	0.0	0.0
7.036477	1.407392473	101.327248	0.0	0.0
7.096725	1.419453877	101.226280	0.0	0.0
7.157488	1.431621392	101.124334	0.0	0.0
7.218772	1.443887946	101.024714	0.0	0.0
7.280580	1.456253537	100.925074	0.0	0.0
7.342918	1.468732315	100.826719	0.0	0.0
7.405789	1.481310130	100.729300	0.0	0.0
7.469198	1.494001132	100.631907	0.0	0.0
7.533151	1.506805320	100.535843	0.0	0.0
7.597651	1.519708546	100.440762	0.0	0.0
7.662703	1.532739106	100.345751	0.0	0.0
7.728313	1.545868704	100.252115	0.0	0.0
7.794484	1.559111488	100.159506	0.0	0.0
7.861222	1.572467459	100.067230	0.0	0.0
7.928531	1.585936616	99.976157	0.0	0.0
7.996416	1.599518959	99.885375	0.0	0.0
8.064883	1.613228636	99.795188	0.0	0.0
8.133935	1.627037351	99.706249	0.0	0.0
8.203580	1.640973401	99.618299	0.0	0.0
8.273820	1.655036786	99.530772	0.0	0.0
8.344662	1.669213356	99.443190	0.0	0.0
8.416110	1.683503113	99.357425	0.0	0.0
8.488170	1.697934352	99.271781	0.0	0.0
8.560847	1.712464629	99.186345	0.0	0.0
8.634147	1.727136389	99.102423	0.0	0.0
8.708074	1.741935484	99.018885	0.0	0.0
8.782634	1.756847765	98.936036	0.0	0.0
8.857832	1.771901528	98.853964	0.0	0.0
8.933674	1.787068478	98.772973	0.0	0.0
9.010166	1.802376910	98.692369	0.0	0.0
9.087313	1.817812677	98.612240	0.0	0.0
9.165120	1.833389926	98.532672	0.0	0.0
9.243593	1.849080362	98.453971	0.0	0.0
9.322738	1.864926429	98.375443	0.0	0.0
9.402561	1.880899830	98.297392	0.0	0.0
9.483067	1.897000566	98.220906	0.0	0.0
9.564263	1.913242784	98.144507	0.0	0.0
9.646154	1.929626486	98.068283	0.0	0.0
9.728746	1.946151669	97.993540	0.0	0.0
9.812045	1.962818336	97.918582	0.0	0.0
9.896057	1.979640634	97.844714	0.0	0.0
9.980789	1.996590266	97.771459	0.0	0.0
10.066250	2.013681381	97.699775	0.0	0.0
10.152430	2.030928127	97.625487	0.0	0.0
10.239360	2.048316355	97.554337	0.0	0.0
10.327030	2.065860215	97.483151	0.0	0.0
10.415450	2.083545557	97.412103	0.0	0.0
10.504630	2.101400679	97.342369	0.0	0.0
10.594580	2.119383135	97.275124	0.0	0.0
10.685290	2.137535371	97.205192	0.0	0.0
10.776780	2.155843237	97.136925	0.0	0.0
10.869050	2.174306735	97.069322	0.0	0.0
10.962110	2.192925863	97.001558	0.0	0.0
11.055970	2.211700623	96.934809	0.0	0.0
11.150640	2.230631013	96.870250	0.0	0.0
11.246110	2.249745331	96.803705	0.0	0.0
11.342400	2.269001132	96.737524	0.0	0.0
11.439520	2.288426712	96.673884	0.0	0.0
11.537460	2.308022071	96.608609	0.0	0.0
11.636250	2.327787210	96.545224	0.0	0.0
11.735880	2.347722128	96.481554	0.0	0.0
11.836360	2.367826825	96.417775	0.0	0.0
11.937710	2.388101302	96.357236	0.0	0.0
12.039920	2.408545557	96.294763	0.0	0.0
12.143010	2.429173741	96.233706	0.0	0.0
12.246980	2.449971703	96.173065	0.0	0.0
12.351840	2.470953594	96.112015	0.0	0.0
12.457600	2.492105263	96.052732	0.0	0.0
12.564260	2.513440860	95.992214	0.0	0.0
12.671840	2.534974533	95.933814	0.0	0.0
12.780340	2.556677985	95.875530	0.0	0.0
12.889770	2.578565365	95.817538	0.0	0.0
13.000130	2.600636672	95.758837	0.0	0.0
13.111440	2.622906055	95.701779	0.0	0.0
13.223700	2.645373514	95.644363	0.0	0.0
13.336930	2.668024901	95.588940	0.0	0.0
13.451120	2.690860215	95.532334	0.0	0.0
13.566290	2.713907753	95.475896	0.0	0.0
13.682450	2.737139219	95.421801	0.0	0.0
13.799600	2.760568761	95.366049	0.0	0.0
13.917750	2.784210526	95.310815	0.0	0.0
14.036920	2.808050368	95.257449	0.0	0.0
14.157100	2.832088285	95.202777	0.0	0.0
14.278320	2.856338427	95.150323	0.0	0.0
14.400570	2.880800792	95.096913	0.0	0.0
14.523870	2.905461234	95.043898	0.0	0.0
14.648230	2.930333899	94.992451	0.0	0.0
14.773650	2.955432937	94.940574	0.0	0.0
14.900140	2.980730051	94.888441	0.0	0.0
15.027720	3.006253537	94.837402	0.0	0.0
15.156390	3.031989247	94.786459	0.0	0.0
15.286160	3.057951330	94.735785	0.0	0.0
15.417050	3.084139785	94.687732	0.0	0.0
15.549050	3.110540464	94.637124	0.0	0.0
15.682180	3.137167516	94.587311	0.0	0.0
15.816460	3.164035088	94.539644	0.0	0.0
15.951880	3.191129032	94.489948	0.0	0.0
16.088460	3.218449349	94.441573	0.0	0.0
16.226210	3.245996038	94.392694	0.0	0.0
16.365150	3.273797397	94.346662	0.0	0.0
16.505270	3.301825127	94.299300	0.0	0.0
16.646590	3.330093379	94.251961	0.0	0.0
16.789120	3.358602151	94.204819	0.0	0.0
16.932870	3.387351443	94.158049	0.0	0.0
17.077850	3.416355405	94.111826	0.0	0.0
17.224080	3.445599887	94.067500	0.0	0.0
17.371550	3.475113186	94.019897	0.0	0.0
17.520290	3.504852858	93.975543	0.0	0.0
17.670300	3.534861347	93.930436	0.0	0.0
17.821600	3.565124505	93.885927	0.0	0.0
17.974190	3.595656480	93.842017	0.0	0.0
18.128090	3.626443124	93.798056	0.0	0.0
18.283300	3.657484437	93.753043	0.0	0.0
18.439850	3.688794567	93.710505	0.0	0.0
18.597730	3.720373514	93.666266	0.0	0.0
18.756970	3.752235427	93.623851	0.0	0.0
18.917570	3.784352009	93.581261	0.0	0.0
19.079540	3.816751556	93.536671	0.0	0.0
19.242910	3.849434069	93.496607	0.0	0.0
19.407670	3.882385399	93.453892	0.0	0.0
19.573840	3.915619694	93.411878	0.0	0.0
19.741430	3.949151104	93.369740	0.0	0.0
19.910460	3.982951330	93.328828	0.0	0.0
20.080940	4.017062818	93.288317	0.0	0.0
20.252880	4.051443124	93.248382	0.0	0.0
20.426280	4.086134692	93.206024	0.0	0.0
20.601180	4.121109225	93.166943	0.0	0.0
20.777570	4.156395020	93.126965	0.0	0.0
20.955470	4.191977929	93.087438	0.0	0.0
21.134890	4.227872100	93.046539	0.0	0.0
21.315850	4.264063384	93.006618	0.0	0.0
21.498360	4.300565931	92.967850	0.0	0.0
21.682440	4.337379740	92.930586	0.0	0.0
21.868090	4.374518959	92.891825	0.0	0.0
22.055320	4.411969440	92.851742	0.0	0.0
22.244160	4.449731183	92.812864	0.0	0.0
22.434620	4.487832484	92.775365	0.0	0.0
22.626710	4.526245048	92.738421	0.0	0.0
22.820450	4.564997170	92.701382	0.0	0.0
23.015840	4.604074703	92.663247	0.0	0.0
23.212900	4.643491794	92.625368	0.0	0.0
23.411660	4.683248444	92.589269	0.0	0.0
23.612110	4.723344652	92.551776	0.0	0.0
23.814280	4.763780419	92.514415	0.0	0.0
24.018180	4.804555744	92.478359	0.0	0.0
24.223830	4.845684776	92.441961	0.0	0.0
24.431240	4.887167516	92.406394	0.0	0.0
24.640420	4.929003962	92.368834	0.0	0.0
24.851400	4.971208263	92.334807	0.0	0.0
25.064180	5.013766271	92.298313	0.0	0.0
25.278780	5.056677985	92.261701	0.0	0.0
25.495230	5.099971703	92.228499	0.0	0.0
25.713520	5.143619128	92.192529	0.0	0.0
25.933680	5.187662705	92.156318	0.0	0.0
26.155730	5.232059989	92.122217	0.0	0.0
26.379680	5.276853424	92.087400	0.0	0.0
26.605550	5.322028862	92.053218	0.0	0.0
26.833350	5.367586304	92.018845	0.0	0.0
27.063100	5.413539898	91.984633	0.0	0.0
27.294820	5.459875495	91.950932	0.0	0.0
27.528520	5.506607244	91.915917	0.0	0.0
27.764230	5.553749293	91.884113	0.0	0.0
28.001950	5.601287493	92.000000	0.0	0.0
28.241710	5.649235993	91.981852	0.0	0.0
28.483520	5.697594793	91.949866	0.0	0.0
28.727400	5.746363894	91.918023	0.0	0.0
28.973370	5.795557442	91.886319	0.0	0.0
29.221440	5.845175439	91.854754	0.0	0.0
29.471640	5.895203735	91.823324	0.0	0.0
29.723980	5.945670628	91.792028	0.0	0.0
29.978480	5.996561969	91.760862	0.0	0.0
30.235160	6.047891907	91.729825	0.0	0.0
30.494040	6.099660441	91.698914	0.0	0.0
30.755140	6.151867572	91.668126	0.0	0.0
31.018470	6.204527448	91.637461	0.0	0.0
31.284050	6.257640068	91.606916	0.0	0.0
31.551910	6.311205433	91.576488	0.0	0.0
31.822060	6.365223543	91.546176	0.0	0.0
32.094530	6.419708546	91.515975	0.0	0.0
32.369330	6.474660441	91.485886	0.0	0.0
32.646480	6.530079230	91.455906	0.0	0.0
32.926010	6.585964912	91.426031	0.0	0.0
33.207920	6.642331636	91.396261	0.0	0.0
33.492250	6.699193548	91.366593	0.0	0.0
33.779020	6.756536503	91.337025	0.0	0.0
34.068240	6.814360498	91.307554	0.0	0.0
34.359940	6.872693831	91.278179	0.0	0.0
34.654140	6.931508206	91.248896	0.0	0.0
34.950850	6.990846067	91.219706	0.0	0.0
35.250110	7.050679117	91.190604	0.0	0.0
35.551920	7.111021505	91.161591	0.0	0.0
35.856320	7.171887380	91.132661	0.0	0.0
36.163330	7.233262592	91.103814	0.0	0.0
36.472970	7.295175439	91.075047	0.0	0.0
36.785260	7.357611771	91.046360	0.0	0.0
37.100220	7.420585739	91.017748	0.0	0.0
37.417880	7.484097340	90.989211	0.0	0.0
37.738250	7.548146576	90.960748	0.0	0.0
38.061380	7.612747595	90.932353	0.0	0.0
38.387260	7.677900396	90.904027	0.0	0.0
38.715940	7.743604980	90.875767	0.0	0.0
39.047430	7.809875495	90.847571	0.0	0.0
39.381760	7.876711941	90.819437	0.0	0.0
39.718960	7.944128466	90.791362	0.0	0.0
40.059040	8.012110922	90.763346	0.0	0.0
40.402030	8.080631013	90.735386	0.0	0.0
40.747960	8.149377476	90.707479	0.0	0.0
41.096850	8.216921336	90.679625	0.0	0.0
41.448730	8.278989813	90.651820	0.0	0.0
41.803620	8.325339559	90.624062	0.0	0.0
42.161550	8.335894171	90.596351	0.0	0.0
42.522540	8.277773062	90.568683	0.0	0.0
42.886630	8.106041313	90.541057	0.0	0.0
43.253830	7.770713073	90.513470	0.0	0.0
43.624180	7.230730051	90.485921	0.0	0.0
43.997690	6.471434635	90.458409	0.0	0.0
44.374410	5.518902094	90.430929	0.0	0.0
44.754350	4.442954160	90.403481	0.0	0.0
45.137540	3.344850028	90.376063	0.0	0.0
45.524020	2.332215620	90.348672	0.0	0.0
45.913800	1.490548953	90.321308	0.0	0.0
46.306930	0.863030560	90.293966	0.0	0.0
46.703410	0.446457272	90.266647	0.0	0.0
47.103300	0.202792869	90.239347	0.0	0.0
47.506600	0.079047397	90.212065	0.0	0.0
47.913360	0.025606961	90.184799	0.0	0.0
48.323600	0.006570359	90.157547	0.0	0.0
48.737360	0.001233455	90.130306	0.0	0.0
49.154660	0.000145480	90.103075	0.0	0.0
49.575530	0.000007212	90.075852	0.0	0.0
50.000000	0.000000151	90.048635	0.0	0.0
