# UNCLASSIFIED
#
# Effective: 03 Sep 2009
# Creation date: 20 Jan 2010
# File name: RCBR.BB.1251936000
#
# Source: James Neely (TTD), TSgt Swindle
# System equipment: KS54000 seismometer and Quanterra Q330
# digitizer.
#
# The response file was derived from equations of state.
# Displacement response normalized to 1.0 at 1.0 Hz.
#
# The calib values for this configuration are as follows:
#
# RCBR BHZ is 0.046400 nm/count at 1.0 Hz.
# RCBR BH1 is 0.046400 nm/count at 1.0 Hz.
# RCBR BH2 is 0.046400 nm/count at 1.0 Hz.
#
# Freq(Hz)     Amp(counts/nm)    Phase(deg)   Error(amp) Error(phase)
#
 theoretical  0       system    fap   J.Neely
1000
0.001000	0.000067529	212.452584	0.0	0.0
0.001009	0.000069014	212.152682	0.0	0.0
0.001019	0.000070528	211.852994	0.0	0.0
0.001028	0.000072073	211.553531	0.0	0.0
0.001038	0.000073649	211.254330	0.0	0.0
0.001047	0.000075256	210.955401	0.0	0.0
0.001057	0.000076895	210.656751	0.0	0.0
0.001067	0.000078567	210.358388	0.0	0.0
0.001077	0.000080272	210.060321	0.0	0.0
0.001087	0.000082011	209.762588	0.0	0.0
0.001097	0.000083784	209.465196	0.0	0.0
0.001107	0.000085592	209.168124	0.0	0.0
0.001117	0.000087436	208.871409	0.0	0.0
0.001127	0.000089316	208.575060	0.0	0.0
0.001138	0.000091233	208.279112	0.0	0.0
0.001148	0.000093188	207.983545	0.0	0.0
0.001159	0.000095180	207.688367	0.0	0.0
0.001170	0.000097212	207.393585	0.0	0.0
0.001181	0.000099284	207.099235	0.0	0.0
0.001191	0.000101396	206.805324	0.0	0.0
0.001202	0.000103549	206.511859	0.0	0.0
0.001214	0.000105744	206.218820	0.0	0.0
0.001225	0.000107981	205.926242	0.0	0.0
0.001236	0.000110262	205.634132	0.0	0.0
0.001248	0.000112587	205.342497	0.0	0.0
0.001259	0.000114957	205.051342	0.0	0.0
0.001271	0.000117373	204.760676	0.0	0.0
0.001283	0.000119835	204.470505	0.0	0.0
0.001295	0.000122344	204.180834	0.0	0.0
0.001307	0.000124902	203.891671	0.0	0.0
0.001319	0.000127509	203.603022	0.0	0.0
0.001331	0.000130166	203.314870	0.0	0.0
0.001343	0.000132874	203.027267	0.0	0.0
0.001356	0.000135633	202.740173	0.0	0.0
0.001368	0.000138445	202.453616	0.0	0.0
0.001381	0.000141311	202.167603	0.0	0.0
0.001394	0.000144232	201.882139	0.0	0.0
0.001407	0.000147208	201.597205	0.0	0.0
0.001420	0.000150240	201.312810	0.0	0.0
0.001433	0.000153330	201.028978	0.0	0.0
0.001446	0.000156479	200.745693	0.0	0.0
0.001459	0.000159687	200.462960	0.0	0.0
0.001473	0.000162956	200.180785	0.0	0.0
0.001487	0.000166287	199.899170	0.0	0.0
0.001500	0.000169680	199.618121	0.0	0.0
0.001514	0.000173138	199.337621	0.0	0.0
0.001528	0.000176661	199.057675	0.0	0.0
0.001542	0.000180250	198.778287	0.0	0.0
0.001557	0.000183906	198.499480	0.0	0.0
0.001571	0.000187631	198.221218	0.0	0.0
0.001586	0.000191426	197.943506	0.0	0.0
0.001600	0.000195292	197.666366	0.0	0.0
0.001615	0.000199230	197.389763	0.0	0.0
0.001630	0.000203242	197.113738	0.0	0.0
0.001645	0.000207329	196.838239	0.0	0.0
0.001660	0.000211492	196.563305	0.0	0.0
0.001676	0.000215732	196.288920	0.0	0.0
0.001691	0.000220052	196.015070	0.0	0.0
0.001707	0.000224452	195.741775	0.0	0.0
0.001723	0.000228933	195.469019	0.0	0.0
0.001739	0.000233498	195.196787	0.0	0.0
0.001755	0.000238148	194.925083	0.0	0.0
0.001771	0.000242883	194.653907	0.0	0.0
0.001788	0.000247707	194.383245	0.0	0.0
0.001804	0.000252619	194.113116	0.0	0.0
0.001821	0.000257623	193.843488	0.0	0.0
0.001838	0.000262718	193.574379	0.0	0.0
0.001855	0.000267908	193.305759	0.0	0.0
0.001872	0.000273194	193.037645	0.0	0.0
0.001889	0.000278576	192.770006	0.0	0.0
0.001907	0.000284058	192.502861	0.0	0.0
0.001924	0.000289640	192.236193	0.0	0.0
0.001942	0.000295325	191.969990	0.0	0.0
0.001960	0.000301115	191.704268	0.0	0.0
0.001978	0.000307010	191.438981	0.0	0.0
0.001997	0.000313013	191.174162	0.0	0.0
0.002015	0.000319126	190.909766	0.0	0.0
0.002034	0.000325351	190.645824	0.0	0.0
0.002053	0.000331690	190.382293	0.0	0.0
0.002072	0.000338144	190.119188	0.0	0.0
0.002091	0.000344716	189.856495	0.0	0.0
0.002110	0.000351408	189.594215	0.0	0.0
0.002130	0.000358221	189.332307	0.0	0.0
0.002149	0.000365158	189.070798	0.0	0.0
0.002169	0.000372222	188.809663	0.0	0.0
0.002189	0.000379413	188.548900	0.0	0.0
0.002210	0.000386735	188.288498	0.0	0.0
0.002230	0.000394190	188.028442	0.0	0.0
0.002251	0.000401780	187.768722	0.0	0.0
0.002272	0.000409507	187.509336	0.0	0.0
0.002293	0.000417373	187.250272	0.0	0.0
0.002314	0.000425381	186.991517	0.0	0.0
0.002335	0.000433534	186.733060	0.0	0.0
0.002357	0.000441834	186.474900	0.0	0.0
0.002379	0.000450284	186.217014	0.0	0.0
0.002401	0.000458885	185.959400	0.0	0.0
0.002423	0.000467641	185.702048	0.0	0.0
0.002446	0.000476553	185.444944	0.0	0.0
0.002468	0.000485626	185.188090	0.0	0.0
0.002491	0.000494862	184.931451	0.0	0.0
0.002514	0.000504262	184.675038	0.0	0.0
0.002537	0.000513831	184.418828	0.0	0.0
0.002561	0.000523571	184.162811	0.0	0.0
0.002585	0.000533484	183.906975	0.0	0.0
0.002609	0.000543575	183.651320	0.0	0.0
0.002633	0.000553845	183.395836	0.0	0.0
0.002657	0.000564297	183.140490	0.0	0.0
0.002682	0.000574936	182.885283	0.0	0.0
0.002707	0.000585764	182.630215	0.0	0.0
0.002732	0.000596783	182.375254	0.0	0.0
0.002757	0.000607998	182.120411	0.0	0.0
0.002783	0.000619411	181.865656	0.0	0.0
0.002808	0.000631026	181.610979	0.0	0.0
0.002834	0.000642846	181.356381	0.0	0.0
0.002861	0.000654875	181.101831	0.0	0.0
0.002887	0.000667115	180.847341	0.0	0.0
0.002914	0.000679571	180.592882	0.0	0.0
0.002941	0.000692246	180.338455	0.0	0.0
0.002968	0.000705143	180.084030	0.0	0.0
0.002996	0.000718267	179.829620	0.0	0.0
0.003023	0.000731621	179.575187	0.0	0.0
0.003051	0.000745208	179.320741	0.0	0.0
0.003080	0.000759033	179.066255	0.0	0.0
0.003108	0.000773098	178.811732	0.0	0.0
0.003137	0.000787410	178.557145	0.0	0.0
0.003166	0.000801969	178.302496	0.0	0.0
0.003195	0.000816783	178.047758	0.0	0.0
0.003225	0.000831853	177.792944	0.0	0.0
0.003255	0.000847185	177.538010	0.0	0.0
0.003285	0.000862782	177.282976	0.0	0.0
0.003315	0.000878649	177.027809	0.0	0.0
0.003346	0.000894790	176.772504	0.0	0.0
0.003377	0.000911209	176.517053	0.0	0.0
0.003408	0.000927911	176.261435	0.0	0.0
0.003440	0.000944900	176.005660	0.0	0.0
0.003472	0.000962181	175.749689	0.0	0.0
0.003504	0.000979758	175.493534	0.0	0.0
0.003536	0.000997635	175.237165	0.0	0.0
0.003569	0.001015820	174.980593	0.0	0.0
0.003602	0.001034310	174.723783	0.0	0.0
0.003635	0.001053120	174.466744	0.0	0.0
0.003669	0.001072250	174.209457	0.0	0.0
0.003703	0.001091700	173.951904	0.0	0.0
0.003737	0.001111490	173.694088	0.0	0.0
0.003772	0.001131600	173.435997	0.0	0.0
0.003807	0.001152060	173.177606	0.0	0.0
0.003842	0.001172860	172.918920	0.0	0.0
0.003878	0.001194020	172.659928	0.0	0.0
0.003914	0.001215530	172.400606	0.0	0.0
0.003950	0.001237400	172.140967	0.0	0.0
0.003987	0.001259630	171.880978	0.0	0.0
0.004024	0.001282240	171.620640	0.0	0.0
0.004061	0.001305220	171.359951	0.0	0.0
0.004098	0.001328590	171.098887	0.0	0.0
0.004136	0.001352350	170.837449	0.0	0.0
0.004175	0.001376490	170.575629	0.0	0.0
0.004213	0.001401040	170.313407	0.0	0.0
0.004252	0.001426000	170.050788	0.0	0.0
0.004292	0.001451370	169.787754	0.0	0.0
0.004331	0.001477150	169.524298	0.0	0.0
0.004372	0.001503360	169.260414	0.0	0.0
0.004412	0.001529990	168.996091	0.0	0.0
0.004453	0.001557060	168.731324	0.0	0.0
0.004494	0.001584580	168.466107	0.0	0.0
0.004536	0.001612540	168.200432	0.0	0.0
0.004578	0.001640950	167.934286	0.0	0.0
0.004620	0.001669830	167.667674	0.0	0.0
0.004663	0.001699170	167.400573	0.0	0.0
0.004706	0.001728990	167.132988	0.0	0.0
0.004750	0.001759280	166.864908	0.0	0.0
0.004794	0.001790060	166.596333	0.0	0.0
0.004838	0.001821340	166.327243	0.0	0.0
0.004883	0.001853110	166.057650	0.0	0.0
0.004928	0.001885390	165.787533	0.0	0.0
0.004974	0.001918180	165.516899	0.0	0.0
0.005020	0.001951490	165.245737	0.0	0.0
0.005066	0.001985330	164.974041	0.0	0.0
0.005113	0.002019700	164.701806	0.0	0.0
0.005161	0.002054610	164.429034	0.0	0.0
0.005209	0.002090070	164.155715	0.0	0.0
0.005257	0.002126080	163.881851	0.0	0.0
0.005305	0.002162660	163.607429	0.0	0.0
0.005355	0.002199800	163.332457	0.0	0.0
0.005404	0.002237520	163.056927	0.0	0.0
0.005454	0.002275820	162.780833	0.0	0.0
0.005505	0.002314720	162.504174	0.0	0.0
0.005556	0.002354200	162.226954	0.0	0.0
0.005607	0.002394300	161.949163	0.0	0.0
0.005659	0.002435010	161.670806	0.0	0.0
0.005712	0.002476330	161.391880	0.0	0.0
0.005764	0.002518290	161.112380	0.0	0.0
0.005818	0.002560870	160.832309	0.0	0.0
0.005872	0.002604100	160.551670	0.0	0.0
0.005926	0.002647980	160.270454	0.0	0.0
0.005981	0.002692520	159.988670	0.0	0.0
0.006036	0.002737720	159.706313	0.0	0.0
0.006092	0.002783600	159.423392	0.0	0.0
0.006149	0.002830150	159.139897	0.0	0.0
0.006206	0.002877390	158.855839	0.0	0.0
0.006263	0.002925330	158.571218	0.0	0.0
0.006321	0.002973970	158.286032	0.0	0.0
0.006380	0.003023330	158.000283	0.0	0.0
0.006439	0.003073400	157.713984	0.0	0.0
0.006498	0.003124200	157.427128	0.0	0.0
0.006559	0.003175730	157.139719	0.0	0.0
0.006619	0.003228010	156.851771	0.0	0.0
0.006681	0.003281030	156.563276	0.0	0.0
0.006743	0.003334820	156.274248	0.0	0.0
0.006805	0.003389370	155.984684	0.0	0.0
0.006868	0.003444690	155.694596	0.0	0.0
0.006932	0.003500800	155.403990	0.0	0.0
0.006996	0.003557700	155.112867	0.0	0.0
0.007061	0.003615390	154.821233	0.0	0.0
0.007126	0.003673890	154.529103	0.0	0.0
0.007192	0.003733200	154.236473	0.0	0.0
0.007259	0.003793340	153.943358	0.0	0.0
0.007326	0.003854300	153.649768	0.0	0.0
0.007394	0.003916110	153.355701	0.0	0.0
0.007462	0.003978750	153.061173	0.0	0.0
0.007531	0.004042260	152.766193	0.0	0.0
0.007601	0.004106620	152.470764	0.0	0.0
0.007672	0.004171850	152.174905	0.0	0.0
0.007743	0.004237960	151.878617	0.0	0.0
0.007814	0.004304950	151.581914	0.0	0.0
0.007887	0.004372840	151.284807	0.0	0.0
0.007960	0.004441630	150.987308	0.0	0.0
0.008034	0.004511330	150.689425	0.0	0.0
0.008108	0.004581940	150.391169	0.0	0.0
0.008183	0.004653480	150.092555	0.0	0.0
0.008259	0.004725950	149.793595	0.0	0.0
0.008335	0.004799360	149.494297	0.0	0.0
0.008412	0.004873720	149.194678	0.0	0.0
0.008490	0.004949030	148.894750	0.0	0.0
0.008569	0.005025310	148.594525	0.0	0.0
0.008648	0.005102560	148.294019	0.0	0.0
0.008729	0.005180780	147.993242	0.0	0.0
0.008809	0.005260000	147.692213	0.0	0.0
0.008891	0.005340210	147.390945	0.0	0.0
0.008973	0.005421420	147.089450	0.0	0.0
0.009056	0.005503640	146.787749	0.0	0.0
0.009140	0.005586880	146.485848	0.0	0.0
0.009225	0.005671140	146.183772	0.0	0.0
0.009310	0.005756430	145.881533	0.0	0.0
0.009397	0.005842770	145.579145	0.0	0.0
0.009484	0.005930160	145.276624	0.0	0.0
0.009572	0.006018590	144.973990	0.0	0.0
0.009660	0.006108090	144.671260	0.0	0.0
0.009750	0.006198660	144.368450	0.0	0.0
0.009840	0.006290310	144.065576	0.0	0.0
0.009931	0.006383040	143.762653	0.0	0.0
0.010023	0.006476870	143.459689	0.0	0.0
0.010116	0.006571790	143.156746	0.0	0.0
0.010210	0.006667820	142.853778	0.0	0.0
0.010304	0.006764970	142.550859	0.0	0.0
0.010400	0.006863240	142.247971	0.0	0.0
0.010496	0.006962630	141.945157	0.0	0.0
0.010593	0.007063170	141.642398	0.0	0.0
0.010691	0.007164840	141.339771	0.0	0.0
0.010790	0.007267670	141.037226	0.0	0.0
0.010890	0.007371660	140.734840	0.0	0.0
0.010991	0.007476810	140.432596	0.0	0.0
0.011093	0.007583130	140.130539	0.0	0.0
0.011196	0.007690630	139.828685	0.0	0.0
0.011299	0.007799320	139.527018	0.0	0.0
0.011404	0.007909200	139.225585	0.0	0.0
0.011510	0.008020290	138.924430	0.0	0.0
0.011616	0.008132580	138.623513	0.0	0.0
0.011724	0.008246090	138.322907	0.0	0.0
0.011832	0.008360830	138.022601	0.0	0.0
0.011942	0.008476790	137.722640	0.0	0.0
0.012053	0.008593990	137.423014	0.0	0.0
0.012164	0.008712440	137.123768	0.0	0.0
0.012277	0.008832130	136.824893	0.0	0.0
0.012391	0.008953090	136.526435	0.0	0.0
0.012505	0.009075310	136.228385	0.0	0.0
0.012621	0.009198810	135.930815	0.0	0.0
0.012738	0.009323590	135.633691	0.0	0.0
0.012856	0.009449650	135.337033	0.0	0.0
0.012975	0.009577010	135.040911	0.0	0.0
0.013095	0.009705680	134.745293	0.0	0.0
0.013217	0.009835650	134.450224	0.0	0.0
0.013339	0.009966940	134.155700	0.0	0.0
0.013463	0.010099600	133.861765	0.0	0.0
0.013587	0.010233500	133.568437	0.0	0.0
0.013713	0.010368800	133.275715	0.0	0.0
0.013840	0.010505400	132.983640	0.0	0.0
0.013968	0.010643400	132.692209	0.0	0.0
0.014098	0.010782800	132.401445	0.0	0.0
0.014228	0.010923500	132.111387	0.0	0.0
0.014360	0.011065700	131.822014	0.0	0.0
0.014493	0.011209100	131.533367	0.0	0.0
0.014627	0.011354000	131.245488	0.0	0.0
0.014763	0.011500300	130.958354	0.0	0.0
0.014900	0.011648100	130.671985	0.0	0.0
0.015038	0.011797200	130.386424	0.0	0.0
0.015177	0.011947700	130.101669	0.0	0.0
0.015317	0.012099700	129.817741	0.0	0.0
0.015459	0.012253200	129.534639	0.0	0.0
0.015602	0.012408100	129.252424	0.0	0.0
0.015747	0.012564400	128.971057	0.0	0.0
0.015893	0.012722200	128.690597	0.0	0.0
0.016040	0.012881500	128.411044	0.0	0.0
0.016189	0.013042300	128.132399	0.0	0.0
0.016339	0.013204600	127.854700	0.0	0.0
0.016490	0.013368400	127.577949	0.0	0.0
0.016643	0.013533700	127.302166	0.0	0.0
0.016797	0.013700600	127.027350	0.0	0.0
0.016952	0.013868900	126.753541	0.0	0.0
0.017109	0.014038900	126.480721	0.0	0.0
0.017268	0.014210300	126.208927	0.0	0.0
0.017428	0.014383400	125.938161	0.0	0.0
0.017589	0.014558000	125.668441	0.0	0.0
0.017752	0.014734200	125.399786	0.0	0.0
0.017917	0.014912000	125.132198	0.0	0.0
0.018082	0.015091300	124.865679	0.0	0.0
0.018250	0.015272400	124.600262	0.0	0.0
0.018419	0.015455000	124.335935	0.0	0.0
0.018590	0.015639300	124.072731	0.0	0.0
0.018762	0.015825200	123.810651	0.0	0.0
0.018936	0.016012800	123.549713	0.0	0.0
0.019111	0.016202000	123.289903	0.0	0.0
0.019288	0.016392900	123.031255	0.0	0.0
0.019467	0.016585600	122.773784	0.0	0.0
0.019647	0.016779900	122.517464	0.0	0.0
0.019829	0.016975900	122.262339	0.0	0.0
0.020013	0.017173700	122.008398	0.0	0.0
0.020198	0.017373200	121.755657	0.0	0.0
0.020385	0.017574500	121.504131	0.0	0.0
0.020574	0.017777500	121.253809	0.0	0.0
0.020764	0.017982300	121.004705	0.0	0.0
0.020957	0.018189000	120.756836	0.0	0.0
0.021151	0.018397400	120.510191	0.0	0.0
0.021347	0.018607600	120.264796	0.0	0.0
0.021544	0.018819700	120.020641	0.0	0.0
0.021744	0.019033600	119.777753	0.0	0.0
0.021945	0.019249400	119.536108	0.0	0.0
0.022149	0.019467000	119.295733	0.0	0.0
0.022354	0.019686500	119.056618	0.0	0.0
0.022561	0.019908000	118.818787	0.0	0.0
0.022770	0.020131300	118.582230	0.0	0.0
0.022981	0.020356600	118.346950	0.0	0.0
0.023193	0.020583900	118.112958	0.0	0.0
0.023408	0.020813100	117.880257	0.0	0.0
0.023625	0.021044300	117.648846	0.0	0.0
0.023844	0.021277400	117.418729	0.0	0.0
0.024065	0.021512600	117.189905	0.0	0.0
0.024288	0.021749800	116.962387	0.0	0.0
0.024513	0.021989100	116.736165	0.0	0.0
0.024740	0.022230400	116.511250	0.0	0.0
0.024969	0.022473800	116.287644	0.0	0.0
0.025200	0.022719300	116.065337	0.0	0.0
0.025433	0.022966900	115.844340	0.0	0.0
0.025669	0.023216700	115.624654	0.0	0.0
0.025907	0.023468500	115.406278	0.0	0.0
0.026147	0.023722600	115.189215	0.0	0.0
0.026389	0.023978800	114.973455	0.0	0.0
0.026633	0.024237200	114.759008	0.0	0.0
0.026880	0.024497900	114.545874	0.0	0.0
0.027129	0.024760800	114.334045	0.0	0.0
0.027380	0.025025900	114.123530	0.0	0.0
0.027634	0.025293400	113.914320	0.0	0.0
0.027890	0.025563100	113.706415	0.0	0.0
0.028148	0.025835100	113.499816	0.0	0.0
0.028409	0.026109500	113.294515	0.0	0.0
0.028672	0.026386300	113.090528	0.0	0.0
0.028938	0.026665400	112.887830	0.0	0.0
0.029206	0.026946900	112.686431	0.0	0.0
0.029476	0.027230800	112.486335	0.0	0.0
0.029749	0.027517200	112.287523	0.0	0.0
0.030025	0.027806000	112.090007	0.0	0.0
0.030303	0.028097400	111.893779	0.0	0.0
0.030583	0.028391200	111.698833	0.0	0.0
0.030867	0.028687600	111.505168	0.0	0.0
0.031153	0.028986500	111.312784	0.0	0.0
0.031441	0.029288000	111.121672	0.0	0.0
0.031732	0.029592100	110.931826	0.0	0.0
0.032026	0.029898800	110.743251	0.0	0.0
0.032323	0.030208200	110.555941	0.0	0.0
0.032622	0.030520200	110.369887	0.0	0.0
0.032924	0.030835000	110.185090	0.0	0.0
0.033229	0.031152400	110.001536	0.0	0.0
0.033537	0.031472600	109.819236	0.0	0.0
0.033848	0.031795600	109.638171	0.0	0.0
0.034161	0.032121300	109.458346	0.0	0.0
0.034478	0.032449900	109.279748	0.0	0.0
0.034797	0.032781300	109.102377	0.0	0.0
0.035119	0.033115600	108.926226	0.0	0.0
0.035445	0.033452800	108.751292	0.0	0.0
0.035773	0.033793000	108.577571	0.0	0.0
0.036104	0.034136000	108.405049	0.0	0.0
0.036439	0.034482100	108.233731	0.0	0.0
0.036776	0.034831200	108.063604	0.0	0.0
0.037117	0.035183300	107.894664	0.0	0.0
0.037461	0.035538400	107.726907	0.0	0.0
0.037807	0.035896700	107.560323	0.0	0.0
0.038158	0.036258100	107.394911	0.0	0.0
0.038511	0.036622600	107.230663	0.0	0.0
0.038868	0.036990300	107.067570	0.0	0.0
0.039228	0.037361200	106.905630	0.0	0.0
0.039591	0.037735400	106.744836	0.0	0.0
0.039958	0.038112800	106.585179	0.0	0.0
0.040328	0.038493500	106.426651	0.0	0.0
0.040701	0.038877600	106.269252	0.0	0.0
0.041078	0.039265000	106.112967	0.0	0.0
0.041459	0.039655800	105.957798	0.0	0.0
0.041843	0.040050100	105.803728	0.0	0.0
0.042230	0.040447800	105.650763	0.0	0.0
0.042622	0.040849000	105.498884	0.0	0.0
0.043016	0.041253700	105.348092	0.0	0.0
0.043415	0.041661900	105.198379	0.0	0.0
0.043817	0.042073800	105.049732	0.0	0.0
0.044223	0.042489300	104.902151	0.0	0.0
0.044632	0.042908400	104.755625	0.0	0.0
0.045046	0.043331300	104.610150	0.0	0.0
0.045463	0.043757900	104.465716	0.0	0.0
0.045884	0.044188200	104.322315	0.0	0.0
0.046309	0.044622300	104.179941	0.0	0.0
0.046738	0.045060300	104.038589	0.0	0.0
0.047171	0.045502100	103.898248	0.0	0.0
0.047608	0.045947900	103.758915	0.0	0.0
0.048049	0.046397600	103.620579	0.0	0.0
0.048494	0.046851300	103.483232	0.0	0.0
0.048943	0.047308900	103.346868	0.0	0.0
0.049396	0.047770700	103.211481	0.0	0.0
0.049854	0.048236600	103.077064	0.0	0.0
0.050315	0.048706600	102.943605	0.0	0.0
0.050782	0.049180700	102.811101	0.0	0.0
0.051252	0.049659100	102.679542	0.0	0.0
0.051727	0.050141700	102.548923	0.0	0.0
0.052206	0.050628600	102.419232	0.0	0.0
0.052689	0.051119900	102.290468	0.0	0.0
0.053177	0.051615600	102.162617	0.0	0.0
0.053670	0.052115600	102.035675	0.0	0.0
0.054167	0.052620100	101.909634	0.0	0.0
0.054669	0.053129100	101.784486	0.0	0.0
0.055175	0.053642700	101.660224	0.0	0.0
0.055686	0.054160900	101.536840	0.0	0.0
0.056202	0.054683600	101.414325	0.0	0.0
0.056722	0.055211100	101.292674	0.0	0.0
0.057248	0.055743200	101.171879	0.0	0.0
0.057778	0.056280200	101.051931	0.0	0.0
0.058313	0.056821900	100.932823	0.0	0.0
0.058853	0.057368500	100.814548	0.0	0.0
0.059398	0.057920000	100.697098	0.0	0.0
0.059948	0.058476500	100.580465	0.0	0.0
0.060504	0.059037900	100.464644	0.0	0.0
0.061064	0.059604400	100.349624	0.0	0.0
0.061630	0.060176000	100.235402	0.0	0.0
0.062200	0.060752700	100.121964	0.0	0.0
0.062777	0.061334600	100.009308	0.0	0.0
0.063358	0.061921700	99.897424	0.0	0.0
0.063945	0.062514200	99.786306	0.0	0.0
0.064537	0.063111900	99.675945	0.0	0.0
0.065135	0.063715100	99.566334	0.0	0.0
0.065738	0.064323700	99.457467	0.0	0.0
0.066347	0.064937700	99.349334	0.0	0.0
0.066962	0.065557300	99.241930	0.0	0.0
0.067582	0.066182500	99.135247	0.0	0.0
0.068208	0.066813300	99.029276	0.0	0.0
0.068840	0.067449900	98.924012	0.0	0.0
0.069477	0.068092200	98.819446	0.0	0.0
0.070121	0.068740300	98.715572	0.0	0.0
0.070770	0.069394300	98.612382	0.0	0.0
0.071426	0.070054100	98.509869	0.0	0.0
0.072087	0.070720000	98.408025	0.0	0.0
0.072755	0.071391800	98.306843	0.0	0.0
0.073429	0.072069800	98.206318	0.0	0.0
0.074109	0.072753900	98.106438	0.0	0.0
0.074795	0.073444300	98.007200	0.0	0.0
0.075488	0.074140900	97.908597	0.0	0.0
0.076187	0.074843800	97.810618	0.0	0.0
0.076893	0.075553000	97.713260	0.0	0.0
0.077605	0.076268700	97.616514	0.0	0.0
0.078324	0.076990900	97.520372	0.0	0.0
0.079049	0.077719700	97.424829	0.0	0.0
0.079781	0.078455200	97.329877	0.0	0.0
0.080520	0.079197200	97.235509	0.0	0.0
0.081266	0.079946100	97.141719	0.0	0.0
0.082019	0.080701800	97.048498	0.0	0.0
0.082779	0.081464300	96.955840	0.0	0.0
0.083545	0.082233700	96.863738	0.0	0.0
0.084319	0.083010200	96.772187	0.0	0.0
0.085100	0.083793800	96.681177	0.0	0.0
0.085888	0.084584500	96.590702	0.0	0.0
0.086684	0.085382400	96.500757	0.0	0.0
0.087487	0.086187600	96.411334	0.0	0.0
0.088297	0.087000100	96.322425	0.0	0.0
0.089115	0.087820000	96.234026	0.0	0.0
0.089940	0.088647400	96.146128	0.0	0.0
0.090773	0.089482400	96.058724	0.0	0.0
0.091614	0.090325000	95.971810	0.0	0.0
0.092463	0.091175300	95.885376	0.0	0.0
0.093319	0.092033400	95.799417	0.0	0.0
0.094183	0.092899300	95.713927	0.0	0.0
0.095056	0.093773100	95.628899	0.0	0.0
0.095936	0.094654900	95.544326	0.0	0.0
0.096825	0.095544800	95.460201	0.0	0.0
0.097721	0.096442900	95.376517	0.0	0.0
0.098627	0.097349100	95.293270	0.0	0.0
0.099540	0.098263700	95.210452	0.0	0.0
0.100462	0.099186500	95.128059	0.0	0.0
0.101393	0.100118000	95.046079	0.0	0.0
0.102332	0.101058000	94.964501	0.0	0.0
0.103280	0.102006000	94.883335	0.0	0.0
0.104236	0.102964000	94.802564	0.0	0.0
0.105202	0.103930000	94.722188	0.0	0.0
0.106176	0.104904000	94.642191	0.0	0.0
0.107159	0.105888000	94.562575	0.0	0.0
0.108152	0.106881000	94.483322	0.0	0.0
0.109154	0.107883000	94.404441	0.0	0.0
0.110165	0.108894000	94.325918	0.0	0.0
0.111185	0.109914000	94.247744	0.0	0.0
0.112215	0.110944000	94.169921	0.0	0.0
0.113254	0.111983000	94.092440	0.0	0.0
0.114303	0.113032000	94.015288	0.0	0.0
0.115362	0.114091000	93.938464	0.0	0.0
0.116430	0.115159000	93.861963	0.0	0.0
0.117509	0.116237000	93.785776	0.0	0.0
0.118597	0.117324000	93.709898	0.0	0.0
0.119696	0.118422000	93.634322	0.0	0.0
0.120804	0.119530000	93.559047	0.0	0.0
0.121923	0.120648000	93.484062	0.0	0.0
0.123052	0.121777000	93.409358	0.0	0.0
0.124192	0.122916000	93.334938	0.0	0.0
0.125342	0.124065000	93.260787	0.0	0.0
0.126503	0.125225000	93.186900	0.0	0.0
0.127675	0.126395000	93.113277	0.0	0.0
0.128858	0.127577000	93.039912	0.0	0.0
0.130051	0.128769000	92.966793	0.0	0.0
0.131256	0.129972000	92.893914	0.0	0.0
0.132471	0.131187000	92.821275	0.0	0.0
0.133698	0.132412000	92.748864	0.0	0.0
0.134937	0.133649000	92.676682	0.0	0.0
0.136187	0.134897000	92.604717	0.0	0.0
0.137448	0.136157000	92.532964	0.0	0.0
0.138721	0.137428000	92.461418	0.0	0.0
0.140006	0.138711000	92.390078	0.0	0.0
0.141303	0.140006000	92.318927	0.0	0.0
0.142611	0.141313000	92.247967	0.0	0.0
0.143932	0.142632000	92.177192	0.0	0.0
0.145265	0.143963000	92.106597	0.0	0.0
0.146611	0.145306000	92.036171	0.0	0.0
0.147969	0.146662000	91.965914	0.0	0.0
0.149339	0.148030000	91.895817	0.0	0.0
0.150723	0.149411000	91.825874	0.0	0.0
0.152119	0.150804000	91.756076	0.0	0.0
0.153528	0.152211000	91.686427	0.0	0.0
0.154950	0.153630000	91.616913	0.0	0.0
0.156385	0.155063000	91.547529	0.0	0.0
0.157833	0.156509000	91.478276	0.0	0.0
0.159295	0.157968000	91.409138	0.0	0.0
0.160770	0.159441000	91.340117	0.0	0.0
0.162260	0.160927000	91.271203	0.0	0.0
0.163762	0.162427000	91.202391	0.0	0.0
0.165279	0.163941000	91.133677	0.0	0.0
0.166810	0.165469000	91.065052	0.0	0.0
0.168355	0.167011000	90.996517	0.0	0.0
0.169914	0.168568000	90.928061	0.0	0.0
0.171488	0.170138000	90.859678	0.0	0.0
0.173077	0.171724000	90.791361	0.0	0.0
0.174680	0.173324000	90.723113	0.0	0.0
0.176298	0.174938000	90.654919	0.0	0.0
0.177930	0.176568000	90.586776	0.0	0.0
0.179579	0.178213000	90.518675	0.0	0.0
0.181242	0.179873000	90.450617	0.0	0.0
0.182921	0.181548000	90.382594	0.0	0.0
0.184615	0.183239000	90.314601	0.0	0.0
0.186325	0.184946000	90.246630	0.0	0.0
0.188050	0.186668000	90.178674	0.0	0.0
0.189792	0.188407000	90.110729	0.0	0.0
0.191550	0.190161000	90.042791	0.0	0.0
0.193324	0.191932000	89.974856	0.0	0.0
0.195115	0.193719000	89.906912	0.0	0.0
0.196922	0.195523000	89.838957	0.0	0.0
0.198746	0.197343000	89.770982	0.0	0.0
0.200587	0.199180000	89.702987	0.0	0.0
0.202445	0.201035000	89.634962	0.0	0.0
0.204320	0.202906000	89.566907	0.0	0.0
0.206212	0.204795000	89.498806	0.0	0.0
0.208122	0.206701000	89.430661	0.0	0.0
0.210050	0.208625000	89.362467	0.0	0.0
0.211995	0.210567000	89.294215	0.0	0.0
0.213959	0.212527000	89.225896	0.0	0.0
0.215941	0.214505000	89.157511	0.0	0.0
0.217941	0.216502000	89.089050	0.0	0.0
0.219959	0.218517000	89.020509	0.0	0.0
0.221997	0.220551000	88.951882	0.0	0.0
0.224053	0.222603000	88.883162	0.0	0.0
0.226128	0.224675000	88.814345	0.0	0.0
0.228222	0.226766000	88.745425	0.0	0.0
0.230336	0.228876000	88.676392	0.0	0.0
0.232470	0.231006000	88.607246	0.0	0.0
0.234623	0.233156000	88.537977	0.0	0.0
0.236796	0.235325000	88.468582	0.0	0.0
0.238989	0.237515000	88.399052	0.0	0.0
0.241203	0.239725000	88.329387	0.0	0.0
0.243437	0.241956000	88.259573	0.0	0.0
0.245692	0.244207000	88.189611	0.0	0.0
0.247967	0.246479000	88.119489	0.0	0.0
0.250264	0.248773000	88.049206	0.0	0.0
0.252582	0.251087000	87.978754	0.0	0.0
0.254922	0.253424000	87.908126	0.0	0.0
0.257283	0.255781000	87.837319	0.0	0.0
0.259666	0.258161000	87.766324	0.0	0.0
0.262071	0.260563000	87.695135	0.0	0.0
0.264498	0.262987000	87.623750	0.0	0.0
0.266948	0.265434000	87.552159	0.0	0.0
0.269420	0.267904000	87.480353	0.0	0.0
0.271916	0.270396000	87.408333	0.0	0.0
0.274434	0.272912000	87.336090	0.0	0.0
0.276976	0.275451000	87.263615	0.0	0.0
0.279542	0.278013000	87.190906	0.0	0.0
0.282131	0.280600000	87.117953	0.0	0.0
0.284744	0.283210000	87.044754	0.0	0.0
0.287381	0.285845000	86.971298	0.0	0.0
0.290043	0.288504000	86.897584	0.0	0.0
0.292730	0.291188000	86.823599	0.0	0.0
0.295441	0.293897000	86.749343	0.0	0.0
0.298177	0.296631000	86.674807	0.0	0.0
0.300939	0.299391000	86.599983	0.0	0.0
0.303726	0.302176000	86.524866	0.0	0.0
0.306540	0.304987000	86.449453	0.0	0.0
0.309379	0.307824000	86.373730	0.0	0.0
0.312244	0.310688000	86.297698	0.0	0.0
0.315136	0.313578000	86.221348	0.0	0.0
0.318055	0.316495000	86.144670	0.0	0.0
0.321001	0.319439000	86.067660	0.0	0.0
0.323974	0.322411000	85.990312	0.0	0.0
0.326975	0.325410000	85.912620	0.0	0.0
0.330004	0.328437000	85.834575	0.0	0.0
0.333060	0.331492000	85.756174	0.0	0.0
0.336145	0.334576000	85.677404	0.0	0.0
0.339258	0.337688000	85.598264	0.0	0.0
0.342401	0.340829000	85.518744	0.0	0.0
0.345572	0.343999000	85.438838	0.0	0.0
0.348773	0.347199000	85.358541	0.0	0.0
0.352003	0.350429000	85.277843	0.0	0.0
0.355264	0.353688000	85.196736	0.0	0.0
0.358554	0.356978000	85.115218	0.0	0.0
0.361875	0.360298000	85.033279	0.0	0.0
0.365227	0.363649000	84.950913	0.0	0.0
0.368610	0.367032000	84.868111	0.0	0.0
0.372024	0.370445000	84.784866	0.0	0.0
0.375469	0.373891000	84.701173	0.0	0.0
0.378947	0.377368000	84.617022	0.0	0.0
0.382457	0.380878000	84.532408	0.0	0.0
0.385999	0.384420000	84.447322	0.0	0.0
0.389575	0.387995000	84.361758	0.0	0.0
0.393183	0.391604000	84.275708	0.0	0.0
0.396825	0.395246000	84.189165	0.0	0.0
0.400500	0.398921000	84.102119	0.0	0.0
0.404210	0.402631000	84.014565	0.0	0.0
0.407954	0.406375000	83.926494	0.0	0.0
0.411732	0.410154000	83.837901	0.0	0.0
0.415546	0.413968000	83.748776	0.0	0.0
0.419394	0.417817000	83.659109	0.0	0.0
0.423279	0.421702000	83.568896	0.0	0.0
0.427199	0.425623000	83.478128	0.0	0.0
0.431156	0.429580000	83.386796	0.0	0.0
0.435150	0.433574000	83.294892	0.0	0.0
0.439180	0.437605000	83.202411	0.0	0.0
0.443248	0.441673000	83.109341	0.0	0.0
0.447353	0.445779000	83.015677	0.0	0.0
0.451497	0.449923000	82.921407	0.0	0.0
0.455679	0.454106000	82.826527	0.0	0.0
0.459899	0.458327000	82.731025	0.0	0.0
0.464159	0.462587000	82.634895	0.0	0.0
0.468458	0.466886000	82.538128	0.0	0.0
0.472797	0.471226000	82.440713	0.0	0.0
0.477176	0.475606000	82.342646	0.0	0.0
0.481596	0.480025000	82.243915	0.0	0.0
0.486056	0.484487000	82.144513	0.0	0.0
0.490558	0.488989000	82.044429	0.0	0.0
0.495102	0.493533000	81.943657	0.0	0.0
0.499688	0.498119000	81.842187	0.0	0.0
0.504316	0.502747000	81.740009	0.0	0.0
0.508987	0.507418000	81.637113	0.0	0.0
0.513701	0.512132000	81.533492	0.0	0.0
0.518459	0.516890000	81.429137	0.0	0.0
0.523261	0.521692000	81.324039	0.0	0.0
0.528108	0.526538000	81.218185	0.0	0.0
0.532999	0.531429000	81.111571	0.0	0.0
0.537936	0.536366000	81.004182	0.0	0.0
0.542919	0.541347000	80.896014	0.0	0.0
0.547947	0.546375000	80.787053	0.0	0.0
0.553022	0.551450000	80.677290	0.0	0.0
0.558145	0.556571000	80.566716	0.0	0.0
0.563314	0.561740000	80.455320	0.0	0.0
0.568532	0.566956000	80.343095	0.0	0.0
0.573798	0.572221000	80.230028	0.0	0.0
0.579112	0.577535000	80.116108	0.0	0.0
0.584476	0.582897000	80.001329	0.0	0.0
0.589890	0.588309000	79.885677	0.0	0.0
0.595353	0.593772000	79.769142	0.0	0.0
0.600868	0.599285000	79.651714	0.0	0.0
0.606433	0.604849000	79.533384	0.0	0.0
0.612050	0.610464000	79.414138	0.0	0.0
0.617719	0.616132000	79.293966	0.0	0.0
0.623440	0.621852000	79.172860	0.0	0.0
0.629215	0.627626000	79.050807	0.0	0.0
0.635043	0.633452000	78.927795	0.0	0.0
0.640924	0.639333000	78.803814	0.0	0.0
0.646861	0.645269000	78.678851	0.0	0.0
0.652852	0.651260000	78.552898	0.0	0.0
0.658899	0.657306000	78.425939	0.0	0.0
0.665002	0.663409000	78.297967	0.0	0.0
0.671161	0.669569000	78.168967	0.0	0.0
0.677378	0.675786000	78.038928	0.0	0.0
0.683652	0.682061000	77.907839	0.0	0.0
0.689984	0.688395000	77.775686	0.0	0.0
0.696375	0.694788000	77.642457	0.0	0.0
0.702824	0.701241000	77.508143	0.0	0.0
0.709334	0.707754000	77.372727	0.0	0.0
0.715904	0.714328000	77.236199	0.0	0.0
0.722535	0.720964000	77.098547	0.0	0.0
0.729227	0.727662000	76.959755	0.0	0.0
0.735981	0.734424000	76.819814	0.0	0.0
0.742798	0.741249000	76.678708	0.0	0.0
0.749678	0.748138000	76.536423	0.0	0.0
0.756622	0.755093000	76.392948	0.0	0.0
0.763630	0.762113000	76.248272	0.0	0.0
0.770703	0.769199000	76.102376	0.0	0.0
0.777841	0.776353000	75.955249	0.0	0.0
0.785046	0.783574000	75.806876	0.0	0.0
0.792317	0.790864000	75.657243	0.0	0.0
0.799656	0.798224000	75.506338	0.0	0.0
0.807062	0.805653000	75.354146	0.0	0.0
0.814537	0.813154000	75.200650	0.0	0.0
0.822082	0.820725000	75.045837	0.0	0.0
0.829696	0.828370000	74.889692	0.0	0.0
0.837381	0.836087000	74.732201	0.0	0.0
0.845137	0.843878000	74.573350	0.0	0.0
0.852964	0.851744000	74.413120	0.0	0.0
0.860865	0.859686000	74.251496	0.0	0.0
0.868838	0.867703000	74.088465	0.0	0.0
0.876886	0.875798000	73.924012	0.0	0.0
0.885008	0.883971000	73.758117	0.0	0.0
0.893205	0.892222000	73.590766	0.0	0.0
0.901478	0.900553000	73.421944	0.0	0.0
0.909827	0.908964000	73.251632	0.0	0.0
0.918254	0.917457000	73.079814	0.0	0.0
0.926759	0.926031000	72.906476	0.0	0.0
0.935343	0.934688000	72.731595	0.0	0.0
0.944007	0.943429000	72.555160	0.0	0.0
0.952750	0.952254000	72.377152	0.0	0.0
0.961575	0.961164000	72.197549	0.0	0.0
0.970481	0.970160000	72.016338	0.0	0.0
0.979470	0.979243000	71.833499	0.0	0.0
0.988542	0.988413000	71.649015	0.0	0.0
0.997698	0.997671000	71.462865	0.0	0.0
1.006939	1.007020000	71.275027	0.0	0.0
1.016265	1.016450000	71.085502	0.0	0.0
1.025678	1.025980000	70.894244	0.0	0.0
1.035178	1.035600000	70.701248	0.0	0.0
1.044766	1.045310000	70.506493	0.0	0.0
1.054443	1.055110000	70.309954	0.0	0.0
1.064209	1.065010000	70.111627	0.0	0.0
1.074066	1.074990000	69.911469	0.0	0.0
1.084014	1.085080000	69.709477	0.0	0.0
1.094055	1.095250000	69.505605	0.0	0.0
1.104188	1.105530000	69.299870	0.0	0.0
1.114415	1.115890000	69.092229	0.0	0.0
1.124737	1.126360000	68.882656	0.0	0.0
1.135155	1.136920000	68.671128	0.0	0.0
1.145669	1.147570000	68.457640	0.0	0.0
1.156280	1.158330000	68.242167	0.0	0.0
1.166990	1.169180000	68.024666	0.0	0.0
1.177799	1.180130000	67.805130	0.0	0.0
1.188708	1.191180000	67.583535	0.0	0.0
1.199718	1.202330000	67.359857	0.0	0.0
1.210830	1.213570000	67.134070	0.0	0.0
1.222045	1.224910000	66.906148	0.0	0.0
1.233363	1.236360000	66.676087	0.0	0.0
1.244787	1.247900000	66.443820	0.0	0.0
1.256317	1.259540000	66.209342	0.0	0.0
1.267953	1.271290000	65.972648	0.0	0.0
1.279697	1.283130000	65.733690	0.0	0.0
1.291550	1.295070000	65.492444	0.0	0.0
1.303512	1.307120000	65.248902	0.0	0.0
1.315586	1.319260000	65.002998	0.0	0.0
1.327771	1.331500000	64.754745	0.0	0.0
1.340069	1.343850000	64.504097	0.0	0.0
1.352481	1.356300000	64.251027	0.0	0.0
1.365008	1.368850000	63.995507	0.0	0.0
1.377651	1.381500000	63.737510	0.0	0.0
1.390411	1.394260000	63.477008	0.0	0.0
1.403289	1.407120000	63.213974	0.0	0.0
1.416287	1.420080000	62.948359	0.0	0.0
1.429405	1.433150000	62.680156	0.0	0.0
1.442644	1.446320000	62.409337	0.0	0.0
1.456006	1.459600000	62.135851	0.0	0.0
1.469492	1.472990000	61.859671	0.0	0.0
1.483103	1.486490000	61.580768	0.0	0.0
1.496839	1.500100000	61.299133	0.0	0.0
1.510703	1.513820000	61.014695	0.0	0.0
1.524696	1.527650000	60.727424	0.0	0.0
1.538818	1.541590000	60.437313	0.0	0.0
1.553071	1.555650000	60.144309	0.0	0.0
1.567455	1.569830000	59.848402	0.0	0.0
1.581973	1.584130000	59.549522	0.0	0.0
1.596626	1.598550000	59.247638	0.0	0.0
1.611414	1.613090000	58.942738	0.0	0.0
1.626340	1.627760000	58.634750	0.0	0.0
1.641403	1.642550000	58.323683	0.0	0.0
1.656606	1.657480000	58.009465	0.0	0.0
1.671950	1.672530000	57.692063	0.0	0.0
1.687436	1.687720000	57.371445	0.0	0.0
1.703065	1.703040000	57.047577	0.0	0.0
1.718839	1.718500000	56.720406	0.0	0.0
1.734759	1.734100000	56.389899	0.0	0.0
1.750827	1.749840000	56.056001	0.0	0.0
1.767044	1.765720000	55.718678	0.0	0.0
1.783410	1.781740000	55.377916	0.0	0.0
1.799929	1.797910000	55.033618	0.0	0.0
1.816600	1.814220000	54.685792	0.0	0.0
1.833425	1.830670000	54.334380	0.0	0.0
1.850407	1.847270000	53.979306	0.0	0.0
1.867546	1.864020000	53.620554	0.0	0.0
1.884843	1.880910000	53.258088	0.0	0.0
1.902301	1.897940000	52.891830	0.0	0.0
1.919921	1.915120000	52.521742	0.0	0.0
1.937703	1.932430000	52.147809	0.0	0.0
1.955651	1.949880000	51.769929	0.0	0.0
1.973764	1.967470000	51.388106	0.0	0.0
1.992046	1.985190000	51.002239	0.0	0.0
2.010496	2.003040000	50.612332	0.0	0.0
2.029118	2.021010000	50.218282	0.0	0.0
2.047912	2.039100000	49.820070	0.0	0.0
2.066880	2.057310000	49.417636	0.0	0.0
2.086024	2.075630000	49.010918	0.0	0.0
2.105345	2.094060000	48.599877	0.0	0.0
2.124845	2.112600000	48.184449	0.0	0.0
2.144526	2.131240000	47.764572	0.0	0.0
2.164389	2.149970000	47.340205	0.0	0.0
2.184436	2.168800000	46.911285	0.0	0.0
2.204669	2.187710000	46.477748	0.0	0.0
2.225089	2.206720000	46.039552	0.0	0.0
2.245698	2.225810000	45.596632	0.0	0.0
2.266498	2.244990000	45.148925	0.0	0.0
2.287491	2.264250000	44.696364	0.0	0.0
2.308678	2.283600000	44.238906	0.0	0.0
2.330061	2.303040000	43.776487	0.0	0.0
2.351643	2.322560000	43.309018	0.0	0.0
2.373424	2.342180000	42.836477	0.0	0.0
2.395407	2.361900000	42.358775	0.0	0.0
2.417594	2.381720000	41.875847	0.0	0.0
2.439986	2.401650000	41.387648	0.0	0.0
2.462586	2.421700000	40.894088	0.0	0.0
2.485395	2.441870000	40.395122	0.0	0.0
2.508415	2.462170000	39.890684	0.0	0.0
2.531648	2.482610000	39.380705	0.0	0.0
2.555097	2.503190000	38.865097	0.0	0.0
2.578763	2.523920000	38.343815	0.0	0.0
2.602648	2.544810000	37.816790	0.0	0.0
2.626754	2.565860000	37.283956	0.0	0.0
2.651084	2.587080000	36.745222	0.0	0.0
2.675638	2.608460000	36.200568	0.0	0.0
2.700421	2.630000000	35.649858	0.0	0.0
2.725433	2.651710000	35.093070	0.0	0.0
2.750676	2.673570000	34.530139	0.0	0.0
2.776153	2.695590000	33.960976	0.0	0.0
2.801867	2.717740000	33.385493	0.0	0.0
2.827818	2.740030000	32.803669	0.0	0.0
2.854010	2.762430000	32.215397	0.0	0.0
2.880444	2.784930000	31.620633	0.0	0.0
2.907123	2.807510000	31.019293	0.0	0.0
2.934050	2.830160000	30.411292	0.0	0.0
2.961225	2.852850000	29.796613	0.0	0.0
2.988653	2.875570000	29.175129	0.0	0.0
3.016334	2.898300000	28.546826	0.0	0.0
3.044272	2.921020000	27.911600	0.0	0.0
3.072469	2.943720000	27.269396	0.0	0.0
3.100927	2.966390000	26.620157	0.0	0.0
3.129648	2.989010000	25.963831	0.0	0.0
3.158635	3.011590000	25.300344	0.0	0.0
3.187891	3.034120000	24.629622	0.0	0.0
3.217418	3.056600000	23.951618	0.0	0.0
3.247218	3.079050000	23.266287	0.0	0.0
3.277295	3.101460000	22.573539	0.0	0.0
3.307650	3.123860000	21.873357	0.0	0.0
3.338286	3.146250000	21.165680	0.0	0.0
3.369206	3.168660000	20.450451	0.0	0.0
3.400412	3.191080000	19.727637	0.0	0.0
3.431907	3.213550000	18.997186	0.0	0.0
3.463694	3.236060000	18.259051	0.0	0.0
3.495776	3.258630000	17.513186	0.0	0.0
3.528154	3.281240000	16.759598	0.0	0.0
3.560833	3.303890000	15.998203	0.0	0.0
3.593814	3.326560000	15.229015	0.0	0.0
3.627100	3.349230000	14.452008	0.0	0.0
3.660695	3.371860000	13.667134	0.0	0.0
3.694601	3.394400000	12.874398	0.0	0.0
3.728821	3.416800000	12.073789	0.0	0.0
3.763358	3.439010000	11.265298	0.0	0.0
3.798215	3.460960000	10.448925	0.0	0.0
3.833395	3.482590000	9.624673	0.0	0.0
3.868901	3.503830000	8.792554	0.0	0.0
3.904735	3.524630000	7.952607	0.0	0.0
3.940902	3.544930000	7.104811	0.0	0.0
3.977403	3.564680000	6.249242	0.0	0.0
4.014242	3.583870000	5.385915	0.0	0.0
4.051423	3.602450000	4.514852	0.0	0.0
4.088948	3.620440000	3.636130	0.0	0.0
4.126821	3.637830000	2.749786	0.0	0.0
4.165044	3.654640000	1.855912	0.0	0.0
4.203622	3.670880000	0.954539	0.0	0.0
4.242556	3.686600000	0.045799	0.0	0.0
4.281852	3.701810000	-0.870285	0.0	0.0
4.321511	3.716540000	-1.793562	0.0	0.0
4.361538	3.730800000	-2.723968	0.0	0.0
4.401935	3.744580000	-3.661359	0.0	0.0
4.442707	3.757870000	-4.605651	0.0	0.0
4.483856	3.770630000	-5.556683	0.0	0.0
4.525386	3.782780000	-6.514330	0.0	0.0
4.567301	3.794270000	-7.478458	0.0	0.0
4.609604	3.804980000	-8.448900	0.0	0.0
4.652300	3.814820000	-9.425528	0.0	0.0
4.695390	3.823680000	-10.408111	0.0	0.0
4.738880	3.831470000	-11.396523	0.0	0.0
4.782772	3.838110000	-12.390541	0.0	0.0
4.827071	3.843530000	-13.389998	0.0	0.0
4.871780	3.847710000	-14.394675	0.0	0.0
4.916904	3.850660000	-15.404389	0.0	0.0
4.962445	3.852410000	-16.418882	0.0	0.0
5.008408	3.853040000	-17.437955	0.0	0.0
5.054797	3.852640000	-18.461379	0.0	0.0
5.101615	3.851320000	-19.488897	0.0	0.0
5.148867	3.849210000	-20.520286	0.0	0.0
5.196557	3.846410000	-21.555298	0.0	0.0
5.244689	3.843010000	-22.593676	0.0	0.0
5.293266	3.839040000	-23.635139	0.0	0.0
5.342293	3.834530000	-24.679442	0.0	0.0
5.391775	3.829430000	-25.726334	0.0	0.0
5.441714	3.823680000	-26.775499	0.0	0.0
5.492116	3.817170000	-27.826700	0.0	0.0
5.542986	3.809800000	-28.879675	0.0	0.0
5.594326	3.801450000	-29.934099	0.0	0.0
5.646141	3.792040000	-30.989707	0.0	0.0
5.698437	3.781530000	-32.046250	0.0	0.0
5.751217	3.769930000	-33.103421	0.0	0.0
5.804486	3.757320000	-34.160950	0.0	0.0
5.858248	3.743830000	-35.218548	0.0	0.0
5.912508	3.729630000	-36.275947	0.0	0.0
5.967271	3.714920000	-37.332880	0.0	0.0
6.022541	3.699890000	-38.389062	0.0	0.0
6.078323	3.684700000	-39.444229	0.0	0.0
6.134622	3.669430000	-40.498121	0.0	0.0
6.191442	3.654080000	-41.550463	0.0	0.0
6.248788	3.638590000	-42.600999	0.0	0.0
6.306666	3.622800000	-43.649499	0.0	0.0
6.365079	3.606480000	-44.695681	0.0	0.0
6.424034	3.589410000	-45.739342	0.0	0.0
6.483534	3.571380000	-46.780209	0.0	0.0
6.543586	3.552250000	-47.818089	0.0	0.0
6.604194	3.531980000	-48.852741	0.0	0.0
6.665363	3.510640000	-49.883947	0.0	0.0
6.727099	3.488420000	-50.911514	0.0	0.0
6.789407	3.465540000	-51.935235	0.0	0.0
6.852292	3.442270000	-52.954914	0.0	0.0
6.915759	3.418810000	-53.970359	0.0	0.0
6.979814	3.395240000	-54.981404	0.0	0.0
7.044462	3.371520000	-55.987871	0.0	0.0
7.109709	3.347410000	-56.989607	0.0	0.0
7.175561	3.322590000	-57.986464	0.0	0.0
7.242022	3.296670000	-58.978272	0.0	0.0
7.309099	3.269350000	-59.964915	0.0	0.0
7.376798	3.240490000	-60.946265	0.0	0.0
7.445123	3.210230000	-61.922175	0.0	0.0
7.514081	3.178980000	-62.892548	0.0	0.0
7.583678	3.147360000	-63.857279	0.0	0.0
7.653919	3.116040000	-64.816255	0.0	0.0
7.724811	3.085430000	-65.769398	0.0	0.0
7.796360	3.055350000	-66.716623	0.0	0.0
7.868572	3.024730000	-67.657850	0.0	0.0
7.941452	2.991320000	-68.592993	0.0	0.0
8.015007	2.951580000	-69.521997	0.0	0.0
8.089243	2.900870000	-70.444803	0.0	0.0
8.164168	2.833760000	-71.361377	0.0	0.0
8.239786	2.744730000	-72.271646	0.0	0.0
8.316104	2.628910000	-73.175575	0.0	0.0
8.393129	2.483010000	-74.073137	0.0	0.0
8.470868	2.306030000	-74.964306	0.0	0.0
8.549327	2.099840000	-75.849052	0.0	0.0
8.628513	1.869320000	-76.727358	0.0	0.0
8.708431	1.622110000	-77.599192	0.0	0.0
8.789091	1.367900000	-78.464577	0.0	0.0
8.870497	1.117370000	-79.323476	0.0	0.0
8.952657	0.880976000	-80.175899	0.0	0.0
9.035578	0.667742000	-81.021848	0.0	0.0
9.119268	0.484272000	-81.861338	0.0	0.0
9.203732	0.334153000	-82.694355	0.0	0.0
9.288979	0.217826000	-83.520931	0.0	0.0
9.375015	0.132933000	-84.341066	0.0	0.0
9.461848	0.075021800	-85.154786	0.0	0.0
9.549486	0.038476300	-85.962116	0.0	0.0
9.637935	0.017455600	-86.763066	0.0	0.0
9.727203	0.006685820	-87.557664	0.0	0.0
9.817298	0.001969530	-88.345941	0.0	0.0
9.908228	0.000358394	-89.127930	0.0	0.0
10.000000	0.000001419	-89.903653	0.0	0.0

