# UNCLASSIFIED
#
# Response info for SADO broad-band site.
#
# Effective: 20 Jul 1994
# Creation date: 6 Apr 2009
# File name: SADO.BB.774662400
#
# Source: James Neely (TTD), TSgt Swindle (TTD)
# System equipment: Guralp CMG3-ESP seismometer Canadian CNSN Digitizer.
#
# The response file was derived from equations of state.
# Displacement response normalized to 1.0 at 1.0 Hz.
#
# The calib values for this configuration are as follows:
#
# SADO BHZ is 0.031800 nm/count at 1.0 Hz.
# SADO BHN is 0.031800 nm/count at 1.0 Hz.
# SADO BHE is 0.031800 nm/count at 1.0 Hz.
#
# Freq(Hz)     Amp(counts/nm)    Phase(deg)   Error(amp) Error(phase)
#
 theoretical   0   instrument   fap
1000
0.001000	0.000005884	256.970083	0.0	0.0
0.001010	0.000006059	256.843223	0.0	0.0
0.001020	0.000006240	256.715189	0.0	0.0
0.001030	0.000006426	256.585971	0.0	0.0
0.001040	0.000006617	256.455560	0.0	0.0
0.001051	0.000006814	256.323935	0.0	0.0
0.001061	0.000007016	256.191098	0.0	0.0
0.001072	0.000007225	256.057042	0.0	0.0
0.001083	0.000007440	255.921743	0.0	0.0
0.001093	0.000007661	255.785207	0.0	0.0
0.001104	0.000007888	255.647424	0.0	0.0
0.001115	0.000008123	255.508374	0.0	0.0
0.001126	0.000008364	255.368048	0.0	0.0
0.001138	0.000008612	255.226450	0.0	0.0
0.001149	0.000008867	255.083559	0.0	0.0
0.001160	0.000009130	254.939369	0.0	0.0
0.001172	0.000009401	254.793870	0.0	0.0
0.001184	0.000009680	254.647055	0.0	0.0
0.001195	0.000009966	254.498904	0.0	0.0
0.001207	0.000010262	254.349422	0.0	0.0
0.001219	0.000010565	254.198601	0.0	0.0
0.001231	0.000010878	254.046410	0.0	0.0
0.001244	0.000011200	253.892866	0.0	0.0
0.001256	0.000011531	253.737938	0.0	0.0
0.001269	0.000011872	253.581632	0.0	0.0
0.001281	0.000012223	253.423928	0.0	0.0
0.001294	0.000012584	253.264832	0.0	0.0
0.001307	0.000012955	253.104314	0.0	0.0
0.001320	0.000013338	252.942380	0.0	0.0
0.001333	0.000013731	252.779012	0.0	0.0
0.001346	0.000014136	252.614205	0.0	0.0
0.001360	0.000014553	252.447939	0.0	0.0
0.001373	0.000014981	252.280223	0.0	0.0
0.001387	0.000015422	252.111040	0.0	0.0
0.001401	0.000015876	251.940384	0.0	0.0
0.001415	0.000016343	251.768238	0.0	0.0
0.001429	0.000016824	251.594599	0.0	0.0
0.001443	0.000017319	251.419461	0.0	0.0
0.001457	0.000017827	251.242809	0.0	0.0
0.001472	0.000018351	251.064627	0.0	0.0
0.001487	0.000018889	250.884923	0.0	0.0
0.001501	0.000019443	250.703683	0.0	0.0
0.001516	0.000020013	250.520890	0.0	0.0
0.001532	0.000020599	250.336543	0.0	0.0
0.001547	0.000021203	250.150638	0.0	0.0
0.001562	0.000021823	249.963161	0.0	0.0
0.001578	0.000022461	249.774099	0.0	0.0
0.001593	0.000023118	249.583449	0.0	0.0
0.001609	0.000023793	249.391198	0.0	0.0
0.001625	0.000024488	249.197356	0.0	0.0
0.001642	0.000025203	249.001888	0.0	0.0
0.001658	0.000025937	248.804804	0.0	0.0
0.001674	0.000026693	248.606105	0.0	0.0
0.001691	0.000027471	248.405753	0.0	0.0
0.001708	0.000028270	248.203774	0.0	0.0
0.001725	0.000029092	248.000144	0.0	0.0
0.001742	0.000029938	247.794853	0.0	0.0
0.001760	0.000030807	247.587901	0.0	0.0
0.001777	0.000031701	247.379279	0.0	0.0
0.001795	0.000032621	247.168976	0.0	0.0
0.001813	0.000033566	246.956996	0.0	0.0
0.001831	0.000034538	246.743328	0.0	0.0
0.001849	0.000035538	246.527964	0.0	0.0
0.001867	0.000036566	246.310897	0.0	0.0
0.001886	0.000037622	246.092128	0.0	0.0
0.001905	0.000038708	245.871641	0.0	0.0
0.001924	0.000039825	245.649449	0.0	0.0
0.001943	0.000040973	245.425525	0.0	0.0
0.001962	0.000042153	245.199872	0.0	0.0
0.001982	0.000043366	244.972486	0.0	0.0
0.002002	0.000044613	244.743371	0.0	0.0
0.002022	0.000045895	244.512501	0.0	0.0
0.002042	0.000047212	244.279906	0.0	0.0
0.002062	0.000048566	244.045546	0.0	0.0
0.002083	0.000049957	243.809441	0.0	0.0
0.002103	0.000051387	243.571576	0.0	0.0
0.002124	0.000052857	243.331961	0.0	0.0
0.002145	0.000054367	243.090571	0.0	0.0
0.002167	0.000055919	242.847425	0.0	0.0
0.002188	0.000057514	242.602513	0.0	0.0
0.002210	0.000059152	242.355833	0.0	0.0
0.002232	0.000060836	242.107385	0.0	0.0
0.002254	0.000062565	241.857158	0.0	0.0
0.002277	0.000064342	241.605164	0.0	0.0
0.002300	0.000066168	241.351394	0.0	0.0
0.002322	0.000068043	241.095849	0.0	0.0
0.002346	0.000069969	240.838533	0.0	0.0
0.002369	0.000071948	240.579436	0.0	0.0
0.002393	0.000073981	240.318563	0.0	0.0
0.002416	0.000076068	240.055929	0.0	0.0
0.002441	0.000078212	239.791505	0.0	0.0
0.002465	0.000080414	239.525319	0.0	0.0
0.002489	0.000082676	239.257365	0.0	0.0
0.002514	0.000084998	238.987640	0.0	0.0
0.002539	0.000087382	238.716150	0.0	0.0
0.002565	0.000089830	238.442892	0.0	0.0
0.002590	0.000092344	238.167886	0.0	0.0
0.002616	0.000094925	237.891117	0.0	0.0
0.002642	0.000097575	237.612597	0.0	0.0
0.002668	0.000100295	237.332323	0.0	0.0
0.002695	0.000103088	237.050308	0.0	0.0
0.002722	0.000105954	236.766551	0.0	0.0
0.002749	0.000108897	236.481054	0.0	0.0
0.002776	0.000111916	236.193840	0.0	0.0
0.002804	0.000115016	235.904890	0.0	0.0
0.002832	0.000118197	235.614230	0.0	0.0
0.002860	0.000121461	235.321862	0.0	0.0
0.002888	0.000124811	235.027792	0.0	0.0
0.002917	0.000128248	234.732024	0.0	0.0
0.002946	0.000131774	234.434565	0.0	0.0
0.002976	0.000135393	234.135422	0.0	0.0
0.003005	0.000139105	233.834622	0.0	0.0
0.003035	0.000142913	233.532143	0.0	0.0
0.003066	0.000146820	233.228024	0.0	0.0
0.003096	0.000150827	232.922254	0.0	0.0
0.003127	0.000154938	232.614853	0.0	0.0
0.003158	0.000159154	232.305832	0.0	0.0
0.003190	0.000163477	231.995193	0.0	0.0
0.003221	0.000167911	231.682958	0.0	0.0
0.003253	0.000172458	231.369129	0.0	0.0
0.003286	0.000177121	231.053730	0.0	0.0
0.003319	0.000181901	230.736755	0.0	0.0
0.003352	0.000186803	230.418239	0.0	0.0
0.003385	0.000191828	230.098177	0.0	0.0
0.003419	0.000196980	229.776587	0.0	0.0
0.003453	0.000202261	229.453494	0.0	0.0
0.003487	0.000207674	229.128896	0.0	0.0
0.003522	0.000213222	228.802813	0.0	0.0
0.003557	0.000218909	228.475271	0.0	0.0
0.003592	0.000224737	228.146262	0.0	0.0
0.003628	0.000230709	227.815825	0.0	0.0
0.003664	0.000236829	227.483962	0.0	0.0
0.003701	0.000243100	227.150694	0.0	0.0
0.003738	0.000249525	226.816043	0.0	0.0
0.003775	0.000256108	226.480013	0.0	0.0
0.003813	0.000262852	226.142627	0.0	0.0
0.003851	0.000269760	225.803900	0.0	0.0
0.003889	0.000276837	225.463855	0.0	0.0
0.003928	0.000284085	225.122501	0.0	0.0
0.003967	0.000291509	224.779870	0.0	0.0
0.004006	0.000299112	224.435972	0.0	0.0
0.004046	0.000306899	224.090824	0.0	0.0
0.004087	0.000314872	223.744443	0.0	0.0
0.004127	0.000323036	223.396859	0.0	0.0
0.004168	0.000331395	223.048089	0.0	0.0
0.004210	0.000339954	222.698137	0.0	0.0
0.004252	0.000348715	222.347039	0.0	0.0
0.004294	0.000357685	221.994810	0.0	0.0
0.004337	0.000366866	221.641469	0.0	0.0
0.004380	0.000376263	221.287039	0.0	0.0
0.004424	0.000385882	220.931534	0.0	0.0
0.004468	0.000395725	220.574978	0.0	0.0
0.004512	0.000405799	220.217401	0.0	0.0
0.004557	0.000416108	219.858810	0.0	0.0
0.004603	0.000426656	219.499231	0.0	0.0
0.004649	0.000437449	219.138688	0.0	0.0
0.004695	0.000448491	218.777198	0.0	0.0
0.004742	0.000459787	218.414779	0.0	0.0
0.004789	0.000471343	218.051456	0.0	0.0
0.004837	0.000483164	217.687255	0.0	0.0
0.004885	0.000495256	217.322196	0.0	0.0
0.004934	0.000507622	216.956289	0.0	0.0
0.004983	0.000520270	216.589569	0.0	0.0
0.005032	0.000533205	216.222050	0.0	0.0
0.005082	0.000546432	215.853750	0.0	0.0
0.005133	0.000559957	215.484698	0.0	0.0
0.005184	0.000573786	215.114908	0.0	0.0
0.005236	0.000587925	214.744408	0.0	0.0
0.005288	0.000602381	214.373211	0.0	0.0
0.005341	0.000617159	214.001347	0.0	0.0
0.005394	0.000632265	213.628831	0.0	0.0
0.005448	0.000647706	213.255685	0.0	0.0
0.005502	0.000663488	212.881924	0.0	0.0
0.005557	0.000679619	212.507570	0.0	0.0
0.005612	0.000696104	212.132653	0.0	0.0
0.005668	0.000712951	211.757184	0.0	0.0
0.005725	0.000730166	211.381183	0.0	0.0
0.005782	0.000747757	211.004669	0.0	0.0
0.005839	0.000765731	210.627664	0.0	0.0
0.005897	0.000784094	210.250192	0.0	0.0
0.005956	0.000802855	209.872256	0.0	0.0
0.006015	0.000822021	209.493894	0.0	0.0
0.006075	0.000841599	209.115110	0.0	0.0
0.006136	0.000861598	208.735927	0.0	0.0
0.006197	0.000882024	208.356363	0.0	0.0
0.006259	0.000902887	207.976436	0.0	0.0
0.006321	0.000924194	207.596163	0.0	0.0
0.006384	0.000945954	207.215561	0.0	0.0
0.006448	0.000968174	206.834644	0.0	0.0
0.006512	0.000990864	206.453434	0.0	0.0
0.006577	0.001014030	206.071943	0.0	0.0
0.006642	0.001037690	205.690184	0.0	0.0
0.006708	0.001061840	205.308180	0.0	0.0
0.006775	0.001086500	204.925938	0.0	0.0
0.006843	0.001111670	204.543480	0.0	0.0
0.006911	0.001137360	204.160814	0.0	0.0
0.006980	0.001163590	203.777957	0.0	0.0
0.007049	0.001190360	203.394922	0.0	0.0
0.007120	0.001217680	203.011721	0.0	0.0
0.007191	0.001245570	202.628366	0.0	0.0
0.007262	0.001274030	202.244875	0.0	0.0
0.007335	0.001303070	201.861254	0.0	0.0
0.007408	0.001332710	201.477517	0.0	0.0
0.007481	0.001362950	201.093679	0.0	0.0
0.007556	0.001393800	200.709744	0.0	0.0
0.007631	0.001425290	200.325723	0.0	0.0
0.007707	0.001457410	199.941633	0.0	0.0
0.007784	0.001490170	199.557477	0.0	0.0
0.007862	0.001523600	199.173266	0.0	0.0
0.007940	0.001557700	198.789008	0.0	0.0
0.008019	0.001592490	198.404714	0.0	0.0
0.008099	0.001627970	198.020392	0.0	0.0
0.008180	0.001664150	197.636047	0.0	0.0
0.008261	0.001701060	197.251693	0.0	0.0
0.008343	0.001738700	196.867326	0.0	0.0
0.008426	0.001777090	196.482963	0.0	0.0
0.008510	0.001816230	196.098602	0.0	0.0
0.008595	0.001856150	195.714254	0.0	0.0
0.008681	0.001896850	195.329921	0.0	0.0
0.008767	0.001938350	194.945610	0.0	0.0
0.008855	0.001980660	194.561329	0.0	0.0
0.008943	0.002023800	194.177075	0.0	0.0
0.009032	0.002067780	193.792855	0.0	0.0
0.009122	0.002112610	193.408675	0.0	0.0
0.009213	0.002158320	193.024536	0.0	0.0
0.009305	0.002204900	192.640442	0.0	0.0
0.009397	0.002252390	192.256396	0.0	0.0
0.009491	0.002300790	191.872398	0.0	0.0
0.009586	0.002350120	191.488450	0.0	0.0
0.009681	0.002400390	191.104554	0.0	0.0
0.009777	0.002451630	190.720714	0.0	0.0
0.009875	0.002503840	190.336929	0.0	0.0
0.009973	0.002557040	189.953196	0.0	0.0
0.010073	0.002611260	189.569505	0.0	0.0
0.010173	0.002666500	189.185889	0.0	0.0
0.010274	0.002722780	188.802328	0.0	0.0
0.010377	0.002780130	188.418821	0.0	0.0
0.010480	0.002838550	188.035368	0.0	0.0
0.010584	0.002898060	187.651969	0.0	0.0
0.010690	0.002958690	187.268623	0.0	0.0
0.010796	0.003020450	186.885331	0.0	0.0
0.010904	0.003083360	186.502092	0.0	0.0
0.011013	0.003147430	186.118907	0.0	0.0
0.011122	0.003212700	185.735741	0.0	0.0
0.011233	0.003279160	185.352630	0.0	0.0
0.011345	0.003346850	184.969574	0.0	0.0
0.011458	0.003415790	184.586541	0.0	0.0
0.011572	0.003485990	184.203564	0.0	0.0
0.011688	0.003557470	183.820613	0.0	0.0
0.011804	0.003630250	183.437688	0.0	0.0
0.011922	0.003704350	183.054791	0.0	0.0
0.012040	0.003779800	182.671924	0.0	0.0
0.012160	0.003856620	182.289058	0.0	0.0
0.012281	0.003934820	181.906227	0.0	0.0
0.012404	0.004014420	181.523433	0.0	0.0
0.012527	0.004095450	181.140617	0.0	0.0
0.012652	0.004177940	180.757843	0.0	0.0
0.012778	0.004261890	180.375055	0.0	0.0
0.012906	0.004347340	179.992255	0.0	0.0
0.013034	0.004434300	179.609478	0.0	0.0
0.013164	0.004522800	179.226669	0.0	0.0
0.013295	0.004612860	178.843862	0.0	0.0
0.013428	0.004704500	178.461062	0.0	0.0
0.013561	0.004797750	178.078216	0.0	0.0
0.013696	0.004892630	177.695358	0.0	0.0
0.013833	0.004989170	177.312496	0.0	0.0
0.013971	0.005087380	176.929605	0.0	0.0
0.014110	0.005187290	176.546667	0.0	0.0
0.014250	0.005288930	176.163714	0.0	0.0
0.014392	0.005392310	175.780701	0.0	0.0
0.014536	0.005497470	175.397689	0.0	0.0
0.014681	0.005604430	175.014605	0.0	0.0
0.014827	0.005713210	174.631486	0.0	0.0
0.014975	0.005823850	174.248313	0.0	0.0
0.015124	0.005936350	173.865122	0.0	0.0
0.015275	0.006050760	173.481846	0.0	0.0
0.015427	0.006167090	173.098546	0.0	0.0
0.015580	0.006285370	172.715182	0.0	0.0
0.015736	0.006405620	172.331741	0.0	0.0
0.015892	0.006527880	171.948258	0.0	0.0
0.016051	0.006652170	171.564723	0.0	0.0
0.016211	0.006778520	171.181122	0.0	0.0
0.016372	0.006906940	170.797469	0.0	0.0
0.016535	0.007037480	170.413753	0.0	0.0
0.016700	0.007170150	170.029989	0.0	0.0
0.016866	0.007304980	169.646144	0.0	0.0
0.017034	0.007442010	169.262257	0.0	0.0
0.017204	0.007581240	168.878297	0.0	0.0
0.017375	0.007722730	168.494281	0.0	0.0
0.017549	0.007866480	168.110202	0.0	0.0
0.017723	0.008012540	167.726078	0.0	0.0
0.017900	0.008160920	167.341905	0.0	0.0
0.018078	0.008311650	166.957678	0.0	0.0
0.018258	0.008464770	166.573395	0.0	0.0
0.018440	0.008620290	166.189055	0.0	0.0
0.018624	0.008778250	165.804697	0.0	0.0
0.018810	0.008938680	165.420280	0.0	0.0
0.018997	0.009101610	165.035845	0.0	0.0
0.019186	0.009267060	164.651373	0.0	0.0
0.019377	0.009435050	164.266865	0.0	0.0
0.019570	0.009605630	163.882345	0.0	0.0
0.019765	0.009778810	163.497814	0.0	0.0
0.019962	0.009954630	163.113259	0.0	0.0
0.020161	0.010133100	162.728703	0.0	0.0
0.020362	0.010314300	162.344151	0.0	0.0
0.020565	0.010498200	161.959611	0.0	0.0
0.020770	0.010684800	161.575088	0.0	0.0
0.020977	0.010874200	161.190574	0.0	0.0
0.021186	0.011066500	160.806112	0.0	0.0
0.021397	0.011261500	160.421676	0.0	0.0
0.021610	0.011459400	160.037295	0.0	0.0
0.021825	0.011660200	159.652979	0.0	0.0
0.022043	0.011864000	159.268722	0.0	0.0
0.022262	0.012070600	158.884537	0.0	0.0
0.022484	0.012280300	158.500453	0.0	0.0
0.022708	0.012492900	158.116469	0.0	0.0
0.022934	0.012708600	157.732581	0.0	0.0
0.023163	0.012927400	157.348838	0.0	0.0
0.023394	0.013149200	156.965207	0.0	0.0
0.023627	0.013374200	156.581737	0.0	0.0
0.023862	0.013602200	156.198413	0.0	0.0
0.024100	0.013833500	155.815270	0.0	0.0
0.024340	0.014068000	155.432326	0.0	0.0
0.024582	0.014305700	155.049553	0.0	0.0
0.024827	0.014546600	154.667018	0.0	0.0
0.025075	0.014790800	154.284697	0.0	0.0
0.025324	0.015038400	153.902625	0.0	0.0
0.025577	0.015289200	153.520810	0.0	0.0
0.025832	0.015543500	153.139275	0.0	0.0
0.026089	0.015801100	152.758028	0.0	0.0
0.026349	0.016062100	152.377078	0.0	0.0
0.026611	0.016326600	151.996465	0.0	0.0
0.026876	0.016594600	151.616185	0.0	0.0
0.027144	0.016866100	151.236250	0.0	0.0
0.027415	0.017141000	150.856700	0.0	0.0
0.027688	0.017419600	150.477548	0.0	0.0
0.027964	0.017701700	150.098808	0.0	0.0
0.028242	0.017987400	149.720481	0.0	0.0
0.028524	0.018276800	149.342622	0.0	0.0
0.028808	0.018569800	148.965206	0.0	0.0
0.029095	0.018866500	148.588291	0.0	0.0
0.029385	0.019166900	148.211878	0.0	0.0
0.029677	0.019471100	147.835987	0.0	0.0
0.029973	0.019779000	147.460634	0.0	0.0
0.030272	0.020090700	147.085852	0.0	0.0
0.030573	0.020406200	146.711647	0.0	0.0
0.030878	0.020725600	146.338051	0.0	0.0
0.031185	0.021048800	145.965085	0.0	0.0
0.031496	0.021375900	145.592756	0.0	0.0
0.031810	0.021706900	145.221086	0.0	0.0
0.032127	0.022041900	144.850110	0.0	0.0
0.032447	0.022380900	144.479836	0.0	0.0
0.032770	0.022723800	144.110289	0.0	0.0
0.033097	0.023070800	143.741490	0.0	0.0
0.033426	0.023421800	143.373463	0.0	0.0
0.033759	0.023776900	143.006222	0.0	0.0
0.034096	0.024136000	142.639800	0.0	0.0
0.034435	0.024499300	142.274200	0.0	0.0
0.034778	0.024866800	141.909459	0.0	0.0
0.035125	0.025238400	141.545601	0.0	0.0
0.035475	0.025614300	141.182630	0.0	0.0
0.035828	0.025994300	140.820572	0.0	0.0
0.036185	0.026378600	140.459464	0.0	0.0
0.036546	0.026767200	140.099301	0.0	0.0
0.036910	0.027160100	139.740128	0.0	0.0
0.037278	0.027557300	139.381954	0.0	0.0
0.037649	0.027958900	139.024795	0.0	0.0
0.038024	0.028364900	138.668688	0.0	0.0
0.038403	0.028775200	138.313630	0.0	0.0
0.038785	0.029190000	137.959669	0.0	0.0
0.039172	0.029609300	137.606802	0.0	0.0
0.039562	0.030033100	137.255059	0.0	0.0
0.039956	0.030461400	136.904465	0.0	0.0
0.040354	0.030894200	136.555031	0.0	0.0
0.040756	0.031331600	136.206775	0.0	0.0
0.041162	0.031773600	135.859717	0.0	0.0
0.041572	0.032220200	135.513892	0.0	0.0
0.041987	0.032671500	135.169294	0.0	0.0
0.042405	0.033127500	134.825959	0.0	0.0
0.042827	0.033588200	134.483899	0.0	0.0
0.043254	0.034053700	134.143139	0.0	0.0
0.043685	0.034523900	133.803685	0.0	0.0
0.044120	0.034998900	133.465562	0.0	0.0
0.044560	0.035478800	133.128784	0.0	0.0
0.045004	0.035963500	132.793369	0.0	0.0
0.045452	0.036453100	132.459337	0.0	0.0
0.045905	0.036947700	132.126707	0.0	0.0
0.046362	0.037447200	131.795484	0.0	0.0
0.046824	0.037951700	131.465694	0.0	0.0
0.047291	0.038461200	131.137343	0.0	0.0
0.047762	0.038975800	130.810457	0.0	0.0
0.048238	0.039495500	130.485040	0.0	0.0
0.048718	0.040020300	130.161120	0.0	0.0
0.049204	0.040550200	129.838694	0.0	0.0
0.049694	0.041085400	129.517789	0.0	0.0
0.050189	0.041625800	129.198416	0.0	0.0
0.050689	0.042171400	128.880581	0.0	0.0
0.051194	0.042722400	128.564302	0.0	0.0
0.051704	0.043278700	128.249592	0.0	0.0
0.052219	0.043840400	127.936463	0.0	0.0
0.052739	0.044407500	127.624925	0.0	0.0
0.053265	0.044980000	127.314987	0.0	0.0
0.053795	0.045558000	127.006664	0.0	0.0
0.054331	0.046141600	126.699963	0.0	0.0
0.054873	0.046730800	126.394901	0.0	0.0
0.055419	0.047325500	126.091478	0.0	0.0
0.055971	0.047926000	125.789706	0.0	0.0
0.056529	0.048532100	125.489601	0.0	0.0
0.057092	0.049143900	125.191163	0.0	0.0
0.057661	0.049761600	124.894398	0.0	0.0
0.058235	0.050385000	124.599323	0.0	0.0
0.058816	0.051014400	124.305942	0.0	0.0
0.059402	0.051649700	124.014262	0.0	0.0
0.059993	0.052290900	123.724286	0.0	0.0
0.060591	0.052938200	123.436022	0.0	0.0
0.061195	0.053591500	123.149479	0.0	0.0
0.061804	0.054250900	122.864661	0.0	0.0
0.062420	0.054916500	122.581570	0.0	0.0
0.063042	0.055588300	122.300210	0.0	0.0
0.063670	0.056266300	122.020590	0.0	0.0
0.064304	0.056950700	121.742716	0.0	0.0
0.064945	0.057641400	121.466584	0.0	0.0
0.065592	0.058338600	121.192201	0.0	0.0
0.066246	0.059042200	120.919573	0.0	0.0
0.066906	0.059752400	120.648696	0.0	0.0
0.067572	0.060469100	120.379578	0.0	0.0
0.068245	0.061192400	120.112218	0.0	0.0
0.068925	0.061922500	119.846621	0.0	0.0
0.069612	0.062659300	119.582780	0.0	0.0
0.070305	0.063403000	119.320705	0.0	0.0
0.071006	0.064153500	119.060392	0.0	0.0
0.071713	0.064910900	118.801842	0.0	0.0
0.072428	0.065675400	118.545054	0.0	0.0
0.073149	0.066446900	118.290031	0.0	0.0
0.073878	0.067225500	118.036766	0.0	0.0
0.074614	0.068011300	117.785266	0.0	0.0
0.075357	0.068804300	117.535523	0.0	0.0
0.076108	0.069604700	117.287536	0.0	0.0
0.076866	0.070412500	117.041309	0.0	0.0
0.077632	0.071227600	116.796834	0.0	0.0
0.078406	0.072050400	116.554114	0.0	0.0
0.079187	0.072880600	116.313138	0.0	0.0
0.079976	0.073718600	116.073912	0.0	0.0
0.080773	0.074564300	115.836428	0.0	0.0
0.081577	0.075417800	115.600680	0.0	0.0
0.082390	0.076279200	115.366670	0.0	0.0
0.083211	0.077148400	115.134394	0.0	0.0
0.084040	0.078025800	114.903842	0.0	0.0
0.084877	0.078911300	114.675016	0.0	0.0
0.085723	0.079804800	114.447906	0.0	0.0
0.086577	0.080706700	114.222513	0.0	0.0
0.087439	0.081616900	113.998826	0.0	0.0
0.088310	0.082535500	113.776844	0.0	0.0
0.089190	0.083462700	113.556559	0.0	0.0
0.090079	0.084398400	113.337965	0.0	0.0
0.090976	0.085342700	113.121061	0.0	0.0
0.091883	0.086295800	112.905836	0.0	0.0
0.092798	0.087257800	112.692284	0.0	0.0
0.093722	0.088228700	112.480401	0.0	0.0
0.094656	0.089208500	112.270179	0.0	0.0
0.095599	0.090197500	112.061612	0.0	0.0
0.096552	0.091195600	111.854692	0.0	0.0
0.097514	0.092203000	111.649415	0.0	0.0
0.098485	0.093219800	111.445770	0.0	0.0
0.099466	0.094246000	111.243752	0.0	0.0
0.100457	0.095281800	111.043347	0.0	0.0
0.101458	0.096327200	110.844564	0.0	0.0
0.102469	0.097382400	110.647379	0.0	0.0
0.103490	0.098447300	110.451785	0.0	0.0
0.104521	0.099522300	110.257792	0.0	0.0
0.105562	0.100607000	110.065373	0.0	0.0
0.106614	0.101702000	109.874521	0.0	0.0
0.107676	0.102808000	109.685247	0.0	0.0
0.108749	0.103923000	109.497506	0.0	0.0
0.109832	0.105050000	109.311328	0.0	0.0
0.110926	0.106186000	109.126687	0.0	0.0
0.112031	0.107334000	108.943558	0.0	0.0
0.113148	0.108492000	108.761969	0.0	0.0
0.114275	0.109661000	108.581878	0.0	0.0
0.115413	0.110841000	108.403312	0.0	0.0
0.116563	0.112032000	108.226214	0.0	0.0
0.117724	0.113234000	108.050626	0.0	0.0
0.118897	0.114447000	107.876494	0.0	0.0
0.120082	0.115672000	107.703841	0.0	0.0
0.121278	0.116909000	107.532631	0.0	0.0
0.122486	0.118157000	107.362887	0.0	0.0
0.123707	0.119417000	107.194574	0.0	0.0
0.124939	0.120689000	107.027684	0.0	0.0
0.126184	0.121973000	106.862226	0.0	0.0
0.127441	0.123269000	106.698178	0.0	0.0
0.128711	0.124577000	106.535522	0.0	0.0
0.129993	0.125898000	106.374265	0.0	0.0
0.131288	0.127231000	106.214387	0.0	0.0
0.132596	0.128577000	106.055882	0.0	0.0
0.133917	0.129935000	105.898745	0.0	0.0
0.135251	0.131307000	105.742957	0.0	0.0
0.136599	0.132691000	105.588523	0.0	0.0
0.137960	0.134089000	105.435416	0.0	0.0
0.139334	0.135500000	105.283629	0.0	0.0
0.140722	0.136925000	105.133167	0.0	0.0
0.142124	0.138363000	104.984003	0.0	0.0
0.143540	0.139814000	104.836143	0.0	0.0
0.144970	0.141280000	104.689559	0.0	0.0
0.146414	0.142760000	104.544256	0.0	0.0
0.147873	0.144253000	104.400230	0.0	0.0
0.149346	0.145761000	104.257444	0.0	0.0
0.150834	0.147284000	104.115923	0.0	0.0
0.152337	0.148821000	103.975623	0.0	0.0
0.153855	0.150372000	103.836558	0.0	0.0
0.155387	0.151939000	103.698714	0.0	0.0
0.156935	0.153521000	103.562085	0.0	0.0
0.158499	0.155117000	103.426648	0.0	0.0
0.160078	0.156729000	103.292399	0.0	0.0
0.161673	0.158357000	103.159334	0.0	0.0
0.163284	0.160000000	103.027438	0.0	0.0
0.164910	0.161659000	102.896699	0.0	0.0
0.166553	0.163334000	102.767120	0.0	0.0
0.168213	0.165025000	102.638680	0.0	0.0
0.169888	0.166733000	102.511368	0.0	0.0
0.171581	0.168456000	102.385187	0.0	0.0
0.173290	0.170197000	102.260116	0.0	0.0
0.175017	0.171954000	102.136145	0.0	0.0
0.176760	0.173728000	102.013276	0.0	0.0
0.178521	0.175520000	101.891491	0.0	0.0
0.180300	0.177328000	101.770778	0.0	0.0
0.182096	0.179155000	101.651134	0.0	0.0
0.183910	0.180998000	101.532554	0.0	0.0
0.185743	0.182860000	101.415014	0.0	0.0
0.187593	0.184740000	101.298518	0.0	0.0
0.189462	0.186638000	101.183054	0.0	0.0
0.191350	0.188554000	101.068607	0.0	0.0
0.193256	0.190489000	100.955178	0.0	0.0
0.195181	0.192442000	100.842746	0.0	0.0
0.197126	0.194415000	100.731313	0.0	0.0
0.199090	0.196407000	100.620864	0.0	0.0
0.201073	0.198418000	100.511390	0.0	0.0
0.203077	0.200448000	100.402886	0.0	0.0
0.205100	0.202499000	100.295339	0.0	0.0
0.207143	0.204569000	100.188740	0.0	0.0
0.209207	0.206660000	100.083085	0.0	0.0
0.211291	0.208770000	99.978366	0.0	0.0
0.213396	0.210902000	99.874564	0.0	0.0
0.215522	0.213054000	99.771681	0.0	0.0
0.217669	0.215227000	99.669705	0.0	0.0
0.219838	0.217421000	99.568630	0.0	0.0
0.222028	0.219637000	99.468442	0.0	0.0
0.224240	0.221874000	99.369135	0.0	0.0
0.226474	0.224133000	99.270704	0.0	0.0
0.228730	0.226415000	99.173136	0.0	0.0
0.231009	0.228718000	99.076423	0.0	0.0
0.233311	0.231044000	98.980559	0.0	0.0
0.235635	0.233393000	98.885536	0.0	0.0
0.237983	0.235764000	98.791347	0.0	0.0
0.240354	0.238159000	98.697978	0.0	0.0
0.242748	0.240577000	98.605426	0.0	0.0
0.245167	0.243019000	98.513684	0.0	0.0
0.247609	0.245485000	98.422742	0.0	0.0
0.250076	0.247975000	98.332590	0.0	0.0
0.252567	0.250490000	98.243224	0.0	0.0
0.255084	0.253029000	98.154636	0.0	0.0
0.257625	0.255593000	98.066812	0.0	0.0
0.260192	0.258182000	97.979754	0.0	0.0
0.262784	0.260796000	97.893447	0.0	0.0
0.265402	0.263436000	97.807885	0.0	0.0
0.268046	0.266102000	97.723063	0.0	0.0
0.270716	0.268795000	97.638973	0.0	0.0
0.273413	0.271513000	97.555604	0.0	0.0
0.276137	0.274259000	97.472952	0.0	0.0
0.278888	0.277031000	97.391008	0.0	0.0
0.281667	0.279830000	97.309765	0.0	0.0
0.284473	0.282658000	97.229215	0.0	0.0
0.287307	0.285512000	97.149354	0.0	0.0
0.290170	0.288395000	97.070174	0.0	0.0
0.293060	0.291307000	96.991664	0.0	0.0
0.295980	0.294247000	96.913819	0.0	0.0
0.298929	0.297215000	96.836635	0.0	0.0
0.301907	0.300213000	96.760099	0.0	0.0
0.304915	0.303241000	96.684209	0.0	0.0
0.307953	0.306299000	96.608957	0.0	0.0
0.311021	0.309386000	96.534336	0.0	0.0
0.314119	0.312504000	96.460339	0.0	0.0
0.317249	0.315653000	96.386959	0.0	0.0
0.320409	0.318832000	96.314190	0.0	0.0
0.323602	0.322043000	96.242023	0.0	0.0
0.326825	0.325286000	96.170456	0.0	0.0
0.330082	0.328561000	96.099478	0.0	0.0
0.333370	0.331868000	96.029084	0.0	0.0
0.336691	0.335207000	95.959268	0.0	0.0
0.340046	0.338580000	95.890025	0.0	0.0
0.343433	0.341986000	95.821344	0.0	0.0
0.346855	0.345425000	95.753224	0.0	0.0
0.350311	0.348899000	95.685655	0.0	0.0
0.353801	0.352406000	95.618631	0.0	0.0
0.357325	0.355949000	95.552149	0.0	0.0
0.360885	0.359526000	95.486200	0.0	0.0
0.364481	0.363139000	95.420778	0.0	0.0
0.368112	0.366787000	95.355877	0.0	0.0
0.371779	0.370472000	95.291492	0.0	0.0
0.375483	0.374193000	95.227616	0.0	0.0
0.379224	0.377950000	95.164244	0.0	0.0
0.383002	0.381745000	95.101369	0.0	0.0
0.386818	0.385577000	95.038984	0.0	0.0
0.390672	0.389447000	94.977087	0.0	0.0
0.394564	0.393356000	94.915668	0.0	0.0
0.398495	0.397303000	94.854725	0.0	0.0
0.402465	0.401289000	94.794249	0.0	0.0
0.406474	0.405315000	94.734236	0.0	0.0
0.410524	0.409380000	94.674680	0.0	0.0
0.414614	0.413486000	94.615576	0.0	0.0
0.418745	0.417633000	94.556917	0.0	0.0
0.422916	0.421820000	94.498700	0.0	0.0
0.427130	0.426049000	94.440916	0.0	0.0
0.431385	0.430320000	94.383561	0.0	0.0
0.435683	0.434633000	94.326632	0.0	0.0
0.440024	0.438988000	94.270120	0.0	0.0
0.444407	0.443387000	94.214022	0.0	0.0
0.448835	0.447830000	94.158331	0.0	0.0
0.453307	0.452316000	94.103042	0.0	0.0
0.457823	0.456847000	94.048152	0.0	0.0
0.462384	0.461423000	93.993652	0.0	0.0
0.466990	0.466044000	93.939541	0.0	0.0
0.471643	0.470711000	93.885811	0.0	0.0
0.476342	0.475424000	93.832457	0.0	0.0
0.481087	0.480185000	93.779475	0.0	0.0
0.485880	0.484992000	93.726859	0.0	0.0
0.490721	0.489847000	93.674605	0.0	0.0
0.495610	0.494750000	93.622707	0.0	0.0
0.500547	0.499701000	93.571161	0.0	0.0
0.505534	0.504702000	93.519960	0.0	0.0
0.510571	0.509752000	93.469103	0.0	0.0
0.515657	0.514853000	93.418581	0.0	0.0
0.520795	0.520004000	93.368392	0.0	0.0
0.525983	0.525206000	93.318529	0.0	0.0
0.531224	0.530460000	93.268989	0.0	0.0
0.536516	0.535766000	93.219766	0.0	0.0
0.541861	0.541124000	93.170856	0.0	0.0
0.547260	0.546536000	93.122254	0.0	0.0
0.552712	0.552001000	93.073957	0.0	0.0
0.558218	0.557521000	93.025957	0.0	0.0
0.563780	0.563096000	92.978251	0.0	0.0
0.569396	0.568726000	92.930835	0.0	0.0
0.575069	0.574411000	92.883705	0.0	0.0
0.580798	0.580153000	92.836855	0.0	0.0
0.586585	0.585952000	92.790280	0.0	0.0
0.592429	0.591809000	92.743977	0.0	0.0
0.598331	0.597724000	92.697941	0.0	0.0
0.604292	0.603698000	92.652168	0.0	0.0
0.610312	0.609731000	92.606652	0.0	0.0
0.616392	0.615824000	92.561391	0.0	0.0
0.622533	0.621978000	92.516378	0.0	0.0
0.628736	0.628192000	92.471610	0.0	0.0
0.634999	0.634469000	92.427084	0.0	0.0
0.641326	0.640807000	92.382793	0.0	0.0
0.647715	0.647209000	92.338735	0.0	0.0
0.654168	0.653674000	92.294904	0.0	0.0
0.660685	0.660203000	92.251297	0.0	0.0
0.667268	0.666798000	92.207909	0.0	0.0
0.673915	0.673458000	92.164736	0.0	0.0
0.680629	0.680184000	92.121774	0.0	0.0
0.687410	0.686977000	92.079019	0.0	0.0
0.694259	0.693838000	92.036466	0.0	0.0
0.701175	0.700766000	91.994111	0.0	0.0
0.708161	0.707764000	91.951951	0.0	0.0
0.715216	0.714831000	91.909982	0.0	0.0
0.722342	0.721968000	91.868198	0.0	0.0
0.729538	0.729176000	91.826597	0.0	0.0
0.736806	0.736456000	91.785173	0.0	0.0
0.744147	0.743809000	91.743923	0.0	0.0
0.751561	0.751234000	91.702843	0.0	0.0
0.759048	0.758733000	91.661930	0.0	0.0
0.766610	0.766307000	91.621178	0.0	0.0
0.774248	0.773956000	91.580585	0.0	0.0
0.781961	0.781682000	91.540145	0.0	0.0
0.789752	0.789484000	91.499855	0.0	0.0
0.797620	0.797363000	91.459712	0.0	0.0
0.805566	0.805321000	91.419711	0.0	0.0
0.813592	0.813358000	91.379848	0.0	0.0
0.821698	0.821475000	91.340120	0.0	0.0
0.829884	0.829673000	91.300522	0.0	0.0
0.838152	0.837952000	91.261051	0.0	0.0
0.846502	0.846314000	91.221703	0.0	0.0
0.854936	0.854759000	91.182474	0.0	0.0
0.863453	0.863288000	91.143360	0.0	0.0
0.872055	0.871901000	91.104358	0.0	0.0
0.880743	0.880601000	91.065463	0.0	0.0
0.889518	0.889387000	91.026672	0.0	0.0
0.898380	0.898260000	90.987981	0.0	0.0
0.907330	0.907222000	90.949387	0.0	0.0
0.916370	0.916273000	90.910884	0.0	0.0
0.925499	0.925413000	90.872470	0.0	0.0
0.934720	0.934646000	90.834141	0.0	0.0
0.944032	0.943969000	90.795894	0.0	0.0
0.953437	0.953385000	90.757724	0.0	0.0
0.962936	0.962895000	90.719627	0.0	0.0
0.972529	0.972500000	90.681600	0.0	0.0
0.982218	0.982201000	90.643640	0.0	0.0
0.992004	0.991997000	90.605742	0.0	0.0
1.001887	1.001890000	90.567903	0.0	0.0
1.011868	1.011880000	90.530121	0.0	0.0
1.021949	1.021980000	90.492388	0.0	0.0
1.032131	1.032170000	90.454701	0.0	0.0
1.042414	1.042460000	90.417059	0.0	0.0
1.052799	1.052860000	90.379460	0.0	0.0
1.063288	1.063360000	90.341895	0.0	0.0
1.073881	1.073960000	90.304364	0.0	0.0
1.084580	1.084670000	90.266862	0.0	0.0
1.095385	1.095490000	90.229387	0.0	0.0
1.106298	1.106420000	90.191932	0.0	0.0
1.117320	1.117450000	90.154495	0.0	0.0
1.128451	1.128590000	90.117075	0.0	0.0
1.139694	1.139850000	90.079663	0.0	0.0
1.151048	1.151210000	90.042260	0.0	0.0
1.162516	1.162690000	90.004859	0.0	0.0
1.174097	1.174280000	89.967461	0.0	0.0
1.185794	1.185990000	89.930058	0.0	0.0
1.197608	1.197820000	89.892646	0.0	0.0
1.209540	1.209760000	89.855221	0.0	0.0
1.221590	1.221820000	89.817785	0.0	0.0
1.233760	1.234000000	89.780330	0.0	0.0
1.246052	1.246310000	89.742850	0.0	0.0
1.258466	1.258730000	89.705346	0.0	0.0
1.271004	1.271280000	89.667812	0.0	0.0
1.283666	1.283960000	89.630247	0.0	0.0
1.296455	1.296760000	89.592642	0.0	0.0
1.309371	1.309680000	89.554998	0.0	0.0
1.322416	1.322740000	89.517309	0.0	0.0
1.335591	1.335930000	89.479572	0.0	0.0
1.348897	1.349250000	89.441783	0.0	0.0
1.362336	1.362700000	89.403938	0.0	0.0
1.375908	1.376280000	89.366036	0.0	0.0
1.389616	1.390000000	89.328069	0.0	0.0
1.403460	1.403860000	89.290037	0.0	0.0
1.417443	1.417850000	89.251931	0.0	0.0
1.431564	1.431980000	89.213755	0.0	0.0
1.445826	1.446260000	89.175500	0.0	0.0
1.460231	1.460670000	89.137160	0.0	0.0
1.474779	1.475230000	89.098737	0.0	0.0
1.489471	1.489940000	89.060227	0.0	0.0
1.504310	1.504790000	89.021622	0.0	0.0
1.519297	1.519790000	88.982920	0.0	0.0
1.534434	1.534940000	88.944115	0.0	0.0
1.549721	1.550240000	88.905208	0.0	0.0
1.565160	1.565690000	88.866193	0.0	0.0
1.580753	1.581300000	88.827065	0.0	0.0
1.596502	1.597060000	88.787820	0.0	0.0
1.612408	1.612970000	88.748455	0.0	0.0
1.628471	1.629050000	88.708969	0.0	0.0
1.644695	1.645290000	88.669353	0.0	0.0
1.661081	1.661690000	88.629605	0.0	0.0
1.677630	1.678250000	88.589722	0.0	0.0
1.694344	1.694970000	88.549699	0.0	0.0
1.711224	1.711870000	88.509533	0.0	0.0
1.728272	1.728930000	88.469221	0.0	0.0
1.745491	1.746160000	88.428754	0.0	0.0
1.762880	1.763560000	88.388136	0.0	0.0
1.780443	1.781140000	88.347357	0.0	0.0
1.798181	1.798890000	88.306414	0.0	0.0
1.816096	1.816820000	88.265302	0.0	0.0
1.834189	1.834920000	88.224021	0.0	0.0
1.852463	1.853210000	88.182562	0.0	0.0
1.870918	1.871680000	88.140925	0.0	0.0
1.889558	1.890330000	88.099102	0.0	0.0
1.908383	1.909170000	88.057093	0.0	0.0
1.927396	1.928200000	88.014890	0.0	0.0
1.946598	1.947410000	87.972492	0.0	0.0
1.965991	1.966820000	87.929894	0.0	0.0
1.985578	1.986420000	87.887090	0.0	0.0
2.005359	2.006220000	87.844079	0.0	0.0
2.025338	2.026210000	87.800852	0.0	0.0
2.045516	2.046400000	87.757408	0.0	0.0
2.065895	2.066800000	87.713743	0.0	0.0
2.086477	2.087390000	87.669851	0.0	0.0
2.107264	2.108190000	87.625728	0.0	0.0
2.128258	2.129200000	87.581371	0.0	0.0
2.149461	2.150420000	87.536775	0.0	0.0
2.170875	2.171850000	87.491936	0.0	0.0
2.192503	2.193490000	87.446846	0.0	0.0
2.214346	2.215350000	87.401505	0.0	0.0
2.236407	2.237430000	87.355906	0.0	0.0
2.258688	2.259720000	87.310045	0.0	0.0
2.281191	2.282240000	87.263917	0.0	0.0
2.303917	2.304980000	87.217521	0.0	0.0
2.326871	2.327950000	87.170846	0.0	0.0
2.350052	2.351150000	87.123895	0.0	0.0
2.373465	2.374570000	87.076656	0.0	0.0
2.397111	2.398240000	87.029128	0.0	0.0
2.420993	2.422130000	86.981305	0.0	0.0
2.445113	2.446270000	86.933183	0.0	0.0
2.469473	2.470650000	86.884757	0.0	0.0
2.494075	2.495260000	86.836024	0.0	0.0
2.518923	2.520130000	86.786976	0.0	0.0
2.544018	2.545240000	86.737610	0.0	0.0
2.569364	2.570600000	86.687919	0.0	0.0
2.594961	2.596210000	86.637902	0.0	0.0
2.620814	2.622080000	86.587550	0.0	0.0
2.646925	2.648210000	86.536859	0.0	0.0
2.673295	2.674600000	86.485826	0.0	0.0
2.699928	2.701250000	86.434445	0.0	0.0
2.726827	2.728160000	86.382708	0.0	0.0
2.753994	2.755350000	86.330612	0.0	0.0
2.781431	2.782800000	86.278154	0.0	0.0
2.809141	2.810530000	86.225326	0.0	0.0
2.837128	2.838530000	86.172123	0.0	0.0
2.865393	2.866820000	86.118540	0.0	0.0
2.893941	2.895380000	86.064570	0.0	0.0
2.922772	2.924230000	86.010211	0.0	0.0
2.951891	2.953370000	85.955454	0.0	0.0
2.981300	2.982790000	85.900296	0.0	0.0
3.011001	3.012510000	85.844733	0.0	0.0
3.040999	3.042530000	85.788754	0.0	0.0
3.071296	3.072840000	85.732356	0.0	0.0
3.101894	3.103460000	85.675536	0.0	0.0
3.132797	3.134380000	85.618285	0.0	0.0
3.164008	3.165610000	85.560598	0.0	0.0
3.195530	3.197150000	85.502470	0.0	0.0
3.227367	3.229010000	85.443892	0.0	0.0
3.259520	3.261180000	85.384863	0.0	0.0
3.291993	3.293670000	85.325375	0.0	0.0
3.324791	3.326490000	85.265419	0.0	0.0
3.357915	3.359630000	85.204993	0.0	0.0
3.391368	3.393100000	85.144091	0.0	0.0
3.425156	3.426910000	85.082702	0.0	0.0
3.459279	3.461050000	85.020826	0.0	0.0
3.493743	3.495540000	84.958452	0.0	0.0
3.528550	3.530360000	84.895576	0.0	0.0
3.563704	3.565540000	84.832190	0.0	0.0
3.599208	3.601060000	84.768289	0.0	0.0
3.635066	3.636940000	84.703866	0.0	0.0
3.671281	3.673170000	84.638914	0.0	0.0
3.707857	3.709770000	84.573427	0.0	0.0
3.744797	3.746730000	84.507399	0.0	0.0
3.782106	3.784060000	84.440820	0.0	0.0
3.819786	3.821760000	84.373688	0.0	0.0
3.857841	3.859830000	84.305993	0.0	0.0
3.896276	3.898290000	84.237728	0.0	0.0
3.935093	3.937120000	84.168888	0.0	0.0
3.974297	3.976350000	84.099464	0.0	0.0
4.013892	4.015960000	84.029450	0.0	0.0
4.053881	4.055970000	83.958838	0.0	0.0
4.094269	4.096380000	83.887620	0.0	0.0
4.135059	4.137190000	83.815791	0.0	0.0
4.176255	4.178410000	83.743343	0.0	0.0
4.217862	4.220030000	83.670267	0.0	0.0
4.259883	4.262070000	83.596557	0.0	0.0
4.302323	4.304530000	83.522204	0.0	0.0
4.345186	4.347420000	83.447201	0.0	0.0
4.388476	4.390730000	83.371540	0.0	0.0
4.432197	4.434470000	83.295214	0.0	0.0
4.476353	4.478640000	83.218215	0.0	0.0
4.520950	4.523260000	83.140533	0.0	0.0
4.565991	4.568320000	83.062162	0.0	0.0
4.611480	4.613830000	82.983095	0.0	0.0
4.657423	4.659790000	82.903320	0.0	0.0
4.703824	4.706210000	82.822830	0.0	0.0
4.750687	4.753090000	82.741618	0.0	0.0
4.798016	4.800440000	82.659677	0.0	0.0
4.845817	4.848260000	82.576994	0.0	0.0
4.894095	4.896560000	82.493562	0.0	0.0
4.942853	4.945330000	82.409374	0.0	0.0
4.992097	4.994600000	82.324420	0.0	0.0
5.041832	5.044350000	82.238689	0.0	0.0
5.092062	5.094600000	82.152176	0.0	0.0
5.142793	5.145340000	82.064868	0.0	0.0
5.194029	5.196590000	81.976759	0.0	0.0
5.245776	5.248360000	81.887836	0.0	0.0
5.298038	5.300630000	81.798094	0.0	0.0
5.350821	5.353430000	81.707520	0.0	0.0
5.404129	5.406760000	81.616107	0.0	0.0
5.457969	5.460610000	81.523842	0.0	0.0
5.512345	5.515000000	81.430718	0.0	0.0
5.567263	5.569930000	81.336723	0.0	0.0
5.622728	5.625400000	81.241849	0.0	0.0
5.678746	5.681430000	81.146083	0.0	0.0
5.735321	5.738020000	81.049419	0.0	0.0
5.792460	5.795170000	80.951844	0.0	0.0
5.850169	5.852880000	80.853345	0.0	0.0
5.908453	5.911170000	80.753915	0.0	0.0
5.967317	5.970050000	80.653543	0.0	0.0
6.026767	6.029500000	80.552218	0.0	0.0
6.086810	6.089550000	80.449927	0.0	0.0
6.147451	6.150190000	80.346660	0.0	0.0
6.208696	6.211440000	80.242407	0.0	0.0
6.270552	6.273290000	80.137153	0.0	0.0
6.333023	6.335760000	80.030892	0.0	0.0
6.396117	6.398850000	79.923608	0.0	0.0
6.459840	6.462570000	79.815290	0.0	0.0
6.524198	6.526920000	79.705927	0.0	0.0
6.589196	6.591910000	79.595508	0.0	0.0
6.654842	6.657540000	79.484019	0.0	0.0
6.721143	6.723830000	79.371446	0.0	0.0
6.788103	6.790780000	79.257781	0.0	0.0
6.855731	6.858390000	79.143008	0.0	0.0
6.924033	6.926670000	79.027114	0.0	0.0
6.993015	6.995620000	78.910089	0.0	0.0
7.062684	7.065270000	78.791918	0.0	0.0
7.133048	7.135600000	78.672586	0.0	0.0
7.204112	7.206640000	78.552083	0.0	0.0
7.275884	7.278370000	78.430394	0.0	0.0
7.348372	7.350820000	78.307504	0.0	0.0
7.421582	7.423990000	78.183400	0.0	0.0
7.495521	7.497880000	78.058069	0.0	0.0
7.570196	7.572500000	77.931497	0.0	0.0
7.645616	7.647870000	77.803666	0.0	0.0
7.721787	7.723980000	77.674565	0.0	0.0
7.798717	7.800840000	77.544177	0.0	0.0
7.876413	7.878470000	77.412489	0.0	0.0
7.954883	7.956860000	77.279485	0.0	0.0
8.034135	8.036030000	77.145149	0.0	0.0
8.114177	8.115990000	77.009464	0.0	0.0
8.195016	8.196730000	76.872418	0.0	0.0
8.276661	8.278270000	76.733991	0.0	0.0
8.359119	8.360630000	76.594170	0.0	0.0
8.442398	8.443790000	76.452939	0.0	0.0
8.526507	8.527780000	76.310278	0.0	0.0
8.611454	8.612590000	76.166173	0.0	0.0
8.697247	8.698250000	76.020606	0.0	0.0
8.783896	8.784740000	75.873557	0.0	0.0
8.871407	8.872090000	75.725014	0.0	0.0
8.959790	8.960310000	75.574956	0.0	0.0
9.049054	9.049390000	75.423364	0.0	0.0
9.139207	9.139350000	75.270223	0.0	0.0
9.230258	9.230200000	75.115512	0.0	0.0
9.322216	9.321940000	74.959214	0.0	0.0
9.415091	9.414590000	74.801308	0.0	0.0
9.508890	9.508150000	74.641777	0.0	0.0
9.603625	9.602620000	74.480599	0.0	0.0
9.699303	9.698030000	74.317757	0.0	0.0
9.795934	9.794370000	74.153229	0.0	0.0
9.893528	9.891660000	73.986996	0.0	0.0
9.992094	9.989900000	73.819037	0.0	0.0
10.091640	10.089100000	73.649335	0.0	0.0
10.192180	10.189300000	73.477861	0.0	0.0
10.293720	10.290400000	73.304600	0.0	0.0
10.396280	10.392600000	73.129513	0.0	0.0
10.499850	10.495700000	72.952614	0.0	0.0
10.604460	10.599900000	72.773845	0.0	0.0
10.710110	10.705100000	72.593201	0.0	0.0
10.816810	10.811300000	72.410661	0.0	0.0
10.924570	10.918500000	72.226201	0.0	0.0
11.033410	11.026800000	72.039782	0.0	0.0
11.143340	11.136100000	71.851381	0.0	0.0
11.254350	11.246500000	71.661010	0.0	0.0
11.366480	11.357900000	71.468594	0.0	0.0
11.479720	11.470500000	71.274144	0.0	0.0
11.594090	11.584100000	71.077620	0.0	0.0
11.709600	11.698800000	70.878998	0.0	0.0
11.826250	11.814700000	70.678270	0.0	0.0
11.944080	11.931600000	70.475363	0.0	0.0
12.063070	12.049700000	70.270303	0.0	0.0
12.183250	12.169000000	70.063032	0.0	0.0
12.304630	12.289300000	69.853524	0.0	0.0
12.427220	12.410800000	69.641756	0.0	0.0
12.551030	12.533500000	69.427703	0.0	0.0
12.676070	12.657400000	69.211339	0.0	0.0
12.802360	12.782400000	68.992621	0.0	0.0
12.929900	12.908700000	68.771543	0.0	0.0
13.058720	13.036100000	68.548042	0.0	0.0
13.188820	13.164800000	68.322111	0.0	0.0
13.320220	13.294600000	68.093706	0.0	0.0
13.452920	13.425700000	67.862819	0.0	0.0
13.586950	13.558100000	67.629387	0.0	0.0
13.722310	13.691600000	67.393401	0.0	0.0
13.859020	13.826500000	67.154818	0.0	0.0
13.997100	13.962600000	66.913591	0.0	0.0
14.136540	14.099900000	66.669729	0.0	0.0
14.277380	14.238600000	66.423151	0.0	0.0
14.419620	14.378500000	66.173847	0.0	0.0
14.563280	14.519800000	65.921771	0.0	0.0
14.708370	14.662300000	65.666895	0.0	0.0
14.854910	14.806200000	65.409171	0.0	0.0
15.002900	14.951400000	65.148589	0.0	0.0
15.152370	15.097900000	64.885085	0.0	0.0
15.303330	15.245700000	64.618628	0.0	0.0
15.455790	15.394900000	64.349190	0.0	0.0
15.609770	15.545400000	64.076721	0.0	0.0
15.765290	15.697300000	63.801175	0.0	0.0
15.922350	15.850600000	63.522539	0.0	0.0
16.080980	16.005200000	63.240745	0.0	0.0
16.241190	16.161200000	62.955764	0.0	0.0
16.403000	16.318600000	62.667545	0.0	0.0
16.566420	16.477400000	62.376058	0.0	0.0
16.731460	16.637600000	62.081271	0.0	0.0
16.898160	16.799100000	61.783097	0.0	0.0
17.066510	16.962100000	61.481541	0.0	0.0
17.236540	17.125900000	61.176533	0.0	0.0
17.408260	17.283500000	60.868042	0.0	0.0
17.581690	17.395100000	60.556016	0.0	0.0
17.756850	17.334000000	60.240404	0.0	0.0
17.933760	16.836400000	59.921155	0.0	0.0
18.112430	15.548500000	59.598234	0.0	0.0
18.292880	13.233500000	59.271590	0.0	0.0
18.475120	10.036100000	58.941189	0.0	0.0
18.659180	6.552250000	58.606959	0.0	0.0
18.845080	3.549650000	58.268850	0.0	0.0
19.032830	1.527480000	57.926825	0.0	0.0
19.222450	0.491878000	57.580832	0.0	0.0
19.413950	0.107865000	57.230837	0.0	0.0
19.607370	0.013487100	56.876749	0.0	0.0
19.802710	0.000624239	56.518551	0.0	0.0
20.000000	0.000013513	56.156173	0.0	0.0

