# UNCLASSIFIED
#
# Response info for TSUM broad-band site.
#
# Effective: 14 Jun 1999
# Creation date: 23 Feb 2007
# File name: TSUM_bb_rsp
#
# Source: James Neely (TTD), TSgt Magar
# System equipment: Streckeisen STS-2 seismometer and Quanterra Q680 digitizer.
#
# The response file was derived from equations of state.
# Displacement response normalized to 1.0 at 1.0 Hz.
#
# The calib values for this configuration are as follows:
#
# TSUM BHZ is 0.018970 nm/count at 1.0 Hz.
# TSUM BHN is 0.018970 nm/count at 1.0 Hz.
# TSUM BHE is 0.018970 nm/count at 1.0 Hz.
#
# Freq(Hz)     Amp(counts/nm)    Phase(deg)   Error(amp) Error(phase)
#
 theoretical  0       system    fap   J.Neely
1000
0.001000	0.000015252	260.190443	0.0	0.0
0.001010	0.000015712	260.091673	0.0	0.0
0.001020	0.000016187	259.991891	0.0	0.0
0.001030	0.000016675	259.891086	0.0	0.0
0.001040	0.000017179	259.789245	0.0	0.0
0.001051	0.000017698	259.686349	0.0	0.0
0.001061	0.000018232	259.582396	0.0	0.0
0.001072	0.000018782	259.477374	0.0	0.0
0.001083	0.000019349	259.371262	0.0	0.0
0.001093	0.000019934	259.264059	0.0	0.0
0.001104	0.000020535	259.155754	0.0	0.0
0.001115	0.000021156	259.046324	0.0	0.0
0.001126	0.000021794	258.935759	0.0	0.0
0.001138	0.000022452	258.824057	0.0	0.0
0.001149	0.000023130	258.711196	0.0	0.0
0.001160	0.000023829	258.597164	0.0	0.0
0.001172	0.000024548	258.481950	0.0	0.0
0.001184	0.000025289	258.365542	0.0	0.0
0.001195	0.000026053	258.247919	0.0	0.0
0.001207	0.000026839	258.129077	0.0	0.0
0.001219	0.000027650	258.009006	0.0	0.0
0.001231	0.000028484	257.887673	0.0	0.0
0.001244	0.000029344	257.765086	0.0	0.0
0.001256	0.000030230	257.641213	0.0	0.0
0.001269	0.000031143	257.516052	0.0	0.0
0.001281	0.000032083	257.389581	0.0	0.0
0.001294	0.000033052	257.261797	0.0	0.0
0.001307	0.000034050	257.132667	0.0	0.0
0.001320	0.000035078	257.002189	0.0	0.0
0.001333	0.000036137	256.870341	0.0	0.0
0.001346	0.000037228	256.737110	0.0	0.0
0.001360	0.000038352	256.602474	0.0	0.0
0.001373	0.000039510	256.466428	0.0	0.0
0.001387	0.000040702	256.328951	0.0	0.0
0.001401	0.000041931	256.190029	0.0	0.0
0.001415	0.000043197	256.049640	0.0	0.0
0.001429	0.000044501	255.907769	0.0	0.0
0.001443	0.000045845	255.764405	0.0	0.0
0.001457	0.000047229	255.619523	0.0	0.0
0.001472	0.000048654	255.473099	0.0	0.0
0.001487	0.000050123	255.325131	0.0	0.0
0.001501	0.000051636	255.175595	0.0	0.0
0.001516	0.000053195	255.024466	0.0	0.0
0.001532	0.000054801	254.871731	0.0	0.0
0.001547	0.000056455	254.717376	0.0	0.0
0.001562	0.000058159	254.561377	0.0	0.0
0.001578	0.000059914	254.403709	0.0	0.0
0.001593	0.000061723	254.244357	0.0	0.0
0.001609	0.000063586	254.083298	0.0	0.0
0.001625	0.000065505	253.920527	0.0	0.0
0.001642	0.000067482	253.755999	0.0	0.0
0.001658	0.000069519	253.589708	0.0	0.0
0.001674	0.000071617	253.421640	0.0	0.0
0.001691	0.000073778	253.251750	0.0	0.0
0.001708	0.000076005	253.080041	0.0	0.0
0.001725	0.000078298	252.906480	0.0	0.0
0.001742	0.000080661	252.731039	0.0	0.0
0.001760	0.000083095	252.553703	0.0	0.0
0.001777	0.000085603	252.374446	0.0	0.0
0.001795	0.000088185	252.193241	0.0	0.0
0.001813	0.000090846	252.010073	0.0	0.0
0.001831	0.000093587	251.824915	0.0	0.0
0.001849	0.000096411	251.637739	0.0	0.0
0.001867	0.000099319	251.448520	0.0	0.0
0.001886	0.000102315	251.257240	0.0	0.0
0.001905	0.000105401	251.063861	0.0	0.0
0.001924	0.000108581	250.868376	0.0	0.0
0.001943	0.000111856	250.670738	0.0	0.0
0.001962	0.000115229	250.470928	0.0	0.0
0.001982	0.000118704	250.268918	0.0	0.0
0.002002	0.000122284	250.064690	0.0	0.0
0.002022	0.000125971	249.858195	0.0	0.0
0.002042	0.000129769	249.649434	0.0	0.0
0.002062	0.000133682	249.438349	0.0	0.0
0.002083	0.000137712	249.224930	0.0	0.0
0.002103	0.000141863	249.009137	0.0	0.0
0.002124	0.000146139	248.790952	0.0	0.0
0.002145	0.000150543	248.570322	0.0	0.0
0.002167	0.000155080	248.347239	0.0	0.0
0.002188	0.000159753	248.121662	0.0	0.0
0.002210	0.000164567	247.893560	0.0	0.0
0.002232	0.000169524	247.662901	0.0	0.0
0.002254	0.000174631	247.429645	0.0	0.0
0.002277	0.000179891	247.193770	0.0	0.0
0.002300	0.000185308	246.955233	0.0	0.0
0.002322	0.000190888	246.714003	0.0	0.0
0.002346	0.000196635	246.470047	0.0	0.0
0.002369	0.000202554	246.223322	0.0	0.0
0.002393	0.000208651	245.973795	0.0	0.0
0.002416	0.000214930	245.721443	0.0	0.0
0.002441	0.000221397	245.466200	0.0	0.0
0.002465	0.000228057	245.208055	0.0	0.0
0.002489	0.000234916	244.946962	0.0	0.0
0.002514	0.000241981	244.682877	0.0	0.0
0.002539	0.000249256	244.415764	0.0	0.0
0.002565	0.000256749	244.145577	0.0	0.0
0.002590	0.000264465	243.872293	0.0	0.0
0.002616	0.000272412	243.595853	0.0	0.0
0.002642	0.000280595	243.316222	0.0	0.0
0.002668	0.000289022	243.033353	0.0	0.0
0.002695	0.000297699	242.747209	0.0	0.0
0.002722	0.000306635	242.457743	0.0	0.0
0.002749	0.000315837	242.164905	0.0	0.0
0.002776	0.000325312	241.868671	0.0	0.0
0.002804	0.000335068	241.568968	0.0	0.0
0.002832	0.000345114	241.265770	0.0	0.0
0.002860	0.000355457	240.959028	0.0	0.0
0.002888	0.000366107	240.648692	0.0	0.0
0.002917	0.000377071	240.334711	0.0	0.0
0.002946	0.000388360	240.017037	0.0	0.0
0.002976	0.000399983	239.695617	0.0	0.0
0.003005	0.000411948	239.370423	0.0	0.0
0.003035	0.000424266	239.041371	0.0	0.0
0.003066	0.000436947	238.708442	0.0	0.0
0.003096	0.000450000	238.371564	0.0	0.0
0.003127	0.000463437	238.030694	0.0	0.0
0.003158	0.000477269	237.685781	0.0	0.0
0.003190	0.000491506	237.336762	0.0	0.0
0.003221	0.000506159	236.983594	0.0	0.0
0.003253	0.000521241	236.626214	0.0	0.0
0.003286	0.000536762	236.264580	0.0	0.0
0.003319	0.000552736	235.898617	0.0	0.0
0.003352	0.000569176	235.528294	0.0	0.0
0.003385	0.000586092	235.153535	0.0	0.0
0.003419	0.000603499	234.774287	0.0	0.0
0.003453	0.000621410	234.390508	0.0	0.0
0.003487	0.000639839	234.002121	0.0	0.0
0.003522	0.000658799	233.609074	0.0	0.0
0.003557	0.000678306	233.211324	0.0	0.0
0.003592	0.000698372	232.808785	0.0	0.0
0.003628	0.000719014	232.401425	0.0	0.0
0.003664	0.000740246	231.989170	0.0	0.0
0.003701	0.000762084	231.571967	0.0	0.0
0.003738	0.000784544	231.149763	0.0	0.0
0.003775	0.000807642	230.722484	0.0	0.0
0.003813	0.000831394	230.290079	0.0	0.0
0.003851	0.000855817	229.852485	0.0	0.0
0.003889	0.000880927	229.409651	0.0	0.0
0.003928	0.000906744	228.961504	0.0	0.0
0.003967	0.000933283	228.508008	0.0	0.0
0.004006	0.000960562	228.049091	0.0	0.0
0.004046	0.000988601	227.584693	0.0	0.0
0.004087	0.001017420	227.114756	0.0	0.0
0.004127	0.001047030	226.639236	0.0	0.0
0.004168	0.001077460	226.158076	0.0	0.0
0.004210	0.001108720	225.671198	0.0	0.0
0.004252	0.001140830	225.178572	0.0	0.0
0.004294	0.001173820	224.680135	0.0	0.0
0.004337	0.001207700	224.175836	0.0	0.0
0.004380	0.001242500	223.665627	0.0	0.0
0.004424	0.001278230	223.149449	0.0	0.0
0.004468	0.001314910	222.627258	0.0	0.0
0.004512	0.001352560	222.099023	0.0	0.0
0.004557	0.001391220	221.564679	0.0	0.0
0.004603	0.001430880	221.024189	0.0	0.0
0.004649	0.001471590	220.477518	0.0	0.0
0.004695	0.001513350	219.924621	0.0	0.0
0.004742	0.001556190	219.365456	0.0	0.0
0.004789	0.001600130	218.799997	0.0	0.0
0.004837	0.001645190	218.228221	0.0	0.0
0.004885	0.001691390	217.650097	0.0	0.0
0.004934	0.001738750	217.065583	0.0	0.0
0.004983	0.001787290	216.474680	0.0	0.0
0.005032	0.001837030	215.877355	0.0	0.0
0.005082	0.001888000	215.273593	0.0	0.0
0.005133	0.001940200	214.663394	0.0	0.0
0.005184	0.001993670	214.046740	0.0	0.0
0.005236	0.002048420	213.423640	0.0	0.0
0.005288	0.002104470	212.794085	0.0	0.0
0.005341	0.002161830	212.158096	0.0	0.0
0.005394	0.002220530	211.515676	0.0	0.0
0.005448	0.002280580	210.866842	0.0	0.0
0.005502	0.002342000	210.211610	0.0	0.0
0.005557	0.002404810	209.550010	0.0	0.0
0.005612	0.002469010	208.882094	0.0	0.0
0.005668	0.002534630	208.207880	0.0	0.0
0.005725	0.002601680	207.527422	0.0	0.0
0.005782	0.002670160	206.840764	0.0	0.0
0.005839	0.002740100	206.147973	0.0	0.0
0.005897	0.002811510	205.449121	0.0	0.0
0.005956	0.002884380	204.744252	0.0	0.0
0.006015	0.002958740	204.033478	0.0	0.0
0.006075	0.003034590	203.316858	0.0	0.0
0.006136	0.003111940	202.594495	0.0	0.0
0.006197	0.003190790	201.866488	0.0	0.0
0.006259	0.003271150	201.132944	0.0	0.0
0.006321	0.003353010	200.393979	0.0	0.0
0.006384	0.003436390	199.649716	0.0	0.0
0.006448	0.003521280	198.900275	0.0	0.0
0.006512	0.003607690	198.145807	0.0	0.0
0.006577	0.003695600	197.386448	0.0	0.0
0.006642	0.003785020	196.622342	0.0	0.0
0.006708	0.003875930	195.853665	0.0	0.0
0.006775	0.003968350	195.080566	0.0	0.0
0.006843	0.004062250	194.303235	0.0	0.0
0.006911	0.004157620	193.521838	0.0	0.0
0.006980	0.004254470	192.736568	0.0	0.0
0.007049	0.004352770	191.947617	0.0	0.0
0.007120	0.004452520	191.155183	0.0	0.0
0.007191	0.004553690	190.359470	0.0	0.0
0.007262	0.004656270	189.560701	0.0	0.0
0.007335	0.004760250	188.759081	0.0	0.0
0.007408	0.004865610	187.954836	0.0	0.0
0.007481	0.004972330	187.148204	0.0	0.0
0.007556	0.005080390	186.339399	0.0	0.0
0.007631	0.005189770	185.528660	0.0	0.0
0.007707	0.005300440	184.716240	0.0	0.0
0.007784	0.005412390	183.902367	0.0	0.0
0.007862	0.005525590	183.087291	0.0	0.0
0.007940	0.005640010	182.271256	0.0	0.0
0.008019	0.005755640	181.454519	0.0	0.0
0.008099	0.005872450	180.637328	0.0	0.0
0.008180	0.005990400	179.819934	0.0	0.0
0.008261	0.006109490	179.002598	0.0	0.0
0.008343	0.006229670	178.185553	0.0	0.0
0.008426	0.006350930	177.369069	0.0	0.0
0.008510	0.006473240	176.553381	0.0	0.0
0.008595	0.006596570	175.738748	0.0	0.0
0.008681	0.006720890	174.925412	0.0	0.0
0.008767	0.006846190	174.113620	0.0	0.0
0.008855	0.006972440	173.303618	0.0	0.0
0.008943	0.007099610	172.495631	0.0	0.0
0.009032	0.007227680	171.689900	0.0	0.0
0.009122	0.007356620	170.886660	0.0	0.0
0.009213	0.007486420	170.086128	0.0	0.0
0.009305	0.007617050	169.288531	0.0	0.0
0.009397	0.007748490	168.494085	0.0	0.0
0.009491	0.007880730	167.702991	0.0	0.0
0.009586	0.008013730	166.915454	0.0	0.0
0.009681	0.008147490	166.131674	0.0	0.0
0.009777	0.008281990	165.351845	0.0	0.0
0.009875	0.008417210	164.576147	0.0	0.0
0.009973	0.008553140	163.804753	0.0	0.0
0.010073	0.008689770	163.037810	0.0	0.0
0.010173	0.008827080	162.275546	0.0	0.0
0.010274	0.008965060	161.518078	0.0	0.0
0.010377	0.009103700	160.765555	0.0	0.0
0.010480	0.009243000	160.018118	0.0	0.0
0.010584	0.009382950	159.275902	0.0	0.0
0.010690	0.009523540	158.539035	0.0	0.0
0.010796	0.009664760	157.807638	0.0	0.0
0.010904	0.009806630	157.081826	0.0	0.0
0.011013	0.009949120	156.361707	0.0	0.0
0.011122	0.010092300	155.647315	0.0	0.0
0.011233	0.010236000	154.938812	0.0	0.0
0.011345	0.010380400	154.236285	0.0	0.0
0.011458	0.010525400	153.539752	0.0	0.0
0.011572	0.010671100	152.849352	0.0	0.0
0.011688	0.010817500	152.165092	0.0	0.0
0.011804	0.010964400	151.487036	0.0	0.0
0.011922	0.011112100	150.815242	0.0	0.0
0.012040	0.011260400	150.149762	0.0	0.0
0.012160	0.011409400	149.490586	0.0	0.0
0.012281	0.011559100	148.837811	0.0	0.0
0.012404	0.011709400	148.191470	0.0	0.0
0.012527	0.011860500	147.551489	0.0	0.0
0.012652	0.012012300	146.917999	0.0	0.0
0.012778	0.012164900	146.290917	0.0	0.0
0.012906	0.012318200	145.670262	0.0	0.0
0.013034	0.012472300	145.056095	0.0	0.0
0.013164	0.012627200	144.448329	0.0	0.0
0.013295	0.012782800	143.847017	0.0	0.0
0.013428	0.012939300	143.252157	0.0	0.0
0.013561	0.013096600	142.663659	0.0	0.0
0.013696	0.013254800	142.081561	0.0	0.0
0.013833	0.013413900	141.505854	0.0	0.0
0.013971	0.013573800	140.936482	0.0	0.0
0.014110	0.013734700	140.373392	0.0	0.0
0.014250	0.013896500	139.816605	0.0	0.0
0.014392	0.014059200	139.266024	0.0	0.0
0.014536	0.014222900	138.721703	0.0	0.0
0.014681	0.014387700	138.183505	0.0	0.0
0.014827	0.014553400	137.651442	0.0	0.0
0.014975	0.014720200	137.125450	0.0	0.0
0.015124	0.014888000	136.605533	0.0	0.0
0.015275	0.015056900	136.091557	0.0	0.0
0.015427	0.015226900	135.583557	0.0	0.0
0.015580	0.015398100	135.081433	0.0	0.0
0.015736	0.015570400	134.585118	0.0	0.0
0.015892	0.015743900	134.094609	0.0	0.0
0.016051	0.015918500	133.609836	0.0	0.0
0.016211	0.016094400	133.130732	0.0	0.0
0.016372	0.016271600	132.657258	0.0	0.0
0.016535	0.016450000	132.189345	0.0	0.0
0.016700	0.016629700	131.726954	0.0	0.0
0.016866	0.016810800	131.269989	0.0	0.0
0.017034	0.016993100	130.818436	0.0	0.0
0.017204	0.017176900	130.372202	0.0	0.0
0.017375	0.017362000	129.931245	0.0	0.0
0.017549	0.017548600	129.495500	0.0	0.0
0.017723	0.017736600	129.064923	0.0	0.0
0.017900	0.017926000	128.639450	0.0	0.0
0.018078	0.018117000	128.219014	0.0	0.0
0.018258	0.018309400	127.803551	0.0	0.0
0.018440	0.018503500	127.392998	0.0	0.0
0.018624	0.018699000	126.987334	0.0	0.0
0.018810	0.018896200	126.586454	0.0	0.0
0.018997	0.019095000	126.190338	0.0	0.0
0.019186	0.019295400	125.798903	0.0	0.0
0.019377	0.019497500	125.412089	0.0	0.0
0.019570	0.019701300	125.029856	0.0	0.0
0.019765	0.019906800	124.652144	0.0	0.0
0.019962	0.020114100	124.278876	0.0	0.0
0.020161	0.020323100	123.910014	0.0	0.0
0.020362	0.020533900	123.545500	0.0	0.0
0.020565	0.020746600	123.185279	0.0	0.0
0.020770	0.020961100	122.829295	0.0	0.0
0.020977	0.021177400	122.477478	0.0	0.0
0.021186	0.021395700	122.129807	0.0	0.0
0.021397	0.021615900	121.786196	0.0	0.0
0.021610	0.021838000	121.446611	0.0	0.0
0.021825	0.022062200	121.111000	0.0	0.0
0.022043	0.022288300	120.779298	0.0	0.0
0.022262	0.022516500	120.451457	0.0	0.0
0.022484	0.022746700	120.127442	0.0	0.0
0.022708	0.022979000	119.807191	0.0	0.0
0.022934	0.023213400	119.490645	0.0	0.0
0.023163	0.023450000	119.177784	0.0	0.0
0.023394	0.023688700	118.868524	0.0	0.0
0.023627	0.023929600	118.562847	0.0	0.0
0.023862	0.024172700	118.260683	0.0	0.0
0.024100	0.024418100	117.962004	0.0	0.0
0.024340	0.024665800	117.666767	0.0	0.0
0.024582	0.024915800	117.374894	0.0	0.0
0.024827	0.025168100	117.086383	0.0	0.0
0.025075	0.025422700	116.801159	0.0	0.0
0.025324	0.025679800	116.519194	0.0	0.0
0.025577	0.025939200	116.240440	0.0	0.0
0.025832	0.026201100	115.964860	0.0	0.0
0.026089	0.026465500	115.692406	0.0	0.0
0.026349	0.026732400	115.423034	0.0	0.0
0.026611	0.027001800	115.156719	0.0	0.0
0.026876	0.027273800	114.893406	0.0	0.0
0.027144	0.027548400	114.633052	0.0	0.0
0.027415	0.027825500	114.375635	0.0	0.0
0.027688	0.028105400	114.121114	0.0	0.0
0.027964	0.028387900	113.869446	0.0	0.0
0.028242	0.028673100	113.620585	0.0	0.0
0.028524	0.028961100	113.374517	0.0	0.0
0.028808	0.029251800	113.131179	0.0	0.0
0.029095	0.029545400	112.890559	0.0	0.0
0.029385	0.029841700	112.652612	0.0	0.0
0.029677	0.030140900	112.417303	0.0	0.0
0.029973	0.030443100	112.184596	0.0	0.0
0.030272	0.030748100	111.954466	0.0	0.0
0.030573	0.031056100	111.726872	0.0	0.0
0.030878	0.031367100	111.501787	0.0	0.0
0.031185	0.031681100	111.279181	0.0	0.0
0.031496	0.031998200	111.059015	0.0	0.0
0.031810	0.032318400	110.841258	0.0	0.0
0.032127	0.032641600	110.625887	0.0	0.0
0.032447	0.032968100	110.412866	0.0	0.0
0.032770	0.033297700	110.202167	0.0	0.0
0.033097	0.033630500	109.993761	0.0	0.0
0.033426	0.033966600	109.787621	0.0	0.0
0.033759	0.034306000	109.583715	0.0	0.0
0.034096	0.034648700	109.382021	0.0	0.0
0.034435	0.034994800	109.182502	0.0	0.0
0.034778	0.035344300	108.985140	0.0	0.0
0.035125	0.035697200	108.789909	0.0	0.0
0.035475	0.036053500	108.596774	0.0	0.0
0.035828	0.036413400	108.405713	0.0	0.0
0.036185	0.036776800	108.216706	0.0	0.0
0.036546	0.037143800	108.029716	0.0	0.0
0.036910	0.037514400	107.844731	0.0	0.0
0.037278	0.037888600	107.661720	0.0	0.0
0.037649	0.038266500	107.480657	0.0	0.0
0.038024	0.038648200	107.301526	0.0	0.0
0.038403	0.039033600	107.124292	0.0	0.0
0.038785	0.039422800	106.948946	0.0	0.0
0.039172	0.039815900	106.775453	0.0	0.0
0.039562	0.040212900	106.603797	0.0	0.0
0.039956	0.040613700	106.433957	0.0	0.0
0.040354	0.041018600	106.265908	0.0	0.0
0.040756	0.041427400	106.099628	0.0	0.0
0.041162	0.041840300	105.935095	0.0	0.0
0.041572	0.042257300	105.772297	0.0	0.0
0.041987	0.042678300	105.611201	0.0	0.0
0.042405	0.043103600	105.451795	0.0	0.0
0.042827	0.043533100	105.294056	0.0	0.0
0.043254	0.043966800	105.137969	0.0	0.0
0.043685	0.044404800	104.983507	0.0	0.0
0.044120	0.044847200	104.830655	0.0	0.0
0.044560	0.045294000	104.679393	0.0	0.0
0.045004	0.045745100	104.529703	0.0	0.0
0.045452	0.046200800	104.381567	0.0	0.0
0.045905	0.046660900	104.234970	0.0	0.0
0.046362	0.047125700	104.089887	0.0	0.0
0.046824	0.047595000	103.946306	0.0	0.0
0.047291	0.048069000	103.804206	0.0	0.0
0.047762	0.048547800	103.663574	0.0	0.0
0.048238	0.049031200	103.524388	0.0	0.0
0.048718	0.049519500	103.386638	0.0	0.0
0.049204	0.050012600	103.250300	0.0	0.0
0.049694	0.050510600	103.115363	0.0	0.0
0.050189	0.051013600	102.981810	0.0	0.0
0.050689	0.051521500	102.849623	0.0	0.0
0.051194	0.052034500	102.718788	0.0	0.0
0.051704	0.052552600	102.589290	0.0	0.0
0.052219	0.053075900	102.461114	0.0	0.0
0.052739	0.053604300	102.334244	0.0	0.0
0.053265	0.054138000	102.208665	0.0	0.0
0.053795	0.054677000	102.084364	0.0	0.0
0.054331	0.055221400	101.961324	0.0	0.0
0.054873	0.055771200	101.839535	0.0	0.0
0.055419	0.056326400	101.718979	0.0	0.0
0.055971	0.056887200	101.599642	0.0	0.0
0.056529	0.057453500	101.481515	0.0	0.0
0.057092	0.058025500	101.364579	0.0	0.0
0.057661	0.058603100	101.248822	0.0	0.0
0.058235	0.059186600	101.134233	0.0	0.0
0.058816	0.059775800	101.020798	0.0	0.0
0.059402	0.060370800	100.908503	0.0	0.0
0.059993	0.060971800	100.797337	0.0	0.0
0.060591	0.061578800	100.687285	0.0	0.0
0.061195	0.062191800	100.578338	0.0	0.0
0.061804	0.062810900	100.470482	0.0	0.0
0.062420	0.063436200	100.363704	0.0	0.0
0.063042	0.064067700	100.257992	0.0	0.0
0.063670	0.064705500	100.153336	0.0	0.0
0.064304	0.065349600	100.049725	0.0	0.0
0.064945	0.066000100	99.947145	0.0	0.0
0.065592	0.066657100	99.845585	0.0	0.0
0.066246	0.067320700	99.745036	0.0	0.0
0.066906	0.067990800	99.645484	0.0	0.0
0.067572	0.068667700	99.546920	0.0	0.0
0.068245	0.069351200	99.449333	0.0	0.0
0.068925	0.070041600	99.352712	0.0	0.0
0.069612	0.070738800	99.257045	0.0	0.0
0.070305	0.071443000	99.162324	0.0	0.0
0.071006	0.072154200	99.068538	0.0	0.0
0.071713	0.072872400	98.975676	0.0	0.0
0.072428	0.073597800	98.883728	0.0	0.0
0.073149	0.074330400	98.792685	0.0	0.0
0.073878	0.075070300	98.702535	0.0	0.0
0.074614	0.075817600	98.613272	0.0	0.0
0.075357	0.076572300	98.524882	0.0	0.0
0.076108	0.077334600	98.437358	0.0	0.0
0.076866	0.078104400	98.350691	0.0	0.0
0.077632	0.078881900	98.264870	0.0	0.0
0.078406	0.079667100	98.179888	0.0	0.0
0.079187	0.080460100	98.095733	0.0	0.0
0.079976	0.081261000	98.012399	0.0	0.0
0.080773	0.082069900	97.929876	0.0	0.0
0.081577	0.082886900	97.848153	0.0	0.0
0.082390	0.083712000	97.767224	0.0	0.0
0.083211	0.084545300	97.687081	0.0	0.0
0.084040	0.085386800	97.607713	0.0	0.0
0.084877	0.086236800	97.529113	0.0	0.0
0.085723	0.087095200	97.451272	0.0	0.0
0.086577	0.087962200	97.374183	0.0	0.0
0.087439	0.088837800	97.297837	0.0	0.0
0.088310	0.089722100	97.222226	0.0	0.0
0.089190	0.090615200	97.147342	0.0	0.0
0.090079	0.091517200	97.073177	0.0	0.0
0.090976	0.092428100	96.999725	0.0	0.0
0.091883	0.093348200	96.926975	0.0	0.0
0.092798	0.094277300	96.854922	0.0	0.0
0.093722	0.095215800	96.783557	0.0	0.0
0.094656	0.096163500	96.712874	0.0	0.0
0.095599	0.097120800	96.642865	0.0	0.0
0.096552	0.098087500	96.573522	0.0	0.0
0.097514	0.099063800	96.504839	0.0	0.0
0.098485	0.100050000	96.436807	0.0	0.0
0.099466	0.101046000	96.369421	0.0	0.0
0.100457	0.102052000	96.302671	0.0	0.0
0.101458	0.103067000	96.236556	0.0	0.0
0.102469	0.104093000	96.171063	0.0	0.0
0.103490	0.105129000	96.106186	0.0	0.0
0.104521	0.106176000	96.041925	0.0	0.0
0.105562	0.107232000	95.978266	0.0	0.0
0.106614	0.108300000	95.915203	0.0	0.0
0.107676	0.109378000	95.852736	0.0	0.0
0.108749	0.110466000	95.790847	0.0	0.0
0.109832	0.111566000	95.729542	0.0	0.0
0.110926	0.112676000	95.668808	0.0	0.0
0.112031	0.113798000	95.608634	0.0	0.0
0.113148	0.114930000	95.549027	0.0	0.0
0.114275	0.116074000	95.489969	0.0	0.0
0.115413	0.117229000	95.431465	0.0	0.0
0.116563	0.118396000	95.373495	0.0	0.0
0.117724	0.119575000	95.316068	0.0	0.0
0.118897	0.120765000	95.259164	0.0	0.0
0.120082	0.121966000	95.202789	0.0	0.0
0.121278	0.123180000	95.146927	0.0	0.0
0.122486	0.124406000	95.091584	0.0	0.0
0.123707	0.125644000	95.036744	0.0	0.0
0.124939	0.126895000	94.982404	0.0	0.0
0.126184	0.128157000	94.928563	0.0	0.0
0.127441	0.129433000	94.875213	0.0	0.0
0.128711	0.130721000	94.822344	0.0	0.0
0.129993	0.132022000	94.769957	0.0	0.0
0.131288	0.133335000	94.718043	0.0	0.0
0.132596	0.134662000	94.666599	0.0	0.0
0.133917	0.136002000	94.615619	0.0	0.0
0.135251	0.137356000	94.565096	0.0	0.0
0.136599	0.138722000	94.515031	0.0	0.0
0.137960	0.140103000	94.465411	0.0	0.0
0.139334	0.141497000	94.416233	0.0	0.0
0.140722	0.142905000	94.367497	0.0	0.0
0.142124	0.144327000	94.319191	0.0	0.0
0.143540	0.145763000	94.271317	0.0	0.0
0.144970	0.147213000	94.223864	0.0	0.0
0.146414	0.148678000	94.176831	0.0	0.0
0.147873	0.150157000	94.130215	0.0	0.0
0.149346	0.151651000	94.084004	0.0	0.0
0.150834	0.153159000	94.038203	0.0	0.0
0.152337	0.154683000	93.992798	0.0	0.0
0.153855	0.156222000	93.947790	0.0	0.0
0.155387	0.157776000	93.903174	0.0	0.0
0.156935	0.159346000	93.858947	0.0	0.0
0.158499	0.160931000	93.815100	0.0	0.0
0.160078	0.162532000	93.771630	0.0	0.0
0.161673	0.164149000	93.728535	0.0	0.0
0.163284	0.165781000	93.685809	0.0	0.0
0.164910	0.167430000	93.643446	0.0	0.0
0.166553	0.169096000	93.601447	0.0	0.0
0.168213	0.170778000	93.559804	0.0	0.0
0.169888	0.172476000	93.518511	0.0	0.0
0.171581	0.174191000	93.477569	0.0	0.0
0.173290	0.175924000	93.436970	0.0	0.0
0.175017	0.177674000	93.396710	0.0	0.0
0.176760	0.179440000	93.356788	0.0	0.0
0.178521	0.181225000	93.317198	0.0	0.0
0.180300	0.183027000	93.277934	0.0	0.0
0.182096	0.184847000	93.238995	0.0	0.0
0.183910	0.186685000	93.200378	0.0	0.0
0.185743	0.188541000	93.162076	0.0	0.0
0.187593	0.190416000	93.124087	0.0	0.0
0.189462	0.192309000	93.086407	0.0	0.0
0.191350	0.194221000	93.049031	0.0	0.0
0.193256	0.196152000	93.011959	0.0	0.0
0.195181	0.198102000	92.975182	0.0	0.0
0.197126	0.200072000	92.938700	0.0	0.0
0.199090	0.202061000	92.902509	0.0	0.0
0.201073	0.204069000	92.866604	0.0	0.0
0.203077	0.206098000	92.830983	0.0	0.0
0.205100	0.208147000	92.795641	0.0	0.0
0.207143	0.210215000	92.760574	0.0	0.0
0.209207	0.212305000	92.725781	0.0	0.0
0.211291	0.214415000	92.691258	0.0	0.0
0.213396	0.216546000	92.656999	0.0	0.0
0.215522	0.218698000	92.623003	0.0	0.0
0.217669	0.220871000	92.589266	0.0	0.0
0.219838	0.223066000	92.555786	0.0	0.0
0.222028	0.225282000	92.522557	0.0	0.0
0.224240	0.227521000	92.489577	0.0	0.0
0.226474	0.229781000	92.456843	0.0	0.0
0.228730	0.232064000	92.424352	0.0	0.0
0.231009	0.234369000	92.392099	0.0	0.0
0.233311	0.236698000	92.360082	0.0	0.0
0.235635	0.239049000	92.328299	0.0	0.0
0.237983	0.241423000	92.296746	0.0	0.0
0.240354	0.243821000	92.265419	0.0	0.0
0.242748	0.246243000	92.234315	0.0	0.0
0.245167	0.248688000	92.203432	0.0	0.0
0.247609	0.251158000	92.172767	0.0	0.0
0.250076	0.253652000	92.142315	0.0	0.0
0.252567	0.256171000	92.112075	0.0	0.0
0.255084	0.258714000	92.082044	0.0	0.0
0.257625	0.261283000	92.052217	0.0	0.0
0.260192	0.263877000	92.022593	0.0	0.0
0.262784	0.266496000	91.993169	0.0	0.0
0.265402	0.269142000	91.963940	0.0	0.0
0.268046	0.271813000	91.934906	0.0	0.0
0.270716	0.274511000	91.906063	0.0	0.0
0.273413	0.277235000	91.877407	0.0	0.0
0.276137	0.279986000	91.848937	0.0	0.0
0.278888	0.282765000	91.820649	0.0	0.0
0.281667	0.285571000	91.792540	0.0	0.0
0.284473	0.288404000	91.764607	0.0	0.0
0.287307	0.291265000	91.736850	0.0	0.0
0.290170	0.294155000	91.709263	0.0	0.0
0.293060	0.297073000	91.681845	0.0	0.0
0.295980	0.300019000	91.654592	0.0	0.0
0.298929	0.302995000	91.627503	0.0	0.0
0.301907	0.306000000	91.600573	0.0	0.0
0.304915	0.309034000	91.573802	0.0	0.0
0.307953	0.312098000	91.547185	0.0	0.0
0.311021	0.315193000	91.520722	0.0	0.0
0.314119	0.318317000	91.494408	0.0	0.0
0.317249	0.321473000	91.468241	0.0	0.0
0.320409	0.324659000	91.442220	0.0	0.0
0.323602	0.327877000	91.416339	0.0	0.0
0.326825	0.331127000	91.390599	0.0	0.0
0.330082	0.334408000	91.364996	0.0	0.0
0.333370	0.337721000	91.339527	0.0	0.0
0.336691	0.341067000	91.314190	0.0	0.0
0.340046	0.344446000	91.288983	0.0	0.0
0.343433	0.347858000	91.263903	0.0	0.0
0.346855	0.351304000	91.238947	0.0	0.0
0.350311	0.354783000	91.214113	0.0	0.0
0.353801	0.358296000	91.189399	0.0	0.0
0.357325	0.361844000	91.164802	0.0	0.0
0.360885	0.365426000	91.140320	0.0	0.0
0.364481	0.369044000	91.115950	0.0	0.0
0.368112	0.372697000	91.091690	0.0	0.0
0.371779	0.376385000	91.067537	0.0	0.0
0.375483	0.380110000	91.043490	0.0	0.0
0.379224	0.383872000	91.019546	0.0	0.0
0.383002	0.387670000	90.995702	0.0	0.0
0.386818	0.391505000	90.971955	0.0	0.0
0.390672	0.395377000	90.948305	0.0	0.0
0.394564	0.399288000	90.924748	0.0	0.0
0.398495	0.403237000	90.901282	0.0	0.0
0.402465	0.407224000	90.877905	0.0	0.0
0.406474	0.411250000	90.854615	0.0	0.0
0.410524	0.415316000	90.831409	0.0	0.0
0.414614	0.419421000	90.808284	0.0	0.0
0.418745	0.423566000	90.785239	0.0	0.0
0.422916	0.427752000	90.762272	0.0	0.0
0.427130	0.431978000	90.739380	0.0	0.0
0.431385	0.436246000	90.716560	0.0	0.0
0.435683	0.440555000	90.693811	0.0	0.0
0.440024	0.444906000	90.671131	0.0	0.0
0.444407	0.449300000	90.648516	0.0	0.0
0.448835	0.453736000	90.625966	0.0	0.0
0.453307	0.458216000	90.603476	0.0	0.0
0.457823	0.462739000	90.581047	0.0	0.0
0.462384	0.467306000	90.558675	0.0	0.0
0.466990	0.471918000	90.536358	0.0	0.0
0.471643	0.476574000	90.514093	0.0	0.0
0.476342	0.481276000	90.491880	0.0	0.0
0.481087	0.486023000	90.469715	0.0	0.0
0.485880	0.490817000	90.447595	0.0	0.0
0.490721	0.495657000	90.425521	0.0	0.0
0.495610	0.500544000	90.403488	0.0	0.0
0.500547	0.505479000	90.381495	0.0	0.0
0.505534	0.510461000	90.359539	0.0	0.0
0.510571	0.515492000	90.337620	0.0	0.0
0.515657	0.520571000	90.315733	0.0	0.0
0.520795	0.525700000	90.293877	0.0	0.0
0.525983	0.530879000	90.272050	0.0	0.0
0.531224	0.536108000	90.250251	0.0	0.0
0.536516	0.541387000	90.228476	0.0	0.0
0.541861	0.546718000	90.206723	0.0	0.0
0.547260	0.552100000	90.184991	0.0	0.0
0.552712	0.557535000	90.163278	0.0	0.0
0.558218	0.563022000	90.141580	0.0	0.0
0.563780	0.568562000	90.119896	0.0	0.0
0.569396	0.574156000	90.098224	0.0	0.0
0.575069	0.579804000	90.076562	0.0	0.0
0.580798	0.585507000	90.054908	0.0	0.0
0.586585	0.591265000	90.033260	0.0	0.0
0.592429	0.597079000	90.011614	0.0	0.0
0.598331	0.602949000	89.989970	0.0	0.0
0.604292	0.608876000	89.968324	0.0	0.0
0.610312	0.614860000	89.946676	0.0	0.0
0.616392	0.620902000	89.925023	0.0	0.0
0.622533	0.627003000	89.903362	0.0	0.0
0.628736	0.633163000	89.881692	0.0	0.0
0.634999	0.639382000	89.860011	0.0	0.0
0.641326	0.645662000	89.838316	0.0	0.0
0.647715	0.652002000	89.816605	0.0	0.0
0.654168	0.658404000	89.794876	0.0	0.0
0.660685	0.664868000	89.773127	0.0	0.0
0.667268	0.671394000	89.751356	0.0	0.0
0.673915	0.677984000	89.729561	0.0	0.0
0.680629	0.684637000	89.707739	0.0	0.0
0.687410	0.691356000	89.685888	0.0	0.0
0.694259	0.698139000	89.664007	0.0	0.0
0.701175	0.704988000	89.642092	0.0	0.0
0.708161	0.711904000	89.620143	0.0	0.0
0.715216	0.718886000	89.598156	0.0	0.0
0.722342	0.725937000	89.576130	0.0	0.0
0.729538	0.733056000	89.554063	0.0	0.0
0.736806	0.740244000	89.531952	0.0	0.0
0.744147	0.747503000	89.509794	0.0	0.0
0.751561	0.754831000	89.487589	0.0	0.0
0.759048	0.762232000	89.465334	0.0	0.0
0.766610	0.769704000	89.443026	0.0	0.0
0.774248	0.777250000	89.420664	0.0	0.0
0.781961	0.784869000	89.398244	0.0	0.0
0.789752	0.792562000	89.375766	0.0	0.0
0.797620	0.800331000	89.353226	0.0	0.0
0.805566	0.808176000	89.330623	0.0	0.0
0.813592	0.816098000	89.307954	0.0	0.0
0.821698	0.824098000	89.285218	0.0	0.0
0.829884	0.832176000	89.262411	0.0	0.0
0.838152	0.840334000	89.239532	0.0	0.0
0.846502	0.848572000	89.216578	0.0	0.0
0.854936	0.856891000	89.193548	0.0	0.0
0.863453	0.865293000	89.170438	0.0	0.0
0.872055	0.873778000	89.147247	0.0	0.0
0.880743	0.882346000	89.123972	0.0	0.0
0.889518	0.891000000	89.100612	0.0	0.0
0.898380	0.899740000	89.077163	0.0	0.0
0.907330	0.908567000	89.053623	0.0	0.0
0.916370	0.917482000	89.029991	0.0	0.0
0.925499	0.926486000	89.006264	0.0	0.0
0.934720	0.935581000	88.982438	0.0	0.0
0.944032	0.944766000	88.958514	0.0	0.0
0.953437	0.954045000	88.934487	0.0	0.0
0.962936	0.963416000	88.910355	0.0	0.0
0.972529	0.972883000	88.886117	0.0	0.0
0.982218	0.982445000	88.861769	0.0	0.0
0.992004	0.992105000	88.837310	0.0	0.0
1.001887	1.001860000	88.812736	0.0	0.0
1.011868	1.011720000	88.788048	0.0	0.0
1.021949	1.021680000	88.763239	0.0	0.0
1.032131	1.031740000	88.738307	0.0	0.0
1.042414	1.041900000	88.713253	0.0	0.0
1.052799	1.052170000	88.688073	0.0	0.0
1.063288	1.062550000	88.662763	0.0	0.0
1.073881	1.073030000	88.637324	0.0	0.0
1.084580	1.083620000	88.611750	0.0	0.0
1.095385	1.094330000	88.586040	0.0	0.0
1.106298	1.105140000	88.560192	0.0	0.0
1.117320	1.116070000	88.534201	0.0	0.0
1.128451	1.127120000	88.508069	0.0	0.0
1.139694	1.138280000	88.481788	0.0	0.0
1.151048	1.149560000	88.455360	0.0	0.0
1.162516	1.160970000	88.428778	0.0	0.0
1.174097	1.172490000	88.402045	0.0	0.0
1.185794	1.184140000	88.375155	0.0	0.0
1.197608	1.195910000	88.348103	0.0	0.0
1.209540	1.207820000	88.320889	0.0	0.0
1.221590	1.219850000	88.293513	0.0	0.0
1.233760	1.232010000	88.265969	0.0	0.0
1.246052	1.244310000	88.238253	0.0	0.0
1.258466	1.256740000	88.210366	0.0	0.0
1.271004	1.269310000	88.182302	0.0	0.0
1.283666	1.282030000	88.154062	0.0	0.0
1.296455	1.294880000	88.125639	0.0	0.0
1.309371	1.307880000	88.097034	0.0	0.0
1.322416	1.321020000	88.068241	0.0	0.0
1.335591	1.334310000	88.039258	0.0	0.0
1.348897	1.347750000	88.010084	0.0	0.0
1.362336	1.361350000	87.980714	0.0	0.0
1.375908	1.375100000	87.951148	0.0	0.0
1.389616	1.389010000	87.921379	0.0	0.0
1.403460	1.403080000	87.891408	0.0	0.0
1.417443	1.417320000	87.861227	0.0	0.0
1.431564	1.431720000	87.830840	0.0	0.0
1.445826	1.446280000	87.800240	0.0	0.0
1.460231	1.461020000	87.769422	0.0	0.0
1.474779	1.475930000	87.738386	0.0	0.0
1.489471	1.491020000	87.707131	0.0	0.0
1.504310	1.506290000	87.675650	0.0	0.0
1.519297	1.521740000	87.643940	0.0	0.0
1.534434	1.537370000	87.611998	0.0	0.0
1.549721	1.553190000	87.579824	0.0	0.0
1.565160	1.569190000	87.547414	0.0	0.0
1.580753	1.585390000	87.514762	0.0	0.0
1.596502	1.601790000	87.481866	0.0	0.0
1.612408	1.618380000	87.448723	0.0	0.0
1.628471	1.635180000	87.415333	0.0	0.0
1.644695	1.652170000	87.381688	0.0	0.0
1.661081	1.669380000	87.347785	0.0	0.0
1.677630	1.686790000	87.313624	0.0	0.0
1.694344	1.704410000	87.279199	0.0	0.0
1.711224	1.722250000	87.244508	0.0	0.0
1.728272	1.740300000	87.209548	0.0	0.0
1.745491	1.758570000	87.174312	0.0	0.0
1.762880	1.777060000	87.138803	0.0	0.0
1.780443	1.795780000	87.103012	0.0	0.0
1.798181	1.814730000	87.066937	0.0	0.0
1.816096	1.833900000	87.030575	0.0	0.0
1.834189	1.853300000	86.993923	0.0	0.0
1.852463	1.872940000	86.956975	0.0	0.0
1.870918	1.892810000	86.919731	0.0	0.0
1.889558	1.912920000	86.882184	0.0	0.0
1.908383	1.933270000	86.844333	0.0	0.0
1.927396	1.953860000	86.806172	0.0	0.0
1.946598	1.974690000	86.767699	0.0	0.0
1.965991	1.995760000	86.728911	0.0	0.0
1.985578	2.017080000	86.689801	0.0	0.0
2.005359	2.038640000	86.650370	0.0	0.0
2.025338	2.060450000	86.610609	0.0	0.0
2.045516	2.082500000	86.570516	0.0	0.0
2.065895	2.104810000	86.530088	0.0	0.0
2.086477	2.127360000	86.489321	0.0	0.0
2.107264	2.150160000	86.448210	0.0	0.0
2.128258	2.173200000	86.406753	0.0	0.0
2.149461	2.196490000	86.364944	0.0	0.0
2.170875	2.220030000	86.322781	0.0	0.0
2.192503	2.243820000	86.280256	0.0	0.0
2.214346	2.267840000	86.237369	0.0	0.0
2.236407	2.292110000	86.194114	0.0	0.0
2.258688	2.316630000	86.150486	0.0	0.0
2.281191	2.341380000	86.106482	0.0	0.0
2.303917	2.366370000	86.062100	0.0	0.0
2.326871	2.391590000	86.017330	0.0	0.0
2.350052	2.417040000	85.972174	0.0	0.0
2.373465	2.442720000	85.926623	0.0	0.0
2.397111	2.468630000	85.880674	0.0	0.0
2.420993	2.494760000	85.834322	0.0	0.0
2.445113	2.521110000	85.787564	0.0	0.0
2.469473	2.547680000	85.740394	0.0	0.0
2.494075	2.574450000	85.692811	0.0	0.0
2.518923	2.601430000	85.644805	0.0	0.0
2.544018	2.628620000	85.596375	0.0	0.0
2.569364	2.656000000	85.547513	0.0	0.0
2.594961	2.683580000	85.498220	0.0	0.0
2.620814	2.711350000	85.448486	0.0	0.0
2.646925	2.739300000	85.398307	0.0	0.0
2.673295	2.767440000	85.347681	0.0	0.0
2.699928	2.795750000	85.296602	0.0	0.0
2.726827	2.824240000	85.245062	0.0	0.0
2.753994	2.852890000	85.193059	0.0	0.0
2.781431	2.881710000	85.140588	0.0	0.0
2.809141	2.910700000	85.087645	0.0	0.0
2.837128	2.939840000	85.034221	0.0	0.0
2.865393	2.969150000	84.980314	0.0	0.0
2.893941	2.998610000	84.925917	0.0	0.0
2.922772	3.028230000	84.871027	0.0	0.0
2.951891	3.058010000	84.815637	0.0	0.0
2.981300	3.087950000	84.759742	0.0	0.0
3.011001	3.118050000	84.703339	0.0	0.0
3.040999	3.148310000	84.646419	0.0	0.0
3.071296	3.178740000	84.588977	0.0	0.0
3.101894	3.209340000	84.531010	0.0	0.0
3.132797	3.240120000	84.472512	0.0	0.0
3.164008	3.271090000	84.413475	0.0	0.0
3.195530	3.302250000	84.353895	0.0	0.0
3.227367	3.333620000	84.293764	0.0	0.0
3.259520	3.365220000	84.233081	0.0	0.0
3.291993	3.397050000	84.171839	0.0	0.0
3.324791	3.429120000	84.110027	0.0	0.0
3.357915	3.461470000	84.047644	0.0	0.0
3.391368	3.494110000	83.984686	0.0	0.0
3.425156	3.527050000	83.921140	0.0	0.0
3.459279	3.560340000	83.857007	0.0	0.0
3.493743	3.593970000	83.792276	0.0	0.0
3.528550	3.627990000	83.726944	0.0	0.0
3.563704	3.662420000	83.661003	0.0	0.0
3.599208	3.697290000	83.594447	0.0	0.0
3.635066	3.732630000	83.527270	0.0	0.0
3.671281	3.768480000	83.459466	0.0	0.0
3.707857	3.804860000	83.391028	0.0	0.0
3.744797	3.841810000	83.321951	0.0	0.0
3.782106	3.879370000	83.252225	0.0	0.0
3.819786	3.917560000	83.181847	0.0	0.0
3.857841	3.956420000	83.110810	0.0	0.0
3.896276	3.995990000	83.039105	0.0	0.0
3.935093	4.036300000	82.966728	0.0	0.0
3.974297	4.077370000	82.893671	0.0	0.0
4.013892	4.119240000	82.819926	0.0	0.0
4.053881	4.161940000	82.745488	0.0	0.0
4.094269	4.205490000	82.670348	0.0	0.0
4.135059	4.249910000	82.594501	0.0	0.0
4.176255	4.295220000	82.517940	0.0	0.0
4.217862	4.341430000	82.440656	0.0	0.0
4.259883	4.388560000	82.362643	0.0	0.0
4.302323	4.436590000	82.283893	0.0	0.0
4.345186	4.485540000	82.204399	0.0	0.0
4.388476	4.535390000	82.124154	0.0	0.0
4.432197	4.586130000	82.043151	0.0	0.0
4.476353	4.637740000	81.961382	0.0	0.0
4.520950	4.690170000	81.878838	0.0	0.0
4.565991	4.743410000	81.795513	0.0	0.0
4.611480	4.797400000	81.711401	0.0	0.0
4.657423	4.852090000	81.626490	0.0	0.0
4.703824	4.907420000	81.540774	0.0	0.0
4.750687	4.963320000	81.454246	0.0	0.0
4.798016	5.019720000	81.366899	0.0	0.0
4.845817	5.076550000	81.278722	0.0	0.0
4.894095	5.133710000	81.189708	0.0	0.0
4.942853	5.191110000	81.099851	0.0	0.0
4.992097	5.248670000	81.009140	0.0	0.0
5.041832	5.306290000	80.917568	0.0	0.0
5.092062	5.363860000	80.825127	0.0	0.0
5.142793	5.421310000	80.731807	0.0	0.0
5.194029	5.478530000	80.637601	0.0	0.0
5.245776	5.535430000	80.542499	0.0	0.0
5.298038	5.591950000	80.446495	0.0	0.0
5.350821	5.647990000	80.349578	0.0	0.0
5.404129	5.703510000	80.251742	0.0	0.0
5.457969	5.758460000	80.152974	0.0	0.0
5.512345	5.812790000	80.053268	0.0	0.0
5.567263	5.866500000	79.952614	0.0	0.0
5.622728	5.919590000	79.851003	0.0	0.0
5.678746	5.972080000	79.748427	0.0	0.0
5.735321	6.024020000	79.644877	0.0	0.0
5.792460	6.075470000	79.540342	0.0	0.0
5.850169	6.126520000	79.434813	0.0	0.0
5.908453	6.177300000	79.328281	0.0	0.0
5.967317	6.227940000	79.220738	0.0	0.0
6.026767	6.278590000	79.112174	0.0	0.0
6.086810	6.329450000	79.002577	0.0	0.0
6.147451	6.380690000	78.891940	0.0	0.0
6.208696	6.432550000	78.780252	0.0	0.0
6.270552	6.485230000	78.667503	0.0	0.0
6.333023	6.538970000	78.553685	0.0	0.0
6.396117	6.593990000	78.438787	0.0	0.0
6.459840	6.650520000	78.322797	0.0	0.0
6.524198	6.708760000	78.205706	0.0	0.0
6.589196	6.768910000	78.087508	0.0	0.0
6.654842	6.831140000	77.968188	0.0	0.0
6.721143	6.895570000	77.847735	0.0	0.0
6.788103	6.962300000	77.726144	0.0	0.0
6.855731	7.031380000	77.603399	0.0	0.0
6.924033	7.102810000	77.479492	0.0	0.0
6.993015	7.176530000	77.354413	0.0	0.0
7.062684	7.252430000	77.228151	0.0	0.0
7.133048	7.330320000	77.100694	0.0	0.0
7.204112	7.409980000	76.972033	0.0	0.0
7.275884	7.491100000	76.842157	0.0	0.0
7.348372	7.573350000	76.711052	0.0	0.0
7.421582	7.656310000	76.578710	0.0	0.0
7.495521	7.739570000	76.445120	0.0	0.0
7.570196	7.822650000	76.310271	0.0	0.0
7.645616	7.905090000	76.174149	0.0	0.0
7.721787	7.986420000	76.036746	0.0	0.0
7.798717	8.066180000	75.898049	0.0	0.0
7.876413	8.143960000	75.758048	0.0	0.0
7.954883	8.219420000	75.616731	0.0	0.0
8.034135	8.292270000	75.474085	0.0	0.0
8.114177	8.362320000	75.330098	0.0	0.0
8.195016	8.429510000	75.184761	0.0	0.0
8.276661	8.493890000	75.038061	0.0	0.0
8.359119	8.555630000	74.889985	0.0	0.0
8.442398	8.615060000	74.740525	0.0	0.0
8.526507	8.672630000	74.589665	0.0	0.0
8.611454	8.728920000	74.437394	0.0	0.0
8.697247	8.784650000	74.283701	0.0	0.0
8.783896	8.840600000	74.128571	0.0	0.0
8.871407	8.897650000	73.971996	0.0	0.0
8.959790	8.956710000	73.813962	0.0	0.0
9.049054	9.018670000	73.654455	0.0	0.0
9.139207	9.084400000	73.493465	0.0	0.0
9.230258	9.154670000	73.330979	0.0	0.0
9.322216	9.230130000	73.166984	0.0	0.0
9.415091	9.311230000	73.001467	0.0	0.0
9.508890	9.398250000	72.834417	0.0	0.0
9.603625	9.491180000	72.665818	0.0	0.0
9.699303	9.589780000	72.495661	0.0	0.0
9.795934	9.693530000	72.323932	0.0	0.0
9.893528	9.801640000	72.150618	0.0	0.0
9.992094	9.913070000	71.975706	0.0	0.0
10.091640	10.026600000	71.799187	0.0	0.0
10.192180	10.140900000	71.621040	0.0	0.0
10.293720	10.254500000	71.441258	0.0	0.0
10.396280	10.366000000	71.259812	0.0	0.0
10.499850	10.474000000	71.076724	0.0	0.0
10.604460	10.577500000	70.891944	0.0	0.0
10.710110	10.675600000	70.705479	0.0	0.0
10.816810	10.768000000	70.517315	0.0	0.0
10.924570	10.854500000	70.327440	0.0	0.0
11.033410	10.935800000	70.135824	0.0	0.0
11.143340	11.013000000	69.942456	0.0	0.0
11.254350	11.087400000	69.747356	0.0	0.0
11.366480	11.161200000	69.550463	0.0	0.0
11.479720	11.236600000	69.351798	0.0	0.0
11.594090	11.316100000	69.151332	0.0	0.0
11.709600	11.402200000	68.949054	0.0	0.0
11.826250	11.497300000	68.744971	0.0	0.0
11.944080	11.603400000	68.539018	0.0	0.0
12.063070	11.722000000	68.331236	0.0	0.0
12.183250	11.853600000	68.121581	0.0	0.0
12.304630	11.998000000	67.910042	0.0	0.0
12.427220	12.154300000	67.696607	0.0	0.0
12.551030	12.320100000	67.481267	0.0	0.0
12.676070	12.492700000	67.264012	0.0	0.0
12.802360	12.668400000	67.044814	0.0	0.0
12.929900	12.843200000	66.823680	0.0	0.0
13.058720	13.013100000	66.600566	0.0	0.0
13.188820	13.174400000	66.375481	0.0	0.0
13.320220	13.324100000	66.148397	0.0	0.0
13.452920	13.460700000	65.919323	0.0	0.0
13.586950	13.584000000	65.688215	0.0	0.0
13.722310	13.695500000	65.455081	0.0	0.0
13.859020	13.798600000	65.219897	0.0	0.0
13.997100	13.898500000	64.982636	0.0	0.0
14.136540	14.001400000	64.743325	0.0	0.0
14.277380	14.114300000	64.501904	0.0	0.0
14.419620	14.244000000	64.258382	0.0	0.0
14.563280	14.396200000	64.012735	0.0	0.0
14.708370	14.574100000	63.764956	0.0	0.0
14.854910	14.778000000	63.515019	0.0	0.0
15.002900	15.003500000	63.262936	0.0	0.0
15.152370	15.241600000	63.008665	0.0	0.0
15.303330	15.477800000	62.752200	0.0	0.0
15.455790	15.692800000	62.493534	0.0	0.0
15.609770	15.862800000	62.232644	0.0	0.0
15.765290	15.961100000	61.969507	0.0	0.0
15.922350	15.959900000	61.704134	0.0	0.0
16.080980	15.832200000	61.436486	0.0	0.0
16.241190	15.554700000	61.166557	0.0	0.0
16.403000	15.110000000	60.894325	0.0	0.0
16.566420	14.488800000	60.619785	0.0	0.0
16.731460	13.691600000	60.342933	0.0	0.0
16.898160	12.729800000	60.063712	0.0	0.0
17.066510	11.625300000	59.782153	0.0	0.0
17.236540	10.409700000	59.498217	0.0	0.0
17.408260	9.122440000	59.211900	0.0	0.0
17.581690	7.807710000	58.923182	0.0	0.0
17.756850	6.511250000	58.632041	0.0	0.0
17.933760	5.276650000	58.338458	0.0	0.0
18.112430	4.142010000	58.042429	0.0	0.0
18.292880	3.137040000	57.743934	0.0	0.0
18.475120	2.281080000	57.442970	0.0	0.0
18.659180	1.582330000	57.139500	0.0	0.0
18.845080	1.038080000	56.833505	0.0	0.0
19.032830	0.636261000	56.524982	0.0	0.0
19.222450	0.357660000	56.213912	0.0	0.0
19.413950	0.178822000	55.900292	0.0	0.0
19.607370	0.074982600	55.584070	0.0	0.0
19.802710	0.022743700	55.265260	0.0	0.0
20.000000	0.002138170	54.943827	0.0	0.0
