# UNCLASSIFIED
#
# Response info for DAV broad-band site.
#
# Effective: 27 JUL 2011
# Created: 22 DEC 2011
# File name: DAV.BB.1311724800
# Source:  James Neely (TTD), TSgt Swindle (TTD)
# System equipment: Strekeisen STS-2 and Quanterra 330 digitizer.
# INID: 5619 5620 5621
#
# The response file was derived from equations of state.
# Displacement response relative to 1.0 at 1.0 Hz.
#
# The calib values for this configuration are as follows:
#
# DAV BHZ is 0.063242 nm/count at 1.00 Hz.
# DAV BHN is 0.063242 nm/count at 1.00 Hz.
# DAV BHE is 0.063242 nm/count at 1.00 Hz.
#
# Freq(Hz)    Ampl(counts/nm)   Phase(deg)  Error(amp) Error(phase)
#
 theoretical   0   instrument   fap
1000
0.001000	0.000014221	260.222779	0.0	0.0
0.001010	0.000014650	260.124439	0.0	0.0
0.001020	0.000015092	260.025095	0.0	0.0
0.001030	0.000015548	259.924735	0.0	0.0
0.001040	0.000016017	259.823348	0.0	0.0
0.001051	0.000016501	259.720913	0.0	0.0
0.001061	0.000016999	259.617429	0.0	0.0
0.001072	0.000017512	259.512886	0.0	0.0
0.001083	0.000018040	259.407261	0.0	0.0
0.001093	0.000018585	259.300554	0.0	0.0
0.001104	0.000019146	259.192753	0.0	0.0
0.001115	0.000019723	259.083838	0.0	0.0
0.001126	0.000020319	258.973796	0.0	0.0
0.001138	0.000020932	258.862627	0.0	0.0
0.001149	0.000021564	258.750309	0.0	0.0
0.001160	0.000022214	258.636831	0.0	0.0
0.001172	0.000022885	258.522181	0.0	0.0
0.001184	0.000023575	258.406347	0.0	0.0
0.001195	0.000024287	258.289309	0.0	0.0
0.001207	0.000025020	258.171064	0.0	0.0
0.001219	0.000025775	258.051601	0.0	0.0
0.001231	0.000026553	257.930888	0.0	0.0
0.001244	0.000027354	257.808933	0.0	0.0
0.001256	0.000028179	257.685705	0.0	0.0
0.001269	0.000029030	257.561201	0.0	0.0
0.001281	0.000029906	257.435400	0.0	0.0
0.001294	0.000030808	257.308298	0.0	0.0
0.001307	0.000031738	257.179866	0.0	0.0
0.001320	0.000032695	257.050099	0.0	0.0
0.001333	0.000033682	256.918977	0.0	0.0
0.001346	0.000034698	256.786485	0.0	0.0
0.001360	0.000035745	256.652604	0.0	0.0
0.001373	0.000036824	256.517328	0.0	0.0
0.001387	0.000037935	256.380638	0.0	0.0
0.001401	0.000039079	256.242518	0.0	0.0
0.001415	0.000040258	256.102948	0.0	0.0
0.001429	0.000041473	255.961914	0.0	0.0
0.001443	0.000042724	255.819403	0.0	0.0
0.001457	0.000044013	255.675392	0.0	0.0
0.001472	0.000045341	255.529859	0.0	0.0
0.001487	0.000046708	255.382800	0.0	0.0
0.001501	0.000048117	255.234192	0.0	0.0
0.001516	0.000049569	255.084011	0.0	0.0
0.001532	0.000051064	254.932244	0.0	0.0
0.001547	0.000052604	254.778879	0.0	0.0
0.001562	0.000054191	254.623890	0.0	0.0
0.001578	0.000055825	254.467255	0.0	0.0
0.001593	0.000057509	254.308959	0.0	0.0
0.001609	0.000059244	254.148978	0.0	0.0
0.001625	0.000061030	253.987309	0.0	0.0
0.001642	0.000062871	253.823907	0.0	0.0
0.001658	0.000064767	253.658768	0.0	0.0
0.001674	0.000066720	253.491878	0.0	0.0
0.001691	0.000068731	253.323191	0.0	0.0
0.001708	0.000070804	253.152714	0.0	0.0
0.001725	0.000072938	252.980411	0.0	0.0
0.001742	0.000075137	252.806257	0.0	0.0
0.001760	0.000077403	252.630237	0.0	0.0
0.001777	0.000079736	252.452327	0.0	0.0
0.001795	0.000082139	252.272499	0.0	0.0
0.001813	0.000084615	252.090740	0.0	0.0
0.001831	0.000087166	251.907023	0.0	0.0
0.001849	0.000089793	251.721323	0.0	0.0
0.001867	0.000092499	251.533613	0.0	0.0
0.001886	0.000095286	251.343876	0.0	0.0
0.001905	0.000098157	251.152078	0.0	0.0
0.001924	0.000101115	250.958211	0.0	0.0
0.001943	0.000104161	250.762228	0.0	0.0
0.001962	0.000107299	250.564112	0.0	0.0
0.001982	0.000110531	250.363837	0.0	0.0
0.002002	0.000113860	250.161385	0.0	0.0
0.002022	0.000117289	249.956709	0.0	0.0
0.002042	0.000120822	249.749810	0.0	0.0
0.002062	0.000124460	249.540631	0.0	0.0
0.002083	0.000128207	249.329165	0.0	0.0
0.002103	0.000132067	249.115371	0.0	0.0
0.002124	0.000136042	248.899233	0.0	0.0
0.002145	0.000140137	248.680701	0.0	0.0
0.002167	0.000144355	248.459766	0.0	0.0
0.002188	0.000148698	248.236390	0.0	0.0
0.002210	0.000153173	248.010542	0.0	0.0
0.002232	0.000157781	247.782193	0.0	0.0
0.002254	0.000162527	247.551303	0.0	0.0
0.002277	0.000167415	247.317852	0.0	0.0
0.002300	0.000172449	247.081799	0.0	0.0
0.002322	0.000177634	246.843114	0.0	0.0
0.002346	0.000182974	246.601767	0.0	0.0
0.002369	0.000188474	246.357715	0.0	0.0
0.002393	0.000194137	246.110927	0.0	0.0
0.002416	0.000199970	245.861382	0.0	0.0
0.002441	0.000205978	245.609017	0.0	0.0
0.002465	0.000212164	245.353822	0.0	0.0
0.002489	0.000218535	245.095752	0.0	0.0
0.002514	0.000225096	244.834765	0.0	0.0
0.002539	0.000231852	244.570828	0.0	0.0
0.002565	0.000238809	244.303898	0.0	0.0
0.002590	0.000245974	244.033952	0.0	0.0
0.002616	0.000253352	243.760934	0.0	0.0
0.002642	0.000260949	243.484812	0.0	0.0
0.002668	0.000268772	243.205540	0.0	0.0
0.002695	0.000276827	242.923084	0.0	0.0
0.002722	0.000285120	242.637398	0.0	0.0
0.002749	0.000293660	242.348437	0.0	0.0
0.002776	0.000302453	242.056177	0.0	0.0
0.002804	0.000311507	241.760549	0.0	0.0
0.002832	0.000320828	241.461530	0.0	0.0
0.002860	0.000330424	241.159072	0.0	0.0
0.002888	0.000340304	240.853128	0.0	0.0
0.002917	0.000350476	240.543652	0.0	0.0
0.002946	0.000360948	240.230595	0.0	0.0
0.002976	0.000371727	239.913910	0.0	0.0
0.003005	0.000382825	239.593571	0.0	0.0
0.003035	0.000394248	239.269496	0.0	0.0
0.003066	0.000406007	238.941672	0.0	0.0
0.003096	0.000418110	238.610026	0.0	0.0
0.003127	0.000430568	238.274521	0.0	0.0
0.003158	0.000443391	237.935108	0.0	0.0
0.003190	0.000456589	237.591727	0.0	0.0
0.003221	0.000470172	237.244340	0.0	0.0
0.003253	0.000484150	236.892886	0.0	0.0
0.003286	0.000498536	236.537326	0.0	0.0
0.003319	0.000513339	236.177590	0.0	0.0
0.003352	0.000528573	235.813650	0.0	0.0
0.003385	0.000544247	235.445432	0.0	0.0
0.003419	0.000560375	235.072889	0.0	0.0
0.003453	0.000576969	234.695980	0.0	0.0
0.003487	0.000594041	234.314635	0.0	0.0
0.003522	0.000611605	233.928803	0.0	0.0
0.003557	0.000629673	233.538446	0.0	0.0
0.003592	0.000648259	233.143481	0.0	0.0
0.003628	0.000667376	232.743881	0.0	0.0
0.003664	0.000687038	232.339574	0.0	0.0
0.003701	0.000707262	231.930512	0.0	0.0
0.003738	0.000728059	231.516646	0.0	0.0
0.003775	0.000749446	231.097906	0.0	0.0
0.003813	0.000771437	230.674243	0.0	0.0
0.003851	0.000794049	230.245599	0.0	0.0
0.003889	0.000817297	229.811928	0.0	0.0
0.003928	0.000841197	229.373160	0.0	0.0
0.003967	0.000865765	228.929262	0.0	0.0
0.004006	0.000891017	228.480165	0.0	0.0
0.004046	0.000916972	228.025814	0.0	0.0
0.004087	0.000943646	227.566156	0.0	0.0
0.004127	0.000971056	227.101147	0.0	0.0
0.004168	0.000999220	226.630736	0.0	0.0
0.004210	0.001028160	226.154847	0.0	0.0
0.004252	0.001057880	225.673455	0.0	0.0
0.004294	0.001088420	225.186497	0.0	0.0
0.004337	0.001119780	224.693928	0.0	0.0
0.004380	0.001151990	224.195701	0.0	0.0
0.004424	0.001185060	223.691760	0.0	0.0
0.004468	0.001219010	223.182063	0.0	0.0
0.004512	0.001253870	222.666582	0.0	0.0
0.004557	0.001289660	222.145253	0.0	0.0
0.004603	0.001326380	221.618042	0.0	0.0
0.004649	0.001364070	221.084914	0.0	0.0
0.004695	0.001402730	220.545826	0.0	0.0
0.004742	0.001442410	220.000738	0.0	0.0
0.004789	0.001483100	219.449623	0.0	0.0
0.004837	0.001524830	218.892458	0.0	0.0
0.004885	0.001567620	218.329212	0.0	0.0
0.004934	0.001611500	217.759843	0.0	0.0
0.004983	0.001656480	217.184351	0.0	0.0
0.005032	0.001702570	216.602702	0.0	0.0
0.005082	0.001749810	216.014878	0.0	0.0
0.005133	0.001798210	215.420878	0.0	0.0
0.005184	0.001847780	214.820679	0.0	0.0
0.005236	0.001898550	214.214288	0.0	0.0
0.005288	0.001950540	213.601693	0.0	0.0
0.005341	0.002003760	212.982910	0.0	0.0
0.005394	0.002058230	212.357935	0.0	0.0
0.005448	0.002113980	211.726782	0.0	0.0
0.005502	0.002171010	211.089458	0.0	0.0
0.005557	0.002229340	210.445989	0.0	0.0
0.005612	0.002288990	209.796416	0.0	0.0
0.005668	0.002349980	209.140751	0.0	0.0
0.005725	0.002412310	208.479038	0.0	0.0
0.005782	0.002476010	207.811312	0.0	0.0
0.005839	0.002541080	207.137629	0.0	0.0
0.005897	0.002607540	206.458049	0.0	0.0
0.005956	0.002675410	205.772605	0.0	0.0
0.006015	0.002744680	205.081396	0.0	0.0
0.006075	0.002815380	204.384467	0.0	0.0
0.006136	0.002887500	203.681908	0.0	0.0
0.006197	0.002961070	202.973803	0.0	0.0
0.006259	0.003036080	202.260243	0.0	0.0
0.006321	0.003112540	201.541328	0.0	0.0
0.006384	0.003190460	200.817163	0.0	0.0
0.006448	0.003269830	200.087851	0.0	0.0
0.006512	0.003350670	199.353525	0.0	0.0
0.006577	0.003432980	198.614302	0.0	0.0
0.006642	0.003516750	197.870307	0.0	0.0
0.006708	0.003601980	197.121695	0.0	0.0
0.006775	0.003688670	196.368596	0.0	0.0
0.006843	0.003776820	195.611179	0.0	0.0
0.006911	0.003866430	194.849587	0.0	0.0
0.006980	0.003957480	194.083994	0.0	0.0
0.007049	0.004049970	193.314568	0.0	0.0
0.007120	0.004143890	192.541487	0.0	0.0
0.007191	0.004239230	191.764931	0.0	0.0
0.007262	0.004335980	190.985102	0.0	0.0
0.007335	0.004434140	190.202184	0.0	0.0
0.007408	0.004533680	189.416378	0.0	0.0
0.007481	0.004634580	188.627903	0.0	0.0
0.007556	0.004736850	187.836948	0.0	0.0
0.007631	0.004840460	187.043733	0.0	0.0
0.007707	0.004945390	186.248490	0.0	0.0
0.007784	0.005051620	185.451424	0.0	0.0
0.007862	0.005159150	184.652767	0.0	0.0
0.007940	0.005267930	183.852744	0.0	0.0
0.008019	0.005377970	183.051591	0.0	0.0
0.008099	0.005489230	182.249539	0.0	0.0
0.008180	0.005601690	181.446821	0.0	0.0
0.008261	0.005715340	180.643682	0.0	0.0
0.008343	0.005830150	179.840338	0.0	0.0
0.008426	0.005946090	179.037047	0.0	0.0
0.008510	0.006063150	178.234027	0.0	0.0
0.008595	0.006181300	177.431527	0.0	0.0
0.008681	0.006300520	176.629776	0.0	0.0
0.008767	0.006420790	175.829011	0.0	0.0
0.008855	0.006542070	175.029469	0.0	0.0
0.008943	0.006664360	174.231366	0.0	0.0
0.009032	0.006787630	173.434936	0.0	0.0
0.009122	0.006911850	172.640409	0.0	0.0
0.009213	0.007037020	171.847996	0.0	0.0
0.009305	0.007163090	171.057922	0.0	0.0
0.009397	0.007290060	170.270399	0.0	0.0
0.009491	0.007417900	169.485628	0.0	0.0
0.009586	0.007546600	168.703814	0.0	0.0
0.009681	0.007676130	167.925158	0.0	0.0
0.009777	0.007806480	167.149856	0.0	0.0
0.009875	0.007937650	166.378090	0.0	0.0
0.009973	0.008069600	165.610040	0.0	0.0
0.010073	0.008202320	164.845855	0.0	0.0
0.010173	0.008335800	164.085772	0.0	0.0
0.010274	0.008470030	163.329914	0.0	0.0
0.010377	0.008604990	162.578437	0.0	0.0
0.010480	0.008740680	161.831492	0.0	0.0
0.010584	0.008877100	161.089223	0.0	0.0
0.010690	0.009014220	160.351767	0.0	0.0
0.010796	0.009152040	159.619258	0.0	0.0
0.010904	0.009290560	158.891821	0.0	0.0
0.011013	0.009429770	158.169574	0.0	0.0
0.011122	0.009569670	157.452567	0.0	0.0
0.011233	0.009710250	156.740972	0.0	0.0
0.011345	0.009851520	156.034891	0.0	0.0
0.011458	0.009993480	155.334354	0.0	0.0
0.011572	0.010136100	154.639514	0.0	0.0
0.011688	0.010279500	153.950392	0.0	0.0
0.011804	0.010423500	153.267067	0.0	0.0
0.011922	0.010568200	152.589610	0.0	0.0
0.012040	0.010713600	151.918087	0.0	0.0
0.012160	0.010859700	151.252504	0.0	0.0
0.012281	0.011006600	150.592971	0.0	0.0
0.012404	0.011154100	149.939536	0.0	0.0
0.012527	0.011302400	149.292140	0.0	0.0
0.012652	0.011451500	148.650925	0.0	0.0
0.012778	0.011601200	148.015825	0.0	0.0
0.012906	0.011751800	147.386873	0.0	0.0
0.013034	0.011903100	146.764142	0.0	0.0
0.013164	0.012055200	146.147559	0.0	0.0
0.013295	0.012208100	145.537191	0.0	0.0
0.013428	0.012361900	144.933049	0.0	0.0
0.013561	0.012516400	144.335055	0.0	0.0
0.013696	0.012671800	143.743259	0.0	0.0
0.013833	0.012828100	143.157666	0.0	0.0
0.013971	0.012985200	142.578232	0.0	0.0
0.014110	0.013143300	142.004913	0.0	0.0
0.014250	0.013302200	141.437744	0.0	0.0
0.014392	0.013462100	140.876637	0.0	0.0
0.014536	0.013623000	140.321660	0.0	0.0
0.014681	0.013784800	139.772682	0.0	0.0
0.014827	0.013947600	139.229728	0.0	0.0
0.014975	0.014111400	138.692742	0.0	0.0
0.015124	0.014276200	138.161740	0.0	0.0
0.015275	0.014442100	137.636593	0.0	0.0
0.015427	0.014609100	137.117349	0.0	0.0
0.015580	0.014777100	136.603914	0.0	0.0
0.015736	0.014946300	136.096229	0.0	0.0
0.015892	0.015116600	135.594299	0.0	0.0
0.016051	0.015288000	135.098063	0.0	0.0
0.016211	0.015460700	134.607459	0.0	0.0
0.016372	0.015634500	134.122456	0.0	0.0
0.016535	0.015809600	133.642993	0.0	0.0
0.016700	0.015985900	133.169034	0.0	0.0
0.016866	0.016163400	132.700491	0.0	0.0
0.017034	0.016342300	132.237356	0.0	0.0
0.017204	0.016522500	131.779541	0.0	0.0
0.017375	0.016704000	131.327009	0.0	0.0
0.017549	0.016886900	130.879699	0.0	0.0
0.017723	0.017071100	130.437574	0.0	0.0
0.017900	0.017256800	130.000573	0.0	0.0
0.018078	0.017443900	129.568635	0.0	0.0
0.018258	0.017632500	129.141697	0.0	0.0
0.018440	0.017822500	128.719701	0.0	0.0
0.018624	0.018014100	128.302632	0.0	0.0
0.018810	0.018207200	127.890386	0.0	0.0
0.018997	0.018401800	127.482946	0.0	0.0
0.019186	0.018598000	127.080234	0.0	0.0
0.019377	0.018795800	126.682191	0.0	0.0
0.019570	0.018995300	126.288780	0.0	0.0
0.019765	0.019196400	125.899945	0.0	0.0
0.019962	0.019399200	125.515610	0.0	0.0
0.020161	0.019603600	125.135739	0.0	0.0
0.020362	0.019809900	124.760278	0.0	0.0
0.020565	0.020017800	124.389171	0.0	0.0
0.020770	0.020227500	124.022367	0.0	0.0
0.020977	0.020439100	123.659794	0.0	0.0
0.021186	0.020652400	123.301436	0.0	0.0
0.021397	0.020867700	122.947207	0.0	0.0
0.021610	0.021084800	122.597075	0.0	0.0
0.021825	0.021303800	122.250989	0.0	0.0
0.022043	0.021524700	121.908884	0.0	0.0
0.022262	0.021747600	121.570713	0.0	0.0
0.022484	0.021972500	121.236444	0.0	0.0
0.022708	0.022199300	120.906015	0.0	0.0
0.022934	0.022428300	120.579366	0.0	0.0
0.023163	0.022659200	120.256481	0.0	0.0
0.023394	0.022892300	119.937274	0.0	0.0
0.023627	0.023127500	119.621728	0.0	0.0
0.023862	0.023364800	119.309774	0.0	0.0
0.024100	0.023604300	119.001384	0.0	0.0
0.024340	0.023846000	118.696516	0.0	0.0
0.024582	0.024089900	118.395093	0.0	0.0
0.024827	0.024336000	118.097111	0.0	0.0
0.025075	0.024584500	117.802495	0.0	0.0
0.025324	0.024835200	117.511220	0.0	0.0
0.025577	0.025088300	117.223237	0.0	0.0
0.025832	0.025343700	116.938508	0.0	0.0
0.026089	0.025601500	116.656986	0.0	0.0
0.026349	0.025861800	116.378626	0.0	0.0
0.026611	0.026124400	116.103404	0.0	0.0
0.026876	0.026389600	115.831264	0.0	0.0
0.027144	0.026657300	115.562164	0.0	0.0
0.027415	0.026927400	115.296080	0.0	0.0
0.027688	0.027200200	115.032973	0.0	0.0
0.027964	0.027475500	114.772799	0.0	0.0
0.028242	0.027753500	114.515510	0.0	0.0
0.028524	0.028034100	114.261095	0.0	0.0
0.028808	0.028317300	114.009488	0.0	0.0
0.029095	0.028603300	113.760678	0.0	0.0
0.029385	0.028892000	113.514619	0.0	0.0
0.029677	0.029183500	113.271276	0.0	0.0
0.029973	0.029477800	113.030613	0.0	0.0
0.030272	0.029774900	112.792604	0.0	0.0
0.030573	0.030074900	112.557207	0.0	0.0
0.030878	0.030377800	112.324397	0.0	0.0
0.031185	0.030683600	112.094142	0.0	0.0
0.031496	0.030992300	111.866401	0.0	0.0
0.031810	0.031304100	111.641145	0.0	0.0
0.032127	0.031618800	111.418350	0.0	0.0
0.032447	0.031936600	111.197979	0.0	0.0
0.032770	0.032257500	110.980003	0.0	0.0
0.033097	0.032581500	110.764394	0.0	0.0
0.033426	0.032908700	110.551125	0.0	0.0
0.033759	0.033239000	110.340160	0.0	0.0
0.034096	0.033572600	110.131480	0.0	0.0
0.034435	0.033909400	109.925047	0.0	0.0
0.034778	0.034249600	109.720841	0.0	0.0
0.035125	0.034593000	109.518837	0.0	0.0
0.035475	0.034939800	109.318998	0.0	0.0
0.035828	0.035290000	109.121302	0.0	0.0
0.036185	0.035643600	108.925730	0.0	0.0
0.036546	0.036000700	108.732242	0.0	0.0
0.036910	0.036361300	108.540828	0.0	0.0
0.037278	0.036725400	108.351455	0.0	0.0
0.037649	0.037093100	108.164096	0.0	0.0
0.038024	0.037464400	107.978735	0.0	0.0
0.038403	0.037839300	107.795338	0.0	0.0
0.038785	0.038218000	107.613893	0.0	0.0
0.039172	0.038600300	107.434367	0.0	0.0
0.039562	0.038986500	107.256741	0.0	0.0
0.039956	0.039376400	107.080995	0.0	0.0
0.040354	0.039770200	106.907103	0.0	0.0
0.040756	0.040167800	106.735043	0.0	0.0
0.041162	0.040569400	106.564792	0.0	0.0
0.041572	0.040974900	106.396337	0.0	0.0
0.041987	0.041384500	106.229646	0.0	0.0
0.042405	0.041798100	106.064705	0.0	0.0
0.042827	0.042215700	105.901491	0.0	0.0
0.043254	0.042637500	105.739989	0.0	0.0
0.043685	0.043063500	105.580171	0.0	0.0
0.044120	0.043493700	105.422022	0.0	0.0
0.044560	0.043928100	105.265520	0.0	0.0
0.045004	0.044366800	105.110648	0.0	0.0
0.045452	0.044809900	104.957388	0.0	0.0
0.045905	0.045257300	104.805722	0.0	0.0
0.046362	0.045709200	104.655628	0.0	0.0
0.046824	0.046165600	104.507092	0.0	0.0
0.047291	0.046626400	104.360090	0.0	0.0
0.047762	0.047091900	104.214612	0.0	0.0
0.048238	0.047561900	104.070635	0.0	0.0
0.048718	0.048036600	103.928147	0.0	0.0
0.049204	0.048516100	103.787125	0.0	0.0
0.049694	0.049000200	103.647557	0.0	0.0
0.050189	0.049489200	103.509425	0.0	0.0
0.050689	0.049983000	103.372711	0.0	0.0
0.051194	0.050481800	103.237401	0.0	0.0
0.051704	0.050985400	103.103480	0.0	0.0
0.052219	0.051494100	102.970931	0.0	0.0
0.052739	0.052007800	102.839739	0.0	0.0
0.053265	0.052526600	102.709887	0.0	0.0
0.053795	0.053050600	102.581362	0.0	0.0
0.054331	0.053579800	102.454149	0.0	0.0
0.054873	0.054114200	102.328234	0.0	0.0
0.055419	0.054654000	102.203601	0.0	0.0
0.055971	0.055199100	102.080235	0.0	0.0
0.056529	0.055749600	101.958126	0.0	0.0
0.057092	0.056305600	101.837256	0.0	0.0
0.057661	0.056867100	101.717611	0.0	0.0
0.058235	0.057434200	101.599181	0.0	0.0
0.058816	0.058007000	101.481950	0.0	0.0
0.059402	0.058585400	101.365906	0.0	0.0
0.059993	0.059169600	101.251035	0.0	0.0
0.060591	0.059759600	101.137324	0.0	0.0
0.061195	0.060355400	101.024761	0.0	0.0
0.061804	0.060957200	100.913334	0.0	0.0
0.062420	0.061565000	100.803029	0.0	0.0
0.063042	0.062178800	100.693833	0.0	0.0
0.063670	0.062798800	100.585736	0.0	0.0
0.064304	0.063424800	100.478727	0.0	0.0
0.064945	0.064057100	100.372791	0.0	0.0
0.065592	0.064695800	100.267918	0.0	0.0
0.066246	0.065340800	100.164097	0.0	0.0
0.066906	0.065992200	100.061314	0.0	0.0
0.067572	0.066650000	99.959561	0.0	0.0
0.068245	0.067314400	99.858825	0.0	0.0
0.068925	0.067985500	99.759097	0.0	0.0
0.069612	0.068663200	99.660362	0.0	0.0
0.070305	0.069347600	99.562613	0.0	0.0
0.071006	0.070039000	99.465838	0.0	0.0
0.071713	0.070737100	99.370026	0.0	0.0
0.072428	0.071442200	99.275168	0.0	0.0
0.073149	0.072154300	99.181253	0.0	0.0
0.073878	0.072873500	99.088270	0.0	0.0
0.074614	0.073600000	98.996211	0.0	0.0
0.075357	0.074333600	98.905064	0.0	0.0
0.076108	0.075074500	98.814819	0.0	0.0
0.076866	0.075822800	98.725469	0.0	0.0
0.077632	0.076578600	98.637003	0.0	0.0
0.078406	0.077341900	98.549411	0.0	0.0
0.079187	0.078112800	98.462684	0.0	0.0
0.079976	0.078891400	98.376813	0.0	0.0
0.080773	0.079677700	98.291789	0.0	0.0
0.081577	0.080471800	98.207601	0.0	0.0
0.082390	0.081273900	98.124243	0.0	0.0
0.083211	0.082084000	98.041705	0.0	0.0
0.084040	0.082902100	97.959977	0.0	0.0
0.084877	0.083728400	97.879053	0.0	0.0
0.085723	0.084562900	97.798922	0.0	0.0
0.086577	0.085405800	97.719577	0.0	0.0
0.087439	0.086257000	97.641009	0.0	0.0
0.088310	0.087116700	97.563210	0.0	0.0
0.089190	0.087985000	97.486171	0.0	0.0
0.090079	0.088862000	97.409884	0.0	0.0
0.090976	0.089747600	97.334344	0.0	0.0
0.091883	0.090642100	97.259539	0.0	0.0
0.092798	0.091545600	97.185463	0.0	0.0
0.093722	0.092458000	97.112108	0.0	0.0
0.094656	0.093379500	97.039467	0.0	0.0
0.095599	0.094310300	96.967532	0.0	0.0
0.096552	0.095250200	96.896295	0.0	0.0
0.097514	0.096199600	96.825749	0.0	0.0
0.098485	0.097158400	96.755887	0.0	0.0
0.099466	0.098126800	96.686702	0.0	0.0
0.100457	0.099104800	96.618184	0.0	0.0
0.101458	0.100093000	96.550331	0.0	0.0
0.102469	0.101090000	96.483132	0.0	0.0
0.103490	0.102098000	96.416579	0.0	0.0
0.104521	0.103115000	96.350672	0.0	0.0
0.105562	0.104143000	96.285398	0.0	0.0
0.106614	0.105181000	96.220750	0.0	0.0
0.107676	0.106230000	96.156728	0.0	0.0
0.108749	0.107289000	96.093314	0.0	0.0
0.109832	0.108358000	96.030512	0.0	0.0
0.110926	0.109438000	95.968312	0.0	0.0
0.112031	0.110529000	95.906702	0.0	0.0
0.113148	0.111631000	95.845687	0.0	0.0
0.114275	0.112743000	95.785249	0.0	0.0
0.115413	0.113867000	95.725396	0.0	0.0
0.116563	0.115002000	95.666104	0.0	0.0
0.117724	0.116148000	95.607385	0.0	0.0
0.118897	0.117306000	95.549217	0.0	0.0
0.120082	0.118475000	95.491606	0.0	0.0
0.121278	0.119656000	95.434536	0.0	0.0
0.122486	0.120849000	95.378013	0.0	0.0
0.123707	0.122054000	95.322022	0.0	0.0
0.124939	0.123271000	95.266557	0.0	0.0
0.126184	0.124499000	95.211620	0.0	0.0
0.127441	0.125740000	95.157201	0.0	0.0
0.128711	0.126994000	95.103291	0.0	0.0
0.129993	0.128260000	95.049890	0.0	0.0
0.131288	0.129538000	94.996990	0.0	0.0
0.132596	0.130830000	94.944585	0.0	0.0
0.133917	0.132134000	94.892673	0.0	0.0
0.135251	0.133451000	94.841245	0.0	0.0
0.136599	0.134782000	94.790300	0.0	0.0
0.137960	0.136126000	94.739828	0.0	0.0
0.139334	0.137483000	94.689824	0.0	0.0
0.140722	0.138853000	94.640289	0.0	0.0
0.142124	0.140238000	94.591211	0.0	0.0
0.143540	0.141636000	94.542591	0.0	0.0
0.144970	0.143048000	94.494417	0.0	0.0
0.146414	0.144474000	94.446690	0.0	0.0
0.147873	0.145915000	94.399407	0.0	0.0
0.149346	0.147369000	94.352553	0.0	0.0
0.150834	0.148839000	94.306137	0.0	0.0
0.152337	0.150323000	94.260140	0.0	0.0
0.153855	0.151822000	94.214568	0.0	0.0
0.155387	0.153335000	94.169413	0.0	0.0
0.156935	0.154864000	94.124673	0.0	0.0
0.158499	0.156409000	94.080339	0.0	0.0
0.160078	0.157968000	94.036407	0.0	0.0
0.161673	0.159543000	93.992875	0.0	0.0
0.163284	0.161134000	93.949737	0.0	0.0
0.164910	0.162741000	93.906988	0.0	0.0
0.166553	0.164364000	93.864628	0.0	0.0
0.168213	0.166003000	93.822649	0.0	0.0
0.169888	0.167659000	93.781046	0.0	0.0
0.171581	0.169331000	93.739818	0.0	0.0
0.173290	0.171020000	93.698959	0.0	0.0
0.175017	0.172725000	93.658463	0.0	0.0
0.176760	0.174448000	93.618330	0.0	0.0
0.178521	0.176188000	93.578554	0.0	0.0
0.180300	0.177945000	93.539129	0.0	0.0
0.182096	0.179720000	93.500054	0.0	0.0
0.183910	0.181512000	93.461326	0.0	0.0
0.185743	0.183323000	93.422936	0.0	0.0
0.187593	0.185151000	93.384885	0.0	0.0
0.189462	0.186998000	93.347168	0.0	0.0
0.191350	0.188863000	93.309779	0.0	0.0
0.193256	0.190747000	93.272718	0.0	0.0
0.195181	0.192650000	93.235977	0.0	0.0
0.197126	0.194572000	93.199556	0.0	0.0
0.199090	0.196513000	93.163450	0.0	0.0
0.201073	0.198474000	93.127654	0.0	0.0
0.203077	0.200454000	93.092167	0.0	0.0
0.205100	0.202454000	93.056983	0.0	0.0
0.207143	0.204474000	93.022098	0.0	0.0
0.209207	0.206514000	92.987512	0.0	0.0
0.211291	0.208574000	92.953221	0.0	0.0
0.213396	0.210655000	92.919217	0.0	0.0
0.215522	0.212757000	92.885501	0.0	0.0
0.217669	0.214880000	92.852067	0.0	0.0
0.219838	0.217025000	92.818916	0.0	0.0
0.222028	0.219190000	92.786039	0.0	0.0
0.224240	0.221378000	92.753436	0.0	0.0
0.226474	0.223587000	92.721103	0.0	0.0
0.228730	0.225819000	92.689036	0.0	0.0
0.231009	0.228072000	92.657232	0.0	0.0
0.233311	0.230349000	92.625689	0.0	0.0
0.235635	0.232648000	92.594403	0.0	0.0
0.237983	0.234970000	92.563372	0.0	0.0
0.240354	0.237316000	92.532590	0.0	0.0
0.242748	0.239685000	92.502056	0.0	0.0
0.245167	0.242077000	92.471767	0.0	0.0
0.247609	0.244494000	92.441719	0.0	0.0
0.250076	0.246935000	92.411910	0.0	0.0
0.252567	0.249400000	92.382336	0.0	0.0
0.255084	0.251890000	92.352995	0.0	0.0
0.257625	0.254406000	92.323882	0.0	0.0
0.260192	0.256946000	92.294997	0.0	0.0
0.262784	0.259512000	92.266335	0.0	0.0
0.265402	0.262103000	92.237893	0.0	0.0
0.268046	0.264721000	92.209669	0.0	0.0
0.270716	0.267364000	92.181661	0.0	0.0
0.273413	0.270035000	92.153863	0.0	0.0
0.276137	0.272732000	92.126276	0.0	0.0
0.278888	0.275456000	92.098894	0.0	0.0
0.281667	0.278207000	92.071716	0.0	0.0
0.284473	0.280986000	92.044738	0.0	0.0
0.287307	0.283793000	92.017959	0.0	0.0
0.290170	0.286629000	91.991375	0.0	0.0
0.293060	0.289492000	91.964983	0.0	0.0
0.295980	0.292385000	91.938781	0.0	0.0
0.298929	0.295306000	91.912766	0.0	0.0
0.301907	0.298257000	91.886935	0.0	0.0
0.304915	0.301238000	91.861287	0.0	0.0
0.307953	0.304248000	91.835816	0.0	0.0
0.311021	0.307289000	91.810523	0.0	0.0
0.314119	0.310360000	91.785404	0.0	0.0
0.317249	0.313463000	91.760455	0.0	0.0
0.320409	0.316596000	91.735675	0.0	0.0
0.323602	0.319761000	91.711061	0.0	0.0
0.326825	0.322958000	91.686610	0.0	0.0
0.330082	0.326187000	91.662320	0.0	0.0
0.333370	0.329448000	91.638189	0.0	0.0
0.336691	0.332743000	91.614213	0.0	0.0
0.340046	0.336070000	91.590390	0.0	0.0
0.343433	0.339431000	91.566718	0.0	0.0
0.346855	0.342826000	91.543195	0.0	0.0
0.350311	0.346255000	91.519816	0.0	0.0
0.353801	0.349719000	91.496581	0.0	0.0
0.357325	0.353217000	91.473487	0.0	0.0
0.360885	0.356751000	91.450531	0.0	0.0
0.364481	0.360321000	91.427711	0.0	0.0
0.368112	0.363926000	91.405024	0.0	0.0
0.371779	0.367568000	91.382468	0.0	0.0
0.375483	0.371247000	91.360040	0.0	0.0
0.379224	0.374962000	91.337739	0.0	0.0
0.383002	0.378716000	91.315561	0.0	0.0
0.386818	0.382507000	91.293504	0.0	0.0
0.390672	0.386336000	91.271566	0.0	0.0
0.394564	0.390204000	91.249744	0.0	0.0
0.398495	0.394111000	91.228036	0.0	0.0
0.402465	0.398058000	91.206440	0.0	0.0
0.406474	0.402045000	91.184953	0.0	0.0
0.410524	0.406072000	91.163572	0.0	0.0
0.414614	0.410139000	91.142297	0.0	0.0
0.418745	0.414248000	91.121122	0.0	0.0
0.422916	0.418398000	91.100048	0.0	0.0
0.427130	0.422591000	91.079071	0.0	0.0
0.431385	0.426826000	91.058188	0.0	0.0
0.435683	0.431103000	91.037398	0.0	0.0
0.440024	0.435424000	91.016698	0.0	0.0
0.444407	0.439789000	90.996086	0.0	0.0
0.448835	0.444198000	90.975559	0.0	0.0
0.453307	0.448652000	90.955115	0.0	0.0
0.457823	0.453151000	90.934752	0.0	0.0
0.462384	0.457696000	90.914466	0.0	0.0
0.466990	0.462287000	90.894257	0.0	0.0
0.471643	0.466924000	90.874121	0.0	0.0
0.476342	0.471608000	90.854055	0.0	0.0
0.481087	0.476340000	90.834059	0.0	0.0
0.485880	0.481121000	90.814128	0.0	0.0
0.490721	0.485949000	90.794262	0.0	0.0
0.495610	0.490827000	90.774457	0.0	0.0
0.500547	0.495754000	90.754711	0.0	0.0
0.505534	0.500732000	90.735021	0.0	0.0
0.510571	0.505760000	90.715386	0.0	0.0
0.515657	0.510840000	90.695802	0.0	0.0
0.520795	0.515971000	90.676267	0.0	0.0
0.525983	0.521154000	90.656779	0.0	0.0
0.531224	0.526390000	90.637335	0.0	0.0
0.536516	0.531680000	90.617934	0.0	0.0
0.541861	0.537023000	90.598571	0.0	0.0
0.547260	0.542421000	90.579245	0.0	0.0
0.552712	0.547875000	90.559955	0.0	0.0
0.558218	0.553383000	90.540695	0.0	0.0
0.563780	0.558948000	90.521465	0.0	0.0
0.569396	0.564570000	90.502262	0.0	0.0
0.575069	0.570250000	90.483083	0.0	0.0
0.580798	0.575987000	90.463926	0.0	0.0
0.586585	0.581783000	90.444787	0.0	0.0
0.592429	0.587639000	90.425665	0.0	0.0
0.598331	0.593554000	90.406557	0.0	0.0
0.604292	0.599530000	90.387461	0.0	0.0
0.610312	0.605567000	90.368372	0.0	0.0
0.616392	0.611666000	90.349290	0.0	0.0
0.622533	0.617827000	90.330211	0.0	0.0
0.628736	0.624052000	90.311132	0.0	0.0
0.634999	0.630341000	90.292052	0.0	0.0
0.641326	0.636693000	90.272966	0.0	0.0
0.647715	0.643112000	90.253873	0.0	0.0
0.654168	0.649596000	90.234769	0.0	0.0
0.660685	0.656147000	90.215651	0.0	0.0
0.667268	0.662764000	90.196518	0.0	0.0
0.673915	0.669451000	90.177365	0.0	0.0
0.680629	0.676206000	90.158191	0.0	0.0
0.687410	0.683030000	90.138992	0.0	0.0
0.694259	0.689924000	90.119765	0.0	0.0
0.701175	0.696890000	90.100508	0.0	0.0
0.708161	0.703927000	90.081216	0.0	0.0
0.715216	0.711037000	90.061889	0.0	0.0
0.722342	0.718220000	90.042521	0.0	0.0
0.729538	0.725477000	90.023111	0.0	0.0
0.736806	0.732809000	90.003655	0.0	0.0
0.744147	0.740216000	89.984149	0.0	0.0
0.751561	0.747701000	89.964592	0.0	0.0
0.759048	0.755262000	89.944979	0.0	0.0
0.766610	0.762901000	89.925308	0.0	0.0
0.774248	0.770619000	89.905575	0.0	0.0
0.781961	0.778418000	89.885776	0.0	0.0
0.789752	0.786296000	89.865910	0.0	0.0
0.797620	0.794257000	89.845971	0.0	0.0
0.805566	0.802299000	89.825957	0.0	0.0
0.813592	0.810424000	89.805865	0.0	0.0
0.821698	0.818634000	89.785690	0.0	0.0
0.829884	0.826929000	89.765430	0.0	0.0
0.838152	0.835309000	89.745081	0.0	0.0
0.846502	0.843777000	89.724639	0.0	0.0
0.854936	0.852332000	89.704100	0.0	0.0
0.863453	0.860976000	89.683462	0.0	0.0
0.872055	0.869709000	89.662720	0.0	0.0
0.880743	0.878533000	89.641870	0.0	0.0
0.889518	0.887448000	89.620909	0.0	0.0
0.898380	0.896456000	89.599833	0.0	0.0
0.907330	0.905557000	89.578638	0.0	0.0
0.916370	0.914753000	89.557320	0.0	0.0
0.925499	0.924044000	89.535875	0.0	0.0
0.934720	0.933431000	89.514300	0.0	0.0
0.944032	0.942916000	89.492590	0.0	0.0
0.953437	0.952499000	89.470740	0.0	0.0
0.962936	0.962181000	89.448748	0.0	0.0
0.972529	0.971964000	89.426608	0.0	0.0
0.982218	0.981849000	89.404317	0.0	0.0
0.992004	0.991836000	89.381870	0.0	0.0
1.001887	1.001930000	89.359263	0.0	0.0
1.011868	1.012120000	89.336492	0.0	0.0
1.021949	1.022420000	89.313552	0.0	0.0
1.032131	1.032830000	89.290436	0.0	0.0
1.042414	1.043350000	89.267144	0.0	0.0
1.052799	1.053970000	89.243670	0.0	0.0
1.063288	1.064710000	89.220009	0.0	0.0
1.073881	1.075550000	89.196156	0.0	0.0
1.084580	1.086510000	89.172106	0.0	0.0
1.095385	1.097590000	89.147856	0.0	0.0
1.106298	1.108770000	89.123400	0.0	0.0
1.117320	1.120080000	89.098731	0.0	0.0
1.128451	1.131500000	89.073849	0.0	0.0
1.139694	1.143030000	89.048744	0.0	0.0
1.151048	1.154690000	89.023415	0.0	0.0
1.162516	1.166470000	88.997854	0.0	0.0
1.174097	1.178370000	88.972060	0.0	0.0
1.185794	1.190390000	88.946023	0.0	0.0
1.197608	1.202540000	88.919739	0.0	0.0
1.209540	1.214810000	88.893202	0.0	0.0
1.221590	1.227210000	88.866411	0.0	0.0
1.233760	1.239730000	88.839358	0.0	0.0
1.246052	1.252390000	88.812036	0.0	0.0
1.258466	1.265170000	88.784442	0.0	0.0
1.271004	1.278090000	88.756569	0.0	0.0
1.283666	1.291130000	88.728415	0.0	0.0
1.296455	1.304320000	88.699968	0.0	0.0
1.309371	1.317630000	88.671228	0.0	0.0
1.322416	1.331090000	88.642186	0.0	0.0
1.335591	1.344680000	88.612838	0.0	0.0
1.348897	1.358400000	88.583179	0.0	0.0
1.362336	1.372270000	88.553200	0.0	0.0
1.375908	1.386280000	88.522900	0.0	0.0
1.389616	1.400440000	88.492268	0.0	0.0
1.403460	1.414730000	88.461303	0.0	0.0
1.417443	1.429170000	88.429993	0.0	0.0
1.431564	1.443760000	88.398339	0.0	0.0
1.445826	1.458490000	88.366332	0.0	0.0
1.460231	1.473380000	88.333962	0.0	0.0
1.474779	1.488410000	88.301229	0.0	0.0
1.489471	1.503600000	88.268126	0.0	0.0
1.504310	1.518930000	88.234644	0.0	0.0
1.519297	1.534420000	88.200778	0.0	0.0
1.534434	1.550070000	88.166521	0.0	0.0
1.549721	1.565870000	88.131869	0.0	0.0
1.565160	1.581830000	88.096816	0.0	0.0
1.580753	1.597950000	88.061354	0.0	0.0
1.596502	1.614230000	88.025475	0.0	0.0
1.612408	1.630670000	87.989176	0.0	0.0
1.628471	1.647270000	87.952452	0.0	0.0
1.644695	1.664040000	87.915292	0.0	0.0
1.661081	1.680970000	87.877691	0.0	0.0
1.677630	1.698070000	87.839644	0.0	0.0
1.694344	1.715330000	87.801145	0.0	0.0
1.711224	1.732770000	87.762187	0.0	0.0
1.728272	1.750370000	87.722765	0.0	0.0
1.745491	1.768150000	87.682867	0.0	0.0
1.762880	1.786100000	87.642495	0.0	0.0
1.780443	1.804230000	87.601637	0.0	0.0
1.798181	1.822530000	87.560288	0.0	0.0
1.816096	1.841000000	87.518440	0.0	0.0
1.834189	1.859660000	87.476090	0.0	0.0
1.852463	1.878500000	87.433228	0.0	0.0
1.870918	1.897520000	87.389852	0.0	0.0
1.889558	1.916720000	87.345950	0.0	0.0
1.908383	1.936100000	87.301521	0.0	0.0
1.927396	1.955670000	87.256555	0.0	0.0
1.946598	1.975430000	87.211047	0.0	0.0
1.965991	1.995380000	87.164993	0.0	0.0
1.985578	2.015510000	87.118381	0.0	0.0
2.005359	2.035840000	87.071212	0.0	0.0
2.025338	2.056370000	87.023472	0.0	0.0
2.045516	2.077090000	86.975160	0.0	0.0
2.065895	2.098000000	86.926268	0.0	0.0
2.086477	2.119120000	86.876789	0.0	0.0
2.107264	2.140430000	86.826719	0.0	0.0
2.128258	2.161950000	86.776050	0.0	0.0
2.149461	2.183680000	86.724778	0.0	0.0
2.170875	2.205610000	86.672895	0.0	0.0
2.192503	2.227750000	86.620393	0.0	0.0
2.214346	2.250100000	86.567270	0.0	0.0
2.236407	2.272670000	86.513517	0.0	0.0
2.258688	2.295450000	86.459129	0.0	0.0
2.281191	2.318460000	86.404099	0.0	0.0
2.303917	2.341680000	86.348425	0.0	0.0
2.326871	2.365130000	86.292094	0.0	0.0
2.350052	2.388810000	86.235109	0.0	0.0
2.373465	2.412710000	86.177456	0.0	0.0
2.397111	2.436850000	86.119133	0.0	0.0
2.420993	2.461230000	86.060133	0.0	0.0
2.445113	2.485850000	86.000450	0.0	0.0
2.469473	2.510710000	85.940079	0.0	0.0
2.494075	2.535820000	85.879017	0.0	0.0
2.518923	2.561180000	85.817253	0.0	0.0
2.544018	2.586800000	85.754785	0.0	0.0
2.569364	2.612680000	85.691603	0.0	0.0
2.594961	2.638820000	85.627709	0.0	0.0
2.620814	2.665240000	85.563091	0.0	0.0
2.646925	2.691920000	85.497743	0.0	0.0
2.673295	2.718890000	85.431665	0.0	0.0
2.699928	2.746140000	85.364848	0.0	0.0
2.726827	2.773680000	85.297284	0.0	0.0
2.753994	2.801520000	85.228971	0.0	0.0
2.781431	2.829650000	85.159904	0.0	0.0
2.809141	2.858100000	85.090078	0.0	0.0
2.837128	2.886860000	85.019483	0.0	0.0
2.865393	2.915930000	84.948118	0.0	0.0
2.893941	2.945340000	84.875973	0.0	0.0
2.922772	2.975070000	84.803049	0.0	0.0
2.951891	3.005140000	84.729336	0.0	0.0
2.981300	3.035560000	84.654830	0.0	0.0
3.011001	3.066340000	84.579528	0.0	0.0
3.040999	3.097470000	84.503420	0.0	0.0
3.071296	3.128960000	84.426502	0.0	0.0
3.101894	3.160840000	84.348773	0.0	0.0
3.132797	3.193090000	84.270223	0.0	0.0
3.164008	3.225720000	84.190848	0.0	0.0
3.195530	3.258760000	84.110643	0.0	0.0
3.227367	3.292190000	84.029599	0.0	0.0
3.259520	3.326030000	83.947718	0.0	0.0
3.291993	3.360280000	83.864991	0.0	0.0
3.324791	3.394950000	83.781410	0.0	0.0
3.357915	3.430040000	83.696973	0.0	0.0
3.391368	3.465570000	83.611676	0.0	0.0
3.425156	3.501530000	83.525508	0.0	0.0
3.459279	3.537930000	83.438470	0.0	0.0
3.493743	3.574770000	83.350552	0.0	0.0
3.528550	3.612060000	83.261750	0.0	0.0
3.563704	3.649800000	83.172059	0.0	0.0
3.599208	3.687990000	83.081473	0.0	0.0
3.635066	3.726630000	82.989987	0.0	0.0
3.671281	3.765720000	82.897595	0.0	0.0
3.707857	3.805270000	82.804291	0.0	0.0
3.744797	3.845260000	82.710071	0.0	0.0
3.782106	3.885710000	82.614926	0.0	0.0
3.819786	3.926600000	82.518854	0.0	0.0
3.857841	3.967930000	82.421850	0.0	0.0
3.896276	4.009690000	82.323903	0.0	0.0
3.935093	4.051880000	82.225013	0.0	0.0
3.974297	4.094500000	82.125171	0.0	0.0
4.013892	4.137520000	82.024370	0.0	0.0
4.053881	4.180950000	81.922607	0.0	0.0
4.094269	4.224770000	81.819874	0.0	0.0
4.135059	4.268980000	81.716165	0.0	0.0
4.176255	4.313550000	81.611477	0.0	0.0
4.217862	4.358470000	81.505799	0.0	0.0
4.259883	4.403750000	81.399129	0.0	0.0
4.302323	4.449350000	81.291457	0.0	0.0
4.345186	4.495260000	81.182779	0.0	0.0
4.388476	4.541480000	81.073088	0.0	0.0
4.432197	4.587990000	80.962378	0.0	0.0
4.476353	4.634770000	80.850644	0.0	0.0
4.520950	4.681810000	80.737875	0.0	0.0
4.565991	4.729100000	80.624067	0.0	0.0
4.611480	4.776640000	80.509215	0.0	0.0
4.657423	4.824400000	80.393309	0.0	0.0
4.703824	4.872390000	80.276343	0.0	0.0
4.750687	4.920600000	80.158311	0.0	0.0
4.798016	4.969030000	80.039207	0.0	0.0
4.845817	5.017670000	79.919022	0.0	0.0
4.894095	5.066540000	79.797748	0.0	0.0
4.942853	5.115640000	79.675381	0.0	0.0
4.992097	5.164990000	79.551911	0.0	0.0
5.041832	5.214590000	79.427331	0.0	0.0
5.092062	5.264470000	79.301635	0.0	0.0
5.142793	5.314650000	79.174814	0.0	0.0
5.194029	5.365160000	79.046861	0.0	0.0
5.245776	5.416040000	78.917767	0.0	0.0
5.298038	5.467320000	78.787528	0.0	0.0
5.350821	5.519040000	78.656133	0.0	0.0
5.404129	5.571250000	78.523576	0.0	0.0
5.457969	5.624000000	78.389847	0.0	0.0
5.512345	5.677340000	78.254939	0.0	0.0
5.567263	5.731330000	78.118844	0.0	0.0
5.622728	5.786010000	77.981554	0.0	0.0
5.678746	5.841450000	77.843060	0.0	0.0
5.735321	5.897710000	77.703356	0.0	0.0
5.792460	5.954830000	77.562432	0.0	0.0
5.850169	6.012880000	77.420277	0.0	0.0
5.908453	6.071890000	77.276885	0.0	0.0
5.967317	6.131920000	77.132250	0.0	0.0
6.026767	6.192990000	76.986361	0.0	0.0
6.086810	6.255150000	76.839208	0.0	0.0
6.147451	6.318390000	76.690783	0.0	0.0
6.208696	6.382740000	76.541079	0.0	0.0
6.270552	6.448190000	76.390083	0.0	0.0
6.333023	6.514720000	76.237792	0.0	0.0
6.396117	6.582300000	76.084193	0.0	0.0
6.459840	6.650890000	75.929277	0.0	0.0
6.524198	6.720430000	75.773034	0.0	0.0
6.589196	6.790840000	75.615461	0.0	0.0
6.654842	6.862030000	75.456543	0.0	0.0
6.721143	6.933920000	75.296269	0.0	0.0
6.788103	7.006390000	75.134637	0.0	0.0
6.855731	7.079320000	74.971632	0.0	0.0
6.924033	7.152580000	74.807246	0.0	0.0
6.993015	7.226060000	74.641470	0.0	0.0
7.062684	7.299610000	74.474296	0.0	0.0
7.133048	7.373130000	74.305710	0.0	0.0
7.204112	7.446490000	74.135709	0.0	0.0
7.275884	7.519590000	73.964279	0.0	0.0
7.348372	7.592370000	73.791410	0.0	0.0
7.421582	7.664740000	73.617094	0.0	0.0
7.495521	7.736690000	73.441323	0.0	0.0
7.570196	7.808200000	73.264087	0.0	0.0
7.645616	7.879310000	73.085372	0.0	0.0
7.721787	7.950080000	72.905174	0.0	0.0
7.798717	8.020610000	72.723479	0.0	0.0
7.876413	8.091040000	72.540282	0.0	0.0
7.954883	8.161550000	72.355570	0.0	0.0
8.034135	8.232330000	72.169334	0.0	0.0
8.114177	8.303630000	71.981564	0.0	0.0
8.195016	8.375670000	71.792252	0.0	0.0
8.276661	8.448740000	71.601386	0.0	0.0
8.359119	8.523080000	71.408958	0.0	0.0
8.442398	8.598970000	71.214961	0.0	0.0
8.526507	8.676620000	71.019381	0.0	0.0
8.611454	8.756240000	70.822211	0.0	0.0
8.697247	8.837980000	70.623442	0.0	0.0
8.783896	8.921950000	70.423060	0.0	0.0
8.871407	9.008170000	70.221063	0.0	0.0
8.959790	9.096600000	70.017437	0.0	0.0
9.049054	9.187110000	69.812173	0.0	0.0
9.139207	9.279500000	69.605264	0.0	0.0
9.230258	9.373470000	69.396699	0.0	0.0
9.322216	9.468660000	69.186470	0.0	0.0
9.415091	9.564660000	68.974566	0.0	0.0
9.508890	9.660990000	68.760983	0.0	0.0
9.603625	9.757160000	68.545704	0.0	0.0
9.699303	9.852670000	68.328728	0.0	0.0
9.795934	9.947070000	68.110043	0.0	0.0
9.893528	10.039900000	67.889641	0.0	0.0
9.992094	10.131000000	67.667514	0.0	0.0
10.091640	10.220000000	67.443657	0.0	0.0
10.192180	10.306800000	67.218054	0.0	0.0
10.293720	10.391700000	66.990703	0.0	0.0
10.396280	10.474800000	66.761576	0.0	0.0
10.499850	10.556600000	66.530709	0.0	0.0
10.604460	10.637600000	66.298050	0.0	0.0
10.710110	10.718500000	66.063615	0.0	0.0
10.816810	10.800200000	65.827396	0.0	0.0
10.924570	10.883500000	65.589388	0.0	0.0
11.033410	10.969200000	65.349563	0.0	0.0
11.143340	11.058100000	65.107914	0.0	0.0
11.254350	11.150800000	64.864482	0.0	0.0
11.366480	11.247700000	64.619196	0.0	0.0
11.479720	11.349000000	64.372095	0.0	0.0
11.594090	11.454500000	64.123153	0.0	0.0
11.709600	11.563600000	63.872368	0.0	0.0
11.826250	11.675700000	63.619757	0.0	0.0
11.944080	11.789600000	63.365253	0.0	0.0
12.063070	11.904100000	63.108919	0.0	0.0
12.183250	12.017700000	62.850711	0.0	0.0
12.304630	12.128900000	62.590627	0.0	0.0
12.427220	12.236600000	62.328665	0.0	0.0
12.551030	12.339700000	62.064827	0.0	0.0
12.676070	12.437600000	61.799112	0.0	0.0
12.802360	12.530400000	61.531499	0.0	0.0
12.929900	12.618700000	61.262011	0.0	0.0
13.058720	12.703700000	60.990607	0.0	0.0
13.188820	12.787500000	60.717310	0.0	0.0
13.320220	12.872300000	60.442102	0.0	0.0
13.452920	12.961000000	60.165007	0.0	0.0
13.586950	13.056300000	59.885986	0.0	0.0
13.722310	13.160200000	59.605065	0.0	0.0
13.859020	13.274400000	59.322228	0.0	0.0
13.997100	13.398800000	59.037458	0.0	0.0
14.136540	13.531900000	58.750803	0.0	0.0
14.277380	13.670000000	58.462207	0.0	0.0
14.419620	13.806700000	58.171698	0.0	0.0
14.563280	13.933400000	57.879262	0.0	0.0
14.708370	14.039000000	57.584907	0.0	0.0
14.854910	14.110200000	57.288621	0.0	0.0
15.002900	14.132200000	56.990433	0.0	0.0
15.152370	14.089200000	56.690312	0.0	0.0
15.303330	13.966100000	56.388268	0.0	0.0
15.455790	13.748600000	56.084311	0.0	0.0
15.609770	13.425200000	55.778433	0.0	0.0
15.765290	12.988100000	55.470625	0.0	0.0
15.922350	12.434100000	55.160919	0.0	0.0
16.080980	11.765500000	54.849287	0.0	0.0
16.241190	10.990300000	54.535744	0.0	0.0
16.403000	10.122300000	54.220283	0.0	0.0
16.566420	9.180560000	53.902918	0.0	0.0
16.731460	8.188560000	53.583664	0.0	0.0
16.898160	7.172690000	53.262478	0.0	0.0
17.066510	6.160680000	52.939415	0.0	0.0
17.236540	5.179850000	52.614451	0.0	0.0
17.408260	4.255260000	52.287604	0.0	0.0
17.581690	3.408120000	51.958872	0.0	0.0
17.756850	2.654530000	51.628253	0.0	0.0
17.933760	2.004680000	51.295747	0.0	0.0
18.112430	1.462530000	50.961371	0.0	0.0
18.292880	1.026150000	50.625128	0.0	0.0
18.475120	0.688464000	50.287035	0.0	0.0
18.659180	0.438418000	49.947075	0.0	0.0
18.845080	0.262358000	49.605250	0.0	0.0
19.032830	0.145496000	49.261581	0.0	0.0
19.222450	0.073246400	48.916070	0.0	0.0
19.413950	0.032346700	48.568738	0.0	0.0
19.607370	0.011684200	48.219553	0.0	0.0
19.802710	0.002831730	47.868554	0.0	0.0
20.000000	0.000385731	47.515728	0.0	0.0

