# UNCLASSIFIED
#
# Response info for GUMO broad-band site.
# 
# Effective: 28 Apr 2010
# Created: 03 May 2010
# File name: GUMO.BB.1272412800  
# INID: 7409, 7410, 7411
# Source:  James Neely (TTD)
# System equipment: Strekeisen STS-2 and Quanterra 330 digitizer.
# 
# The response file was derived from equations of state.
# Displacement response relative to 1.0 at 1.0 Hz.
# 
# The calib values for this configuration are as follows:
# 
# GUMO BHZ is 0.004733 nm/count at 1.00 Hz.
# GUMO BH1 is 0.004733 nm/count at 1.00 Hz.
# GUMO BH2 is 0.004733 nm/count at 1.00 Hz.
# 
# Freq(Hz)    Ampl(counts/nm)   Phase(deg)  Error(amp) Error(phase)
#
 theoretical   0   instrument   fap
1000
0.001000	0.000014248	260.223994	0.0	0.0
0.001010	0.000014679	260.125667	0.0	0.0
0.001020	0.000015122	260.026334	0.0	0.0
0.001030	0.000015578	259.925987	0.0	0.0
0.001040	0.000016048	259.824612	0.0	0.0
0.001051	0.000016533	259.722190	0.0	0.0
0.001061	0.000017032	259.618719	0.0	0.0
0.001072	0.000017546	259.514188	0.0	0.0
0.001083	0.000018075	259.408576	0.0	0.0
0.001093	0.000018621	259.301882	0.0	0.0
0.001104	0.000019183	259.194095	0.0	0.0
0.001115	0.000019762	259.085193	0.0	0.0
0.001126	0.000020358	258.975165	0.0	0.0
0.001138	0.000020972	258.864009	0.0	0.0
0.001149	0.000021605	258.751705	0.0	0.0
0.001160	0.000022257	258.638241	0.0	0.0
0.001172	0.000022929	258.523605	0.0	0.0
0.001184	0.000023621	258.407786	0.0	0.0
0.001195	0.000024334	258.290762	0.0	0.0
0.001207	0.000025068	258.172531	0.0	0.0
0.001219	0.000025825	258.053083	0.0	0.0
0.001231	0.000026604	257.932385	0.0	0.0
0.001244	0.000027407	257.810445	0.0	0.0
0.001256	0.000028234	257.687231	0.0	0.0
0.001269	0.000029086	257.562743	0.0	0.0
0.001281	0.000029964	257.436957	0.0	0.0
0.001294	0.000030868	257.309871	0.0	0.0
0.001307	0.000031799	257.181454	0.0	0.0
0.001320	0.000032759	257.051703	0.0	0.0
0.001333	0.000033747	256.920597	0.0	0.0
0.001346	0.000034765	256.788122	0.0	0.0
0.001360	0.000035814	256.654256	0.0	0.0
0.001373	0.000036895	256.518997	0.0	0.0
0.001387	0.000038008	256.382323	0.0	0.0
0.001401	0.000039155	256.244221	0.0	0.0
0.001415	0.000040336	256.104667	0.0	0.0
0.001429	0.000041553	255.963650	0.0	0.0
0.001443	0.000042807	255.821157	0.0	0.0
0.001457	0.000044098	255.677163	0.0	0.0
0.001472	0.000045428	255.531648	0.0	0.0
0.001487	0.000046799	255.384606	0.0	0.0
0.001501	0.000048210	255.236016	0.0	0.0
0.001516	0.000049665	255.085854	0.0	0.0
0.001532	0.000051163	254.934106	0.0	0.0
0.001547	0.000052706	254.780759	0.0	0.0
0.001562	0.000054296	254.625789	0.0	0.0
0.001578	0.000055933	254.469172	0.0	0.0
0.001593	0.000057620	254.310895	0.0	0.0
0.001609	0.000059358	254.150934	0.0	0.0
0.001625	0.000061148	253.989284	0.0	0.0
0.001642	0.000062992	253.825902	0.0	0.0
0.001658	0.000064892	253.660783	0.0	0.0
0.001674	0.000066849	253.493913	0.0	0.0
0.001691	0.000068864	253.325246	0.0	0.0
0.001708	0.000070941	253.154789	0.0	0.0
0.001725	0.000073080	252.982507	0.0	0.0
0.001742	0.000075283	252.808374	0.0	0.0
0.001760	0.000077552	252.632375	0.0	0.0
0.001777	0.000079890	252.454486	0.0	0.0
0.001795	0.000082298	252.274681	0.0	0.0
0.001813	0.000084779	252.092943	0.0	0.0
0.001831	0.000087334	251.909248	0.0	0.0
0.001849	0.000089966	251.723570	0.0	0.0
0.001867	0.000092678	251.535882	0.0	0.0
0.001886	0.000095470	251.346168	0.0	0.0
0.001905	0.000098347	251.154393	0.0	0.0
0.001924	0.000101310	250.960549	0.0	0.0
0.001943	0.000104363	250.764589	0.0	0.0
0.001962	0.000107507	250.566497	0.0	0.0
0.001982	0.000110745	250.366246	0.0	0.0
0.002002	0.000114080	250.163818	0.0	0.0
0.002022	0.000117516	249.959165	0.0	0.0
0.002042	0.000121056	249.752291	0.0	0.0
0.002062	0.000124701	249.543137	0.0	0.0
0.002083	0.000128455	249.331696	0.0	0.0
0.002103	0.000132323	249.117927	0.0	0.0
0.002124	0.000136306	248.901815	0.0	0.0
0.002145	0.000140409	248.683308	0.0	0.0
0.002167	0.000144634	248.462400	0.0	0.0
0.002188	0.000148986	248.239049	0.0	0.0
0.002210	0.000153469	248.013228	0.0	0.0
0.002232	0.000158086	247.784906	0.0	0.0
0.002254	0.000162841	247.554042	0.0	0.0
0.002277	0.000167739	247.320619	0.0	0.0
0.002300	0.000172783	247.084594	0.0	0.0
0.002322	0.000177977	246.845937	0.0	0.0
0.002346	0.000183328	246.604617	0.0	0.0
0.002369	0.000188838	246.360594	0.0	0.0
0.002393	0.000194514	246.113834	0.0	0.0
0.002416	0.000200357	245.864319	0.0	0.0
0.002441	0.000206376	245.611983	0.0	0.0
0.002465	0.000212574	245.356817	0.0	0.0
0.002489	0.000218958	245.098777	0.0	0.0
0.002514	0.000225532	244.837820	0.0	0.0
0.002539	0.000232301	244.573914	0.0	0.0
0.002565	0.000239272	244.307015	0.0	0.0
0.002590	0.000246450	244.037099	0.0	0.0
0.002616	0.000253842	243.764113	0.0	0.0
0.002642	0.000261454	243.488023	0.0	0.0
0.002668	0.000269292	243.208782	0.0	0.0
0.002695	0.000277362	242.926358	0.0	0.0
0.002722	0.000285672	242.640705	0.0	0.0
0.002749	0.000294229	242.351778	0.0	0.0
0.002776	0.000303039	242.059551	0.0	0.0
0.002804	0.000312110	241.763957	0.0	0.0
0.002832	0.000321448	241.464971	0.0	0.0
0.002860	0.000331064	241.162548	0.0	0.0
0.002888	0.000340964	240.856638	0.0	0.0
0.002917	0.000351155	240.547197	0.0	0.0
0.002946	0.000361647	240.234175	0.0	0.0
0.002976	0.000372447	239.917526	0.0	0.0
0.003005	0.000383565	239.597223	0.0	0.0
0.003035	0.000395011	239.273185	0.0	0.0
0.003066	0.000406793	238.945397	0.0	0.0
0.003096	0.000418919	238.613788	0.0	0.0
0.003127	0.000431402	238.278321	0.0	0.0
0.003158	0.000444250	237.938946	0.0	0.0
0.003190	0.000457473	237.595603	0.0	0.0
0.003221	0.000471082	237.248254	0.0	0.0
0.003253	0.000485088	236.896839	0.0	0.0
0.003286	0.000499501	236.541320	0.0	0.0
0.003319	0.000514333	236.181623	0.0	0.0
0.003352	0.000529596	235.817723	0.0	0.0
0.003385	0.000545300	235.449546	0.0	0.0
0.003419	0.000561460	235.077044	0.0	0.0
0.003453	0.000578086	234.700176	0.0	0.0
0.003487	0.000595192	234.318873	0.0	0.0
0.003522	0.000612789	233.933083	0.0	0.0
0.003557	0.000630892	233.542769	0.0	0.0
0.003592	0.000649513	233.147847	0.0	0.0
0.003628	0.000668668	232.748290	0.0	0.0
0.003664	0.000688369	232.344027	0.0	0.0
0.003701	0.000708631	231.935009	0.0	0.0
0.003738	0.000729468	231.521188	0.0	0.0
0.003775	0.000750897	231.102493	0.0	0.0
0.003813	0.000772931	230.678876	0.0	0.0
0.003851	0.000795586	230.250279	0.0	0.0
0.003889	0.000818879	229.816654	0.0	0.0
0.003928	0.000842825	229.377933	0.0	0.0
0.003967	0.000867440	228.934082	0.0	0.0
0.004006	0.000892743	228.485034	0.0	0.0
0.004046	0.000918748	228.030732	0.0	0.0
0.004087	0.000945472	227.571122	0.0	0.0
0.004127	0.000972936	227.106163	0.0	0.0
0.004168	0.001001155	226.635802	0.0	0.0
0.004210	0.001030149	226.159964	0.0	0.0
0.004252	0.001059928	225.678622	0.0	0.0
0.004294	0.001090519	225.191716	0.0	0.0
0.004337	0.001121941	224.699199	0.0	0.0
0.004380	0.001154217	224.201024	0.0	0.0
0.004424	0.001187355	223.697136	0.0	0.0
0.004468	0.001221376	223.187493	0.0	0.0
0.004512	0.001256302	222.672065	0.0	0.0
0.004557	0.001292152	222.150792	0.0	0.0
0.004603	0.001328947	221.623636	0.0	0.0
0.004649	0.001366708	221.090564	0.0	0.0
0.004695	0.001405455	220.551532	0.0	0.0
0.004742	0.001445198	220.006501	0.0	0.0
0.004789	0.001485968	219.455443	0.0	0.0
0.004837	0.001527786	218.898336	0.0	0.0
0.004885	0.001570663	218.335148	0.0	0.0
0.004934	0.001614617	217.765839	0.0	0.0
0.004983	0.001659682	217.190406	0.0	0.0
0.005032	0.001705865	216.608817	0.0	0.0
0.005082	0.001753200	216.021055	0.0	0.0
0.005133	0.001801685	215.427116	0.0	0.0
0.005184	0.001851361	214.826979	0.0	0.0
0.005236	0.001902229	214.220651	0.0	0.0
0.005288	0.001954319	213.608120	0.0	0.0
0.005341	0.002007643	212.989400	0.0	0.0
0.005394	0.002062219	212.364490	0.0	0.0
0.005448	0.002118069	211.733402	0.0	0.0
0.005502	0.002175213	211.096144	0.0	0.0
0.005557	0.002233652	210.452742	0.0	0.0
0.005612	0.002293426	209.803236	0.0	0.0
0.005668	0.002354525	209.147640	0.0	0.0
0.005725	0.002416980	208.485995	0.0	0.0
0.005782	0.002480801	207.818339	0.0	0.0
0.005839	0.002545999	207.144725	0.0	0.0
0.005897	0.002612594	206.465216	0.0	0.0
0.005956	0.002680586	205.779844	0.0	0.0
0.006015	0.002749995	205.088706	0.0	0.0
0.006075	0.002820822	204.391850	0.0	0.0
0.006136	0.002893087	203.689365	0.0	0.0
0.006197	0.002966800	202.981334	0.0	0.0
0.006259	0.003041952	202.267850	0.0	0.0
0.006321	0.003118562	201.549010	0.0	0.0
0.006384	0.003196631	200.824921	0.0	0.0
0.006448	0.003276168	200.095687	0.0	0.0
0.006512	0.003357165	199.361439	0.0	0.0
0.006577	0.003439620	198.622294	0.0	0.0
0.006642	0.003523554	197.878379	0.0	0.0
0.006708	0.003608957	197.129848	0.0	0.0
0.006775	0.003695809	196.376830	0.0	0.0
0.006843	0.003784129	195.619494	0.0	0.0
0.006911	0.003873909	194.857986	0.0	0.0
0.006980	0.003965136	194.092476	0.0	0.0
0.007049	0.004057802	193.323135	0.0	0.0
0.007120	0.004151905	192.550139	0.0	0.0
0.007191	0.004247437	191.773670	0.0	0.0
0.007262	0.004344376	190.993928	0.0	0.0
0.007335	0.004442722	190.211098	0.0	0.0
0.007408	0.004542455	189.425381	0.0	0.0
0.007481	0.004643554	188.636995	0.0	0.0
0.007556	0.004746020	187.846131	0.0	0.0
0.007631	0.004849831	187.053007	0.0	0.0
0.007707	0.004954956	186.257856	0.0	0.0
0.007784	0.005061397	185.460884	0.0	0.0
0.007862	0.005169132	184.662321	0.0	0.0
0.007940	0.005278130	183.862393	0.0	0.0
0.008019	0.005388382	183.061336	0.0	0.0
0.008099	0.005499856	182.259381	0.0	0.0
0.008180	0.005612532	181.456761	0.0	0.0
0.008261	0.005726400	180.653721	0.0	0.0
0.008343	0.005841428	179.850478	0.0	0.0
0.008426	0.005957596	179.047287	0.0	0.0
0.008510	0.006074884	178.244370	0.0	0.0
0.008595	0.006193261	177.441973	0.0	0.0
0.008681	0.006312717	176.640326	0.0	0.0
0.008767	0.006433210	175.839666	0.0	0.0
0.008855	0.006554730	175.040230	0.0	0.0
0.008943	0.006677257	174.242234	0.0	0.0
0.009032	0.006800770	173.445912	0.0	0.0
0.009122	0.006925229	172.651495	0.0	0.0
0.009213	0.007050632	171.859192	0.0	0.0
0.009305	0.007176949	171.069230	0.0	0.0
0.009397	0.007304171	170.281819	0.0	0.0
0.009491	0.007432255	169.497162	0.0	0.0
0.009586	0.007561202	168.715463	0.0	0.0
0.009681	0.007690991	167.936923	0.0	0.0
0.009777	0.007821592	167.161738	0.0	0.0
0.009875	0.007953005	166.390091	0.0	0.0
0.009973	0.008085208	165.622160	0.0	0.0
0.010073	0.008218192	164.858096	0.0	0.0
0.010173	0.008351926	164.098135	0.0	0.0
0.010274	0.008486420	163.342400	0.0	0.0
0.010377	0.008621644	162.591048	0.0	0.0
0.010480	0.008757607	161.844228	0.0	0.0
0.010584	0.008894278	161.102086	0.0	0.0
0.010690	0.009031659	160.364759	0.0	0.0
0.010796	0.009169748	159.632379	0.0	0.0
0.010904	0.009308536	158.905072	0.0	0.0
0.011013	0.009448012	158.182957	0.0	0.0
0.011122	0.009588187	157.466084	0.0	0.0
0.011233	0.009729050	156.754624	0.0	0.0
0.011345	0.009870591	156.048678	0.0	0.0
0.011458	0.010012820	155.348279	0.0	0.0
0.011572	0.010155737	154.653578	0.0	0.0
0.011688	0.010299332	153.964596	0.0	0.0
0.011804	0.010443657	153.281412	0.0	0.0
0.011922	0.010588598	152.604098	0.0	0.0
0.012040	0.010734361	151.932720	0.0	0.0
0.012160	0.010880740	151.267282	0.0	0.0
0.012281	0.011027838	150.607896	0.0	0.0
0.012404	0.011175758	149.954611	0.0	0.0
0.012527	0.011324294	149.307364	0.0	0.0
0.012652	0.011473652	148.666301	0.0	0.0
0.012778	0.011623729	148.031355	0.0	0.0
0.012906	0.011774525	147.402556	0.0	0.0
0.013034	0.011926143	146.779982	0.0	0.0
0.013164	0.012078582	146.163557	0.0	0.0
0.013295	0.012231741	145.553348	0.0	0.0
0.013428	0.012385824	144.949368	0.0	0.0
0.013561	0.012540627	144.351535	0.0	0.0
0.013696	0.012696353	143.759905	0.0	0.0
0.013833	0.012852902	143.174477	0.0	0.0
0.013971	0.013010375	142.595210	0.0	0.0
0.014110	0.013168670	142.022060	0.0	0.0
0.014250	0.013327992	141.455062	0.0	0.0
0.014392	0.013488136	140.894128	0.0	0.0
0.014536	0.013649307	140.339325	0.0	0.0
0.014681	0.013811402	139.790524	0.0	0.0
0.014827	0.013974525	139.247747	0.0	0.0
0.014975	0.014138675	138.710940	0.0	0.0
0.015124	0.014303852	138.180119	0.0	0.0
0.015275	0.014470056	137.655156	0.0	0.0
0.015427	0.014637288	137.136097	0.0	0.0
0.015580	0.014805752	136.622849	0.0	0.0
0.015736	0.014975244	136.115352	0.0	0.0
0.015892	0.015145865	135.613613	0.0	0.0
0.016051	0.015317617	135.117569	0.0	0.0
0.016211	0.015490601	134.627160	0.0	0.0
0.016372	0.015664715	134.142353	0.0	0.0
0.016535	0.015840164	133.663088	0.0	0.0
0.016700	0.016016744	133.189330	0.0	0.0
0.016866	0.016194658	132.720988	0.0	0.0
0.017034	0.016373909	132.258058	0.0	0.0
0.017204	0.016554494	131.800449	0.0	0.0
0.017375	0.016736312	131.348125	0.0	0.0
0.017549	0.016919569	130.901025	0.0	0.0
0.017723	0.017104160	130.459114	0.0	0.0
0.017900	0.017290190	130.022327	0.0	0.0
0.018078	0.017477658	129.590605	0.0	0.0
0.018258	0.017666564	129.163886	0.0	0.0
0.018440	0.017857011	128.742112	0.0	0.0
0.018624	0.018048998	128.325266	0.0	0.0
0.018810	0.018242424	127.913245	0.0	0.0
0.018997	0.018437391	127.506033	0.0	0.0
0.019186	0.018634001	127.103551	0.0	0.0
0.019377	0.018832255	126.705740	0.0	0.0
0.019570	0.019032049	126.312564	0.0	0.0
0.019765	0.019233487	125.923966	0.0	0.0
0.019962	0.019436672	125.539870	0.0	0.0
0.020161	0.019641602	125.160241	0.0	0.0
0.020362	0.019848177	124.785024	0.0	0.0
0.020565	0.020056497	124.414164	0.0	0.0
0.020770	0.020266667	124.047608	0.0	0.0
0.020977	0.020478582	123.685287	0.0	0.0
0.021186	0.020692347	123.327183	0.0	0.0
0.021397	0.020908064	122.973211	0.0	0.0
0.021610	0.021125526	122.623338	0.0	0.0
0.021825	0.021344941	122.277513	0.0	0.0
0.022043	0.021566307	121.935672	0.0	0.0
0.022262	0.021789625	121.597768	0.0	0.0
0.022484	0.022014997	121.263769	0.0	0.0
0.022708	0.022242322	120.933612	0.0	0.0
0.022934	0.022471700	120.607239	0.0	0.0
0.023163	0.022703030	120.284631	0.0	0.0
0.023394	0.022936620	119.965704	0.0	0.0
0.023627	0.023172265	119.650442	0.0	0.0
0.023862	0.023409964	119.338774	0.0	0.0
0.024100	0.023649923	119.030673	0.0	0.0
0.024340	0.023892142	118.726097	0.0	0.0
0.024582	0.024136518	118.424968	0.0	0.0
0.024827	0.024383154	118.127284	0.0	0.0
0.025075	0.024632049	117.832969	0.0	0.0
0.025324	0.024883308	117.541998	0.0	0.0
0.025577	0.025136826	117.254321	0.0	0.0
0.025832	0.025392707	116.969901	0.0	0.0
0.026089	0.025651053	116.688692	0.0	0.0
0.026349	0.025911762	116.410648	0.0	0.0
0.026611	0.026174936	116.135745	0.0	0.0
0.026876	0.026440678	115.863927	0.0	0.0
0.027144	0.026708783	115.595152	0.0	0.0
0.027415	0.026979558	115.329398	0.0	0.0
0.027688	0.027252799	115.066622	0.0	0.0
0.027964	0.027528608	114.806784	0.0	0.0
0.028242	0.027807088	114.549834	0.0	0.0
0.028524	0.028088238	114.295760	0.0	0.0
0.028808	0.028372060	114.044499	0.0	0.0
0.029095	0.028658654	113.796037	0.0	0.0
0.029385	0.028947920	113.550331	0.0	0.0
0.029677	0.029239959	113.307344	0.0	0.0
0.029973	0.029534771	113.067040	0.0	0.0
0.030272	0.029832460	112.829394	0.0	0.0
0.030573	0.030133025	112.594364	0.0	0.0
0.030878	0.030436466	112.361924	0.0	0.0
0.031185	0.030742886	112.132043	0.0	0.0
0.031496	0.031052183	111.904680	0.0	0.0
0.031810	0.031364561	111.679805	0.0	0.0
0.032127	0.031679918	111.457395	0.0	0.0
0.032447	0.031998356	111.237413	0.0	0.0
0.032770	0.032319877	111.019830	0.0	0.0
0.033097	0.032644479	110.804618	0.0	0.0
0.033426	0.032972265	110.591749	0.0	0.0
0.033759	0.033303338	110.381190	0.0	0.0
0.034096	0.033637494	110.172919	0.0	0.0
0.034435	0.033974936	109.966899	0.0	0.0
0.034778	0.034315768	109.763109	0.0	0.0
0.035125	0.034659887	109.561526	0.0	0.0
0.035475	0.035007293	109.362113	0.0	0.0
0.035828	0.035358192	109.164846	0.0	0.0
0.036185	0.035712481	108.969708	0.0	0.0
0.036546	0.036070262	108.776659	0.0	0.0
0.036910	0.036431536	108.585687	0.0	0.0
0.037278	0.036796302	108.396761	0.0	0.0
0.037649	0.037164766	108.209854	0.0	0.0
0.038024	0.037536723	108.024949	0.0	0.0
0.038403	0.037912378	107.842012	0.0	0.0
0.038785	0.038291834	107.661032	0.0	0.0
0.039172	0.038674884	107.481976	0.0	0.0
0.039562	0.039061736	107.304824	0.0	0.0
0.039956	0.039452491	107.129558	0.0	0.0
0.040354	0.039846944	106.956150	0.0	0.0
0.040756	0.040245403	106.784578	0.0	0.0
0.041162	0.040647766	106.614821	0.0	0.0
0.041572	0.041054032	106.446864	0.0	0.0
0.041987	0.041464407	106.280676	0.0	0.0
0.042405	0.041878788	106.116244	0.0	0.0
0.042827	0.042297278	105.953544	0.0	0.0
0.043254	0.042719877	105.792560	0.0	0.0
0.043685	0.043146584	105.633266	0.0	0.0
0.044120	0.043577607	105.475646	0.0	0.0
0.044560	0.044012840	105.319679	0.0	0.0
0.045004	0.044452491	105.165347	0.0	0.0
0.045452	0.044896353	105.012632	0.0	0.0
0.045905	0.045344633	104.861517	0.0	0.0
0.046362	0.045797432	104.711978	0.0	0.0
0.046824	0.046254648	104.564003	0.0	0.0
0.047291	0.046716384	104.417570	0.0	0.0
0.047762	0.047182743	104.272664	0.0	0.0
0.048238	0.047653724	104.129266	0.0	0.0
0.048718	0.048129327	103.987362	0.0	0.0
0.049204	0.048609656	103.846930	0.0	0.0
0.049694	0.049094813	103.707957	0.0	0.0
0.050189	0.049584694	103.570428	0.0	0.0
0.050689	0.050079404	103.434322	0.0	0.0
0.051194	0.050579147	103.299626	0.0	0.0
0.051704	0.051083719	103.166325	0.0	0.0
0.052219	0.051593426	103.034402	0.0	0.0
0.052739	0.052108166	102.903842	0.0	0.0
0.053265	0.052627940	102.774629	0.0	0.0
0.053795	0.053152953	102.646750	0.0	0.0
0.054331	0.053683102	102.520188	0.0	0.0
0.054873	0.054218593	102.394932	0.0	0.0
0.055419	0.054759322	102.270964	0.0	0.0
0.055971	0.055305496	102.148269	0.0	0.0
0.056529	0.055857011	102.026838	0.0	0.0
0.057092	0.056414073	101.906653	0.0	0.0
0.057661	0.056976682	101.787700	0.0	0.0
0.058235	0.057544941	101.669968	0.0	0.0
0.058816	0.058118747	101.553443	0.0	0.0
0.059402	0.058698305	101.438111	0.0	0.0
0.059993	0.059283513	101.323960	0.0	0.0
0.060591	0.059874679	101.210976	0.0	0.0
0.061195	0.060471700	101.099147	0.0	0.0
0.061804	0.061074576	100.988462	0.0	0.0
0.062420	0.061683513	100.878905	0.0	0.0
0.063042	0.062298511	100.770466	0.0	0.0
0.063670	0.062919671	100.663133	0.0	0.0
0.064304	0.063546893	100.556895	0.0	0.0
0.064945	0.064180483	100.451738	0.0	0.0
0.065592	0.064820236	100.347652	0.0	0.0
0.066246	0.065466461	100.244626	0.0	0.0
0.066906	0.066119158	100.142646	0.0	0.0
0.067572	0.066778223	100.041703	0.0	0.0
0.068245	0.067443965	99.941787	0.0	0.0
0.068925	0.068116179	99.842885	0.0	0.0
0.069612	0.068795275	99.744985	0.0	0.0
0.070305	0.069480945	99.648080	0.0	0.0
0.071006	0.070173600	99.552157	0.0	0.0
0.071713	0.070873035	99.457206	0.0	0.0
0.072428	0.071579558	99.363217	0.0	0.0
0.073149	0.072292964	99.270180	0.0	0.0
0.073878	0.073013559	99.178083	0.0	0.0
0.074614	0.073741346	99.086919	0.0	0.0
0.075357	0.074476323	98.996677	0.0	0.0
0.076108	0.075218695	98.907346	0.0	0.0
0.076866	0.075968362	98.818918	0.0	0.0
0.077632	0.076725629	98.731383	0.0	0.0
0.078406	0.077490293	98.644733	0.0	0.0
0.079187	0.078262661	98.558956	0.0	0.0
0.079976	0.079042732	98.474045	0.0	0.0
0.080773	0.079830508	98.389990	0.0	0.0
0.081577	0.080626194	98.306782	0.0	0.0
0.082390	0.081429789	98.224412	0.0	0.0
0.083211	0.082241397	98.142874	0.0	0.0
0.084040	0.083061017	98.062155	0.0	0.0
0.084877	0.083888855	97.982249	0.0	0.0
0.085723	0.084724910	97.903147	0.0	0.0
0.086577	0.085569389	97.824842	0.0	0.0
0.087439	0.086422188	97.747323	0.0	0.0
0.088310	0.087283616	97.670584	0.0	0.0
0.089190	0.088153467	97.594616	0.0	0.0
0.090079	0.089032049	97.519411	0.0	0.0
0.090976	0.089919466	97.444963	0.0	0.0
0.091883	0.090815511	97.371261	0.0	0.0
0.092798	0.091720699	97.298300	0.0	0.0
0.093722	0.092634823	97.226070	0.0	0.0
0.094656	0.093557987	97.154566	0.0	0.0
0.095599	0.094490498	97.083779	0.0	0.0
0.096552	0.095432255	97.013701	0.0	0.0
0.097514	0.096383462	96.944327	0.0	0.0
0.098485	0.097344016	96.875648	0.0	0.0
0.099466	0.098314124	96.807657	0.0	0.0
0.100457	0.099293991	96.740345	0.0	0.0
0.101458	0.100283719	96.673711	0.0	0.0
0.102469	0.101283102	96.607743	0.0	0.0
0.103490	0.102292553	96.542434	0.0	0.0
0.104521	0.103311762	96.477782	0.0	0.0
0.105562	0.104342065	96.413776	0.0	0.0
0.106614	0.105381613	96.350409	0.0	0.0
0.107676	0.106432460	96.287681	0.0	0.0
0.108749	0.107492553	96.225573	0.0	0.0
0.109832	0.108563945	96.164091	0.0	0.0
0.110926	0.109646636	96.103224	0.0	0.0
0.112031	0.110738572	96.042960	0.0	0.0
0.113148	0.111842835	95.983304	0.0	0.0
0.114275	0.112957370	95.924240	0.0	0.0
0.115413	0.114083205	95.865774	0.0	0.0
0.116563	0.115220339	95.807883	0.0	0.0
0.117724	0.116368772	95.750579	0.0	0.0
0.118897	0.117528505	95.693840	0.0	0.0
0.120082	0.118700565	95.637672	0.0	0.0
0.121278	0.119883924	95.582061	0.0	0.0
0.122486	0.121078582	95.527010	0.0	0.0
0.123707	0.122285568	95.472506	0.0	0.0
0.124939	0.123503852	95.418544	0.0	0.0
0.126184	0.124735490	95.365124	0.0	0.0
0.127441	0.125978428	95.312237	0.0	0.0
0.128711	0.127233693	95.259875	0.0	0.0
0.129993	0.128502311	95.208038	0.0	0.0
0.131288	0.129783256	95.156716	0.0	0.0
0.132596	0.131077555	95.105907	0.0	0.0
0.133917	0.132383154	95.055605	0.0	0.0
0.135251	0.133703133	95.005804	0.0	0.0
0.136599	0.135036466	94.956503	0.0	0.0
0.137960	0.136382126	94.907690	0.0	0.0
0.139334	0.137742167	94.859363	0.0	0.0
0.140722	0.139114535	94.811521	0.0	0.0
0.142124	0.140501284	94.764154	0.0	0.0
0.143540	0.141902414	94.717261	0.0	0.0
0.144970	0.143316898	94.670832	0.0	0.0
0.146414	0.144745763	94.624868	0.0	0.0
0.147873	0.146189009	94.579364	0.0	0.0
0.149346	0.147645609	94.534309	0.0	0.0
0.150834	0.149117617	94.489708	0.0	0.0
0.152337	0.150605033	94.445546	0.0	0.0
0.153855	0.152105804	94.401827	0.0	0.0
0.155387	0.153623010	94.358543	0.0	0.0
0.156935	0.155154597	94.315693	0.0	0.0
0.158499	0.156700565	94.273267	0.0	0.0
0.160078	0.158262969	94.231264	0.0	0.0
0.161673	0.159841808	94.189680	0.0	0.0
0.163284	0.161435028	94.148510	0.0	0.0
0.164910	0.163044684	94.107748	0.0	0.0
0.166553	0.164670776	94.067395	0.0	0.0
0.168213	0.166312275	94.027443	0.0	0.0
0.169888	0.167970211	93.987888	0.0	0.0
0.171581	0.169645609	93.948729	0.0	0.0
0.173290	0.171337442	93.909958	0.0	0.0
0.175017	0.173045711	93.871573	0.0	0.0
0.176760	0.174771443	93.833572	0.0	0.0
0.178521	0.176513611	93.795948	0.0	0.0
0.180300	0.178274268	93.758698	0.0	0.0
0.182096	0.180051361	93.721820	0.0	0.0
0.183910	0.181846944	93.685310	0.0	0.0
0.185743	0.183661017	93.649162	0.0	0.0
0.187593	0.185492553	93.613375	0.0	0.0
0.189462	0.187342578	93.577944	0.0	0.0
0.191350	0.189211094	93.542865	0.0	0.0
0.193256	0.191098100	93.508137	0.0	0.0
0.195181	0.193003595	93.473753	0.0	0.0
0.197126	0.194928608	93.439713	0.0	0.0
0.199090	0.196873138	93.406011	0.0	0.0
0.201073	0.198837185	93.372644	0.0	0.0
0.203077	0.200819723	93.339610	0.0	0.0
0.205100	0.202822804	93.306904	0.0	0.0
0.207143	0.204846430	93.274524	0.0	0.0
0.209207	0.206889574	93.242466	0.0	0.0
0.211291	0.208953261	93.210729	0.0	0.0
0.213396	0.211037494	93.179305	0.0	0.0
0.215522	0.213143297	93.148195	0.0	0.0
0.217669	0.215269646	93.117395	0.0	0.0
0.219838	0.217417565	93.086902	0.0	0.0
0.222028	0.219586030	93.056712	0.0	0.0
0.224240	0.221777093	93.026823	0.0	0.0
0.226474	0.223989728	92.997231	0.0	0.0
0.228730	0.226224961	92.967933	0.0	0.0
0.231009	0.228481767	92.938927	0.0	0.0
0.233311	0.230762198	92.910209	0.0	0.0
0.235635	0.233064201	92.881778	0.0	0.0
0.237983	0.235389831	92.853630	0.0	0.0
0.240354	0.237739086	92.825760	0.0	0.0
0.242748	0.240111967	92.798169	0.0	0.0
0.245167	0.242507447	92.770852	0.0	0.0
0.247609	0.244927581	92.743807	0.0	0.0
0.250076	0.247372368	92.717031	0.0	0.0
0.252567	0.249841808	92.690521	0.0	0.0
0.255084	0.252334874	92.664275	0.0	0.0
0.257625	0.254853621	92.638289	0.0	0.0
0.260192	0.257398048	92.612563	0.0	0.0
0.262784	0.259967129	92.587092	0.0	0.0
0.265402	0.262561890	92.561874	0.0	0.0
0.268046	0.265183359	92.536907	0.0	0.0
0.270716	0.267830508	92.512188	0.0	0.0
0.273413	0.270504366	92.487714	0.0	0.0
0.276137	0.273204931	92.463485	0.0	0.0
0.278888	0.275933231	92.439495	0.0	0.0
0.281667	0.278688238	92.415743	0.0	0.0
0.284473	0.281470981	92.392228	0.0	0.0
0.287307	0.284281459	92.368946	0.0	0.0
0.290170	0.287120699	92.345895	0.0	0.0
0.293060	0.289987673	92.323073	0.0	0.0
0.295980	0.292883410	92.300477	0.0	0.0
0.298929	0.295808937	92.278106	0.0	0.0
0.301907	0.298763225	92.255956	0.0	0.0
0.304915	0.301748331	92.234026	0.0	0.0
0.307953	0.304762198	92.212313	0.0	0.0
0.311021	0.307806882	92.190815	0.0	0.0
0.314119	0.310881356	92.169531	0.0	0.0
0.317249	0.313987673	92.148456	0.0	0.0
0.320409	0.317124807	92.127591	0.0	0.0
0.323602	0.320292758	92.106932	0.0	0.0
0.326825	0.323493580	92.086477	0.0	0.0
0.330082	0.326726246	92.066224	0.0	0.0
0.333370	0.329990755	92.046171	0.0	0.0
0.336691	0.333289163	92.026317	0.0	0.0
0.340046	0.336619414	92.006658	0.0	0.0
0.343433	0.339984592	91.987193	0.0	0.0
0.346855	0.343382640	91.967920	0.0	0.0
0.350311	0.346815614	91.948837	0.0	0.0
0.353801	0.350282486	91.929941	0.0	0.0
0.357325	0.353784284	91.911232	0.0	0.0
0.360885	0.357322034	91.892707	0.0	0.0
0.364481	0.360894710	91.874363	0.0	0.0
0.368112	0.364503338	91.856199	0.0	0.0
0.371779	0.368147920	91.838214	0.0	0.0
0.375483	0.371830508	91.820405	0.0	0.0
0.379224	0.375549050	91.802770	0.0	0.0
0.383002	0.379305598	91.785307	0.0	0.0
0.386818	0.383099127	91.768015	0.0	0.0
0.390672	0.386931690	91.750892	0.0	0.0
0.394564	0.390803287	91.733935	0.0	0.0
0.398495	0.394712892	91.717144	0.0	0.0
0.402465	0.398662558	91.700515	0.0	0.0
0.406474	0.402652286	91.684049	0.0	0.0
0.410524	0.406682075	91.667741	0.0	0.0
0.414614	0.410751926	91.651592	0.0	0.0
0.418745	0.414863893	91.635599	0.0	0.0
0.422916	0.419015922	91.619760	0.0	0.0
0.427130	0.423211094	91.604073	0.0	0.0
0.431385	0.427448382	91.588537	0.0	0.0
0.435683	0.431728814	91.573151	0.0	0.0
0.440024	0.436051361	91.557912	0.0	0.0
0.444407	0.440419106	91.542818	0.0	0.0
0.448835	0.444829995	91.527869	0.0	0.0
0.453307	0.449285054	91.513061	0.0	0.0
0.457823	0.453786338	91.498395	0.0	0.0
0.462384	0.458332820	91.483867	0.0	0.0
0.466990	0.462924499	91.469477	0.0	0.0
0.471643	0.467563431	91.455221	0.0	0.0
0.476342	0.472249615	91.441100	0.0	0.0
0.481087	0.476983051	91.427111	0.0	0.0
0.485880	0.481763739	91.413253	0.0	0.0
0.490721	0.486593734	91.399524	0.0	0.0
0.495610	0.491472008	91.385922	0.0	0.0
0.500547	0.496399589	91.372446	0.0	0.0
0.505534	0.501378531	91.359094	0.0	0.0
0.510571	0.506406780	91.345864	0.0	0.0
0.515657	0.511486389	91.332756	0.0	0.0
0.520795	0.516617360	91.319766	0.0	0.0
0.525983	0.521800719	91.306894	0.0	0.0
0.531224	0.527036466	91.294139	0.0	0.0
0.536516	0.532324602	91.281497	0.0	0.0
0.541861	0.537668207	91.268969	0.0	0.0
0.547260	0.543065229	91.256552	0.0	0.0
0.552712	0.548516692	91.244245	0.0	0.0
0.558218	0.554023626	91.232045	0.0	0.0
0.563780	0.559587057	91.219952	0.0	0.0
0.569396	0.565206985	91.207964	0.0	0.0
0.575069	0.570884438	91.196080	0.0	0.0
0.580798	0.576619414	91.184297	0.0	0.0
0.586585	0.582412943	91.172614	0.0	0.0
0.592429	0.588265023	91.161030	0.0	0.0
0.598331	0.594177709	91.149543	0.0	0.0
0.604292	0.600149974	91.138151	0.0	0.0
0.610312	0.606182845	91.126853	0.0	0.0
0.616392	0.612277350	91.115648	0.0	0.0
0.622533	0.618434515	91.104532	0.0	0.0
0.628736	0.624654340	91.093506	0.0	0.0
0.634999	0.630937853	91.082567	0.0	0.0
0.641326	0.637285054	91.071714	0.0	0.0
0.647715	0.643697997	91.060946	0.0	0.0
0.654168	0.650175655	91.050259	0.0	0.0
0.660685	0.656719055	91.039654	0.0	0.0
0.667268	0.663330252	91.029128	0.0	0.0
0.673915	0.670009245	91.018679	0.0	0.0
0.680629	0.676756035	91.008307	0.0	0.0
0.687410	0.683571649	90.998009	0.0	0.0
0.694259	0.690457114	90.987784	0.0	0.0
0.701175	0.697413457	90.977630	0.0	0.0
0.708161	0.704441705	90.967545	0.0	0.0
0.715216	0.711540832	90.957528	0.0	0.0
0.722342	0.718712892	90.947577	0.0	0.0
0.729538	0.725958911	90.937691	0.0	0.0
0.736806	0.733278891	90.927867	0.0	0.0
0.744147	0.740674884	90.918104	0.0	0.0
0.751561	0.748145865	90.908401	0.0	0.0
0.759048	0.755692861	90.898755	0.0	0.0
0.766610	0.763318952	90.889164	0.0	0.0
0.774248	0.771022085	90.879628	0.0	0.0
0.781961	0.778805342	90.870144	0.0	0.0
0.789752	0.786667694	90.860710	0.0	0.0
0.797620	0.794611197	90.851326	0.0	0.0
0.805566	0.802635850	90.841988	0.0	0.0
0.813592	0.810743708	90.832695	0.0	0.0
0.821698	0.818934771	90.823445	0.0	0.0
0.829884	0.827210067	90.814237	0.0	0.0
0.838152	0.835570621	90.805068	0.0	0.0
0.846502	0.844017463	90.795937	0.0	0.0
0.854936	0.852550591	90.786842	0.0	0.0
0.863453	0.861171032	90.777781	0.0	0.0
0.872055	0.869880842	90.768752	0.0	0.0
0.880743	0.878681048	90.759753	0.0	0.0
0.889518	0.887571649	90.750782	0.0	0.0
0.898380	0.896552645	90.741837	0.0	0.0
0.907330	0.905627119	90.732916	0.0	0.0
0.916370	0.914795069	90.724018	0.0	0.0
0.925499	0.924057524	90.715140	0.0	0.0
0.934720	0.933414484	90.706280	0.0	0.0
0.944032	0.942869029	90.697436	0.0	0.0
0.953437	0.952420134	90.688606	0.0	0.0
0.962936	0.962069851	90.679788	0.0	0.0
0.972529	0.971818182	90.670980	0.0	0.0
0.982218	0.981669235	90.662179	0.0	0.0
0.992004	0.991619928	90.653385	0.0	0.0
1.001887	1.001673344	90.644593	0.0	0.0
1.011868	1.011830508	90.635804	0.0	0.0
1.021949	1.022091423	90.627013	0.0	0.0
1.032131	1.032460195	90.618218	0.0	0.0
1.042414	1.042937853	90.609419	0.0	0.0
1.052799	1.053518233	90.600612	0.0	0.0
1.063288	1.064201335	90.591795	0.0	0.0
1.073881	1.075007704	90.582966	0.0	0.0
1.084580	1.085916795	90.574122	0.0	0.0
1.095385	1.096938880	90.565262	0.0	0.0
1.106298	1.108084232	90.556382	0.0	0.0
1.117320	1.119332306	90.547481	0.0	0.0
1.128451	1.130703647	90.538557	0.0	0.0
1.139694	1.142177709	90.529605	0.0	0.0
1.151048	1.153785311	90.520625	0.0	0.0
1.162516	1.165505907	90.511613	0.0	0.0
1.174097	1.177349769	90.502569	0.0	0.0
1.185794	1.189306626	90.493488	0.0	0.0
1.197608	1.201397021	90.484368	0.0	0.0
1.209540	1.213600411	90.475207	0.0	0.0
1.221590	1.225937339	90.466002	0.0	0.0
1.233760	1.238397535	90.456752	0.0	0.0
1.246052	1.250980996	90.447452	0.0	0.0
1.258466	1.263697997	90.438100	0.0	0.0
1.271004	1.276538264	90.428695	0.0	0.0
1.283666	1.289512070	90.419234	0.0	0.0
1.296455	1.302619414	90.409713	0.0	0.0
1.309371	1.315860298	90.400130	0.0	0.0
1.322416	1.329234720	90.390482	0.0	0.0
1.335591	1.342742681	90.380767	0.0	0.0
1.348897	1.356394453	90.370982	0.0	0.0
1.362336	1.370179764	90.361124	0.0	0.0
1.375908	1.384098613	90.351192	0.0	0.0
1.389616	1.398171546	90.341181	0.0	0.0
1.403460	1.412378017	90.331089	0.0	0.0
1.417443	1.426728300	90.320913	0.0	0.0
1.431564	1.441222393	90.310651	0.0	0.0
1.445826	1.455860298	90.300300	0.0	0.0
1.460231	1.470642013	90.289857	0.0	0.0
1.474779	1.485577812	90.279319	0.0	0.0
1.489471	1.500667694	90.268684	0.0	0.0
1.504310	1.515901387	90.257949	0.0	0.0
1.519297	1.531289163	90.247110	0.0	0.0
1.534434	1.546820750	90.236165	0.0	0.0
1.549721	1.562516692	90.225111	0.0	0.0
1.565160	1.578366718	90.213946	0.0	0.0
1.580753	1.594381099	90.202667	0.0	0.0
1.596502	1.610539291	90.191270	0.0	0.0
1.612408	1.626872111	90.179752	0.0	0.0
1.628471	1.643348742	90.168113	0.0	0.0
1.644695	1.660000000	90.156348	0.0	0.0
1.661081	1.676815614	90.144454	0.0	0.0
1.677630	1.693785311	90.132428	0.0	0.0
1.694344	1.710929635	90.120268	0.0	0.0
1.711224	1.728238315	90.107972	0.0	0.0
1.728272	1.745721623	90.095536	0.0	0.0
1.745491	1.763369286	90.082957	0.0	0.0
1.762880	1.781191577	90.070234	0.0	0.0
1.780443	1.799178223	90.057362	0.0	0.0
1.798181	1.817349769	90.044339	0.0	0.0
1.816096	1.835695942	90.031162	0.0	0.0
1.834189	1.854216744	90.017830	0.0	0.0
1.852463	1.872912173	90.004337	0.0	0.0
1.870918	1.891792501	89.990684	0.0	0.0
1.889558	1.910857730	89.976865	0.0	0.0
1.908383	1.930097586	89.962880	0.0	0.0
1.927396	1.949532614	89.948725	0.0	0.0
1.946598	1.969142270	89.934398	0.0	0.0
1.965991	1.988947098	89.919895	0.0	0.0
1.985578	2.008947098	89.905215	0.0	0.0
2.005359	2.029131998	89.890355	0.0	0.0
2.025338	2.049512070	89.875311	0.0	0.0
2.045516	2.070087314	89.860083	0.0	0.0
2.065895	2.090857730	89.844666	0.0	0.0
2.086477	2.111823318	89.829059	0.0	0.0
2.107264	2.132994350	89.813259	0.0	0.0
2.128258	2.154370827	89.797264	0.0	0.0
2.149461	2.175952748	89.781071	0.0	0.0
2.170875	2.197740113	89.764678	0.0	0.0
2.192503	2.219732922	89.748082	0.0	0.0
2.214346	2.241951721	89.731282	0.0	0.0
2.236407	2.264375963	89.714274	0.0	0.0
2.258688	2.287015922	89.697056	0.0	0.0
2.281191	2.309881870	89.679627	0.0	0.0
2.303917	2.332963534	89.661984	0.0	0.0
2.326871	2.356281459	89.644124	0.0	0.0
2.350052	2.379825372	89.626047	0.0	0.0
2.373465	2.403595275	89.607748	0.0	0.0
2.397111	2.427611710	89.589226	0.0	0.0
2.420993	2.451854135	89.570480	0.0	0.0
2.445113	2.476353364	89.551506	0.0	0.0
2.469473	2.501099127	89.532303	0.0	0.0
2.494075	2.526091423	89.512870	0.0	0.0
2.518923	2.551340524	89.493202	0.0	0.0
2.544018	2.576846430	89.473300	0.0	0.0
2.569364	2.602619414	89.453160	0.0	0.0
2.594961	2.628659476	89.432783	0.0	0.0
2.620814	2.654976888	89.412163	0.0	0.0
2.646925	2.681571649	89.391300	0.0	0.0
2.673295	2.708454032	89.370193	0.0	0.0
2.699928	2.735624037	89.348840	0.0	0.0
2.726827	2.763091936	89.327237	0.0	0.0
2.753994	2.790868002	89.305384	0.0	0.0
2.781431	2.818941962	89.283279	0.0	0.0
2.809141	2.847334361	89.260921	0.0	0.0
2.837128	2.876055470	89.238306	0.0	0.0
2.865393	2.905095018	89.215435	0.0	0.0
2.893941	2.934473549	89.192303	0.0	0.0
2.922772	2.964191063	89.168912	0.0	0.0
2.951891	2.994257833	89.145257	0.0	0.0
2.981300	3.024673857	89.121338	0.0	0.0
3.011001	3.055459682	89.097153	0.0	0.0
3.040999	3.086615306	89.072700	0.0	0.0
3.071296	3.118151002	89.047978	0.0	0.0
3.101894	3.150077042	89.022985	0.0	0.0
3.132797	3.182383154	88.997719	0.0	0.0
3.164008	3.215100154	88.972179	0.0	0.0
3.195530	3.248228043	88.946363	0.0	0.0
3.227367	3.281766821	88.920268	0.0	0.0
3.259520	3.315726759	88.893894	0.0	0.0
3.291993	3.350118130	88.867239	0.0	0.0
3.324791	3.384940935	88.840301	0.0	0.0
3.357915	3.420205444	88.813078	0.0	0.0
3.391368	3.455932203	88.785570	0.0	0.0
3.425156	3.492100668	88.757773	0.0	0.0
3.459279	3.528731382	88.729687	0.0	0.0
3.493743	3.565824345	88.701309	0.0	0.0
3.528550	3.603389831	88.672638	0.0	0.0
3.563704	3.641427838	88.643672	0.0	0.0
3.599208	3.679948639	88.614409	0.0	0.0
3.635066	3.718941962	88.584847	0.0	0.0
3.671281	3.758407807	88.554984	0.0	0.0
3.707857	3.798356446	88.524820	0.0	0.0
3.744797	3.838787879	88.494351	0.0	0.0
3.782106	3.879691834	88.463575	0.0	0.0
3.819786	3.921068310	88.432491	0.0	0.0
3.857841	3.962927581	88.401097	0.0	0.0
3.896276	4.005249101	88.369391	0.0	0.0
3.935093	4.048032871	88.337370	0.0	0.0
3.974297	4.091278891	88.305033	0.0	0.0
4.013892	4.134966615	88.272377	0.0	0.0
4.053881	4.179106317	88.239400	0.0	0.0
4.094269	4.223677452	88.206100	0.0	0.0
4.135059	4.268659476	88.172474	0.0	0.0
4.176255	4.314062661	88.138521	0.0	0.0
4.217862	4.359866461	88.104238	0.0	0.0
4.259883	4.406060606	88.069622	0.0	0.0
4.302323	4.452634823	88.034670	0.0	0.0
4.345186	4.499568567	87.999381	0.0	0.0
4.388476	4.546861839	87.963751	0.0	0.0
4.432197	4.594483821	87.927779	0.0	0.0
4.476353	4.642444787	87.891461	0.0	0.0
4.520950	4.690724191	87.854793	0.0	0.0
4.565991	4.739311762	87.817774	0.0	0.0
4.611480	4.788197227	87.780402	0.0	0.0
4.657423	4.837370313	87.742671	0.0	0.0
4.703824	4.886841294	87.704579	0.0	0.0
4.750687	4.936589625	87.666124	0.0	0.0
4.798016	4.986635850	87.627302	0.0	0.0
4.845817	5.036959425	87.588110	0.0	0.0
4.894095	5.087580894	87.548543	0.0	0.0
4.942853	5.138510529	87.508600	0.0	0.0
4.992097	5.189748331	87.468276	0.0	0.0
5.041832	5.241335388	87.427567	0.0	0.0
5.092062	5.293271700	87.386470	0.0	0.0
5.142793	5.345598356	87.344981	0.0	0.0
5.194029	5.398335901	87.303096	0.0	0.0
5.245776	5.451535696	87.260810	0.0	0.0
5.298038	5.505228557	87.218121	0.0	0.0
5.350821	5.559455573	87.175024	0.0	0.0
5.404129	5.614268105	87.131514	0.0	0.0
5.457969	5.669717514	87.087587	0.0	0.0
5.512345	5.725875706	87.043239	0.0	0.0
5.567263	5.782773498	86.998464	0.0	0.0
5.622728	5.840493066	86.953259	0.0	0.0
5.678746	5.899085773	86.907617	0.0	0.0
5.735321	5.958613251	86.861536	0.0	0.0
5.792460	6.019137134	86.815009	0.0	0.0
5.850169	6.080708783	86.768031	0.0	0.0
5.908453	6.143389831	86.720596	0.0	0.0
5.967317	6.207221366	86.672701	0.0	0.0
6.026767	6.272254751	86.624339	0.0	0.0
6.086810	6.338510529	86.575504	0.0	0.0
6.147451	6.406019517	86.526190	0.0	0.0
6.208696	6.474802260	86.476393	0.0	0.0
6.270552	6.544848485	86.426105	0.0	0.0
6.333023	6.616147920	86.375321	0.0	0.0
6.396117	6.688680021	86.324034	0.0	0.0
6.459840	6.762403698	86.272238	0.0	0.0
6.524198	6.837267591	86.219926	0.0	0.0
6.589196	6.913199795	86.167092	0.0	0.0
6.654842	6.990118130	86.113729	0.0	0.0
6.721143	7.067930149	86.059830	0.0	0.0
6.788103	7.146533128	86.005388	0.0	0.0
6.855731	7.225803801	85.950396	0.0	0.0
6.924033	7.305629173	85.894845	0.0	0.0
6.993015	7.385885978	85.838729	0.0	0.0
7.062684	7.466440678	85.782041	0.0	0.0
7.133048	7.547170005	85.724770	0.0	0.0
7.204112	7.627981510	85.666912	0.0	0.0
7.275884	7.708772470	85.608456	0.0	0.0
7.348372	7.789450437	85.549394	0.0	0.0
7.421582	7.869974319	85.489718	0.0	0.0
7.495521	7.950303030	85.429420	0.0	0.0
7.570196	8.030446841	85.368491	0.0	0.0
7.645616	8.110436569	85.306920	0.0	0.0
7.721787	8.190344119	85.244699	0.0	0.0
7.798717	8.270282486	85.181820	0.0	0.0
7.876413	8.350395480	85.118271	0.0	0.0
7.954883	8.430868002	85.054045	0.0	0.0
8.034135	8.511926040	84.989129	0.0	0.0
8.114177	8.593805855	84.923515	0.0	0.0
8.195016	8.676774525	84.857191	0.0	0.0
8.276661	8.761129944	84.790148	0.0	0.0
8.359119	8.847128916	84.722375	0.0	0.0
8.442398	8.935069337	84.653861	0.0	0.0
8.526507	9.025197740	84.584594	0.0	0.0
8.611454	9.117740113	84.514564	0.0	0.0
8.697247	9.212871084	84.443758	0.0	0.0
8.783896	9.310703647	84.372165	0.0	0.0
8.871407	9.411289163	84.299773	0.0	0.0
8.959790	9.514617360	84.226570	0.0	0.0
9.049054	9.620544427	84.152543	0.0	0.0
9.139207	9.728885465	84.077680	0.0	0.0
9.230258	9.839352851	84.001967	0.0	0.0
9.322216	9.951597329	83.925392	0.0	0.0
9.415091	10.065166923	83.847941	0.0	0.0
9.508890	10.179589111	83.769601	0.0	0.0
9.603625	10.294401644	83.690357	0.0	0.0
9.699303	10.409039548	83.610196	0.0	0.0
9.795934	10.522958398	83.529103	0.0	0.0
9.893528	10.635850026	83.447064	0.0	0.0
9.992094	10.747406266	83.364064	0.0	0.0
10.091640	10.857318952	83.280089	0.0	0.0
10.192180	10.965588084	83.195120	0.0	0.0
10.293720	11.072213662	83.109145	0.0	0.0
10.396280	11.177606574	83.022140	0.0	0.0
10.499850	11.282177709	82.934105	0.0	0.0
10.604460	11.386440678	82.845007	0.0	0.0
10.710110	11.491422702	82.754838	0.0	0.0
10.816810	11.597740113	82.663581	0.0	0.0
10.924570	11.706420134	82.571219	0.0	0.0
11.033410	11.818387262	82.477727	0.0	0.0
11.143340	11.934463277	82.383087	0.0	0.0
11.254350	12.055367232	82.287299	0.0	0.0
11.366480	12.181510015	82.190320	0.0	0.0
11.479720	12.313199795	82.092147	0.0	0.0
11.594090	12.450333847	81.992756	0.0	0.0
11.709600	12.592295840	81.892127	0.0	0.0
11.826250	12.738263996	81.790250	0.0	0.0
11.944080	12.887211094	81.687080	0.0	0.0
12.063070	13.037699024	81.582625	0.0	0.0
12.183250	13.188186954	81.476848	0.0	0.0
12.304630	13.337031330	81.369729	0.0	0.0
12.427220	13.482999486	81.261248	0.0	0.0
12.551030	13.624858757	81.151387	0.0	0.0
12.676070	13.762095532	81.040123	0.0	0.0
12.802360	13.894504366	80.927428	0.0	0.0
12.929900	14.022907036	80.813291	0.0	0.0
13.058720	14.148741654	80.697672	0.0	0.0
13.188820	14.274165383	80.580560	0.0	0.0
13.320220	14.401848998	80.461924	0.0	0.0
13.452920	14.534874165	80.341751	0.0	0.0
13.586950	14.676219825	80.220002	0.0	0.0
13.722310	14.828556754	80.096663	0.0	0.0
13.859020	14.993631228	79.971704	0.0	0.0
13.997100	15.171751412	79.845092	0.0	0.0
14.136540	15.360965588	79.716823	0.0	0.0
14.277380	15.557267591	79.586846	0.0	0.0
14.419620	15.753569594	79.455148	0.0	0.0
14.563280	15.940010272	79.321696	0.0	0.0
14.708370	16.103749358	79.186465	0.0	0.0
14.854910	16.229275809	79.049422	0.0	0.0
15.002900	16.299229584	78.910554	0.0	0.0
15.152370	16.295120699	78.769815	0.0	0.0
15.303330	16.198356446	78.627182	0.0	0.0
15.455790	15.991987673	78.482630	0.0	0.0
15.609770	15.661325116	78.336123	0.0	0.0
15.765290	15.196302003	78.187627	0.0	0.0
15.922350	14.591782229	78.037126	0.0	0.0
16.080980	13.849203903	77.884574	0.0	0.0
16.241190	12.976682075	77.729945	0.0	0.0
16.403000	11.989111454	77.573203	0.0	0.0
16.566420	10.908269132	77.414321	0.0	0.0
16.731460	9.760914227	77.253273	0.0	0.0
16.898160	8.577863380	77.090000	0.0	0.0
17.066510	7.391977401	76.924496	0.0	0.0
17.236540	6.235952748	76.756713	0.0	0.0
17.408260	5.140256805	76.586623	0.0	0.0
17.581690	4.131104263	76.414188	0.0	0.0
17.756850	3.228885465	76.239368	0.0	0.0
17.933760	2.447036466	76.062126	0.0	0.0
18.112430	1.791648690	75.882431	0.0	0.0
18.292880	1.261623010	75.700245	0.0	0.0
18.475120	0.849559322	75.515537	0.0	0.0
18.659180	0.543014895	75.328256	0.0	0.0
18.845080	0.326173600	75.138364	0.0	0.0
19.032830	0.181573703	74.945828	0.0	0.0
19.222450	0.091758706	74.750607	0.0	0.0
19.413950	0.040677042	74.552670	0.0	0.0
19.607370	0.014747406	74.351954	0.0	0.0
19.802710	0.003583749	74.148438	0.0	0.0
20.000000	0.000483952	73.942068	0.0	0.0

