# UNCLASSIFIED
#
# Response info for SONM medium period horizontal channels.
#
# Effective: 18	Sep. 2003
# Creation date: 04 May 2004
# File name: SONM_MHH_rsp.txt
#
# Source: James	Neely (CTI)
# System equipment: DASE LPHA-12S seismometer and DASE Larzac digitizer.
#
# The response file was	derived	from equations of state.
# Displacement response	normalized to 1.0 at 0.05 Hz.
#
# The calib value is 0.134138 nm/count at 20.0 sec.
#
# Freq(Hz)     Amp(counts/nm)   Phase(deg)   Error(amp)  Error(phase)
#
   theoretical   0   instrument   fap
2046
0.002930	0.010135435	188.711693	0.0	0.0
0.003906	0.018188251	180.908160	0.0	0.0
0.004883	0.028388663	174.890699	0.0	0.0
0.005859	0.040462893	169.879029	0.0	0.0
0.006836	0.054251051	165.499926	0.0	0.0
0.007813	0.069512088	161.574933	0.0	0.0
0.008789	0.085995874	158.003604	0.0	0.0
0.009766	0.103663284	154.713631	0.0	0.0
0.010742	0.122185347	151.671749	0.0	0.0
0.011719	0.141590791	148.839305	0.0	0.0
0.012695	0.161819245	146.202340	0.0	0.0
0.013672	0.182550354	143.736554	0.0	0.0
0.014648	0.203494076	141.431683	0.0	0.0
0.015625	0.224977256	139.267217	0.0	0.0
0.016602	0.246584472	137.238598	0.0	0.0
0.017578	0.268029233	135.331688	0.0	0.0
0.018555	0.290560635	133.535872	0.0	0.0
0.019531	0.312968892	131.849850	0.0	0.0
0.020508	0.334675124	130.256693	0.0	0.0
0.021484	0.356876090	128.753360	0.0	0.0
0.022461	0.379132204	127.331477	0.0	0.0
0.023438	0.401824118	125.986199	0.0	0.0
0.024414	0.424150693	124.714216	0.0	0.0
0.025391	0.446594684	123.505830	0.0	0.0
0.026367	0.468998821	122.359649	0.0	0.0
0.027344	0.491983603	121.269554	0.0	0.0
0.028320	0.514031983	120.235399	0.0	0.0
0.029297	0.535315233	119.246023	0.0	0.0
0.030273	0.558254239	118.303175	0.0	0.0
0.031250	0.580628951	117.404428	0.0	0.0
0.032227	0.602258098	116.543515	0.0	0.0
0.033203	0.625200138	115.720451	0.0	0.0
0.034180	0.648301840	114.932798	0.0	0.0
0.035156	0.670883016	114.179284	0.0	0.0
0.036133	0.692954455	113.455820	0.0	0.0
0.037109	0.713744504	112.761697	0.0	0.0
0.038086	0.733784979	112.090634	0.0	0.0
0.039063	0.756063721	111.444654	0.0	0.0
0.040039	0.778169252	110.824040	0.0	0.0
0.041016	0.800095969	110.225931	0.0	0.0
0.041992	0.821167513	109.648586	0.0	0.0
0.042969	0.843445246	109.089288	0.0	0.0
0.043945	0.867367429	108.550789	0.0	0.0
0.044922	0.890013004	108.031646	0.0	0.0
0.045898	0.910986335	107.528989	0.0	0.0
0.046875	0.932488996	107.040355	0.0	0.0
0.047852	0.953875696	106.567543	0.0	0.0
0.048828	0.974878522	106.108215	0.0	0.0
0.049805	0.996746068	105.662278	0.0	0.0
0.050781	1.019001950	105.229855	0.0	0.0
0.051758	1.041091672	104.809847	0.0	0.0
0.052734	1.062495784	104.401734	0.0	0.0
0.053711	1.082916214	104.004327	0.0	0.0
0.054688	1.103254223	103.615720	0.0	0.0
0.055664	1.126003854	103.237421	0.0	0.0
0.056641	1.148522504	102.870253	0.0	0.0
0.057617	1.169803749	102.512709	0.0	0.0
0.058594	1.190872292	102.163611	0.0	0.0
0.059570	1.210007191	101.823106	0.0	0.0
0.060547	1.228803675	101.488128	0.0	0.0
0.061523	1.249460391	101.160788	0.0	0.0
0.062500	1.270192645	100.840715	0.0	0.0
0.063477	1.291346507	100.527105	0.0	0.0
0.064453	1.312571711	100.220421	0.0	0.0
0.065430	1.335662919	99.920212	0.0	0.0
0.066406	1.358540570	99.627834	0.0	0.0
0.067383	1.379487977	99.341826	0.0	0.0
0.068359	1.400441978	99.059714	0.0	0.0
0.069336	1.421647535	98.784532	0.0	0.0
0.070313	1.442780098	98.512548	0.0	0.0
0.071289	1.464049939	98.247699	0.0	0.0
0.072266	1.484706417	97.986311	0.0	0.0
0.073242	1.504613924	97.730726	0.0	0.0
0.074219	1.523202382	97.477431	0.0	0.0
0.075195	1.544944969	97.228246	0.0	0.0
0.076172	1.567853705	96.983365	0.0	0.0
0.077148	1.591740091	96.744049	0.0	0.0
0.078125	1.613841010	96.509865	0.0	0.0
0.079102	1.632921107	96.278762	0.0	0.0
0.080078	1.653456453	96.049156	0.0	0.0
0.081055	1.676330582	95.824528	0.0	0.0
0.082031	1.696440051	95.604363	0.0	0.0
0.083008	1.715077712	95.385878	0.0	0.0
0.083984	1.734114396	95.170081	0.0	0.0
0.084961	1.754644168	94.956059	0.0	0.0
0.085938	1.777522440	94.745355	0.0	0.0
0.086914	1.800761040	94.539650	0.0	0.0
0.087891	1.820965873	94.337008	0.0	0.0
0.088867	1.841222719	94.134974	0.0	0.0
0.089844	1.862121927	93.937001	0.0	0.0
0.090820	1.881009151	93.739867	0.0	0.0
0.091797	1.904661786	93.545012	0.0	0.0
0.092773	1.926127919	93.354752	0.0	0.0
0.093750	1.947876477	93.164745	0.0	0.0
0.094727	1.971255375	92.978765	0.0	0.0
0.095703	1.991874535	92.795138	0.0	0.0
0.096680	2.012081256	92.613583	0.0	0.0
0.097656	2.029808720	92.433823	0.0	0.0
0.098633	2.046389060	92.253498	0.0	0.0
0.099609	2.069040859	92.075080	0.0	0.0
0.100586	2.090384895	91.900047	0.0	0.0
0.101563	2.112549694	91.726354	0.0	0.0
0.102539	2.132697853	91.555604	0.0	0.0
0.103516	2.155063776	91.384825	0.0	0.0
0.104492	2.175710812	91.217856	0.0	0.0
0.105469	2.196039433	91.050812	0.0	0.0
0.106445	2.215798391	90.886351	0.0	0.0
0.107422	2.237123383	90.721461	0.0	0.0
0.108398	2.260666297	90.559872	0.0	0.0
0.109375	2.280261794	90.400357	0.0	0.0
0.110352	2.298729578	90.240783	0.0	0.0
0.111328	2.321402323	90.081952	0.0	0.0
0.112305	2.343574587	89.926524	0.0	0.0
0.113281	2.361071640	89.772408	0.0	0.0
0.114258	2.377397443	89.616375	0.0	0.0
0.115234	2.403666425	89.462338	0.0	0.0
0.116211	2.427334126	89.312111	0.0	0.0
0.117188	2.444718248	89.163000	0.0	0.0
0.118164	2.464312375	89.012350	0.0	0.0
0.119141	2.488307753	88.864212	0.0	0.0
0.120117	2.508852662	88.718675	0.0	0.0
0.121094	2.525995573	88.572646	0.0	0.0
0.122070	2.545932430	88.427352	0.0	0.0
0.123047	2.566692837	88.282910	0.0	0.0
0.124023	2.587265901	88.140419	0.0	0.0
0.125000	2.606136393	87.997778	0.0	0.0
0.125977	2.627623131	87.856824	0.0	0.0
0.126953	2.645122967	87.715622	0.0	0.0
0.127930	2.670868920	87.575304	0.0	0.0
0.128906	2.692906182	87.438362	0.0	0.0
0.129883	2.712184607	87.301050	0.0	0.0
0.130859	2.731437221	87.164458	0.0	0.0
0.131836	2.752846736	87.028005	0.0	0.0
0.132813	2.772053346	86.893827	0.0	0.0
0.133789	2.790666596	86.758491	0.0	0.0
0.134766	2.812754873	86.624896	0.0	0.0
0.135742	2.832975438	86.491799	0.0	0.0
0.136719	2.855094997	86.359875	0.0	0.0
0.137695	2.873059677	86.228927	0.0	0.0
0.138672	2.891570680	86.097697	0.0	0.0
0.139648	2.911482700	85.966188	0.0	0.0
0.140625	2.938464220	85.836026	0.0	0.0
0.141602	2.961908988	85.708784	0.0	0.0
0.142578	2.979900854	85.582356	0.0	0.0
0.143555	2.996407797	85.453875	0.0	0.0
0.144531	3.019684254	85.326111	0.0	0.0
0.145508	3.043543492	85.200025	0.0	0.0
0.146484	3.066385633	85.076192	0.0	0.0
0.147461	3.084081253	84.952231	0.0	0.0
0.148438	3.099371805	84.827878	0.0	0.0
0.149414	3.117695480	84.702721	0.0	0.0
0.150391	3.137228362	84.578121	0.0	0.0
0.151367	3.163180455	84.454281	0.0	0.0
0.152344	3.187309645	84.333486	0.0	0.0
0.153320	3.206928620	84.212701	0.0	0.0
0.154297	3.223597881	84.092831	0.0	0.0
0.155273	3.238816013	83.970556	0.0	0.0
0.156250	3.264423243	83.849564	0.0	0.0
0.157227	3.282990012	83.731332	0.0	0.0
0.158203	3.296118520	83.611114	0.0	0.0
0.159180	3.316703349	83.490073	0.0	0.0
0.160156	3.342725328	83.371148	0.0	0.0
0.161133	3.363860682	83.253924	0.0	0.0
0.162109	3.384934998	83.136555	0.0	0.0
0.163086	3.402556408	83.019858	0.0	0.0
0.164063	3.420727082	82.902134	0.0	0.0
0.165039	3.441562864	82.784985	0.0	0.0
0.166016	3.465464053	82.668183	0.0	0.0
0.166992	3.486048797	82.553372	0.0	0.0
0.167969	3.506295801	82.436635	0.0	0.0
0.168945	3.535039453	82.322033	0.0	0.0
0.169922	3.557930596	82.209238	0.0	0.0
0.170898	3.577383010	82.096686	0.0	0.0
0.171875	3.591707885	81.983836	0.0	0.0
0.172852	3.605329555	81.869071	0.0	0.0
0.173828	3.631292752	81.754424	0.0	0.0
0.174805	3.654901327	81.642973	0.0	0.0
0.175781	3.672196711	81.531252	0.0	0.0
0.176758	3.693475045	81.419192	0.0	0.0
0.177734	3.709726736	81.308517	0.0	0.0
0.178711	3.723029146	81.195090	0.0	0.0
0.179688	3.749289537	81.081995	0.0	0.0
0.180664	3.775973583	80.971842	0.0	0.0
0.181641	3.796690839	80.862377	0.0	0.0
0.182617	3.814302595	80.752860	0.0	0.0
0.183594	3.835102940	80.641636	0.0	0.0
0.184570	3.859170104	80.533228	0.0	0.0
0.185547	3.876473672	80.424848	0.0	0.0
0.186523	3.890463385	80.315599	0.0	0.0
0.187500	3.913586243	80.205498	0.0	0.0
0.188477	3.935401763	80.097923	0.0	0.0
0.189453	3.950090833	79.990168	0.0	0.0
0.190430	3.968747209	79.880927	0.0	0.0
0.191406	3.988784113	79.773005	0.0	0.0
0.192383	4.008157133	79.664223	0.0	0.0
0.193359	4.032696338	79.556901	0.0	0.0
0.194336	4.052660855	79.451167	0.0	0.0
0.195313	4.066939521	79.344062	0.0	0.0
0.196289	4.083042645	79.236110	0.0	0.0
0.197266	4.105015545	79.128223	0.0	0.0
0.198242	4.130985455	79.021513	0.0	0.0
0.199219	4.152812208	78.915559	0.0	0.0
0.200195	4.177524531	78.809099	0.0	0.0
0.201172	4.201840654	78.705060	0.0	0.0
0.202148	4.221288201	78.600958	0.0	0.0
0.203125	4.237935038	78.496062	0.0	0.0
0.204102	4.254971171	78.390914	0.0	0.0
0.205078	4.276187638	78.286054	0.0	0.0
0.206055	4.293150231	78.181874	0.0	0.0
0.207031	4.313090286	78.076272	0.0	0.0
0.208008	4.333652261	77.972628	0.0	0.0
0.208984	4.354549157	77.867814	0.0	0.0
0.209961	4.378632159	77.764535	0.0	0.0
0.210938	4.395302210	77.662289	0.0	0.0
0.211914	4.407194937	77.558436	0.0	0.0
0.212891	4.427351759	77.453104	0.0	0.0
0.213867	4.452000495	77.349845	0.0	0.0
0.214844	4.471769595	77.247220	0.0	0.0
0.215820	4.492322433	77.143864	0.0	0.0
0.216797	4.511710449	77.042055	0.0	0.0
0.217773	4.529282101	76.937990	0.0	0.0
0.218750	4.558121005	76.835455	0.0	0.0
0.219727	4.577924926	76.735308	0.0	0.0
0.220703	4.590246746	76.633530	0.0	0.0
0.221680	4.608585360	76.529991	0.0	0.0
0.222656	4.632668228	76.428231	0.0	0.0
0.223633	4.649168291	76.326151	0.0	0.0
0.224609	4.671914282	76.223880	0.0	0.0
0.225586	4.698777676	76.122462	0.0	0.0
0.226563	4.720471394	76.022889	0.0	0.0
0.227539	4.736559716	75.922926	0.0	0.0
0.228516	4.751060529	75.821549	0.0	0.0
0.229492	4.772634323	75.720014	0.0	0.0
0.230469	4.790006130	75.620358	0.0	0.0
0.231445	4.803414853	75.518652	0.0	0.0
0.232422	4.829134129	75.417632	0.0	0.0
0.233398	4.845691902	75.318054	0.0	0.0
0.234375	4.860091943	75.216714	0.0	0.0
0.235352	4.882529717	75.115374	0.0	0.0
0.236328	4.907936058	75.015063	0.0	0.0
0.237305	4.933367252	74.915641	0.0	0.0
0.238281	4.949105705	74.817325	0.0	0.0
0.239258	4.960924062	74.715970	0.0	0.0
0.240234	4.990734893	74.614849	0.0	0.0
0.241211	5.015300650	74.516505	0.0	0.0
0.242188	5.037964114	74.417305	0.0	0.0
0.243164	5.059291180	74.319428	0.0	0.0
0.244141	5.070707470	74.220996	0.0	0.0
0.245117	5.086111743	74.120912	0.0	0.0
0.246094	5.106409777	74.020714	0.0	0.0
0.247070	5.135712667	73.920842	0.0	0.0
0.248047	5.159812734	73.823822	0.0	0.0
0.249023	5.176174055	73.725976	0.0	0.0
0.250000	5.195434372	73.627740	0.0	0.0
0.250977	5.209053981	73.529839	0.0	0.0
0.251953	5.228082520	73.430081	0.0	0.0
0.252930	5.251750583	73.331709	0.0	0.0
0.253906	5.270893688	73.233981	0.0	0.0
0.254883	5.292153970	73.136027	0.0	0.0
0.255859	5.305804692	73.038733	0.0	0.0
0.256836	5.323619068	72.938992	0.0	0.0
0.257813	5.349911278	72.841618	0.0	0.0
0.258789	5.362759442	72.745089	0.0	0.0
0.259766	5.379621696	72.646071	0.0	0.0
0.260742	5.397394282	72.548599	0.0	0.0
0.261719	5.412317071	72.449277	0.0	0.0
0.262695	5.438692852	72.350013	0.0	0.0
0.263672	5.470404266	72.252988	0.0	0.0
0.264648	5.490561563	72.157303	0.0	0.0
0.265625	5.508260783	72.060816	0.0	0.0
0.266602	5.523205046	71.964048	0.0	0.0
0.267578	5.533822601	71.866517	0.0	0.0
0.268555	5.550449077	71.767148	0.0	0.0
0.269531	5.581647907	71.669144	0.0	0.0
0.270508	5.609191428	71.573707	0.0	0.0
0.271484	5.624544338	71.478410	0.0	0.0
0.272461	5.633756358	71.381121	0.0	0.0
0.273438	5.650645222	71.282364	0.0	0.0
0.274414	5.678465050	71.184763	0.0	0.0
0.275391	5.705784021	71.088917	0.0	0.0
0.276367	5.720350263	70.993695	0.0	0.0
0.277344	5.733444309	70.896250	0.0	0.0
0.278320	5.756512452	70.799042	0.0	0.0
0.279297	5.779014412	70.702814	0.0	0.0
0.280273	5.799134591	70.606491	0.0	0.0
0.281250	5.821443385	70.510410	0.0	0.0
0.282227	5.835405173	70.414803	0.0	0.0
0.283203	5.856176410	70.317966	0.0	0.0
0.284180	5.868288119	70.222024	0.0	0.0
0.285156	5.887539606	70.124139	0.0	0.0
0.286133	5.919409793	70.028059	0.0	0.0
0.287109	5.937816717	69.933664	0.0	0.0
0.288086	5.949967676	69.838108	0.0	0.0
0.289063	5.961501225	69.741624	0.0	0.0
0.290039	5.976092978	69.643377	0.0	0.0
0.291016	6.011034900	69.546582	0.0	0.0
0.291992	6.034703712	69.452853	0.0	0.0
0.292969	6.044643157	69.357462	0.0	0.0
0.293945	6.062661413	69.260125	0.0	0.0
0.294922	6.089426917	69.164885	0.0	0.0
0.295898	6.100532193	69.070330	0.0	0.0
0.296875	6.112545936	68.972680	0.0	0.0
0.297852	6.142468794	68.876014	0.0	0.0
0.298828	6.170306214	68.781032	0.0	0.0
0.299805	6.188043911	68.686595	0.0	0.0
0.300781	6.203332297	68.590940	0.0	0.0
0.301758	6.222910038	68.495827	0.0	0.0
0.302734	6.235845322	68.400640	0.0	0.0
0.303711	6.256195835	68.303771	0.0	0.0
0.304688	6.281398827	68.209115	0.0	0.0
0.305664	6.294796335	68.114381	0.0	0.0
0.306641	6.310264243	68.019208	0.0	0.0
0.307617	6.324062351	67.923260	0.0	0.0
0.308594	6.340463931	67.827463	0.0	0.0
0.309570	6.354778098	67.730785	0.0	0.0
0.310547	6.378168467	67.634278	0.0	0.0
0.311523	6.401727110	67.537748	0.0	0.0
0.312500	6.438920272	67.442289	0.0	0.0
0.313477	6.462685610	67.349292	0.0	0.0
0.314453	6.475975162	67.254853	0.0	0.0
0.315430	6.498002680	67.159739	0.0	0.0
0.316406	6.518405184	67.065747	0.0	0.0
0.317383	6.531256650	66.971273	0.0	0.0
0.318359	6.543647161	66.875915	0.0	0.0
0.319336	6.557519134	66.780290	0.0	0.0
0.320313	6.580674385	66.683965	0.0	0.0
0.321289	6.606844629	66.589746	0.0	0.0
0.322266	6.623464878	66.496074	0.0	0.0
0.323242	6.632040217	66.401151	0.0	0.0
0.324219	6.647689730	66.304797	0.0	0.0
0.325195	6.674894217	66.209245	0.0	0.0
0.326172	6.696733933	66.115298	0.0	0.0
0.327148	6.711707808	66.021258	0.0	0.0
0.328125	6.723469967	65.926847	0.0	0.0
0.329102	6.731711242	65.831471	0.0	0.0
0.330078	6.745863946	65.735222	0.0	0.0
0.331055	6.768130772	65.639172	0.0	0.0
0.332031	6.787242287	65.544186	0.0	0.0
0.333008	6.806786927	65.448675	0.0	0.0
0.333984	6.828229180	65.353816	0.0	0.0
0.334961	6.847953607	65.258145	0.0	0.0
0.335938	6.874220901	65.163063	0.0	0.0
0.336914	6.894354736	65.069430	0.0	0.0
0.337891	6.911183867	64.974529	0.0	0.0
0.338867	6.926649866	64.879941	0.0	0.0
0.339844	6.951484968	64.784445	0.0	0.0
0.340820	6.972056967	64.691226	0.0	0.0
0.341797	6.981356005	64.596594	0.0	0.0
0.342773	6.997258034	64.501624	0.0	0.0
0.343750	7.008737460	64.406405	0.0	0.0
0.344727	7.029348783	64.310293	0.0	0.0
0.345703	7.050278609	64.214707	0.0	0.0
0.346680	7.083498448	64.119535	0.0	0.0
0.347656	7.101876872	64.026924	0.0	0.0
0.348633	7.116617986	63.931916	0.0	0.0
0.349609	7.133715159	63.838305	0.0	0.0
0.350586	7.141020369	63.743136	0.0	0.0
0.351563	7.162638202	63.647178	0.0	0.0
0.352539	7.187866364	63.552904	0.0	0.0
0.353516	7.198514081	63.459596	0.0	0.0
0.354492	7.204249650	63.364026	0.0	0.0
0.355469	7.222991180	63.267725	0.0	0.0
0.356445	7.244949212	63.172394	0.0	0.0
0.357422	7.267336213	63.077284	0.0	0.0
0.358398	7.287330692	62.982217	0.0	0.0
0.359375	7.312681950	62.887351	0.0	0.0
0.360352	7.330879872	62.792843	0.0	0.0
0.361328	7.353738562	62.697909	0.0	0.0
0.362305	7.374805914	62.603954	0.0	0.0
0.363281	7.393369482	62.509850	0.0	0.0
0.364258	7.403299128	62.415863	0.0	0.0
0.365234	7.413945121	62.319082	0.0	0.0
0.366211	7.447341662	62.223851	0.0	0.0
0.367188	7.464406712	62.130971	0.0	0.0
0.368164	7.473652096	62.034842	0.0	0.0
0.369141	7.509929009	61.939511	0.0	0.0
0.370117	7.529994180	61.846823	0.0	0.0
0.371094	7.546385859	61.752377	0.0	0.0
0.372070	7.556682831	61.659061	0.0	0.0
0.373047	7.561955543	61.563272	0.0	0.0
0.374023	7.586409914	61.467576	0.0	0.0
0.375000	7.607589042	61.373454	0.0	0.0
0.375977	7.620106463	61.279140	0.0	0.0
0.376953	7.632956880	61.184112	0.0	0.0
0.377930	7.643136164	61.088443	0.0	0.0
0.378906	7.664320453	60.992632	0.0	0.0
0.379883	7.686798562	60.897050	0.0	0.0
0.380859	7.713234263	60.802267	0.0	0.0
0.381836	7.735575440	60.708192	0.0	0.0
0.382813	7.747108227	60.613105	0.0	0.0
0.383789	7.776939454	60.518083	0.0	0.0
0.384766	7.791798127	60.424648	0.0	0.0
0.385742	7.800989577	60.329184	0.0	0.0
0.386719	7.830045731	60.233027	0.0	0.0
0.387695	7.853247479	60.139790	0.0	0.0
0.388672	7.870240739	60.044745	0.0	0.0
0.389648	7.888716299	59.951290	0.0	0.0
0.390625	7.904159315	59.856667	0.0	0.0
0.391602	7.913531550	59.762265	0.0	0.0
0.392578	7.922367100	59.666050	0.0	0.0
0.393555	7.948014812	59.570044	0.0	0.0
0.394531	7.977118267	59.475511	0.0	0.0
0.395508	7.998639674	59.382028	0.0	0.0
0.396484	8.009302860	59.287981	0.0	0.0
0.397461	8.025727390	59.192698	0.0	0.0
0.398438	8.042023459	59.098719	0.0	0.0
0.399414	8.048248246	59.004090	0.0	0.0
0.400391	8.064882202	58.907993	0.0	0.0
0.401367	8.077692814	58.813272	0.0	0.0
0.402344	8.095402694	58.717078	0.0	0.0
0.403320	8.115340064	58.621938	0.0	0.0
0.404297	8.143386583	58.527427	0.0	0.0
0.405273	8.155161619	58.433967	0.0	0.0
0.406250	8.157233707	58.338897	0.0	0.0
0.407227	8.169327128	58.242178	0.0	0.0
0.408203	8.188544993	58.146259	0.0	0.0
0.409180	8.210536649	58.049875	0.0	0.0
0.410156	8.243734280	57.954984	0.0	0.0
0.411133	8.261882299	57.861382	0.0	0.0
0.412109	8.275243387	57.766277	0.0	0.0
0.413086	8.296578517	57.671669	0.0	0.0
0.414063	8.303626938	57.577573	0.0	0.0
0.415039	8.307587901	57.481303	0.0	0.0
0.416016	8.327956773	57.384670	0.0	0.0
0.416992	8.350153512	57.289141	0.0	0.0
0.417969	8.373758350	57.193776	0.0	0.0
0.418945	8.391289284	57.098430	0.0	0.0
0.419922	8.423338536	57.002995	0.0	0.0
0.420898	8.439405014	56.909697	0.0	0.0
0.421875	8.446965978	56.814016	0.0	0.0
0.422852	8.473364435	56.718000	0.0	0.0
0.423828	8.493045112	56.624590	0.0	0.0
0.424805	8.496061128	56.530320	0.0	0.0
0.425781	8.499134654	56.434020	0.0	0.0
0.426758	8.519981667	56.336818	0.0	0.0
0.427734	8.542441409	56.241391	0.0	0.0
0.428711	8.570948541	56.145555	0.0	0.0
0.429688	8.588700713	56.051723	0.0	0.0
0.430664	8.597579033	55.956232	0.0	0.0
0.431641	8.625952219	55.860285	0.0	0.0
0.432617	8.646776687	55.766629	0.0	0.0
0.433594	8.656981556	55.672185	0.0	0.0
0.434570	8.656279281	55.577124	0.0	0.0
0.435547	8.660310193	55.479142	0.0	0.0
0.436523	8.695256283	55.382859	0.0	0.0
0.437500	8.712653760	55.287932	0.0	0.0
0.438477	8.733432269	55.191853	0.0	0.0
0.439453	8.755677713	55.097272	0.0	0.0
0.440430	8.759773190	55.002111	0.0	0.0
0.441406	8.777090208	54.905564	0.0	0.0
0.442383	8.802617033	54.810111	0.0	0.0
0.443359	8.824470849	54.714421	0.0	0.0
0.444336	8.845712976	54.619918	0.0	0.0
0.445313	8.857029320	54.525010	0.0	0.0
0.446289	8.868595562	54.429811	0.0	0.0
0.447266	8.876574404	54.334065	0.0	0.0
0.448242	8.898500566	54.237976	0.0	0.0
0.449219	8.908389174	54.143392	0.0	0.0
0.450195	8.912267187	54.047162	0.0	0.0
0.451172	8.933159173	53.950285	0.0	0.0
0.452148	8.947179512	53.854656	0.0	0.0
0.453125	8.969434949	53.758689	0.0	0.0
0.454102	8.978964027	53.663777	0.0	0.0
0.455078	8.991849758	53.566452	0.0	0.0
0.456055	9.010280340	53.470755	0.0	0.0
0.457031	9.028722614	53.373779	0.0	0.0
0.458008	9.059349138	53.278526	0.0	0.0
0.458984	9.068406219	53.183777	0.0	0.0
0.459961	9.087870419	53.087362	0.0	0.0
0.460938	9.100243950	52.993130	0.0	0.0
0.461914	9.098964882	52.897328	0.0	0.0
0.462891	9.105522524	52.799374	0.0	0.0
0.463867	9.132686485	52.702640	0.0	0.0
0.464844	9.148233905	52.606497	0.0	0.0
0.465820	9.163662508	52.509638	0.0	0.0
0.466797	9.189468470	52.412870	0.0	0.0
0.467773	9.212899334	52.317219	0.0	0.0
0.468750	9.235819979	52.221360	0.0	0.0
0.469727	9.255986795	52.126192	0.0	0.0
0.470703	9.271228274	52.031007	0.0	0.0
0.471680	9.278022774	51.935731	0.0	0.0
0.472656	9.279683346	51.838494	0.0	0.0
0.473633	9.303317769	51.740411	0.0	0.0
0.474609	9.336093630	51.643999	0.0	0.0
0.475586	9.363029465	51.548896	0.0	0.0
0.476563	9.380527977	51.454247	0.0	0.0
0.477539	9.392963614	51.359167	0.0	0.0
0.478516	9.401348181	51.263436	0.0	0.0
0.479492	9.405403660	51.167633	0.0	0.0
0.480469	9.414230713	51.070963	0.0	0.0
0.481445	9.418120762	50.975005	0.0	0.0
0.482422	9.426314554	50.876417	0.0	0.0
0.483398	9.459571296	50.779204	0.0	0.0
0.484375	9.476846414	50.683688	0.0	0.0
0.485352	9.494197470	50.586655	0.0	0.0
0.486328	9.512553854	50.490252	0.0	0.0
0.487305	9.539369208	50.393646	0.0	0.0
0.488281	9.559829611	50.298972	0.0	0.0
0.489258	9.571441984	50.203420	0.0	0.0
0.490234	9.579819144	50.107435	0.0	0.0
0.491211	9.590820852	50.011151	0.0	0.0
0.492188	9.598991946	49.915150	0.0	0.0
0.493164	9.601775906	49.818451	0.0	0.0
0.494141	9.616522604	49.720577	0.0	0.0
0.495117	9.633837181	49.624901	0.0	0.0
0.496094	9.636184837	49.527972	0.0	0.0
0.497070	9.644976533	49.430300	0.0	0.0
0.498047	9.665073324	49.332597	0.0	0.0
0.499023	9.681567594	49.235572	0.0	0.0
0.500000	9.704961974	49.138660	0.0	0.0
0.500977	9.722447544	49.042547	0.0	0.0
0.501953	9.731257550	48.945486	0.0	0.0
0.502930	9.755411534	48.848334	0.0	0.0
0.503906	9.766226295	48.752241	0.0	0.0
0.504883	9.776315795	48.653941	0.0	0.0
0.505859	9.811878547	48.557043	0.0	0.0
0.506836	9.830080977	48.461687	0.0	0.0
0.507813	9.833506456	48.365553	0.0	0.0
0.508789	9.842806042	48.266814	0.0	0.0
0.509766	9.885055824	48.170146	0.0	0.0
0.510742	9.899109901	48.075071	0.0	0.0
0.511719	9.907458771	47.978531	0.0	0.0
0.512695	9.923487734	47.881935	0.0	0.0
0.513672	9.931799860	47.785464	0.0	0.0
0.514648	9.936131614	47.688022	0.0	0.0
0.515625	9.963421953	47.590231	0.0	0.0
0.516602	9.982725236	47.494878	0.0	0.0
0.517578	9.988834268	47.398745	0.0	0.0
0.518555	9.990601450	47.301705	0.0	0.0
0.519531	10.004052166	47.204133	0.0	0.0
0.520508	10.007526838	47.107451	0.0	0.0
0.521484	10.013571334	47.008436	0.0	0.0
0.522461	10.043538335	46.910447	0.0	0.0
0.523438	10.065288190	46.813123	0.0	0.0
0.524414	10.091809008	46.716670	0.0	0.0
0.525391	10.110520666	46.620496	0.0	0.0
0.526367	10.118416325	46.524965	0.0	0.0
0.527344	10.113430443	46.428093	0.0	0.0
0.528320	10.112250993	46.328708	0.0	0.0
0.529297	10.141352618	46.230102	0.0	0.0
0.530273	10.162991716	46.132946	0.0	0.0
0.531250	10.195316213	46.035502	0.0	0.0
0.532227	10.216743918	45.939875	0.0	0.0
0.533203	10.225685402	45.843803	0.0	0.0
0.534180	10.232994205	45.747364	0.0	0.0
0.535156	10.236110964	45.650104	0.0	0.0
0.536133	10.244932760	45.552638	0.0	0.0
0.537109	10.250471553	45.454398	0.0	0.0
0.538086	10.275926811	45.356830	0.0	0.0
0.539063	10.281440659	45.260520	0.0	0.0
0.540039	10.284968028	45.161568	0.0	0.0
0.541016	10.319224256	45.063363	0.0	0.0
0.541992	10.337650854	44.967157	0.0	0.0
0.542969	10.351876166	44.870408	0.0	0.0
0.543945	10.357392869	44.774201	0.0	0.0
0.544922	10.356649903	44.676222	0.0	0.0
0.545898	10.367269130	44.578093	0.0	0.0
0.546875	10.380410236	44.479768	0.0	0.0
0.547852	10.395426021	44.381460	0.0	0.0
0.548828	10.417898626	44.283409	0.0	0.0
0.549805	10.436291033	44.185643	0.0	0.0
0.550781	10.465999807	44.088550	0.0	0.0
0.551758	10.476897917	43.992675	0.0	0.0
0.552734	10.478347869	43.894756	0.0	0.0
0.553711	10.506208023	43.796425	0.0	0.0
0.554688	10.523507116	43.700266	0.0	0.0
0.555664	10.530294811	43.603581	0.0	0.0
0.556641	10.529521495	43.505846	0.0	0.0
0.557617	10.547496614	43.407266	0.0	0.0
0.558594	10.562115586	43.310622	0.0	0.0
0.559570	10.570124860	43.212482	0.0	0.0
0.560547	10.592143211	43.115256	0.0	0.0
0.561523	10.597408485	43.018506	0.0	0.0
0.562500	10.596707265	42.920706	0.0	0.0
0.563477	10.601452780	42.821179	0.0	0.0
0.564453	10.634088793	42.722745	0.0	0.0
0.565430	10.654256005	42.626383	0.0	0.0
0.566406	10.657351114	42.528978	0.0	0.0
0.567383	10.677688124	42.430723	0.0	0.0
0.568359	10.691469369	42.334262	0.0	0.0
0.569336	10.697899656	42.237213	0.0	0.0
0.570313	10.692295971	42.139693	0.0	0.0
0.571289	10.694367650	42.040625	0.0	0.0
0.572266	10.713380112	41.942431	0.0	0.0
0.573242	10.716651221	41.844399	0.0	0.0
0.574219	10.731304615	41.745153	0.0	0.0
0.575195	10.752958036	41.647127	0.0	0.0
0.576172	10.765371191	41.549550	0.0	0.0
0.577148	10.775540620	41.451062	0.0	0.0
0.578125	10.796090202	41.353058	0.0	0.0
0.579102	10.808520414	41.255317	0.0	0.0
0.580078	10.818761602	41.156355	0.0	0.0
0.581055	10.853851512	41.058621	0.0	0.0
0.582031	10.862722311	40.962182	0.0	0.0
0.583008	10.879811518	40.863683	0.0	0.0
0.583984	10.887515320	40.767106	0.0	0.0
0.584961	10.901365319	40.668391	0.0	0.0
0.585938	10.913828293	40.571465	0.0	0.0
0.586914	10.913478490	40.473696	0.0	0.0
0.587891	10.934098029	40.374592	0.0	0.0
0.588867	10.951323317	40.277473	0.0	0.0
0.589844	10.952580081	40.179756	0.0	0.0
0.590820	10.969200998	40.080809	0.0	0.0
0.591797	10.990762034	39.983489	0.0	0.0
0.592773	10.999928206	39.886679	0.0	0.0
0.593750	11.005201172	39.788933	0.0	0.0
0.594727	11.005507882	39.690959	0.0	0.0
0.595703	11.019122270	39.591605	0.0	0.0
0.596680	11.034413971	39.494659	0.0	0.0
0.597656	11.035877015	39.397067	0.0	0.0
0.598633	11.043574743	39.298049	0.0	0.0
0.599609	11.047656271	39.200178	0.0	0.0
0.600586	11.055368113	39.099913	0.0	0.0
0.601563	11.096990623	39.001555	0.0	0.0
0.602539	11.109094012	38.905131	0.0	0.0
0.603516	11.123584606	38.807192	0.0	0.0
0.604492	11.131354636	38.710424	0.0	0.0
0.605469	11.129185183	38.612802	0.0	0.0
0.606445	11.126369593	38.514485	0.0	0.0
0.607422	11.135140051	38.414799	0.0	0.0
0.608398	11.147252604	38.315919	0.0	0.0
0.609375	11.174852737	38.217279	0.0	0.0
0.610352	11.182298709	38.120415	0.0	0.0
0.611328	11.194771786	38.021128	0.0	0.0
0.612305	11.208893822	37.924031	0.0	0.0
0.613281	11.209770957	37.824985	0.0	0.0
0.614258	11.240360730	37.726040	0.0	0.0
0.615234	11.262999816	37.629688	0.0	0.0
0.616211	11.267566657	37.532430	0.0	0.0
0.617188	11.272406995	37.435066	0.0	0.0
0.618164	11.268332426	37.337386	0.0	0.0
0.619141	11.266494901	37.237618	0.0	0.0
0.620117	11.292389665	37.139009	0.0	0.0
0.621094	11.298232999	37.042222	0.0	0.0
0.622070	11.293385263	36.943708	0.0	0.0
0.623047	11.296848121	36.844134	0.0	0.0
0.624023	11.316688982	36.744406	0.0	0.0
0.625000	11.351174144	36.646282	0.0	0.0
0.625977	11.358964440	36.549379	0.0	0.0
0.626953	11.377053496	36.451246	0.0	0.0
0.627930	11.386062834	36.354483	0.0	0.0
0.628906	11.381855601	36.257087	0.0	0.0
0.629883	11.375394530	36.158078	0.0	0.0
0.630859	11.387996154	36.059280	0.0	0.0
0.631836	11.391922246	35.960569	0.0	0.0
0.632813	11.417986325	35.861414	0.0	0.0
0.633789	11.419571168	35.764360	0.0	0.0
0.634766	11.426411361	35.665062	0.0	0.0
0.635742	11.446731383	35.566782	0.0	0.0
0.636719	11.450972285	35.469135	0.0	0.0
0.637695	11.455001198	35.369580	0.0	0.0
0.638672	11.479329500	35.270960	0.0	0.0
0.639648	11.496287696	35.172932	0.0	0.0
0.640625	11.517726421	35.075243	0.0	0.0
0.641602	11.524602823	34.978143	0.0	0.0
0.642578	11.532160120	34.879978	0.0	0.0
0.643555	11.529815981	34.782124	0.0	0.0
0.644531	11.545025070	34.682709	0.0	0.0
0.645508	11.554699034	34.585153	0.0	0.0
0.646484	11.565906046	34.486204	0.0	0.0
0.647461	11.593929469	34.387984	0.0	0.0
0.648438	11.604996341	34.291543	0.0	0.0
0.649414	11.602375362	34.194178	0.0	0.0
0.650391	11.609475199	34.095478	0.0	0.0
0.651367	11.611060982	33.997219	0.0	0.0
0.652344	11.631288839	33.898930	0.0	0.0
0.653320	11.633304245	33.801780	0.0	0.0
0.654297	11.637171575	33.703937	0.0	0.0
0.655273	11.631774572	33.605070	0.0	0.0
0.656250	11.646371118	33.505409	0.0	0.0
0.657227	11.678676043	33.407560	0.0	0.0
0.658203	11.688574596	33.311453	0.0	0.0
0.659180	11.682512885	33.214236	0.0	0.0
0.660156	11.671493896	33.116005	0.0	0.0
0.661133	11.668259063	33.016236	0.0	0.0
0.662109	11.687542998	32.917052	0.0	0.0
0.663086	11.700660599	32.818913	0.0	0.0
0.664063	11.710795589	32.720154	0.0	0.0
0.665039	11.726957255	32.622163	0.0	0.0
0.666016	11.741842835	32.524501	0.0	0.0
0.666992	11.738270735	32.426836	0.0	0.0
0.667969	11.746325666	32.327259	0.0	0.0
0.668945	11.767285211	32.229129	0.0	0.0
0.669922	11.783902437	32.130789	0.0	0.0
0.670898	11.807120527	32.034121	0.0	0.0
0.671875	11.802459419	31.937375	0.0	0.0
0.672852	11.801605230	31.837818	0.0	0.0
0.673828	11.827365059	31.739820	0.0	0.0
0.674805	11.832359980	31.642681	0.0	0.0
0.675781	11.843745206	31.545293	0.0	0.0
0.676758	11.839551020	31.448255	0.0	0.0
0.677734	11.840211422	31.350082	0.0	0.0
0.678711	11.842498378	31.252405	0.0	0.0
0.679688	11.830266604	31.153649	0.0	0.0
0.680664	11.839566745	31.053445	0.0	0.0
0.681641	11.871304187	30.954806	0.0	0.0
0.682617	11.898997443	30.857742	0.0	0.0
0.683594	11.900627660	30.761720	0.0	0.0
0.684570	11.885618153	30.664195	0.0	0.0
0.685547	11.892160744	30.564672	0.0	0.0
0.686523	11.895763093	30.467050	0.0	0.0
0.687500	11.902232415	30.367463	0.0	0.0
0.688477	11.926013352	30.268711	0.0	0.0
0.689453	11.953495158	30.170399	0.0	0.0
0.690430	11.978770389	30.074128	0.0	0.0
0.691406	11.978707851	29.978079	0.0	0.0
0.692383	11.972774161	29.880005	0.0	0.0
0.693359	11.994518134	29.781751	0.0	0.0
0.694336	12.004603220	29.685666	0.0	0.0
0.695313	12.002507669	29.588568	0.0	0.0
0.696289	12.001319893	29.491134	0.0	0.0
0.697266	11.998449903	29.393130	0.0	0.0
0.698242	12.006735132	29.295017	0.0	0.0
0.699219	12.012864747	29.197691	0.0	0.0
0.700195	12.005462083	29.099933	0.0	0.0
0.701172	12.006637019	29.000827	0.0	0.0
0.702148	12.021497267	28.902645	0.0	0.0
0.703125	12.027146529	28.804113	0.0	0.0
0.704102	12.055007747	28.705378	0.0	0.0
0.705078	12.090362228	28.609377	0.0	0.0
0.706055	12.093141103	28.513575	0.0	0.0
0.707031	12.089328946	28.416509	0.0	0.0
0.708008	12.094778042	28.319349	0.0	0.0
0.708984	12.093574261	28.222283	0.0	0.0
0.709961	12.090738950	28.125198	0.0	0.0
0.710938	12.084784617	28.027568	0.0	0.0
0.711914	12.075137492	27.929463	0.0	0.0
0.712891	12.083803561	27.828994	0.0	0.0
0.713867	12.130505572	27.731801	0.0	0.0
0.714844	12.137547937	27.636546	0.0	0.0
0.715820	12.128682477	27.539515	0.0	0.0
0.716797	12.133568907	27.441940	0.0	0.0
0.717773	12.139833065	27.344601	0.0	0.0
0.718750	12.144991341	27.247301	0.0	0.0
0.719727	12.141190426	27.150608	0.0	0.0
0.720703	12.140892694	27.052194	0.0	0.0
0.721680	12.145988059	26.954538	0.0	0.0
0.722656	12.160967358	26.856044	0.0	0.0
0.723633	12.182753175	26.759612	0.0	0.0
0.724609	12.182186638	26.663278	0.0	0.0
0.725586	12.188409075	26.565820	0.0	0.0
0.726563	12.192949255	26.469137	0.0	0.0
0.727539	12.199327630	26.372259	0.0	0.0
0.728516	12.198741476	26.275645	0.0	0.0
0.729492	12.191071220	26.178724	0.0	0.0
0.730469	12.188126746	26.080198	0.0	0.0
0.731445	12.206104917	25.983054	0.0	0.0
0.732422	12.197260863	25.886037	0.0	0.0
0.733398	12.204319420	25.787076	0.0	0.0
0.734375	12.232097738	25.689194	0.0	0.0
0.735352	12.261636885	25.593305	0.0	0.0
0.736328	12.260532711	25.498312	0.0	0.0
0.737305	12.248451992	25.401739	0.0	0.0
0.738281	12.258612363	25.304098	0.0	0.0
0.739258	12.257136048	25.208176	0.0	0.0
0.740234	12.248370842	25.110389	0.0	0.0
0.741211	12.269390600	25.012647	0.0	0.0
0.742188	12.268857540	24.916610	0.0	0.0
0.743164	12.267384282	24.818607	0.0	0.0
0.744141	12.283945085	24.720908	0.0	0.0
0.745117	12.297858651	24.624092	0.0	0.0
0.746094	12.322393858	24.527100	0.0	0.0
0.747070	12.345445979	24.432231	0.0	0.0
0.748047	12.340866253	24.337388	0.0	0.0
0.749023	12.335029680	24.241011	0.0	0.0
0.750000	12.335651542	24.144568	0.0	0.0
0.750977	12.327502301	24.048097	0.0	0.0
0.751953	12.326678416	23.949608	0.0	0.0
0.752930	12.359026063	23.852876	0.0	0.0
0.753906	12.367513783	23.758444	0.0	0.0
0.754883	12.354013333	23.662442	0.0	0.0
0.755859	12.357405776	23.564672	0.0	0.0
0.756836	12.381940240	23.468538	0.0	0.0
0.757813	12.382316557	23.373035	0.0	0.0
0.758789	12.387491541	23.277058	0.0	0.0
0.759766	12.391525819	23.181322	0.0	0.0
0.760742	12.388804115	23.085566	0.0	0.0
0.761719	12.388033438	22.989530	0.0	0.0
0.762695	12.381418189	22.893686	0.0	0.0
0.763672	12.379892174	22.796704	0.0	0.0
0.764648	12.397168651	22.700013	0.0	0.0
0.765625	12.405359852	22.605263	0.0	0.0
0.766602	12.399264497	22.509384	0.0	0.0
0.767578	12.393561010	22.413109	0.0	0.0
0.768555	12.398642305	22.316780	0.0	0.0
0.769531	12.394933127	22.221189	0.0	0.0
0.770508	12.397002520	22.124597	0.0	0.0
0.771484	12.398494539	22.027721	0.0	0.0
0.772461	12.417431866	21.931020	0.0	0.0
0.773438	12.440174695	21.836384	0.0	0.0
0.774414	12.437078082	21.742320	0.0	0.0
0.775391	12.421042985	21.646912	0.0	0.0
0.776367	12.412050804	21.550178	0.0	0.0
0.777344	12.414191040	21.453557	0.0	0.0
0.778320	12.420157115	21.357629	0.0	0.0
0.779297	12.426958845	21.261398	0.0	0.0
0.780273	12.443685649	21.165420	0.0	0.0
0.781250	12.444552521	21.071221	0.0	0.0
0.782227	12.436711680	20.974499	0.0	0.0
0.783203	12.449640918	20.878351	0.0	0.0
0.784180	12.462571907	20.782221	0.0	0.0
0.785156	12.482952987	20.687217	0.0	0.0
0.786133	12.494874618	20.593215	0.0	0.0
0.787109	12.486040576	20.498549	0.0	0.0
0.788086	12.494078731	20.401930	0.0	0.0
0.789063	12.523822951	20.307856	0.0	0.0
0.790039	12.515866344	20.214856	0.0	0.0
0.791016	12.495405276	20.119757	0.0	0.0
0.791992	12.505179564	20.023429	0.0	0.0
0.792969	12.509827557	19.929460	0.0	0.0
0.793945	12.498989500	19.834788	0.0	0.0
0.794922	12.492786906	19.738804	0.0	0.0
0.795898	12.500713693	19.642650	0.0	0.0
0.796875	12.517844242	19.548338	0.0	0.0
0.797852	12.509593624	19.453639	0.0	0.0
0.798828	12.519481912	19.357849	0.0	0.0
0.799805	12.533413106	19.263358	0.0	0.0
0.800781	12.552594254	19.169130	0.0	0.0
0.801758	12.550774978	19.076476	0.0	0.0
0.802734	12.540995718	18.982616	0.0	0.0
0.803711	12.526878682	18.887856	0.0	0.0
0.804688	12.516098556	18.791547	0.0	0.0
0.805664	12.540069371	18.696166	0.0	0.0
0.806641	12.558950452	18.603160	0.0	0.0
0.807617	12.543999502	18.509366	0.0	0.0
0.808594	12.550584670	18.414414	0.0	0.0
0.809570	12.549895702	18.321118	0.0	0.0
0.810547	12.548711938	18.226712	0.0	0.0
0.811523	12.534958414	18.132603	0.0	0.0
0.812500	12.539186090	18.036732	0.0	0.0
0.813477	12.551678720	17.942311	0.0	0.0
0.814453	12.562401020	17.848871	0.0	0.0
0.815430	12.552642312	17.755319	0.0	0.0
0.816406	12.560636277	17.659749	0.0	0.0
0.817383	12.584728387	17.566887	0.0	0.0
0.818359	12.577273009	17.474919	0.0	0.0
0.819336	12.557572869	17.380926	0.0	0.0
0.820313	12.560378713	17.285667	0.0	0.0
0.821289	12.556847988	17.192637	0.0	0.0
0.822266	12.549671010	17.097549	0.0	0.0
0.823242	12.561545451	17.002546	0.0	0.0
0.824219	12.585977226	16.909087	0.0	0.0
0.825195	12.594523880	16.816050	0.0	0.0
0.826172	12.609662574	16.723466	0.0	0.0
0.827148	12.603323035	16.631916	0.0	0.0
0.828125	12.587001715	16.539156	0.0	0.0
0.829102	12.563888535	16.444937	0.0	0.0
0.830078	12.560098089	16.349381	0.0	0.0
0.831055	12.584624625	16.254784	0.0	0.0
0.832031	12.609649388	16.161402	0.0	0.0
0.833008	12.632934570	16.070330	0.0	0.0
0.833984	12.624771490	15.978985	0.0	0.0
0.834961	12.609890295	15.886565	0.0	0.0
0.835938	12.601907915	15.793785	0.0	0.0
0.836914	12.589554006	15.700631	0.0	0.0
0.837891	12.586360626	15.606488	0.0	0.0
0.838867	12.598755062	15.513526	0.0	0.0
0.839844	12.588922345	15.421007	0.0	0.0
0.840820	12.592966882	15.326659	0.0	0.0
0.841797	12.614582284	15.234741	0.0	0.0
0.842773	12.608710750	15.143559	0.0	0.0
0.843750	12.602159696	15.050650	0.0	0.0
0.844727	12.601864164	14.958596	0.0	0.0
0.845703	12.581837686	14.866037	0.0	0.0
0.846680	12.587314160	14.771750	0.0	0.0
0.847656	12.596643688	14.679614	0.0	0.0
0.848633	12.601851902	14.586457	0.0	0.0
0.849609	12.613177687	14.495092	0.0	0.0
0.850586	12.601028789	14.403657	0.0	0.0
0.851563	12.597536541	14.309628	0.0	0.0
0.852539	12.627259987	14.218455	0.0	0.0
0.853516	12.615197147	14.127813	0.0	0.0
0.854492	12.607245929	14.035516	0.0	0.0
0.855469	12.603139327	13.943091	0.0	0.0
0.856445	12.606907323	13.851071	0.0	0.0
0.857422	12.613970308	13.759233	0.0	0.0
0.858398	12.600820803	13.668832	0.0	0.0
0.859375	12.580283813	13.576219	0.0	0.0
0.860352	12.585187212	13.482301	0.0	0.0
0.861328	12.597341592	13.390006	0.0	0.0
0.862305	12.618368965	13.297698	0.0	0.0
0.863281	12.647204976	13.207920	0.0	0.0
0.864258	12.630861853	13.118956	0.0	0.0
0.865234	12.605462606	13.027456	0.0	0.0
0.866211	12.606537202	12.933382	0.0	0.0
0.867188	12.643781203	12.842986	0.0	0.0
0.868164	12.638826778	12.754119	0.0	0.0
0.869141	12.619864684	12.663973	0.0	0.0
0.870117	12.602438577	12.572747	0.0	0.0
0.871094	12.589624952	12.481017	0.0	0.0
0.872070	12.580664284	12.388562	0.0	0.0
0.873047	12.591343518	12.296911	0.0	0.0
0.874023	12.586794464	12.206258	0.0	0.0
0.875000	12.596511864	12.113707	0.0	0.0
0.875977	12.620252536	12.023887	0.0	0.0
0.876953	12.605567325	11.933818	0.0	0.0
0.877930	12.617029266	11.842681	0.0	0.0
0.878906	12.617272373	11.752731	0.0	0.0
0.879883	12.628218964	11.662355	0.0	0.0
0.880859	12.620292814	11.573558	0.0	0.0
0.881836	12.608567708	11.482674	0.0	0.0
0.882813	12.616993959	11.392107	0.0	0.0
0.883789	12.609621761	11.303229	0.0	0.0
0.884766	12.592589172	11.212483	0.0	0.0
0.885742	12.594050079	11.121841	0.0	0.0
0.886719	12.588894812	11.031844	0.0	0.0
0.887695	12.589270062	10.941332	0.0	0.0
0.888672	12.580753333	10.851322	0.0	0.0
0.889648	12.595193472	10.761021	0.0	0.0
0.890625	12.584341670	10.672286	0.0	0.0
0.891602	12.570548300	10.581498	0.0	0.0
0.892578	12.579600173	10.490902	0.0	0.0
0.893555	12.579760543	10.400973	0.0	0.0
0.894531	12.596806806	10.311223	0.0	0.0
0.895508	12.598214097	10.223710	0.0	0.0
0.896484	12.570522508	10.134275	0.0	0.0
0.897461	12.564615376	10.042912	0.0	0.0
0.898438	12.588227813	9.953229	0.0	0.0
0.899414	12.577598068	9.865060	0.0	0.0
0.900391	12.582489062	9.774268	0.0	0.0
0.901367	12.598837910	9.686580	0.0	0.0
0.902344	12.579518550	9.598232	0.0	0.0
0.903320	12.574724968	9.508108	0.0	0.0
0.904297	12.580213076	9.418724	0.0	0.0
0.905273	12.588687383	9.330408	0.0	0.0
0.906250	12.578307798	9.242427	0.0	0.0
0.907227	12.575998443	9.152499	0.0	0.0
0.908203	12.583413834	9.063905	0.0	0.0
0.909180	12.591469505	8.976436	0.0	0.0
0.910156	12.574804040	8.888958	0.0	0.0
0.911133	12.554440116	8.799516	0.0	0.0
0.912109	12.560839664	8.709318	0.0	0.0
0.913086	12.578241589	8.621149	0.0	0.0
0.914063	12.584365331	8.533899	0.0	0.0
0.915039	12.577296644	8.446675	0.0	0.0
0.916016	12.571868318	8.358271	0.0	0.0
0.916992	12.561104334	8.270717	0.0	0.0
0.917969	12.553619164	8.181729	0.0	0.0
0.918945	12.564181810	8.094245	0.0	0.0
0.919922	12.546174222	8.006843	0.0	0.0
0.920898	12.549003571	7.918288	0.0	0.0
0.921875	12.532466874	7.831143	0.0	0.0
0.922852	12.529810089	7.741149	0.0	0.0
0.923828	12.545779908	7.652947	0.0	0.0
0.924805	12.564788016	7.566448	0.0	0.0
0.925781	12.562111564	7.480481	0.0	0.0
0.926758	12.542042986	7.393756	0.0	0.0
0.927734	12.523710980	7.305375	0.0	0.0
0.928711	12.531648512	7.216868	0.0	0.0
0.929688	12.538874355	7.129557	0.0	0.0
0.930664	12.536782998	7.042881	0.0	0.0
0.931641	12.537996418	6.955663	0.0	0.0
0.932617	12.535469859	6.868961	0.0	0.0
0.933594	12.535314943	6.781136	0.0	0.0
0.934570	12.544959120	6.694220	0.0	0.0
0.935547	12.555493604	6.607715	0.0	0.0
0.936523	12.554752886	6.521978	0.0	0.0
0.937500	12.568171182	6.436035	0.0	0.0
0.938477	12.559911469	6.351420	0.0	0.0
0.939453	12.543226017	6.265490	0.0	0.0
0.940430	12.525862841	6.179103	0.0	0.0
0.941406	12.508984316	6.092061	0.0	0.0
0.942383	12.521880266	6.004812	0.0	0.0
0.943359	12.511922022	5.919880	0.0	0.0
0.944336	12.506138307	5.833288	0.0	0.0
0.945313	12.504052365	5.746852	0.0	0.0
0.946289	12.510291985	5.661021	0.0	0.0
0.947266	12.507225266	5.576246	0.0	0.0
0.948242	12.490074137	5.490848	0.0	0.0
0.949219	12.481515254	5.404666	0.0	0.0
0.950195	12.464188092	5.318947	0.0	0.0
0.951172	12.458765966	5.231794	0.0	0.0
0.952148	12.468178687	5.145621	0.0	0.0
0.953125	12.461425612	5.060577	0.0	0.0
0.954102	12.466237646	4.974512	0.0	0.0
0.955078	12.454464205	4.889681	0.0	0.0
0.956055	12.460170467	4.802238	0.0	0.0
0.957031	12.489839465	4.718588	0.0	0.0
0.958008	12.476424575	4.635746	0.0	0.0
0.958984	12.457835459	4.550727	0.0	0.0
0.959961	12.442930168	4.464920	0.0	0.0
0.960938	12.454768947	4.379476	0.0	0.0
0.961914	12.446010994	4.296171	0.0	0.0
0.962891	12.429644535	4.211471	0.0	0.0
0.963867	12.412458351	4.125826	0.0	0.0
0.964844	12.417531109	4.038616	0.0	0.0
0.965820	12.448578437	3.954992	0.0	0.0
0.966797	12.445665660	3.872534	0.0	0.0
0.967773	12.428990410	3.789147	0.0	0.0
0.968750	12.410466264	3.704771	0.0	0.0
0.969727	12.401189521	3.619595	0.0	0.0
0.970703	12.405799928	3.535093	0.0	0.0
0.971680	12.393653668	3.451457	0.0	0.0
0.972656	12.395267313	3.366490	0.0	0.0
0.973633	12.395297542	3.283239	0.0	0.0
0.974609	12.380677063	3.199163	0.0	0.0
0.975586	12.386558535	3.114609	0.0	0.0
0.976563	12.383637125	3.032011	0.0	0.0
0.977539	12.377308619	2.948259	0.0	0.0
0.978516	12.360453742	2.864865	0.0	0.0
0.979492	12.368062437	2.780319	0.0	0.0
0.980469	12.362459093	2.698223	0.0	0.0
0.981445	12.351569928	2.614922	0.0	0.0
0.982422	12.328603504	2.531086	0.0	0.0
0.983398	12.329886187	2.445373	0.0	0.0
0.984375	12.354733617	2.363224	0.0	0.0
0.985352	12.334466800	2.281268	0.0	0.0
0.986328	12.327679898	2.196708	0.0	0.0
0.987305	12.341982794	2.113555	0.0	0.0
0.988281	12.348719153	2.031693	0.0	0.0
0.989258	12.332237391	1.950371	0.0	0.0
0.990234	12.306402427	1.867136	0.0	0.0
0.991211	12.306374678	1.782406	0.0	0.0
0.992188	12.320311660	1.699785	0.0	0.0
0.993164	12.325835058	1.617724	0.0	0.0
0.994141	12.329419272	1.535573	0.0	0.0
0.995117	12.325091348	1.453769	0.0	0.0
0.996094	12.323918667	1.371926	0.0	0.0
0.997070	12.320555939	1.290130	0.0	0.0
0.998047	12.322137408	1.207665	0.0	0.0
0.999023	12.326982769	1.127401	0.0	0.0
1.000000	12.310864330	1.045616	0.0	0.0
1.000977	12.316145266	0.964256	0.0	0.0
1.001953	12.303977932	0.884151	0.0	0.0
1.002930	12.285948238	0.802797	0.0	0.0
1.003906	12.267566411	0.721146	0.0	0.0
1.004883	12.255763662	0.639190	0.0	0.0
1.005859	12.240375075	0.556921	0.0	0.0
1.006836	12.247038097	0.475076	0.0	0.0
1.007813	12.237567010	0.394772	0.0	0.0
1.008789	12.213653902	0.312682	0.0	0.0
1.009766	12.218557258	0.229262	0.0	0.0
1.010742	12.232235391	0.148815	0.0	0.0
1.011719	12.222038289	0.068176	0.0	0.0
1.012695	12.233074129	-0.013660	0.0	0.0
1.013672	12.244924802	-0.092588	0.0	0.0
1.014648	12.218889187	-0.172271	0.0	0.0
1.015625	12.212789804	-0.254402	0.0	0.0
1.016602	12.215680920	-0.334618	0.0	0.0
1.017578	12.204262520	-0.414894	0.0	0.0
1.018555	12.210036223	-0.495693	0.0	0.0
1.019531	12.214948146	-0.574926	0.0	0.0
1.020508	12.200623615	-0.653745	0.0	0.0
1.021484	12.180574943	-0.734036	0.0	0.0
1.022461	12.171574407	-0.814711	0.0	0.0
1.023438	12.161257926	-0.894167	0.0	0.0
1.024414	12.142753047	-0.974980	0.0	0.0
1.025391	12.141453484	-1.056155	0.0	0.0
1.026367	12.151654433	-1.137014	0.0	0.0
1.027344	12.167393023	-1.215325	0.0	0.0
1.028320	12.141832342	-1.293889	0.0	0.0
1.029297	12.138829906	-1.374916	0.0	0.0
1.030273	12.150342825	-1.453366	0.0	0.0
1.031250	12.129127831	-1.532017	0.0	0.0
1.032227	12.123603835	-1.612562	0.0	0.0
1.033203	12.114340056	-1.691341	0.0	0.0
1.034180	12.109425250	-1.771885	0.0	0.0
1.035156	12.127430332	-1.850421	0.0	0.0
1.036133	12.123716608	-1.927869	0.0	0.0
1.037109	12.101882891	-2.006292	0.0	0.0
1.038086	12.095693075	-2.086083	0.0	0.0
1.039063	12.092285816	-2.164567	0.0	0.0
1.040039	12.081877899	-2.243302	0.0	0.0
1.041016	12.082261353	-2.322840	0.0	0.0
1.041992	12.096952143	-2.400262	0.0	0.0
1.042969	12.078641409	-2.478039	0.0	0.0
1.043945	12.077438646	-2.556546	0.0	0.0
1.044922	12.081093088	-2.634295	0.0	0.0
1.045898	12.067241229	-2.710791	0.0	0.0
1.046875	12.050743435	-2.788755	0.0	0.0
1.047852	12.029510244	-2.867030	0.0	0.0
1.048828	12.014128017	-2.945819	0.0	0.0
1.049805	12.017504360	-3.024709	0.0	0.0
1.050781	12.010044149	-3.102110	0.0	0.0
1.051758	12.011748401	-3.181311	0.0	0.0
1.052734	12.030051212	-3.257831	0.0	0.0
1.053711	12.013924974	-3.333476	0.0	0.0
1.054688	11.990865389	-3.410483	0.0	0.0
1.055664	11.962737810	-3.488774	0.0	0.0
1.056641	11.960452123	-3.568920	0.0	0.0
1.057617	11.980258770	-3.646608	0.0	0.0
1.058594	11.990784963	-3.723091	0.0	0.0
1.059570	11.986205912	-3.798795	0.0	0.0
1.060547	11.976422905	-3.875525	0.0	0.0
1.061523	11.976420142	-3.952763	0.0	0.0
1.062500	11.982033886	-4.028306	0.0	0.0
1.063477	11.963862680	-4.103458	0.0	0.0
1.064453	11.943552316	-4.180098	0.0	0.0
1.065430	11.929187093	-4.257330	0.0	0.0
1.066406	11.918942577	-4.334048	0.0	0.0
1.067383	11.924269387	-4.411723	0.0	0.0
1.068359	11.922770934	-4.486499	0.0	0.0
1.069336	11.905096931	-4.562165	0.0	0.0
1.070313	11.884842869	-4.639421	0.0	0.0
1.071289	11.888850217	-4.717268	0.0	0.0
1.072266	11.899496521	-4.793171	0.0	0.0
1.073242	11.902783949	-4.868113	0.0	0.0
1.074219	11.887048800	-4.943289	0.0	0.0
1.075195	11.887262967	-5.019602	0.0	0.0
1.076172	11.884507532	-5.094378	0.0	0.0
1.077148	11.864218077	-5.170243	0.0	0.0
1.078125	11.873752095	-5.247054	0.0	0.0
1.079102	11.889828367	-5.320347	0.0	0.0
1.080078	11.868078638	-5.393683	0.0	0.0
1.081055	11.844075464	-5.468492	0.0	0.0
1.082031	11.819536637	-5.544364	0.0	0.0
1.083008	11.814388034	-5.620689	0.0	0.0
1.083984	11.803174306	-5.695823	0.0	0.0
1.084961	11.803994041	-5.772202	0.0	0.0
1.085938	11.815187383	-5.846580	0.0	0.0
1.086914	11.798805451	-5.921091	0.0	0.0
1.087891	11.800631575	-5.996354	0.0	0.0
1.088867	11.798715272	-6.070896	0.0	0.0
1.089844	11.803650460	-6.145192	0.0	0.0
1.090820	11.805764544	-6.218877	0.0	0.0
1.091797	11.807284578	-6.291631	0.0	0.0
1.092773	11.785584618	-6.364338	0.0	0.0
1.093750	11.767860771	-6.438404	0.0	0.0
1.094727	11.744652215	-6.512835	0.0	0.0
1.095703	11.736659588	-6.587978	0.0	0.0
1.096680	11.744308955	-6.661768	0.0	0.0
1.097656	11.731800207	-6.734472	0.0	0.0
1.098633	11.710456381	-6.808722	0.0	0.0
1.099609	11.705593994	-6.883263	0.0	0.0
1.100586	11.700790315	-6.956385	0.0	0.0
1.101563	11.692612272	-7.030462	0.0	0.0
1.102539	11.686525429	-7.104700	0.0	0.0
1.103516	11.698780997	-7.177788	0.0	0.0
1.104492	11.684282591	-7.249841	0.0	0.0
1.105469	11.673104745	-7.323745	0.0	0.0
1.106445	11.671858999	-7.396076	0.0	0.0
1.107422	11.651663342	-7.469248	0.0	0.0
1.108398	11.649659835	-7.543016	0.0	0.0
1.109375	11.641050860	-7.615817	0.0	0.0
1.110352	11.641989470	-7.689528	0.0	0.0
1.111328	11.640281887	-7.761324	0.0	0.0
1.112305	11.631067312	-7.834434	0.0	0.0
1.113281	11.636961220	-7.907270	0.0	0.0
1.114258	11.644105507	-7.978563	0.0	0.0
1.115234	11.625391999	-8.049725	0.0	0.0
1.116211	11.625283553	-8.122523	0.0	0.0
1.117188	11.615033230	-8.193115	0.0	0.0
1.118164	11.594608576	-8.265034	0.0	0.0
1.119141	11.581173626	-8.337064	0.0	0.0
1.120117	11.567343229	-8.410211	0.0	0.0
1.121094	11.581410997	-8.482126	0.0	0.0
1.122070	11.567461171	-8.552427	0.0	0.0
1.123047	11.548016164	-8.623882	0.0	0.0
1.124023	11.538432424	-8.695823	0.0	0.0
1.125000	11.528435255	-8.767625	0.0	0.0
1.125977	11.519266259	-8.839486	0.0	0.0
1.126953	11.506011031	-8.911176	0.0	0.0
1.127930	11.511501280	-8.983716	0.0	0.0
1.128906	11.518333098	-9.053555	0.0	0.0
1.129883	11.495183020	-9.124108	0.0	0.0
1.130859	11.491137526	-9.196207	0.0	0.0
1.131836	11.486236983	-9.266458	0.0	0.0
1.132813	11.481830350	-9.337313	0.0	0.0
1.133789	11.466099567	-9.407745	0.0	0.0
1.134766	11.465593896	-9.478879	0.0	0.0
1.135742	11.451911055	-9.548308	0.0	0.0
1.136719	11.430242792	-9.619729	0.0	0.0
1.137695	11.433152174	-9.690860	0.0	0.0
1.138672	11.415038436	-9.761158	0.0	0.0
1.139648	11.415207887	-9.833206	0.0	0.0
1.140625	11.421191831	-9.903065	0.0	0.0
1.141602	11.422846513	-9.972814	0.0	0.0
1.142578	11.413986527	-10.042403	0.0	0.0
1.143555	11.415319799	-10.111951	0.0	0.0
1.144531	11.393031908	-10.181270	0.0	0.0
1.145508	11.386059345	-10.252432	0.0	0.0
1.146484	11.397712001	-10.322409	0.0	0.0
1.147461	11.406435425	-10.389758	0.0	0.0
1.148438	11.381757541	-10.457482	0.0	0.0
1.149414	11.361806056	-10.527042	0.0	0.0
1.150391	11.346296756	-10.596412	0.0	0.0
1.151367	11.330026963	-10.665710	0.0	0.0
1.152344	11.312331445	-10.735251	0.0	0.0
1.153320	11.296807868	-10.805740	0.0	0.0
1.154297	11.305758471	-10.876357	0.0	0.0
1.155273	11.308623232	-10.943958	0.0	0.0
1.156250	11.287515607	-11.012367	0.0	0.0
1.157227	11.262355419	-11.081770	0.0	0.0
1.158203	11.264010064	-11.152816	0.0	0.0
1.159180	11.269828165	-11.221782	0.0	0.0
1.160156	11.272247034	-11.290603	0.0	0.0
1.161133	11.279361283	-11.358328	0.0	0.0
1.162109	11.274573176	-11.425166	0.0	0.0
1.163086	11.246467633	-11.493372	0.0	0.0
1.164063	11.248628505	-11.563159	0.0	0.0
1.165039	11.257032846	-11.630114	0.0	0.0
1.166016	11.239415713	-11.697201	0.0	0.0
1.166992	11.227114238	-11.766362	0.0	0.0
1.167969	11.235896733	-11.834092	0.0	0.0
1.168945	11.224234979	-11.900339	0.0	0.0
1.169922	11.199493516	-11.968167	0.0	0.0
1.170898	11.200369294	-12.037212	0.0	0.0
1.171875	11.194763882	-12.103342	0.0	0.0
1.172852	11.173292503	-12.171524	0.0	0.0
1.173828	11.171840959	-12.239551	0.0	0.0
1.174805	11.172346024	-12.307111	0.0	0.0
1.175781	11.177141403	-12.373400	0.0	0.0
1.176758	11.161405797	-12.439706	0.0	0.0
1.177734	11.155983827	-12.506350	0.0	0.0
1.178711	11.136319008	-12.572502	0.0	0.0
1.179688	11.111773234	-12.639967	0.0	0.0
1.180664	11.102226601	-12.708090	0.0	0.0
1.181641	11.111546922	-12.775399	0.0	0.0
1.182617	11.101226328	-12.840758	0.0	0.0
1.183594	11.081278018	-12.907830	0.0	0.0
1.184570	11.079753950	-12.975824	0.0	0.0
1.185547	11.094627113	-13.040941	0.0	0.0
1.186523	11.068731269	-13.105809	0.0	0.0
1.187500	11.046776210	-13.172755	0.0	0.0
1.188477	11.047858173	-13.239723	0.0	0.0
1.189453	11.036021624	-13.304912	0.0	0.0
1.190430	11.014265407	-13.371689	0.0	0.0
1.191406	11.020237662	-13.438389	0.0	0.0
1.192383	11.004216702	-13.503538	0.0	0.0
1.193359	10.991791549	-13.569772	0.0	0.0
1.194336	10.974489785	-13.636560	0.0	0.0
1.195313	10.981071826	-13.703398	0.0	0.0
1.196289	10.976201217	-13.768471	0.0	0.0
1.197266	10.963088742	-13.834124	0.0	0.0
1.198242	10.959713880	-13.900573	0.0	0.0
1.199219	10.966355110	-13.965538	0.0	0.0
1.200195	10.957320376	-14.030546	0.0	0.0
1.201172	10.957166873	-14.095904	0.0	0.0
1.202148	10.960988739	-14.160387	0.0	0.0
1.203125	10.950169369	-14.223998	0.0	0.0
1.204102	10.929878297	-14.289326	0.0	0.0
1.205078	10.929042059	-14.354656	0.0	0.0
1.206055	10.928922432	-14.419202	0.0	0.0
1.207031	10.925594514	-14.482322	0.0	0.0
1.208008	10.901415511	-14.545984	0.0	0.0
1.208984	10.878300068	-14.611229	0.0	0.0
1.209961	10.879392211	-14.676554	0.0	0.0
1.210938	10.858708849	-14.740504	0.0	0.0
1.211914	10.853383696	-14.806088	0.0	0.0
1.212891	10.842462207	-14.870593	0.0	0.0
1.213867	10.846811801	-14.935702	0.0	0.0
1.214844	10.851303746	-14.998634	0.0	0.0
1.215820	10.831975524	-15.062368	0.0	0.0
1.216797	10.828865154	-15.127704	0.0	0.0
1.217773	10.836007764	-15.190084	0.0	0.0
1.218750	10.819093926	-15.252890	0.0	0.0
1.219727	10.805823971	-15.317732	0.0	0.0
1.220703	10.806409032	-15.381492	0.0	0.0
1.221680	10.814848735	-15.444556	0.0	0.0
1.222656	10.809461447	-15.505405	0.0	0.0
1.223633	10.779744652	-15.567735	0.0	0.0
1.224609	10.755662150	-15.631335	0.0	0.0
1.225586	10.735852825	-15.695117	0.0	0.0
1.226563	10.719894553	-15.760143	0.0	0.0
1.227539	10.726271364	-15.824204	0.0	0.0
1.228516	10.731496102	-15.886766	0.0	0.0
1.229492	10.721427690	-15.948755	0.0	0.0
1.230469	10.719430693	-16.011274	0.0	0.0
1.231445	10.695857759	-16.072827	0.0	0.0
1.232422	10.670493064	-16.136504	0.0	0.0
1.233398	10.669816421	-16.201106	0.0	0.0
1.234375	10.681892768	-16.262309	0.0	0.0
1.235352	10.652571577	-16.324231	0.0	0.0
1.236328	10.643168365	-16.388226	0.0	0.0
1.237305	10.647714430	-16.451642	0.0	0.0
1.238281	10.655974704	-16.513471	0.0	0.0
1.239258	10.653489699	-16.575043	0.0	0.0
1.240234	10.653889616	-16.635297	0.0	0.0
1.241211	10.627890651	-16.696263	0.0	0.0
1.242188	10.618070470	-16.758716	0.0	0.0
1.243164	10.599895876	-16.820292	0.0	0.0
1.244141	10.595151796	-16.883029	0.0	0.0
1.245117	10.582985317	-16.944211	0.0	0.0
1.246094	10.575295013	-17.006259	0.0	0.0
1.247070	10.562430834	-17.067576	0.0	0.0
1.248047	10.558110231	-17.130072	0.0	0.0
1.249023	10.560047128	-17.190908	0.0	0.0
1.250000	10.543775224	-17.251918	0.0	0.0
1.250977	10.536666697	-17.314387	0.0	0.0
1.251953	10.546983711	-17.375650	0.0	0.0
1.252930	10.549161012	-17.434988	0.0	0.0
1.253906	10.523161311	-17.494810	0.0	0.0
1.254883	10.515773319	-17.556343	0.0	0.0
1.255859	10.503392401	-17.616735	0.0	0.0
1.256836	10.499770117	-17.677737	0.0	0.0
1.257813	10.481694572	-17.738210	0.0	0.0
1.258789	10.484673327	-17.799152	0.0	0.0
1.259766	10.472690819	-17.858148	0.0	0.0
1.260742	10.450236985	-17.919080	0.0	0.0
1.261719	10.453938191	-17.980631	0.0	0.0
1.262695	10.455559696	-18.039055	0.0	0.0
1.263672	10.432531932	-18.098259	0.0	0.0
1.264648	10.412186829	-18.158801	0.0	0.0
1.265625	10.391368108	-18.219932	0.0	0.0
1.266602	10.389944316	-18.281575	0.0	0.0
1.267578	10.400136251	-18.341728	0.0	0.0
1.268555	10.402024499	-18.400259	0.0	0.0
1.269531	10.383135590	-18.458722	0.0	0.0
1.270508	10.365269861	-18.518364	0.0	0.0
1.271484	10.358543320	-18.578262	0.0	0.0
1.272461	10.342962253	-18.637480	0.0	0.0
1.273438	10.331519701	-18.697783	0.0	0.0
1.274414	10.323041076	-18.757133	0.0	0.0
1.275391	10.320622415	-18.817605	0.0	0.0
1.276367	10.320804162	-18.875289	0.0	0.0
1.277344	10.303881773	-18.933846	0.0	0.0
1.278320	10.285499853	-18.992846	0.0	0.0
1.279297	10.269706776	-19.052169	0.0	0.0
1.280273	10.254754290	-19.112103	0.0	0.0
1.281250	10.253432213	-19.171381	0.0	0.0
1.282227	10.241557301	-19.230225	0.0	0.0
1.283203	10.234455468	-19.290599	0.0	0.0
1.284180	10.245244843	-19.349031	0.0	0.0
1.285156	10.231313262	-19.406695	0.0	0.0
1.286133	10.230169981	-19.465432	0.0	0.0
1.287109	10.215065258	-19.522567	0.0	0.0
1.288086	10.192947602	-19.581467	0.0	0.0
1.289063	10.189459933	-19.641477	0.0	0.0
1.290039	10.195051762	-19.700332	0.0	0.0
1.291016	10.199122613	-19.757591	0.0	0.0
1.291992	10.202054636	-19.813900	0.0	0.0
1.292969	10.176618451	-19.870394	0.0	0.0
1.293945	10.153290760	-19.928484	0.0	0.0
1.294922	10.141533917	-19.987096	0.0	0.0
1.295898	10.133350420	-20.045454	0.0	0.0
1.296875	10.130318096	-20.103374	0.0	0.0
1.297852	10.119486408	-20.160528	0.0	0.0
1.298828	10.106663115	-20.218019	0.0	0.0
1.299805	10.089296975	-20.276745	0.0	0.0
1.300781	10.093605474	-20.334817	0.0	0.0
1.301758	10.077823987	-20.391875	0.0	0.0
1.302734	10.081343707	-20.450396	0.0	0.0
1.303711	10.087812511	-20.507076	0.0	0.0
1.304688	10.087345830	-20.562643	0.0	0.0
1.305664	10.061787302	-20.618866	0.0	0.0
1.306641	10.057452236	-20.676325	0.0	0.0
1.307617	10.044040700	-20.732635	0.0	0.0
1.308594	10.038227459	-20.789872	0.0	0.0
1.309570	10.019645048	-20.846523	0.0	0.0
1.310547	10.021135731	-20.904261	0.0	0.0
1.311523	10.023121227	-20.959337	0.0	0.0
1.312500	10.001083769	-21.015175	0.0	0.0
1.313477	9.980482001	-21.072348	0.0	0.0
1.314453	9.978409717	-21.129862	0.0	0.0
1.315430	9.976097151	-21.185556	0.0	0.0
1.316406	9.968805343	-21.241853	0.0	0.0
1.317383	9.966350369	-21.297736	0.0	0.0
1.318359	9.949436469	-21.353074	0.0	0.0
1.319336	9.945418633	-21.409477	0.0	0.0
1.320313	9.928508268	-21.464767	0.0	0.0
1.321289	9.911377416	-21.521844	0.0	0.0
1.322266	9.915286139	-21.578837	0.0	0.0
1.323242	9.918847311	-21.632759	0.0	0.0
1.324219	9.894101972	-21.687726	0.0	0.0
1.325195	9.876559075	-21.744261	0.0	0.0
1.326172	9.881822837	-21.800990	0.0	0.0
1.327148	9.874136066	-21.855159	0.0	0.0
1.328125	9.856581859	-21.910919	0.0	0.0
1.329102	9.855776592	-21.967191	0.0	0.0
1.330078	9.856423658	-22.021573	0.0	0.0
1.331055	9.835721779	-22.076478	0.0	0.0
1.332031	9.833454029	-22.132496	0.0	0.0
1.333008	9.834428569	-22.186226	0.0	0.0
1.333984	9.814459326	-22.240190	0.0	0.0
1.334961	9.792380088	-22.296051	0.0	0.0
1.335938	9.788419682	-22.352737	0.0	0.0
1.336914	9.802910272	-22.407720	0.0	0.0
1.337891	9.805575112	-22.460600	0.0	0.0
1.338867	9.789432057	-22.513411	0.0	0.0
1.339844	9.764827829	-22.568195	0.0	0.0
1.340820	9.758691859	-22.623818	0.0	0.0
1.341797	9.756974086	-22.677308	0.0	0.0
1.342773	9.738861906	-22.730634	0.0	0.0
1.343750	9.718954453	-22.785070	0.0	0.0
1.344727	9.708074795	-22.840797	0.0	0.0
1.345703	9.711917427	-22.895047	0.0	0.0
1.346680	9.698908975	-22.948342	0.0	0.0
1.347656	9.687124378	-23.002448	0.0	0.0
1.348633	9.673920332	-23.057200	0.0	0.0
1.349609	9.681079398	-23.111137	0.0	0.0
1.350586	9.667061476	-23.163715	0.0	0.0
1.351563	9.647637477	-23.218094	0.0	0.0
1.352539	9.651288320	-23.272200	0.0	0.0
1.353516	9.635980138	-23.325160	0.0	0.0
1.354492	9.633746845	-23.379007	0.0	0.0
1.355469	9.615852700	-23.432554	0.0	0.0
1.356445	9.620856758	-23.486816	0.0	0.0
1.357422	9.623017408	-23.538561	0.0	0.0
1.358398	9.598720091	-23.590524	0.0	0.0
1.359375	9.582571706	-23.644470	0.0	0.0
1.360352	9.569097775	-23.698170	0.0	0.0
1.361328	9.566730183	-23.752831	0.0	0.0
1.362305	9.577757933	-23.804623	0.0	0.0
1.363281	9.558708417	-23.856060	0.0	0.0
1.364258	9.541622303	-23.909157	0.0	0.0
1.365234	9.533707926	-23.962697	0.0	0.0
1.366211	9.528579375	-24.015317	0.0	0.0
1.367188	9.511513995	-24.068073	0.0	0.0
1.368164	9.515582970	-24.122074	0.0	0.0
1.369141	9.523685492	-24.173358	0.0	0.0
1.370117	9.508280817	-24.223497	0.0	0.0
1.371094	9.485447740	-24.275796	0.0	0.0
1.372070	9.476112045	-24.328436	0.0	0.0
1.373047	9.462280732	-24.380111	0.0	0.0
1.374023	9.441191142	-24.432697	0.0	0.0
1.375000	9.428131448	-24.486238	0.0	0.0
1.375977	9.424865951	-24.539184	0.0	0.0
1.376953	9.429223387	-24.591918	0.0	0.0
1.377930	9.432790335	-24.642124	0.0	0.0
1.378906	9.408580323	-24.692734	0.0	0.0
1.379883	9.392913460	-24.745070	0.0	0.0
1.380859	9.375130609	-24.797889	0.0	0.0
1.381836	9.378648246	-24.851484	0.0	0.0
1.382813	9.388111491	-24.901421	0.0	0.0
1.383789	9.364354226	-24.952434	0.0	0.0
1.384766	9.361462367	-25.005435	0.0	0.0
1.385742	9.368943013	-25.055726	0.0	0.0
1.386719	9.355912147	-25.105860	0.0	0.0
1.387695	9.343284277	-25.157014	0.0	0.0
1.388672	9.325837845	-25.208263	0.0	0.0
1.389648	9.321143690	-25.260587	0.0	0.0
1.390625	9.325280112	-25.310727	0.0	0.0
1.391602	9.309523479	-25.360833	0.0	0.0
1.392578	9.296278480	-25.411682	0.0	0.0
1.393555	9.284810167	-25.463107	0.0	0.0
1.394531	9.285531047	-25.513301	0.0	0.0
1.395508	9.263954636	-25.563204	0.0	0.0
1.396484	9.239751226	-25.615019	0.0	0.0
1.397461	9.245695475	-25.667958	0.0	0.0
1.398438	9.252635381	-25.717082	0.0	0.0
1.399414	9.233483690	-25.766905	0.0	0.0
1.400391	9.227089995	-25.818471	0.0	0.0
1.401367	9.225789098	-25.868849	0.0	0.0
1.402344	9.227130564	-25.918543	0.0	0.0
1.403320	9.220287699	-25.967199	0.0	0.0
1.404297	9.202458814	-26.016920	0.0	0.0
1.405273	9.196975142	-26.066252	0.0	0.0
1.406250	9.170838178	-26.115439	0.0	0.0
1.407227	9.147520446	-26.167187	0.0	0.0
1.408203	9.152172313	-26.218832	0.0	0.0
1.409180	9.160123717	-26.267791	0.0	0.0
1.410156	9.144385483	-26.315997	0.0	0.0
1.411133	9.127778807	-26.366728	0.0	0.0
1.412109	9.127196730	-26.416104	0.0	0.0
1.413086	9.106401131	-26.465106	0.0	0.0
1.414063	9.106134205	-26.516132	0.0	0.0
1.415039	9.103329525	-26.564837	0.0	0.0
1.416016	9.093784034	-26.613853	0.0	0.0
1.416992	9.086299632	-26.663141	0.0	0.0
1.417969	9.076372606	-26.711625	0.0	0.0
1.418945	9.062841126	-26.761115	0.0	0.0
1.419922	9.051463103	-26.810404	0.0	0.0
1.420898	9.051333989	-26.860238	0.0	0.0
1.421875	9.050018023	-26.907363	0.0	0.0
1.422852	9.023122711	-26.954940	0.0	0.0
1.423828	9.002912106	-27.004873	0.0	0.0
1.424805	8.991406551	-27.055464	0.0	0.0
1.425781	8.998227812	-27.105553	0.0	0.0
1.426758	9.001144749	-27.152433	0.0	0.0
1.427734	8.977683397	-27.200564	0.0	0.0
1.428711	8.978070685	-27.249986	0.0	0.0
1.429688	8.963115457	-27.297423	0.0	0.0
1.430664	8.958807890	-27.346909	0.0	0.0
1.431641	8.956228994	-27.394034	0.0	0.0
1.432617	8.934425601	-27.442015	0.0	0.0
1.433594	8.929248531	-27.490272	0.0	0.0
1.434570	8.912018884	-27.537695	0.0	0.0
1.435547	8.891026253	-27.586832	0.0	0.0
1.436523	8.885086994	-27.636562	0.0	0.0
1.437500	8.892502293	-27.684460	0.0	0.0
1.438477	8.872678802	-27.731947	0.0	0.0
1.439453	8.870320314	-27.781331	0.0	0.0
1.440430	8.875103420	-27.828137	0.0	0.0
1.441406	8.862409947	-27.875017	0.0	0.0
1.442383	8.856416737	-27.922479	0.0	0.0
1.443359	8.834839094	-27.968977	0.0	0.0
1.444336	8.815527655	-28.017899	0.0	0.0
1.445313	8.820561178	-28.066569	0.0	0.0
1.446289	8.816947987	-28.112548	0.0	0.0
1.447266	8.799628668	-28.159977	0.0	0.0
1.448242	8.795889461	-28.207774	0.0	0.0
1.449219	8.781141971	-28.254351	0.0	0.0
1.450195	8.770571108	-28.302098	0.0	0.0
1.451172	8.751672424	-28.349777	0.0	0.0
1.452148	8.749267030	-28.398502	0.0	0.0
1.453125	8.756410325	-28.445010	0.0	0.0
1.454102	8.740318154	-28.490712	0.0	0.0
1.455078	8.727737515	-28.538979	0.0	0.0
1.456055	8.731648924	-28.586266	0.0	0.0
1.457031	8.723992647	-28.631476	0.0	0.0
1.458008	8.702492670	-28.678571	0.0	0.0
1.458984	8.705042416	-28.726500	0.0	0.0
1.459961	8.703105988	-28.772678	0.0	0.0
1.460938	8.697656462	-28.818582	0.0	0.0
1.461914	8.682127184	-28.864208	0.0	0.0
1.462891	8.669961563	-28.911657	0.0	0.0
1.463867	8.666670884	-28.957827	0.0	0.0
1.464844	8.658183497	-29.004126	0.0	0.0
1.465820	8.654208024	-29.049891	0.0	0.0
1.466797	8.637076098	-29.095715	0.0	0.0
1.467773	8.626093248	-29.143037	0.0	0.0
1.468750	8.627804172	-29.189427	0.0	0.0
1.469727	8.627314371	-29.234893	0.0	0.0
1.470703	8.621733580	-29.279187	0.0	0.0
1.471680	8.595828184	-29.324759	0.0	0.0
1.472656	8.590427991	-29.371271	0.0	0.0
1.473633	8.571708056	-29.417083	0.0	0.0
1.474609	8.576000123	-29.464392	0.0	0.0
1.475586	8.576336176	-29.507979	0.0	0.0
1.476563	8.553563186	-29.553733	0.0	0.0
1.477539	8.554360601	-29.600002	0.0	0.0
1.478516	8.545182563	-29.643525	0.0	0.0
1.479492	8.521516535	-29.688366	0.0	0.0
1.480469	8.503200779	-29.734817	0.0	0.0
1.481445	8.488962338	-29.781792	0.0	0.0
1.482422	8.492815705	-29.827861	0.0	0.0
1.483398	8.481147274	-29.873199	0.0	0.0
1.484375	8.482927732	-29.919260	0.0	0.0
1.485352	8.481239061	-29.963138	0.0	0.0
1.486328	8.470978314	-30.007339	0.0	0.0
1.487305	8.448825489	-30.052917	0.0	0.0
1.488281	8.452137728	-30.099766	0.0	0.0
1.489258	8.455871565	-30.143934	0.0	0.0
1.490234	8.454562523	-30.187917	0.0	0.0
1.491211	8.451562696	-30.230678	0.0	0.0
1.492188	8.425815895	-30.274054	0.0	0.0
1.493164	8.404018396	-30.319369	0.0	0.0
1.494141	8.396957604	-30.364903	0.0	0.0
1.495117	8.391287152	-30.409517	0.0	0.0
1.496094	8.375842280	-30.454003	0.0	0.0
1.497070	8.365687227	-30.499306	0.0	0.0
1.498047	8.360669641	-30.544383	0.0	0.0
1.499023	8.365602987	-30.589441	0.0	0.0
1.500000	8.364165431	-30.631224	0.0	0.0
1.500977	8.338037525	-30.674794	0.0	0.0
1.501953	8.321805083	-30.720584	0.0	0.0
1.502930	8.321872661	-30.766157	0.0	0.0
1.503906	8.324531717	-30.809884	0.0	0.0
1.504883	8.324092414	-30.853255	0.0	0.0
1.505859	8.317787378	-30.895708	0.0	0.0
1.506836	8.299585129	-30.939163	0.0	0.0
1.507813	8.287264548	-30.983264	0.0	0.0
1.508789	8.272713277	-31.027434	0.0	0.0
1.509766	8.278038888	-31.071738	0.0	0.0
1.510742	8.269951756	-31.113980	0.0	0.0
1.511719	8.254691746	-31.157766	0.0	0.0
1.512695	8.248512305	-31.201210	0.0	0.0
1.513672	8.229481004	-31.244736	0.0	0.0
1.514648	8.233071208	-31.288898	0.0	0.0
1.515625	8.221700523	-31.330720	0.0	0.0
1.516602	8.203752532	-31.374486	0.0	0.0
1.517578	8.201992310	-31.418216	0.0	0.0
1.518555	8.185647614	-31.460666	0.0	0.0
1.519531	8.171280630	-31.505053	0.0	0.0
1.520508	8.170230334	-31.548433	0.0	0.0
1.521484	8.154785991	-31.591879	0.0	0.0
1.522461	8.159817084	-31.636516	0.0	0.0
1.523438	8.162252618	-31.677391	0.0	0.0
1.524414	8.143213077	-31.719872	0.0	0.0
1.525391	8.135489886	-31.763063	0.0	0.0
1.526367	8.127414726	-31.806393	0.0	0.0
1.527344	8.126785287	-31.849279	0.0	0.0
1.528320	8.127687413	-31.891877	0.0	0.0
1.529297	8.122406322	-31.932317	0.0	0.0
1.530273	8.096491509	-31.974581	0.0	0.0
1.531250	8.086968016	-32.017796	0.0	0.0
1.532227	8.080410904	-32.060120	0.0	0.0
1.533203	8.067597759	-32.103514	0.0	0.0
1.534180	8.073317451	-32.146356	0.0	0.0
1.535156	8.069096646	-32.186889	0.0	0.0
1.536133	8.050681502	-32.228534	0.0	0.0
1.537109	8.042446216	-32.270337	0.0	0.0
1.538086	8.025843684	-32.312588	0.0	0.0
1.539063	8.021263491	-32.356062	0.0	0.0
1.540039	8.023133776	-32.396734	0.0	0.0
1.541016	8.002834605	-32.437507	0.0	0.0
1.541992	7.991899082	-32.479962	0.0	0.0
1.542969	7.975884854	-32.521663	0.0	0.0
1.543945	7.961946810	-32.563893	0.0	0.0
1.544922	7.957908482	-32.606638	0.0	0.0
1.545898	7.944788508	-32.648077	0.0	0.0
1.546875	7.933426007	-32.690715	0.0	0.0
1.547852	7.936042564	-32.733598	0.0	0.0
1.548828	7.931343157	-32.774139	0.0	0.0
1.549805	7.928689136	-32.815356	0.0	0.0
1.550781	7.910027786	-32.856094	0.0	0.0
1.551758	7.900153291	-32.898598	0.0	0.0
1.552734	7.899014538	-32.940307	0.0	0.0
1.553711	7.888946084	-32.980494	0.0	0.0
1.554688	7.880455809	-33.022792	0.0	0.0
1.555664	7.879999719	-33.062746	0.0	0.0
1.556641	7.860390889	-33.103372	0.0	0.0
1.557617	7.843638549	-33.145558	0.0	0.0
1.558594	7.844532920	-33.188098	0.0	0.0
1.559570	7.848675686	-33.228374	0.0	0.0
1.560547	7.840095151	-33.267311	0.0	0.0
1.561523	7.818749254	-33.307694	0.0	0.0
1.562500	7.803189094	-33.349333	0.0	0.0
1.563477	7.787730504	-33.390840	0.0	0.0
1.564453	7.778930813	-33.433226	0.0	0.0
1.565430	7.777841463	-33.474800	0.0	0.0
1.566406	7.782771081	-33.516280	0.0	0.0
1.567383	7.783165376	-33.556377	0.0	0.0
1.568359	7.780216887	-33.596201	0.0	0.0
1.569336	7.778421798	-33.636109	0.0	0.0
1.570313	7.775667850	-33.675442	0.0	0.0
1.571289	7.764297457	-33.714211	0.0	0.0
1.572266	7.749843975	-33.753368	0.0	0.0
1.573242	7.724382122	-33.792884	0.0	0.0
1.574219	7.707744323	-33.834379	0.0	0.0
1.575195	7.698330614	-33.875892	0.0	0.0
1.576172	7.692741570	-33.916352	0.0	0.0
1.577148	7.680847550	-33.956347	0.0	0.0
1.578125	7.670194047	-33.997889	0.0	0.0
1.579102	7.677168592	-34.038847	0.0	0.0
1.580078	7.671432880	-34.077162	0.0	0.0
1.581055	7.658579031	-34.117037	0.0	0.0
1.582031	7.650602650	-34.157589	0.0	0.0
1.583008	7.649065480	-34.197114	0.0	0.0
1.583984	7.635671375	-34.235889	0.0	0.0
1.584961	7.621272899	-34.276325	0.0	0.0
1.585938	7.621454862	-34.316754	0.0	0.0
1.586914	7.611892549	-34.356031	0.0	0.0
1.587891	7.611383486	-34.396248	0.0	0.0
1.588867	7.610495499	-34.435167	0.0	0.0
1.589844	7.606160442	-34.473387	0.0	0.0
1.590820	7.591760284	-34.510855	0.0	0.0
1.591797	7.569201767	-34.550735	0.0	0.0
1.592773	7.561202366	-34.591289	0.0	0.0
1.593750	7.556251038	-34.631030	0.0	0.0
1.594727	7.554859485	-34.669876	0.0	0.0
1.595703	7.545134504	-34.707901	0.0	0.0
1.596680	7.525886753	-34.746488	0.0	0.0
1.597656	7.510228550	-34.786435	0.0	0.0
1.598633	7.503853304	-34.826944	0.0	0.0
1.599609	7.497195242	-34.866308	0.0	0.0
1.600586	7.494964288	-34.905452	0.0	0.0
1.601563	7.487810037	-34.944377	0.0	0.0
1.602539	7.485500275	-34.983837	0.0	0.0
1.603516	7.485376595	-35.021266	0.0	0.0
1.604492	7.461683385	-35.059421	0.0	0.0
1.605469	7.448125997	-35.099706	0.0	0.0
1.606445	7.453046908	-35.139883	0.0	0.0
1.607422	7.457383398	-35.177284	0.0	0.0
1.608398	7.449376132	-35.215243	0.0	0.0
1.609375	7.445576556	-35.253641	0.0	0.0
1.610352	7.441967999	-35.290348	0.0	0.0
1.611328	7.427420298	-35.327063	0.0	0.0
1.612305	7.404134336	-35.365088	0.0	0.0
1.613281	7.388197162	-35.404930	0.0	0.0
1.614258	7.388109235	-35.443764	0.0	0.0
1.615234	7.376964243	-35.480963	0.0	0.0
1.616211	7.358943620	-35.519972	0.0	0.0
1.617188	7.353380717	-35.559475	0.0	0.0
1.618164	7.349651819	-35.597810	0.0	0.0
1.619141	7.344425279	-35.636215	0.0	0.0
1.620117	7.349315511	-35.674187	0.0	0.0
1.621094	7.342975517	-35.709594	0.0	0.0
1.622070	7.322267600	-35.747089	0.0	0.0
1.623047	7.315546797	-35.785853	0.0	0.0
1.624023	7.307136390	-35.821870	0.0	0.0
1.625000	7.289177931	-35.859851	0.0	0.0
1.625977	7.272043111	-35.898229	0.0	0.0
1.626953	7.259734775	-35.936975	0.0	0.0
1.627930	7.258030673	-35.975579	0.0	0.0
1.628906	7.256311156	-36.012875	0.0	0.0
1.629883	7.249050424	-36.049201	0.0	0.0
1.630859	7.234529082	-36.086345	0.0	0.0
1.631836	7.221951569	-36.123715	0.0	0.0
1.632813	7.205572386	-36.161776	0.0	0.0
1.633789	7.203887579	-36.200578	0.0	0.0
1.634766	7.203498056	-36.236779	0.0	0.0
1.635742	7.184423153	-36.273406	0.0	0.0
1.636719	7.177498135	-36.311092	0.0	0.0
1.637695	7.163302881	-36.347491	0.0	0.0
1.638672	7.147346627	-36.385032	0.0	0.0
1.639648	7.137517380	-36.422390	0.0	0.0
1.640625	7.125086389	-36.460097	0.0	0.0
1.641602	7.118757403	-36.498646	0.0	0.0
1.642578	7.122901385	-36.535127	0.0	0.0
1.643555	7.115011108	-36.569809	0.0	0.0
1.644531	7.088463545	-36.606219	0.0	0.0
1.645508	7.074349678	-36.644768	0.0	0.0
1.646484	7.072003821	-36.682528	0.0	0.0
1.647461	7.068681122	-36.718532	0.0	0.0
1.648438	7.064532573	-36.754062	0.0	0.0
1.649414	7.045827793	-36.788683	0.0	0.0
1.650391	7.020043436	-36.825165	0.0	0.0
1.651367	7.001058043	-36.862668	0.0	0.0
1.652344	6.986311794	-36.901046	0.0	0.0
1.653320	6.989508700	-36.938548	0.0	0.0
1.654297	6.986372953	-36.972947	0.0	0.0
1.655273	6.961695943	-37.007895	0.0	0.0
1.656250	6.940706656	-37.045633	0.0	0.0
1.657227	6.936426451	-37.081907	0.0	0.0
1.658203	6.919234248	-37.117086	0.0	0.0
1.659180	6.897019886	-37.154047	0.0	0.0
1.660156	6.886897709	-37.191537	0.0	0.0
1.661133	6.878295657	-37.227327	0.0	0.0
1.662109	6.863764490	-37.263610	0.0	0.0
1.663086	6.850271208	-37.300234	0.0	0.0
1.664063	6.844459981	-37.336434	0.0	0.0
1.665039	6.837481099	-37.370596	0.0	0.0
1.666016	6.811507027	-37.405385	0.0	0.0
1.666992	6.789957359	-37.442153	0.0	0.0
1.667969	6.773988102	-37.479200	0.0	0.0
1.668945	6.769281598	-37.515919	0.0	0.0
1.669922	6.760668559	-37.550000	0.0	0.0
1.670898	6.744048451	-37.584904	0.0	0.0
1.671875	6.726696717	-37.619658	0.0	0.0
1.672852	6.699606956	-37.654750	0.0	0.0
1.673828	6.675616950	-37.691184	0.0	0.0
1.674805	6.668808506	-37.727954	0.0	0.0
1.675781	6.656671630	-37.761932	0.0	0.0
1.676758	6.630227136	-37.796332	0.0	0.0
1.677734	6.604459968	-37.832481	0.0	0.0
1.678711	6.589201673	-37.868354	0.0	0.0
1.679688	6.568619253	-37.903300	0.0	0.0
1.680664	6.548845396	-37.939331	0.0	0.0
1.681641	6.532752999	-37.975260	0.0	0.0
1.682617	6.523058335	-38.010533	0.0	0.0
1.683594	6.506088743	-38.043161	0.0	0.0
1.684570	6.468260989	-38.077885	0.0	0.0
1.685547	6.447778860	-38.114944	0.0	0.0
1.686523	6.438735408	-38.150599	0.0	0.0
1.687500	6.422651836	-38.183313	0.0	0.0
1.688477	6.387910098	-38.217892	0.0	0.0
1.689453	6.368143530	-38.252902	0.0	0.0
1.690430	6.338137826	-38.287824	0.0	0.0
1.691406	6.318660883	-38.323993	0.0	0.0
1.692383	6.300942132	-38.358604	0.0	0.0
1.693359	6.281852083	-38.392459	0.0	0.0
1.694336	6.252787146	-38.425967	0.0	0.0
1.695313	6.220801369	-38.460612	0.0	0.0
1.696289	6.190208179	-38.496674	0.0	0.0
1.697266	6.173617389	-38.532329	0.0	0.0
1.698242	6.148570613	-38.566319	0.0	0.0
1.699219	6.124579850	-38.601005	0.0	0.0
1.700195	6.098067010	-38.635795	0.0	0.0
1.701172	6.082743612	-38.670668	0.0	0.0
1.702148	6.057314946	-38.703202	0.0	0.0
1.703125	6.026823185	-38.737131	0.0	0.0
1.704102	5.994740348	-38.771569	0.0	0.0
1.705078	5.972516774	-38.805869	0.0	0.0
1.706055	5.938260748	-38.839906	0.0	0.0
1.707031	5.917807040	-38.874316	0.0	0.0
1.708008	5.886981584	-38.907776	0.0	0.0
1.708984	5.854387768	-38.940901	0.0	0.0
1.709961	5.815888439	-38.975441	0.0	0.0
1.710938	5.783954844	-39.010517	0.0	0.0
1.711914	5.755025805	-39.045982	0.0	0.0
1.712891	5.736283973	-39.080574	0.0	0.0
1.713867	5.711089874	-39.112892	0.0	0.0
1.714844	5.670885205	-39.146765	0.0	0.0
1.715820	5.649594154	-39.181564	0.0	0.0
1.716797	5.619641954	-39.213167	0.0	0.0
1.717773	5.578245880	-39.247011	0.0	0.0
1.718750	5.550870490	-39.282341	0.0	0.0
1.719727	5.523864095	-39.315338	0.0	0.0
1.720703	5.491316401	-39.348133	0.0	0.0
1.721680	5.459343344	-39.381063	0.0	0.0
1.722656	5.421195314	-39.414041	0.0	0.0
1.723633	5.385539175	-39.447341	0.0	0.0
1.724609	5.349657264	-39.480934	0.0	0.0
1.725586	5.316465467	-39.514417	0.0	0.0
1.726563	5.281376490	-39.547606	0.0	0.0
1.727539	5.245473788	-39.580931	0.0	0.0
1.728516	5.208726848	-39.614040	0.0	0.0
1.729492	5.172912629	-39.647704	0.0	0.0
1.730469	5.133335096	-39.680527	0.0	0.0
1.731445	5.098631171	-39.713900	0.0	0.0
1.732422	5.059592690	-39.747144	0.0	0.0
1.733398	5.021037469	-39.780914	0.0	0.0
1.734375	4.987464003	-39.814311	0.0	0.0
1.735352	4.950153450	-39.847748	0.0	0.0
1.736328	4.915203741	-39.880888	0.0	0.0
1.737305	4.881148428	-39.914051	0.0	0.0
1.738281	4.848536162	-39.945119	0.0	0.0
1.739258	4.800076140	-39.977224	0.0	0.0
1.740234	4.760937569	-40.010676	0.0	0.0
1.741211	4.718311554	-40.043911	0.0	0.0
1.742188	4.679000453	-40.077795	0.0	0.0
1.743164	4.644674042	-40.110708	0.0	0.0
1.744141	4.605030479	-40.142995	0.0	0.0
1.745117	4.563980890	-40.176450	0.0	0.0
1.746094	4.530866415	-40.209977	0.0	0.0
1.747070	4.495636021	-40.241970	0.0	0.0
1.748047	4.462342994	-40.273717	0.0	0.0
1.749023	4.420122075	-40.303556	0.0	0.0
1.750000	4.369707515	-40.335435	0.0	0.0
1.750977	4.324764021	-40.368855	0.0	0.0
1.751953	4.286590002	-40.402823	0.0	0.0
1.752930	4.251378881	-40.434357	0.0	0.0
1.753906	4.204169999	-40.465798	0.0	0.0
1.754883	4.160253771	-40.499240	0.0	0.0
1.755859	4.124625207	-40.532231	0.0	0.0
1.756836	4.085452806	-40.562499	0.0	0.0
1.757813	4.037471872	-40.594477	0.0	0.0
1.758789	3.994111914	-40.627522	0.0	0.0
1.759766	3.956391693	-40.660109	0.0	0.0
1.760742	3.912929174	-40.692195	0.0	0.0
1.761719	3.873659819	-40.725183	0.0	0.0
1.762695	3.835407179	-40.756445	0.0	0.0
1.763672	3.791589289	-40.787876	0.0	0.0
1.764648	3.752428287	-40.819257	0.0	0.0
1.765625	3.705833219	-40.851443	0.0	0.0
1.766602	3.669746104	-40.883488	0.0	0.0
1.767578	3.626084095	-40.914725	0.0	0.0
1.768555	3.586537431	-40.945542	0.0	0.0
1.769531	3.539463415	-40.975861	0.0	0.0
1.770508	3.492637199	-41.008299	0.0	0.0
1.771484	3.449892588	-41.040724	0.0	0.0
1.772461	3.410366845	-41.072674	0.0	0.0
1.773438	3.366933265	-41.103749	0.0	0.0
1.774414	3.322486243	-41.135805	0.0	0.0
1.775391	3.280365741	-41.168478	0.0	0.0
1.776367	3.244590832	-41.200652	0.0	0.0
1.777344	3.204070449	-41.230739	0.0	0.0
1.778320	3.162280033	-41.262223	0.0	0.0
1.779297	3.122347528	-41.292389	0.0	0.0
1.780273	3.076582358	-41.322757	0.0	0.0
1.781250	3.034507690	-41.354719	0.0	0.0
1.782227	2.990176788	-41.385830	0.0	0.0
1.783203	2.947336389	-41.418371	0.0	0.0
1.784180	2.909128049	-41.450770	0.0	0.0
1.785156	2.873168668	-41.481974	0.0	0.0
1.786133	2.832365814	-41.511459	0.0	0.0
1.787109	2.790421067	-41.542123	0.0	0.0
1.788086	2.748460283	-41.573150	0.0	0.0
1.789063	2.707656601	-41.604577	0.0	0.0
1.790039	2.666072679	-41.636212	0.0	0.0
1.791016	2.629555460	-41.667531	0.0	0.0
1.791992	2.590367264	-41.698786	0.0	0.0
1.792969	2.554841471	-41.729142	0.0	0.0
1.793945	2.513359554	-41.758636	0.0	0.0
1.794922	2.474391706	-41.789934	0.0	0.0
1.795898	2.436752782	-41.820295	0.0	0.0
1.796875	2.398478302	-41.850054	0.0	0.0
1.797852	2.358463027	-41.880573	0.0	0.0
1.798828	2.322077557	-41.911062	0.0	0.0
1.799805	2.283771421	-41.939961	0.0	0.0
1.800781	2.241910959	-41.969932	0.0	0.0
1.801758	2.201319953	-42.001563	0.0	0.0
1.802734	2.165523199	-42.033876	0.0	0.0
1.803711	2.131775425	-42.063916	0.0	0.0
1.804688	2.096878627	-42.092730	0.0	0.0
1.805664	2.057586195	-42.121570	0.0	0.0
1.806641	2.019310280	-42.152048	0.0	0.0
1.807617	1.981220679	-42.182797	0.0	0.0
1.808594	1.946343842	-42.213835	0.0	0.0
1.809570	1.910151245	-42.243257	0.0	0.0
1.810547	1.873140455	-42.274750	0.0	0.0
1.811523	1.841287864	-42.306028	0.0	0.0
1.812500	1.810251608	-42.335552	0.0	0.0
1.813477	1.775434620	-42.362909	0.0	0.0
1.814453	1.738058513	-42.392712	0.0	0.0
1.815430	1.703286259	-42.423986	0.0	0.0
1.816406	1.671388820	-42.455087	0.0	0.0
1.817383	1.640750522	-42.483819	0.0	0.0
1.818359	1.605354195	-42.512903	0.0	0.0
1.819336	1.572100328	-42.543333	0.0	0.0
1.820313	1.539465990	-42.574599	0.0	0.0
1.821289	1.509755447	-42.605993	0.0	0.0
1.822266	1.481882927	-42.635408	0.0	0.0
1.823242	1.452448090	-42.663680	0.0	0.0
1.824219	1.422322112	-42.691943	0.0	0.0
1.825195	1.391849400	-42.720021	0.0	0.0
1.826172	1.359106512	-42.748679	0.0	0.0
1.827148	1.327343519	-42.778846	0.0	0.0
1.828125	1.298113711	-42.810000	0.0	0.0
1.829102	1.270582700	-42.839834	0.0	0.0
1.830078	1.241444746	-42.869507	0.0	0.0
1.831055	1.213560676	-42.899917	0.0	0.0
1.832031	1.186434945	-42.930248	0.0	0.0
1.833008	1.161489707	-42.960703	0.0	0.0
1.833984	1.136266976	-42.988378	0.0	0.0
1.834961	1.108924706	-43.017113	0.0	0.0
1.835938	1.083300078	-43.046531	0.0	0.0
1.836914	1.057555547	-43.075326	0.0	0.0
1.837891	1.032461697	-43.104115	0.0	0.0
1.838867	1.006313712	-43.133346	0.0	0.0
1.839844	0.982916588	-43.163438	0.0	0.0
1.840820	0.959099538	-43.190690	0.0	0.0
1.841797	0.933555301	-43.220162	0.0	0.0
1.842773	0.910457344	-43.250955	0.0	0.0
1.843750	0.888160568	-43.280766	0.0	0.0
1.844727	0.867009673	-43.309763	0.0	0.0
1.845703	0.845198235	-43.337730	0.0	0.0
1.846680	0.823552087	-43.366081	0.0	0.0
1.847656	0.802469893	-43.394370	0.0	0.0
1.848633	0.780964394	-43.421832	0.0	0.0
1.849609	0.759090398	-43.450591	0.0	0.0
1.850586	0.739315927	-43.479517	0.0	0.0
1.851563	0.717960700	-43.507125	0.0	0.0
1.852539	0.697474833	-43.537321	0.0	0.0
1.853516	0.678065488	-43.567834	0.0	0.0
1.854492	0.660064773	-43.598190	0.0	0.0
1.855469	0.642770230	-43.627123	0.0	0.0
1.856445	0.625520727	-43.654788	0.0	0.0
1.857422	0.607615677	-43.681732	0.0	0.0
1.858398	0.589343409	-43.709690	0.0	0.0
1.859375	0.571692787	-43.739465	0.0	0.0
1.860352	0.555565884	-43.769522	0.0	0.0
1.861328	0.540095606	-43.797476	0.0	0.0
1.862305	0.523929801	-43.824296	0.0	0.0
1.863281	0.507245438	-43.852630	0.0	0.0
1.864258	0.491494471	-43.883415	0.0	0.0
1.865234	0.477381251	-43.913066	0.0	0.0
1.866211	0.463135753	-43.940858	0.0	0.0
1.867188	0.449053830	-43.969188	0.0	0.0
1.868164	0.435509012	-43.996789	0.0	0.0
1.869141	0.421746755	-44.024425	0.0	0.0
1.870117	0.408258343	-44.050975	0.0	0.0
1.871094	0.394219583	-44.079248	0.0	0.0
1.872070	0.381080873	-44.109232	0.0	0.0
1.873047	0.368928165	-44.139229	0.0	0.0
1.874023	0.357152140	-44.167784	0.0	0.0
1.875000	0.345655522	-44.195774	0.0	0.0
1.875977	0.333776921	-44.224079	0.0	0.0
1.876953	0.322803937	-44.252554	0.0	0.0
1.877930	0.311629592	-44.280443	0.0	0.0
1.878906	0.300847729	-44.309644	0.0	0.0
1.879883	0.290727569	-44.338628	0.0	0.0
1.880859	0.280562940	-44.367450	0.0	0.0
1.881836	0.271262282	-44.396605	0.0	0.0
1.882813	0.261845409	-44.423607	0.0	0.0
1.883789	0.252418703	-44.451250	0.0	0.0
1.884766	0.243107946	-44.480623	0.0	0.0
1.885742	0.234781844	-44.509879	0.0	0.0
1.886719	0.226340966	-44.536143	0.0	0.0
1.887695	0.217695509	-44.564603	0.0	0.0
1.888672	0.209674566	-44.594689	0.0	0.0
1.889648	0.202304250	-44.623251	0.0	0.0
1.890625	0.195006134	-44.649338	0.0	0.0
1.891602	0.187403704	-44.676843	0.0	0.0
1.892578	0.180073904	-44.705248	0.0	0.0
1.893555	0.173127515	-44.734306	0.0	0.0
1.894531	0.166590222	-44.763148	0.0	0.0
1.895508	0.160204048	-44.791138	0.0	0.0
1.896484	0.154008812	-44.818173	0.0	0.0
1.897461	0.147651113	-44.846524	0.0	0.0
1.898438	0.141795072	-44.876562	0.0	0.0
1.899414	0.136357982	-44.905018	0.0	0.0
1.900391	0.130861278	-44.931593	0.0	0.0
1.901367	0.125400826	-44.960814	0.0	0.0
1.902344	0.120495555	-44.990312	0.0	0.0
1.903320	0.115742207	-45.016865	0.0	0.0
1.904297	0.110925104	-45.042953	0.0	0.0
1.905273	0.106111013	-45.070671	0.0	0.0
1.906250	0.101622354	-45.099834	0.0	0.0
1.907227	0.097368524	-45.127790	0.0	0.0
1.908203	0.093215277	-45.155955	0.0	0.0
1.909180	0.089310803	-45.183109	0.0	0.0
1.910156	0.085319655	-45.210561	0.0	0.0
1.911133	0.081609179	-45.239861	0.0	0.0
1.912109	0.078180551	-45.268520	0.0	0.0
1.913086	0.074783831	-45.294207	0.0	0.0
1.914063	0.071397462	-45.321994	0.0	0.0
1.915039	0.068307757	-45.350046	0.0	0.0
1.916016	0.065281200	-45.375338	0.0	0.0
1.916992	0.062229383	-45.402081	0.0	0.0
1.917969	0.059368586	-45.430353	0.0	0.0
1.918945	0.056735398	-45.457405	0.0	0.0
1.919922	0.054145930	-45.482517	0.0	0.0
1.920898	0.051634480	-45.508949	0.0	0.0
1.921875	0.049190596	-45.533701	0.0	0.0
1.922852	0.046797373	-45.560707	0.0	0.0
1.923828	0.044589390	-45.587566	0.0	0.0
1.924805	0.042489928	-45.613231	0.0	0.0
1.925781	0.040422454	-45.639117	0.0	0.0
1.926758	0.038503054	-45.664181	0.0	0.0
1.927734	0.036596440	-45.688774	0.0	0.0
1.928711	0.034808908	-45.713678	0.0	0.0
1.929688	0.033123411	-45.738789	0.0	0.0
1.930664	0.031489762	-45.761370	0.0	0.0
1.931641	0.029887911	-45.784809	0.0	0.0
1.932617	0.028392615	-45.807846	0.0	0.0
1.933594	0.026933652	-45.828822	0.0	0.0
1.934570	0.025487263	-45.850948	0.0	0.0
1.935547	0.024154218	-45.873920	0.0	0.0
1.936523	0.022909209	-45.895843	0.0	0.0
1.937500	0.021681523	-45.915494	0.0	0.0
1.938477	0.020505595	-45.936389	0.0	0.0
1.939453	0.019393867	-45.957173	0.0	0.0
1.940430	0.018346196	-45.977492	0.0	0.0
1.941406	0.017351430	-45.996456	0.0	0.0
1.942383	0.016404813	-46.014304	0.0	0.0
1.943359	0.015512115	-46.030417	0.0	0.0
1.944336	0.014647476	-46.045218	0.0	0.0
1.945313	0.013812055	-46.058663	0.0	0.0
1.946289	0.012992956	-46.071919	0.0	0.0
1.947266	0.012227698	-46.085345	0.0	0.0
1.948242	0.011505901	-46.097482	0.0	0.0
1.949219	0.010824376	-46.108331	0.0	0.0
1.950195	0.010186100	-46.118292	0.0	0.0
1.951172	0.009570108	-46.125570	0.0	0.0
1.952148	0.008981461	-46.131653	0.0	0.0
1.953125	0.008434191	-46.134691	0.0	0.0
1.954102	0.007902763	-46.136304	0.0	0.0
1.955078	0.007385216	-46.136860	0.0	0.0
1.956055	0.006917430	-46.136185	0.0	0.0
1.957031	0.006466140	-46.131570	0.0	0.0
1.958008	0.006050424	-46.125541	0.0	0.0
1.958984	0.005653315	-46.117506	0.0	0.0
1.959961	0.005280176	-46.105787	0.0	0.0
1.960938	0.004932513	-46.090292	0.0	0.0
1.961914	0.004601111	-46.071693	0.0	0.0
1.962891	0.004299061	-46.050855	0.0	0.0
1.963867	0.004022404	-46.023829	0.0	0.0
1.964844	0.003757242	-45.995826	0.0	0.0
1.965820	0.003519933	-45.960587	0.0	0.0
1.966797	0.003297773	-45.923327	0.0	0.0
1.967773	0.003099057	-45.882191	0.0	0.0
1.968750	0.002924490	-45.835810	0.0	0.0
1.969727	0.002761966	-45.786923	0.0	0.0
1.970703	0.002623234	-45.732720	0.0	0.0
1.971680	0.002504277	-45.675966	0.0	0.0
1.972656	0.002402482	-45.614196	0.0	0.0
1.973633	0.002321756	-45.551320	0.0	0.0
1.974609	0.002250858	-45.491836	0.0	0.0
1.975586	0.002192653	-45.427960	0.0	0.0
1.976563	0.002148467	-45.368633	0.0	0.0
1.977539	0.002117563	-45.303794	0.0	0.0
1.978516	0.002089330	-45.247230	0.0	0.0
1.979492	0.002080927	-45.189238	0.0	0.0
1.980469	0.002074788	-45.135661	0.0	0.0
1.981445	0.002068609	-45.083439	0.0	0.0
1.982422	0.002081446	-45.037251	0.0	0.0
1.983398	0.002092671	-44.991336	0.0	0.0
1.984375	0.002099311	-44.951855	0.0	0.0
1.985352	0.002109697	-44.909660	0.0	0.0
1.986328	0.002124024	-44.874199	0.0	0.0
1.987305	0.002142815	-44.840656	0.0	0.0
1.988281	0.002157958	-44.803215	0.0	0.0
1.989258	0.002173473	-44.773065	0.0	0.0
1.990234	0.002184490	-44.742874	0.0	0.0
1.991211	0.002191475	-44.717274	0.0	0.0
1.992188	0.002204018	-44.687957	0.0	0.0
1.993164	0.002214993	-44.661346	0.0	0.0
1.994141	0.002225927	-44.638335	0.0	0.0
1.995117	0.002233322	-44.612963	0.0	0.0
1.996094	0.002250054	-44.590717	0.0	0.0
1.997070	0.002243466	-44.565409	0.0	0.0
1.998047	0.002248507	-44.544166	0.0	0.0
1.999023	0.002251792	-44.522049	0.0	0.0
2.000000	0.002253620	-44.498095	0.0	0.0
