# UNCLASSIFIED
#
# Response info for SONM medium period vertical channel.
#
# Effective: 18	Sep. 2003
# Creation date: 04 May 2004
# File name: SONM_MHZ_rsp.txt
#
# Source: James	Neely (CTI)
# System equipment: DASE LPZA-12S seismometer and DASE Larzac digitizer.
#
# The response file was	derived	from equations of state.
# Displacement response	normalized to 1.0 at 0.05 Hz.
#
# The calib value is 0.134138 nm/count at 20.0 sec.
#
# Freq(Hz)     Amp(counts/nm)   Phase(deg)   Error(amp)  Error(phase)
#
   theoretical   0   instrument   fap
2046
0.002930	0.010139291	188.688568	0.0	0.0
0.003906	0.018195153	180.877331	0.0	0.0
0.004883	0.028399398	174.852160	0.0	0.0
0.005859	0.040478128	169.832788	0.0	0.0
0.006836	0.054271376	165.445975	0.0	0.0
0.007813	0.069537978	161.513273	0.0	0.0
0.008789	0.086027689	157.934244	0.0	0.0
0.009766	0.103701348	154.636563	0.0	0.0
0.010742	0.122229838	151.586981	0.0	0.0
0.011719	0.141641872	148.746831	0.0	0.0
0.012695	0.161877033	146.102169	0.0	0.0
0.013672	0.182614826	143.628679	0.0	0.0
0.014648	0.203565084	141.316114	0.0	0.0
0.015625	0.225054742	139.143946	0.0	0.0
0.016602	0.246668211	137.107626	0.0	0.0
0.017578	0.268118885	135.193025	0.0	0.0
0.018555	0.290656254	133.389511	0.0	0.0
0.019531	0.313070105	131.695801	0.0	0.0
0.020508	0.334781353	130.094949	0.0	0.0
0.021484	0.356987129	128.583932	0.0	0.0
0.022461	0.379247677	127.154357	0.0	0.0
0.023438	0.401943745	125.801389	0.0	0.0
0.024414	0.424273938	124.521727	0.0	0.0
0.025391	0.446721127	123.305656	0.0	0.0
0.026367	0.469127984	122.151799	0.0	0.0
0.027344	0.492115149	121.054023	0.0	0.0
0.028320	0.514165154	120.012196	0.0	0.0
0.029297	0.535449311	119.015144	0.0	0.0
0.030273	0.558389102	118.064629	0.0	0.0
0.031250	0.580763885	117.158211	0.0	0.0
0.032227	0.602392351	116.289628	0.0	0.0
0.033203	0.625333406	115.458906	0.0	0.0
0.034180	0.648433512	114.663588	0.0	0.0
0.035156	0.671012341	113.902421	0.0	0.0
0.036133	0.693080663	113.171299	0.0	0.0
0.037109	0.713866709	112.469529	0.0	0.0
0.038086	0.733902385	111.790813	0.0	0.0
0.039063	0.756175994	111.137184	0.0	0.0
0.040039	0.778275640	110.508932	0.0	0.0
0.041016	0.800195687	109.903180	0.0	0.0
0.041992	0.821259708	109.318203	0.0	0.0
0.042969	0.843529264	108.751269	0.0	0.0
0.043945	0.867442610	108.205146	0.0	0.0
0.044922	0.890078367	107.678373	0.0	0.0
0.045898	0.911040930	107.168100	0.0	0.0
0.046875	0.932531998	106.671843	0.0	0.0
0.047852	0.953906234	106.191414	0.0	0.0
0.048828	0.974895719	105.724480	0.0	0.0
0.049805	0.996749024	105.270932	0.0	0.0
0.050781	1.018989740	104.830912	0.0	0.0
0.051758	1.041063320	104.403302	0.0	0.0
0.052734	1.062450358	103.987599	0.0	0.0
0.053711	1.082852779	103.582599	0.0	0.0
0.054688	1.103171824	103.186404	0.0	0.0
0.055664	1.125901312	102.800528	0.0	0.0
0.056641	1.148398752	102.425780	0.0	0.0
0.057617	1.169657875	102.060668	0.0	0.0
0.058594	1.190703245	101.704000	0.0	0.0
0.059570	1.209814227	101.355937	0.0	0.0
0.060547	1.228585812	101.013398	0.0	0.0
0.061523	1.249216263	100.678510	0.0	0.0
0.062500	1.269921105	100.350886	0.0	0.0
0.063477	1.291046326	100.029730	0.0	0.0
0.064453	1.312241733	99.715513	0.0	0.0
0.065430	1.335301431	99.407769	0.0	0.0
0.066406	1.358146387	99.107869	0.0	0.0
0.067383	1.379060387	98.814336	0.0	0.0
0.068359	1.399979780	98.524712	0.0	0.0
0.069336	1.421149369	98.242016	0.0	0.0
0.070313	1.442244720	97.962524	0.0	0.0
0.071289	1.463476040	97.690181	0.0	0.0
0.072266	1.484092909	97.421296	0.0	0.0
0.073242	1.503959866	97.158228	0.0	0.0
0.074219	1.522507058	96.897449	0.0	0.0
0.075195	1.544205661	96.640793	0.0	0.0
0.076172	1.567068396	96.388440	0.0	0.0
0.077148	1.590906835	96.141665	0.0	0.0
0.078125	1.612959213	95.900021	0.0	0.0
0.079102	1.631991020	95.661464	0.0	0.0
0.080078	1.652475906	95.424418	0.0	0.0
0.081055	1.675296662	95.192350	0.0	0.0
0.082031	1.695353011	94.964759	0.0	0.0
0.083008	1.713937045	94.738846	0.0	0.0
0.083984	1.732918483	94.515636	0.0	0.0
0.084961	1.753390476	94.294200	0.0	0.0
0.085938	1.776207718	94.076090	0.0	0.0
0.086914	1.799383411	93.862993	0.0	0.0
0.087891	1.819526003	93.652957	0.0	0.0
0.088867	1.839719067	93.443545	0.0	0.0
0.089844	1.860552337	93.238194	0.0	0.0
0.090820	1.879373808	93.033696	0.0	0.0
0.091797	1.902954844	92.831478	0.0	0.0
0.092773	1.924349652	92.633869	0.0	0.0
0.093750	1.946024867	92.436513	0.0	0.0
0.094727	1.969327097	92.243192	0.0	0.0
0.095703	1.989870585	92.052239	0.0	0.0
0.096680	2.010000304	91.863358	0.0	0.0
0.097656	2.027651766	91.676289	0.0	0.0
0.098633	2.044155731	91.488653	0.0	0.0
0.099609	2.066722900	91.302941	0.0	0.0
0.100586	2.087981868	91.120615	0.0	0.0
0.101563	2.110058808	90.939636	0.0	0.0
0.102539	2.130119724	90.761616	0.0	0.0
0.103516	2.152393807	90.583569	0.0	0.0
0.104492	2.172949321	90.409347	0.0	0.0
0.105469	2.193184921	90.235050	0.0	0.0
0.106445	2.212849843	90.063354	0.0	0.0
0.107422	2.234076776	89.891229	0.0	0.0
0.108398	2.257516680	89.722421	0.0	0.0
0.109375	2.277012627	89.555689	0.0	0.0
0.110352	2.295380647	89.388906	0.0	0.0
0.111328	2.317945644	89.222883	0.0	0.0
0.112305	2.340008758	89.060265	0.0	0.0
0.113281	2.357401938	88.898976	0.0	0.0
0.114258	2.373623869	88.735771	0.0	0.0
0.115234	2.399771235	88.574579	0.0	0.0
0.116211	2.423319148	88.417198	0.0	0.0
0.117188	2.440591853	88.260943	0.0	0.0
0.118164	2.460069017	88.103166	0.0	0.0
0.119141	2.483937628	87.947904	0.0	0.0
0.120117	2.504359729	87.795259	0.0	0.0
0.121094	2.521383869	87.642125	0.0	0.0
0.122070	2.541194986	87.489742	0.0	0.0
0.123047	2.561825929	87.338215	0.0	0.0
0.124023	2.582267840	87.188656	0.0	0.0
0.125000	2.601008290	87.038949	0.0	0.0
0.125977	2.622357705	86.890940	0.0	0.0
0.126953	2.639726209	86.742700	0.0	0.0
0.127930	2.665321641	86.595348	0.0	0.0
0.128906	2.687213738	86.451388	0.0	0.0
0.129883	2.706350502	86.307062	0.0	0.0
0.130859	2.725459478	86.163474	0.0	0.0
0.131836	2.746718302	86.020028	0.0	0.0
0.132813	2.765776881	85.878868	0.0	0.0
0.133789	2.784241403	85.736568	0.0	0.0
0.134766	2.806170569	85.596013	0.0	0.0
0.135742	2.826234157	85.455974	0.0	0.0
0.136719	2.848189742	85.317111	0.0	0.0
0.137695	2.865998323	85.179243	0.0	0.0
0.138672	2.884349604	85.041097	0.0	0.0
0.139648	2.904096270	84.902690	0.0	0.0
0.140625	2.930891778	84.765635	0.0	0.0
0.141602	2.954156887	84.631510	0.0	0.0
0.142578	2.971981074	84.498219	0.0	0.0
0.143555	2.988322014	84.362878	0.0	0.0
0.144531	3.011411953	84.228274	0.0	0.0
0.145508	3.035080259	84.095353	0.0	0.0
0.146484	3.057731739	83.964702	0.0	0.0
0.147461	3.075248646	83.833929	0.0	0.0
0.148438	3.090365230	83.702776	0.0	0.0
0.149414	3.108504076	83.570838	0.0	0.0
0.150391	3.127846061	83.439462	0.0	0.0
0.151367	3.153585487	83.308865	0.0	0.0
0.152344	3.177504483	83.181319	0.0	0.0
0.153320	3.196924618	83.053801	0.0	0.0
0.154297	3.213401746	82.927205	0.0	0.0
0.155273	3.228430307	82.798223	0.0	0.0
0.156250	3.253811933	82.670528	0.0	0.0
0.157227	3.272173248	82.545607	0.0	0.0
0.158203	3.285112175	82.418720	0.0	0.0
0.159180	3.305480081	82.291016	0.0	0.0
0.160156	3.331264009	82.165447	0.0	0.0
0.161133	3.352174993	82.041586	0.0	0.0
0.162109	3.373022596	81.917598	0.0	0.0
0.163086	3.390426723	81.794289	0.0	0.0
0.164063	3.408375712	81.669968	0.0	0.0
0.165039	3.428977746	81.546240	0.0	0.0
0.166016	3.452630937	81.422866	0.0	0.0
0.166992	3.472977250	81.301505	0.0	0.0
0.167969	3.492984203	81.178223	0.0	0.0
0.168945	3.521452597	81.057096	0.0	0.0
0.169922	3.544087550	80.937784	0.0	0.0
0.170898	3.563294496	80.818735	0.0	0.0
0.171875	3.577391486	80.699395	0.0	0.0
0.172852	3.590785909	80.578153	0.0	0.0
0.173828	3.616469520	80.457051	0.0	0.0
0.174805	3.639804714	80.339152	0.0	0.0
0.175781	3.656850158	80.221004	0.0	0.0
0.176758	3.677859006	80.102524	0.0	0.0
0.177734	3.693859974	79.985450	0.0	0.0
0.178711	3.706921795	79.865632	0.0	0.0
0.179688	3.732882738	79.746160	0.0	0.0
0.180664	3.759262201	79.629652	0.0	0.0
0.181641	3.779697880	79.513839	0.0	0.0
0.182617	3.797039386	79.397996	0.0	0.0
0.183594	3.817552071	79.280454	0.0	0.0
0.184570	3.841313705	79.165749	0.0	0.0
0.185547	3.858339886	79.051081	0.0	0.0
0.186523	3.872065468	78.935564	0.0	0.0
0.187500	3.894878046	78.819205	0.0	0.0
0.188477	3.916386368	78.705386	0.0	0.0
0.189453	3.930800140	78.591410	0.0	0.0
0.190430	3.949159046	78.475955	0.0	0.0
0.191406	3.968889005	78.361843	0.0	0.0
0.192383	3.987955257	78.246878	0.0	0.0
0.193359	4.012158706	78.133396	0.0	0.0
0.194336	4.031807339	78.021511	0.0	0.0
0.195313	4.045796702	77.908271	0.0	0.0
0.196289	4.061598782	77.794205	0.0	0.0
0.197266	4.083236691	77.680214	0.0	0.0
0.198242	4.108847196	77.567422	0.0	0.0
0.199219	4.130333085	77.455396	0.0	0.0
0.200195	4.154685774	77.342886	0.0	0.0
0.201172	4.178640671	77.232807	0.0	0.0
0.202148	4.197750855	77.122688	0.0	0.0
0.203125	4.214072870	77.011784	0.0	0.0
0.204102	4.230779268	76.900645	0.0	0.0
0.205078	4.251639498	76.789816	0.0	0.0
0.206055	4.268267053	76.679678	0.0	0.0
0.207031	4.287852138	76.568140	0.0	0.0
0.208008	4.308052134	76.458570	0.0	0.0
0.208984	4.328582135	76.347854	0.0	0.0
0.209961	4.352275598	76.238683	0.0	0.0
0.210938	4.368597567	76.130562	0.0	0.0
0.211914	4.380169007	76.020857	0.0	0.0
0.212891	4.399950922	75.909685	0.0	0.0
0.213867	4.424193790	75.800607	0.0	0.0
0.214844	4.443583836	75.692176	0.0	0.0
0.215820	4.463749764	75.583036	0.0	0.0
0.216797	4.482754850	75.475454	0.0	0.0
0.217773	4.499952495	75.365640	0.0	0.0
0.218750	4.528340607	75.257368	0.0	0.0
0.219727	4.547749073	75.151501	0.0	0.0
0.220703	4.559722289	75.044027	0.0	0.0
0.221680	4.577669354	74.934803	0.0	0.0
0.222656	4.601319061	74.827381	0.0	0.0
0.223633	4.617433746	74.719652	0.0	0.0
0.224609	4.639748826	74.611756	0.0	0.0
0.225586	4.666148876	74.504724	0.0	0.0
0.226563	4.687411399	74.399556	0.0	0.0
0.227539	4.703104957	74.294021	0.0	0.0
0.228516	4.717219239	74.187085	0.0	0.0
0.229492	4.738353389	74.080015	0.0	0.0
0.230469	4.755312241	73.974836	0.0	0.0
0.231445	4.768334292	73.867631	0.0	0.0
0.232422	4.793573469	73.761125	0.0	0.0
0.233398	4.809715486	73.656085	0.0	0.0
0.234375	4.823712753	73.549297	0.0	0.0
0.235352	4.845684484	73.442527	0.0	0.0
0.236328	4.870598909	73.336811	0.0	0.0
0.237305	4.895533721	73.231995	0.0	0.0
0.238281	4.910847052	73.128312	0.0	0.0
0.239258	4.922267731	73.021602	0.0	0.0
0.240234	4.951537577	72.915151	0.0	0.0
0.241211	4.975599009	72.811491	0.0	0.0
0.242188	4.997769422	72.706993	0.0	0.0
0.243164	5.018610837	72.603844	0.0	0.0
0.244141	5.029617953	72.500152	0.0	0.0
0.245117	5.044578540	72.394834	0.0	0.0
0.246094	5.064389518	72.289417	0.0	0.0
0.247070	5.093127621	72.184349	0.0	0.0
0.248047	5.116701505	72.082148	0.0	0.0
0.249023	5.132598241	71.979146	0.0	0.0
0.250000	5.151366141	71.875769	0.0	0.0
0.250977	5.164538257	71.772746	0.0	0.0
0.251953	5.183070511	71.667892	0.0	0.0
0.252930	5.206198450	71.564437	0.0	0.0
0.253906	5.224837459	71.461653	0.0	0.0
0.254883	5.245571385	71.358657	0.0	0.0
0.255859	5.258760017	71.256346	0.0	0.0
0.256836	5.276072192	71.151605	0.0	0.0
0.257813	5.301782818	71.049249	0.0	0.0
0.258789	5.314167353	70.947764	0.0	0.0
0.259766	5.330526513	70.843806	0.0	0.0
0.260742	5.347785001	70.741419	0.0	0.0
0.261719	5.362216593	70.637198	0.0	0.0
0.262695	5.387992027	70.533060	0.0	0.0
0.263672	5.419048388	70.431177	0.0	0.0
0.264648	5.438655272	70.330659	0.0	0.0
0.265625	5.455823667	70.229356	0.0	0.0
0.266602	5.470260393	70.127793	0.0	0.0
0.267578	5.480409792	70.025491	0.0	0.0
0.268555	5.496507157	69.921369	0.0	0.0
0.269531	5.527031686	69.818637	0.0	0.0
0.270508	5.553931616	69.718489	0.0	0.0
0.271484	5.568757790	69.618506	0.0	0.0
0.272461	5.577501195	69.516548	0.0	0.0
0.273438	5.593842283	69.413144	0.0	0.0
0.274414	5.621001091	69.310921	0.0	0.0
0.275391	5.647659262	69.210471	0.0	0.0
0.276367	5.661691444	69.110670	0.0	0.0
0.277344	5.674263525	69.008665	0.0	0.0
0.278320	5.696703968	68.906921	0.0	0.0
0.279297	5.718579892	68.806175	0.0	0.0
0.280273	5.738095724	68.705360	0.0	0.0
0.281250	5.759773123	68.604806	0.0	0.0
0.282227	5.773188750	68.504746	0.0	0.0
0.283203	5.793338549	68.403483	0.0	0.0
0.284180	5.804918374	68.303133	0.0	0.0
0.285156	5.823558437	68.200866	0.0	0.0
0.286133	5.854675449	68.100422	0.0	0.0
0.287109	5.872472699	68.001690	0.0	0.0
0.288086	5.884079618	67.901815	0.0	0.0
0.289063	5.895073646	67.801034	0.0	0.0
0.290039	5.909089741	67.698517	0.0	0.0
0.291016	5.943223318	67.597470	0.0	0.0
0.291992	5.966206655	67.499515	0.0	0.0
0.292969	5.975613036	67.399917	0.0	0.0
0.293945	5.993003800	67.298401	0.0	0.0
0.294922	6.019037104	67.199000	0.0	0.0
0.295898	6.029588352	67.100310	0.0	0.0
0.296875	6.041034812	66.998545	0.0	0.0
0.297852	6.070177297	66.897786	0.0	0.0
0.298828	6.097254653	66.798739	0.0	0.0
0.299805	6.114347596	66.700255	0.0	0.0
0.300781	6.129017906	66.600580	0.0	0.0
0.301758	6.147922674	66.501468	0.0	0.0
0.302734	6.160262582	66.402307	0.0	0.0
0.303711	6.179924444	66.301484	0.0	0.0
0.304688	6.204375814	66.202898	0.0	0.0
0.305664	6.217163599	66.104261	0.0	0.0
0.306641	6.231993169	66.005205	0.0	0.0
0.307617	6.245171462	65.905401	0.0	0.0
0.308594	6.260917579	65.805767	0.0	0.0
0.309570	6.274600191	65.705281	0.0	0.0
0.310547	6.297240792	65.604985	0.0	0.0
0.311523	6.320044105	65.504694	0.0	0.0
0.312500	6.356302626	65.405493	0.0	0.0
0.313477	6.379300722	65.308779	0.0	0.0
0.314453	6.391955495	65.210651	0.0	0.0
0.315430	6.413231342	65.111867	0.0	0.0
0.316406	6.432900300	65.014233	0.0	0.0
0.317383	6.445113899	64.916138	0.0	0.0
0.318359	6.456870794	64.817186	0.0	0.0
0.319336	6.470086645	64.717989	0.0	0.0
0.320313	6.492458850	64.618115	0.0	0.0
0.321289	6.517802088	64.520375	0.0	0.0
0.322266	6.533719998	64.423204	0.0	0.0
0.323242	6.541700215	64.324809	0.0	0.0
0.324219	6.556655552	64.225004	0.0	0.0
0.325195	6.583004576	64.126029	0.0	0.0
0.326172	6.604058203	64.028681	0.0	0.0
0.327148	6.618338408	63.931267	0.0	0.0
0.328125	6.629448718	63.833503	0.0	0.0
0.329102	6.637085518	63.734800	0.0	0.0
0.330078	6.650549125	63.635252	0.0	0.0
0.331055	6.672008662	63.535924	0.0	0.0
0.332031	6.690354809	63.437689	0.0	0.0
0.333008	6.709124201	63.338950	0.0	0.0
0.333984	6.729761132	63.240891	0.0	0.0
0.334961	6.748701138	63.142042	0.0	0.0
0.335938	6.774085470	63.043808	0.0	0.0
0.336914	6.793422470	62.947050	0.0	0.0
0.337891	6.809499596	62.849047	0.0	0.0
0.338867	6.824231478	62.751385	0.0	0.0
0.339844	6.848190146	62.652838	0.0	0.0
0.340820	6.867945946	62.556596	0.0	0.0
0.341797	6.876594113	62.458963	0.0	0.0
0.342773	6.891744576	62.361021	0.0	0.0
0.343750	6.902536313	62.262852	0.0	0.0
0.344727	6.922318949	62.163816	0.0	0.0
0.345703	6.942412458	62.065334	0.0	0.0
0.346680	6.974603189	61.967290	0.0	0.0
0.347656	6.992177163	61.871834	0.0	0.0
0.348633	7.006166809	61.774005	0.0	0.0
0.349609	7.022473923	61.677601	0.0	0.0
0.350586	7.029139221	61.579663	0.0	0.0
0.351563	7.049890571	61.480961	0.0	0.0
0.352539	7.074192318	61.383973	0.0	0.0
0.353516	7.084140839	61.287972	0.0	0.0
0.354492	7.089254425	61.189739	0.0	0.0
0.355469	7.107163859	61.090799	0.0	0.0
0.356445	7.128235609	60.992858	0.0	0.0
0.357422	7.149725462	60.895160	0.0	0.0
0.358398	7.168858804	60.797535	0.0	0.0
0.359375	7.193257822	60.700134	0.0	0.0
0.360352	7.210617001	60.603117	0.0	0.0
0.361328	7.232557916	60.505704	0.0	0.0
0.362305	7.252733123	60.409293	0.0	0.0
0.363281	7.270443548	60.312763	0.0	0.0
0.364258	7.279660874	60.216373	0.0	0.0
0.365234	7.289581571	60.117218	0.0	0.0
0.366211	7.321867333	60.019638	0.0	0.0
0.367188	7.338092999	59.924435	0.0	0.0
0.368164	7.346629924	59.826011	0.0	0.0
0.369141	7.381735013	59.728411	0.0	0.0
0.370117	7.400901499	59.633482	0.0	0.0
0.371094	7.416454223	59.536820	0.0	0.0
0.372070	7.426015800	59.441317	0.0	0.0
0.373047	7.430638311	59.343365	0.0	0.0
0.374023	7.454107807	59.245536	0.0	0.0
0.375000	7.474355296	59.149305	0.0	0.0
0.375977	7.486090354	59.052909	0.0	0.0
0.376953	7.498151340	58.955829	0.0	0.0
0.377930	7.507586187	58.858132	0.0	0.0
0.378906	7.527829238	58.760322	0.0	0.0
0.379883	7.549339387	58.662766	0.0	0.0
0.380859	7.574733461	58.566039	0.0	0.0
0.381836	7.596102497	58.470044	0.0	0.0
0.382813	7.606855679	58.373065	0.0	0.0
0.383789	7.635573733	58.276180	0.0	0.0
0.384766	7.649587701	58.180908	0.0	0.0
0.385742	7.658036892	58.083636	0.0	0.0
0.386719	7.685983569	57.985696	0.0	0.0
0.387695	7.708180517	57.890705	0.0	0.0
0.388672	7.724280344	57.793932	0.0	0.0
0.389648	7.741833214	57.698778	0.0	0.0
0.390625	7.756407175	57.602481	0.0	0.0
0.391602	7.765022283	57.506434	0.0	0.0
0.392578	7.773110323	57.408602	0.0	0.0
0.393555	7.797690956	57.311006	0.0	0.0
0.394531	7.825658864	57.214911	0.0	0.0
0.395508	7.846184696	57.119893	0.0	0.0
0.396484	7.856057846	57.024340	0.0	0.0
0.397461	7.871579874	56.927577	0.0	0.0
0.398438	7.886973878	56.832145	0.0	0.0
0.399414	7.892490109	56.736092	0.0	0.0
0.400391	7.908212179	56.638599	0.0	0.0
0.401367	7.920184037	56.542510	0.0	0.0
0.402344	7.936957219	56.444974	0.0	0.0
0.403320	7.955912587	56.348522	0.0	0.0
0.404297	7.982814141	56.252726	0.0	0.0
0.405273	7.993763225	56.158009	0.0	0.0
0.406250	7.995200253	56.061709	0.0	0.0
0.407227	8.006459014	55.963789	0.0	0.0
0.408203	8.024699018	55.866697	0.0	0.0
0.409180	8.045654231	55.769167	0.0	0.0
0.410156	8.077587523	55.673159	0.0	0.0
0.411133	8.094770731	55.578467	0.0	0.0
0.412109	8.107262728	55.482302	0.0	0.0
0.413086	8.127564355	55.386660	0.0	0.0
0.414063	8.133868855	55.291558	0.0	0.0
0.415039	8.137149444	55.194312	0.0	0.0
0.416016	8.156499570	55.096729	0.0	0.0
0.416992	8.177638114	55.000280	0.0	0.0
0.417969	8.200152405	54.904021	0.0	0.0
0.418945	8.216717041	54.807811	0.0	0.0
0.419922	8.247494460	54.711540	0.0	0.0
0.420898	8.262620624	54.617433	0.0	0.0
0.421875	8.269417844	54.520972	0.0	0.0
0.422852	8.294654907	54.424204	0.0	0.0
0.423828	8.313313942	54.330072	0.0	0.0
0.424805	8.315659496	54.235105	0.0	0.0
0.425781	8.318062298	54.138139	0.0	0.0
0.426758	8.337858393	54.040298	0.0	0.0
0.427734	8.359231088	53.944261	0.0	0.0
0.428711	8.386518054	53.847843	0.0	0.0
0.429688	8.403279042	53.753458	0.0	0.0
0.430664	8.411357343	53.657442	0.0	0.0
0.431641	8.438505869	53.560997	0.0	0.0
0.432617	8.458267746	53.466872	0.0	0.0
0.433594	8.467639633	53.371988	0.0	0.0
0.434570	8.466343804	53.276516	0.0	0.0
0.435547	8.469677382	53.178150	0.0	0.0
0.436523	8.503244461	53.081512	0.0	0.0
0.437500	8.519647113	52.986259	0.0	0.0
0.438477	8.539354207	52.889881	0.0	0.0
0.439453	8.560494254	52.795032	0.0	0.0
0.440430	8.563887488	52.699629	0.0	0.0
0.441406	8.580206769	52.602870	0.0	0.0
0.442383	8.604549141	52.507232	0.0	0.0
0.443359	8.625299552	52.411386	0.0	0.0
0.444336	8.645449549	52.316756	0.0	0.0
0.445313	8.655897325	52.221750	0.0	0.0
0.446289	8.666589486	52.126480	0.0	0.0
0.447266	8.673775118	52.030692	0.0	0.0
0.448242	8.694589138	51.934590	0.0	0.0
0.449219	8.703639802	51.840021	0.0	0.0
0.450195	8.706818879	51.743835	0.0	0.0
0.451172	8.726618596	51.647030	0.0	0.0
0.452148	8.739704997	51.551501	0.0	0.0
0.453125	8.760833670	51.455663	0.0	0.0
0.454102	8.769531047	51.360909	0.0	0.0
0.455078	8.781507151	51.263771	0.0	0.0
0.456055	8.798896936	51.168288	0.0	0.0
0.457031	8.816297569	51.071555	0.0	0.0
0.458008	8.845593171	50.976574	0.0	0.0
0.458984	8.853827552	50.882125	0.0	0.0
0.459961	8.872221610	50.786039	0.0	0.0
0.460938	8.883692495	50.692164	0.0	0.0
0.461914	8.881836928	50.596746	0.0	0.0
0.462891	8.887631494	50.499208	0.0	0.0
0.463867	8.913539077	50.402915	0.0	0.0
0.464844	8.928106852	50.307244	0.0	0.0
0.465820	8.942558694	50.210884	0.0	0.0
0.466797	8.967135638	50.114644	0.0	0.0
0.467773	8.989393817	50.019549	0.0	0.0
0.468750	9.011152000	49.924275	0.0	0.0
0.469727	9.030222050	49.829721	0.0	0.0
0.470703	9.044486752	49.735176	0.0	0.0
0.471680	9.050510569	49.640571	0.0	0.0
0.472656	9.051528001	49.544031	0.0	0.0
0.473633	9.073978366	49.446676	0.0	0.0
0.474609	9.105343407	49.351019	0.0	0.0
0.475586	9.131009934	49.256699	0.0	0.0
0.476563	9.147471799	49.162863	0.0	0.0
0.477539	9.158996949	49.068623	0.0	0.0
0.478516	9.166571685	48.973760	0.0	0.0
0.479492	9.169926974	48.878854	0.0	0.0
0.480469	9.177934673	48.783109	0.0	0.0
0.481445	9.181130836	48.688103	0.0	0.0
0.482422	9.188522836	48.590498	0.0	0.0
0.483398	9.220345316	48.494294	0.0	0.0
0.484375	9.236588352	48.399817	0.0	0.0
0.485352	9.252905052	48.303850	0.0	0.0
0.486328	9.270201745	48.208541	0.0	0.0
0.487305	9.295740338	48.113059	0.0	0.0
0.488281	9.315085831	48.019535	0.0	0.0
0.489258	9.325809121	47.925161	0.0	0.0
0.490234	9.333381513	47.830383	0.0	0.0
0.491211	9.343511077	47.735335	0.0	0.0
0.492188	9.350883796	47.640598	0.0	0.0
0.493164	9.353010525	47.545189	0.0	0.0
0.494141	9.366790377	47.448635	0.0	0.0
0.495117	9.383072082	47.354305	0.0	0.0
0.496094	9.384776686	47.258752	0.0	0.0
0.497070	9.392759169	47.162482	0.0	0.0
0.498047	9.411750848	47.066211	0.0	0.0
0.499023	9.427234910	46.970643	0.0	0.0
0.500000	9.449436945	46.875219	0.0	0.0
0.500977	9.465885435	46.780621	0.0	0.0
0.501953	9.473888466	46.685101	0.0	0.0
0.502930	9.496829288	46.589521	0.0	0.0
0.503906	9.506785169	46.495024	0.0	0.0
0.504883	9.516035443	46.398351	0.0	0.0
0.505859	9.550080918	46.303105	0.0	0.0
0.506836	9.567227802	46.209431	0.0	0.0
0.507813	9.569993872	46.115006	0.0	0.0
0.508789	9.578478758	46.018002	0.0	0.0
0.509766	9.619027724	45.923099	0.0	0.0
0.510742	9.632139464	45.829814	0.0	0.0
0.511719	9.639700345	45.735093	0.0	0.0
0.512695	9.654735305	45.640342	0.0	0.0
0.513672	9.662262842	45.545746	0.0	0.0
0.514648	9.665920279	45.450204	0.0	0.0
0.515625	9.691912017	45.354341	0.0	0.0
0.516602	9.710134185	45.260946	0.0	0.0
0.517578	9.715523993	45.166794	0.0	0.0
0.518555	9.716692217	45.071765	0.0	0.0
0.519531	9.729225862	44.976229	0.0	0.0
0.520508	9.732058532	44.881612	0.0	0.0
0.521484	9.737392848	44.784688	0.0	0.0
0.522461	9.765989905	44.688818	0.0	0.0
0.523438	9.786596661	44.593641	0.0	0.0
0.524414	9.811842822	44.499360	0.0	0.0
0.525391	9.829496095	44.405385	0.0	0.0
0.526367	9.836635760	44.312080	0.0	0.0
0.527344	9.831254548	44.217462	0.0	0.0
0.528320	9.829577090	44.120356	0.0	0.0
0.529297	9.857334909	44.024058	0.0	0.0
0.530273	9.877839783	43.929234	0.0	0.0
0.531250	9.908729623	43.834152	0.0	0.0
0.532227	9.929028942	43.740913	0.0	0.0
0.533203	9.937195401	43.647252	0.0	0.0
0.534180	9.943776654	43.553255	0.0	0.0
0.535156	9.946287141	43.458459	0.0	0.0
0.536133	9.954342813	43.363488	0.0	0.0
0.537109	9.959211237	43.267765	0.0	0.0
0.538086	9.983430989	43.172744	0.0	0.0
0.539063	9.988278276	43.079007	0.0	0.0
0.540039	9.991198685	42.982652	0.0	0.0
0.541016	10.023970779	42.887073	0.0	0.0
0.541992	10.041367027	42.793515	0.0	0.0
0.542969	10.054683250	42.699444	0.0	0.0
0.543945	10.059543404	42.605938	0.0	0.0
0.544922	10.058326146	42.510688	0.0	0.0
0.545898	10.068146828	42.415312	0.0	0.0
0.546875	10.080418015	42.319769	0.0	0.0
0.547852	10.094511416	42.224267	0.0	0.0
0.548828	10.115847588	42.129047	0.0	0.0
0.549805	10.133222541	42.034139	0.0	0.0
0.550781	10.161586606	41.939927	0.0	0.0
0.551758	10.171687896	41.846962	0.0	0.0
0.552734	10.172619335	41.751976	0.0	0.0
0.553711	10.199191747	41.656604	0.0	0.0
0.554688	10.215512864	41.563432	0.0	0.0
0.555664	10.221632827	41.469755	0.0	0.0
0.556641	10.220415876	41.375057	0.0	0.0
0.557617	10.237399932	41.279535	0.0	0.0
0.558594	10.251127864	41.185979	0.0	0.0
0.559570	10.258443469	41.090947	0.0	0.0
0.560547	10.279356592	40.996858	0.0	0.0
0.561523	10.284013962	40.903267	0.0	0.0
0.562500	10.282883956	40.808654	0.0	0.0
0.563477	10.287042553	40.712338	0.0	0.0
0.564453	10.318266744	40.617137	0.0	0.0
0.565430	10.337393178	40.524037	0.0	0.0
0.566406	10.339958133	40.429914	0.0	0.0
0.567383	10.359253513	40.334968	0.0	0.0
0.568359	10.372191136	40.241839	0.0	0.0
0.569336	10.377999524	40.148148	0.0	0.0
0.570313	10.372137239	40.054012	0.0	0.0
0.571289	10.373724561	39.958348	0.0	0.0
0.572266	10.391746987	39.863586	0.0	0.0
0.573242	10.394503723	39.769006	0.0	0.0
0.574219	10.408303013	39.673240	0.0	0.0
0.575195	10.428894225	39.578714	0.0	0.0
0.576172	10.440525513	39.484664	0.0	0.0
0.577148	10.449983945	39.389725	0.0	0.0
0.578125	10.469510977	39.295295	0.0	0.0
0.579102	10.481166668	39.201154	0.0	0.0
0.580078	10.490702864	39.105810	0.0	0.0
0.581055	10.524335919	39.011722	0.0	0.0
0.582031	10.532548370	38.918948	0.0	0.0
0.583008	10.548731827	38.824142	0.0	0.0
0.583984	10.555818735	38.731276	0.0	0.0
0.584961	10.568867202	38.636300	0.0	0.0
0.585938	10.580573815	38.543137	0.0	0.0
0.586914	10.579862645	38.449149	0.0	0.0
0.587891	10.599482542	38.353853	0.0	0.0
0.588867	10.615814992	38.260561	0.0	0.0
0.589844	10.616670990	38.166697	0.0	0.0
0.590820	10.632423574	38.071623	0.0	0.0
0.591797	10.652966876	37.978202	0.0	0.0
0.592773	10.661499534	37.885309	0.0	0.0
0.593750	10.666261864	37.791506	0.0	0.0
0.594727	10.666214647	37.697499	0.0	0.0
0.595703	10.679068705	37.602129	0.0	0.0
0.596680	10.693551041	37.509194	0.0	0.0
0.597656	10.694635712	37.415631	0.0	0.0
0.598633	10.701765666	37.320667	0.0	0.0
0.599609	10.705395340	37.226869	0.0	0.0
0.600586	10.712546209	37.130703	0.0	0.0
0.601563	10.752558815	37.036464	0.0	0.0
0.602539	10.763971377	36.944178	0.0	0.0
0.603516	10.777699997	36.850402	0.0	0.0
0.604492	10.784920827	36.757815	0.0	0.0
0.605469	10.782515165	36.664399	0.0	0.0
0.606445	10.779488071	36.570305	0.0	0.0
0.607422	10.787689492	36.474868	0.0	0.0
0.608398	10.799132635	36.380253	0.0	0.0
0.609375	10.825582545	36.285904	0.0	0.0
0.610352	10.832511513	36.193351	0.0	0.0
0.611328	10.844314339	36.098393	0.0	0.0
0.612305	10.857717787	36.005649	0.0	0.0
0.613281	10.858295459	35.910972	0.0	0.0
0.614258	10.887657379	35.816421	0.0	0.0
0.615234	10.909321385	35.724479	0.0	0.0
0.616211	10.913484046	35.631656	0.0	0.0
0.617188	10.917915716	35.538748	0.0	0.0
0.618164	10.913717407	35.445538	0.0	0.0
0.619141	10.911689961	35.350266	0.0	0.0
0.620117	10.936525544	35.256167	0.0	0.0
0.621094	10.941945036	35.163915	0.0	0.0
0.622070	10.937015208	35.069951	0.0	0.0
0.623047	10.940137919	34.974953	0.0	0.0
0.624023	10.959125657	34.879814	0.0	0.0
0.625000	10.992298118	34.786302	0.0	0.0
0.625977	10.999623325	34.694032	0.0	0.0
0.626953	11.016925691	34.600547	0.0	0.0
0.627930	11.025439511	34.508455	0.0	0.0
0.628906	11.021159984	34.415745	0.0	0.0
0.629883	11.014702538	34.321444	0.0	0.0
0.630859	11.026707966	34.227369	0.0	0.0
0.631836	11.030317151	34.133405	0.0	0.0
0.632813	11.055365669	34.039015	0.0	0.0
0.633789	11.056716686	33.946739	0.0	0.0
0.634766	11.063160328	33.852244	0.0	0.0
0.635742	11.082659625	33.758778	0.0	0.0
0.636719	11.086595274	33.665970	0.0	0.0
0.637695	11.090330354	33.571266	0.0	0.0
0.638672	11.113722659	33.477521	0.0	0.0
0.639648	11.129983836	33.384380	0.0	0.0
0.640625	11.150586779	33.291602	0.0	0.0
0.641602	11.157095912	33.199429	0.0	0.0
0.642578	11.164268900	33.106204	0.0	0.0
0.643555	11.161860828	33.013312	0.0	0.0
0.644531	11.176450520	32.918873	0.0	0.0
0.645508	11.185686117	32.826313	0.0	0.0
0.646484	11.196410460	32.732373	0.0	0.0
0.647461	11.223418214	32.639184	0.0	0.0
0.648438	11.234015699	32.547791	0.0	0.0
0.649414	11.231367731	32.455485	0.0	0.0
0.650391	11.238134401	32.361866	0.0	0.0
0.651367	11.239568243	32.268699	0.0	0.0
0.652344	11.259052262	32.175525	0.0	0.0
0.653320	11.260911449	32.083500	0.0	0.0
0.654297	11.264568005	31.990803	0.0	0.0
0.655273	11.259261825	31.897093	0.0	0.0
0.656250	11.273313631	31.802611	0.0	0.0
0.657227	11.304511181	31.709956	0.0	0.0
0.658203	11.314024951	31.619054	0.0	0.0
0.659180	11.308094726	31.527062	0.0	0.0
0.660156	11.297371184	31.434067	0.0	0.0
0.661133	11.294187232	31.339554	0.0	0.0
0.662109	11.312805054	31.245636	0.0	0.0
0.663086	11.325459040	31.152784	0.0	0.0
0.664063	11.335230956	31.059326	0.0	0.0
0.665039	11.350841217	30.966646	0.0	0.0
0.666016	11.365221209	30.874315	0.0	0.0
0.666992	11.361740567	30.781991	0.0	0.0
0.667969	11.369518990	30.687773	0.0	0.0
0.668945	11.389793076	30.595013	0.0	0.0
0.669922	11.405869148	30.502061	0.0	0.0
0.670898	11.428339376	30.410791	0.0	0.0
0.671875	11.423829865	30.319462	0.0	0.0
0.672852	11.423010235	30.225336	0.0	0.0
0.673828	11.447955955	30.132777	0.0	0.0
0.674805	11.452808042	30.041097	0.0	0.0
0.675781	11.463850578	29.949175	0.0	0.0
0.676758	11.459818588	29.857622	0.0	0.0
0.677734	11.460490582	29.764943	0.0	0.0
0.678711	11.462742153	29.672777	0.0	0.0
0.679688	11.450945688	29.579545	0.0	0.0
0.680664	11.459995846	29.484874	0.0	0.0
0.681641	11.490769369	29.391785	0.0	0.0
0.682617	11.517633748	29.300278	0.0	0.0
0.683594	11.519275818	29.209832	0.0	0.0
0.684570	11.504816438	29.117889	0.0	0.0
0.685547	11.511223883	29.023967	0.0	0.0
0.686523	11.514790471	28.931952	0.0	0.0
0.687500	11.521137590	28.837989	0.0	0.0
0.688477	11.544247489	28.744873	0.0	0.0
0.689453	11.570945338	28.652204	0.0	0.0
0.690430	11.595513028	28.561592	0.0	0.0
0.691406	11.595559010	28.471209	0.0	0.0
0.692383	11.589926973	28.378818	0.0	0.0
0.693359	11.611092892	28.286251	0.0	0.0
0.694336	11.620978360	28.195871	0.0	0.0
0.695313	11.619077839	28.104490	0.0	0.0
0.696289	11.618061237	28.012777	0.0	0.0
0.697266	11.615421554	27.920510	0.0	0.0
0.698242	11.623586223	27.828140	0.0	0.0
0.699219	11.629669722	27.736573	0.0	0.0
0.700195	11.622657766	27.644578	0.0	0.0
0.701172	11.623955326	27.551252	0.0	0.0
0.702148	11.638507408	27.458852	0.0	0.0
0.703125	11.644147764	27.366120	0.0	0.0
0.704102	11.671298601	27.273195	0.0	0.0
0.705078	11.705710326	27.183007	0.0	0.0
0.706055	11.708588991	27.093033	0.0	0.0
0.707031	11.705091400	27.001799	0.0	0.0
0.708008	11.710566340	26.910486	0.0	0.0
0.708984	11.709605014	26.819271	0.0	0.0
0.709961	11.707069510	26.728051	0.0	0.0
0.710938	11.701519222	26.636295	0.0	0.0
0.711914	11.692398164	26.544068	0.0	0.0
0.712891	11.701015461	26.449491	0.0	0.0
0.713867	11.746470044	26.358192	0.0	0.0
0.714844	11.753527264	26.268846	0.0	0.0
0.715820	11.745185129	26.177726	0.0	0.0
0.716797	11.750165682	26.086076	0.0	0.0
0.717773	11.756485851	25.994664	0.0	0.0
0.718750	11.761741018	25.903305	0.0	0.0
0.719727	11.758325206	25.812560	0.0	0.0
0.720703	11.758307200	25.720097	0.0	0.0
0.721680	11.763518194	25.628405	0.0	0.0
0.722656	11.778307525	25.535876	0.0	0.0
0.723633	11.799695826	25.445422	0.0	0.0
0.724609	11.799440278	25.355067	0.0	0.0
0.725586	11.805766332	25.263602	0.0	0.0
0.726563	11.810468705	25.172917	0.0	0.0
0.727539	11.816957064	25.082039	0.0	0.0
0.728516	11.816705154	24.991438	0.0	0.0
0.729492	11.809595954	24.900529	0.0	0.0
0.730469	11.807070206	24.808027	0.0	0.0
0.731445	11.824818536	24.716909	0.0	0.0
0.732422	11.816588587	24.625929	0.0	0.0
0.733398	11.823770041	24.533004	0.0	0.0
0.734375	11.851032033	24.441170	0.0	0.0
0.735352	11.880007175	24.351335	0.0	0.0
0.736328	11.879298725	24.262395	0.0	0.0
0.737305	11.867960549	24.171888	0.0	0.0
0.738281	11.878177649	24.080311	0.0	0.0
0.739258	11.877125373	23.990463	0.0	0.0
0.740234	11.869015006	23.898750	0.0	0.0
0.741211	11.889773418	23.807093	0.0	0.0
0.742188	11.889652050	23.717145	0.0	0.0
0.743164	11.888624605	23.625230	0.0	0.0
0.744141	11.905080858	23.533629	0.0	0.0
0.745117	11.918977656	23.442909	0.0	0.0
0.746094	11.943176125	23.352024	0.0	0.0
0.747070	11.965943902	23.263259	0.0	0.0
0.748047	11.961935878	23.174531	0.0	0.0
0.749023	11.956714348	23.084265	0.0	0.0
0.750000	11.957758996	22.993944	0.0	0.0
0.750977	11.950306524	22.903599	0.0	0.0
0.751953	11.949960031	22.811231	0.0	0.0
0.752930	11.981778494	22.720631	0.0	0.0
0.753906	11.990471942	22.632327	0.0	0.0
0.754883	11.977853410	22.542463	0.0	0.0
0.755859	11.981618096	22.450827	0.0	0.0
0.756836	12.005889008	22.360835	0.0	0.0
0.757813	12.006742018	22.271477	0.0	0.0
0.758789	12.012253426	22.181642	0.0	0.0
0.759766	12.016665120	22.092055	0.0	0.0
0.760742	12.014530308	22.002445	0.0	0.0
0.761719	12.014293516	21.912563	0.0	0.0
0.762695	12.008393201	21.822868	0.0	0.0
0.763672	12.007434533	21.732044	0.0	0.0
0.764648	12.024718349	21.641505	0.0	0.0
0.765625	12.033197019	21.552915	0.0	0.0
0.766602	12.027823376	21.463198	0.0	0.0
0.767578	12.022834337	21.373079	0.0	0.0
0.768555	12.028313549	21.282914	0.0	0.0
0.769531	12.025269878	21.193481	0.0	0.0
0.770508	12.027838470	21.103054	0.0	0.0
0.771484	12.029851995	21.012338	0.0	0.0
0.772461	12.048799182	20.921804	0.0	0.0
0.773438	12.071446367	20.833334	0.0	0.0
0.774414	12.069025849	20.745431	0.0	0.0
0.775391	12.054054965	20.656190	0.0	0.0
0.776367	12.045922631	20.565617	0.0	0.0
0.777344	12.048600130	20.475162	0.0	0.0
0.778320	12.054996084	20.385394	0.0	0.0
0.779297	12.062209881	20.295329	0.0	0.0
0.780273	12.079063479	20.205510	0.0	0.0
0.781250	12.080528887	20.117476	0.0	0.0
0.782227	12.073546452	20.026917	0.0	0.0
0.783203	12.086732700	19.936926	0.0	0.0
0.784180	12.099928123	19.846957	0.0	0.0
0.785156	12.120363408	19.758107	0.0	0.0
0.786133	12.132592811	19.670265	0.0	0.0
0.787109	12.124673326	19.581750	0.0	0.0
0.788086	12.133143860	19.491286	0.0	0.0
0.789063	12.162700923	19.403366	0.0	0.0
0.790039	12.155650227	19.316512	0.0	0.0
0.791016	12.136459596	19.227563	0.0	0.0
0.791992	12.146639966	19.137377	0.0	0.0
0.792969	12.151847991	19.049554	0.0	0.0
0.793945	12.142017521	18.961019	0.0	0.0
0.794922	12.136695344	18.871175	0.0	0.0
0.795898	12.145104634	18.781153	0.0	0.0
0.796875	12.162463466	18.692976	0.0	0.0
0.797852	12.155167656	18.604409	0.0	0.0
0.798828	12.165501628	18.514742	0.0	0.0
0.799805	12.179771764	18.426378	0.0	0.0
0.800781	12.199150345	18.338266	0.0	0.0
0.801758	12.198127026	18.251730	0.0	0.0
0.802734	12.189371350	18.163979	0.0	0.0
0.803711	12.176404272	18.075332	0.0	0.0
0.804688	12.166684649	17.985131	0.0	0.0
0.805664	12.190751238	17.895848	0.0	0.0
0.806641	12.209878678	17.808942	0.0	0.0
0.807617	12.196119273	17.721237	0.0	0.0
0.808594	12.203304394	17.632376	0.0	0.0
0.809570	12.203421597	17.545161	0.0	0.0
0.810547	12.203063722	17.456838	0.0	0.0
0.811523	12.190485910	17.368800	0.0	0.0
0.812500	12.195400720	17.279001	0.0	0.0
0.813477	12.208360307	17.190647	0.0	0.0
0.814453	12.219603992	17.103265	0.0	0.0
0.815430	12.210931774	17.015770	0.0	0.0
0.816406	12.219533328	16.926245	0.0	0.0
0.817383	12.243804142	16.839430	0.0	0.0
0.818359	12.237387661	16.753497	0.0	0.0
0.819336	12.219061668	16.665539	0.0	0.0
0.820313	12.222639132	16.576310	0.0	0.0
0.821289	12.220054777	16.489297	0.0	0.0
0.822266	12.213927383	16.400226	0.0	0.0
0.823242	12.226346427	16.311228	0.0	0.0
0.824219	12.250996364	16.223774	0.0	0.0
0.825195	12.260190616	16.136729	0.0	0.0
0.826172	12.275809720	16.050137	0.0	0.0
0.827148	12.270524204	15.964566	0.0	0.0
0.828125	12.255525029	15.877784	0.0	0.0
0.829102	12.233915279	15.789536	0.0	0.0
0.830078	12.231123145	15.699938	0.0	0.0
0.831055	12.255913923	15.611298	0.0	0.0
0.832031	12.281197752	15.523860	0.0	0.0
0.833008	12.304796949	15.438731	0.0	0.0
0.833984	12.297770092	15.353314	0.0	0.0
0.834961	12.284203564	15.266821	0.0	0.0
0.835938	12.277361147	15.179961	0.0	0.0
0.836914	12.266262464	15.092711	0.0	0.0
0.837891	12.264094012	15.004472	0.0	0.0
0.838867	12.277119106	14.917399	0.0	0.0
0.839844	12.268490767	14.830768	0.0	0.0
0.840820	12.273390145	14.742292	0.0	0.0
0.841797	12.295422524	14.656245	0.0	0.0
0.842773	12.290668715	14.570919	0.0	0.0
0.843750	12.285257642	14.483863	0.0	0.0
0.844727	12.285949329	14.397653	0.0	0.0
0.845703	12.267407164	14.310923	0.0	0.0
0.846680	12.273735523	14.222462	0.0	0.0
0.847656	12.283826127	14.136137	0.0	0.0
0.848633	12.289904953	14.048788	0.0	0.0
0.849609	12.301955216	13.963215	0.0	0.0
0.850586	12.291115984	13.877569	0.0	0.0
0.851563	12.288724237	13.789320	0.0	0.0
0.852539	12.318740001	13.703910	0.0	0.0
0.853516	12.307997884	13.619028	0.0	0.0
0.854492	12.301269542	13.532475	0.0	0.0
0.855469	12.298297523	13.445789	0.0	0.0
0.856445	12.303013478	13.359493	0.0	0.0
0.857422	12.310951880	13.273375	0.0	0.0
0.858398	12.299166677	13.188676	0.0	0.0
0.859375	12.280174000	13.101762	0.0	0.0
0.860352	12.286018392	13.013532	0.0	0.0
0.861328	12.298946618	12.926909	0.0	0.0
0.862305	12.320546420	12.840267	0.0	0.0
0.863281	12.349778555	12.756139	0.0	0.0
0.864258	12.334901056	12.672819	0.0	0.0
0.865234	12.311179778	12.586947	0.0	0.0
0.866211	12.313318131	12.498494	0.0	0.0
0.867188	12.350792744	12.413709	0.0	0.0
0.868164	12.347053254	12.330436	0.0	0.0
0.869141	12.329633297	12.245877	0.0	0.0
0.870117	12.313714449	12.160221	0.0	0.0
0.871094	12.302305637	12.074056	0.0	0.0
0.872070	12.294663517	11.987147	0.0	0.0
0.873047	12.306220838	11.901037	0.0	0.0
0.874023	12.302898808	11.815907	0.0	0.0
0.875000	12.313527764	11.728872	0.0	0.0
0.875977	12.337872657	11.644556	0.0	0.0
0.876953	12.324655779	11.559972	0.0	0.0
0.877930	12.337008915	11.474315	0.0	0.0
0.878906	12.338396747	11.389826	0.0	0.0
0.879883	12.350258334	11.304904	0.0	0.0
0.880859	12.343666307	11.221543	0.0	0.0
0.881836	12.333362589	11.136087	0.0	0.0
0.882813	12.342774686	11.050935	0.0	0.0
0.883789	12.336735184	10.967454	0.0	0.0
0.884766	12.321247850	10.882097	0.0	0.0
0.885742	12.323857409	10.796825	0.0	0.0
0.886719	12.319998139	10.712191	0.0	0.0
0.887695	12.321554112	10.627022	0.0	0.0
0.888672	12.314412154	10.542348	0.0	0.0
0.889648	12.329744890	10.457363	0.0	0.0
0.890625	12.320324772	10.373936	0.0	0.0
0.891602	12.308026910	10.288442	0.0	0.0
0.892578	12.318099953	10.203121	0.0	0.0
0.893555	12.319472892	10.118459	0.0	0.0
0.894531	12.337387182	10.033956	0.0	0.0
0.895508	12.339992027	9.951681	0.0	0.0
0.896484	12.314095002	9.867465	0.0	0.0
0.897461	12.309540406	9.781311	0.0	0.0
0.898438	12.333912210	9.696823	0.0	0.0
0.899414	12.324737977	9.613830	0.0	0.0
0.900391	12.330777501	9.528203	0.0	0.0
0.901367	12.348050821	9.445661	0.0	0.0
0.902344	12.330371227	9.362449	0.0	0.0
0.903320	12.326930318	9.277442	0.0	0.0
0.904297	12.333574134	9.193164	0.0	0.0
0.905273	12.343149978	9.109934	0.0	0.0
0.906250	12.334245030	9.027029	0.0	0.0
0.907227	12.333256678	8.942162	0.0	0.0
0.908203	12.341808799	8.858608	0.0	0.0
0.909180	12.350996008	8.776170	0.0	0.0
0.910156	12.335936204	8.693701	0.0	0.0
0.911133	12.317249895	8.609259	0.0	0.0
0.912109	12.324822817	8.524038	0.0	0.0
0.913086	12.343199315	8.440837	0.0	0.0
0.914063	12.350514953	8.358539	0.0	0.0
0.915039	12.344885996	8.276245	0.0	0.0
0.916016	12.340871235	8.192761	0.0	0.0
0.916992	12.331619901	8.110106	0.0	0.0
0.917969	12.325590984	8.026006	0.0	0.0
0.918945	12.337285082	7.943388	0.0	0.0
0.919922	12.320929503	7.860841	0.0	0.0
0.920898	12.325037826	7.777120	0.0	0.0
0.921875	12.310129645	7.694797	0.0	0.0
0.922852	12.308857080	7.609609	0.0	0.0
0.923828	12.325886677	7.526191	0.0	0.0
0.924805	12.345910395	7.444464	0.0	0.0
0.925781	12.344631616	7.363248	0.0	0.0
0.926758	12.326264675	7.281262	0.0	0.0
0.927734	12.309602805	7.197597	0.0	0.0
0.928711	12.318765523	7.113795	0.0	0.0
0.929688	12.327234173	7.031172	0.0	0.0
0.930664	12.326545912	6.949161	0.0	0.0
0.931641	12.329112165	6.866597	0.0	0.0
0.932617	12.328003030	6.784526	0.0	0.0
0.933594	12.329231222	6.701320	0.0	0.0
0.934570	12.340100842	6.619000	0.0	0.0
0.935547	12.351853673	6.537078	0.0	0.0
0.936523	12.352517613	6.455904	0.0	0.0
0.937500	12.367119092	6.374508	0.0	0.0
0.938477	12.360393670	6.294424	0.0	0.0
0.939453	12.345375864	6.213003	0.0	0.0
0.940430	12.329692358	6.131110	0.0	0.0
0.941406	12.314484319	6.048541	0.0	0.0
0.942383	12.328592468	5.965751	0.0	0.0
0.943359	12.320201740	5.885256	0.0	0.0
0.944336	12.315924885	5.803087	0.0	0.0
0.945313	12.315292294	5.721056	0.0	0.0
0.946289	12.322862207	5.639606	0.0	0.0
0.947266	12.321270623	5.559200	0.0	0.0
0.948242	12.305803830	5.478147	0.0	0.0
0.949219	12.298804596	5.396297	0.0	0.0
0.950195	12.283164529	5.314886	0.0	0.0
0.951172	12.279258964	5.232027	0.0	0.0
0.952148	12.289976992	5.150125	0.0	0.0
0.953125	12.284765543	5.069339	0.0	0.0
0.954102	12.290958497	4.987512	0.0	0.0
0.955078	12.280800332	4.906895	0.0	0.0
0.956055	12.287882352	4.823652	0.0	0.0
0.957031	12.318601838	4.744180	0.0	0.0
0.958008	12.306834929	4.665501	0.0	0.0
0.958984	12.289962261	4.584621	0.0	0.0
0.959961	12.276724710	4.502938	0.0	0.0
0.960938	12.289876993	4.421599	0.0	0.0
0.961914	12.282707426	4.342377	0.0	0.0
0.962891	12.268031035	4.261743	0.0	0.0
0.963867	12.252543382	4.180141	0.0	0.0
0.964844	12.259031255	4.096960	0.0	0.0
0.965820	12.291168213	4.017339	0.0	0.0
0.966797	12.289782627	3.938871	0.0	0.0
0.967773	12.274806309	3.859449	0.0	0.0
0.968750	12.258004552	3.779023	0.0	0.0
0.969727	12.250336453	3.697777	0.0	0.0
0.970703	12.256387664	3.617182	0.0	0.0
0.971680	12.245887808	3.537437	0.0	0.0
0.972656	12.248984139	3.456337	0.0	0.0
0.973633	12.250520612	3.376937	0.0	0.0
0.974609	12.237577295	3.296688	0.0	0.0
0.975586	12.244902542	3.215946	0.0	0.0
0.976563	12.243529024	3.137139	0.0	0.0
0.977539	12.238787340	3.057154	0.0	0.0
0.978516	12.223638849	2.977510	0.0	0.0
0.979492	12.232683487	2.896692	0.0	0.0
0.980469	12.228665520	2.818307	0.0	0.0
0.981445	12.219418339	2.738692	0.0	0.0
0.982422	12.198223469	2.658527	0.0	0.0
0.983398	12.201019973	2.576459	0.0	0.0
0.984375	12.227142687	2.497940	0.0	0.0
0.985352	12.208620561	2.419593	0.0	0.0
0.986328	12.203438786	2.338618	0.0	0.0
0.987305	12.219139668	2.259033	0.0	0.0
0.988281	12.227353256	2.180715	0.0	0.0
0.989258	12.212580139	2.102919	0.0	0.0
0.990234	12.188540523	2.023187	0.0	0.0
0.991211	12.190062120	1.941943	0.0	0.0
0.992188	12.205421026	1.862786	0.0	0.0
0.993164	12.212448465	1.784166	0.0	0.0
0.994141	12.217560085	1.705438	0.0	0.0
0.995117	12.214832421	1.627034	0.0	0.0
0.996094	12.215235425	1.548572	0.0	0.0
0.997070	12.213468248	1.470134	0.0	0.0
0.998047	12.216606390	1.391008	0.0	0.0
0.999023	12.222982379	1.314059	0.0	0.0
1.000000	12.208574290	1.235572	0.0	0.0
1.000977	12.215389053	1.157488	0.0	0.0
1.001953	12.204898438	1.080636	0.0	0.0
1.002930	12.188593042	1.002516	0.0	0.0
1.003906	12.171934616	0.924075	0.0	0.0
1.004883	12.161804305	0.845311	0.0	0.0
1.005859	12.148113095	0.766210	0.0	0.0
1.006836	12.156310329	0.687514	0.0	0.0
1.007813	12.148495157	0.610338	0.0	0.0
1.008789	12.126339650	0.531352	0.0	0.0
1.009766	12.132796265	0.451018	0.0	0.0
1.010742	12.147969344	0.373632	0.0	0.0
1.011719	12.139436216	0.296035	0.0	0.0
1.012695	12.151993462	0.217217	0.0	0.0
1.013672	12.165367208	0.141289	0.0	0.0
1.014648	12.141099755	0.064581	0.0	0.0
1.015625	12.136641452	-0.014593	0.0	0.0
1.016602	12.141119567	-0.091874	0.0	0.0
1.017578	12.131375117	-0.169240	0.0	0.0
1.018555	12.138723359	-0.247147	0.0	0.0
1.019531	12.145216958	-0.323512	0.0	0.0
1.020508	12.132586654	-0.399483	0.0	0.0
1.021484	12.114260244	-0.476950	0.0	0.0
1.022461	12.106921921	-0.554820	0.0	0.0
1.023438	12.098274357	-0.631493	0.0	0.0
1.024414	12.081477581	-0.709547	0.0	0.0
1.025391	12.081800560	-0.787982	0.0	0.0
1.026367	12.093569300	-0.866127	0.0	0.0
1.027344	12.110856536	-0.941741	0.0	0.0
1.028320	12.087035623	-1.017634	0.0	0.0
1.029297	12.085671171	-1.096008	0.0	0.0
1.030273	12.098760144	-1.171831	0.0	0.0
1.031250	12.079262656	-1.247873	0.0	0.0
1.032227	12.075390198	-1.325832	0.0	0.0
1.033203	12.067791286	-1.402050	0.0	0.0
1.034180	12.064526493	-1.480051	0.0	0.0
1.035156	12.084098778	-1.556069	0.0	0.0
1.036133	12.082035524	-1.631019	0.0	0.0
1.037109	12.061911497	-1.706969	0.0	0.0
1.038086	12.057379620	-1.784305	0.0	0.0
1.039063	12.055622203	-1.860356	0.0	0.0
1.040039	12.046883803	-1.936685	0.0	0.0
1.041016	12.048907820	-2.013834	0.0	0.0
1.041992	12.065202011	-2.088894	0.0	0.0
1.042969	12.048584439	-2.164327	0.0	0.0
1.043945	12.049029859	-2.240515	0.0	0.0
1.044922	12.054325002	-2.315965	0.0	0.0
1.045898	12.042151458	-2.390186	0.0	0.0
1.046875	12.027336910	-2.465895	0.0	0.0
1.047852	12.007792870	-2.541938	0.0	0.0
1.048828	11.994084381	-2.618520	0.0	0.0
1.049805	11.999105047	-2.695221	0.0	0.0
1.050781	11.993305322	-2.770459	0.0	0.0
1.051758	11.996659994	-2.847516	0.0	0.0
1.052734	12.016595227	-2.921917	0.0	0.0
1.053711	12.002143691	-2.995464	0.0	0.0
1.054688	11.980761966	-3.070394	0.0	0.0
1.055664	11.954309499	-3.146634	0.0	0.0
1.056641	11.953679937	-3.224748	0.0	0.0
1.057617	11.975132639	-3.300429	0.0	0.0
1.058594	11.987316456	-3.374924	0.0	0.0
1.059570	11.984400204	-3.448666	0.0	0.0
1.060547	11.976282162	-3.523454	0.0	0.0
1.061523	11.977942839	-3.598774	0.0	0.0
1.062500	11.985224864	-3.672419	0.0	0.0
1.063477	11.968715481	-3.745696	0.0	0.0
1.064453	11.950060615	-3.820486	0.0	0.0
1.065430	11.937352591	-3.895888	0.0	0.0
1.066406	11.928764532	-3.970800	0.0	0.0
1.067383	11.935763209	-4.046689	0.0	0.0
1.068359	11.935930419	-4.119705	0.0	0.0
1.069336	11.919904780	-4.193631	0.0	0.0
1.070313	11.901292074	-4.269168	0.0	0.0
1.071289	11.906971869	-4.345322	0.0	0.0
1.072266	11.919305991	-4.419551	0.0	0.0
1.073242	11.924270704	-4.492844	0.0	0.0
1.074219	11.910179919	-4.566392	0.0	0.0
1.075195	11.912067032	-4.641101	0.0	0.0
1.076172	11.910981129	-4.714294	0.0	0.0
1.077148	11.892318598	-4.788600	0.0	0.0
1.078125	11.903551775	-4.863873	0.0	0.0
1.079102	11.921348629	-4.935650	0.0	0.0
1.080078	11.901218054	-5.007494	0.0	0.0
1.081055	11.878824345	-5.080832	0.0	0.0
1.082031	11.855886164	-5.155258	0.0	0.0
1.083008	11.852396674	-5.230156	0.0	0.0
1.083984	11.842819820	-5.303889	0.0	0.0
1.084961	11.845318382	-5.378887	0.0	0.0
1.085938	11.858229856	-5.451906	0.0	0.0
1.086914	11.843464411	-5.525083	0.0	0.0
1.087891	11.846976843	-5.599032	0.0	0.0
1.088867	11.846731656	-5.672285	0.0	0.0
1.089844	11.853369218	-5.745312	0.0	0.0
1.090820	11.857174286	-5.817753	0.0	0.0
1.091797	11.860386158	-5.889282	0.0	0.0
1.092773	11.840270186	-5.960790	0.0	0.0
1.093750	11.824146041	-6.033677	0.0	0.0
1.094727	11.802506254	-6.106952	0.0	0.0
1.095703	11.796152307	-6.180962	0.0	0.0
1.096680	11.805522440	-6.253641	0.0	0.0
1.097656	11.794628084	-6.325257	0.0	0.0
1.098633	11.774849302	-6.398440	0.0	0.0
1.099609	11.771638191	-6.471938	0.0	0.0
1.100586	11.768487520	-6.544039	0.0	0.0
1.101563	11.761942154	-6.617116	0.0	0.0
1.102539	11.757497658	-6.690378	0.0	0.0
1.103516	11.771510604	-6.762511	0.0	0.0
1.104492	11.758602220	-6.833633	0.0	0.0
1.105469	11.749034547	-6.906628	0.0	0.0
1.106445	11.749461055	-6.978072	0.0	0.0
1.107422	11.730811266	-7.050379	0.0	0.0
1.108398	11.730473242	-7.123305	0.0	0.0
1.109375	11.723485065	-7.195285	0.0	0.0
1.110352	11.726111908	-7.268198	0.0	0.0
1.111328	11.726072528	-7.339220	0.0	0.0
1.112305	11.718471878	-7.411576	0.0	0.0
1.113281	11.726091941	-7.483682	0.0	0.0
1.114258	11.734976451	-7.554265	0.0	0.0
1.115234	11.717798843	-7.624742	0.0	0.0
1.116211	11.719374040	-7.696876	0.0	0.0
1.117188	11.710724620	-7.766825	0.0	0.0
1.118164	11.691811708	-7.838125	0.0	0.0
1.119141	11.679944727	-7.909558	0.0	0.0
1.120117	11.667674054	-7.982130	0.0	0.0
1.121094	11.683546072	-8.053491	0.0	0.0
1.122070	11.671152488	-8.123262	0.0	0.0
1.123047	11.653212097	-8.194208	0.0	0.0
1.124023	11.645217619	-8.265663	0.0	0.0
1.125000	11.636805496	-8.337000	0.0	0.0
1.125977	11.629227270	-8.408419	0.0	0.0
1.126953	11.617519539	-8.479690	0.0	0.0
1.127930	11.624740242	-8.551831	0.0	0.0
1.128906	11.633316479	-8.621295	0.0	0.0
1.129883	11.611611537	-8.691493	0.0	0.0
1.130859	11.609199664	-8.763261	0.0	0.0
1.131836	11.605925021	-8.833202	0.0	0.0
1.132813	11.603148718	-8.903769	0.0	0.0
1.133789	11.588924587	-8.973936	0.0	0.0
1.134766	11.590088622	-9.044826	0.0	0.0
1.135742	11.577929225	-9.114034	0.0	0.0
1.136719	11.557693674	-9.185255	0.0	0.0
1.137695	11.562305943	-9.256208	0.0	0.0
1.138672	11.545657661	-9.326350	0.0	0.0
1.139648	11.547497998	-9.398263	0.0	0.0
1.140625	11.555223368	-9.468010	0.0	0.0
1.141602	11.558570322	-9.537669	0.0	0.0
1.142578	11.551275431	-9.607189	0.0	0.0
1.143555	11.554297525	-9.676691	0.0	0.0
1.144531	11.533406595	-9.745984	0.0	0.0
1.145508	11.528017604	-9.817143	0.0	0.0
1.146484	11.541485497	-9.887139	0.0	0.0
1.147461	11.551992372	-9.954528	0.0	0.0
1.148438	11.528669820	-10.022315	0.0	0.0
1.149414	11.510126858	-10.091958	0.0	0.0
1.150391	11.496081005	-10.161433	0.0	0.0
1.151367	11.481258669	-10.230858	0.0	0.0
1.152344	11.464988702	-10.300548	0.0	0.0
1.153320	11.450913800	-10.371208	0.0	0.0
1.154297	11.461648066	-10.442016	0.0	0.0
1.155273	11.466212983	-10.509831	0.0	0.0
1.156250	11.446470833	-10.578475	0.0	0.0
1.157227	11.422612597	-10.648134	0.0	0.0
1.158203	11.425945944	-10.719459	0.0	0.0
1.159180	11.433505726	-10.788725	0.0	0.0
1.160156	11.437616740	-10.857866	0.0	0.0
1.161133	11.446495427	-10.925934	0.0	0.0
1.162109	11.443294335	-10.993135	0.0	0.0
1.163086	11.416424012	-11.061727	0.0	0.0
1.164063	11.420273946	-11.131920	0.0	0.0
1.165039	11.430462745	-11.199303	0.0	0.0
1.166016	11.414229769	-11.266840	0.0	0.0
1.166992	11.403389274	-11.336471	0.0	0.0
1.167969	11.413965196	-11.404693	0.0	0.0
1.168945	11.403770973	-11.471453	0.0	0.0
1.169922	11.380284370	-11.539815	0.0	0.0
1.170898	11.382823538	-11.609416	0.0	0.0
1.171875	11.378777123	-11.676123	0.0	0.0
1.172852	11.358600138	-11.744902	0.0	0.0
1.173828	11.358770122	-11.813548	0.0	0.0
1.174805	11.360931163	-11.881748	0.0	0.0
1.175781	11.367454185	-11.948697	0.0	0.0
1.176758	11.353096859	-12.015686	0.0	0.0
1.177734	11.349225628	-12.083033	0.0	0.0
1.178711	11.330862944	-12.149909	0.0	0.0
1.179688	11.307527631	-12.218120	0.0	0.0
1.180664	11.299449094	-12.287008	0.0	0.0
1.181641	11.310574407	-12.355104	0.0	0.0
1.182617	11.301705262	-12.421270	0.0	0.0
1.183594	11.283031819	-12.489171	0.0	0.0
1.184570	11.283113286	-12.558014	0.0	0.0
1.185547	11.299896641	-12.624002	0.0	0.0
1.186523	11.275153442	-12.689760	0.0	0.0
1.187500	11.254419170	-12.757618	0.0	0.0
1.188477	11.257151888	-12.825518	0.0	0.0
1.189453	11.246718127	-12.891660	0.0	0.0
1.190430	11.226172034	-12.959411	0.0	0.0
1.191406	11.233883895	-13.027105	0.0	0.0
1.192383	11.219176336	-13.093269	0.0	0.0
1.193359	11.208128950	-13.160538	0.0	0.0
1.194336	11.192106219	-13.228382	0.0	0.0
1.195313	11.200439275	-13.296297	0.0	0.0
1.196289	11.197089443	-13.362467	0.0	0.0
1.197266	11.185330834	-13.429237	0.0	0.0
1.198242	11.183503084	-13.496823	0.0	0.0
1.199219	11.191898015	-13.562947	0.0	0.0
1.200195	11.184292488	-13.629132	0.0	0.0
1.201172	11.185752370	-13.695690	0.0	0.0
1.202148	11.191269343	-13.761391	0.0	0.0
1.203125	11.181837996	-13.826242	0.0	0.0
1.204102	11.162729852	-13.892830	0.0	0.0
1.205078	11.163486122	-13.959439	0.0	0.0
1.206055	11.164975749	-14.025285	0.0	0.0
1.207031	11.163185493	-14.089725	0.0	0.0
1.208008	11.140088162	-14.154728	0.0	0.0
1.208984	11.118068903	-14.221332	0.0	0.0
1.209961	11.120789023	-14.288037	0.0	0.0
1.210938	11.101247410	-14.353388	0.0	0.0
1.211914	11.097401392	-14.420392	0.0	0.0
1.212891	11.087832269	-14.486338	0.0	0.0
1.213867	11.093877018	-14.552906	0.0	0.0
1.214844	11.100070092	-14.617318	0.0	0.0
1.215820	11.081892888	-14.682551	0.0	0.0
1.216797	11.080305824	-14.749408	0.0	0.0
1.217773	11.089208540	-14.813325	0.0	0.0
1.218750	11.073492645	-14.877691	0.0	0.0
1.219727	11.061501623	-14.944113	0.0	0.0
1.220703	11.063689694	-15.009470	0.0	0.0
1.221680	11.073922104	-15.074154	0.0	0.0
1.222656	11.069994846	-15.136639	0.0	0.0
1.223633	11.041147868	-15.200627	0.0	0.0
1.224609	11.018061991	-15.265903	0.0	0.0
1.225586	10.999348419	-15.331382	0.0	0.0
1.226563	10.984574857	-15.398124	0.0	0.0
1.227539	10.992684515	-15.463919	0.0	0.0
1.228516	10.999616490	-15.528237	0.0	0.0
1.229492	10.990870579	-15.591999	0.0	0.0
1.230469	10.990398439	-15.656312	0.0	0.0
1.231445	10.967799262	-15.719677	0.0	0.0
1.232422	10.943356848	-15.785187	0.0	0.0
1.233398	10.944228025	-15.851638	0.0	0.0
1.234375	10.958183102	-15.914712	0.0	0.0
1.235352	10.929666985	-15.978525	0.0	0.0
1.236328	10.921579301	-16.044427	0.0	0.0
1.237305	10.927806299	-16.109772	0.0	0.0
1.238281	10.937845102	-16.173547	0.0	0.0
1.239258	10.936856447	-16.237085	0.0	0.0
1.240234	10.938827144	-16.299322	0.0	0.0
1.241211	10.913690363	-16.362293	0.0	0.0
1.242188	10.905161775	-16.426770	0.0	0.0
1.243164	10.888046777	-16.490387	0.0	0.0
1.244141	10.884725203	-16.555184	0.0	0.0
1.245117	10.873773876	-16.618445	0.0	0.0
1.246094	10.867419957	-16.682591	0.0	0.0
1.247070	10.855744208	-16.746024	0.0	0.0
1.248047	10.852847904	-16.810656	0.0	0.0
1.249023	10.856381395	-16.873645	0.0	0.0
1.250000	10.841194134	-16.936829	0.0	0.0
1.250977	10.835424840	-17.001490	0.0	0.0
1.251953	10.847573586	-17.064961	0.0	0.0
1.252930	10.851353555	-17.126529	0.0	0.0
1.253906	10.826143817	-17.188597	0.0	0.0
1.254883	10.820077861	-17.252395	0.0	0.0
1.255859	10.808869539	-17.315070	0.0	0.0
1.256836	10.806673310	-17.378375	0.0	0.0
1.257813	10.789597679	-17.441170	0.0	0.0
1.258789	10.794190539	-17.504449	0.0	0.0
1.259766	10.783380192	-17.565804	0.0	0.0
1.260742	10.761780762	-17.629109	0.0	0.0
1.261719	10.767114400	-17.693055	0.0	0.0
1.262695	10.770304708	-17.753888	0.0	0.0
1.263672	10.748101619	-17.815524	0.0	0.0
1.264648	10.728653922	-17.878512	0.0	0.0
1.265625	10.708713219	-17.942110	0.0	0.0
1.266602	10.708755953	-18.006238	0.0	0.0
1.267578	10.720769994	-18.068891	0.0	0.0
1.268555	10.724227068	-18.129943	0.0	0.0
1.269531	10.706258818	-18.190942	0.0	0.0
1.270508	10.689341212	-18.253141	0.0	0.0
1.271484	10.683905361	-18.315610	0.0	0.0
1.272461	10.669334567	-18.377420	0.0	0.0
1.273438	10.659028357	-18.440334	0.0	0.0
1.274414	10.651775004	-18.502309	0.0	0.0
1.275391	10.650773930	-18.565426	0.0	0.0
1.276367	10.652453976	-18.625771	0.0	0.0
1.277344	10.636478740	-18.687008	0.0	0.0
1.278320	10.618989601	-18.748703	0.0	0.0
1.279297	10.604169191	-18.810742	0.0	0.0
1.280273	10.590210149	-18.873406	0.0	0.0
1.281250	10.590325918	-18.935435	0.0	0.0
1.282227	10.579539566	-18.997047	0.0	0.0
1.283203	10.573678903	-19.060204	0.0	0.0
1.284180	10.586303841	-19.121438	0.0	0.0
1.285156	10.573382246	-19.181920	0.0	0.0
1.286133	10.573675179	-19.243494	0.0	0.0
1.287109	10.559533353	-19.303481	0.0	0.0
1.288086	10.538137576	-19.365252	0.0	0.0
1.289063	10.535998329	-19.428151	0.0	0.0
1.290039	10.543245483	-19.489909	0.0	0.0
1.291016	10.548921908	-19.550092	0.0	0.0
1.291992	10.553419253	-19.609337	0.0	0.0
1.292969	10.528568934	-19.668788	0.0	0.0
1.293945	10.505890827	-19.729849	0.0	0.0
1.294922	10.495181142	-19.791452	0.0	0.0
1.295898	10.488164346	-19.852815	0.0	0.0
1.296875	10.486478248	-19.913759	0.0	0.0
1.297852	10.476715866	-19.973955	0.0	0.0
1.298828	10.464885972	-20.034501	0.0	0.0
1.299805	10.448348640	-20.096302	0.0	0.0
1.300781	10.454253206	-20.157463	0.0	0.0
1.301758	10.439349060	-20.217629	0.0	0.0
1.302734	10.444434545	-20.279272	0.0	0.0
1.303711	10.452577480	-20.339093	0.0	0.0
1.304688	10.453534249	-20.397818	0.0	0.0
1.305664	10.428482350	-20.457212	0.0	0.0
1.306641	10.425423831	-20.517863	0.0	0.0
1.307617	10.412951998	-20.577376	0.0	0.0
1.308594	10.408355497	-20.637837	0.0	0.0
1.309570	10.390513293	-20.697725	0.0	0.0
1.310547	10.393485420	-20.758720	0.0	0.0
1.311523	10.396968997	-20.817065	0.0	0.0
1.312500	10.375531421	-20.876191	0.0	0.0
1.313477	10.355576436	-20.936669	0.0	0.0
1.314453	10.354841859	-20.997501	0.0	0.0
1.315430	10.353857967	-21.056533	0.0	0.0
1.316406	10.347702674	-21.116179	0.0	0.0
1.317383	10.346567314	-21.175431	0.0	0.0
1.318359	10.330416424	-21.234151	0.0	0.0
1.319336	10.327653074	-21.293956	0.0	0.0
1.320313	10.311497916	-21.352663	0.0	0.0
1.321289	10.295106696	-21.413170	0.0	0.0
1.322266	10.300568363	-21.473612	0.0	0.0
1.323242	10.305667770	-21.530995	0.0	0.0
1.324219	10.281354365	-21.589443	0.0	0.0
1.325195	10.264517076	-21.649470	0.0	0.0
1.326172	10.271381165	-21.709711	0.0	0.0
1.327148	10.264781585	-21.767404	0.0	0.0
1.328125	10.247921216	-21.826707	0.0	0.0
1.329102	10.248471342	-21.886538	0.0	0.0
1.330078	10.250529378	-21.944490	0.0	0.0
1.331055	10.230382584	-22.002985	0.0	0.0
1.332031	10.229404093	-22.062604	0.0	0.0
1.333008	10.231798819	-22.119954	0.0	0.0
1.333984	10.212398569	-22.177551	0.0	0.0
1.334961	10.190797418	-22.237063	0.0	0.0
1.335938	10.188047773	-22.297416	0.0	0.0
1.336914	10.204501614	-22.356077	0.0	0.0
1.337891	10.208648174	-22.412654	0.0	0.0
1.338867	10.193209546	-22.469173	0.0	0.0
1.339844	10.168955579	-22.527684	0.0	0.0
1.340820	10.163927622	-22.587046	0.0	0.0
1.341797	10.163500743	-22.644293	0.0	0.0
1.342773	10.145991333	-22.701388	0.0	0.0
1.343750	10.126606799	-22.759612	0.0	0.0
1.344727	10.116623537	-22.819141	0.0	0.0
1.345703	10.121978867	-22.877204	0.0	0.0
1.346680	10.109770828	-22.934332	0.0	0.0
1.347656	10.098832759	-22.992281	0.0	0.0
1.348633	10.086411915	-23.050895	0.0	0.0
1.349609	10.095219336	-23.108704	0.0	0.0
1.350586	10.081943366	-23.165173	0.0	0.0
1.351563	10.063023754	-23.223459	0.0	0.0
1.352539	10.068168019	-23.281481	0.0	0.0
1.353516	10.053533175	-23.338377	0.0	0.0
1.354492	10.052535079	-23.396170	0.0	0.0
1.355469	10.035192996	-23.453681	0.0	0.0
1.356445	10.041743623	-23.511917	0.0	0.0
1.357422	10.045327872	-23.567656	0.0	0.0
1.358398	10.021287695	-23.623622	0.0	0.0
1.359375	10.005750039	-23.681590	0.0	0.0
1.360352	9.992999927	-23.739326	0.0	0.0
1.361328	9.991843688	-23.798034	0.0	0.0
1.362305	10.004679638	-23.853890	0.0	0.0
1.363281	9.986094261	-23.909402	0.0	0.0
1.364258	9.969555511	-23.966593	0.0	0.0
1.365234	9.962594122	-24.024237	0.0	0.0
1.366211	9.958542488	-24.080978	0.0	0.0
1.367188	9.942011400	-24.137869	0.0	0.0
1.368164	9.947567156	-24.196016	0.0	0.0
1.369141	9.957341619	-24.251463	0.0	0.0
1.370117	9.942535211	-24.305776	0.0	0.0
1.371094	9.919956283	-24.362266	0.0	0.0
1.372070	9.911486343	-24.419107	0.0	0.0
1.373047	9.898311438	-24.475002	0.0	0.0
1.374023	9.877536743	-24.531816	0.0	0.0
1.375000	9.865158765	-24.589603	0.0	0.0
1.375977	9.863025792	-24.646810	0.0	0.0
1.376953	9.868868008	-24.703814	0.0	0.0
1.377930	9.873884302	-24.758307	0.0	0.0
1.378906	9.849819649	-24.813214	0.0	0.0
1.379883	9.834693720	-24.869866	0.0	0.0
1.380859	9.817345466	-24.927009	0.0	0.0
1.381836	9.822300815	-24.984946	0.0	0.0
1.382813	9.833483809	-25.039238	0.0	0.0
1.383789	9.809866098	-25.094616	0.0	0.0
1.384766	9.808103185	-25.151998	0.0	0.0
1.385742	9.817205996	-25.206681	0.0	0.0
1.386719	9.804815470	-25.261224	0.0	0.0
1.387695	9.792841534	-25.316795	0.0	0.0
1.388672	9.775813436	-25.372480	0.0	0.0
1.389648	9.772147658	-25.429248	0.0	0.0
1.390625	9.777739946	-25.483849	0.0	0.0
1.391602	9.762471418	-25.538430	0.0	0.0
1.392578	9.749830552	-25.593763	0.0	0.0
1.393555	9.739050019	-25.649689	0.0	0.0
1.394531	9.741051295	-25.704393	0.0	0.0
1.395508	9.719658924	-25.758823	0.0	0.0
1.396484	9.695501925	-25.815173	0.0	0.0
1.397461	9.702977445	-25.872665	0.0	0.0
1.398438	9.711498590	-25.926355	0.0	0.0
1.399414	9.692630287	-25.980751	0.0	0.0
1.400391	9.687151237	-26.036909	0.0	0.0
1.401367	9.687015618	-26.091886	0.0	0.0
1.402344	9.689654722	-26.146197	0.0	0.0
1.403320	9.683696244	-26.199477	0.0	0.0
1.404297	9.666196555	-26.253841	0.0	0.0
1.405273	9.661658824	-26.307823	0.0	0.0
1.406250	9.635420316	-26.361677	0.0	0.0
1.407227	9.612136276	-26.418105	0.0	0.0
1.408203	9.618237720	-26.474438	0.0	0.0
1.409180	9.627808628	-26.528101	0.0	0.0
1.410156	9.612477100	-26.581020	0.0	0.0
1.411133	9.596228619	-26.636481	0.0	0.0
1.412109	9.596822614	-26.690594	0.0	0.0
1.413086	9.576160425	-26.744350	0.0	0.0
1.414063	9.577082093	-26.800143	0.0	0.0
1.415039	9.575332106	-26.853621	0.0	0.0
1.416016	9.566490384	-26.907428	0.0	0.0
1.416992	9.559812399	-26.961515	0.0	0.0
1.417969	9.550562409	-27.014814	0.0	0.0
1.418945	9.537514327	-27.069127	0.0	0.0
1.419922	9.526729414	-27.123255	0.0	0.0
1.420898	9.527780310	-27.177935	0.0	0.0
1.421875	9.527581880	-27.229924	0.0	0.0
1.422852	9.500449575	-27.282377	0.0	0.0
1.423828	9.480347200	-27.337192	0.0	0.0
1.424805	9.469407548	-27.392682	0.0	0.0
1.425781	9.477766161	-27.447677	0.0	0.0
1.426758	9.482013826	-27.499480	0.0	0.0
1.427734	9.458469085	-27.552541	0.0	0.0
1.428711	9.460047325	-27.606910	0.0	0.0
1.429688	9.445456477	-27.659305	0.0	0.0
1.430664	9.442081554	-27.713755	0.0	0.0
1.431641	9.440527821	-27.765862	0.0	0.0
1.432617	9.418704660	-27.818831	0.0	0.0
1.433594	9.414405687	-27.872093	0.0	0.0
1.434570	9.397394158	-27.924526	0.0	0.0
1.435547	9.376409904	-27.978692	0.0	0.0
1.436523	9.371295129	-28.033456	0.0	0.0
1.437500	9.380266035	-28.086405	0.0	0.0
1.438477	9.360501438	-28.138954	0.0	0.0
1.439453	9.359157006	-28.193406	0.0	0.0
1.440430	9.365348187	-28.245296	0.0	0.0
1.441406	9.353094193	-28.297266	0.0	0.0
1.442383	9.347909164	-28.349836	0.0	0.0
1.443359	9.326269089	-28.401447	0.0	0.0
1.444336	9.307016148	-28.455499	0.0	0.0
1.445313	9.313462596	-28.509309	0.0	0.0
1.446289	9.310777134	-28.560435	0.0	0.0
1.447266	9.293615316	-28.613027	0.0	0.0
1.448242	9.290791074	-28.665993	0.0	0.0
1.449219	9.276336920	-28.717755	0.0	0.0
1.450195	9.266289505	-28.770693	0.0	0.0
1.451172	9.247439926	-28.823578	0.0	0.0
1.452148	9.246013058	-28.877516	0.0	0.0
1.453125	9.254677724	-28.929253	0.0	0.0
1.454102	9.238782576	-28.980195	0.0	0.0
1.455078	9.226593404	-29.033707	0.0	0.0
1.456055	9.231837923	-29.086255	0.0	0.0
1.457031	9.224849460	-29.136732	0.0	0.0
1.458008	9.203218908	-29.189109	0.0	0.0
1.458984	9.207017291	-29.242326	0.0	0.0
1.459961	9.206070973	-29.293808	0.0	0.0
1.460938	9.201406557	-29.345027	0.0	0.0
1.461914	9.186073778	-29.395973	0.0	0.0
1.462891	9.174296486	-29.448757	0.0	0.0
1.463867	9.171906289	-29.500268	0.0	0.0
1.464844	9.164015030	-29.551924	0.0	0.0
1.465820	9.160895559	-29.603050	0.0	0.0
1.466797	9.143846773	-29.654251	0.0	0.0
1.467773	9.133302171	-29.706956	0.0	0.0
1.468750	9.136196639	-29.758744	0.0	0.0
1.469727	9.136759818	-29.809619	0.0	0.0
1.470703	9.131928479	-29.859326	0.0	0.0
1.471680	9.105565943	-29.910327	0.0	0.0
1.472656	9.100918526	-29.962273	0.0	0.0
1.473633	9.082156886	-30.013534	0.0	0.0
1.474609	9.087773687	-30.066298	0.0	0.0
1.475586	9.089199034	-30.115354	0.0	0.0
1.476563	9.066129591	-30.166588	0.0	0.0
1.477539	9.068038130	-30.218342	0.0	0.0
1.478516	9.059371215	-30.267365	0.0	0.0
1.479492	9.035338326	-30.317710	0.0	0.0
1.480469	9.016973154	-30.369681	0.0	0.0
1.481445	9.002925506	-30.422179	0.0	0.0
1.482422	9.008063792	-30.473788	0.0	0.0
1.483398	8.996735519	-30.524670	0.0	0.0
1.484375	8.999672543	-30.576290	0.0	0.0
1.485352	8.998928091	-30.625738	0.0	0.0
1.486328	8.989084752	-30.675512	0.0	0.0
1.487305	8.966618029	-30.726678	0.0	0.0
1.488281	8.971172597	-30.779120	0.0	0.0
1.489258	8.976175551	-30.828896	0.0	0.0
1.490234	8.975823532	-30.878491	0.0	0.0
1.491211	8.973675984	-30.926879	0.0	0.0
1.492188	8.947371660	-30.975891	0.0	0.0
1.493164	8.925253186	-31.026847	0.0	0.0
1.494141	8.918781915	-31.078037	0.0	0.0
1.495117	8.913783749	-31.128311	0.0	0.0
1.496094	8.898399986	-31.178471	0.0	0.0
1.497070	8.888630870	-31.229453	0.0	0.0
1.498047	8.884318535	-31.280223	0.0	0.0
1.499023	8.890578303	-31.330978	0.0	0.0
1.500000	8.890067809	-31.378474	0.0	0.0
1.500977	8.863310164	-31.427765	0.0	0.0
1.501953	8.847064165	-31.479280	0.0	0.0
1.502930	8.848145067	-31.530593	0.0	0.0
1.503906	8.851979605	-31.580064	0.0	0.0
1.504883	8.852519745	-31.629193	0.0	0.0
1.505859	8.846818915	-31.677407	0.0	0.0
1.506836	8.828461224	-31.726639	0.0	0.0
1.507813	8.816355291	-31.776526	0.0	0.0
1.508789	8.801870970	-31.826484	0.0	0.0
1.509766	8.808533828	-31.876593	0.0	0.0
1.510742	8.800922022	-31.924641	0.0	0.0
1.511719	8.785673995	-31.974249	0.0	0.0
1.512695	8.780086035	-32.023517	0.0	0.0
1.513672	8.760814951	-32.072883	0.0	0.0
1.514648	8.765622043	-32.122888	0.0	0.0
1.515625	8.754499571	-32.170567	0.0	0.0
1.516602	8.736369034	-32.220199	0.0	0.0
1.517578	8.735472858	-32.269798	0.0	0.0
1.518555	8.719041421	-32.318131	0.0	0.0
1.519531	8.704710896	-32.368404	0.0	0.0
1.520508	8.704564535	-32.417685	0.0	0.0
1.521484	8.689078788	-32.467035	0.0	0.0
1.522461	8.695408749	-32.517590	0.0	0.0
1.523438	8.698972660	-32.564392	0.0	0.0
1.524414	8.679645404	-32.612802	0.0	0.0
1.525391	8.672376769	-32.661937	0.0	0.0
1.526367	8.664729073	-32.711214	0.0	0.0
1.527344	8.665018291	-32.760061	0.0	0.0
1.528320	8.666938550	-32.808622	0.0	0.0
1.529297	8.662264808	-32.855040	0.0	0.0
1.530273	8.635580256	-32.903284	0.0	0.0
1.531250	8.626374207	-32.952493	0.0	0.0
1.532227	8.620329503	-33.000821	0.0	0.0
1.533203	8.607606498	-33.050220	0.0	0.0
1.534180	8.614655970	-33.099081	0.0	0.0
1.535156	8.611096612	-33.145636	0.0	0.0
1.536133	8.592386798	-33.193318	0.0	0.0
1.537109	8.584536731	-33.241158	0.0	0.0
1.538086	8.567752495	-33.289462	0.0	0.0
1.539063	8.563798879	-33.338997	0.0	0.0
1.540039	8.566729763	-33.385731	0.0	0.0
1.541016	8.545986943	-33.432580	0.0	0.0
1.541992	8.535237699	-33.481114	0.0	0.0
1.542969	8.519061295	-33.528908	0.0	0.0
1.543945	8.505097051	-33.577232	0.0	0.0
1.544922	8.501705735	-33.626087	0.0	0.0
1.545898	8.488608266	-33.673636	0.0	0.0
1.546875	8.477385689	-33.722399	0.0	0.0
1.547852	8.481098652	-33.771414	0.0	0.0
1.548828	8.476991016	-33.818089	0.0	0.0
1.549805	8.475068582	-33.865455	0.0	0.0
1.550781	8.456031353	-33.912342	0.0	0.0
1.551758	8.446384171	-33.961010	0.0	0.0
1.552734	8.446073555	-34.008885	0.0	0.0
1.553711	8.436213456	-34.055251	0.0	0.0
1.554688	8.428037905	-34.103736	0.0	0.0
1.555664	8.428451871	-34.149878	0.0	0.0
1.556641	8.408377701	-34.196706	0.0	0.0
1.557617	8.391353108	-34.245096	0.0	0.0
1.558594	8.393205609	-34.293853	0.0	0.0
1.559570	8.398532392	-34.340348	0.0	0.0
1.560547	8.390243945	-34.385518	0.0	0.0
1.561523	8.368289083	-34.432135	0.0	0.0
1.562500	8.352522349	-34.480022	0.0	0.0
1.563477	8.336859839	-34.527783	0.0	0.0
1.564453	8.328321134	-34.576426	0.0	0.0
1.565430	8.328036131	-34.624269	0.0	0.0
1.566406	8.334194434	-34.672020	0.0	0.0
1.567383	8.335496614	-34.718401	0.0	0.0
1.568359	8.333216632	-34.764512	0.0	0.0
1.569336	8.332171428	-34.810718	0.0	0.0
1.570313	8.330097621	-34.856358	0.0	0.0
1.571289	8.318789537	-34.901435	0.0	0.0
1.572266	8.304175209	-34.946913	0.0	0.0
1.573242	8.277758765	-34.992750	0.0	0.0
1.574219	8.260793737	-35.040581	0.0	0.0
1.575195	8.251566382	-35.088429	0.0	0.0
1.576172	8.246436795	-35.135239	0.0	0.0
1.577148	8.234544632	-35.181584	0.0	0.0
1.578125	8.223979818	-35.229490	0.0	0.0
1.579102	8.232314427	-35.276819	0.0	0.0
1.580078	8.227017994	-35.321506	0.0	0.0
1.581055	8.214085762	-35.367765	0.0	0.0
1.582031	8.206380640	-35.414702	0.0	0.0
1.583008	8.205581370	-35.460626	0.0	0.0
1.583984	8.192059027	-35.505800	0.0	0.0
1.584961	8.177455967	-35.552649	0.0	0.0
1.585938	8.178494870	-35.599498	0.0	0.0
1.586914	8.169074460	-35.645194	0.0	0.0
1.587891	8.169368793	-35.691844	0.0	0.0
1.588867	8.169254464	-35.737196	0.0	0.0
1.589844	8.165439325	-35.781863	0.0	0.0
1.590820	8.150815138	-35.825778	0.0	0.0
1.591797	8.127427664	-35.872118	0.0	0.0
1.592773	8.119667889	-35.919132	0.0	0.0
1.593750	8.115179808	-35.965346	0.0	0.0
1.594727	8.114513184	-36.010672	0.0	0.0
1.595703	8.104892805	-36.055177	0.0	0.0
1.596680	8.085039924	-36.100258	0.0	0.0
1.597656	8.069037700	-36.146697	0.0	0.0
1.598633	8.063006651	-36.193713	0.0	0.0
1.599609	8.056668528	-36.239583	0.0	0.0
1.600586	8.055086824	-36.285247	0.0	0.0
1.601563	8.048211942	-36.330698	0.0	0.0
1.602539	8.046541333	-36.376683	0.0	0.0
1.603516	8.047220299	-36.420651	0.0	0.0
1.604492	8.022556300	-36.465345	0.0	0.0
1.605469	8.008785878	-36.512181	0.0	0.0
1.606445	8.014882037	-36.558909	0.0	0.0
1.607422	8.020350623	-36.602875	0.0	0.0
1.608398	8.012541471	-36.647397	0.0	0.0
1.609375	8.009256738	-36.692372	0.0	0.0
1.610352	8.006175770	-36.735662	0.0	0.0
1.611328	7.991322629	-36.778960	0.0	0.0
1.612305	7.967063644	-36.823580	0.0	0.0
1.613281	7.950706237	-36.870017	0.0	0.0
1.614258	7.951402963	-36.915459	0.0	0.0
1.615234	7.940196680	-36.959265	0.0	0.0
1.616211	7.921586594	-37.004894	0.0	0.0
1.617188	7.916383284	-37.051023	0.0	0.0
1.618164	7.913151700	-37.095984	0.0	0.0
1.619141	7.908306597	-37.141027	0.0	0.0
1.620117	7.914353260	-37.185637	0.0	0.0
1.621094	7.908306027	-37.227694	0.0	0.0
1.622070	7.886780129	-37.271838	0.0	0.0
1.623047	7.880316675	-37.317264	0.0	0.0
1.624023	7.872029887	-37.359944	0.0	0.0
1.625000	7.853454022	-37.404598	0.0	0.0
1.625977	7.835760955	-37.449656	0.0	0.0
1.626953	7.823263731	-37.495082	0.0	0.0
1.627930	7.822192303	-37.540377	0.0	0.0
1.628906	7.821102231	-37.584364	0.0	0.0
1.629883	7.814038598	-37.627393	0.0	0.0
1.630859	7.799144514	-37.671239	0.0	0.0
1.631836	7.786343017	-37.715325	0.0	0.0
1.632813	7.769438833	-37.760106	0.0	0.0
1.633789	7.768375380	-37.805627	0.0	0.0
1.634766	7.768708383	-37.848561	0.0	0.0
1.635742	7.748886212	-37.891918	0.0	0.0
1.636719	7.742165696	-37.936348	0.0	0.0
1.637695	7.727599141	-37.979490	0.0	0.0
1.638672	7.711129617	-38.023785	0.0	0.0
1.639648	7.701266088	-38.067896	0.0	0.0
1.640625	7.688592900	-38.112369	0.0	0.0
1.641602	7.682501498	-38.157689	0.0	0.0
1.642578	7.687710588	-38.200940	0.0	0.0
1.643555	7.679930666	-38.242405	0.0	0.0
1.644531	7.652006931	-38.285596	0.0	0.0
1.645508	7.637501083	-38.330938	0.0	0.0
1.646484	7.635696733	-38.375490	0.0	0.0
1.647461	7.632836984	-38.418298	0.0	0.0
1.648438	7.629083850	-38.460637	0.0	0.0
1.649414	7.609607304	-38.502066	0.0	0.0
1.650391	7.582480024	-38.545368	0.0	0.0
1.651367	7.562690260	-38.589690	0.0	0.0
1.652344	7.547476144	-38.634899	0.0	0.0
1.653320	7.551643683	-38.679230	0.0	0.0
1.654297	7.548969155	-38.720470	0.0	0.0
1.655273	7.523014293	-38.762259	0.0	0.0
1.656250	7.501039728	-38.806848	0.0	0.0
1.657227	7.497119782	-38.849979	0.0	0.0
1.658203	7.479240385	-38.892014	0.0	0.0
1.659180	7.455928250	-38.935843	0.0	0.0
1.660156	7.445683379	-38.980197	0.0	0.0
1.661133	7.437079963	-39.022866	0.0	0.0
1.662109	7.422061882	-39.066024	0.0	0.0
1.663086	7.408163164	-39.109536	0.0	0.0
1.664063	7.402569362	-39.152629	0.0	0.0
1.665039	7.395709878	-39.193683	0.0	0.0
1.666016	7.368300959	-39.235374	0.0	0.0
1.666992	7.345671813	-39.279044	0.0	0.0
1.667969	7.329075918	-39.323003	0.0	0.0
1.668945	7.324662110	-39.366634	0.0	0.0
1.669922	7.316019812	-39.407638	0.0	0.0
1.670898	7.298708685	-39.449463	0.0	0.0
1.671875	7.280602250	-39.491150	0.0	0.0
1.672852	7.251950676	-39.533179	0.0	0.0
1.673828	7.226647838	-39.576548	0.0	0.0
1.674805	7.219941613	-39.620266	0.0	0.0
1.675781	7.207463239	-39.661190	0.0	0.0
1.676758	7.179489448	-39.702546	0.0	0.0
1.677734	7.152242452	-39.745650	0.0	0.0
1.678711	7.136371768	-39.788490	0.0	0.0
1.679688	7.114730510	-39.830407	0.0	0.0
1.680664	7.093959604	-39.873407	0.0	0.0
1.681641	7.077172940	-39.916317	0.0	0.0
1.682617	7.067313199	-39.958569	0.0	0.0
1.683594	7.049568804	-39.998187	0.0	0.0
1.684570	7.009217063	-40.039898	0.0	0.0
1.685547	6.987655760	-40.083957	0.0	0.0
1.686523	6.978486592	-40.126609	0.0	0.0
1.687500	6.961684564	-40.166332	0.0	0.0
1.688477	6.924652712	-40.207924	0.0	0.0
1.689453	6.903847588	-40.249944	0.0	0.0
1.690430	6.871937013	-40.291890	0.0	0.0
1.691406	6.851435723	-40.335078	0.0	0.0
1.692383	6.832837137	-40.376721	0.0	0.0
1.693359	6.812746541	-40.417604	0.0	0.0
1.694336	6.781833262	-40.458153	0.0	0.0
1.695313	6.747745347	-40.499843	0.0	0.0
1.696289	6.715160562	-40.542947	0.0	0.0
1.697266	6.697760951	-40.585656	0.0	0.0
1.698242	6.671182073	-40.626697	0.0	0.0
1.699219	6.645744117	-40.668445	0.0	0.0
1.700195	6.617563274	-40.710295	0.0	0.0
1.701172	6.601520963	-40.752239	0.0	0.0
1.702148	6.574506306	-40.791842	0.0	0.0
1.703125	6.541990764	-40.832850	0.0	0.0
1.704102	6.507741425	-40.874372	0.0	0.0
1.705078	6.484188559	-40.915754	0.0	0.0
1.706055	6.447566888	-40.956883	0.0	0.0
1.707031	6.425924806	-40.998383	0.0	0.0
1.708008	6.393015422	-41.038944	0.0	0.0
1.708984	6.358178359	-41.079168	0.0	0.0
1.709961	6.316920705	-41.120818	0.0	0.0
1.710938	6.282787029	-41.163006	0.0	0.0
1.711914	6.251910011	-41.205582	0.0	0.0
1.712891	6.232095119	-41.247296	0.0	0.0
1.713867	6.205264875	-41.286734	0.0	0.0
1.714844	6.162118906	-41.327737	0.0	0.0
1.715820	6.139517897	-41.369663	0.0	0.0
1.716797	6.107499709	-41.408404	0.0	0.0
1.717773	6.063036242	-41.449383	0.0	0.0
1.718750	6.033805368	-41.491860	0.0	0.0
1.719727	6.004969826	-41.532007	0.0	0.0
1.720703	5.970103592	-41.571950	0.0	0.0
1.721680	5.935855931	-41.612039	0.0	0.0
1.722656	5.894886588	-41.652172	0.0	0.0
1.723633	5.856619852	-41.692638	0.0	0.0
1.724609	5.818099761	-41.733394	0.0	0.0
1.725586	5.782498785	-41.774051	0.0	0.0
1.726563	5.744827336	-41.814419	0.0	0.0
1.727539	5.706263023	-41.854918	0.0	0.0
1.728516	5.666773442	-41.895213	0.0	0.0
1.729492	5.628290760	-41.936059	0.0	0.0
1.730469	5.585706370	-41.976076	0.0	0.0
1.731445	5.548417100	-42.016639	0.0	0.0
1.732422	5.506403959	-42.057084	0.0	0.0
1.733398	5.464908513	-42.098052	0.0	0.0
1.734375	5.428828454	-42.138658	0.0	0.0
1.735352	5.388673476	-42.179307	0.0	0.0
1.736328	5.351080785	-42.219656	0.0	0.0
1.737305	5.314455353	-42.260039	0.0	0.0
1.738281	5.279393919	-42.298324	0.0	0.0
1.739258	5.227068897	-42.337656	0.0	0.0
1.740234	5.184885481	-42.378332	0.0	0.0
1.741211	5.138896486	-42.418802	0.0	0.0
1.742188	5.096509850	-42.459924	0.0	0.0
1.743164	5.059544986	-42.500072	0.0	0.0
1.744141	5.016781186	-42.539604	0.0	0.0
1.745117	4.972477329	-42.580301	0.0	0.0
1.746094	4.936811968	-42.621081	0.0	0.0
1.747070	4.898833957	-42.660323	0.0	0.0
1.748047	4.862960754	-42.699330	0.0	0.0
1.749023	4.817350362	-42.736424	0.0	0.0
1.750000	4.762801496	-42.775571	0.0	0.0
1.750977	4.714206733	-42.816261	0.0	0.0
1.751953	4.672982628	-42.857496	0.0	0.0
1.752930	4.634981782	-42.896308	0.0	0.0
1.753906	4.583892309	-42.935022	0.0	0.0
1.754883	4.536384589	-42.975748	0.0	0.0
1.755859	4.497905816	-43.016020	0.0	0.0
1.756836	4.455555681	-43.053579	0.0	0.0
1.757813	4.403590759	-43.092851	0.0	0.0
1.758789	4.356656831	-43.133187	0.0	0.0
1.759766	4.315867217	-43.173076	0.0	0.0
1.760742	4.268805499	-43.212459	0.0	0.0
1.761719	4.226310838	-43.252755	0.0	0.0
1.762695	4.184917750	-43.291321	0.0	0.0
1.763672	4.137444875	-43.330066	0.0	0.0
1.764648	4.095045521	-43.368758	0.0	0.0
1.765625	4.044525630	-43.408265	0.0	0.0
1.766602	4.005466304	-43.447634	0.0	0.0
1.767578	3.958131297	-43.486192	0.0	0.0
1.768555	3.915281042	-43.524340	0.0	0.0
1.769531	3.864205092	-43.561985	0.0	0.0
1.770508	3.813391309	-43.601761	0.0	0.0
1.771484	3.767025369	-43.641519	0.0	0.0
1.772461	3.724166873	-43.680814	0.0	0.0
1.773438	3.677033283	-43.719235	0.0	0.0
1.774414	3.628784513	-43.758634	0.0	0.0
1.775391	3.583069074	-43.798660	0.0	0.0
1.776367	3.544277296	-43.838183	0.0	0.0
1.777344	3.500294983	-43.875630	0.0	0.0
1.778320	3.454917378	-43.914469	0.0	0.0
1.779297	3.411562413	-43.952000	0.0	0.0
1.780273	3.361826418	-43.989729	0.0	0.0
1.781250	3.316115372	-44.029064	0.0	0.0
1.782227	3.267930852	-44.067549	0.0	0.0
1.783203	3.221367114	-44.107460	0.0	0.0
1.784180	3.179859008	-44.147240	0.0	0.0
1.785156	3.140802147	-44.185820	0.0	0.0
1.786133	3.096443941	-44.222693	0.0	0.0
1.787109	3.050829659	-44.260739	0.0	0.0
1.788086	3.005190537	-44.299159	0.0	0.0
1.789063	2.960809157	-44.337982	0.0	0.0
1.790039	2.915566954	-44.377008	0.0	0.0
1.791016	2.875858828	-44.415729	0.0	0.0
1.791992	2.833222515	-44.454380	0.0	0.0
1.792969	2.794585501	-44.492144	0.0	0.0
1.793945	2.749426341	-44.529041	0.0	0.0
1.794922	2.707010442	-44.567751	0.0	0.0
1.795898	2.666041363	-44.605521	0.0	0.0
1.796875	2.624370391	-44.642699	0.0	0.0
1.797852	2.580787729	-44.680640	0.0	0.0
1.798828	2.541170072	-44.718546	0.0	0.0
1.799805	2.499444126	-44.754872	0.0	0.0
1.800781	2.453820934	-44.792266	0.0	0.0
1.801758	2.409580145	-44.831329	0.0	0.0
1.802734	2.370580272	-44.871071	0.0	0.0
1.803711	2.333817466	-44.908549	0.0	0.0
1.804688	2.295790698	-44.944804	0.0	0.0
1.805664	2.252944649	-44.981080	0.0	0.0
1.806641	2.211205044	-45.019005	0.0	0.0
1.807617	2.169662633	-45.057196	0.0	0.0
1.808594	2.131632383	-45.095686	0.0	0.0
1.809570	2.092154767	-45.132554	0.0	0.0
1.810547	2.051774814	-45.171505	0.0	0.0
1.811523	2.017038842	-45.210235	0.0	0.0
1.812500	1.983191821	-45.247222	0.0	0.0
1.813477	1.945197178	-45.282044	0.0	0.0
1.814453	1.904392348	-45.319307	0.0	0.0
1.815430	1.866434508	-45.358051	0.0	0.0
1.816406	1.831620964	-45.396617	0.0	0.0
1.817383	1.798182034	-45.432826	0.0	0.0
1.818359	1.759522736	-45.469380	0.0	0.0
1.819336	1.723205915	-45.507290	0.0	0.0
1.820313	1.687562539	-45.546040	0.0	0.0
1.821289	1.655118772	-45.584912	0.0	0.0
1.822266	1.624685204	-45.621815	0.0	0.0
1.823242	1.592533752	-45.657570	0.0	0.0
1.824219	1.559619555	-45.693327	0.0	0.0
1.825195	1.526319893	-45.728893	0.0	0.0
1.826172	1.490525496	-45.765049	0.0	0.0
1.827148	1.455800188	-45.802709	0.0	0.0
1.828125	1.423848184	-45.841366	0.0	0.0
1.829102	1.393754731	-45.878705	0.0	0.0
1.830078	1.361893677	-45.915879	0.0	0.0
1.831055	1.331403474	-45.953799	0.0	0.0
1.832031	1.301740527	-45.991635	0.0	0.0
1.833008	1.274465717	-46.029605	0.0	0.0
1.833984	1.246882119	-46.064791	0.0	0.0
1.834961	1.216968344	-46.101045	0.0	0.0
1.835938	1.188935142	-46.137985	0.0	0.0
1.836914	1.160765973	-46.174298	0.0	0.0
1.837891	1.133306845	-46.210613	0.0	0.0
1.838867	1.104686278	-46.247366	0.0	0.0
1.839844	1.079081458	-46.284989	0.0	0.0
1.840820	1.053011633	-46.319768	0.0	0.0
1.841797	1.025041498	-46.356776	0.0	0.0
1.842773	0.999753281	-46.395099	0.0	0.0
1.843750	0.975341153	-46.432451	0.0	0.0
1.844727	0.952183801	-46.468991	0.0	0.0
1.845703	0.928297405	-46.504495	0.0	0.0
1.846680	0.904589052	-46.540394	0.0	0.0
1.847656	0.881496572	-46.576224	0.0	0.0
1.848633	0.857935680	-46.611238	0.0	0.0
1.849609	0.833966364	-46.647543	0.0	0.0
1.850586	0.812300332	-46.684025	0.0	0.0
1.851563	0.788894141	-46.719192	0.0	0.0
1.852539	0.766439740	-46.756941	0.0	0.0
1.853516	0.745165122	-46.795017	0.0	0.0
1.854492	0.725435436	-46.832929	0.0	0.0
1.855469	0.706479049	-46.869429	0.0	0.0
1.856445	0.687569315	-46.904655	0.0	0.0
1.857422	0.667936214	-46.939171	0.0	0.0
1.858398	0.647896475	-46.974694	0.0	0.0
1.859375	0.628537298	-47.012044	0.0	0.0
1.860352	0.610850628	-47.049679	0.0	0.0
1.861328	0.593883338	-47.085204	0.0	0.0
1.862305	0.576148758	-47.119606	0.0	0.0
1.863281	0.557841265	-47.155515	0.0	0.0
1.864258	0.540557718	-47.193887	0.0	0.0
1.865234	0.525072980	-47.231118	0.0	0.0
1.866211	0.509440523	-47.266499	0.0	0.0
1.867188	0.493985736	-47.302421	0.0	0.0
1.868164	0.479119563	-47.337607	0.0	0.0
1.869141	0.464012041	-47.372839	0.0	0.0
1.870117	0.449203612	-47.406979	0.0	0.0
1.871094	0.433787494	-47.442852	0.0	0.0
1.872070	0.419359586	-47.480429	0.0	0.0
1.873047	0.406014754	-47.518030	0.0	0.0
1.874023	0.393082553	-47.554182	0.0	0.0
1.875000	0.380456063	-47.589780	0.0	0.0
1.875977	0.367407293	-47.625694	0.0	0.0
1.876953	0.355353566	-47.661772	0.0	0.0
1.877930	0.343076462	-47.697273	0.0	0.0
1.878906	0.331229703	-47.734082	0.0	0.0
1.879883	0.320109860	-47.770683	0.0	0.0
1.880859	0.308939446	-47.807115	0.0	0.0
1.881836	0.298718889	-47.843891	0.0	0.0
1.882813	0.288368896	-47.878516	0.0	0.0
1.883789	0.278006586	-47.913775	0.0	0.0
1.884766	0.267770545	-47.950773	0.0	0.0
1.885742	0.258617663	-47.987650	0.0	0.0
1.886719	0.249337071	-48.021543	0.0	0.0
1.887695	0.239829776	-48.057627	0.0	0.0
1.888672	0.231009224	-48.095346	0.0	0.0
1.889648	0.222904296	-48.131535	0.0	0.0
1.890625	0.214877806	-48.165259	0.0	0.0
1.891602	0.206514844	-48.200403	0.0	0.0
1.892578	0.198451155	-48.236440	0.0	0.0
1.893555	0.190808924	-48.273140	0.0	0.0
1.894531	0.183616523	-48.309618	0.0	0.0
1.895508	0.176589711	-48.345253	0.0	0.0
1.896484	0.169772392	-48.379927	0.0	0.0
1.897461	0.162775036	-48.415927	0.0	0.0
1.898438	0.156329793	-48.453616	0.0	0.0
1.899414	0.150345574	-48.489717	0.0	0.0
1.900391	0.144294807	-48.523946	0.0	0.0
1.901367	0.138283172	-48.560814	0.0	0.0
1.902344	0.132882975	-48.597969	0.0	0.0
1.903320	0.127649580	-48.632174	0.0	0.0
1.904297	0.122345156	-48.665922	0.0	0.0
1.905273	0.117043319	-48.701294	0.0	0.0
1.906250	0.112099751	-48.738121	0.0	0.0
1.907227	0.107414564	-48.773742	0.0	0.0
1.908203	0.102839698	-48.809567	0.0	0.0
1.909180	0.098538694	-48.844389	0.0	0.0
1.910156	0.094141462	-48.879504	0.0	0.0
1.911133	0.090053354	-48.916475	0.0	0.0
1.912109	0.086275716	-48.952800	0.0	0.0
1.913086	0.082532787	-48.986162	0.0	0.0
1.914063	0.078800775	-49.021625	0.0	0.0
1.915039	0.075395702	-49.057347	0.0	0.0
1.916016	0.072059880	-49.090319	0.0	0.0
1.916992	0.068695718	-49.124735	0.0	0.0
1.917969	0.065541993	-49.160689	0.0	0.0
1.918945	0.062639133	-49.195417	0.0	0.0
1.919922	0.059784160	-49.228214	0.0	0.0
1.920898	0.057014949	-49.262326	0.0	0.0
1.921875	0.054319984	-49.294766	0.0	0.0
1.922852	0.051680605	-49.329462	0.0	0.0
1.923828	0.049245455	-49.364004	0.0	0.0
1.924805	0.046929844	-49.397363	0.0	0.0
1.925781	0.044649255	-49.430936	0.0	0.0
1.926758	0.042531935	-49.463695	0.0	0.0
1.927734	0.040428457	-49.495977	0.0	0.0
1.928711	0.038456262	-49.528579	0.0	0.0
1.929688	0.036596539	-49.561391	0.0	0.0
1.930664	0.034793858	-49.591666	0.0	0.0
1.931641	0.033026078	-49.622807	0.0	0.0
1.932617	0.031375814	-49.653541	0.0	0.0
1.933594	0.029765487	-49.682222	0.0	0.0
1.934570	0.028168846	-49.712048	0.0	0.0
1.935547	0.026697274	-49.742728	0.0	0.0
1.936523	0.025322818	-49.772353	0.0	0.0
1.937500	0.023967335	-49.799714	0.0	0.0
1.938477	0.022668893	-49.828323	0.0	0.0
1.939453	0.021441257	-49.856812	0.0	0.0
1.940430	0.020284288	-49.884846	0.0	0.0
1.941406	0.019185664	-49.911519	0.0	0.0
1.942383	0.018140141	-49.937085	0.0	0.0
1.943359	0.017154108	-49.960909	0.0	0.0
1.944336	0.016198980	-49.983430	0.0	0.0
1.945313	0.015276044	-50.004597	0.0	0.0
1.946289	0.014371040	-50.025568	0.0	0.0
1.947266	0.013525477	-50.046717	0.0	0.0
1.948242	0.012727880	-50.066573	0.0	0.0
1.949219	0.011974734	-50.085148	0.0	0.0
1.950195	0.011269338	-50.102829	0.0	0.0
1.951172	0.010588509	-50.117836	0.0	0.0
1.952148	0.009937849	-50.131642	0.0	0.0
1.953125	0.009332893	-50.142411	0.0	0.0
1.954102	0.008745390	-50.151757	0.0	0.0
1.955078	0.008173173	-50.160039	0.0	0.0
1.956055	0.007655959	-50.167099	0.0	0.0
1.957031	0.007156937	-50.170213	0.0	0.0
1.958008	0.006697229	-50.171922	0.0	0.0
1.958984	0.006258060	-50.171617	0.0	0.0
1.959961	0.005845371	-50.167639	0.0	0.0
1.960938	0.005460835	-50.159885	0.0	0.0
1.961914	0.005094254	-50.149020	0.0	0.0
1.962891	0.004760126	-50.135926	0.0	0.0
1.963867	0.004454076	-50.116637	0.0	0.0
1.964844	0.004160715	-50.096379	0.0	0.0
1.965820	0.003898164	-50.068880	0.0	0.0
1.966797	0.003652359	-50.039368	0.0	0.0
1.967773	0.003432489	-50.005972	0.0	0.0
1.968750	0.003239340	-49.967341	0.0	0.0
1.969727	0.003059507	-49.926206	0.0	0.0
1.970703	0.002906009	-49.879747	0.0	0.0
1.971680	0.002774400	-49.830747	0.0	0.0
1.972656	0.002661789	-49.776724	0.0	0.0
1.973633	0.002572507	-49.721604	0.0	0.0
1.974609	0.002494105	-49.669869	0.0	0.0
1.975586	0.002429758	-49.613750	0.0	0.0
1.976563	0.002380940	-49.562182	0.0	0.0
1.977539	0.002346836	-49.505095	0.0	0.0
1.978516	0.002315686	-49.456292	0.0	0.0
1.979492	0.002306513	-49.406055	0.0	0.0
1.980469	0.002299849	-49.360240	0.0	0.0
1.981445	0.002293139	-49.315774	0.0	0.0
1.982422	0.002307509	-49.277352	0.0	0.0
1.983398	0.002320094	-49.239195	0.0	0.0
1.984375	0.002327596	-49.207480	0.0	0.0
1.985352	0.002339253	-49.173054	0.0	0.0
1.986328	0.002355281	-49.145354	0.0	0.0
1.987305	0.002376261	-49.119581	0.0	0.0
1.988281	0.002393197	-49.089903	0.0	0.0
1.989258	0.002410549	-49.067525	0.0	0.0
1.990234	0.002422913	-49.045099	0.0	0.0
1.991211	0.002430805	-49.027273	0.0	0.0
1.992188	0.002444865	-49.005731	0.0	0.0
1.993164	0.002457186	-48.986887	0.0	0.0
1.994141	0.002469463	-48.971653	0.0	0.0
1.995117	0.002477815	-48.954051	0.0	0.0
1.996094	0.002496528	-48.939583	0.0	0.0
1.997070	0.002489366	-48.922046	0.0	0.0
1.998047	0.002495107	-48.908584	0.0	0.0
1.999023	0.002498901	-48.894240	0.0	0.0
2.000000	0.002501077	-48.878068	0.0	0.0
