# UNCLASSIFIED                                                          
#                                                                       
# Response info for KEST broad-band site.     
#                                               
# Effective: 09 May 2006                                       
# Creation date: 14 Aug 2006
# File name: KEST_bb_rsp.txt
#                       
# Source: James Neely (TTD)                                     
# System equipment: Guralp CMG-3TB seismometer and Nanometrics Europa-T digitizer.
#                                                                       
# The response file was derived from equations of state.
# Displacement response normalized to 1.0 at 1.0 Hz.   
#                                                                       
# The calib values for this configuration are as follows:
# 
# KEST BHZ is 0.007958 nm/count at 1.0 Hz.
# KEST BHN is 0.007958 nm/count at 1.0 Hz.
# KEST BHE is 0.007958 nm/count at 1.0 Hz.
#                                                                       
# Freq(Hz)     Amp(counts/nm)    Phase(deg)   Error(amp) Error(phase)    
#                               
 theoretical  0       system    fap   J.Neely
1000
0.001000	0.000014416	261.126960	0.0	0.0
0.001010	0.000014851	261.028564	0.0	0.0
0.001020	0.000015299	260.929279	0.0	0.0
0.001030	0.000015761	260.828905	0.0	0.0
0.001040	0.000016236	260.727444	0.0	0.0
0.001051	0.000016727	260.624997	0.0	0.0
0.001061	0.000017231	260.521566	0.0	0.0
0.001072	0.000017751	260.416950	0.0	0.0
0.001083	0.000018287	260.311352	0.0	0.0
0.001093	0.000018839	260.204673	0.0	0.0
0.001104	0.000019408	260.096813	0.0	0.0
0.001115	0.000019993	259.987874	0.0	0.0
0.001126	0.000020597	259.877858	0.0	0.0
0.001138	0.000021218	259.766664	0.0	0.0
0.001149	0.000021859	259.654296	0.0	0.0
0.001160	0.000022518	259.540853	0.0	0.0
0.001172	0.000023198	259.426237	0.0	0.0
0.001184	0.000023898	259.310350	0.0	0.0
0.001195	0.000024619	259.193293	0.0	0.0
0.001207	0.000025362	259.075066	0.0	0.0
0.001219	0.000026128	258.955571	0.0	0.0
0.001231	0.000026916	258.834810	0.0	0.0
0.001244	0.000027728	258.712884	0.0	0.0
0.001256	0.000028565	258.589594	0.0	0.0
0.001269	0.000029427	258.465142	0.0	0.0
0.001281	0.000030315	258.339329	0.0	0.0
0.001294	0.000031230	258.212155	0.0	0.0
0.001307	0.000032172	258.083724	0.0	0.0
0.001320	0.000033143	257.953936	0.0	0.0
0.001333	0.000034143	257.822792	0.0	0.0
0.001346	0.000035173	257.690295	0.0	0.0
0.001360	0.000036234	257.556445	0.0	0.0
0.001373	0.000037328	257.421144	0.0	0.0
0.001387	0.000038454	257.284494	0.0	0.0
0.001401	0.000039614	257.146295	0.0	0.0
0.001415	0.000040809	257.006749	0.0	0.0
0.001429	0.000042041	256.865659	0.0	0.0
0.001443	0.000043309	256.723125	0.0	0.0
0.001457	0.000044615	256.579149	0.0	0.0
0.001472	0.000045961	256.433533	0.0	0.0
0.001487	0.000047348	256.286478	0.0	0.0
0.001501	0.000048776	256.137886	0.0	0.0
0.001516	0.000050247	255.987659	0.0	0.0
0.001532	0.000051763	255.835898	0.0	0.0
0.001547	0.000053324	255.682504	0.0	0.0
0.001562	0.000054933	255.527479	0.0	0.0
0.001578	0.000056590	255.370826	0.0	0.0
0.001593	0.000058296	255.212546	0.0	0.0
0.001609	0.000060055	255.052541	0.0	0.0
0.001625	0.000061866	254.890910	0.0	0.0
0.001642	0.000063731	254.727459	0.0	0.0
0.001658	0.000065653	254.562288	0.0	0.0
0.001674	0.000067633	254.395397	0.0	0.0
0.001691	0.000069672	254.226691	0.0	0.0
0.001708	0.000071773	254.056170	0.0	0.0
0.001725	0.000073937	253.883835	0.0	0.0
0.001742	0.000076166	253.709690	0.0	0.0
0.001760	0.000078462	253.533635	0.0	0.0
0.001777	0.000080827	253.355773	0.0	0.0
0.001795	0.000083264	253.175907	0.0	0.0
0.001813	0.000085774	252.994136	0.0	0.0
0.001831	0.000088359	252.810364	0.0	0.0
0.001849	0.000091022	252.624692	0.0	0.0
0.001867	0.000093765	252.436924	0.0	0.0
0.001886	0.000096590	252.247159	0.0	0.0
0.001905	0.000099501	252.055402	0.0	0.0
0.001924	0.000102499	251.861452	0.0	0.0
0.001943	0.000105587	251.665513	0.0	0.0
0.001962	0.000108768	251.467388	0.0	0.0
0.001982	0.000112044	251.267077	0.0	0.0
0.002002	0.000115419	251.064583	0.0	0.0
0.002022	0.000118895	250.859910	0.0	0.0
0.002042	0.000122475	250.652956	0.0	0.0
0.002062	0.000126163	250.443827	0.0	0.0
0.002083	0.000129962	250.232324	0.0	0.0
0.002103	0.000133875	250.018448	0.0	0.0
0.002124	0.000137905	249.802303	0.0	0.0
0.002145	0.000142055	249.583792	0.0	0.0
0.002167	0.000146331	249.362814	0.0	0.0
0.002188	0.000150734	249.139374	0.0	0.0
0.002210	0.000155269	248.913574	0.0	0.0
0.002232	0.000159940	248.685215	0.0	0.0
0.002254	0.000164751	248.454302	0.0	0.0
0.002277	0.000169706	248.220835	0.0	0.0
0.002300	0.000174810	247.984718	0.0	0.0
0.002322	0.000180066	247.746052	0.0	0.0
0.002346	0.000185479	247.504641	0.0	0.0
0.002369	0.000191054	247.260587	0.0	0.0
0.002393	0.000196795	247.013793	0.0	0.0
0.002416	0.000202708	246.764160	0.0	0.0
0.002441	0.000208797	246.511793	0.0	0.0
0.002465	0.000215068	246.256592	0.0	0.0
0.002489	0.000221526	245.998461	0.0	0.0
0.002514	0.000228177	245.737503	0.0	0.0
0.002539	0.000235026	245.473521	0.0	0.0
0.002565	0.000242079	245.206517	0.0	0.0
0.002590	0.000249341	244.936593	0.0	0.0
0.002616	0.000256820	244.663553	0.0	0.0
0.002642	0.000264521	244.387400	0.0	0.0
0.002668	0.000272451	244.108136	0.0	0.0
0.002695	0.000280616	243.825564	0.0	0.0
0.002722	0.000289024	243.539888	0.0	0.0
0.002749	0.000297680	243.250910	0.0	0.0
0.002776	0.000306594	242.958633	0.0	0.0
0.002804	0.000315771	242.662960	0.0	0.0
0.002832	0.000325220	242.363894	0.0	0.0
0.002860	0.000334947	242.061438	0.0	0.0
0.002888	0.000344963	241.755495	0.0	0.0
0.002917	0.000355274	241.445969	0.0	0.0
0.002946	0.000365888	241.132863	0.0	0.0
0.002976	0.000376816	240.816179	0.0	0.0
0.003005	0.000388065	240.495821	0.0	0.0
0.003035	0.000399645	240.171693	0.0	0.0
0.003066	0.000411564	239.843796	0.0	0.0
0.003096	0.000423834	239.512136	0.0	0.0
0.003127	0.000436463	239.176614	0.0	0.0
0.003158	0.000449461	238.837235	0.0	0.0
0.003190	0.000462839	238.493802	0.0	0.0
0.003221	0.000476608	238.146319	0.0	0.0
0.003253	0.000490778	237.794888	0.0	0.0
0.003286	0.000505360	237.439313	0.0	0.0
0.003319	0.000520366	237.079500	0.0	0.0
0.003352	0.000535808	236.715548	0.0	0.0
0.003385	0.000551697	236.347264	0.0	0.0
0.003419	0.000568046	235.974752	0.0	0.0
0.003453	0.000584867	235.597813	0.0	0.0
0.003487	0.000602173	235.216352	0.0	0.0
0.003522	0.000619977	234.830574	0.0	0.0
0.003557	0.000638292	234.440181	0.0	0.0
0.003592	0.000657132	234.045179	0.0	0.0
0.003628	0.000676511	233.645469	0.0	0.0
0.003664	0.000696443	233.241157	0.0	0.0
0.003701	0.000716943	232.832046	0.0	0.0
0.003738	0.000738025	232.418140	0.0	0.0
0.003775	0.000759705	231.999344	0.0	0.0
0.003813	0.000781998	231.575661	0.0	0.0
0.003851	0.000804919	231.146997	0.0	0.0
0.003889	0.000828485	230.713254	0.0	0.0
0.003928	0.000852712	230.274537	0.0	0.0
0.003967	0.000877616	229.830550	0.0	0.0
0.004006	0.000903215	229.381397	0.0	0.0
0.004046	0.000929525	228.927084	0.0	0.0
0.004087	0.000956564	228.467314	0.0	0.0
0.004127	0.000984349	228.002291	0.0	0.0
0.004168	0.001012900	227.531820	0.0	0.0
0.004210	0.001042230	227.055906	0.0	0.0
0.004252	0.001072360	226.574453	0.0	0.0
0.004294	0.001103320	226.087466	0.0	0.0
0.004337	0.001135110	225.594849	0.0	0.0
0.004380	0.001167750	225.096607	0.0	0.0
0.004424	0.001201280	224.592645	0.0	0.0
0.004468	0.001235700	224.082868	0.0	0.0
0.004512	0.001271040	223.567380	0.0	0.0
0.004557	0.001307310	223.045986	0.0	0.0
0.004603	0.001344540	222.518691	0.0	0.0
0.004649	0.001382740	221.985500	0.0	0.0
0.004695	0.001421940	221.446419	0.0	0.0
0.004742	0.001462150	220.901253	0.0	0.0
0.004789	0.001503400	220.350106	0.0	0.0
0.004837	0.001545700	219.792882	0.0	0.0
0.004885	0.001589080	219.229589	0.0	0.0
0.004934	0.001633560	218.660231	0.0	0.0
0.004983	0.001679150	218.084613	0.0	0.0
0.005032	0.001725880	217.502940	0.0	0.0
0.005082	0.001773760	216.915120	0.0	0.0
0.005133	0.001822820	216.321056	0.0	0.0
0.005184	0.001873070	215.720754	0.0	0.0
0.005236	0.001924540	215.114320	0.0	0.0
0.005288	0.001977240	214.501760	0.0	0.0
0.005341	0.002031190	213.882879	0.0	0.0
0.005394	0.002086410	213.257882	0.0	0.0
0.005448	0.002142920	212.626676	0.0	0.0
0.005502	0.002200720	211.989268	0.0	0.0
0.005557	0.002259860	211.345762	0.0	0.0
0.005612	0.002320320	210.696165	0.0	0.0
0.005668	0.002382140	210.040382	0.0	0.0
0.005725	0.002445330	209.378620	0.0	0.0
0.005782	0.002509900	208.710885	0.0	0.0
0.005839	0.002575860	208.037084	0.0	0.0
0.005897	0.002643240	207.357421	0.0	0.0
0.005956	0.002712030	206.672006	0.0	0.0
0.006015	0.002782250	205.980742	0.0	0.0
0.006075	0.002853910	205.283738	0.0	0.0
0.006136	0.002927030	204.581099	0.0	0.0
0.006197	0.003001600	203.872932	0.0	0.0
0.006259	0.003077640	203.159343	0.0	0.0
0.006321	0.003155140	202.440341	0.0	0.0
0.006384	0.003234130	201.716130	0.0	0.0
0.006448	0.003314590	200.986720	0.0	0.0
0.006512	0.003396540	200.252314	0.0	0.0
0.006577	0.003479970	199.513023	0.0	0.0
0.006642	0.003564890	198.769052	0.0	0.0
0.006708	0.003651290	198.020308	0.0	0.0
0.006775	0.003739170	197.267200	0.0	0.0
0.006843	0.003828520	196.509732	0.0	0.0
0.006911	0.003919350	195.748015	0.0	0.0
0.006980	0.004011650	194.982355	0.0	0.0
0.007049	0.004105400	194.212859	0.0	0.0
0.007120	0.004200610	193.439736	0.0	0.0
0.007191	0.004297260	192.663093	0.0	0.0
0.007262	0.004395340	191.883236	0.0	0.0
0.007335	0.004494830	191.100176	0.0	0.0
0.007408	0.004595730	190.314319	0.0	0.0
0.007481	0.004698020	189.525773	0.0	0.0
0.007556	0.004801690	188.734746	0.0	0.0
0.007631	0.004906720	187.941448	0.0	0.0
0.007707	0.005013080	187.146185	0.0	0.0
0.007784	0.005120770	186.348966	0.0	0.0
0.007862	0.005229760	185.550300	0.0	0.0
0.007940	0.005340040	184.750196	0.0	0.0
0.008019	0.005451580	183.948961	0.0	0.0
0.008099	0.005564370	183.146804	0.0	0.0
0.008180	0.005678370	182.344035	0.0	0.0
0.008261	0.005793570	181.540760	0.0	0.0
0.008343	0.005909950	180.737392	0.0	0.0
0.008426	0.006027480	179.934036	0.0	0.0
0.008510	0.006146140	179.130905	0.0	0.0
0.008595	0.006265910	178.328305	0.0	0.0
0.008681	0.006386760	177.526547	0.0	0.0
0.008767	0.006508670	176.725640	0.0	0.0
0.008855	0.006631620	175.925992	0.0	0.0
0.008943	0.006755580	175.127815	0.0	0.0
0.009032	0.006880540	174.331318	0.0	0.0
0.009122	0.007006460	173.536710	0.0	0.0
0.009213	0.007133330	172.744201	0.0	0.0
0.009305	0.007261130	171.954001	0.0	0.0
0.009397	0.007389840	171.166419	0.0	0.0
0.009491	0.007519430	170.381568	0.0	0.0
0.009586	0.007649890	169.599656	0.0	0.0
0.009681	0.007781200	168.820894	0.0	0.0
0.009777	0.007913340	168.045493	0.0	0.0
0.009875	0.008046290	167.273662	0.0	0.0
0.009973	0.008180040	166.505513	0.0	0.0
0.010073	0.008314580	165.741262	0.0	0.0
0.010173	0.008449890	164.981108	0.0	0.0
0.010274	0.008585960	164.225068	0.0	0.0
0.010377	0.008722780	163.473555	0.0	0.0
0.010480	0.008860330	162.726478	0.0	0.0
0.010584	0.008998600	161.984149	0.0	0.0
0.010690	0.009137600	161.246580	0.0	0.0
0.010796	0.009277300	160.513980	0.0	0.0
0.010904	0.009417720	159.786362	0.0	0.0
0.011013	0.009558830	159.064037	0.0	0.0
0.011122	0.009700650	158.346926	0.0	0.0
0.011233	0.009843160	157.635231	0.0	0.0
0.011345	0.009986360	156.929061	0.0	0.0
0.011458	0.010130300	156.228440	0.0	0.0
0.011572	0.010274900	155.533467	0.0	0.0
0.011688	0.010420100	154.844165	0.0	0.0
0.011804	0.010566100	154.160744	0.0	0.0
0.011922	0.010712800	153.483216	0.0	0.0
0.012040	0.010860200	152.811492	0.0	0.0
0.012160	0.011008400	152.145895	0.0	0.0
0.012281	0.011157200	151.486224	0.0	0.0
0.012404	0.011306800	150.832590	0.0	0.0
0.012527	0.011457100	150.185128	0.0	0.0
0.012652	0.011608200	149.543725	0.0	0.0
0.012778	0.011760000	148.908515	0.0	0.0
0.012906	0.011912600	148.279510	0.0	0.0
0.013034	0.012066000	147.656609	0.0	0.0
0.013164	0.012220200	147.039946	0.0	0.0
0.013295	0.012375200	146.429420	0.0	0.0
0.013428	0.012531000	145.825144	0.0	0.0
0.013561	0.012687700	145.227049	0.0	0.0
0.013696	0.012845200	144.635138	0.0	0.0
0.013833	0.013003700	144.049419	0.0	0.0
0.013971	0.013163000	143.469817	0.0	0.0
0.014110	0.013323200	142.896352	0.0	0.0
0.014250	0.013484300	142.329026	0.0	0.0
0.014392	0.013646400	141.767871	0.0	0.0
0.014536	0.013809400	141.212677	0.0	0.0
0.014681	0.013973400	140.663588	0.0	0.0
0.014827	0.014138400	140.120503	0.0	0.0
0.014975	0.014304500	139.583346	0.0	0.0
0.015124	0.014471600	139.052216	0.0	0.0
0.015275	0.014639700	138.526958	0.0	0.0
0.015427	0.014809000	138.007460	0.0	0.0
0.015580	0.014979300	137.493957	0.0	0.0
0.015736	0.015150800	136.986070	0.0	0.0
0.015892	0.015323400	136.484000	0.0	0.0
0.016051	0.015497200	135.987668	0.0	0.0
0.016211	0.015672200	135.496897	0.0	0.0
0.016372	0.015848500	135.011699	0.0	0.0
0.016535	0.016025900	134.532095	0.0	0.0
0.016700	0.016204600	134.057996	0.0	0.0
0.016866	0.016384600	133.589237	0.0	0.0
0.017034	0.016565900	133.125916	0.0	0.0
0.017204	0.016748600	132.667968	0.0	0.0
0.017375	0.016932600	132.215304	0.0	0.0
0.017549	0.017118000	131.767845	0.0	0.0
0.017723	0.017304700	131.325504	0.0	0.0
0.017900	0.017493000	130.888302	0.0	0.0
0.018078	0.017682600	130.456261	0.0	0.0
0.018258	0.017873800	130.029105	0.0	0.0
0.018440	0.018066400	129.606954	0.0	0.0
0.018624	0.018260600	129.189710	0.0	0.0
0.018810	0.018456300	128.777317	0.0	0.0
0.018997	0.018653600	128.369674	0.0	0.0
0.019186	0.018852500	127.966716	0.0	0.0
0.019377	0.019053000	127.568564	0.0	0.0
0.019570	0.019255200	127.174930	0.0	0.0
0.019765	0.019459100	126.785935	0.0	0.0
0.019962	0.019664600	126.401415	0.0	0.0
0.020161	0.019871900	126.021278	0.0	0.0
0.020362	0.020080900	125.645649	0.0	0.0
0.020565	0.020291700	125.274348	0.0	0.0
0.020770	0.020504300	124.907299	0.0	0.0
0.020977	0.020718700	124.544635	0.0	0.0
0.021186	0.020935000	124.186056	0.0	0.0
0.021397	0.021153200	123.831606	0.0	0.0
0.021610	0.021373200	123.481297	0.0	0.0
0.021825	0.021595200	123.134951	0.0	0.0
0.022043	0.021819200	122.792601	0.0	0.0
0.022262	0.022045100	122.454269	0.0	0.0
0.022484	0.022273100	122.119767	0.0	0.0
0.022708	0.022503000	121.789129	0.0	0.0
0.022934	0.022735100	121.462287	0.0	0.0
0.023163	0.022969200	121.139142	0.0	0.0
0.023394	0.023205500	120.819749	0.0	0.0
0.023627	0.023443900	120.503908	0.0	0.0
0.023862	0.023684400	120.191764	0.0	0.0
0.024100	0.023927200	119.883129	0.0	0.0
0.024340	0.024172200	119.578023	0.0	0.0
0.024582	0.024419400	119.276404	0.0	0.0
0.024827	0.024668900	118.978160	0.0	0.0
0.025075	0.024920800	118.683346	0.0	0.0
0.025324	0.025174900	118.391774	0.0	0.0
0.025577	0.025431500	118.103578	0.0	0.0
0.025832	0.025690400	117.818579	0.0	0.0
0.026089	0.025951700	117.536811	0.0	0.0
0.026349	0.026215500	117.258207	0.0	0.0
0.026611	0.026481800	116.982679	0.0	0.0
0.026876	0.026750500	116.710272	0.0	0.0
0.027144	0.027021800	116.441017	0.0	0.0
0.027415	0.027295700	116.174628	0.0	0.0
0.027688	0.027572200	115.911236	0.0	0.0
0.027964	0.027851300	115.650777	0.0	0.0
0.028242	0.028133000	115.393293	0.0	0.0
0.028524	0.028417400	115.138586	0.0	0.0
0.028808	0.028704600	114.886721	0.0	0.0
0.029095	0.028994500	114.637600	0.0	0.0
0.029385	0.029287100	114.391266	0.0	0.0
0.029677	0.029582600	114.147654	0.0	0.0
0.029973	0.029880900	113.906696	0.0	0.0
0.030272	0.030182100	113.668414	0.0	0.0
0.030573	0.030486100	113.432655	0.0	0.0
0.030878	0.030793100	113.199538	0.0	0.0
0.031185	0.031103100	112.968999	0.0	0.0
0.031496	0.031416100	112.740982	0.0	0.0
0.031810	0.031732000	112.515420	0.0	0.0
0.032127	0.032051100	112.292335	0.0	0.0
0.032447	0.032373200	112.071672	0.0	0.0
0.032770	0.032698500	111.853365	0.0	0.0
0.033097	0.033026900	111.637446	0.0	0.0
0.033426	0.033358600	111.423850	0.0	0.0
0.033759	0.033693400	111.212521	0.0	0.0
0.034096	0.034031600	111.003581	0.0	0.0
0.034435	0.034373000	110.796786	0.0	0.0
0.034778	0.034717700	110.592258	0.0	0.0
0.035125	0.035065800	110.389931	0.0	0.0
0.035475	0.035417400	110.189760	0.0	0.0
0.035828	0.035772300	109.991679	0.0	0.0
0.036185	0.036130700	109.795710	0.0	0.0
0.036546	0.036492700	109.601920	0.0	0.0
0.036910	0.036858200	109.410120	0.0	0.0
0.037278	0.037227300	109.220466	0.0	0.0
0.037649	0.037600000	109.032703	0.0	0.0
0.038024	0.037976300	108.846952	0.0	0.0
0.038403	0.038356400	108.663180	0.0	0.0
0.038785	0.038740200	108.481400	0.0	0.0
0.039172	0.039127700	108.301477	0.0	0.0
0.039562	0.039519100	108.123545	0.0	0.0
0.039956	0.039914400	107.947338	0.0	0.0
0.040354	0.040313500	107.773111	0.0	0.0
0.040756	0.040716600	107.600609	0.0	0.0
0.041162	0.041123600	107.429976	0.0	0.0
0.041572	0.041534700	107.261134	0.0	0.0
0.041987	0.041949800	107.094063	0.0	0.0
0.042405	0.042369000	106.928683	0.0	0.0
0.042827	0.042792300	106.765052	0.0	0.0
0.043254	0.043219800	106.603201	0.0	0.0
0.043685	0.043651600	106.442898	0.0	0.0
0.044120	0.044087600	106.284377	0.0	0.0
0.044560	0.044527900	106.127393	0.0	0.0
0.045004	0.044972600	105.972091	0.0	0.0
0.045452	0.045421700	105.818415	0.0	0.0
0.045905	0.045875200	105.666310	0.0	0.0
0.046362	0.046333300	105.515743	0.0	0.0
0.046824	0.046795800	105.366847	0.0	0.0
0.047291	0.047262900	105.219389	0.0	0.0
0.047762	0.047734700	105.073403	0.0	0.0
0.048238	0.048211100	104.928955	0.0	0.0
0.048718	0.048692300	104.785979	0.0	0.0
0.049204	0.049178200	104.644553	0.0	0.0
0.049694	0.049669000	104.504511	0.0	0.0
0.050189	0.050164600	104.365907	0.0	0.0
0.050689	0.050665100	104.228709	0.0	0.0
0.051194	0.051170600	104.092862	0.0	0.0
0.051704	0.051681100	103.958421	0.0	0.0
0.052219	0.052196600	103.825442	0.0	0.0
0.052739	0.052717300	103.693681	0.0	0.0
0.053265	0.053243200	103.563404	0.0	0.0
0.053795	0.053774200	103.434356	0.0	0.0
0.054331	0.054310600	103.306605	0.0	0.0
0.054873	0.054852200	103.180094	0.0	0.0
0.055419	0.055399300	103.055002	0.0	0.0
0.055971	0.055951800	102.931084	0.0	0.0
0.056529	0.056509700	102.808385	0.0	0.0
0.057092	0.057073300	102.686982	0.0	0.0
0.057661	0.057642400	102.566844	0.0	0.0
0.058235	0.058217100	102.447814	0.0	0.0
0.058816	0.058797600	102.330060	0.0	0.0
0.059402	0.059383900	102.213447	0.0	0.0
0.059993	0.059975900	102.097944	0.0	0.0
0.060591	0.060573900	101.983716	0.0	0.0
0.061195	0.061177800	101.870521	0.0	0.0
0.061804	0.061787700	101.758523	0.0	0.0
0.062420	0.062403700	101.647602	0.0	0.0
0.063042	0.063025800	101.537825	0.0	0.0
0.063670	0.063654100	101.429147	0.0	0.0
0.064304	0.064288600	101.321534	0.0	0.0
0.064945	0.064929500	101.214977	0.0	0.0
0.065592	0.065576700	101.109431	0.0	0.0
0.066246	0.066230300	101.004962	0.0	0.0
0.066906	0.066890500	100.901561	0.0	0.0
0.067572	0.067557200	100.799182	0.0	0.0
0.068245	0.068230600	100.697804	0.0	0.0
0.068925	0.068910600	100.597393	0.0	0.0
0.069612	0.069597500	100.497950	0.0	0.0
0.070305	0.070291100	100.399620	0.0	0.0
0.071006	0.070991700	100.302091	0.0	0.0
0.071713	0.071699200	100.205642	0.0	0.0
0.072428	0.072413800	100.110051	0.0	0.0
0.073149	0.073135500	100.015484	0.0	0.0
0.073878	0.073864400	99.921742	0.0	0.0
0.074614	0.074600500	99.828980	0.0	0.0
0.075357	0.075343900	99.737099	0.0	0.0
0.076108	0.076094800	99.646178	0.0	0.0
0.076866	0.076853100	99.556082	0.0	0.0
0.077632	0.077619000	99.466912	0.0	0.0
0.078406	0.078392500	99.378535	0.0	0.0
0.079187	0.079173700	99.291062	0.0	0.0
0.079976	0.079962700	99.204450	0.0	0.0
0.080773	0.080759500	99.118598	0.0	0.0
0.081577	0.081564300	99.033706	0.0	0.0
0.082390	0.082377100	98.949543	0.0	0.0
0.083211	0.083197900	98.866196	0.0	0.0
0.084040	0.084026900	98.783677	0.0	0.0
0.084877	0.084864200	98.701954	0.0	0.0
0.085723	0.085709900	98.620937	0.0	0.0
0.086577	0.086563900	98.540793	0.0	0.0
0.087439	0.087426500	98.461346	0.0	0.0
0.088310	0.088297600	98.382773	0.0	0.0
0.089190	0.089177500	98.304874	0.0	0.0
0.090079	0.090066000	98.227749	0.0	0.0
0.090976	0.090963500	98.151278	0.0	0.0
0.091883	0.091869800	98.075581	0.0	0.0
0.092798	0.092785300	98.000650	0.0	0.0
0.093722	0.093709700	97.926383	0.0	0.0
0.094656	0.094643500	97.852881	0.0	0.0
0.095599	0.095586500	97.780044	0.0	0.0
0.096552	0.096538900	97.707885	0.0	0.0
0.097514	0.097500800	97.636391	0.0	0.0
0.098485	0.098472300	97.565586	0.0	0.0
0.099466	0.099453500	97.495470	0.0	0.0
0.100457	0.100444000	97.426077	0.0	0.0
0.101458	0.101445000	97.357228	0.0	0.0
0.102469	0.102456000	97.289026	0.0	0.0
0.103490	0.103477000	97.221480	0.0	0.0
0.104521	0.104508000	97.154591	0.0	0.0
0.105562	0.105549000	97.088283	0.0	0.0
0.106614	0.106601000	97.022665	0.0	0.0
0.107676	0.107663000	96.957540	0.0	0.0
0.108749	0.108735000	96.893140	0.0	0.0
0.109832	0.109819000	96.829254	0.0	0.0
0.110926	0.110913000	96.766005	0.0	0.0
0.112031	0.112018000	96.703417	0.0	0.0
0.113148	0.113134000	96.641278	0.0	0.0
0.114275	0.114261000	96.579821	0.0	0.0
0.115413	0.115400000	96.518736	0.0	0.0
0.116563	0.116550000	96.458469	0.0	0.0
0.117724	0.117711000	96.398496	0.0	0.0
0.118897	0.118884000	96.339263	0.0	0.0
0.120082	0.120068000	96.280460	0.0	0.0
0.121278	0.121264000	96.222319	0.0	0.0
0.122486	0.122472000	96.164531	0.0	0.0
0.123707	0.123693000	96.107428	0.0	0.0
0.124939	0.124925000	96.050823	0.0	0.0
0.126184	0.126170000	95.994616	0.0	0.0
0.127441	0.127427000	95.938930	0.0	0.0
0.128711	0.128696000	95.883886	0.0	0.0
0.129993	0.129979000	95.829287	0.0	0.0
0.131288	0.131273000	95.775153	0.0	0.0
0.132596	0.132581000	95.721498	0.0	0.0
0.133917	0.133902000	95.668332	0.0	0.0
0.135251	0.135236000	95.615577	0.0	0.0
0.136599	0.136584000	95.563336	0.0	0.0
0.137960	0.137945000	95.511540	0.0	0.0
0.139334	0.139319000	95.460303	0.0	0.0
0.140722	0.140707000	95.409324	0.0	0.0
0.142124	0.142109000	95.358937	0.0	0.0
0.143540	0.143525000	95.308942	0.0	0.0
0.144970	0.144955000	95.259475	0.0	0.0
0.146414	0.146399000	95.210334	0.0	0.0
0.147873	0.147857000	95.161531	0.0	0.0
0.149346	0.149330000	95.113412	0.0	0.0
0.150834	0.150818000	95.065454	0.0	0.0
0.152337	0.152321000	95.018115	0.0	0.0
0.153855	0.153838000	94.971083	0.0	0.0
0.155387	0.155371000	94.924481	0.0	0.0
0.156935	0.156919000	94.878219	0.0	0.0
0.158499	0.158482000	94.832334	0.0	0.0
0.160078	0.160061000	94.786936	0.0	0.0
0.161673	0.161656000	94.741836	0.0	0.0
0.163284	0.163266000	94.697158	0.0	0.0
0.164910	0.164893000	94.652924	0.0	0.0
0.166553	0.166536000	94.608935	0.0	0.0
0.168213	0.168195000	94.565424	0.0	0.0
0.169888	0.169871000	94.522215	0.0	0.0
0.171581	0.171563000	94.479308	0.0	0.0
0.173290	0.173273000	94.436837	0.0	0.0
0.175017	0.174999000	94.394725	0.0	0.0
0.176760	0.176742000	94.352971	0.0	0.0
0.178521	0.178503000	94.311512	0.0	0.0
0.180300	0.180282000	94.270368	0.0	0.0
0.182096	0.182078000	94.229652	0.0	0.0
0.183910	0.183892000	94.189075	0.0	0.0
0.185743	0.185724000	94.149084	0.0	0.0
0.187593	0.187574000	94.109277	0.0	0.0
0.189462	0.189443000	94.069678	0.0	0.0
0.191350	0.191330000	94.030522	0.0	0.0
0.193256	0.193237000	93.991607	0.0	0.0
0.195181	0.195162000	93.953081	0.0	0.0
0.197126	0.197106000	93.914843	0.0	0.0
0.199090	0.199070000	93.876827	0.0	0.0
0.201073	0.201053000	93.839157	0.0	0.0
0.203077	0.203056000	93.801744	0.0	0.0
0.205100	0.205079000	93.764722	0.0	0.0
0.207143	0.207122000	93.727914	0.0	0.0
0.209207	0.209186000	93.691431	0.0	0.0
0.211291	0.211270000	93.655097	0.0	0.0
0.213396	0.213375000	93.619157	0.0	0.0
0.215522	0.215501000	93.583412	0.0	0.0
0.217669	0.217648000	93.547995	0.0	0.0
0.219838	0.219816000	93.512718	0.0	0.0
0.222028	0.222006000	93.477828	0.0	0.0
0.224240	0.224218000	93.443134	0.0	0.0
0.226474	0.226452000	93.408661	0.0	0.0
0.228730	0.228708000	93.374443	0.0	0.0
0.231009	0.230987000	93.340502	0.0	0.0
0.233311	0.233288000	93.306862	0.0	0.0
0.235635	0.235612000	93.273346	0.0	0.0
0.237983	0.237959000	93.240075	0.0	0.0
0.240354	0.240330000	93.207097	0.0	0.0
0.242748	0.242725000	93.174422	0.0	0.0
0.245167	0.245143000	93.141774	0.0	0.0
0.247609	0.247585000	93.109487	0.0	0.0
0.250076	0.250052000	93.077395	0.0	0.0
0.252567	0.252543000	93.045510	0.0	0.0
0.255084	0.255059000	93.013766	0.0	0.0
0.257625	0.257600000	92.982309	0.0	0.0
0.260192	0.260167000	92.951038	0.0	0.0
0.262784	0.262759000	92.919901	0.0	0.0
0.265402	0.265376000	92.889130	0.0	0.0
0.268046	0.268020000	92.858438	0.0	0.0
0.270716	0.270691000	92.827859	0.0	0.0
0.273413	0.273388000	92.797639	0.0	0.0
0.276137	0.276111000	92.767489	0.0	0.0
0.278888	0.278862000	92.737555	0.0	0.0
0.281667	0.281640000	92.707860	0.0	0.0
0.284473	0.284446000	92.678338	0.0	0.0
0.287307	0.287280000	92.648913	0.0	0.0
0.290170	0.290142000	92.619618	0.0	0.0
0.293060	0.293033000	92.590599	0.0	0.0
0.295980	0.295953000	92.561680	0.0	0.0
0.298929	0.298901000	92.532883	0.0	0.0
0.301907	0.301879000	92.504466	0.0	0.0
0.304915	0.304887000	92.476039	0.0	0.0
0.307953	0.307924000	92.447750	0.0	0.0
0.311021	0.310992000	92.419620	0.0	0.0
0.314119	0.314091000	92.391696	0.0	0.0
0.317249	0.317220000	92.363911	0.0	0.0
0.320409	0.320380000	92.336189	0.0	0.0
0.323602	0.323572000	92.308788	0.0	0.0
0.326825	0.326796000	92.281318	0.0	0.0
0.330082	0.330052000	92.254137	0.0	0.0
0.333370	0.333340000	92.226967	0.0	0.0
0.336691	0.336661000	92.200055	0.0	0.0
0.340046	0.340015000	92.173124	0.0	0.0
0.343433	0.343403000	92.146430	0.0	0.0
0.346855	0.346824000	92.119797	0.0	0.0
0.350311	0.350280000	92.093271	0.0	0.0
0.353801	0.353769000	92.066997	0.0	0.0
0.357325	0.357294000	92.040698	0.0	0.0
0.360885	0.360854000	92.014520	0.0	0.0
0.364481	0.364449000	91.988509	0.0	0.0
0.368112	0.368080000	91.962599	0.0	0.0
0.371779	0.371747000	91.936737	0.0	0.0
0.375483	0.375451000	91.911055	0.0	0.0
0.379224	0.379191000	91.885401	0.0	0.0
0.383002	0.382969000	91.859821	0.0	0.0
0.386818	0.386785000	91.834459	0.0	0.0
0.390672	0.390638000	91.809038	0.0	0.0
0.394564	0.394530000	91.783929	0.0	0.0
0.398495	0.398461000	91.758753	0.0	0.0
0.402465	0.402431000	91.733667	0.0	0.0
0.406474	0.406440000	91.708607	0.0	0.0
0.410524	0.410490000	91.683729	0.0	0.0
0.414614	0.414580000	91.658868	0.0	0.0
0.418745	0.418710000	91.634081	0.0	0.0
0.422916	0.422882000	91.609303	0.0	0.0
0.427130	0.427095000	91.584690	0.0	0.0
0.431385	0.431350000	91.560189	0.0	0.0
0.435683	0.435648000	91.535633	0.0	0.0
0.440024	0.439988000	91.511192	0.0	0.0
0.444407	0.444372000	91.486800	0.0	0.0
0.448835	0.448799000	91.462515	0.0	0.0
0.453307	0.453271000	91.438393	0.0	0.0
0.457823	0.457787000	91.414057	0.0	0.0
0.462384	0.462348000	91.389988	0.0	0.0
0.466990	0.466954000	91.365709	0.0	0.0
0.471643	0.471606000	91.341699	0.0	0.0
0.476342	0.476305000	91.317705	0.0	0.0
0.481087	0.481051000	91.293661	0.0	0.0
0.485880	0.485843000	91.269847	0.0	0.0
0.490721	0.490684000	91.245786	0.0	0.0
0.495610	0.495573000	91.221959	0.0	0.0
0.500547	0.500510000	91.198110	0.0	0.0
0.505534	0.505497000	91.174409	0.0	0.0
0.510571	0.510533000	91.150479	0.0	0.0
0.515657	0.515620000	91.126712	0.0	0.0
0.520795	0.520757000	91.102941	0.0	0.0
0.525983	0.525946000	91.079347	0.0	0.0
0.531224	0.531186000	91.055564	0.0	0.0
0.536516	0.536478000	91.031862	0.0	0.0
0.541861	0.541823000	91.008308	0.0	0.0
0.547260	0.547222000	90.984548	0.0	0.0
0.552712	0.552674000	90.960841	0.0	0.0
0.558218	0.558180000	90.937166	0.0	0.0
0.563780	0.563741000	90.913580	0.0	0.0
0.569396	0.569358000	90.889940	0.0	0.0
0.575069	0.575031000	90.866305	0.0	0.0
0.580798	0.580760000	90.842542	0.0	0.0
0.586585	0.586547000	90.818920	0.0	0.0
0.592429	0.592391000	90.795209	0.0	0.0
0.598331	0.598293000	90.771565	0.0	0.0
0.604292	0.604254000	90.747857	0.0	0.0
0.610312	0.610274000	90.724154	0.0	0.0
0.616392	0.616355000	90.700413	0.0	0.0
0.622533	0.622496000	90.676726	0.0	0.0
0.628736	0.628698000	90.652939	0.0	0.0
0.634999	0.634962000	90.629131	0.0	0.0
0.641326	0.641288000	90.605272	0.0	0.0
0.647715	0.647678000	90.581430	0.0	0.0
0.654168	0.654131000	90.557486	0.0	0.0
0.660685	0.660649000	90.533408	0.0	0.0
0.667268	0.667231000	90.509665	0.0	0.0
0.673915	0.673879000	90.486037	0.0	0.0
0.680629	0.680593000	90.461193	0.0	0.0
0.687410	0.687374000	90.437913	0.0	0.0
0.694259	0.694223000	90.412977	0.0	0.0
0.701175	0.701140000	90.389054	0.0	0.0
0.708161	0.708126000	90.364924	0.0	0.0
0.715216	0.715182000	90.340368	0.0	0.0
0.722342	0.722308000	90.316165	0.0	0.0
0.729538	0.729504000	90.291985	0.0	0.0
0.736806	0.736773000	90.267830	0.0	0.0
0.744147	0.744114000	90.243369	0.0	0.0
0.751561	0.751528000	90.218382	0.0	0.0
0.759048	0.759016000	90.193762	0.0	0.0
0.766610	0.766579000	90.169176	0.0	0.0
0.774248	0.774217000	90.144628	0.0	0.0
0.781961	0.781931000	90.118898	0.0	0.0
0.789752	0.789722000	90.094878	0.0	0.0
0.797620	0.797591000	90.069347	0.0	0.0
0.805566	0.805538000	90.044087	0.0	0.0
0.813592	0.813565000	90.019100	0.0	0.0
0.821698	0.821670000	89.994277	0.0	0.0
0.829884	0.829858000	89.968400	0.0	0.0
0.838152	0.838126000	89.943470	0.0	0.0
0.846502	0.846478000	89.917381	0.0	0.0
0.854936	0.854912000	89.891911	0.0	0.0
0.863453	0.863430000	89.866176	0.0	0.0
0.872055	0.872034000	89.839955	0.0	0.0
0.880743	0.880723000	89.814252	0.0	0.0
0.889518	0.889498000	89.788071	0.0	0.0
0.898380	0.898362000	89.762301	0.0	0.0
0.907330	0.907313000	89.735948	0.0	0.0
0.916370	0.916354000	89.709013	0.0	0.0
0.925499	0.925485000	89.682388	0.0	0.0
0.934720	0.934706000	89.656189	0.0	0.0
0.944032	0.944020000	89.629306	0.0	0.0
0.953437	0.953427000	89.602854	0.0	0.0
0.962936	0.962927000	89.575837	0.0	0.0
0.972529	0.972522000	89.548368	0.0	0.0
0.982218	0.982213000	89.521340	0.0	0.0
0.992004	0.992000000	89.493867	0.0	0.0
1.001887	1.001880000	89.466175	0.0	0.0
1.011868	1.011870000	89.437598	0.0	0.0
1.021949	1.021950000	89.409477	0.0	0.0
1.032131	1.032130000	89.382927	0.0	0.0
1.042414	1.042420000	89.354948	0.0	0.0
1.052799	1.052810000	89.325653	0.0	0.0
1.063288	1.063300000	89.298273	0.0	0.0
1.073881	1.073890000	89.268807	0.0	0.0
1.084580	1.084590000	89.240485	0.0	0.0
1.095385	1.095400000	89.211306	0.0	0.0
1.106298	1.106320000	89.182499	0.0	0.0
1.117320	1.117340000	89.153179	0.0	0.0
1.128451	1.128480000	89.123347	0.0	0.0
1.139694	1.139720000	89.094345	0.0	0.0
1.151048	1.151080000	89.064059	0.0	0.0
1.162516	1.162550000	89.034833	0.0	0.0
1.174097	1.174130000	89.003552	0.0	0.0
1.185794	1.185830000	88.972561	0.0	0.0
1.197608	1.197650000	88.942972	0.0	0.0
1.209540	1.209590000	88.912902	0.0	0.0
1.221590	1.221640000	88.881350	0.0	0.0
1.233760	1.233810000	88.849546	0.0	0.0
1.246052	1.246110000	88.818717	0.0	0.0
1.258466	1.258530000	88.786865	0.0	0.0
1.271004	1.271070000	88.756218	0.0	0.0
1.283666	1.283740000	88.722777	0.0	0.0
1.296455	1.296530000	88.690885	0.0	0.0
1.309371	1.309450000	88.658542	0.0	0.0
1.322416	1.322500000	88.625977	0.0	0.0
1.335591	1.335680000	88.593305	0.0	0.0
1.348897	1.348990000	88.560640	0.0	0.0
1.362336	1.362440000	88.527212	0.0	0.0
1.375908	1.376010000	88.493020	0.0	0.0
1.389616	1.389730000	88.459409	0.0	0.0
1.403460	1.403580000	88.425378	0.0	0.0
1.417443	1.417570000	88.392270	0.0	0.0
1.431564	1.431690000	88.356972	0.0	0.0
1.445826	1.445960000	88.321827	0.0	0.0
1.460231	1.460370000	88.287063	0.0	0.0
1.474779	1.474930000	88.252682	0.0	0.0
1.489471	1.489630000	88.215798	0.0	0.0
1.504310	1.504470000	88.179754	0.0	0.0
1.519297	1.519470000	88.143664	0.0	0.0
1.534434	1.534610000	88.108759	0.0	0.0
1.549721	1.549910000	88.071038	0.0	0.0
1.565160	1.565360000	88.033730	0.0	0.0
1.580753	1.580960000	87.997064	0.0	0.0
1.596502	1.596710000	87.959269	0.0	0.0
1.612408	1.612630000	87.922460	0.0	0.0
1.628471	1.628700000	87.883638	0.0	0.0
1.644695	1.644940000	87.845259	0.0	0.0
1.661081	1.661330000	87.806439	0.0	0.0
1.677630	1.677890000	87.768293	0.0	0.0
1.694344	1.694620000	87.729049	0.0	0.0
1.711224	1.711510000	87.688821	0.0	0.0
1.728272	1.728570000	87.648840	0.0	0.0
1.745491	1.745800000	87.609449	0.0	0.0
1.762880	1.763200000	87.567533	0.0	0.0
1.780443	1.780770000	87.527550	0.0	0.0
1.798181	1.798520000	87.485615	0.0	0.0
1.816096	1.816450000	87.444958	0.0	0.0
1.834189	1.834560000	87.402692	0.0	0.0
1.852463	1.852850000	87.361161	0.0	0.0
1.870918	1.871320000	87.317366	0.0	0.0
1.889558	1.889970000	87.274764	0.0	0.0
1.908383	1.908810000	87.231356	0.0	0.0
1.927396	1.927840000	87.188486	0.0	0.0
1.946598	1.947060000	87.144267	0.0	0.0
1.965991	1.966470000	87.099929	0.0	0.0
1.985578	1.986070000	87.054816	0.0	0.0
2.005359	2.005870000	87.008927	0.0	0.0
2.025338	2.025870000	86.963721	0.0	0.0
2.045516	2.046070000	86.918313	0.0	0.0
2.065895	2.066470000	86.871931	0.0	0.0
2.086477	2.087070000	86.824805	0.0	0.0
2.107264	2.107880000	86.778164	0.0	0.0
2.128258	2.128890000	86.730236	0.0	0.0
2.149461	2.150120000	86.682252	0.0	0.0
2.170875	2.171560000	86.633440	0.0	0.0
2.192503	2.193210000	86.585144	0.0	0.0
2.214346	2.215080000	86.535478	0.0	0.0
2.236407	2.237160000	86.485786	0.0	0.0
2.258688	2.259470000	86.436297	0.0	0.0
2.281191	2.282000000	86.386241	0.0	0.0
2.303917	2.304750000	86.333732	0.0	0.0
2.326871	2.327740000	86.283342	0.0	0.0
2.350052	2.350950000	86.230957	0.0	0.0
2.373465	2.374390000	86.178150	0.0	0.0
2.397111	2.398070000	86.125036	0.0	0.0
2.420993	2.421980000	86.071958	0.0	0.0
2.445113	2.446130000	86.019145	0.0	0.0
2.469473	2.470530000	85.964827	0.0	0.0
2.494075	2.495170000	85.909232	0.0	0.0
2.518923	2.520050000	85.853819	0.0	0.0
2.544018	2.545180000	85.797702	0.0	0.0
2.569364	2.570570000	85.742340	0.0	0.0
2.594961	2.596200000	85.684732	0.0	0.0
2.620814	2.622100000	85.627452	0.0	0.0
2.646925	2.648250000	85.570728	0.0	0.0
2.673295	2.674660000	85.511675	0.0	0.0
2.699928	2.701340000	85.452752	0.0	0.0
2.726827	2.728290000	85.393301	0.0	0.0
2.753994	2.755500000	85.333553	0.0	0.0
2.781431	2.782990000	85.272735	0.0	0.0
2.809141	2.810750000	85.211193	0.0	0.0
2.837128	2.838790000	85.150384	0.0	0.0
2.865393	2.867100000	85.087422	0.0	0.0
2.893941	2.895710000	85.025881	0.0	0.0
2.922772	2.924590000	84.961760	0.0	0.0
2.951891	2.953770000	84.897633	0.0	0.0
2.981300	2.983240000	84.833728	0.0	0.0
3.011001	3.013000000	84.767275	0.0	0.0
3.040999	3.043060000	84.701845	0.0	0.0
3.071296	3.073430000	84.635670	0.0	0.0
3.101894	3.104090000	84.567977	0.0	0.0
3.132797	3.135060000	84.500224	0.0	0.0
3.164008	3.166350000	84.431756	0.0	0.0
3.195530	3.197940000	84.362917	0.0	0.0
3.227367	3.229860000	84.294164	0.0	0.0
3.259520	3.262090000	84.223611	0.0	0.0
3.291993	3.294640000	84.151718	0.0	0.0
3.324791	3.327520000	84.081057	0.0	0.0
3.357915	3.360730000	84.008742	0.0	0.0
3.391368	3.394270000	83.935118	0.0	0.0
3.425156	3.428150000	83.861871	0.0	0.0
3.459279	3.462370000	83.787002	0.0	0.0
3.493743	3.496920000	83.712198	0.0	0.0
3.528550	3.531830000	83.635688	0.0	0.0
3.563704	3.567090000	83.558930	0.0	0.0
3.599208	3.602690000	83.482268	0.0	0.0
3.635066	3.638660000	83.404161	0.0	0.0
3.671281	3.674980000	83.324951	0.0	0.0
3.707857	3.711670000	83.245098	0.0	0.0
3.744797	3.748730000	83.164944	0.0	0.0
3.782106	3.786160000	83.084063	0.0	0.0
3.819786	3.823960000	83.002684	0.0	0.0
3.857841	3.862150000	82.919265	0.0	0.0
3.896276	3.900710000	82.836379	0.0	0.0
3.935093	3.939670000	82.751254	0.0	0.0
3.974297	3.979010000	82.666464	0.0	0.0
4.013892	4.018750000	82.580468	0.0	0.0
4.053881	4.058880000	82.493607	0.0	0.0
4.094269	4.099420000	82.406457	0.0	0.0
4.135059	4.140370000	82.317359	0.0	0.0
4.176255	4.181730000	82.227773	0.0	0.0
4.217862	4.223500000	82.138271	0.0	0.0
4.259883	4.265690000	82.046196	0.0	0.0
4.302323	4.308300000	81.954123	0.0	0.0
4.345186	4.351350000	81.861508	0.0	0.0
4.388476	4.394820000	81.767811	0.0	0.0
4.432197	4.438730000	81.673488	0.0	0.0
4.476353	4.483080000	81.577000	0.0	0.0
4.520950	4.527880000	81.481032	0.0	0.0
4.565991	4.573130000	81.382929	0.0	0.0
4.611480	4.618830000	81.284149	0.0	0.0
4.657423	4.664990000	81.184379	0.0	0.0
4.703824	4.711620000	81.084077	0.0	0.0
4.750687	4.758720000	80.982703	0.0	0.0
4.798016	4.806280000	80.879713	0.0	0.0
4.845817	4.854330000	80.775796	0.0	0.0
4.894095	4.902860000	80.671523	0.0	0.0
4.942853	4.951880000	80.566240	0.0	0.0
4.992097	5.001390000	80.458632	0.0	0.0
5.041832	5.051400000	80.351274	0.0	0.0
5.092062	5.101910000	80.242623	0.0	0.0
5.142793	5.152930000	80.132366	0.0	0.0
5.194029	5.204460000	80.021962	0.0	0.0
5.245776	5.256520000	79.910099	0.0	0.0
5.298038	5.309090000	79.796233	0.0	0.0
5.350821	5.362200000	79.682054	0.0	0.0
5.404129	5.415840000	79.566018	0.0	0.0
5.457969	5.470020000	79.449929	0.0	0.0
5.512345	5.524750000	79.331243	0.0	0.0
5.567263	5.580030000	79.212649	0.0	0.0
5.622728	5.635870000	79.091720	0.0	0.0
5.678746	5.692270000	78.971142	0.0	0.0
5.735321	5.749230000	78.847374	0.0	0.0
5.792460	5.806780000	78.723218	0.0	0.0
5.850169	5.864900000	78.598361	0.0	0.0
5.908453	5.923610000	78.472376	0.0	0.0
5.967317	5.982910000	78.344836	0.0	0.0
6.026767	6.042810000	78.214428	0.0	0.0
6.086810	6.103310000	78.084954	0.0	0.0
6.147451	6.164430000	77.952987	0.0	0.0
6.208696	6.226160000	77.819214	0.0	0.0
6.270552	6.288520000	77.685437	0.0	0.0
6.333023	6.351500000	77.549115	0.0	0.0
6.396117	6.415130000	77.412164	0.0	0.0
6.459840	6.479390000	77.273270	0.0	0.0
6.524198	6.544300000	77.134123	0.0	0.0
6.589196	6.609870000	76.992294	0.0	0.0
6.654842	6.676110000	76.848700	0.0	0.0
6.721143	6.743010000	76.705142	0.0	0.0
6.788103	6.810590000	76.559080	0.0	0.0
6.855731	6.878850000	76.411543	0.0	0.0
6.924033	6.947800000	76.263220	0.0	0.0
6.993015	7.017450000	76.112798	0.0	0.0
7.062684	7.087810000	75.960079	0.0	0.0
7.133048	7.158880000	75.806979	0.0	0.0
7.204112	7.230660000	75.651071	0.0	0.0
7.275884	7.303180000	75.494271	0.0	0.0
7.348372	7.376430000	75.336496	0.0	0.0
7.421582	7.450410000	75.176434	0.0	0.0
7.495521	7.525150000	75.014886	0.0	0.0
7.570196	7.600650000	74.850654	0.0	0.0
7.645616	7.676910000	74.686769	0.0	0.0
7.721787	7.753940000	74.519919	0.0	0.0
7.798717	7.831760000	74.351020	0.0	0.0
7.876413	7.910360000	74.179873	0.0	0.0
7.954883	7.989760000	74.007396	0.0	0.0
8.034135	8.069960000	73.833506	0.0	0.0
8.114177	8.150980000	73.658117	0.0	0.0
8.195016	8.232820000	73.481033	0.0	0.0
8.276661	8.315490000	73.301284	0.0	0.0
8.359119	8.399000000	73.120673	0.0	0.0
8.442398	8.483350000	72.936115	0.0	0.0
8.526507	8.568560000	72.751642	0.0	0.0
8.611454	8.654630000	72.564170	0.0	0.0
8.697247	8.741580000	72.374616	0.0	0.0
8.783896	8.829410000	72.189126	0.0	0.0
8.871407	8.918130000	71.995386	0.0	0.0
8.959790	9.007750000	71.793542	0.0	0.0
9.049054	9.098280000	71.593626	0.0	0.0
9.139207	9.189720000	71.394554	0.0	0.0
9.230258	9.282090000	71.196356	0.0	0.0
9.322216	9.375410000	70.989065	0.0	0.0
9.415091	9.469670000	70.783825	0.0	0.0
9.508890	9.564880000	70.578438	0.0	0.0
9.603625	9.661060000	70.366280	0.0	0.0
9.699303	9.758200000	70.155152	0.0	0.0
9.795934	9.856350000	69.936199	0.0	0.0
9.893528	9.955480000	69.720568	0.0	0.0
9.992094	10.055600000	69.508289	0.0	0.0
10.091640	10.156800000	69.278278	0.0	0.0
10.192180	10.258900000	69.056141	0.0	0.0
10.293720	10.362100000	68.828563	0.0	0.0
10.396280	10.466400000	68.607837	0.0	0.0
10.499850	10.571700000	68.362816	0.0	0.0
10.604460	10.678100000	68.136938	0.0	0.0
10.710110	10.785500000	67.900202	0.0	0.0
10.816810	10.894100000	67.653754	0.0	0.0
10.924570	11.003700000	67.408739	0.0	0.0
11.033410	11.114400000	67.167450	0.0	0.0
11.143340	11.226300000	66.931030	0.0	0.0
11.254350	11.339300000	66.668336	0.0	0.0
11.366480	11.453400000	66.423949	0.0	0.0
11.479720	11.568700000	66.166723	0.0	0.0
11.594090	11.685100000	65.908950	0.0	0.0
11.709600	11.802700000	65.651776	0.0	0.0
11.826250	11.921500000	65.375200	0.0	0.0
11.944080	12.041400000	65.113805	0.0	0.0
12.063070	12.162600000	64.845299	0.0	0.0
12.183250	12.285000000	64.563120	0.0	0.0
12.304630	12.408600000	64.288413	0.0	0.0
12.427220	12.533500000	64.012323	0.0	0.0
12.551030	12.659600000	63.735997	0.0	0.0
12.676070	12.786900000	63.450579	0.0	0.0
12.802360	12.915500000	63.158362	0.0	0.0
12.929900	13.045400000	62.859344	0.0	0.0
13.058720	13.176600000	62.566963	0.0	0.0
13.188820	13.309100000	62.271219	0.0	0.0
13.320220	13.442900000	61.974403	0.0	0.0
13.452920	13.578000000	61.656515	0.0	0.0
13.586950	13.714400000	61.350992	0.0	0.0
13.722310	13.852200000	61.037834	0.0	0.0
13.859020	13.991300000	60.719331	0.0	0.0
13.997100	14.131800000	60.407776	0.0	0.0
14.136540	14.273700000	60.072022	0.0	0.0
14.277380	14.416900000	59.746653	0.0	0.0
14.419620	14.561500000	59.411667	0.0	0.0
14.563280	14.707500000	59.079357	0.0	0.0
14.708370	14.855000000	58.740867	0.0	0.0
14.854910	15.003800000	58.408490	0.0	0.0
15.002900	15.154100000	58.052224	0.0	0.0
15.152370	15.305800000	57.705507	0.0	0.0
15.303330	15.458900000	57.349485	0.0	0.0
15.455790	15.613500000	56.985302	0.0	0.0
15.609770	15.769600000	56.625251	0.0	0.0
15.765290	15.927100000	56.261622	0.0	0.0
15.922350	16.086100000	55.884416	0.0	0.0
16.080980	16.246500000	55.409962	0.0	0.0
16.241190	16.408100000	55.029969	0.0	0.0
16.403000	16.568300000	54.645504	0.0	0.0
16.566420	16.717200000	54.256519	0.0	0.0
16.731460	16.825800000	53.862969	0.0	0.0
16.898160	16.830300000	53.464735	0.0	0.0
17.066510	16.620100000	53.061818	0.0	0.0
17.236540	16.045100000	52.654122	0.0	0.0
17.408260	14.956100000	52.241600	0.0	0.0
17.581690	13.272400000	51.824179	0.0	0.0
17.756850	11.050000000	51.401787	0.0	0.0
17.933760	8.504950000	50.974352	0.0	0.0
18.112430	5.962610000	50.541823	0.0	0.0
18.292880	3.749200000	50.104129	0.0	0.0
18.475120	2.078390000	49.661219	0.0	0.0
18.659180	0.995279000	49.212996	0.0	0.0
18.845080	0.401137000	48.759384	0.0	0.0
19.032830	0.131305000	48.300335	0.0	0.0
19.222450	0.033108900	47.835775	0.0	0.0
19.413950	0.005896910	47.365652	0.0	0.0
19.607370	0.000628724	46.889844	0.0	0.0
19.802710	0.000026185	46.408325	0.0	0.0
20.000000	0.000000305	45.920996	0.0	0.0
