# UNCLASSIFIED
#
# Response info for SDV broad-band site.
#
# Effective: 11 Mar 2004
# Creation date: 1 Mar 2007
# File name: SDV.BB.1078963200
#
# Source: James Neely (TTD), TSgt Magar, TSgt Walkup
# System equipment: Guralp_CMG-3T seismometer and Quanterra_Q680
# digitizer.
#
# The response file was derived from equations of state.
# Displacement response normalized to 1.0 at 0.1 Hz.
#
# The calib values for this configuration are as follows:
#
# SDV BHZ is 0.189600 nm/count at 0.1 Hz.
# SDV BHN is 0.189500 nm/count at 0.1 Hz.
# SDV BHE is 0.186200 nm/count at 0.1 Hz.
#
# Freq(Hz)     Amp(counts/nm)    Phase(deg)   Error(amp) Error(phase)
#
 theoretical  0       system    fap   J.Neely
1000
0.001000	0.000144191	260.224368	0.0	0.0
0.001010	0.000148543	260.126045	0.0	0.0
0.001020	0.000153027	260.026717	0.0	0.0
0.001030	0.000157646	259.926374	0.0	0.0
0.001040	0.000162403	259.825004	0.0	0.0
0.001051	0.000167305	259.722587	0.0	0.0
0.001061	0.000172355	259.619121	0.0	0.0
0.001072	0.000177557	259.514595	0.0	0.0
0.001083	0.000182915	259.408988	0.0	0.0
0.001093	0.000188436	259.302299	0.0	0.0
0.001104	0.000194122	259.194516	0.0	0.0
0.001115	0.000199981	259.085620	0.0	0.0
0.001126	0.000206016	258.975597	0.0	0.0
0.001138	0.000212234	258.864447	0.0	0.0
0.001149	0.000218639	258.752148	0.0	0.0
0.001160	0.000225238	258.638689	0.0	0.0
0.001172	0.000232035	258.524059	0.0	0.0
0.001184	0.000239038	258.408245	0.0	0.0
0.001195	0.000246251	258.291227	0.0	0.0
0.001207	0.000253683	258.173003	0.0	0.0
0.001219	0.000261338	258.053560	0.0	0.0
0.001231	0.000269224	257.932868	0.0	0.0
0.001244	0.000277349	257.810934	0.0	0.0
0.001256	0.000285718	257.687727	0.0	0.0
0.001269	0.000294340	257.563245	0.0	0.0
0.001281	0.000303222	257.437465	0.0	0.0
0.001294	0.000312372	257.310386	0.0	0.0
0.001307	0.000321797	257.181976	0.0	0.0
0.001320	0.000331507	257.052232	0.0	0.0
0.001333	0.000341510	256.921132	0.0	0.0
0.001346	0.000351814	256.788665	0.0	0.0
0.001360	0.000362429	256.654806	0.0	0.0
0.001373	0.000373364	256.519555	0.0	0.0
0.001387	0.000384629	256.382888	0.0	0.0
0.001401	0.000396234	256.244793	0.0	0.0
0.001415	0.000408188	256.105247	0.0	0.0
0.001429	0.000420503	255.964238	0.0	0.0
0.001443	0.000433189	255.821752	0.0	0.0
0.001457	0.000446257	255.677767	0.0	0.0
0.001472	0.000459720	255.532260	0.0	0.0
0.001487	0.000473588	255.385227	0.0	0.0
0.001501	0.000487874	255.236645	0.0	0.0
0.001516	0.000502591	255.086492	0.0	0.0
0.001532	0.000517750	254.934752	0.0	0.0
0.001547	0.000533367	254.781414	0.0	0.0
0.001562	0.000549454	254.626453	0.0	0.0
0.001578	0.000566026	254.469846	0.0	0.0
0.001593	0.000583098	254.311579	0.0	0.0
0.001609	0.000600684	254.151627	0.0	0.0
0.001625	0.000618799	253.989988	0.0	0.0
0.001642	0.000637459	253.826615	0.0	0.0
0.001658	0.000656682	253.661506	0.0	0.0
0.001674	0.000676483	253.494646	0.0	0.0
0.001691	0.000696881	253.325991	0.0	0.0
0.001708	0.000717893	253.155544	0.0	0.0
0.001725	0.000739537	252.983273	0.0	0.0
0.001742	0.000761833	252.809151	0.0	0.0
0.001760	0.000784800	252.633164	0.0	0.0
0.001777	0.000808458	252.455287	0.0	0.0
0.001795	0.000832828	252.275493	0.0	0.0
0.001813	0.000857930	252.093767	0.0	0.0
0.001831	0.000883789	251.910085	0.0	0.0
0.001849	0.000910424	251.724419	0.0	0.0
0.001867	0.000937861	251.536744	0.0	0.0
0.001886	0.000966123	251.347043	0.0	0.0
0.001905	0.000995233	251.155281	0.0	0.0
0.001924	0.001025216	250.961451	0.0	0.0
0.001943	0.001056106	250.765505	0.0	0.0
0.001962	0.001087922	250.567427	0.0	0.0
0.001982	0.001120693	250.367190	0.0	0.0
0.002002	0.001154449	250.164776	0.0	0.0
0.002022	0.001189220	249.960139	0.0	0.0
0.002042	0.001225035	249.753280	0.0	0.0
0.002062	0.001261914	249.544142	0.0	0.0
0.002083	0.001299915	249.332716	0.0	0.0
0.002103	0.001339050	249.118964	0.0	0.0
0.002124	0.001379356	248.902868	0.0	0.0
0.002145	0.001420874	248.684378	0.0	0.0
0.002167	0.001463633	248.463486	0.0	0.0
0.002188	0.001507673	248.240153	0.0	0.0
0.002210	0.001553043	248.014350	0.0	0.0
0.002232	0.001599762	247.786046	0.0	0.0
0.002254	0.001647879	247.555201	0.0	0.0
0.002277	0.001697445	247.321796	0.0	0.0
0.002300	0.001748488	247.085791	0.0	0.0
0.002322	0.001801058	246.847153	0.0	0.0
0.002346	0.001855204	246.605854	0.0	0.0
0.002369	0.001910955	246.361851	0.0	0.0
0.002393	0.001968391	246.115112	0.0	0.0
0.002416	0.002027531	245.865618	0.0	0.0
0.002441	0.002088434	245.613304	0.0	0.0
0.002465	0.002151159	245.358160	0.0	0.0
0.002489	0.002215756	245.100143	0.0	0.0
0.002514	0.002282274	244.839209	0.0	0.0
0.002539	0.002350781	244.575326	0.0	0.0
0.002565	0.002421318	244.308451	0.0	0.0
0.002590	0.002493962	244.038560	0.0	0.0
0.002616	0.002568763	243.765599	0.0	0.0
0.002642	0.002645791	243.489534	0.0	0.0
0.002668	0.002725104	243.210319	0.0	0.0
0.002695	0.002806781	242.927922	0.0	0.0
0.002722	0.002890871	242.642296	0.0	0.0
0.002749	0.002977463	242.353395	0.0	0.0
0.002776	0.003066606	242.061197	0.0	0.0
0.002804	0.003158399	241.765631	0.0	0.0
0.002832	0.003252911	241.466675	0.0	0.0
0.002860	0.003350210	241.164281	0.0	0.0
0.002888	0.003450385	240.858402	0.0	0.0
0.002917	0.003553515	240.548991	0.0	0.0
0.002946	0.003659690	240.236001	0.0	0.0
0.002976	0.003768986	239.919384	0.0	0.0
0.003005	0.003881504	239.599114	0.0	0.0
0.003035	0.003997331	239.275109	0.0	0.0
0.003066	0.004116546	238.947355	0.0	0.0
0.003096	0.004239268	238.615781	0.0	0.0
0.003127	0.004365586	238.280348	0.0	0.0
0.003158	0.004495597	237.941009	0.0	0.0
0.003190	0.004629410	237.597703	0.0	0.0
0.003221	0.004767124	237.250392	0.0	0.0
0.003253	0.004908857	236.899015	0.0	0.0
0.003286	0.005054717	236.543533	0.0	0.0
0.003319	0.005204813	236.183876	0.0	0.0
0.003352	0.005359262	235.820015	0.0	0.0
0.003385	0.005518193	235.451879	0.0	0.0
0.003419	0.005681714	235.079418	0.0	0.0
0.003453	0.005849964	234.702593	0.0	0.0
0.003487	0.006023069	234.321332	0.0	0.0
0.003522	0.006201149	233.935585	0.0	0.0
0.003557	0.006384340	233.545315	0.0	0.0
0.003592	0.006572782	233.150437	0.0	0.0
0.003628	0.006766622	232.750926	0.0	0.0
0.003664	0.006965988	232.346709	0.0	0.0
0.003701	0.007171037	231.937738	0.0	0.0
0.003738	0.007381907	231.523964	0.0	0.0
0.003775	0.007598757	231.105317	0.0	0.0
0.003813	0.007821733	230.681749	0.0	0.0
0.003851	0.008051004	230.253201	0.0	0.0
0.003889	0.008286716	229.819626	0.0	0.0
0.003928	0.008529048	229.380956	0.0	0.0
0.003967	0.008778156	228.937156	0.0	0.0
0.004006	0.009034199	228.488159	0.0	0.0
0.004046	0.009297374	228.033910	0.0	0.0
0.004087	0.009567828	227.574353	0.0	0.0
0.004127	0.009845748	227.109447	0.0	0.0
0.004168	0.010131302	226.639140	0.0	0.0
0.004210	0.010424736	226.163356	0.0	0.0
0.004252	0.010726148	225.682069	0.0	0.0
0.004294	0.011035736	225.195218	0.0	0.0
0.004337	0.011353697	224.702757	0.0	0.0
0.004380	0.011680325	224.204638	0.0	0.0
0.004424	0.012015622	223.700806	0.0	0.0
0.004468	0.012359981	223.191219	0.0	0.0
0.004512	0.012713402	222.675848	0.0	0.0
0.004557	0.013076181	222.154631	0.0	0.0
0.004603	0.013448612	221.627532	0.0	0.0
0.004649	0.013830697	221.094517	0.0	0.0
0.004695	0.014222829	220.555542	0.0	0.0
0.004742	0.014625106	220.010567	0.0	0.0
0.004789	0.015037726	219.459566	0.0	0.0
0.004837	0.015460885	218.902515	0.0	0.0
0.004885	0.015894781	218.339383	0.0	0.0
0.004934	0.016339710	217.770129	0.0	0.0
0.004983	0.016795768	217.194751	0.0	0.0
0.005032	0.017263155	216.613216	0.0	0.0
0.005082	0.017742164	216.025507	0.0	0.0
0.005133	0.018232895	215.431620	0.0	0.0
0.005184	0.018735644	214.831536	0.0	0.0
0.005236	0.019250507	214.225258	0.0	0.0
0.005288	0.019777585	213.612776	0.0	0.0
0.005341	0.020317271	212.994105	0.0	0.0
0.005394	0.020869664	212.369241	0.0	0.0
0.005448	0.021434960	211.738198	0.0	0.0
0.005502	0.022013258	211.100984	0.0	0.0
0.005557	0.022604756	210.457622	0.0	0.0
0.005612	0.023209748	209.808156	0.0	0.0
0.005668	0.023828136	209.152597	0.0	0.0
0.005725	0.024460314	208.490987	0.0	0.0
0.005782	0.025106184	207.823363	0.0	0.0
0.005839	0.025766139	207.149780	0.0	0.0
0.005897	0.026440082	206.470297	0.0	0.0
0.005956	0.027128307	205.784949	0.0	0.0
0.006015	0.027830815	205.093832	0.0	0.0
0.006075	0.028547802	204.396993	0.0	0.0
0.006136	0.029279270	203.694522	0.0	0.0
0.006197	0.030025315	202.986501	0.0	0.0
0.006259	0.030785938	202.273022	0.0	0.0
0.006321	0.031561435	201.554184	0.0	0.0
0.006384	0.032351609	200.830093	0.0	0.0
0.006448	0.033156656	200.100851	0.0	0.0
0.006512	0.033976577	199.366591	0.0	0.0
0.006577	0.034811272	198.627429	0.0	0.0
0.006642	0.035660842	197.883492	0.0	0.0
0.006708	0.036525285	197.134933	0.0	0.0
0.006775	0.037404503	196.381882	0.0	0.0
0.006843	0.038298497	195.624508	0.0	0.0
0.006911	0.039207265	194.862954	0.0	0.0
0.006980	0.040130809	194.097394	0.0	0.0
0.007049	0.041068832	193.327996	0.0	0.0
0.007120	0.042021434	192.554935	0.0	0.0
0.007191	0.042988515	191.778396	0.0	0.0
0.007262	0.043969780	190.998576	0.0	0.0
0.007335	0.044965328	190.215662	0.0	0.0
0.007408	0.045974961	189.429853	0.0	0.0
0.007481	0.046998483	188.641368	0.0	0.0
0.007556	0.048035795	187.850398	0.0	0.0
0.007631	0.049086700	187.057160	0.0	0.0
0.007707	0.050151002	186.261888	0.0	0.0
0.007784	0.051228601	185.464786	0.0	0.0
0.007862	0.052319202	184.666086	0.0	0.0
0.007940	0.053422706	183.866012	0.0	0.0
0.008019	0.054538819	183.064802	0.0	0.0
0.008099	0.055667442	182.262685	0.0	0.0
0.008180	0.056808180	181.459895	0.0	0.0
0.008261	0.057961033	180.656677	0.0	0.0
0.008343	0.059125608	179.853247	0.0	0.0
0.008426	0.060301708	179.049862	0.0	0.0
0.008510	0.061489135	178.246741	0.0	0.0
0.008595	0.062687693	177.444132	0.0	0.0
0.008681	0.063897086	176.642265	0.0	0.0
0.008767	0.065117019	175.841377	0.0	0.0
0.008855	0.066347491	175.041704	0.0	0.0
0.008943	0.067588010	174.243464	0.0	0.0
0.009032	0.068838478	173.446889	0.0	0.0
0.009122	0.070098698	172.652211	0.0	0.0
0.009213	0.071368373	171.859639	0.0	0.0
0.009305	0.072647308	171.069400	0.0	0.0
0.009397	0.073935403	170.281705	0.0	0.0
0.009491	0.075232265	169.496755	0.0	0.0
0.009586	0.076537893	168.714756	0.0	0.0
0.009681	0.077851993	167.935908	0.0	0.0
0.009777	0.079174366	167.160408	0.0	0.0
0.009875	0.080505014	166.388439	0.0	0.0
0.009973	0.081843640	165.620179	0.0	0.0
0.010073	0.083190047	164.855778	0.0	0.0
0.010173	0.084544237	164.095474	0.0	0.0
0.010274	0.085906011	163.339390	0.0	0.0
0.010377	0.087275172	162.587681	0.0	0.0
0.010480	0.088651819	161.840499	0.0	0.0
0.010584	0.090035657	161.097988	0.0	0.0
0.010690	0.091426784	160.360286	0.0	0.0
0.010796	0.092825003	159.627526	0.0	0.0
0.010904	0.094230216	158.899833	0.0	0.0
0.011013	0.095642521	158.177326	0.0	0.0
0.011122	0.097061819	157.460055	0.0	0.0
0.011233	0.098488111	156.748193	0.0	0.0
0.011345	0.099921199	156.041840	0.0	0.0
0.011458	0.101361281	155.341029	0.0	0.0
0.011572	0.102808258	154.645910	0.0	0.0
0.011688	0.104263115	153.956507	0.0	0.0
0.011804	0.105723883	153.272897	0.0	0.0
0.011922	0.107191545	152.595153	0.0	0.0
0.012040	0.108667087	151.923340	0.0	0.0
0.012160	0.110149524	151.257463	0.0	0.0
0.012281	0.111638857	150.597635	0.0	0.0
0.012404	0.113136069	149.943903	0.0	0.0
0.012527	0.114641162	149.296207	0.0	0.0
0.012652	0.116153149	148.654690	0.0	0.0
0.012778	0.117672032	148.019287	0.0	0.0
0.012906	0.119199779	147.390029	0.0	0.0
0.013034	0.120734422	146.766991	0.0	0.0
0.013164	0.122277930	146.150099	0.0	0.0
0.013295	0.123829318	145.539421	0.0	0.0
0.013428	0.125388586	144.934968	0.0	0.0
0.013561	0.126956719	144.336660	0.0	0.0
0.013696	0.128532732	143.744551	0.0	0.0
0.013833	0.130118595	143.158642	0.0	0.0
0.013971	0.131712338	142.578892	0.0	0.0
0.014110	0.133315932	142.005255	0.0	0.0
0.014250	0.134928390	141.437768	0.0	0.0
0.014392	0.136550698	140.876343	0.0	0.0
0.014536	0.138181872	140.321046	0.0	0.0
0.014681	0.139823881	139.771748	0.0	0.0
0.014827	0.141474754	139.228473	0.0	0.0
0.014975	0.143136463	138.691165	0.0	0.0
0.015124	0.144809007	138.159840	0.0	0.0
0.015275	0.146491401	137.634371	0.0	0.0
0.015427	0.148185615	137.114804	0.0	0.0
0.015580	0.149890664	136.601045	0.0	0.0
0.015736	0.151606548	136.093036	0.0	0.0
0.015892	0.153334253	135.590781	0.0	0.0
0.016051	0.155072792	135.094220	0.0	0.0
0.016211	0.156824137	134.603291	0.0	0.0
0.016372	0.158588286	134.117962	0.0	0.0
0.016535	0.160363271	133.638172	0.0	0.0
0.016700	0.162152046	133.163888	0.0	0.0
0.016866	0.163953626	132.695017	0.0	0.0
0.017034	0.165768011	132.231556	0.0	0.0
0.017204	0.167595201	131.773412	0.0	0.0
0.017375	0.169437166	131.320552	0.0	0.0
0.017549	0.171291937	130.872914	0.0	0.0
0.017723	0.173161482	130.430461	0.0	0.0
0.017900	0.175044818	129.993131	0.0	0.0
0.018078	0.176942929	129.560863	0.0	0.0
0.018258	0.178855815	129.133595	0.0	0.0
0.018440	0.180783476	128.711269	0.0	0.0
0.018624	0.182726897	128.293870	0.0	0.0
0.018810	0.184685093	127.881292	0.0	0.0
0.018997	0.186659049	127.473521	0.0	0.0
0.019186	0.188649751	127.070476	0.0	0.0
0.019377	0.190656212	126.672100	0.0	0.0
0.019570	0.192679419	126.278356	0.0	0.0
0.019765	0.194719371	125.889188	0.0	0.0
0.019962	0.196776068	125.504518	0.0	0.0
0.020161	0.198850495	125.124312	0.0	0.0
0.020362	0.200941668	124.748514	0.0	0.0
0.020565	0.203051555	124.377072	0.0	0.0
0.020770	0.205179173	124.009930	0.0	0.0
0.020977	0.207324521	123.647019	0.0	0.0
0.021186	0.209488584	123.288322	0.0	0.0
0.021397	0.211672347	122.933754	0.0	0.0
0.021610	0.213873840	122.583281	0.0	0.0
0.021825	0.216096019	122.236853	0.0	0.0
0.022043	0.218336912	121.894406	0.0	0.0
0.022262	0.220597506	121.555892	0.0	0.0
0.022484	0.222878785	121.221279	0.0	0.0
0.022708	0.225179764	120.890505	0.0	0.0
0.022934	0.227501428	120.563509	0.0	0.0
0.023163	0.229844763	120.240277	0.0	0.0
0.023394	0.232208782	119.920720	0.0	0.0
0.023627	0.234594472	119.604825	0.0	0.0
0.023862	0.237001832	119.292520	0.0	0.0
0.024100	0.239430862	118.983777	0.0	0.0
0.024340	0.241881563	118.678556	0.0	0.0
0.024582	0.244355903	118.376777	0.0	0.0
0.024827	0.246852899	118.078438	0.0	0.0
0.025075	0.249372550	117.783465	0.0	0.0
0.025324	0.251915841	117.491831	0.0	0.0
0.025577	0.254482772	117.203486	0.0	0.0
0.025832	0.257073344	116.918394	0.0	0.0
0.026089	0.259688540	116.636509	0.0	0.0
0.026349	0.262328362	116.357783	0.0	0.0
0.026611	0.264992809	116.082193	0.0	0.0
0.026876	0.267681882	115.809684	0.0	0.0
0.027144	0.270396564	115.540213	0.0	0.0
0.027415	0.273136857	115.273757	0.0	0.0
0.027688	0.275903745	115.010274	0.0	0.0
0.027964	0.278696243	114.749724	0.0	0.0
0.028242	0.281515337	114.492057	0.0	0.0
0.028524	0.284361025	114.237261	0.0	0.0
0.028808	0.287234294	113.985271	0.0	0.0
0.029095	0.290135143	113.736076	0.0	0.0
0.029385	0.293063572	113.489631	0.0	0.0
0.029677	0.296019582	113.245899	0.0	0.0
0.029973	0.299005142	113.004845	0.0	0.0
0.030272	0.302018282	112.766443	0.0	0.0
0.030573	0.305060972	112.530650	0.0	0.0
0.030878	0.308133213	112.297442	0.0	0.0
0.031185	0.311234018	112.066786	0.0	0.0
0.031496	0.314365359	111.838643	0.0	0.0
0.031810	0.317527235	111.612981	0.0	0.0
0.032127	0.320719647	111.389778	0.0	0.0
0.032447	0.323943579	111.168997	0.0	0.0
0.032770	0.327198046	110.950608	0.0	0.0
0.033097	0.330484033	110.734584	0.0	0.0
0.033426	0.333802526	110.520895	0.0	0.0
0.033759	0.337153523	110.309510	0.0	0.0
0.034096	0.340536041	110.100406	0.0	0.0
0.034435	0.343952050	109.893546	0.0	0.0
0.034778	0.347401548	109.688910	0.0	0.0
0.035125	0.350884537	109.486473	0.0	0.0
0.035475	0.354402002	109.286199	0.0	0.0
0.035828	0.357953941	109.088064	0.0	0.0
0.036185	0.361540356	108.892050	0.0	0.0
0.036546	0.365161246	108.698118	0.0	0.0
0.036910	0.368818581	108.506256	0.0	0.0
0.037278	0.372511377	108.316431	0.0	0.0
0.037649	0.376240618	108.128618	0.0	0.0
0.038024	0.380006304	107.942799	0.0	0.0
0.038403	0.383809421	107.758940	0.0	0.0
0.038785	0.387648982	107.577031	0.0	0.0
0.039172	0.391526960	107.397037	0.0	0.0
0.039562	0.395443352	107.218939	0.0	0.0
0.039956	0.399397175	107.042718	0.0	0.0
0.040354	0.403391383	106.868347	0.0	0.0
0.040756	0.407424007	106.695804	0.0	0.0
0.041162	0.411496030	106.525067	0.0	0.0
0.041572	0.415609425	106.356122	0.0	0.0
0.041987	0.419762219	106.188937	0.0	0.0
0.042405	0.423957369	106.023499	0.0	0.0
0.042827	0.428192904	105.859784	0.0	0.0
0.043254	0.432469809	105.697775	0.0	0.0
0.043685	0.436790055	105.537447	0.0	0.0
0.044120	0.441152657	105.378785	0.0	0.0
0.044560	0.445557613	105.221766	0.0	0.0
0.045004	0.450006895	105.066371	0.0	0.0
0.045452	0.454500502	104.912585	0.0	0.0
0.045905	0.459037450	104.760389	0.0	0.0
0.046362	0.463619708	104.609760	0.0	0.0
0.046824	0.468248261	104.460684	0.0	0.0
0.047291	0.472921140	104.313139	0.0	0.0
0.047762	0.477641299	104.167113	0.0	0.0
0.048238	0.482407754	104.022583	0.0	0.0
0.048718	0.487221489	103.879537	0.0	0.0
0.049204	0.492083489	103.737953	0.0	0.0
0.049694	0.496992770	103.597818	0.0	0.0
0.050189	0.501951301	103.459115	0.0	0.0
0.050689	0.506959083	103.321824	0.0	0.0
0.051194	0.512016115	103.185933	0.0	0.0
0.051704	0.517123382	103.051425	0.0	0.0
0.052219	0.522281870	102.918284	0.0	0.0
0.052739	0.527490593	102.786496	0.0	0.0
0.053265	0.532751522	102.656042	0.0	0.0
0.053795	0.538064656	102.526911	0.0	0.0
0.054331	0.543430980	102.399085	0.0	0.0
0.054873	0.548849510	102.272553	0.0	0.0
0.055419	0.554322216	102.147297	0.0	0.0
0.055971	0.559850082	102.023303	0.0	0.0
0.056529	0.565432123	101.900560	0.0	0.0
0.057092	0.571069325	101.779051	0.0	0.0
0.057661	0.576762672	101.658761	0.0	0.0
0.058235	0.582512165	101.539679	0.0	0.0
0.058816	0.588319773	101.421792	0.0	0.0
0.059402	0.594184512	101.305086	0.0	0.0
0.059993	0.600107366	101.189547	0.0	0.0
0.060591	0.606089321	101.075161	0.0	0.0
0.061195	0.612130376	100.961918	0.0	0.0
0.061804	0.618231516	100.849805	0.0	0.0
0.062420	0.624393727	100.738807	0.0	0.0
0.063042	0.630617009	100.628913	0.0	0.0
0.063670	0.636902346	100.520111	0.0	0.0
0.064304	0.643249739	100.412390	0.0	0.0
0.064945	0.649660172	100.305736	0.0	0.0
0.065592	0.656134631	100.200139	0.0	0.0
0.066246	0.662673115	100.095587	0.0	0.0
0.066906	0.669276610	99.992067	0.0	0.0
0.067572	0.675946100	99.889569	0.0	0.0
0.068245	0.682681586	99.788082	0.0	0.0
0.068925	0.689484053	99.687596	0.0	0.0
0.069612	0.696354485	99.588096	0.0	0.0
0.070305	0.703292882	99.489575	0.0	0.0
0.071006	0.710300230	99.392021	0.0	0.0
0.071713	0.717377514	99.295423	0.0	0.0
0.072428	0.724524734	99.199771	0.0	0.0
0.073149	0.731743858	99.105055	0.0	0.0
0.073878	0.739033904	99.011264	0.0	0.0
0.074614	0.746396840	98.918389	0.0	0.0
0.075357	0.753832667	98.826419	0.0	0.0
0.076108	0.761343354	98.735343	0.0	0.0
0.076866	0.768927917	98.645155	0.0	0.0
0.077632	0.776588326	98.555842	0.0	0.0
0.078406	0.784324580	98.467396	0.0	0.0
0.079187	0.792137665	98.379806	0.0	0.0
0.079976	0.800028565	98.293065	0.0	0.0
0.080773	0.807998266	98.207163	0.0	0.0
0.081577	0.816046768	98.122088	0.0	0.0
0.082390	0.824176041	98.037835	0.0	0.0
0.083211	0.832385099	97.954394	0.0	0.0
0.084040	0.840676898	97.871755	0.0	0.0
0.084877	0.849050452	97.789910	0.0	0.0
0.085723	0.857507732	97.708850	0.0	0.0
0.086577	0.866048738	97.628567	0.0	0.0
0.087439	0.874674455	97.549052	0.0	0.0
0.088310	0.883386852	97.470298	0.0	0.0
0.089190	0.892184945	97.392294	0.0	0.0
0.090079	0.901071689	97.315034	0.0	0.0
0.090976	0.910046098	97.238511	0.0	0.0
0.091883	0.919109159	97.162714	0.0	0.0
0.092798	0.928262840	97.087637	0.0	0.0
0.093722	0.937508126	97.013271	0.0	0.0
0.094656	0.946845019	96.939609	0.0	0.0
0.095599	0.956274502	96.866644	0.0	0.0
0.096552	0.965797561	96.794367	0.0	0.0
0.097514	0.975416166	96.722772	0.0	0.0
0.098485	0.985126377	96.651850	0.0	0.0
0.099466	0.994937058	96.581594	0.0	0.0
0.100457	1.004846240	96.511996	0.0	0.0
0.101458	1.014853923	96.443054	0.0	0.0
0.102469	1.024960107	96.374754	0.0	0.0
0.103490	1.035164792	96.307090	0.0	0.0
0.104521	1.045477827	96.240062	0.0	0.0
0.105562	1.055889364	96.173655	0.0	0.0
0.106614	1.066399401	96.107864	0.0	0.0
0.107676	1.077017789	96.042688	0.0	0.0
0.108749	1.087744528	95.978108	0.0	0.0
0.109832	1.098569768	95.914131	0.0	0.0
0.110926	1.109513209	95.850743	0.0	0.0
0.112031	1.120555151	95.787934	0.0	0.0
0.113148	1.131715293	95.725709	0.0	0.0
0.114275	1.142983787	95.664050	0.0	0.0
0.115413	1.154360631	95.602963	0.0	0.0
0.116563	1.165855677	95.542426	0.0	0.0
0.117724	1.177459073	95.482450	0.0	0.0
0.118897	1.189180670	95.423013	0.0	0.0
0.120082	1.201020468	95.364120	0.0	0.0
0.121278	1.212978468	95.305757	0.0	0.0
0.122486	1.225054668	95.247928	0.0	0.0
0.123707	1.237249069	95.190619	0.0	0.0
0.124939	1.249561671	95.133824	0.0	0.0
0.126184	1.262002325	95.077543	0.0	0.0
0.127441	1.274571029	95.021767	0.0	0.0
0.128711	1.287257934	94.966488	0.0	0.0
0.129993	1.300072891	94.911704	0.0	0.0
0.131288	1.313006048	94.857408	0.0	0.0
0.132596	1.326077106	94.803594	0.0	0.0
0.133917	1.339276216	94.750259	0.0	0.0
0.135251	1.352603377	94.697395	0.0	0.0
0.136599	1.366068438	94.645000	0.0	0.0
0.137960	1.379671401	94.593064	0.0	0.0
0.139334	1.393402415	94.541583	0.0	0.0
0.140722	1.407261480	94.490555	0.0	0.0
0.142124	1.421268297	94.439971	0.0	0.0
0.143540	1.435413014	94.389830	0.0	0.0
0.144970	1.449705483	94.340121	0.0	0.0
0.146414	1.464126002	94.290845	0.0	0.0
0.147873	1.478694273	94.241996	0.0	0.0
0.149346	1.493410295	94.193563	0.0	0.0
0.150834	1.508274069	94.145552	0.0	0.0
0.152337	1.523285593	94.097946	0.0	0.0
0.153855	1.538435019	94.050748	0.0	0.0
0.155387	1.553751896	94.003952	0.0	0.0
0.156935	1.569206674	93.957555	0.0	0.0
0.158499	1.584819054	93.911548	0.0	0.0
0.160078	1.600589035	93.865928	0.0	0.0
0.161673	1.616516617	93.820692	0.0	0.0
0.163284	1.632591951	93.775833	0.0	0.0
0.164910	1.648834735	93.731348	0.0	0.0
0.166553	1.665235121	93.687234	0.0	0.0
0.168213	1.681802959	93.643485	0.0	0.0
0.169888	1.698538248	93.600094	0.0	0.0
0.171581	1.715431138	93.557062	0.0	0.0
0.173290	1.732491480	93.514381	0.0	0.0
0.175017	1.749729123	93.472046	0.0	0.0
0.176760	1.767134217	93.430058	0.0	0.0
0.178521	1.784706763	93.388407	0.0	0.0
0.180300	1.802456610	93.347091	0.0	0.0
0.182096	1.820383759	93.306106	0.0	0.0
0.183910	1.838488209	93.265450	0.0	0.0
0.185743	1.856769961	93.225115	0.0	0.0
0.187593	1.875238864	93.185099	0.0	0.0
0.189462	1.893885069	93.145399	0.0	0.0
0.191350	1.912718426	93.106008	0.0	0.0
0.193256	1.931738933	93.066926	0.0	0.0
0.195181	1.950946593	93.028146	0.0	0.0
0.197126	1.970341404	92.989666	0.0	0.0
0.199090	1.989933216	92.951481	0.0	0.0
0.201073	2.009712181	92.913587	0.0	0.0
0.203077	2.029688146	92.875982	0.0	0.0
0.205100	2.049870964	92.838660	0.0	0.0
0.207143	2.070250783	92.801618	0.0	0.0
0.209207	2.090827604	92.764853	0.0	0.0
0.211291	2.111611276	92.728363	0.0	0.0
0.213396	2.132591951	92.692140	0.0	0.0
0.215522	2.153789326	92.656184	0.0	0.0
0.217669	2.175193554	92.620489	0.0	0.0
0.219838	2.196814484	92.585055	0.0	0.0
0.222028	2.218642265	92.549875	0.0	0.0
0.224240	2.240686748	92.514947	0.0	0.0
0.226474	2.262957783	92.480267	0.0	0.0
0.228730	2.285445519	92.445832	0.0	0.0
0.231009	2.308149958	92.411638	0.0	0.0
0.233311	2.331080948	92.377681	0.0	0.0
0.235635	2.354238490	92.343960	0.0	0.0
0.237983	2.377622584	92.310471	0.0	0.0
0.240354	2.401243080	92.277209	0.0	0.0
0.242748	2.425090128	92.244171	0.0	0.0
0.245167	2.449183428	92.211355	0.0	0.0
0.247609	2.473503280	92.178758	0.0	0.0
0.250076	2.498069384	92.146374	0.0	0.0
0.252567	2.522871890	92.114204	0.0	0.0
0.255084	2.547930498	92.082242	0.0	0.0
0.257625	2.573225508	92.050484	0.0	0.0
0.260192	2.598776620	92.018929	0.0	0.0
0.262784	2.624573984	91.987574	0.0	0.0
0.265402	2.650627450	91.956413	0.0	0.0
0.268046	2.676946869	91.925446	0.0	0.0
0.270716	2.703512539	91.894670	0.0	0.0
0.273413	2.730344162	91.864079	0.0	0.0
0.276137	2.757451587	91.833673	0.0	0.0
0.278888	2.784815114	91.803447	0.0	0.0
0.281667	2.812444593	91.773399	0.0	0.0
0.284473	2.840349875	91.743526	0.0	0.0
0.287307	2.868530959	91.713825	0.0	0.0
0.290170	2.896997695	91.684293	0.0	0.0
0.293060	2.925730384	91.654926	0.0	0.0
0.295980	2.954758574	91.625723	0.0	0.0
0.298929	2.984062568	91.596681	0.0	0.0
0.301907	3.013652213	91.567795	0.0	0.0
0.304915	3.043547211	91.539064	0.0	0.0
0.307953	3.073727862	91.510484	0.0	0.0
0.311021	3.104204015	91.482054	0.0	0.0
0.314119	3.134975670	91.453770	0.0	0.0
0.317249	3.166062528	91.425628	0.0	0.0
0.320409	3.197444889	91.397628	0.0	0.0
0.323602	3.229132602	91.369765	0.0	0.0
0.326825	3.261145368	91.342037	0.0	0.0
0.330082	3.293463486	91.314441	0.0	0.0
0.333370	3.326096807	91.286975	0.0	0.0
0.336691	3.359055180	91.259635	0.0	0.0
0.340046	3.392328756	91.232420	0.0	0.0
0.343433	3.425937235	91.205326	0.0	0.0
0.346855	3.459870767	91.178351	0.0	0.0
0.350311	3.494139201	91.151492	0.0	0.0
0.353801	3.528742539	91.124746	0.0	0.0
0.357325	3.563690629	91.098111	0.0	0.0
0.360885	3.598973621	91.071585	0.0	0.0
0.364481	3.634601367	91.045164	0.0	0.0
0.368112	3.670583716	91.018846	0.0	0.0
0.371779	3.706910817	90.992628	0.0	0.0
0.375483	3.743602372	90.966508	0.0	0.0
0.379224	3.780648529	90.940484	0.0	0.0
0.383002	3.818059140	90.914551	0.0	0.0
0.386818	3.855834203	90.888709	0.0	0.0
0.390672	3.893973720	90.862955	0.0	0.0
0.394564	3.932497390	90.837285	0.0	0.0
0.398495	3.971385512	90.811698	0.0	0.0
0.402465	4.010657788	90.786191	0.0	0.0
0.406474	4.050314218	90.760761	0.0	0.0
0.410524	4.090354800	90.735406	0.0	0.0
0.414614	4.130789386	90.710124	0.0	0.0
0.418745	4.171617974	90.684912	0.0	0.0
0.422916	4.212850417	90.659767	0.0	0.0
0.427130	4.254476862	90.634687	0.0	0.0
0.431385	4.296507161	90.609669	0.0	0.0
0.435683	4.338951163	90.584712	0.0	0.0
0.440024	4.381818719	90.559813	0.0	0.0
0.444407	4.425090128	90.534968	0.0	0.0
0.448835	4.468785091	90.510176	0.0	0.0
0.453307	4.512903607	90.485434	0.0	0.0
0.457823	4.557455527	90.460740	0.0	0.0
0.462384	4.602440850	90.436092	0.0	0.0
0.466990	4.647869427	90.411487	0.0	0.0
0.471643	4.693731408	90.386922	0.0	0.0
0.476342	4.740046492	90.362394	0.0	0.0
0.481087	4.786804830	90.337903	0.0	0.0
0.485880	4.834016272	90.313445	0.0	0.0
0.490721	4.881690668	90.289019	0.0	0.0
0.495610	4.929828018	90.264620	0.0	0.0
0.500547	4.978438171	90.240248	0.0	0.0
0.505534	5.027511278	90.215899	0.0	0.0
0.510571	5.077067040	90.191572	0.0	0.0
0.515657	5.127095605	90.167263	0.0	0.0
0.520795	5.177616674	90.142971	0.0	0.0
0.525983	5.228620398	90.118693	0.0	0.0
0.531224	5.280126475	90.094426	0.0	0.0
0.536516	5.332134907	90.070170	0.0	0.0
0.541861	5.384635842	90.045919	0.0	0.0
0.547260	5.437658833	90.021674	0.0	0.0
0.552712	5.491184177	89.997431	0.0	0.0
0.558218	5.545231575	89.973188	0.0	0.0
0.563780	5.599801028	89.948941	0.0	0.0
0.569396	5.654902386	89.924690	0.0	0.0
0.575069	5.710545498	89.900432	0.0	0.0
0.580798	5.766720514	89.876164	0.0	0.0
0.586585	5.823437285	89.851883	0.0	0.0
0.592429	5.880705660	89.827588	0.0	0.0
0.598331	5.938525640	89.803276	0.0	0.0
0.604292	5.996907074	89.778945	0.0	0.0
0.610312	6.055849964	89.754592	0.0	0.0
0.616392	6.115374008	89.730215	0.0	0.0
0.622533	6.175459506	89.705811	0.0	0.0
0.628736	6.236136010	89.681379	0.0	0.0
0.634999	6.297403518	89.656915	0.0	0.0
0.641326	6.359262032	89.632418	0.0	0.0
0.647715	6.421721400	89.607884	0.0	0.0
0.654168	6.484781624	89.583312	0.0	0.0
0.660685	6.548452552	89.558699	0.0	0.0
0.667268	6.612744036	89.534042	0.0	0.0
0.673915	6.677656075	89.509340	0.0	0.0
0.680629	6.743198519	89.484589	0.0	0.0
0.687410	6.809381218	89.459788	0.0	0.0
0.694259	6.876194322	89.434933	0.0	0.0
0.701175	6.943667382	89.410023	0.0	0.0
0.708161	7.011790548	89.385055	0.0	0.0
0.715216	7.080573669	89.360027	0.0	0.0
0.722342	7.150026595	89.334935	0.0	0.0
0.729538	7.220159177	89.309778	0.0	0.0
0.736806	7.290971415	89.284553	0.0	0.0
0.744147	7.362473159	89.259258	0.0	0.0
0.751561	7.434674258	89.233890	0.0	0.0
0.759048	7.507574713	89.208447	0.0	0.0
0.766610	7.581194224	89.182926	0.0	0.0
0.774248	7.655522941	89.157324	0.0	0.0
0.781961	7.730580564	89.131640	0.0	0.0
0.789752	7.806376943	89.105869	0.0	0.0
0.797620	7.882912078	89.080011	0.0	0.0
0.805566	7.960195820	89.054063	0.0	0.0
0.813592	8.038238017	89.028022	0.0	0.0
0.821698	8.117048522	89.001884	0.0	0.0
0.829884	8.196627332	88.975649	0.0	0.0
0.838152	8.277003999	88.949313	0.0	0.0
0.846502	8.358158823	88.922873	0.0	0.0
0.854936	8.440121353	88.896328	0.0	0.0
0.863453	8.522891590	88.869674	0.0	0.0
0.872055	8.606479384	88.842909	0.0	0.0
0.880743	8.690904435	88.816030	0.0	0.0
0.889518	8.776166742	88.789034	0.0	0.0
0.898380	8.862266307	88.761919	0.0	0.0
0.907330	8.949232679	88.734682	0.0	0.0
0.916370	9.037065858	88.707321	0.0	0.0
0.925499	9.125785544	88.679833	0.0	0.0
0.934720	9.215381888	88.652215	0.0	0.0
0.944032	9.305884439	88.624464	0.0	0.0
0.953437	9.397303048	88.596578	0.0	0.0
0.962936	9.489637714	88.568553	0.0	0.0
0.972529	9.582908138	88.540388	0.0	0.0
0.982218	9.677124170	88.512079	0.0	0.0
0.992004	9.772295660	88.483624	0.0	0.0
1.001887	9.868402908	88.455019	0.0	0.0
1.011868	9.965524714	88.426264	0.0	0.0
1.021949	10.063730029	88.397352	0.0	0.0
1.032131	10.162821851	88.368281	0.0	0.0
1.042414	10.262997183	88.339051	0.0	0.0
1.052799	10.364157523	88.309658	0.0	0.0
1.063288	10.466401371	88.280098	0.0	0.0
1.073881	10.569728729	88.250369	0.0	0.0
1.084580	10.674041095	88.220467	0.0	0.0
1.095385	10.779535470	88.190392	0.0	0.0
1.106298	10.886113355	88.160137	0.0	0.0
1.117320	10.993873249	88.129701	0.0	0.0
1.128451	11.102716653	88.099083	0.0	0.0
1.139694	11.212643565	88.068274	0.0	0.0
1.151048	11.323850988	88.037278	0.0	0.0
1.162516	11.436240421	88.006086	0.0	0.0
1.174097	11.549811863	87.974702	0.0	0.0
1.185794	11.664565316	87.943116	0.0	0.0
1.197608	11.780599279	87.911327	0.0	0.0
1.209540	11.897913753	87.879331	0.0	0.0
1.221590	12.016508737	87.847129	0.0	0.0
1.233760	12.136384232	87.814714	0.0	0.0
1.246052	12.257540238	87.782083	0.0	0.0
1.258466	12.380075255	87.749234	0.0	0.0
1.271004	12.503989283	87.716163	0.0	0.0
1.283666	12.629282323	87.682869	0.0	0.0
1.296455	12.755954374	87.649345	0.0	0.0
1.309371	12.884005437	87.615591	0.0	0.0
1.322416	13.013534012	87.581601	0.0	0.0
1.335591	13.144540100	87.547372	0.0	0.0
1.348897	13.277122200	87.512903	0.0	0.0
1.362336	13.411083312	87.478187	0.0	0.0
1.375908	13.546620437	87.443225	0.0	0.0
1.389616	13.683733575	87.408010	0.0	0.0
1.403460	13.822422726	87.372540	0.0	0.0
1.417443	13.962786391	87.336809	0.0	0.0
1.431564	14.104726069	87.300819	0.0	0.0
1.445826	14.248340261	87.264562	0.0	0.0
1.460231	14.393530466	87.228033	0.0	0.0
1.474779	14.540592187	87.191233	0.0	0.0
1.489471	14.689328421	87.154157	0.0	0.0
1.504310	14.839837671	87.116800	0.0	0.0
1.519297	14.992119935	87.079159	0.0	0.0
1.534434	15.146175213	87.041227	0.0	0.0
1.549721	15.302102007	87.003007	0.0	0.0
1.565160	15.459998818	86.964491	0.0	0.0
1.580753	15.619668643	86.925676	0.0	0.0
1.596502	15.781308485	86.886556	0.0	0.0
1.612408	15.944918343	86.847129	0.0	0.0
1.628471	16.110498217	86.807395	0.0	0.0
1.644695	16.278048108	86.767343	0.0	0.0
1.661081	16.447666516	86.726972	0.0	0.0
1.677630	16.619353441	86.686279	0.0	0.0
1.694344	16.793108883	86.645259	0.0	0.0
1.711224	16.969031343	86.603909	0.0	0.0
1.728272	17.147022320	86.562225	0.0	0.0
1.745491	17.327278816	86.520199	0.0	0.0
1.762880	17.509603830	86.477833	0.0	0.0
1.780443	17.694194362	86.435118	0.0	0.0
1.798181	17.881050413	86.392051	0.0	0.0
1.816096	18.070073482	86.348628	0.0	0.0
1.834189	18.261460570	86.304846	0.0	0.0
1.852463	18.455113177	86.260697	0.0	0.0
1.870918	18.651129804	86.216182	0.0	0.0
1.889558	18.849510451	86.171291	0.0	0.0
1.908383	19.050156616	86.126023	0.0	0.0
1.927396	19.253265302	86.080372	0.0	0.0
1.946598	19.458738008	86.034335	0.0	0.0
1.965991	19.666574733	85.987908	0.0	0.0
1.985578	19.876873978	85.941082	0.0	0.0
2.005359	20.089537243	85.893859	0.0	0.0
2.025338	20.304663029	85.846228	0.0	0.0
2.045516	20.522349836	85.798187	0.0	0.0
2.065895	20.742302161	85.749731	0.0	0.0
2.086477	20.964815508	85.700855	0.0	0.0
2.107264	21.189791375	85.651555	0.0	0.0
2.128258	21.417131262	85.601825	0.0	0.0
2.149461	21.647032170	85.551661	0.0	0.0
2.170875	21.879297098	85.501059	0.0	0.0
2.192503	22.113926046	85.450010	0.0	0.0
2.214346	22.351116014	85.398513	0.0	0.0
2.236407	22.590571502	85.346560	0.0	0.0
2.258688	22.832489510	85.294147	0.0	0.0
2.281191	23.076771537	85.241268	0.0	0.0
2.303917	23.323417584	85.187922	0.0	0.0
2.326871	23.572329150	85.134096	0.0	0.0
2.350052	23.823604736	85.079793	0.0	0.0
2.373465	24.077145840	85.025001	0.0	0.0
2.397111	24.332952464	84.969718	0.0	0.0
2.420993	24.590926105	84.913936	0.0	0.0
2.445113	24.851066764	84.857650	0.0	0.0
2.469473	25.113275940	84.800857	0.0	0.0
2.494075	25.377652135	84.743551	0.0	0.0
2.518923	25.644096846	84.685722	0.0	0.0
2.544018	25.912610075	84.627369	0.0	0.0
2.569364	26.182994819	84.568481	0.0	0.0
2.594961	26.455349579	84.509060	0.0	0.0
2.620814	26.729674356	84.449092	0.0	0.0
2.646925	27.005772148	84.388574	0.0	0.0
2.673295	27.283642954	84.327502	0.0	0.0
2.699928	27.563385276	84.265868	0.0	0.0
2.726827	27.844703611	84.203664	0.0	0.0
2.753994	28.127893462	84.140886	0.0	0.0
2.781431	28.412659325	84.077528	0.0	0.0
2.809141	28.699099703	84.013585	0.0	0.0
2.837128	28.987116093	83.949045	0.0	0.0
2.865393	29.276708497	83.883908	0.0	0.0
2.893941	29.567975414	83.818161	0.0	0.0
2.922772	29.860719844	83.751803	0.0	0.0
2.951891	30.155138788	83.684825	0.0	0.0
2.981300	30.451035244	83.617219	0.0	0.0
3.011001	30.748606213	83.548983	0.0	0.0
3.040999	31.047851697	83.480104	0.0	0.0
3.071296	31.348673194	83.410577	0.0	0.0
3.101894	31.651366206	83.340397	0.0	0.0
3.132797	31.955733733	83.269556	0.0	0.0
3.164008	32.262071275	83.198046	0.0	0.0
3.195530	32.570378834	83.125860	0.0	0.0
3.227367	32.880754910	83.052989	0.0	0.0
3.259520	33.193396505	82.979430	0.0	0.0
3.291993	33.508303619	82.905173	0.0	0.0
3.324791	33.825771754	82.830208	0.0	0.0
3.357915	34.145899411	82.754531	0.0	0.0
3.391368	34.468982093	82.678135	0.0	0.0
3.425156	34.795118299	82.601007	0.0	0.0
3.459279	35.124505033	82.523146	0.0	0.0
3.493743	35.457634798	82.444539	0.0	0.0
3.528550	35.794409094	82.365179	0.0	0.0
3.563704	36.135418924	82.285059	0.0	0.0
3.599208	36.480762790	82.204170	0.0	0.0
3.635066	36.830834696	82.122504	0.0	0.0
3.671281	37.185831642	82.040053	0.0	0.0
3.707857	37.546246134	81.956808	0.0	0.0
3.744797	37.912373673	81.872761	0.0	0.0
3.782106	38.284509761	81.787902	0.0	0.0
3.819786	38.662949902	81.702224	0.0	0.0
3.857841	39.048088099	81.615719	0.0	0.0
3.896276	39.440219854	81.528374	0.0	0.0
3.935093	39.839640669	81.440185	0.0	0.0
3.974297	40.246843049	81.351140	0.0	0.0
4.013892	40.661925494	81.261230	0.0	0.0
4.053881	41.085282008	81.170447	0.0	0.0
4.094269	41.517011091	81.078780	0.0	0.0
4.135059	41.957506747	80.986220	0.0	0.0
4.176255	42.406867477	80.892760	0.0	0.0
4.217862	42.865093280	80.798386	0.0	0.0
4.259883	43.332479660	80.703091	0.0	0.0
4.302323	43.809026615	80.606865	0.0	0.0
4.345186	44.294635645	80.509696	0.0	0.0
4.388476	44.789208250	80.411576	0.0	0.0
4.432197	45.292645929	80.312494	0.0	0.0
4.476353	45.804751679	80.212442	0.0	0.0
4.520950	46.325131499	80.111404	0.0	0.0
4.565991	46.853588385	80.009375	0.0	0.0
4.611480	47.389531333	79.906343	0.0	0.0
4.657423	47.932566340	79.802294	0.0	0.0
4.703824	48.482003901	79.697220	0.0	0.0
4.750687	49.037253009	79.591109	0.0	0.0
4.798016	49.597525659	79.483953	0.0	0.0
4.845817	50.162132346	79.375737	0.0	0.0
4.894095	50.730088060	79.266449	0.0	0.0
4.942853	51.300703296	79.156081	0.0	0.0
4.992097	51.872894545	79.044619	0.0	0.0
5.041832	52.445873801	78.932052	0.0	0.0
5.092062	53.018557554	78.818368	0.0	0.0
5.142793	53.590059297	78.703553	0.0	0.0
5.194029	54.159492524	78.587598	0.0	0.0
5.245776	54.725970726	78.470489	0.0	0.0
5.298038	55.288804397	78.352214	0.0	0.0
5.350821	55.847008530	78.232759	0.0	0.0
5.404129	56.400287622	78.112116	0.0	0.0
5.457969	56.948050669	77.990265	0.0	0.0
5.512345	57.489903666	77.867198	0.0	0.0
5.567263	58.025748114	77.742900	0.0	0.0
5.622728	58.555584011	77.617358	0.0	0.0
5.678746	59.079706862	77.490558	0.0	0.0
5.735321	59.598510668	77.362489	0.0	0.0
5.792460	60.112684935	77.233134	0.0	0.0
5.850169	60.623214673	77.102478	0.0	0.0
5.908453	61.131084888	76.970510	0.0	0.0
5.967317	61.637773094	76.837215	0.0	0.0
6.026767	62.144756801	76.702579	0.0	0.0
6.086810	62.654006028	76.566585	0.0	0.0
6.147451	63.167293789	76.429221	0.0	0.0
6.208696	63.686885601	76.290470	0.0	0.0
6.270552	64.214849983	76.150315	0.0	0.0
6.333023	64.753452454	76.008747	0.0	0.0
6.396117	65.304958531	75.865745	0.0	0.0
6.459840	65.871633735	75.721293	0.0	0.0
6.524198	66.455546581	75.575377	0.0	0.0
6.589196	67.058568586	75.427983	0.0	0.0
6.654842	67.682374264	75.279092	0.0	0.0
6.721143	68.328244124	75.128685	0.0	0.0
6.788103	68.997261677	74.976752	0.0	0.0
6.855731	69.689919426	74.823270	0.0	0.0
6.924033	70.406118871	74.668223	0.0	0.0
6.993015	71.145269006	74.511597	0.0	0.0
7.062684	71.906384823	74.353371	0.0	0.0
7.133048	72.687594807	74.193528	0.0	0.0
7.204112	73.486633439	74.032052	0.0	0.0
7.275884	74.300545695	73.868923	0.0	0.0
7.348372	75.125884045	73.704120	0.0	0.0
7.421582	75.958806958	73.537628	0.0	0.0
7.495521	76.794980398	73.369427	0.0	0.0
7.570196	77.629873328	73.199500	0.0	0.0
7.645616	78.458757708	73.027823	0.0	0.0
7.721787	79.276905498	72.854380	0.0	0.0
7.798717	80.079982664	72.679149	0.0	0.0
7.876413	80.863753669	72.502112	0.0	0.0
7.954883	81.624869486	72.323247	0.0	0.0
8.034135	82.360473592	72.142533	0.0	0.0
8.114177	83.068694470	71.959949	0.0	0.0
8.195016	83.748941116	71.775475	0.0	0.0
8.276661	84.401509033	71.589087	0.0	0.0
8.359119	85.028368235	71.400767	0.0	0.0
8.442398	85.632572250	71.210491	0.0	0.0
8.526507	86.218750616	71.018237	0.0	0.0
8.611454	86.792616379	70.823981	0.0	0.0
8.697247	87.361163098	70.627702	0.0	0.0
8.783896	87.932369339	70.429373	0.0	0.0
8.871407	88.514903174	70.228976	0.0	0.0
8.959790	89.117826678	70.026484	0.0	0.0
9.049054	89.750004925	69.821871	0.0	0.0
9.139207	90.420204488	69.615116	0.0	0.0
9.230258	91.136009929	69.406193	0.0	0.0
9.322216	91.903922303	69.195077	0.0	0.0
9.415091	92.728571147	68.981739	0.0	0.0
9.508890	93.612615985	68.766160	0.0	0.0
9.603625	94.556253817	68.548306	0.0	0.0
9.699303	95.556825122	68.328156	0.0	0.0
9.795934	96.609306357	68.105681	0.0	0.0
9.893528	97.705915959	67.880854	0.0	0.0
9.992094	98.836705345	67.653648	0.0	0.0
10.091640	99.988179902	67.424039	0.0	0.0
10.192180	101.148519533	67.191988	0.0	0.0
10.293720	102.302949114	66.957476	0.0	0.0
10.396280	103.436693525	66.720451	0.0	0.0
10.499850	104.535962648	66.480928	0.0	0.0
10.604460	105.590906405	66.238833	0.0	0.0
10.710110	106.593644727	65.994158	0.0	0.0
10.816810	107.538267568	65.746874	0.0	0.0
10.924570	108.426744942	65.496950	0.0	0.0
11.033410	109.263016883	65.244333	0.0	0.0
11.143340	110.057918481	64.988992	0.0	0.0
11.254350	110.827209866	64.730943	0.0	0.0
11.366480	111.589606194	64.470086	0.0	0.0
11.479720	112.368747661	64.206435	0.0	0.0
11.594090	113.189259471	63.939935	0.0	0.0
11.709600	114.076751837	63.670557	0.0	0.0
11.826250	115.054864955	63.398290	0.0	0.0
11.944080	116.143298989	63.123033	0.0	0.0
12.063070	117.356829062	62.844823	0.0	0.0
12.183250	118.702350230	62.563582	0.0	0.0
12.304630	120.177892477	62.279277	0.0	0.0
12.427220	121.771635705	61.991874	0.0	0.0
12.551030	123.461909734	61.701342	0.0	0.0
12.676070	125.221134335	61.407645	0.0	0.0
12.802360	127.012864207	61.110728	0.0	0.0
12.929900	128.795729005	60.810580	0.0	0.0
13.058720	130.530328402	60.507119	0.0	0.0
13.188820	132.180217096	60.200335	0.0	0.0
13.320220	133.713874825	59.890170	0.0	0.0
13.452920	135.117511475	59.576613	0.0	0.0
13.586950	136.386202005	59.259580	0.0	0.0
13.722310	137.538661571	58.939061	0.0	0.0
13.859020	138.607395441	58.614997	0.0	0.0
13.997100	139.642639034	58.287327	0.0	0.0
14.136540	140.709402888	57.956063	0.0	0.0
14.277380	141.876637576	57.621097	0.0	0.0
14.419620	143.213293670	57.282417	0.0	0.0
14.563280	144.775516637	56.939962	0.0	0.0
14.708370	146.597781762	56.593695	0.0	0.0
14.854910	148.681074053	56.243555	0.0	0.0
15.002900	150.982053151	55.889528	0.0	0.0
15.152370	153.410098304	55.531528	0.0	0.0
15.303330	155.820413309	55.169518	0.0	0.0
15.455790	158.016981541	54.803458	0.0	0.0
15.609770	159.760446012	54.433288	0.0	0.0
15.765290	160.781899490	54.058943	0.0	0.0
15.922350	160.798644629	53.680410	0.0	0.0
16.080980	159.540789189	53.297600	0.0	0.0
16.241190	156.771931207	52.910475	0.0	0.0
16.403000	152.314769213	52.518970	0.0	0.0
16.566420	146.075727429	52.123047	0.0	0.0
16.731460	138.059730896	51.722665	0.0	0.0
16.898160	128.379070546	51.317712	0.0	0.0
17.066510	117.255373220	50.908196	0.0	0.0
17.236540	105.007781565	50.494028	0.0	0.0
17.408260	92.032071866	50.075168	0.0	0.0
17.581690	78.776028841	49.651552	0.0	0.0
17.756850	65.700734816	49.223114	0.0	0.0
17.933760	53.246980950	48.789789	0.0	0.0
18.112430	41.799609937	48.351538	0.0	0.0
18.292880	31.659049270	47.908295	0.0	0.0
18.475120	23.021315577	47.460020	0.0	0.0
18.659180	15.969445046	47.006622	0.0	0.0
18.845080	10.476645456	46.548039	0.0	0.0
19.032830	6.421120545	46.084229	0.0	0.0
19.222450	3.609316207	45.615127	0.0	0.0
19.413950	1.804456177	45.140695	0.0	0.0
19.607370	0.756562124	44.660818	0.0	0.0
19.802710	0.229453714	44.175482	0.0	0.0
20.000000	0.021568232	43.684600	0.0	0.0
