# UNCLASSIFIED
#
# Response info for I09BR infrasound site.
#
# Effective: 31 MAY 2012
# Created: 15 JUN 2012
# File name: I09BR.BDF.1338469560
# Source:  James Neely (TTD), TSgt Swindle (TTD)
# System equipment: MB2000 sensor and Guralp DM24 digitizer
# INID: 5797 5798 5799 5800
#
# The response file was derived from equations of state.
# Pressure response relative to 1.0 at 1.0 Hz.
#
# The calib values for this configuration are as follows:
#
# I09H1 BDF is 0.00014281 Pa/count at 1.00 Hz.
# I09H2 BDF is 0.00014281 Pa/count at 1.00 Hz.
# I09H3 BDF is 0.00014281 Pa/count at 1.00 Hz.
# I09H4 BDF is 0.00014281 Pa/count at 1.00 Hz.
#
# Freq(Hz)    Ampl(counts/Pa)   Phase(deg)  Error(amp) Error(phase)
#
 theoretical   0   instrument   fap
1000
0.010000	0.707646158	44.947852	0.0	0.0
0.010069	0.710087357	44.749492	0.0	0.0
0.010139	0.712519546	44.551172	0.0	0.0
0.010210	0.714943506	44.352827	0.0	0.0
0.010280	0.717358287	44.154533	0.0	0.0
0.010352	0.719763979	43.956280	0.0	0.0
0.010424	0.722160666	43.758058	0.0	0.0
0.010496	0.724547765	43.559916	0.0	0.0
0.010569	0.726925688	43.361816	0.0	0.0
0.010642	0.729293861	43.163804	0.0	0.0
0.010716	0.731652367	42.965874	0.0	0.0
0.010790	0.734001278	42.768016	0.0	0.0
0.010865	0.736340041	42.570276	0.0	0.0
0.010941	0.738668735	42.372646	0.0	0.0
0.011016	0.740987128	42.175146	0.0	0.0
0.011093	0.743295296	41.977768	0.0	0.0
0.011170	0.745593010	41.780530	0.0	0.0
0.011247	0.747880046	41.583451	0.0	0.0
0.011325	0.750156480	41.386524	0.0	0.0
0.011404	0.752422378	41.189742	0.0	0.0
0.011483	0.754676950	40.993175	0.0	0.0
0.011563	0.756920841	40.796765	0.0	0.0
0.011643	0.759153554	40.600557	0.0	0.0
0.011724	0.761375158	40.404544	0.0	0.0
0.011805	0.763585449	40.208743	0.0	0.0
0.011887	0.765784227	40.013175	0.0	0.0
0.011970	0.767971562	39.817831	0.0	0.0
0.012053	0.770147260	39.622732	0.0	0.0
0.012136	0.772311388	39.427870	0.0	0.0
0.012220	0.774463756	39.233265	0.0	0.0
0.012305	0.776604178	39.038934	0.0	0.0
0.012391	0.778732724	38.844871	0.0	0.0
0.012477	0.780849460	38.651073	0.0	0.0
0.012563	0.782953960	38.457578	0.0	0.0
0.012650	0.785046297	38.264383	0.0	0.0
0.012738	0.787126302	38.071505	0.0	0.0
0.012827	0.789194277	37.878916	0.0	0.0
0.012916	0.791249821	37.686658	0.0	0.0
0.013005	0.793292776	37.494745	0.0	0.0
0.013095	0.795323439	37.303154	0.0	0.0
0.013186	0.797341428	37.111921	0.0	0.0
0.013278	0.799347033	36.921023	0.0	0.0
0.013370	0.801339883	36.730496	0.0	0.0
0.013463	0.803320050	36.540337	0.0	0.0
0.013556	0.805287393	36.350563	0.0	0.0
0.013650	0.807241981	36.161169	0.0	0.0
0.013745	0.809183679	35.972172	0.0	0.0
0.013840	0.811112558	35.783569	0.0	0.0
0.013936	0.813028485	35.595376	0.0	0.0
0.014033	0.814931532	35.407589	0.0	0.0
0.014130	0.816821573	35.220225	0.0	0.0
0.014228	0.818698489	35.033298	0.0	0.0
0.014327	0.820562543	34.846788	0.0	0.0
0.014426	0.822413428	34.660729	0.0	0.0
0.014527	0.824251219	34.475117	0.0	0.0
0.014627	0.826075810	34.289968	0.0	0.0
0.014729	0.827887452	34.105261	0.0	0.0
0.014831	0.829685861	33.921029	0.0	0.0
0.014934	0.831470942	33.737287	0.0	0.0
0.015038	0.833242945	33.554015	0.0	0.0
0.015142	0.835001772	33.371227	0.0	0.0
0.015247	0.836747498	33.188921	0.0	0.0
0.015353	0.838479867	33.007129	0.0	0.0
0.015459	0.840199124	32.825831	0.0	0.0
0.015567	0.841905022	32.645058	0.0	0.0
0.015675	0.843597802	32.464791	0.0	0.0
0.015783	0.845277384	32.285044	0.0	0.0
0.015893	0.846943843	32.105815	0.0	0.0
0.016003	0.848596958	31.927134	0.0	0.0
0.016114	0.850236959	31.748982	0.0	0.0
0.016226	0.851863779	31.571373	0.0	0.0
0.016339	0.853477497	31.394305	0.0	0.0
0.016452	0.855078050	31.217792	0.0	0.0
0.016566	0.856665381	31.041846	0.0	0.0
0.016681	0.858239711	30.866449	0.0	0.0
0.016797	0.859800849	30.691631	0.0	0.0
0.016913	0.861349013	30.517374	0.0	0.0
0.017031	0.862884021	30.343705	0.0	0.0
0.017149	0.864406088	30.170608	0.0	0.0
0.017268	0.865915168	29.998095	0.0	0.0
0.017388	0.867411221	29.826179	0.0	0.0
0.017508	0.868894456	29.654843	0.0	0.0
0.017630	0.870364711	29.484113	0.0	0.0
0.017752	0.871822192	29.313974	0.0	0.0
0.017875	0.873266865	29.144437	0.0	0.0
0.017999	0.874698700	28.975515	0.0	0.0
0.018124	0.876117783	28.807205	0.0	0.0
0.018250	0.877524091	28.639519	0.0	0.0
0.018377	0.878917821	28.472441	0.0	0.0
0.018504	0.880298950	28.305982	0.0	0.0
0.018632	0.881667456	28.140155	0.0	0.0
0.018762	0.883023534	27.974943	0.0	0.0
0.018892	0.884367061	27.810372	0.0	0.0
0.019023	0.885698128	27.646438	0.0	0.0
0.019155	0.887016923	27.483128	0.0	0.0
0.019288	0.888323334	27.320464	0.0	0.0
0.019422	0.889617451	27.158445	0.0	0.0
0.019557	0.890899364	26.997068	0.0	0.0
0.019692	0.892169068	26.836344	0.0	0.0
0.019829	0.893426745	26.676259	0.0	0.0
0.019966	0.894672299	26.516835	0.0	0.0
0.020105	0.895905912	26.358058	0.0	0.0
0.020244	0.897127670	26.199927	0.0	0.0
0.020385	0.898337401	26.042474	0.0	0.0
0.020526	0.899535455	25.885663	0.0	0.0
0.020669	0.900721666	25.729526	0.0	0.0
0.020812	0.901896291	25.574039	0.0	0.0
0.020957	0.903059174	25.419233	0.0	0.0
0.021102	0.904210568	25.265084	0.0	0.0
0.021248	0.905350481	25.111602	0.0	0.0
0.021396	0.906479002	24.958785	0.0	0.0
0.021544	0.907596144	24.806641	0.0	0.0
0.021694	0.908701998	24.655169	0.0	0.0
0.021844	0.909796580	24.504377	0.0	0.0
0.021996	0.910880052	24.354253	0.0	0.0
0.022149	0.911952433	24.204805	0.0	0.0
0.022302	0.913013812	24.056031	0.0	0.0
0.022457	0.914064276	23.907931	0.0	0.0
0.022613	0.915103847	23.760511	0.0	0.0
0.022770	0.916132615	23.613770	0.0	0.0
0.022928	0.917150668	23.467706	0.0	0.0
0.023087	0.918158095	23.322318	0.0	0.0
0.023247	0.919154919	23.177612	0.0	0.0
0.023408	0.920141232	23.033587	0.0	0.0
0.023571	0.921117119	22.890242	0.0	0.0
0.023734	0.922082669	22.747575	0.0	0.0
0.023899	0.923037968	22.605583	0.0	0.0
0.024065	0.923982989	22.464283	0.0	0.0
0.024232	0.924917932	22.323655	0.0	0.0
0.024400	0.925842772	22.183715	0.0	0.0
0.024569	0.926757652	22.044452	0.0	0.0
0.024740	0.927662656	21.905865	0.0	0.0
0.024911	0.928557818	21.767961	0.0	0.0
0.025084	0.929443223	21.630737	0.0	0.0
0.025258	0.930318956	21.494192	0.0	0.0
0.025433	0.931185102	21.358325	0.0	0.0
0.025610	0.932041697	21.223140	0.0	0.0
0.025788	0.932888873	21.088629	0.0	0.0
0.025967	0.933726666	20.954798	0.0	0.0
0.026147	0.934555161	20.821644	0.0	0.0
0.026328	0.935374441	20.689167	0.0	0.0
0.026511	0.936184632	20.557356	0.0	0.0
0.026695	0.936985685	20.426233	0.0	0.0
0.026880	0.937777812	20.295774	0.0	0.0
0.027067	0.938561009	20.165991	0.0	0.0
0.027254	0.939335398	20.036875	0.0	0.0
0.027443	0.940100979	19.908439	0.0	0.0
0.027634	0.940857914	19.780668	0.0	0.0
0.027826	0.941606241	19.653566	0.0	0.0
0.028019	0.942346079	19.527125	0.0	0.0
0.028213	0.943077430	19.401356	0.0	0.0
0.028409	0.943800411	19.276252	0.0	0.0
0.028606	0.944515099	19.151810	0.0	0.0
0.028804	0.945221536	19.028035	0.0	0.0
0.029004	0.945919837	18.904919	0.0	0.0
0.029206	0.946610110	18.782455	0.0	0.0
0.029408	0.947292329	18.660659	0.0	0.0
0.029612	0.947966638	18.539517	0.0	0.0
0.029818	0.948633113	18.419027	0.0	0.0
0.030025	0.949291826	18.299188	0.0	0.0
0.030233	0.949942820	18.180004	0.0	0.0
0.030443	0.950586171	18.061474	0.0	0.0
0.030654	0.951221980	17.943589	0.0	0.0
0.030867	0.951850322	17.826348	0.0	0.0
0.031081	0.952471238	17.709756	0.0	0.0
0.031296	0.953084829	17.593805	0.0	0.0
0.031514	0.953691138	17.478498	0.0	0.0
0.031732	0.954290291	17.363824	0.0	0.0
0.031952	0.954882302	17.249792	0.0	0.0
0.032174	0.955467243	17.136399	0.0	0.0
0.032397	0.956045234	17.023633	0.0	0.0
0.032622	0.956616293	16.911504	0.0	0.0
0.032849	0.957180512	16.800005	0.0	0.0
0.033077	0.957737985	16.689129	0.0	0.0
0.033306	0.958288729	16.578883	0.0	0.0
0.033537	0.958832858	16.469258	0.0	0.0
0.033770	0.959370414	16.360256	0.0	0.0
0.034004	0.959901486	16.251871	0.0	0.0
0.034240	0.960426116	16.144106	0.0	0.0
0.034478	0.960944390	16.036954	0.0	0.0
0.034717	0.961456372	15.930414	0.0	0.0
0.034958	0.961962124	15.824486	0.0	0.0
0.035200	0.962461689	15.719170	0.0	0.0
0.035445	0.962955191	15.614453	0.0	0.0
0.035690	0.963442629	15.510346	0.0	0.0
0.035938	0.963924125	15.406835	0.0	0.0
0.036188	0.964399700	15.303927	0.0	0.0
0.036439	0.964869432	15.201615	0.0	0.0
0.036691	0.965333382	15.099899	0.0	0.0
0.036946	0.965791627	14.998773	0.0	0.0
0.037202	0.966244223	14.898235	0.0	0.0
0.037461	0.966691212	14.798288	0.0	0.0
0.037720	0.967132667	14.698926	0.0	0.0
0.037982	0.967568664	14.600144	0.0	0.0
0.038246	0.967999256	14.501941	0.0	0.0
0.038511	0.968424485	14.404319	0.0	0.0
0.038778	0.968844420	14.307272	0.0	0.0
0.039047	0.969259132	14.210795	0.0	0.0
0.039318	0.969668675	14.114888	0.0	0.0
0.039591	0.970073087	14.019552	0.0	0.0
0.039866	0.970472451	13.924778	0.0	0.0
0.040142	0.970866804	13.830569	0.0	0.0
0.040421	0.971256227	13.736917	0.0	0.0
0.040701	0.971640744	13.643826	0.0	0.0
0.040984	0.972020446	13.551286	0.0	0.0
0.041268	0.972395356	13.459302	0.0	0.0
0.041555	0.972765538	13.367868	0.0	0.0
0.041843	0.973131067	13.276977	0.0	0.0
0.042133	0.973491966	13.186634	0.0	0.0
0.042426	0.973848296	13.096835	0.0	0.0
0.042720	0.974200130	13.007572	0.0	0.0
0.043016	0.974547501	12.918846	0.0	0.0
0.043315	0.974890458	12.830657	0.0	0.0
0.043615	0.975229070	12.742997	0.0	0.0
0.043918	0.975563370	12.655867	0.0	0.0
0.044223	0.975893416	12.569264	0.0	0.0
0.044530	0.976219263	12.483183	0.0	0.0
0.044839	0.976540945	12.397626	0.0	0.0
0.045150	0.976858527	12.312586	0.0	0.0
0.045463	0.977172041	12.228064	0.0	0.0
0.045778	0.977481561	12.144051	0.0	0.0
0.046096	0.977787100	12.060554	0.0	0.0
0.046416	0.978088738	11.977561	0.0	0.0
0.046738	0.978386499	11.895076	0.0	0.0
0.047062	0.978680440	11.813092	0.0	0.0
0.047389	0.978970604	11.731608	0.0	0.0
0.047718	0.979257030	11.650623	0.0	0.0
0.048049	0.979539767	11.570134	0.0	0.0
0.048382	0.979818871	11.490134	0.0	0.0
0.048718	0.980094364	11.410626	0.0	0.0
0.049056	0.980366310	11.331603	0.0	0.0
0.049396	0.980634738	11.253066	0.0	0.0
0.049739	0.980899693	11.175011	0.0	0.0
0.050084	0.981161221	11.097434	0.0	0.0
0.050432	0.981419359	11.020335	0.0	0.0
0.050782	0.981674156	10.943708	0.0	0.0
0.051134	0.981925650	10.867552	0.0	0.0
0.051489	0.982173868	10.791867	0.0	0.0
0.051846	0.982418874	10.716645	0.0	0.0
0.052206	0.982660687	10.641888	0.0	0.0
0.052568	0.982899351	10.567593	0.0	0.0
0.052933	0.983134910	10.493754	0.0	0.0
0.053300	0.983367400	10.420372	0.0	0.0
0.053670	0.983596858	10.347442	0.0	0.0
0.054042	0.983823319	10.274964	0.0	0.0
0.054417	0.984046825	10.202932	0.0	0.0
0.054795	0.984267410	10.131346	0.0	0.0
0.055175	0.984485110	10.060202	0.0	0.0
0.055558	0.984699962	9.989498	0.0	0.0
0.055943	0.984912002	9.919231	0.0	0.0
0.056331	0.985121262	9.849400	0.0	0.0
0.056722	0.985327776	9.780001	0.0	0.0
0.057116	0.985531579	9.711033	0.0	0.0
0.057512	0.985732711	9.642490	0.0	0.0
0.057911	0.985931201	9.574372	0.0	0.0
0.058313	0.986127078	9.506678	0.0	0.0
0.058718	0.986320379	9.439403	0.0	0.0
0.059125	0.986511137	9.372544	0.0	0.0
0.059535	0.986699385	9.306100	0.0	0.0
0.059948	0.986885154	9.240067	0.0	0.0
0.060364	0.987068471	9.174445	0.0	0.0
0.060783	0.987249366	9.109231	0.0	0.0
0.061205	0.987427876	9.044421	0.0	0.0
0.061630	0.987604030	8.980012	0.0	0.0
0.062057	0.987777858	8.916003	0.0	0.0
0.062488	0.987949385	8.852391	0.0	0.0
0.062921	0.988118644	8.789174	0.0	0.0
0.063358	0.988285663	8.726349	0.0	0.0
0.063798	0.988450471	8.663914	0.0	0.0
0.064240	0.988613096	8.601866	0.0	0.0
0.064686	0.988773564	8.540204	0.0	0.0
0.065135	0.988931903	8.478924	0.0	0.0
0.065587	0.989088144	8.418023	0.0	0.0
0.066042	0.989242308	8.357501	0.0	0.0
0.066500	0.989394426	8.297354	0.0	0.0
0.066962	0.989544523	8.237580	0.0	0.0
0.067426	0.989692624	8.178177	0.0	0.0
0.067894	0.989838757	8.119140	0.0	0.0
0.068365	0.989982944	8.060471	0.0	0.0
0.068840	0.990125212	8.002164	0.0	0.0
0.069317	0.990265585	7.944219	0.0	0.0
0.069798	0.990404090	7.886632	0.0	0.0
0.070282	0.990540746	7.829403	0.0	0.0
0.070770	0.990675583	7.772526	0.0	0.0
0.071261	0.990808617	7.716002	0.0	0.0
0.071756	0.990939879	7.659827	0.0	0.0
0.072253	0.991069386	7.604000	0.0	0.0
0.072755	0.991197166	7.548516	0.0	0.0
0.073260	0.991323235	7.493377	0.0	0.0
0.073768	0.991447623	7.438576	0.0	0.0
0.074280	0.991570343	7.384115	0.0	0.0
0.074795	0.991691426	7.329988	0.0	0.0
0.075314	0.991810885	7.276196	0.0	0.0
0.075837	0.991928746	7.222735	0.0	0.0
0.076363	0.992045027	7.169603	0.0	0.0
0.076893	0.992159753	7.116797	0.0	0.0
0.077426	0.992272939	7.064317	0.0	0.0
0.077964	0.992384608	7.012160	0.0	0.0
0.078505	0.992494779	6.960322	0.0	0.0
0.079049	0.992603473	6.908802	0.0	0.0
0.079598	0.992710706	6.857599	0.0	0.0
0.080150	0.992816501	6.806710	0.0	0.0
0.080706	0.992920874	6.756132	0.0	0.0
0.081266	0.993023845	6.705864	0.0	0.0
0.081830	0.993125433	6.655902	0.0	0.0
0.082398	0.993225654	6.606246	0.0	0.0
0.082970	0.993324528	6.556894	0.0	0.0
0.083545	0.993422070	6.507843	0.0	0.0
0.084125	0.993518301	6.459090	0.0	0.0
0.084709	0.993613235	6.410635	0.0	0.0
0.085296	0.993706892	6.362474	0.0	0.0
0.085888	0.993799288	6.314605	0.0	0.0
0.086484	0.993890437	6.267028	0.0	0.0
0.087084	0.993980358	6.219740	0.0	0.0
0.087689	0.994069068	6.172737	0.0	0.0
0.088297	0.994156581	6.126020	0.0	0.0
0.088910	0.994242913	6.079585	0.0	0.0
0.089527	0.994328080	6.033430	0.0	0.0
0.090148	0.994412097	5.987554	0.0	0.0
0.090773	0.994494981	5.941954	0.0	0.0
0.091403	0.994576744	5.896629	0.0	0.0
0.092037	0.994657403	5.851577	0.0	0.0
0.092676	0.994736971	5.806796	0.0	0.0
0.093319	0.994815465	5.762282	0.0	0.0
0.093966	0.994892897	5.718036	0.0	0.0
0.094618	0.994969282	5.674055	0.0	0.0
0.095275	0.995044633	5.630336	0.0	0.0
0.095936	0.995118965	5.586878	0.0	0.0
0.096602	0.995192291	5.543679	0.0	0.0
0.097272	0.995264623	5.500738	0.0	0.0
0.097947	0.995335977	5.458051	0.0	0.0
0.098627	0.995406363	5.415619	0.0	0.0
0.099311	0.995475796	5.373437	0.0	0.0
0.100000	0.995544288	5.331505	0.0	0.0
0.100694	0.995611854	5.289819	0.0	0.0
0.101393	0.995678494	5.248385	0.0	0.0
0.102096	0.995744244	5.207186	0.0	0.0
0.102805	0.995809094	5.166235	0.0	0.0
0.103518	0.995873063	5.125524	0.0	0.0
0.104236	0.995936168	5.085050	0.0	0.0
0.104959	0.995998409	5.044817	0.0	0.0
0.105688	0.996059812	5.004814	0.0	0.0
0.106421	0.996120376	4.965048	0.0	0.0
0.107159	0.996180118	4.925512	0.0	0.0
0.107903	0.996239055	4.886202	0.0	0.0
0.108652	0.996297185	4.847123	0.0	0.0
0.109406	0.996354526	4.808270	0.0	0.0
0.110165	0.996411084	4.769642	0.0	0.0
0.110929	0.996466875	4.731236	0.0	0.0
0.111699	0.996521907	4.693051	0.0	0.0
0.112474	0.996576186	4.655087	0.0	0.0
0.113254	0.996629729	4.617340	0.0	0.0
0.114040	0.996682548	4.579804	0.0	0.0
0.114831	0.996734637	4.542490	0.0	0.0
0.115628	0.996786024	4.505383	0.0	0.0
0.116430	0.996836709	4.468488	0.0	0.0
0.117238	0.996886705	4.431801	0.0	0.0
0.118052	0.996936019	4.395321	0.0	0.0
0.118871	0.996984658	4.359049	0.0	0.0
0.119696	0.997032634	4.322981	0.0	0.0
0.120526	0.997079955	4.287116	0.0	0.0
0.121362	0.997126631	4.251450	0.0	0.0
0.122205	0.997172670	4.215984	0.0	0.0
0.123052	0.997218079	4.180717	0.0	0.0
0.123906	0.997262868	4.145645	0.0	0.0
0.124766	0.997307049	4.110765	0.0	0.0
0.125632	0.997350623	4.076080	0.0	0.0
0.126503	0.997393601	4.041587	0.0	0.0
0.127381	0.997435989	4.007285	0.0	0.0
0.128265	0.997477803	3.973168	0.0	0.0
0.129155	0.997519043	3.939238	0.0	0.0
0.130051	0.997559716	3.905495	0.0	0.0
0.130954	0.997599835	3.871934	0.0	0.0
0.131862	0.997639403	3.838556	0.0	0.0
0.132777	0.997678433	3.805355	0.0	0.0
0.133698	0.997716926	3.772335	0.0	0.0
0.134626	0.997754892	3.739492	0.0	0.0
0.135560	0.997792336	3.706826	0.0	0.0
0.136501	0.997829268	3.674334	0.0	0.0
0.137448	0.997865692	3.642016	0.0	0.0
0.138402	0.997901618	3.609868	0.0	0.0
0.139362	0.997937050	3.577890	0.0	0.0
0.140329	0.997971997	3.546080	0.0	0.0
0.141303	0.998006464	3.514436	0.0	0.0
0.142283	0.998040456	3.482961	0.0	0.0
0.143270	0.998073984	3.451646	0.0	0.0
0.144264	0.998107050	3.420495	0.0	0.0
0.145265	0.998139661	3.389505	0.0	0.0
0.146273	0.998171823	3.358676	0.0	0.0
0.147288	0.998203545	3.328003	0.0	0.0
0.148310	0.998234830	3.297487	0.0	0.0
0.149339	0.998265681	3.267130	0.0	0.0
0.150376	0.998296109	3.236925	0.0	0.0
0.151419	0.998326119	3.206872	0.0	0.0
0.152470	0.998355716	3.176969	0.0	0.0
0.153528	0.998384903	3.147218	0.0	0.0
0.154593	0.998413690	3.117614	0.0	0.0
0.155665	0.998442077	3.088160	0.0	0.0
0.156746	0.998470073	3.058850	0.0	0.0
0.157833	0.998497684	3.029684	0.0	0.0
0.158928	0.998524914	3.000660	0.0	0.0
0.160031	0.998551766	2.971780	0.0	0.0
0.161141	0.998578248	2.943039	0.0	0.0
0.162260	0.998604363	2.914437	0.0	0.0
0.163385	0.998630119	2.885971	0.0	0.0
0.164519	0.998655517	2.857643	0.0	0.0
0.165661	0.998680563	2.829451	0.0	0.0
0.166810	0.998705263	2.801390	0.0	0.0
0.167968	0.998729620	2.773464	0.0	0.0
0.169133	0.998753640	2.745668	0.0	0.0
0.170307	0.998777325	2.718003	0.0	0.0
0.171488	0.998800683	2.690465	0.0	0.0
0.172678	0.998823717	2.663055	0.0	0.0
0.173876	0.998846429	2.635771	0.0	0.0
0.175083	0.998868828	2.608611	0.0	0.0
0.176298	0.998890913	2.581575	0.0	0.0
0.177521	0.998912693	2.554660	0.0	0.0
0.178753	0.998934169	2.527866	0.0	0.0
0.179993	0.998955346	2.501192	0.0	0.0
0.181242	0.998976227	2.474636	0.0	0.0
0.182499	0.998996817	2.448199	0.0	0.0
0.183766	0.999017120	2.421877	0.0	0.0
0.185041	0.999037139	2.395668	0.0	0.0
0.186325	0.999056879	2.369575	0.0	0.0
0.187618	0.999076343	2.343591	0.0	0.0
0.188919	0.999095535	2.317720	0.0	0.0
0.190230	0.999114457	2.291959	0.0	0.0
0.191550	0.999133115	2.266305	0.0	0.0
0.192879	0.999151511	2.240759	0.0	0.0
0.194218	0.999169649	2.215319	0.0	0.0
0.195565	0.999187532	2.189985	0.0	0.0
0.196922	0.999205163	2.164755	0.0	0.0
0.198288	0.999222547	2.139626	0.0	0.0
0.199664	0.999239686	2.114600	0.0	0.0
0.201050	0.999256584	2.089673	0.0	0.0
0.202445	0.999273244	2.064843	0.0	0.0
0.203849	0.999289667	2.040115	0.0	0.0
0.205264	0.999305860	2.015480	0.0	0.0
0.206688	0.999321823	1.990944	0.0	0.0
0.208122	0.999337561	1.966499	0.0	0.0
0.209566	0.999353075	1.942150	0.0	0.0
0.211020	0.999368369	1.917892	0.0	0.0
0.212485	0.999383447	1.893725	0.0	0.0
0.213959	0.999398311	1.869647	0.0	0.0
0.215444	0.999412962	1.845658	0.0	0.0
0.216938	0.999427406	1.821756	0.0	0.0
0.218444	0.999441642	1.797942	0.0	0.0
0.219959	0.999455676	1.774212	0.0	0.0
0.221486	0.999469509	1.750567	0.0	0.0
0.223022	0.999483144	1.727005	0.0	0.0
0.224570	0.999496584	1.703524	0.0	0.0
0.226128	0.999509831	1.680125	0.0	0.0
0.227697	0.999522888	1.656805	0.0	0.0
0.229277	0.999535757	1.633564	0.0	0.0
0.230868	0.999548441	1.610399	0.0	0.0
0.232470	0.999560941	1.587312	0.0	0.0
0.234083	0.999573261	1.564300	0.0	0.0
0.235707	0.999585402	1.541362	0.0	0.0
0.237342	0.999597368	1.518497	0.0	0.0
0.238989	0.999609160	1.495704	0.0	0.0
0.240648	0.999620780	1.472983	0.0	0.0
0.242317	0.999632232	1.450330	0.0	0.0
0.243999	0.999643515	1.427748	0.0	0.0
0.245692	0.999654634	1.405233	0.0	0.0
0.247396	0.999665591	1.382784	0.0	0.0
0.249113	0.999676386	1.360401	0.0	0.0
0.250842	0.999687023	1.338083	0.0	0.0
0.252582	0.999697503	1.315828	0.0	0.0
0.254335	0.999707828	1.293635	0.0	0.0
0.256099	0.999718001	1.271505	0.0	0.0
0.257876	0.999728022	1.249434	0.0	0.0
0.259666	0.999737895	1.227423	0.0	0.0
0.261467	0.999747621	1.205470	0.0	0.0
0.263282	0.999757201	1.183575	0.0	0.0
0.265108	0.999766639	1.161734	0.0	0.0
0.266948	0.999775934	1.139951	0.0	0.0
0.268800	0.999785090	1.118220	0.0	0.0
0.270665	0.999794107	1.096543	0.0	0.0
0.272543	0.999802989	1.074917	0.0	0.0
0.274434	0.999811735	1.053344	0.0	0.0
0.276339	0.999820349	1.031820	0.0	0.0
0.278256	0.999828831	1.010345	0.0	0.0
0.280187	0.999837184	0.988917	0.0	0.0
0.282131	0.999845408	0.967537	0.0	0.0
0.284088	0.999853505	0.946203	0.0	0.0
0.286060	0.999861478	0.924913	0.0	0.0
0.288044	0.999869327	0.903669	0.0	0.0
0.290043	0.999877053	0.882466	0.0	0.0
0.292056	0.999884660	0.861305	0.0	0.0
0.294082	0.999892147	0.840186	0.0	0.0
0.296123	0.999899516	0.819106	0.0	0.0
0.298177	0.999906769	0.798065	0.0	0.0
0.300246	0.999913908	0.777062	0.0	0.0
0.302330	0.999920932	0.756095	0.0	0.0
0.304427	0.999927844	0.735166	0.0	0.0
0.306540	0.999934646	0.714270	0.0	0.0
0.308667	0.999941338	0.693409	0.0	0.0
0.310808	0.999947921	0.672580	0.0	0.0
0.312965	0.999954397	0.651783	0.0	0.0
0.315136	0.999960767	0.631018	0.0	0.0
0.317323	0.999967033	0.610282	0.0	0.0
0.319525	0.999973195	0.589575	0.0	0.0
0.321742	0.999979255	0.568896	0.0	0.0
0.323974	0.999985214	0.548244	0.0	0.0
0.326222	0.999991072	0.527619	0.0	0.0
0.328486	0.999996832	0.507018	0.0	0.0
0.330765	1.000002494	0.486441	0.0	0.0
0.333060	1.000008059	0.465887	0.0	0.0
0.335371	1.000013529	0.445356	0.0	0.0
0.337698	1.000018904	0.424845	0.0	0.0
0.340041	1.000024185	0.404354	0.0	0.0
0.342401	1.000029374	0.383883	0.0	0.0
0.344776	1.000034471	0.363430	0.0	0.0
0.347169	1.000039477	0.342994	0.0	0.0
0.349578	1.000044394	0.322574	0.0	0.0
0.352003	1.000049222	0.302170	0.0	0.0
0.354446	1.000053962	0.281779	0.0	0.0
0.356905	1.000058615	0.261403	0.0	0.0
0.359381	1.000063182	0.241038	0.0	0.0
0.361875	1.000067664	0.220685	0.0	0.0
0.364386	1.000072062	0.200342	0.0	0.0
0.366914	1.000076376	0.180009	0.0	0.0
0.369460	1.000080608	0.159684	0.0	0.0
0.372024	1.000084757	0.139367	0.0	0.0
0.374605	1.000088826	0.119056	0.0	0.0
0.377204	1.000092814	0.098751	0.0	0.0
0.379822	1.000096723	0.078450	0.0	0.0
0.382457	1.000100553	0.058153	0.0	0.0
0.385111	1.000104305	0.037859	0.0	0.0
0.387783	1.000107979	0.017566	0.0	0.0
0.390474	1.000111577	-0.002726	0.0	0.0
0.393183	1.000115099	-0.023018	0.0	0.0
0.395911	1.000118546	-0.043312	0.0	0.0
0.398658	1.000121918	-0.063607	0.0	0.0
0.401424	1.000125216	-0.083906	0.0	0.0
0.404210	1.000128441	-0.104209	0.0	0.0
0.407014	1.000131593	-0.124517	0.0	0.0
0.409838	1.000134673	-0.144832	0.0	0.0
0.412682	1.000137681	-0.165153	0.0	0.0
0.415546	1.000140618	-0.185481	0.0	0.0
0.418429	1.000143485	-0.205820	0.0	0.0
0.421332	1.000146282	-0.226168	0.0	0.0
0.424256	1.000149010	-0.246526	0.0	0.0
0.427199	1.000151669	-0.266897	0.0	0.0
0.430164	1.000154259	-0.287281	0.0	0.0
0.433148	1.000156782	-0.307678	0.0	0.0
0.436154	1.000159237	-0.328091	0.0	0.0
0.439180	1.000161626	-0.348519	0.0	0.0
0.442227	1.000163948	-0.368964	0.0	0.0
0.445296	1.000166204	-0.389426	0.0	0.0
0.448386	1.000168394	-0.409907	0.0	0.0
0.451497	1.000170520	-0.430408	0.0	0.0
0.454630	1.000172580	-0.450930	0.0	0.0
0.457784	1.000174577	-0.471473	0.0	0.0
0.460960	1.000176509	-0.492038	0.0	0.0
0.464159	1.000178378	-0.512628	0.0	0.0
0.467380	1.000180184	-0.533242	0.0	0.0
0.470623	1.000181926	-0.553882	0.0	0.0
0.473888	1.000183606	-0.574548	0.0	0.0
0.477176	1.000185224	-0.595241	0.0	0.0
0.480487	1.000186780	-0.615963	0.0	0.0
0.483821	1.000188275	-0.636715	0.0	0.0
0.487178	1.000189708	-0.657497	0.0	0.0
0.490558	1.000191080	-0.678311	0.0	0.0
0.493962	1.000192391	-0.699157	0.0	0.0
0.497390	1.000193642	-0.720037	0.0	0.0
0.500841	1.000194832	-0.740951	0.0	0.0
0.504316	1.000195962	-0.761900	0.0	0.0
0.507815	1.000197032	-0.782886	0.0	0.0
0.511339	1.000198043	-0.803910	0.0	0.0
0.514887	1.000198994	-0.824972	0.0	0.0
0.518459	1.000199886	-0.846074	0.0	0.0
0.522057	1.000200719	-0.867216	0.0	0.0
0.525679	1.000201493	-0.888399	0.0	0.0
0.529327	1.000202208	-0.909625	0.0	0.0
0.532999	1.000202864	-0.930895	0.0	0.0
0.536698	1.000203462	-0.952209	0.0	0.0
0.540422	1.000204001	-0.973568	0.0	0.0
0.544171	1.000204482	-0.994975	0.0	0.0
0.547947	1.000204905	-1.016429	0.0	0.0
0.551749	1.000205269	-1.037931	0.0	0.0
0.555578	1.000205575	-1.059483	0.0	0.0
0.559433	1.000205824	-1.081087	0.0	0.0
0.563314	1.000206014	-1.102741	0.0	0.0
0.567223	1.000206147	-1.124448	0.0	0.0
0.571159	1.000206221	-1.146209	0.0	0.0
0.575122	1.000206238	-1.168026	0.0	0.0
0.579112	1.000206196	-1.189898	0.0	0.0
0.583131	1.000206097	-1.211826	0.0	0.0
0.587177	1.000205940	-1.233813	0.0	0.0
0.591251	1.000205725	-1.255859	0.0	0.0
0.595353	1.000205451	-1.277965	0.0	0.0
0.599484	1.000205120	-1.300132	0.0	0.0
0.603644	1.000204730	-1.322361	0.0	0.0
0.607832	1.000204283	-1.344653	0.0	0.0
0.612050	1.000203777	-1.367010	0.0	0.0
0.616297	1.000203213	-1.389432	0.0	0.0
0.620573	1.000202590	-1.411921	0.0	0.0
0.624879	1.000201908	-1.434477	0.0	0.0
0.629215	1.000201168	-1.457102	0.0	0.0
0.633581	1.000200369	-1.479796	0.0	0.0
0.637977	1.000199511	-1.502561	0.0	0.0
0.642403	1.000198593	-1.525399	0.0	0.0
0.646861	1.000197617	-1.548309	0.0	0.0
0.651349	1.000196580	-1.571292	0.0	0.0
0.655869	1.000195484	-1.594352	0.0	0.0
0.660419	1.000194328	-1.617487	0.0	0.0
0.665002	1.000193112	-1.640700	0.0	0.0
0.669616	1.000191835	-1.663991	0.0	0.0
0.674262	1.000190498	-1.687362	0.0	0.0
0.678941	1.000189099	-1.710813	0.0	0.0
0.683652	1.000187640	-1.734347	0.0	0.0
0.688395	1.000186119	-1.757963	0.0	0.0
0.693172	1.000184536	-1.781663	0.0	0.0
0.697981	1.000182891	-1.805449	0.0	0.0
0.702824	1.000181184	-1.829320	0.0	0.0
0.707701	1.000179414	-1.853280	0.0	0.0
0.712612	1.000177581	-1.877327	0.0	0.0
0.717556	1.000175685	-1.901465	0.0	0.0
0.722535	1.000173725	-1.925694	0.0	0.0
0.727548	1.000171700	-1.950015	0.0	0.0
0.732597	1.000169612	-1.974428	0.0	0.0
0.737680	1.000167458	-1.998937	0.0	0.0
0.742798	1.000165239	-2.023540	0.0	0.0
0.747952	1.000162954	-2.048242	0.0	0.0
0.753142	1.000160603	-2.073040	0.0	0.0
0.758368	1.000158185	-2.097938	0.0	0.0
0.763630	1.000155700	-2.122935	0.0	0.0
0.768928	1.000153148	-2.148035	0.0	0.0
0.774264	1.000150528	-2.173237	0.0	0.0
0.779636	1.000147839	-2.198543	0.0	0.0
0.785046	1.000145081	-2.223955	0.0	0.0
0.790493	1.000142253	-2.249472	0.0	0.0
0.795978	1.000139355	-2.275097	0.0	0.0
0.801501	1.000136386	-2.300831	0.0	0.0
0.807062	1.000133347	-2.326675	0.0	0.0
0.812662	1.000130235	-2.352630	0.0	0.0
0.818301	1.000127051	-2.378698	0.0	0.0
0.823979	1.000123794	-2.404879	0.0	0.0
0.829696	1.000120463	-2.431176	0.0	0.0
0.835453	1.000117058	-2.457588	0.0	0.0
0.841250	1.000113577	-2.484118	0.0	0.0
0.847087	1.000110022	-2.510766	0.0	0.0
0.852964	1.000106390	-2.537535	0.0	0.0
0.858883	1.000102680	-2.564426	0.0	0.0
0.864842	1.000098894	-2.591438	0.0	0.0
0.870843	1.000095028	-2.618575	0.0	0.0
0.876886	1.000091084	-2.645837	0.0	0.0
0.882970	1.000087060	-2.673225	0.0	0.0
0.889097	1.000082955	-2.700741	0.0	0.0
0.895266	1.000078768	-2.728386	0.0	0.0
0.901478	1.000074499	-2.756162	0.0	0.0
0.907733	1.000070147	-2.784069	0.0	0.0
0.914031	1.000065712	-2.812110	0.0	0.0
0.920373	1.000061191	-2.840284	0.0	0.0
0.926759	1.000056585	-2.868595	0.0	0.0
0.933190	1.000051892	-2.897043	0.0	0.0
0.939665	1.000047112	-2.925629	0.0	0.0
0.946185	1.000042244	-2.954355	0.0	0.0
0.952750	1.000037286	-2.983223	0.0	0.0
0.959361	1.000032238	-3.012233	0.0	0.0
0.966018	1.000027099	-3.041387	0.0	0.0
0.972720	1.000021868	-3.070686	0.0	0.0
0.979470	1.000016543	-3.100132	0.0	0.0
0.986266	1.000011125	-3.129726	0.0	0.0
0.993109	1.000005611	-3.159471	0.0	0.0
1.000000	1.000000000	-3.189366	0.0	0.0
1.006939	0.999994294	-3.219415	0.0	0.0
1.013925	0.999988488	-3.249613	0.0	0.0
1.020961	0.999982583	-3.279973	0.0	0.0
1.028045	0.999976577	-3.310486	0.0	0.0
1.035178	0.999970469	-3.341156	0.0	0.0
1.042361	0.999964259	-3.371989	0.0	0.0
1.049593	0.999957944	-3.402979	0.0	0.0
1.056876	0.999951524	-3.434136	0.0	0.0
1.064209	0.999944997	-3.465454	0.0	0.0
1.071593	0.999938363	-3.496938	0.0	0.0
1.079029	0.999931619	-3.528593	0.0	0.0
1.086516	0.999924765	-3.560414	0.0	0.0
1.094055	0.999917799	-3.592406	0.0	0.0
1.101646	0.999910721	-3.624567	0.0	0.0
1.109290	0.999903528	-3.656904	0.0	0.0
1.116987	0.999896219	-3.689415	0.0	0.0
1.124737	0.999888794	-3.722100	0.0	0.0
1.132541	0.999881249	-3.754965	0.0	0.0
1.140400	0.999873584	-3.788013	0.0	0.0
1.148312	0.999865799	-3.821235	0.0	0.0
1.156280	0.999857890	-3.854644	0.0	0.0
1.164303	0.999849857	-3.888237	0.0	0.0
1.172382	0.999841697	-3.922017	0.0	0.0
1.180517	0.999833410	-3.955983	0.0	0.0
1.188708	0.999824994	-3.990138	0.0	0.0
1.196956	0.999816448	-4.024483	0.0	0.0
1.205261	0.999807769	-4.059020	0.0	0.0
1.213624	0.999798956	-4.093753	0.0	0.0
1.222045	0.999790007	-4.128681	0.0	0.0
1.230524	0.999780922	-4.163805	0.0	0.0
1.239062	0.999771697	-4.199128	0.0	0.0
1.247660	0.999762330	-4.234655	0.0	0.0
1.256317	0.999752821	-4.270382	0.0	0.0
1.265034	0.999743168	-4.306313	0.0	0.0
1.273811	0.999733369	-4.342447	0.0	0.0
1.282650	0.999723421	-4.378794	0.0	0.0
1.291550	0.999713323	-4.415348	0.0	0.0
1.300511	0.999703074	-4.452111	0.0	0.0
1.309535	0.999692669	-4.489089	0.0	0.0
1.318621	0.999682110	-4.526280	0.0	0.0
1.327771	0.999671392	-4.563691	0.0	0.0
1.336984	0.999660514	-4.601318	0.0	0.0
1.346261	0.999649474	-4.639165	0.0	0.0
1.355602	0.999638270	-4.677232	0.0	0.0
1.365008	0.999626899	-4.715524	0.0	0.0
1.374479	0.999615361	-4.754040	0.0	0.0
1.384016	0.999603651	-4.792784	0.0	0.0
1.393619	0.999591768	-4.831757	0.0	0.0
1.403289	0.999579710	-4.870962	0.0	0.0
1.413026	0.999567475	-4.910399	0.0	0.0
1.422830	0.999555060	-4.950069	0.0	0.0
1.432703	0.999542462	-4.989980	0.0	0.0
1.442644	0.999529680	-5.030126	0.0	0.0
1.452654	0.999516711	-5.070514	0.0	0.0
1.462733	0.999503553	-5.111141	0.0	0.0
1.472883	0.999490202	-5.152018	0.0	0.0
1.483103	0.999476656	-5.193138	0.0	0.0
1.493393	0.999462915	-5.234504	0.0	0.0
1.503755	0.999448973	-5.276121	0.0	0.0
1.514189	0.999434829	-5.317992	0.0	0.0
1.524696	0.999420478	-5.360119	0.0	0.0
1.535275	0.999405921	-5.402498	0.0	0.0
1.545928	0.999391153	-5.445138	0.0	0.0
1.556654	0.999376172	-5.488034	0.0	0.0
1.567455	0.999360974	-5.531195	0.0	0.0
1.578331	0.999345557	-5.574621	0.0	0.0
1.589283	0.999329917	-5.618315	0.0	0.0
1.600310	0.999314054	-5.662273	0.0	0.0
1.611414	0.999297961	-5.706504	0.0	0.0
1.622595	0.999281638	-5.751008	0.0	0.0
1.633854	0.999265079	-5.795788	0.0	0.0
1.645191	0.999248284	-5.840844	0.0	0.0
1.656606	0.999231248	-5.886177	0.0	0.0
1.668101	0.999213968	-5.931795	0.0	0.0
1.679675	0.999196441	-5.977692	0.0	0.0
1.691330	0.999178663	-6.023879	0.0	0.0
1.703065	0.999160632	-6.070349	0.0	0.0
1.714882	0.999142343	-6.117112	0.0	0.0
1.726781	0.999123793	-6.164167	0.0	0.0
1.738762	0.999104980	-6.211514	0.0	0.0
1.750827	0.999085898	-6.259162	0.0	0.0
1.762975	0.999066545	-6.307106	0.0	0.0
1.775208	0.999046915	-6.355353	0.0	0.0
1.787526	0.999027007	-6.403905	0.0	0.0
1.799929	0.999006816	-6.452762	0.0	0.0
1.812418	0.998986339	-6.501926	0.0	0.0
1.824993	0.998965572	-6.551398	0.0	0.0
1.837656	0.998944510	-6.601186	0.0	0.0
1.850407	0.998923149	-6.651290	0.0	0.0
1.863246	0.998901486	-6.701710	0.0	0.0
1.876175	0.998879516	-6.752454	0.0	0.0
1.889193	0.998857235	-6.803517	0.0	0.0
1.902301	0.998834640	-6.854905	0.0	0.0
1.915501	0.998811724	-6.906624	0.0	0.0
1.928792	0.998788485	-6.958670	0.0	0.0
1.942175	0.998764918	-7.011048	0.0	0.0
1.955651	0.998741018	-7.063761	0.0	0.0
1.969220	0.998716783	-7.116810	0.0	0.0
1.982884	0.998692203	-7.170203	0.0	0.0
1.996642	0.998667279	-7.223934	0.0	0.0
2.010496	0.998642003	-7.278013	0.0	0.0
2.024447	0.998616369	-7.332443	0.0	0.0
2.038493	0.998590378	-7.387216	0.0	0.0
2.052638	0.998564017	-7.442347	0.0	0.0
2.066880	0.998537289	-7.497830	0.0	0.0
2.081222	0.998510182	-7.553676	0.0	0.0
2.095662	0.998482697	-7.609876	0.0	0.0
2.110203	0.998454824	-7.666444	0.0	0.0
2.124845	0.998426559	-7.723377	0.0	0.0
2.139589	0.998397897	-7.780681	0.0	0.0
2.154435	0.998368833	-7.838356	0.0	0.0
2.169384	0.998339361	-7.896405	0.0	0.0
2.184436	0.998309477	-7.954828	0.0	0.0
2.199593	0.998279172	-8.013633	0.0	0.0
2.214855	0.998248444	-8.072821	0.0	0.0
2.230223	0.998217284	-8.132394	0.0	0.0
2.245698	0.998185687	-8.192357	0.0	0.0
2.261280	0.998153648	-8.252710	0.0	0.0
2.276970	0.998121160	-8.313456	0.0	0.0
2.292769	0.998088217	-8.374600	0.0	0.0
2.308678	0.998054813	-8.436146	0.0	0.0
2.324697	0.998020941	-8.498093	0.0	0.0
2.340827	0.997986596	-8.560445	0.0	0.0
2.357069	0.997951771	-8.623206	0.0	0.0
2.373424	0.997916458	-8.686380	0.0	0.0
2.389893	0.997880650	-8.749971	0.0	0.0
2.406475	0.997844344	-8.813974	0.0	0.0
2.423173	0.997807529	-8.878403	0.0	0.0
2.439986	0.997770201	-8.943251	0.0	0.0
2.456916	0.997732351	-9.008528	0.0	0.0
2.473964	0.997693971	-9.074238	0.0	0.0
2.491130	0.997655057	-9.140379	0.0	0.0
2.508415	0.997615599	-9.206956	0.0	0.0
2.525820	0.997575590	-9.273974	0.0	0.0
2.543346	0.997535022	-9.341434	0.0	0.0
2.560993	0.997493890	-9.409339	0.0	0.0
2.578763	0.997452183	-9.477695	0.0	0.0
2.596656	0.997409895	-9.546502	0.0	0.0
2.614673	0.997367017	-9.615764	0.0	0.0
2.632815	0.997323542	-9.685485	0.0	0.0
2.651084	0.997279458	-9.755673	0.0	0.0
2.669478	0.997234764	-9.826320	0.0	0.0
2.688001	0.997189443	-9.897441	0.0	0.0
2.706652	0.997143493	-9.969033	0.0	0.0
2.725433	0.997096901	-10.041102	0.0	0.0
2.744343	0.997049664	-10.113646	0.0	0.0
2.763385	0.997001766	-10.186676	0.0	0.0
2.782559	0.996953203	-10.260191	0.0	0.0
2.801867	0.996903960	-10.334200	0.0	0.0
2.821308	0.996854035	-10.408698	0.0	0.0
2.840884	0.996803415	-10.483693	0.0	0.0
2.860596	0.996752090	-10.559190	0.0	0.0
2.880444	0.996700053	-10.635187	0.0	0.0
2.900430	0.996647291	-10.711693	0.0	0.0
2.920556	0.996593792	-10.788715	0.0	0.0
2.940820	0.996539553	-10.866246	0.0	0.0
2.961225	0.996484559	-10.944296	0.0	0.0
2.981772	0.996428800	-11.022871	0.0	0.0
3.002462	0.996372264	-11.101973	0.0	0.0
3.023295	0.996314944	-11.181603	0.0	0.0
3.044272	0.996256829	-11.261764	0.0	0.0
3.065395	0.996197906	-11.342464	0.0	0.0
3.086665	0.996138162	-11.423707	0.0	0.0
3.108082	0.996077590	-11.505493	0.0	0.0
3.129648	0.996016176	-11.587829	0.0	0.0
3.151363	0.995953911	-11.670715	0.0	0.0
3.173230	0.995890777	-11.754164	0.0	0.0
3.195248	0.995826769	-11.838170	0.0	0.0
3.217418	0.995761875	-11.922738	0.0	0.0
3.239743	0.995696076	-12.007879	0.0	0.0
3.262222	0.995629367	-12.093589	0.0	0.0
3.284857	0.995561732	-12.179877	0.0	0.0
3.307650	0.995493156	-12.266749	0.0	0.0
3.330600	0.995423632	-12.354201	0.0	0.0
3.353710	0.995353141	-12.442246	0.0	0.0
3.376980	0.995281674	-12.530883	0.0	0.0
3.400412	0.995209214	-12.620119	0.0	0.0
3.424006	0.995135751	-12.709955	0.0	0.0
3.447764	0.995061269	-12.800398	0.0	0.0
3.471687	0.994985753	-12.891453	0.0	0.0
3.495776	0.994909191	-12.983122	0.0	0.0
3.520031	0.994831572	-13.075405	0.0	0.0
3.544456	0.994752871	-13.168319	0.0	0.0
3.569049	0.994673085	-13.261854	0.0	0.0
3.593814	0.994592189	-13.356027	0.0	0.0
3.618750	0.994510175	-13.450834	0.0	0.0
3.643859	0.994427025	-13.546282	0.0	0.0
3.669142	0.994342724	-13.642375	0.0	0.0
3.694601	0.994257255	-13.739120	0.0	0.0
3.720237	0.994170600	-13.836521	0.0	0.0
3.746050	0.994082749	-13.934579	0.0	0.0
3.772042	0.993993682	-14.033300	0.0	0.0
3.798215	0.993903381	-14.132693	0.0	0.0
3.824570	0.993811828	-14.232761	0.0	0.0
3.851107	0.993719012	-14.333504	0.0	0.0
3.877828	0.993624912	-14.434929	0.0	0.0
3.904735	0.993529508	-14.537044	0.0	0.0
3.931829	0.993432783	-14.639854	0.0	0.0
3.959110	0.993334724	-14.743357	0.0	0.0
3.986581	0.993235307	-14.847565	0.0	0.0
4.014242	0.993134518	-14.952478	0.0	0.0
4.042096	0.993032331	-15.058108	0.0	0.0
4.070142	0.992928736	-15.164450	0.0	0.0
4.098384	0.992823705	-15.271520	0.0	0.0
4.126821	0.992717226	-15.379314	0.0	0.0
4.155455	0.992609276	-15.487839	0.0	0.0
4.184289	0.992499831	-15.597107	0.0	0.0
4.213322	0.992388877	-15.707114	0.0	0.0
4.242556	0.992276393	-15.817867	0.0	0.0
4.271994	0.992162351	-15.929378	0.0	0.0
4.301636	0.992046736	-16.041646	0.0	0.0
4.331483	0.991929526	-16.154676	0.0	0.0
4.361538	0.991810696	-16.268478	0.0	0.0
4.391801	0.991690227	-16.383053	0.0	0.0
4.422274	0.991568096	-16.498408	0.0	0.0
4.452959	0.991444278	-16.614550	0.0	0.0
4.483856	0.991318755	-16.731480	0.0	0.0
4.514968	0.991191498	-16.849209	0.0	0.0
4.546295	0.991062490	-16.967737	0.0	0.0
4.577841	0.990931695	-17.087078	0.0	0.0
4.609604	0.990799106	-17.207225	0.0	0.0
4.641589	0.990664681	-17.328198	0.0	0.0
4.673795	0.990528408	-17.449991	0.0	0.0
4.706225	0.990390254	-17.572617	0.0	0.0
4.738880	0.990250197	-17.696079	0.0	0.0
4.771761	0.990108213	-17.820381	0.0	0.0
4.804870	0.989964274	-17.945530	0.0	0.0
4.838210	0.989818346	-18.071538	0.0	0.0
4.871780	0.989670415	-18.198400	0.0	0.0
4.905584	0.989520442	-18.326132	0.0	0.0
4.939622	0.989368407	-18.454734	0.0	0.0
4.973896	0.989214281	-18.584213	0.0	0.0
5.008408	0.989058032	-18.714576	0.0	0.0
5.043159	0.988899636	-18.845827	0.0	0.0
5.078152	0.988739056	-18.977978	0.0	0.0
5.113388	0.988576267	-19.111032	0.0	0.0
5.148867	0.988411246	-19.244990	0.0	0.0
5.184594	0.988243948	-19.379868	0.0	0.0
5.220568	0.988074354	-19.515665	0.0	0.0
5.256791	0.987902431	-19.652388	0.0	0.0
5.293266	0.987728143	-19.790046	0.0	0.0
5.329994	0.987551460	-19.928646	0.0	0.0
5.366977	0.987372349	-20.068192	0.0	0.0
5.404216	0.987190782	-20.208691	0.0	0.0
5.441714	0.987006717	-20.350151	0.0	0.0
5.479472	0.986820127	-20.492578	0.0	0.0
5.517492	0.986630975	-20.635979	0.0	0.0
5.555776	0.986439226	-20.780360	0.0	0.0
5.594326	0.986244843	-20.925731	0.0	0.0
5.633143	0.986047797	-21.072093	0.0	0.0
5.672229	0.985848049	-21.219455	0.0	0.0
5.711586	0.985645563	-21.367824	0.0	0.0
5.751217	0.985440296	-21.517210	0.0	0.0
5.791123	0.985232214	-21.667619	0.0	0.0
5.831305	0.985021286	-21.819053	0.0	0.0
5.871766	0.984807466	-21.971524	0.0	0.0
5.912508	0.984590716	-22.125038	0.0	0.0
5.953533	0.984370995	-22.279604	0.0	0.0
5.994843	0.984148263	-22.435229	0.0	0.0
6.036439	0.983922485	-22.591916	0.0	0.0
6.078323	0.983693620	-22.749673	0.0	0.0
6.120498	0.983461621	-22.908510	0.0	0.0
6.162966	0.983226445	-23.068436	0.0	0.0
6.205729	0.982988051	-23.229457	0.0	0.0
6.248788	0.982746400	-23.391578	0.0	0.0
6.292146	0.982501444	-23.554809	0.0	0.0
6.335805	0.982253139	-23.719158	0.0	0.0
6.379767	0.982001439	-23.884631	0.0	0.0
6.424034	0.981746301	-24.051237	0.0	0.0
6.468608	0.981487679	-24.218983	0.0	0.0
6.513491	0.981225526	-24.387876	0.0	0.0
6.558686	0.980959790	-24.557927	0.0	0.0
6.604194	0.980690431	-24.729140	0.0	0.0
6.650018	0.980417394	-24.901525	0.0	0.0
6.696160	0.980140632	-25.075091	0.0	0.0
6.742622	0.979860096	-25.249844	0.0	0.0
6.789407	0.979575730	-25.425796	0.0	0.0
6.836516	0.979287492	-25.602950	0.0	0.0
6.883952	0.978995324	-25.781317	0.0	0.0
6.931717	0.978699176	-25.960905	0.0	0.0
6.979814	0.978398991	-26.141724	0.0	0.0
7.028244	0.978094722	-26.323778	0.0	0.0
7.077011	0.977786304	-26.507082	0.0	0.0
7.126115	0.977473697	-26.691635	0.0	0.0
7.175561	0.977156828	-26.877457	0.0	0.0
7.225349	0.976835655	-27.064547	0.0	0.0
7.275484	0.976510105	-27.252923	0.0	0.0
7.325965	0.976180140	-27.442582	0.0	0.0
7.376798	0.975845679	-27.633545	0.0	0.0
7.427982	0.975506685	-27.825809	0.0	0.0
7.479523	0.975163073	-28.019397	0.0	0.0
7.531420	0.974814806	-28.214303	0.0	0.0
7.583678	0.974461805	-28.410547	0.0	0.0
7.636298	0.974104017	-28.608131	0.0	0.0
7.689284	0.973741368	-28.807072	0.0	0.0
7.742637	0.973373805	-29.007371	0.0	0.0
7.796360	0.973001259	-29.209041	0.0	0.0
7.850456	0.972623661	-29.412091	0.0	0.0
7.904928	0.972240941	-29.616534	0.0	0.0
7.959777	0.971853044	-29.822372	0.0	0.0
8.015007	0.971459891	-30.029621	0.0	0.0
8.070620	0.971061416	-30.238287	0.0	0.0
8.126619	0.970657547	-30.448381	0.0	0.0
8.183007	0.970248211	-30.659914	0.0	0.0
8.239786	0.969833341	-30.872894	0.0	0.0
8.296959	0.969412861	-31.087330	0.0	0.0
8.354528	0.968986703	-31.303232	0.0	0.0
8.412497	0.968554782	-31.520612	0.0	0.0
8.470868	0.968117029	-31.739479	0.0	0.0
8.529644	0.967673366	-31.959842	0.0	0.0
8.588829	0.967223705	-32.181717	0.0	0.0
8.648423	0.966767990	-32.405104	0.0	0.0
8.708431	0.966306124	-32.630020	0.0	0.0
8.768856	0.965838025	-32.856477	0.0	0.0
8.829700	0.965363619	-33.084481	0.0	0.0
8.890966	0.964882822	-33.314044	0.0	0.0
8.952657	0.964395550	-33.545175	0.0	0.0
9.014776	0.963901718	-33.777887	0.0	0.0
9.077327	0.963401231	-34.012194	0.0	0.0
9.140311	0.962894019	-34.248098	0.0	0.0
9.203732	0.962379986	-34.485615	0.0	0.0
9.267593	0.961859042	-34.724754	0.0	0.0
9.331898	0.961331089	-34.965532	0.0	0.0
9.396648	0.942608471	-35.207950	0.0	0.0
9.461848	0.810994850	-35.452028	0.0	0.0
9.527500	0.573510365	-35.697772	0.0	0.0
9.593608	0.306368574	-35.945196	0.0	0.0
9.660175	0.114023814	-36.194311	0.0	0.0
9.727203	0.026796192	-36.445125	0.0	0.0
9.794697	0.003392560	-36.697656	0.0	0.0
9.862658	0.000164818	-36.951905	0.0	0.0
9.931092	0.000000858	-37.207897	0.0	0.0
10.000000	0.000000059	-37.465633	0.0	0.0

