# UNCLASSIFIED
#
# Response info for PALK broad-band site.
#
# Effective: 10 Jan 2008 
# Creation date: 07 JAN 2010
# File name: PALK.BB.1199976278
#
# Source: James Neely (TTD), TSgt Swindle
# System equipment: Guralp_CMG-3T seismometer and IDA MK-7ISP
# digitizer.
#
# The response file was derived from equations of state.
# Displacement response normalized to 1.0 at 1.0 Hz.
#
# The calib values for this configuration are as follows:
#
# PALK BHZ is 0.117711 nm/count at 1.0 Hz.
# PALK BH1 is 0.117711 nm/count at 1.0 Hz.
# PALK BH2 is 0.117711 nm/count at 1.0 Hz.
#
# Freq(Hz)     Amp(counts/nm)    Phase(deg)   Error(amp) Error(phase)
#
 theoretical  0       system    fap   J.Neely
1000
0.001000	0.000009975	262.025396	0.0	0.0
0.001010	0.000010276	261.945378	0.0	0.0
0.001020	0.000010587	261.864548	0.0	0.0
0.001030	0.000010906	261.782897	0.0	0.0
0.001040	0.000011236	261.700417	0.0	0.0
0.001051	0.000011575	261.617090	0.0	0.0
0.001061	0.000011924	261.532916	0.0	0.0
0.001072	0.000012284	261.447886	0.0	0.0
0.001083	0.000012655	261.361984	0.0	0.0
0.001093	0.000013037	261.275208	0.0	0.0
0.001104	0.000013431	261.187549	0.0	0.0
0.001115	0.000013836	261.098992	0.0	0.0
0.001126	0.000014254	261.009526	0.0	0.0
0.001138	0.000014685	260.919150	0.0	0.0
0.001149	0.000015128	260.827849	0.0	0.0
0.001160	0.000015585	260.735612	0.0	0.0
0.001172	0.000016055	260.642431	0.0	0.0
0.001184	0.000016540	260.548297	0.0	0.0
0.001195	0.000017039	260.453192	0.0	0.0
0.001207	0.000017554	260.357116	0.0	0.0
0.001219	0.000018084	260.260059	0.0	0.0
0.001231	0.000018630	260.161995	0.0	0.0
0.001244	0.000019192	260.062933	0.0	0.0
0.001256	0.000019772	259.962846	0.0	0.0
0.001269	0.000020369	259.861733	0.0	0.0
0.001281	0.000020984	259.759577	0.0	0.0
0.001294	0.000021617	259.656376	0.0	0.0
0.001307	0.000022270	259.552105	0.0	0.0
0.001320	0.000022943	259.446762	0.0	0.0
0.001333	0.000023635	259.340330	0.0	0.0
0.001346	0.000024349	259.232799	0.0	0.0
0.001360	0.000025084	259.124152	0.0	0.0
0.001373	0.000025841	259.014387	0.0	0.0
0.001387	0.000026622	258.903485	0.0	0.0
0.001401	0.000027426	258.791438	0.0	0.0
0.001415	0.000028254	258.678228	0.0	0.0
0.001429	0.000029107	258.563844	0.0	0.0
0.001443	0.000029986	258.448277	0.0	0.0
0.001457	0.000030891	258.331508	0.0	0.0
0.001472	0.000031824	258.213520	0.0	0.0
0.001487	0.000032784	258.094310	0.0	0.0
0.001501	0.000033774	257.973861	0.0	0.0
0.001516	0.000034794	257.852153	0.0	0.0
0.001532	0.000035845	257.729177	0.0	0.0
0.001547	0.000036927	257.604922	0.0	0.0
0.001562	0.000038042	257.479370	0.0	0.0
0.001578	0.000039190	257.352502	0.0	0.0
0.001593	0.000040374	257.224307	0.0	0.0
0.001609	0.000041593	257.094767	0.0	0.0
0.001625	0.000042848	256.963880	0.0	0.0
0.001642	0.000044142	256.831609	0.0	0.0
0.001658	0.000045475	256.697952	0.0	0.0
0.001674	0.000046848	256.562899	0.0	0.0
0.001691	0.000048262	256.426414	0.0	0.0
0.001708	0.000049719	256.288502	0.0	0.0
0.001725	0.000051221	256.149135	0.0	0.0
0.001742	0.000052767	256.008295	0.0	0.0
0.001760	0.000054360	255.865969	0.0	0.0
0.001777	0.000056001	255.722138	0.0	0.0
0.001795	0.000057692	255.576783	0.0	0.0
0.001813	0.000059434	255.429891	0.0	0.0
0.001831	0.000061228	255.281443	0.0	0.0
0.001849	0.000063076	255.131418	0.0	0.0
0.001867	0.000064980	254.979797	0.0	0.0
0.001886	0.000066942	254.826568	0.0	0.0
0.001905	0.000068963	254.671700	0.0	0.0
0.001924	0.000071045	254.515192	0.0	0.0
0.001943	0.000073189	254.357005	0.0	0.0
0.001962	0.000075398	254.197127	0.0	0.0
0.001982	0.000077674	254.035537	0.0	0.0
0.002002	0.000080019	253.872222	0.0	0.0
0.002022	0.000082434	253.707144	0.0	0.0
0.002042	0.000084922	253.540308	0.0	0.0
0.002062	0.000087485	253.371666	0.0	0.0
0.002083	0.000090126	253.201214	0.0	0.0
0.002103	0.000092846	253.028921	0.0	0.0
0.002124	0.000095648	252.854774	0.0	0.0
0.002145	0.000098535	252.678734	0.0	0.0
0.002167	0.000101508	252.500796	0.0	0.0
0.002188	0.000104571	252.320929	0.0	0.0
0.002210	0.000107727	252.139110	0.0	0.0
0.002232	0.000110977	251.955316	0.0	0.0
0.002254	0.000114326	251.769517	0.0	0.0
0.002277	0.000117775	251.581697	0.0	0.0
0.002300	0.000121329	251.391825	0.0	0.0
0.002322	0.000124989	251.199877	0.0	0.0
0.002346	0.000128759	251.005830	0.0	0.0
0.002369	0.000132644	250.809651	0.0	0.0
0.002393	0.000136645	250.611317	0.0	0.0
0.002416	0.000140766	250.410811	0.0	0.0
0.002441	0.000145012	250.208083	0.0	0.0
0.002465	0.000149385	250.003127	0.0	0.0
0.002489	0.000153890	249.795908	0.0	0.0
0.002514	0.000158530	249.586393	0.0	0.0
0.002539	0.000163310	249.374556	0.0	0.0
0.002565	0.000168234	249.160364	0.0	0.0
0.002590	0.000173306	248.943799	0.0	0.0
0.002616	0.000178530	248.724818	0.0	0.0
0.002642	0.000183911	248.503395	0.0	0.0
0.002668	0.000189454	248.279495	0.0	0.0
0.002695	0.000195163	248.053091	0.0	0.0
0.002722	0.000201044	247.824147	0.0	0.0
0.002749	0.000207101	247.592627	0.0	0.0
0.002776	0.000213340	247.358513	0.0	0.0
0.002804	0.000219767	247.121750	0.0	0.0
0.002832	0.000226386	246.882320	0.0	0.0
0.002860	0.000233203	246.640186	0.0	0.0
0.002888	0.000240225	246.395309	0.0	0.0
0.002917	0.000247457	246.147653	0.0	0.0
0.002946	0.000254906	245.897179	0.0	0.0
0.002976	0.000262577	245.643850	0.0	0.0
0.003005	0.000270479	245.387644	0.0	0.0
0.003035	0.000278616	245.128496	0.0	0.0
0.003066	0.000286997	244.866394	0.0	0.0
0.003096	0.000295629	244.601280	0.0	0.0
0.003127	0.000304518	244.333124	0.0	0.0
0.003158	0.000313673	244.061885	0.0	0.0
0.003190	0.000323101	243.787514	0.0	0.0
0.003221	0.000332810	243.509980	0.0	0.0
0.003253	0.000342809	243.229233	0.0	0.0
0.003286	0.000353105	242.945239	0.0	0.0
0.003319	0.000363708	242.657940	0.0	0.0
0.003352	0.000374626	242.367312	0.0	0.0
0.003385	0.000385869	242.073294	0.0	0.0
0.003419	0.000397446	241.775844	0.0	0.0
0.003453	0.000409367	241.474928	0.0	0.0
0.003487	0.000421641	241.170484	0.0	0.0
0.003522	0.000434279	240.862469	0.0	0.0
0.003557	0.000447292	240.550849	0.0	0.0
0.003592	0.000460689	240.235552	0.0	0.0
0.003628	0.000474483	239.916551	0.0	0.0
0.003664	0.000488684	239.593785	0.0	0.0
0.003701	0.000503304	239.267207	0.0	0.0
0.003738	0.000518354	238.936773	0.0	0.0
0.003775	0.000533849	238.602419	0.0	0.0
0.003813	0.000549798	238.264099	0.0	0.0
0.003851	0.000566217	237.921758	0.0	0.0
0.003889	0.000583117	237.575350	0.0	0.0
0.003928	0.000600512	237.224810	0.0	0.0
0.003967	0.000618417	236.870101	0.0	0.0
0.004006	0.000636844	236.511157	0.0	0.0
0.004046	0.000655810	236.147922	0.0	0.0
0.004087	0.000675328	235.780341	0.0	0.0
0.004127	0.000695414	235.408365	0.0	0.0
0.004168	0.000716083	235.031939	0.0	0.0
0.004210	0.000737351	234.650987	0.0	0.0
0.004252	0.000759236	234.265471	0.0	0.0
0.004294	0.000781752	233.875326	0.0	0.0
0.004337	0.000804919	233.480494	0.0	0.0
0.004380	0.000828751	233.080921	0.0	0.0
0.004424	0.000853269	232.676538	0.0	0.0
0.004468	0.000878489	232.267292	0.0	0.0
0.004512	0.000904430	231.853134	0.0	0.0
0.004557	0.000931111	231.433991	0.0	0.0
0.004603	0.000958551	231.009807	0.0	0.0
0.004649	0.000986771	230.580527	0.0	0.0
0.004695	0.001015790	230.146087	0.0	0.0
0.004742	0.001045630	229.706423	0.0	0.0
0.004789	0.001076300	229.261483	0.0	0.0
0.004837	0.001107840	228.811212	0.0	0.0
0.004885	0.001140270	228.355550	0.0	0.0
0.004934	0.001173590	227.894426	0.0	0.0
0.004983	0.001207840	227.427799	0.0	0.0
0.005032	0.001243050	226.955601	0.0	0.0
0.005082	0.001279220	226.477774	0.0	0.0
0.005133	0.001316390	225.994270	0.0	0.0
0.005184	0.001354570	225.505024	0.0	0.0
0.005236	0.001393800	225.009992	0.0	0.0
0.005288	0.001434100	224.509112	0.0	0.0
0.005341	0.001475480	224.002342	0.0	0.0
0.005394	0.001517980	223.489624	0.0	0.0
0.005448	0.001561610	222.970910	0.0	0.0
0.005502	0.001606410	222.446144	0.0	0.0
0.005557	0.001652400	221.915285	0.0	0.0
0.005612	0.001699610	221.378301	0.0	0.0
0.005668	0.001748050	220.835134	0.0	0.0
0.005725	0.001797750	220.285748	0.0	0.0
0.005782	0.001848750	219.730101	0.0	0.0
0.005839	0.001901060	219.168163	0.0	0.0
0.005897	0.001954710	218.599908	0.0	0.0
0.005956	0.002009720	218.025283	0.0	0.0
0.006015	0.002066120	217.444287	0.0	0.0
0.006075	0.002123940	216.856876	0.0	0.0
0.006136	0.002183200	216.263036	0.0	0.0
0.006197	0.002243920	215.662751	0.0	0.0
0.006259	0.002306130	215.056007	0.0	0.0
0.006321	0.002369850	214.442795	0.0	0.0
0.006384	0.002435110	213.823111	0.0	0.0
0.006448	0.002501920	213.196946	0.0	0.0
0.006512	0.002570320	212.564316	0.0	0.0
0.006577	0.002640320	211.925223	0.0	0.0
0.006642	0.002711940	211.279673	0.0	0.0
0.006708	0.002785200	210.627699	0.0	0.0
0.006775	0.002860130	209.969311	0.0	0.0
0.006843	0.002936750	209.304554	0.0	0.0
0.006911	0.003015060	208.633449	0.0	0.0
0.006980	0.003095090	207.956045	0.0	0.0
0.007049	0.003176860	207.272387	0.0	0.0
0.007120	0.003260370	206.582528	0.0	0.0
0.007191	0.003345650	205.886526	0.0	0.0
0.007262	0.003432700	205.184459	0.0	0.0
0.007335	0.003521550	204.476391	0.0	0.0
0.007408	0.003612190	203.762403	0.0	0.0
0.007481	0.003704640	203.042597	0.0	0.0
0.007556	0.003798900	202.317049	0.0	0.0
0.007631	0.003894980	201.585867	0.0	0.0
0.007707	0.003992890	200.849172	0.0	0.0
0.007784	0.004092630	200.107069	0.0	0.0
0.007862	0.004194190	199.359687	0.0	0.0
0.007940	0.004297590	198.607154	0.0	0.0
0.008019	0.004402810	197.849619	0.0	0.0
0.008099	0.004509860	197.087225	0.0	0.0
0.008180	0.004618730	196.320126	0.0	0.0
0.008261	0.004729410	195.548493	0.0	0.0
0.008343	0.004841890	194.772477	0.0	0.0
0.008426	0.004956170	193.992273	0.0	0.0
0.008510	0.005072230	193.208048	0.0	0.0
0.008595	0.005190060	192.420004	0.0	0.0
0.008681	0.005309650	191.628331	0.0	0.0
0.008767	0.005430970	190.833236	0.0	0.0
0.008855	0.005554010	190.034932	0.0	0.0
0.008943	0.005678750	189.233621	0.0	0.0
0.009032	0.005805180	188.429529	0.0	0.0
0.009122	0.005933250	187.622890	0.0	0.0
0.009213	0.006062960	186.813921	0.0	0.0
0.009305	0.006194280	186.002866	0.0	0.0
0.009397	0.006327180	185.189964	0.0	0.0
0.009491	0.006461640	184.375447	0.0	0.0
0.009586	0.006597620	183.559563	0.0	0.0
0.009681	0.006735100	182.742563	0.0	0.0
0.009777	0.006874060	181.924698	0.0	0.0
0.009875	0.007014450	181.106216	0.0	0.0
0.009973	0.007156240	180.287366	0.0	0.0
0.010073	0.007299420	179.468373	0.0	0.0
0.010173	0.007443940	178.649564	0.0	0.0
0.010274	0.007589770	177.831149	0.0	0.0
0.010377	0.007736890	177.013380	0.0	0.0
0.010480	0.007885260	176.196510	0.0	0.0
0.010584	0.008034850	175.380787	0.0	0.0
0.010690	0.008185630	174.566462	0.0	0.0
0.010796	0.008337570	173.753782	0.0	0.0
0.010904	0.008490630	172.942991	0.0	0.0
0.011013	0.008644790	172.134331	0.0	0.0
0.011122	0.008800030	171.327967	0.0	0.0
0.011233	0.008956310	170.524208	0.0	0.0
0.011345	0.009113600	169.723283	0.0	0.0
0.011458	0.009271880	168.925349	0.0	0.0
0.011572	0.009431130	168.130696	0.0	0.0
0.011688	0.009591320	167.339472	0.0	0.0
0.011804	0.009752420	166.551887	0.0	0.0
0.011922	0.009914430	165.768148	0.0	0.0
0.012040	0.010077300	164.988454	0.0	0.0
0.012160	0.010241100	164.212932	0.0	0.0
0.012281	0.010405600	163.441834	0.0	0.0
0.012404	0.010571100	162.675339	0.0	0.0
0.012527	0.010737300	161.913496	0.0	0.0
0.012652	0.010904300	161.156595	0.0	0.0
0.012778	0.011072100	160.404673	0.0	0.0
0.012906	0.011240700	159.657885	0.0	0.0
0.013034	0.011410100	158.916435	0.0	0.0
0.013164	0.011580300	158.180347	0.0	0.0
0.013295	0.011751200	157.449809	0.0	0.0
0.013428	0.011922800	156.724945	0.0	0.0
0.013561	0.012095200	156.005765	0.0	0.0
0.013696	0.012268400	155.292433	0.0	0.0
0.013833	0.012442400	154.585053	0.0	0.0
0.013971	0.012617100	153.883670	0.0	0.0
0.014110	0.012792500	153.188324	0.0	0.0
0.014250	0.012968800	152.499150	0.0	0.0
0.014392	0.013145800	151.816128	0.0	0.0
0.014536	0.013323600	151.139426	0.0	0.0
0.014681	0.013502200	150.468967	0.0	0.0
0.014827	0.013681600	149.804858	0.0	0.0
0.014975	0.013861900	149.147110	0.0	0.0
0.015124	0.014042900	148.495813	0.0	0.0
0.015275	0.014224900	147.850879	0.0	0.0
0.015427	0.014407600	147.212435	0.0	0.0
0.015580	0.014591300	146.580427	0.0	0.0
0.015736	0.014775900	145.954844	0.0	0.0
0.015892	0.014961300	145.335752	0.0	0.0
0.016051	0.015147700	144.723129	0.0	0.0
0.016211	0.015335100	144.116951	0.0	0.0
0.016372	0.015523400	143.517231	0.0	0.0
0.016535	0.015712700	142.923939	0.0	0.0
0.016700	0.015903000	142.337078	0.0	0.0
0.016866	0.016094400	141.756577	0.0	0.0
0.017034	0.016286800	141.182470	0.0	0.0
0.017204	0.016480300	140.614682	0.0	0.0
0.017375	0.016675000	140.053205	0.0	0.0
0.017549	0.016870700	139.497996	0.0	0.0
0.017723	0.017067600	138.949040	0.0	0.0
0.017900	0.017265700	138.406289	0.0	0.0
0.018078	0.017465100	137.869694	0.0	0.0
0.018258	0.017665600	137.339206	0.0	0.0
0.018440	0.017867400	136.814773	0.0	0.0
0.018624	0.018070500	136.296399	0.0	0.0
0.018810	0.018274900	135.783974	0.0	0.0
0.018997	0.018480700	135.277499	0.0	0.0
0.019186	0.018687800	134.776890	0.0	0.0
0.019377	0.018896400	134.282093	0.0	0.0
0.019570	0.019106300	133.793075	0.0	0.0
0.019765	0.019317700	133.309780	0.0	0.0
0.019962	0.019530600	132.832126	0.0	0.0
0.020161	0.019745100	132.360078	0.0	0.0
0.020362	0.019961000	131.893580	0.0	0.0
0.020565	0.020178600	131.432572	0.0	0.0
0.020770	0.020397700	130.976996	0.0	0.0
0.020977	0.020618500	130.526772	0.0	0.0
0.021186	0.020841000	130.081886	0.0	0.0
0.021397	0.021065100	129.642237	0.0	0.0
0.021610	0.021291000	129.207788	0.0	0.0
0.021825	0.021518600	128.778481	0.0	0.0
0.022043	0.021748000	128.354240	0.0	0.0
0.022262	0.021979200	127.935007	0.0	0.0
0.022484	0.022212200	127.520746	0.0	0.0
0.022708	0.022447100	127.111382	0.0	0.0
0.022934	0.022684000	126.706841	0.0	0.0
0.023163	0.022922700	126.307103	0.0	0.0
0.023394	0.023163400	125.912063	0.0	0.0
0.023627	0.023406200	125.521700	0.0	0.0
0.023862	0.023650900	125.135927	0.0	0.0
0.024100	0.023897700	124.754709	0.0	0.0
0.024340	0.024146600	124.377993	0.0	0.0
0.024582	0.024397600	124.005682	0.0	0.0
0.024827	0.024650800	123.637769	0.0	0.0
0.025075	0.024906100	123.274161	0.0	0.0
0.025324	0.025163700	122.914823	0.0	0.0
0.025577	0.025423500	122.559692	0.0	0.0
0.025832	0.025685600	122.208720	0.0	0.0
0.026089	0.025949900	121.861845	0.0	0.0
0.026349	0.026216700	121.519010	0.0	0.0
0.026611	0.026485800	121.180180	0.0	0.0
0.026876	0.026757200	120.845285	0.0	0.0
0.027144	0.027031200	120.514269	0.0	0.0
0.027415	0.027307600	120.187100	0.0	0.0
0.027688	0.027586500	119.863724	0.0	0.0
0.027964	0.027867900	119.544087	0.0	0.0
0.028242	0.028151900	119.228124	0.0	0.0
0.028524	0.028438500	118.915818	0.0	0.0
0.028808	0.028727700	118.607085	0.0	0.0
0.029095	0.029019600	118.301907	0.0	0.0
0.029385	0.029314200	118.000224	0.0	0.0
0.029677	0.029611500	117.701990	0.0	0.0
0.029973	0.029911600	117.407157	0.0	0.0
0.030272	0.030214400	117.115688	0.0	0.0
0.030573	0.030520100	116.827530	0.0	0.0
0.030878	0.030828700	116.542646	0.0	0.0
0.031185	0.031140200	116.260994	0.0	0.0
0.031496	0.031454500	115.982522	0.0	0.0
0.031810	0.031771900	115.707188	0.0	0.0
0.032127	0.032092300	115.434960	0.0	0.0
0.032447	0.032415600	115.165790	0.0	0.0
0.032770	0.032742100	114.899639	0.0	0.0
0.033097	0.033071700	114.636468	0.0	0.0
0.033426	0.033404400	114.376240	0.0	0.0
0.033759	0.033740300	114.118910	0.0	0.0
0.034096	0.034079400	113.864449	0.0	0.0
0.034435	0.034421800	113.612808	0.0	0.0
0.034778	0.034767400	113.363959	0.0	0.0
0.035125	0.035116400	113.117869	0.0	0.0
0.035475	0.035468700	112.874489	0.0	0.0
0.035828	0.035824400	112.633789	0.0	0.0
0.036185	0.036183600	112.395743	0.0	0.0
0.036546	0.036546200	112.160299	0.0	0.0
0.036910	0.036912400	111.927442	0.0	0.0
0.037278	0.037282100	111.697127	0.0	0.0
0.037649	0.037655400	111.469321	0.0	0.0
0.038024	0.038032300	111.244000	0.0	0.0
0.038403	0.038412900	111.021120	0.0	0.0
0.038785	0.038797100	110.800663	0.0	0.0
0.039172	0.039185200	110.582588	0.0	0.0
0.039562	0.039577000	110.366867	0.0	0.0
0.039956	0.039972600	110.153475	0.0	0.0
0.040354	0.040372100	109.942377	0.0	0.0
0.040756	0.040775500	109.733542	0.0	0.0
0.041162	0.041182900	109.526943	0.0	0.0
0.041572	0.041594200	109.322560	0.0	0.0
0.041987	0.042009600	109.120350	0.0	0.0
0.042405	0.042429100	108.920298	0.0	0.0
0.042827	0.042852700	108.722370	0.0	0.0
0.043254	0.043280400	108.526546	0.0	0.0
0.043685	0.043712300	108.332792	0.0	0.0
0.044120	0.044148500	108.141086	0.0	0.0
0.044560	0.044589000	107.951400	0.0	0.0
0.045004	0.045033800	107.763711	0.0	0.0
0.045452	0.045483000	107.577995	0.0	0.0
0.045905	0.045936600	107.394229	0.0	0.0
0.046362	0.046394800	107.212383	0.0	0.0
0.046824	0.046857400	107.032439	0.0	0.0
0.047291	0.047324600	106.854367	0.0	0.0
0.047762	0.047796400	106.678152	0.0	0.0
0.048238	0.048272800	106.503765	0.0	0.0
0.048718	0.048754000	106.331189	0.0	0.0
0.049204	0.049239900	106.160395	0.0	0.0
0.049694	0.049730700	105.991366	0.0	0.0
0.050189	0.050226300	105.824081	0.0	0.0
0.050689	0.050726800	105.658515	0.0	0.0
0.051194	0.051232200	105.494650	0.0	0.0
0.051704	0.051742700	105.332465	0.0	0.0
0.052219	0.052258200	105.171939	0.0	0.0
0.052739	0.052778800	105.013054	0.0	0.0
0.053265	0.053304600	104.855786	0.0	0.0
0.053795	0.053835600	104.700119	0.0	0.0
0.054331	0.054371800	104.546032	0.0	0.0
0.054873	0.054913400	104.393510	0.0	0.0
0.055419	0.055460400	104.242529	0.0	0.0
0.055971	0.056012700	104.093072	0.0	0.0
0.056529	0.056570600	103.945124	0.0	0.0
0.057092	0.057134000	103.798663	0.0	0.0
0.057661	0.057703000	103.653671	0.0	0.0
0.058235	0.058277600	103.510133	0.0	0.0
0.058816	0.058858000	103.368033	0.0	0.0
0.059402	0.059444100	103.227352	0.0	0.0
0.059993	0.060036000	103.088072	0.0	0.0
0.060591	0.060633900	102.950177	0.0	0.0
0.061195	0.061237600	102.813652	0.0	0.0
0.061804	0.061847400	102.678482	0.0	0.0
0.062420	0.062463200	102.544647	0.0	0.0
0.063042	0.063085100	102.412132	0.0	0.0
0.063670	0.063713300	102.280924	0.0	0.0
0.064304	0.064347600	102.151009	0.0	0.0
0.064945	0.064988300	102.022366	0.0	0.0
0.065592	0.065635400	101.894985	0.0	0.0
0.066246	0.066288800	101.768850	0.0	0.0
0.066906	0.066948900	101.643945	0.0	0.0
0.067572	0.067615400	101.520257	0.0	0.0
0.068245	0.068288600	101.397772	0.0	0.0
0.068925	0.068968500	101.276476	0.0	0.0
0.069612	0.069655100	101.156352	0.0	0.0
0.070305	0.070348600	101.037391	0.0	0.0
0.071006	0.071049000	100.919577	0.0	0.0
0.071713	0.071756400	100.802897	0.0	0.0
0.072428	0.072470800	100.687337	0.0	0.0
0.073149	0.073192300	100.572886	0.0	0.0
0.073878	0.073921000	100.459528	0.0	0.0
0.074614	0.074656900	100.347253	0.0	0.0
0.075357	0.075400200	100.236047	0.0	0.0
0.076108	0.076150900	100.125897	0.0	0.0
0.076866	0.076909100	100.016794	0.0	0.0
0.077632	0.077674800	99.908722	0.0	0.0
0.078406	0.078448100	99.801672	0.0	0.0
0.079187	0.079229100	99.695628	0.0	0.0
0.079976	0.080017900	99.590584	0.0	0.0
0.080773	0.080814600	99.486524	0.0	0.0
0.081577	0.081619200	99.383437	0.0	0.0
0.082390	0.082431800	99.281313	0.0	0.0
0.083211	0.083252500	99.180142	0.0	0.0
0.084040	0.084081400	99.079909	0.0	0.0
0.084877	0.084918500	98.980607	0.0	0.0
0.085723	0.085764000	98.882223	0.0	0.0
0.086577	0.086617900	98.784748	0.0	0.0
0.087439	0.087480300	98.688168	0.0	0.0
0.088310	0.088351300	98.592476	0.0	0.0
0.089190	0.089231000	98.497660	0.0	0.0
0.090079	0.090119500	98.403710	0.0	0.0
0.090976	0.091016700	98.310617	0.0	0.0
0.091883	0.091923000	98.218370	0.0	0.0
0.092798	0.092838200	98.126958	0.0	0.0
0.093722	0.093762600	98.036372	0.0	0.0
0.094656	0.094696200	97.946604	0.0	0.0
0.095599	0.095639100	97.857642	0.0	0.0
0.096552	0.096591400	97.769478	0.0	0.0
0.097514	0.097553200	97.682102	0.0	0.0
0.098485	0.098524500	97.595505	0.0	0.0
0.099466	0.099505500	97.509677	0.0	0.0
0.100457	0.100496000	97.424607	0.0	0.0
0.101458	0.101497000	97.340294	0.0	0.0
0.102469	0.102508000	97.256720	0.0	0.0
0.103490	0.103528000	97.173878	0.0	0.0
0.104521	0.104559000	97.091767	0.0	0.0
0.105562	0.105600000	97.010370	0.0	0.0
0.106614	0.106652000	96.929678	0.0	0.0
0.107676	0.107714000	96.849692	0.0	0.0
0.108749	0.108787000	96.770388	0.0	0.0
0.109832	0.109870000	96.691772	0.0	0.0
0.110926	0.110964000	96.613831	0.0	0.0
0.112031	0.112069000	96.536549	0.0	0.0
0.113148	0.113185000	96.459933	0.0	0.0
0.114275	0.114312000	96.383961	0.0	0.0
0.115413	0.115450000	96.308641	0.0	0.0
0.116563	0.116600000	96.233945	0.0	0.0
0.117724	0.117761000	96.159885	0.0	0.0
0.118897	0.118934000	96.086436	0.0	0.0
0.120082	0.120118000	96.013603	0.0	0.0
0.121278	0.121315000	95.941369	0.0	0.0
0.122486	0.122523000	95.869738	0.0	0.0
0.123707	0.123743000	95.798692	0.0	0.0
0.124939	0.124975000	95.728225	0.0	0.0
0.126184	0.126220000	95.658337	0.0	0.0
0.127441	0.127477000	95.589017	0.0	0.0
0.128711	0.128746000	95.520252	0.0	0.0
0.129993	0.130029000	95.452043	0.0	0.0
0.131288	0.131324000	95.384378	0.0	0.0
0.132596	0.132631000	95.317253	0.0	0.0
0.133917	0.133952000	95.250661	0.0	0.0
0.135251	0.135286000	95.184593	0.0	0.0
0.136599	0.136634000	95.119048	0.0	0.0
0.137960	0.137994000	95.054011	0.0	0.0
0.139334	0.139369000	94.989477	0.0	0.0
0.140722	0.140757000	94.925446	0.0	0.0
0.142124	0.142159000	94.861904	0.0	0.0
0.143540	0.143575000	94.798850	0.0	0.0
0.144970	0.145004000	94.736272	0.0	0.0
0.146414	0.146449000	94.674168	0.0	0.0
0.147873	0.147907000	94.612534	0.0	0.0
0.149346	0.149380000	94.551354	0.0	0.0
0.150834	0.150868000	94.490635	0.0	0.0
0.152337	0.152371000	94.430357	0.0	0.0
0.153855	0.153888000	94.370523	0.0	0.0
0.155387	0.155421000	94.311126	0.0	0.0
0.156935	0.156969000	94.252161	0.0	0.0
0.158499	0.158532000	94.193617	0.0	0.0
0.160078	0.160111000	94.135489	0.0	0.0
0.161673	0.161706000	94.077775	0.0	0.0
0.163284	0.163317000	94.020466	0.0	0.0
0.164910	0.164944000	93.963556	0.0	0.0
0.166553	0.166586000	93.907044	0.0	0.0
0.168213	0.168246000	93.850920	0.0	0.0
0.169888	0.169921000	93.795176	0.0	0.0
0.171581	0.171614000	93.739813	0.0	0.0
0.173290	0.173323000	93.684821	0.0	0.0
0.175017	0.175050000	93.630193	0.0	0.0
0.176760	0.176793000	93.575930	0.0	0.0
0.178521	0.178554000	93.522020	0.0	0.0
0.180300	0.180333000	93.468459	0.0	0.0
0.182096	0.182129000	93.415244	0.0	0.0
0.183910	0.183943000	93.362370	0.0	0.0
0.185743	0.185775000	93.309827	0.0	0.0
0.187593	0.187626000	93.257615	0.0	0.0
0.189462	0.189495000	93.205727	0.0	0.0
0.191350	0.191382000	93.154154	0.0	0.0
0.193256	0.193288000	93.102898	0.0	0.0
0.195181	0.195214000	93.051948	0.0	0.0
0.197126	0.197158000	93.001302	0.0	0.0
0.199090	0.199122000	92.950953	0.0	0.0
0.201073	0.201105000	92.900896	0.0	0.0
0.203077	0.203109000	92.851129	0.0	0.0
0.205100	0.205132000	92.801644	0.0	0.0
0.207143	0.207175000	92.752435	0.0	0.0
0.209207	0.209239000	92.703501	0.0	0.0
0.211291	0.211323000	92.654836	0.0	0.0
0.213396	0.213428000	92.606432	0.0	0.0
0.215522	0.215554000	92.558287	0.0	0.0
0.217669	0.217701000	92.510396	0.0	0.0
0.219838	0.219870000	92.462756	0.0	0.0
0.222028	0.222060000	92.415358	0.0	0.0
0.224240	0.224272000	92.368200	0.0	0.0
0.226474	0.226506000	92.321277	0.0	0.0
0.228730	0.228762000	92.274583	0.0	0.0
0.231009	0.231041000	92.228114	0.0	0.0
0.233311	0.233342000	92.181866	0.0	0.0
0.235635	0.235667000	92.135835	0.0	0.0
0.237983	0.238014000	92.090017	0.0	0.0
0.240354	0.240386000	92.044403	0.0	0.0
0.242748	0.242780000	91.998993	0.0	0.0
0.245167	0.245198000	91.953782	0.0	0.0
0.247609	0.247641000	91.908763	0.0	0.0
0.250076	0.250108000	91.863933	0.0	0.0
0.252567	0.252599000	91.819289	0.0	0.0
0.255084	0.255116000	91.774825	0.0	0.0
0.257625	0.257657000	91.730535	0.0	0.0
0.260192	0.260224000	91.686419	0.0	0.0
0.262784	0.262816000	91.642468	0.0	0.0
0.265402	0.265434000	91.598680	0.0	0.0
0.268046	0.268078000	91.555050	0.0	0.0
0.270716	0.270749000	91.511576	0.0	0.0
0.273413	0.273446000	91.468250	0.0	0.0
0.276137	0.276170000	91.425070	0.0	0.0
0.278888	0.278921000	91.382030	0.0	0.0
0.281667	0.281699000	91.339127	0.0	0.0
0.284473	0.284505000	91.296357	0.0	0.0
0.287307	0.287339000	91.253716	0.0	0.0
0.290170	0.290202000	91.211199	0.0	0.0
0.293060	0.293093000	91.168802	0.0	0.0
0.295980	0.296013000	91.126520	0.0	0.0
0.298929	0.298961000	91.084350	0.0	0.0
0.301907	0.301939000	91.042287	0.0	0.0
0.304915	0.304947000	91.000328	0.0	0.0
0.307953	0.307985000	90.958467	0.0	0.0
0.311021	0.311053000	90.916702	0.0	0.0
0.314119	0.314152000	90.875028	0.0	0.0
0.317249	0.317281000	90.833440	0.0	0.0
0.320409	0.320442000	90.791935	0.0	0.0
0.323602	0.323634000	90.750508	0.0	0.0
0.326825	0.326858000	90.709156	0.0	0.0
0.330082	0.330115000	90.667874	0.0	0.0
0.333370	0.333403000	90.626658	0.0	0.0
0.336691	0.336724000	90.585504	0.0	0.0
0.340046	0.340079000	90.544410	0.0	0.0
0.343433	0.343467000	90.503368	0.0	0.0
0.346855	0.346888000	90.462377	0.0	0.0
0.350311	0.350344000	90.421432	0.0	0.0
0.353801	0.353834000	90.380528	0.0	0.0
0.357325	0.357359000	90.339662	0.0	0.0
0.360885	0.360919000	90.298831	0.0	0.0
0.364481	0.364514000	90.258029	0.0	0.0
0.368112	0.368146000	90.217253	0.0	0.0
0.371779	0.371813000	90.176499	0.0	0.0
0.375483	0.375517000	90.135763	0.0	0.0
0.379224	0.379258000	90.095040	0.0	0.0
0.383002	0.383036000	90.054328	0.0	0.0
0.386818	0.386852000	90.013620	0.0	0.0
0.390672	0.390706000	89.972915	0.0	0.0
0.394564	0.394598000	89.932206	0.0	0.0
0.398495	0.398529000	89.891493	0.0	0.0
0.402465	0.402499000	89.850768	0.0	0.0
0.406474	0.406509000	89.810030	0.0	0.0
0.410524	0.410558000	89.769273	0.0	0.0
0.414614	0.414648000	89.728493	0.0	0.0
0.418745	0.418779000	89.687687	0.0	0.0
0.422916	0.422951000	89.646852	0.0	0.0
0.427130	0.427164000	89.605981	0.0	0.0
0.431385	0.431420000	89.565071	0.0	0.0
0.435683	0.435718000	89.524120	0.0	0.0
0.440024	0.440058000	89.483122	0.0	0.0
0.444407	0.444442000	89.442074	0.0	0.0
0.448835	0.448870000	89.400971	0.0	0.0
0.453307	0.453341000	89.359808	0.0	0.0
0.457823	0.457858000	89.318584	0.0	0.0
0.462384	0.462419000	89.277292	0.0	0.0
0.466990	0.467025000	89.235931	0.0	0.0
0.471643	0.471678000	89.194494	0.0	0.0
0.476342	0.476377000	89.152978	0.0	0.0
0.481087	0.481122000	89.111379	0.0	0.0
0.485880	0.485915000	89.069692	0.0	0.0
0.490721	0.490756000	89.027916	0.0	0.0
0.495610	0.495645000	88.986043	0.0	0.0
0.500547	0.500583000	88.944071	0.0	0.0
0.505534	0.505570000	88.901994	0.0	0.0
0.510571	0.510606000	88.859812	0.0	0.0
0.515657	0.515693000	88.817516	0.0	0.0
0.520795	0.520830000	88.775105	0.0	0.0
0.525983	0.526019000	88.732572	0.0	0.0
0.531224	0.531259000	88.689916	0.0	0.0
0.536516	0.536551000	88.647131	0.0	0.0
0.541861	0.541896000	88.604213	0.0	0.0
0.547260	0.547295000	88.561159	0.0	0.0
0.552712	0.552747000	88.517963	0.0	0.0
0.558218	0.558253000	88.474622	0.0	0.0
0.563780	0.563814000	88.431130	0.0	0.0
0.569396	0.569431000	88.387484	0.0	0.0
0.575069	0.575104000	88.343681	0.0	0.0
0.580798	0.580833000	88.299715	0.0	0.0
0.586585	0.586619000	88.255581	0.0	0.0
0.592429	0.592463000	88.211276	0.0	0.0
0.598331	0.598365000	88.166795	0.0	0.0
0.604292	0.604326000	88.122135	0.0	0.0
0.610312	0.610346000	88.077289	0.0	0.0
0.616392	0.616426000	88.032256	0.0	0.0
0.622533	0.622567000	87.987028	0.0	0.0
0.628736	0.628769000	87.941603	0.0	0.0
0.634999	0.635033000	87.895976	0.0	0.0
0.641326	0.641359000	87.850141	0.0	0.0
0.647715	0.647748000	87.804096	0.0	0.0
0.654168	0.654201000	87.757835	0.0	0.0
0.660685	0.660718000	87.711354	0.0	0.0
0.667268	0.667300000	87.664647	0.0	0.0
0.673915	0.673948000	87.617712	0.0	0.0
0.680629	0.680661000	87.570542	0.0	0.0
0.687410	0.687442000	87.523133	0.0	0.0
0.694259	0.694290000	87.475481	0.0	0.0
0.701175	0.701206000	87.427581	0.0	0.0
0.708161	0.708192000	87.379428	0.0	0.0
0.715216	0.715247000	87.331017	0.0	0.0
0.722342	0.722372000	87.282345	0.0	0.0
0.729538	0.729568000	87.233405	0.0	0.0
0.736806	0.736836000	87.184193	0.0	0.0
0.744147	0.744176000	87.134705	0.0	0.0
0.751561	0.751589000	87.084935	0.0	0.0
0.759048	0.759076000	87.034878	0.0	0.0
0.766610	0.766638000	86.984531	0.0	0.0
0.774248	0.774275000	86.933887	0.0	0.0
0.781961	0.781988000	86.882941	0.0	0.0
0.789752	0.789778000	86.831689	0.0	0.0
0.797620	0.797645000	86.780125	0.0	0.0
0.805566	0.805591000	86.728245	0.0	0.0
0.813592	0.813616000	86.676044	0.0	0.0
0.821698	0.821721000	86.623516	0.0	0.0
0.829884	0.829906000	86.570656	0.0	0.0
0.838152	0.838173000	86.517459	0.0	0.0
0.846502	0.846523000	86.463919	0.0	0.0
0.854936	0.854956000	86.410032	0.0	0.0
0.863453	0.863472000	86.355792	0.0	0.0
0.872055	0.872074000	86.301194	0.0	0.0
0.880743	0.880761000	86.246233	0.0	0.0
0.889518	0.889534000	86.190902	0.0	0.0
0.898380	0.898395000	86.135197	0.0	0.0
0.907330	0.907345000	86.079112	0.0	0.0
0.916370	0.916383000	86.022642	0.0	0.0
0.925499	0.925511000	85.965781	0.0	0.0
0.934720	0.934730000	85.908523	0.0	0.0
0.944032	0.944041000	85.850863	0.0	0.0
0.953437	0.953445000	85.792795	0.0	0.0
0.962936	0.962943000	85.734313	0.0	0.0
0.972529	0.972535000	85.675412	0.0	0.0
0.982218	0.982222000	85.616086	0.0	0.0
0.992004	0.992006000	85.556330	0.0	0.0
1.001887	1.001890000	85.496136	0.0	0.0
1.011868	1.011870000	85.435502	0.0	0.0
1.021949	1.021950000	85.374417	0.0	0.0
1.032131	1.032130000	85.312873	0.0	0.0
1.042414	1.042410000	85.250871	0.0	0.0
1.052799	1.052790000	85.188405	0.0	0.0
1.063288	1.063280000	85.125463	0.0	0.0
1.073881	1.073870000	85.062044	0.0	0.0
1.084580	1.084570000	84.998138	0.0	0.0
1.095385	1.095370000	84.933743	0.0	0.0
1.106298	1.106280000	84.868848	0.0	0.0
1.117320	1.117300000	84.803446	0.0	0.0
1.128451	1.128430000	84.737539	0.0	0.0
1.139694	1.139670000	84.671108	0.0	0.0
1.151048	1.151020000	84.604158	0.0	0.0
1.162516	1.162480000	84.536673	0.0	0.0
1.174097	1.174060000	84.468659	0.0	0.0
1.185794	1.185760000	84.400097	0.0	0.0
1.197608	1.197570000	84.330981	0.0	0.0
1.209540	1.209500000	84.261307	0.0	0.0
1.221590	1.221540000	84.191073	0.0	0.0
1.233760	1.233710000	84.120268	0.0	0.0
1.246052	1.246000000	84.048881	0.0	0.0
1.258466	1.258410000	83.976911	0.0	0.0
1.271004	1.270940000	83.904348	0.0	0.0
1.283666	1.283600000	83.831190	0.0	0.0
1.296455	1.296390000	83.757421	0.0	0.0
1.309371	1.309300000	83.683040	0.0	0.0
1.322416	1.322340000	83.608036	0.0	0.0
1.335591	1.335510000	83.532404	0.0	0.0
1.348897	1.348810000	83.456137	0.0	0.0
1.362336	1.362240000	83.379224	0.0	0.0
1.375908	1.375810000	83.301666	0.0	0.0
1.389616	1.389510000	83.223444	0.0	0.0
1.403460	1.403350000	83.144559	0.0	0.0
1.417443	1.417330000	83.064993	0.0	0.0
1.431564	1.431450000	82.984753	0.0	0.0
1.445826	1.445700000	82.903822	0.0	0.0
1.460231	1.460100000	82.822187	0.0	0.0
1.474779	1.474640000	82.739849	0.0	0.0
1.489471	1.489330000	82.656803	0.0	0.0
1.504310	1.504160000	82.573031	0.0	0.0
1.519297	1.519140000	82.488528	0.0	0.0
1.534434	1.534270000	82.403282	0.0	0.0
1.549721	1.549550000	82.317294	0.0	0.0
1.565160	1.564980000	82.230551	0.0	0.0
1.580753	1.580570000	82.143044	0.0	0.0
1.596502	1.596310000	82.054760	0.0	0.0
1.612408	1.612200000	81.965694	0.0	0.0
1.628471	1.628260000	81.875846	0.0	0.0
1.644695	1.644470000	81.785193	0.0	0.0
1.661081	1.660850000	81.693731	0.0	0.0
1.677630	1.677390000	81.601453	0.0	0.0
1.694344	1.694090000	81.508348	0.0	0.0
1.711224	1.710960000	81.414410	0.0	0.0
1.728272	1.728000000	81.319629	0.0	0.0
1.745491	1.745210000	81.223988	0.0	0.0
1.762880	1.762590000	81.127492	0.0	0.0
1.780443	1.780140000	81.030120	0.0	0.0
1.798181	1.797860000	80.931864	0.0	0.0
1.816096	1.815770000	80.832715	0.0	0.0
1.834189	1.833850000	80.732667	0.0	0.0
1.852463	1.852110000	80.631703	0.0	0.0
1.870918	1.870550000	80.529823	0.0	0.0
1.889558	1.889170000	80.427005	0.0	0.0
1.908383	1.907990000	80.323250	0.0	0.0
1.927396	1.926980000	80.218539	0.0	0.0
1.946598	1.946170000	80.112869	0.0	0.0
1.965991	1.965550000	80.006228	0.0	0.0
1.985578	1.985120000	79.898598	0.0	0.0
2.005359	2.004880000	79.789982	0.0	0.0
2.025338	2.024840000	79.680355	0.0	0.0
2.045516	2.045000000	79.569713	0.0	0.0
2.065895	2.065360000	79.458045	0.0	0.0
2.086477	2.085930000	79.345340	0.0	0.0
2.107264	2.106690000	79.231587	0.0	0.0
2.128258	2.127670000	79.116774	0.0	0.0
2.149461	2.148850000	79.000892	0.0	0.0
2.170875	2.170240000	78.883928	0.0	0.0
2.192503	2.191850000	78.765866	0.0	0.0
2.214346	2.213670000	78.646702	0.0	0.0
2.236407	2.235700000	78.526418	0.0	0.0
2.258688	2.257960000	78.405003	0.0	0.0
2.281191	2.280440000	78.282447	0.0	0.0
2.303917	2.303130000	78.158744	0.0	0.0
2.326871	2.326060000	78.033867	0.0	0.0
2.350052	2.349220000	77.907821	0.0	0.0
2.373465	2.372600000	77.780580	0.0	0.0
2.397111	2.396220000	77.652136	0.0	0.0
2.420993	2.420070000	77.522475	0.0	0.0
2.445113	2.444150000	77.391585	0.0	0.0
2.469473	2.468480000	77.259455	0.0	0.0
2.494075	2.493050000	77.126074	0.0	0.0
2.518923	2.517860000	76.991421	0.0	0.0
2.544018	2.542920000	76.855491	0.0	0.0
2.569364	2.568230000	76.718260	0.0	0.0
2.594961	2.593790000	76.579730	0.0	0.0
2.620814	2.619600000	76.439873	0.0	0.0
2.646925	2.645670000	76.298678	0.0	0.0
2.673295	2.672000000	76.156140	0.0	0.0
2.699928	2.698590000	76.012237	0.0	0.0
2.726827	2.725440000	75.866953	0.0	0.0
2.753994	2.752560000	75.720276	0.0	0.0
2.781431	2.779950000	75.572197	0.0	0.0
2.809141	2.807610000	75.422698	0.0	0.0
2.837128	2.835550000	75.271758	0.0	0.0
2.865393	2.863760000	75.119372	0.0	0.0
2.893941	2.892250000	74.965512	0.0	0.0
2.922772	2.921020000	74.810179	0.0	0.0
2.951891	2.950080000	74.653344	0.0	0.0
2.981300	2.979430000	74.494998	0.0	0.0
3.011001	3.009070000	74.335130	0.0	0.0
3.040999	3.039000000	74.173712	0.0	0.0
3.071296	3.069230000	74.010734	0.0	0.0
3.101894	3.099760000	73.846184	0.0	0.0
3.132797	3.130590000	73.680041	0.0	0.0
3.164008	3.161720000	73.512290	0.0	0.0
3.195530	3.193170000	73.342912	0.0	0.0
3.227367	3.224920000	73.171888	0.0	0.0
3.259520	3.256990000	72.999211	0.0	0.0
3.291993	3.289370000	72.824859	0.0	0.0
3.324791	3.322080000	72.648806	0.0	0.0
3.357915	3.355100000	72.471047	0.0	0.0
3.391368	3.388460000	72.291564	0.0	0.0
3.425156	3.422140000	72.110326	0.0	0.0
3.459279	3.456160000	71.927332	0.0	0.0
3.493743	3.490500000	71.742550	0.0	0.0
3.528550	3.525190000	71.555969	0.0	0.0
3.563704	3.560220000	71.367568	0.0	0.0
3.599208	3.595590000	71.177329	0.0	0.0
3.635066	3.631310000	70.985232	0.0	0.0
3.671281	3.667380000	70.791261	0.0	0.0
3.707857	3.703810000	70.595393	0.0	0.0
3.744797	3.740590000	70.397612	0.0	0.0
3.782106	3.777730000	70.197891	0.0	0.0
3.819786	3.815230000	69.996220	0.0	0.0
3.857841	3.853100000	69.792576	0.0	0.0
3.896276	3.891330000	69.586933	0.0	0.0
3.935093	3.929940000	69.379280	0.0	0.0
3.974297	3.968930000	69.169589	0.0	0.0
4.013892	4.008290000	68.957839	0.0	0.0
4.053881	4.048030000	68.744014	0.0	0.0
4.094269	4.088150000	68.528086	0.0	0.0
4.135059	4.128660000	68.310040	0.0	0.0
4.176255	4.169550000	68.089853	0.0	0.0
4.217862	4.210840000	67.867499	0.0	0.0
4.259883	4.252520000	67.642960	0.0	0.0
4.302323	4.294590000	67.416211	0.0	0.0
4.345186	4.337070000	67.187229	0.0	0.0
4.388476	4.379940000	66.955992	0.0	0.0
4.432197	4.423210000	66.722479	0.0	0.0
4.476353	4.466880000	66.486669	0.0	0.0
4.520950	4.510960000	66.248527	0.0	0.0
4.565991	4.555450000	66.008039	0.0	0.0
4.611480	4.600340000	65.765183	0.0	0.0
4.657423	4.645640000	65.519925	0.0	0.0
4.703824	4.691350000	65.272244	0.0	0.0
4.750687	4.737460000	65.022118	0.0	0.0
4.798016	4.783980000	64.769526	0.0	0.0
4.845817	4.830910000	64.514435	0.0	0.0
4.894095	4.878250000	64.256817	0.0	0.0
4.942853	4.925980000	63.996656	0.0	0.0
4.992097	4.974120000	63.733920	0.0	0.0
5.041832	5.022670000	63.468581	0.0	0.0
5.092062	5.071600000	63.200618	0.0	0.0
5.142793	5.120930000	62.929997	0.0	0.0
5.194029	5.170650000	62.656697	0.0	0.0
5.245776	5.220750000	62.380686	0.0	0.0
5.298038	5.271220000	62.101940	0.0	0.0
5.350821	5.322070000	61.820428	0.0	0.0
5.404129	5.373270000	61.536127	0.0	0.0
5.457969	5.424830000	61.249000	0.0	0.0
5.512345	5.476730000	60.959023	0.0	0.0
5.567263	5.528960000	60.666166	0.0	0.0
5.622728	5.581500000	60.370399	0.0	0.0
5.678746	5.634350000	60.071691	0.0	0.0
5.735321	5.687480000	59.770018	0.0	0.0
5.792460	5.740880000	59.465344	0.0	0.0
5.850169	5.794530000	59.157635	0.0	0.0
5.908453	5.848410000	58.846863	0.0	0.0
5.967317	5.902490000	58.533000	0.0	0.0
6.026767	5.956750000	58.216015	0.0	0.0
6.086810	6.011160000	57.895868	0.0	0.0
6.147451	6.065690000	57.572531	0.0	0.0
6.208696	6.120310000	57.245973	0.0	0.0
6.270552	6.174970000	56.916154	0.0	0.0
6.333023	6.229650000	56.583051	0.0	0.0
6.396117	6.284290000	56.246621	0.0	0.0
6.459840	6.338850000	55.906831	0.0	0.0
6.524198	6.393290000	55.563648	0.0	0.0
6.589196	6.447540000	55.217043	0.0	0.0
6.654842	6.501550000	54.866973	0.0	0.0
6.721143	6.555260000	54.513398	0.0	0.0
6.788103	6.608610000	54.156297	0.0	0.0
6.855731	6.661510000	53.795619	0.0	0.0
6.924033	6.713900000	53.431331	0.0	0.0
6.993015	6.765700000	53.063400	0.0	0.0
7.062684	6.816810000	52.691786	0.0	0.0
7.133048	6.867150000	52.316446	0.0	0.0
7.204112	6.916610000	51.937351	0.0	0.0
7.275884	6.965100000	51.554456	0.0	0.0
7.348372	7.012500000	51.167717	0.0	0.0
7.421582	7.058690000	50.777100	0.0	0.0
7.495521	7.103560000	50.382566	0.0	0.0
7.570196	7.146970000	49.984076	0.0	0.0
7.645616	7.188790000	49.581579	0.0	0.0
7.721787	7.228870000	49.175041	0.0	0.0
7.798717	7.267060000	48.764417	0.0	0.0
7.876413	7.303210000	48.349669	0.0	0.0
7.954883	7.337160000	47.930750	0.0	0.0
8.034135	7.368720000	47.507616	0.0	0.0
8.114177	7.397730000	47.080221	0.0	0.0
8.195016	7.424000000	46.648526	0.0	0.0
8.276661	7.447340000	46.212479	0.0	0.0
8.359119	7.467560000	45.772042	0.0	0.0
8.442398	7.484450000	45.327167	0.0	0.0
8.526507	7.497810000	44.877805	0.0	0.0
8.611454	7.507420000	44.423910	0.0	0.0
8.697247	7.513080000	43.965435	0.0	0.0
8.783896	7.514560000	43.502325	0.0	0.0
8.871407	7.511660000	43.034543	0.0	0.0
8.959790	7.504140000	42.562033	0.0	0.0
9.049054	7.491790000	42.084744	0.0	0.0
9.139207	7.474380000	41.602628	0.0	0.0
9.230258	7.451720000	41.115635	0.0	0.0
9.322216	7.423570000	40.623712	0.0	0.0
9.415091	7.389740000	40.126802	0.0	0.0
9.508890	7.350020000	39.624863	0.0	0.0
9.603625	7.304230000	39.117827	0.0	0.0
9.699303	7.252190000	38.605652	0.0	0.0
9.795934	7.193740000	38.088280	0.0	0.0
9.893528	7.128710000	37.565653	0.0	0.0
9.992094	7.056990000	37.037718	0.0	0.0
10.091640	6.978450000	36.504427	0.0	0.0
10.192180	6.893000000	35.965700	0.0	0.0
10.293720	6.800590000	35.421500	0.0	0.0
10.396280	6.701150000	34.871714	0.0	0.0
10.499850	6.594690000	34.316390	0.0	0.0
10.604460	6.481220000	33.755361	0.0	0.0
10.710110	6.360780000	33.188622	0.0	0.0
10.816810	6.233480000	32.616113	0.0	0.0
10.924570	6.099420000	32.037773	0.0	0.0
11.033410	5.958770000	31.453490	0.0	0.0
11.143340	5.811730000	30.863201	0.0	0.0
11.254350	5.658550000	30.266955	0.0	0.0
11.366480	5.499500000	29.664529	0.0	0.0
11.479720	5.334900000	29.055969	0.0	0.0
11.594090	5.165140000	28.441160	0.0	0.0
11.709600	4.990610000	27.820040	0.0	0.0
11.826250	4.811770000	27.192602	0.0	0.0
11.944080	4.629110000	26.558621	0.0	0.0
12.063070	4.443140000	25.918196	0.0	0.0
12.183250	4.254440000	25.271157	0.0	0.0
12.304630	4.063600000	24.617441	0.0	0.0
12.427220	3.871240000	23.956983	0.0	0.0
12.551030	3.678000000	23.289721	0.0	0.0
12.676070	3.484560000	22.615589	0.0	0.0
12.802360	3.291590000	21.934470	0.0	0.0
12.929900	3.099780000	21.246352	0.0	0.0
13.058720	2.909840000	20.551062	0.0	0.0
13.188820	2.722430000	19.848588	0.0	0.0
13.320220	2.538250000	19.138810	0.0	0.0
13.452920	2.357940000	18.421715	0.0	0.0
13.586950	2.182160000	17.697129	0.0	0.0
13.722310	2.011500000	16.965036	0.0	0.0
13.859020	1.846530000	16.225317	0.0	0.0
13.997100	1.687770000	15.477847	0.0	0.0
14.136540	1.535690000	14.722665	0.0	0.0
14.277380	1.390700000	13.959541	0.0	0.0
14.419620	1.253170000	13.188457	0.0	0.0
14.563280	1.123370000	12.409289	0.0	0.0
14.708370	1.001530000	11.621965	0.0	0.0
14.854910	0.887794000	10.826359	0.0	0.0
15.002900	0.782239000	10.022453	0.0	0.0
15.152370	0.684869000	9.210064	0.0	0.0
15.303330	0.595617000	8.389119	0.0	0.0
15.455790	0.514348000	7.559542	0.0	0.0
15.609770	0.440862000	6.721204	0.0	0.0
15.765290	0.374898000	5.873973	0.0	0.0
15.922350	0.316140000	5.017828	0.0	0.0
16.080980	0.264224000	4.152581	0.0	0.0
16.241190	0.218746000	3.278153	0.0	0.0
16.403000	0.179269000	2.394410	0.0	0.0
16.566420	0.145330000	1.501270	0.0	0.0
16.731460	0.116450000	0.598652	0.0	0.0
16.898160	0.092145500	-0.313690	0.0	0.0
17.066510	0.071929800	-1.235732	0.0	0.0
17.236540	0.055327400	-2.167669	0.0	0.0
17.408260	0.041877900	-3.109585	0.0	0.0
17.581690	0.031143300	-4.061625	0.0	0.0
17.756850	0.022713600	-5.023930	0.0	0.0
17.933760	0.016210700	-5.996647	0.0	0.0
18.112430	0.011292100	-6.979868	0.0	0.0
18.292880	0.007652590	-7.973739	0.0	0.0
18.475120	0.005025330	-8.978355	0.0	0.0
18.659180	0.003181380	-9.993924	0.0	0.0
18.845080	0.001928540	-11.020597	0.0	0.0
19.032830	0.001109130	-12.058474	0.0	0.0
19.222450	0.000597108	-13.107712	0.0	0.0
19.413950	0.000294624	-14.168413	0.0	0.0
19.607370	0.000128247	-15.240850	0.0	0.0
19.802710	0.000045037	-16.325074	0.0	0.0
20.000000	0.000008667	-17.421305	0.0	0.0

