# UNCLASSIFIED
#
# Response info for WSAR broad-band site.
#
# Effective: 06 Sep 2006
# Creation date: 26 Feb 2007
# File name: WSAR_BB_rsp.txt
#
# Source: James Neely (TTD), TSgt Magar, TSgt Walkup
# System equipment: Guralp_CMG-3TB seismometer and Nanometrics_Europa-T 
# digitizer.
#
# The response file was derived from equations of state.
# Displacement response normalized to 1.0 at 1.0 Hz.
#
# The calib values for this configuration are as follows:
#
# WSAR BHZ is 0.006366 nm/count at 1.0 Hz.
# WSAR BH1 is 0.006366 nm/count at 1.0 Hz.
# WSAR BH2 is 0.006366 nm/count at 1.0 Hz.
#
# Freq(Hz)     Amp(counts/nm)    Phase(deg)   Error(amp) Error(phase)
#
 theoretical  0       system    fap   J.Neely
1000
0.001000	0.000014416	259.316911	0.0	0.0
0.001010	0.000014851	260.178317	0.0	0.0
0.001020	0.000015299	260.090021	0.0	0.0
0.001030	0.000015761	260.000852	0.0	0.0
0.001040	0.000016236	259.910799	0.0	0.0
0.001051	0.000016727	259.819845	0.0	0.0
0.001061	0.000017231	259.727991	0.0	0.0
0.001072	0.000017751	259.635227	0.0	0.0
0.001083	0.000018287	259.541536	0.0	0.0
0.001093	0.000018839	259.446916	0.0	0.0
0.001104	0.000019408	259.351360	0.0	0.0
0.001115	0.000019993	259.254850	0.0	0.0
0.001126	0.000020597	259.157376	0.0	0.0
0.001138	0.000021218	259.058939	0.0	0.0
0.001149	0.000021859	258.959520	0.0	0.0
0.001160	0.000022518	258.859111	0.0	0.0
0.001172	0.000023198	258.757703	0.0	0.0
0.001184	0.000023898	258.655285	0.0	0.0
0.001195	0.000024619	258.551842	0.0	0.0
0.001207	0.000025362	258.447371	0.0	0.0
0.001219	0.000026128	258.341865	0.0	0.0
0.001231	0.000026916	258.235296	0.0	0.0
0.001244	0.000027728	258.127673	0.0	0.0
0.001256	0.000028565	258.018968	0.0	0.0
0.001269	0.000029427	257.909183	0.0	0.0
0.001281	0.000030315	257.798298	0.0	0.0
0.001294	0.000031230	257.686313	0.0	0.0
0.001307	0.000032172	257.573202	0.0	0.0
0.001320	0.000033143	257.458963	0.0	0.0
0.001333	0.000034143	257.343579	0.0	0.0
0.001346	0.000035173	257.227040	0.0	0.0
0.001360	0.000036234	257.109328	0.0	0.0
0.001373	0.000037328	256.990443	0.0	0.0
0.001387	0.000038454	256.870365	0.0	0.0
0.001401	0.000039614	256.749087	0.0	0.0
0.001415	0.000040809	256.626589	0.0	0.0
0.001429	0.000042041	256.502862	0.0	0.0
0.001443	0.000043309	256.377896	0.0	0.0
0.001457	0.000044615	256.251673	0.0	0.0
0.001472	0.000045961	256.124175	0.0	0.0
0.001487	0.000047348	255.995399	0.0	0.0
0.001501	0.000048776	255.865329	0.0	0.0
0.001516	0.000050247	255.733946	0.0	0.0
0.001532	0.000051763	255.601238	0.0	0.0
0.001547	0.000053324	255.467198	0.0	0.0
0.001562	0.000054933	255.331805	0.0	0.0
0.001578	0.000056590	255.195042	0.0	0.0
0.001593	0.000058296	255.056898	0.0	0.0
0.001609	0.000060055	254.917354	0.0	0.0
0.001625	0.000061866	254.776409	0.0	0.0
0.001642	0.000063731	254.634026	0.0	0.0
0.001658	0.000065653	254.490205	0.0	0.0
0.001674	0.000067633	254.344934	0.0	0.0
0.001691	0.000069672	254.198177	0.0	0.0
0.001708	0.000071773	254.049941	0.0	0.0
0.001725	0.000073937	253.900198	0.0	0.0
0.001742	0.000076166	253.748928	0.0	0.0
0.001760	0.000078462	253.596122	0.0	0.0
0.001777	0.000080827	253.441759	0.0	0.0
0.001795	0.000083264	253.285820	0.0	0.0
0.001813	0.000085774	253.128294	0.0	0.0
0.001831	0.000088359	252.969162	0.0	0.0
0.001849	0.000091022	252.808403	0.0	0.0
0.001867	0.000093765	252.645998	0.0	0.0
0.001886	0.000096590	252.481935	0.0	0.0
0.001905	0.000099501	252.316186	0.0	0.0
0.001924	0.000102499	252.148748	0.0	0.0
0.001943	0.000105587	251.979583	0.0	0.0
0.001962	0.000108768	251.808680	0.0	0.0
0.001982	0.000112044	251.636018	0.0	0.0
0.002002	0.000115419	251.461586	0.0	0.0
0.002022	0.000118895	251.285345	0.0	0.0
0.002042	0.000122475	251.107300	0.0	0.0
0.002062	0.000126163	250.927406	0.0	0.0
0.002083	0.000129962	250.745657	0.0	0.0
0.002103	0.000133875	250.562025	0.0	0.0
0.002124	0.000137905	250.376496	0.0	0.0
0.002145	0.000142055	250.189033	0.0	0.0
0.002167	0.000146331	249.999630	0.0	0.0
0.002188	0.000150734	249.808259	0.0	0.0
0.002210	0.000155269	249.614896	0.0	0.0
0.002232	0.000159940	249.419520	0.0	0.0
0.002254	0.000164751	249.222100	0.0	0.0
0.002277	0.000169706	249.022623	0.0	0.0
0.002300	0.000174810	248.821057	0.0	0.0
0.002322	0.000180066	248.617381	0.0	0.0
0.002346	0.000185479	248.411571	0.0	0.0
0.002369	0.000191053	248.203596	0.0	0.0
0.002393	0.000196795	247.993434	0.0	0.0
0.002416	0.000202708	247.781068	0.0	0.0
0.002441	0.000208797	247.566451	0.0	0.0
0.002465	0.000215068	247.349576	0.0	0.0
0.002489	0.000221526	247.130411	0.0	0.0
0.002514	0.000228177	246.908922	0.0	0.0
0.002539	0.000235026	246.685086	0.0	0.0
0.002565	0.000242079	246.458871	0.0	0.0
0.002590	0.000249341	246.230259	0.0	0.0
0.002616	0.000256820	245.999210	0.0	0.0
0.002642	0.000264521	245.765698	0.0	0.0
0.002668	0.000272451	245.529690	0.0	0.0
0.002695	0.000280616	245.291159	0.0	0.0
0.002722	0.000289023	245.050073	0.0	0.0
0.002749	0.000297680	244.806396	0.0	0.0
0.002776	0.000306594	244.560111	0.0	0.0
0.002804	0.000315771	244.311166	0.0	0.0
0.002832	0.000325220	244.059543	0.0	0.0
0.002860	0.000334948	243.805208	0.0	0.0
0.002888	0.000344963	243.548123	0.0	0.0
0.002917	0.000355274	243.288254	0.0	0.0
0.002946	0.000365889	243.025564	0.0	0.0
0.002976	0.000376816	242.760016	0.0	0.0
0.003005	0.000388065	242.491593	0.0	0.0
0.003035	0.000399645	242.220230	0.0	0.0
0.003066	0.000411564	241.945917	0.0	0.0
0.003096	0.000423834	241.668599	0.0	0.0
0.003127	0.000436463	241.388247	0.0	0.0
0.003158	0.000449461	241.104823	0.0	0.0
0.003190	0.000462839	240.818280	0.0	0.0
0.003221	0.000476608	240.528588	0.0	0.0
0.003253	0.000490778	240.235700	0.0	0.0
0.003286	0.000505360	239.939587	0.0	0.0
0.003319	0.000520366	239.640190	0.0	0.0
0.003352	0.000535808	239.337489	0.0	0.0
0.003385	0.000551697	239.031425	0.0	0.0
0.003419	0.000568046	238.721959	0.0	0.0
0.003453	0.000584867	238.409060	0.0	0.0
0.003487	0.000602173	238.092669	0.0	0.0
0.003522	0.000619977	237.772745	0.0	0.0
0.003557	0.000638292	237.449257	0.0	0.0
0.003592	0.000657132	237.122137	0.0	0.0
0.003628	0.000676511	236.791360	0.0	0.0
0.003664	0.000696443	236.456868	0.0	0.0
0.003701	0.000716943	236.118619	0.0	0.0
0.003738	0.000738025	235.776571	0.0	0.0
0.003775	0.000759705	235.430664	0.0	0.0
0.003813	0.000781998	235.080854	0.0	0.0
0.003851	0.000804919	234.727092	0.0	0.0
0.003889	0.000828485	234.369334	0.0	0.0
0.003928	0.000852712	234.007519	0.0	0.0
0.003967	0.000877616	233.641613	0.0	0.0
0.004006	0.000903215	233.271557	0.0	0.0
0.004046	0.000929524	232.897297	0.0	0.0
0.004087	0.000956564	232.518781	0.0	0.0
0.004127	0.000984349	232.135967	0.0	0.0
0.004168	0.001012900	231.748802	0.0	0.0
0.004210	0.001042230	231.357216	0.0	0.0
0.004252	0.001072360	230.961175	0.0	0.0
0.004294	0.001103320	230.560619	0.0	0.0
0.004337	0.001135110	230.155495	0.0	0.0
0.004380	0.001167750	229.745753	0.0	0.0
0.004424	0.001201280	229.331330	0.0	0.0
0.004468	0.001235700	228.912177	0.0	0.0
0.004512	0.001271040	228.488252	0.0	0.0
0.004557	0.001307310	228.059486	0.0	0.0
0.004603	0.001344540	227.625829	0.0	0.0
0.004649	0.001382740	227.187231	0.0	0.0
0.004695	0.001421940	226.743635	0.0	0.0
0.004742	0.001462150	226.294983	0.0	0.0
0.004789	0.001503400	225.841226	0.0	0.0
0.004837	0.001545700	225.382320	0.0	0.0
0.004885	0.001589080	224.918207	0.0	0.0
0.004934	0.001633560	224.448824	0.0	0.0
0.004983	0.001679150	223.974136	0.0	0.0
0.005032	0.001725880	223.494082	0.0	0.0
0.005082	0.001773760	223.008610	0.0	0.0
0.005133	0.001822820	222.517680	0.0	0.0
0.005184	0.001873070	222.021233	0.0	0.0
0.005236	0.001924540	221.519232	0.0	0.0
0.005288	0.001977240	221.011622	0.0	0.0
0.005341	0.002031190	220.498369	0.0	0.0
0.005394	0.002086410	219.979420	0.0	0.0
0.005448	0.002142920	219.454737	0.0	0.0
0.005502	0.002200730	218.924270	0.0	0.0
0.005557	0.002259860	218.387986	0.0	0.0
0.005612	0.002320320	217.845859	0.0	0.0
0.005668	0.002382140	217.297841	0.0	0.0
0.005725	0.002445330	216.743902	0.0	0.0
0.005782	0.002509900	216.184008	0.0	0.0
0.005839	0.002575860	215.618136	0.0	0.0
0.005897	0.002643240	215.046268	0.0	0.0
0.005956	0.002712030	214.468359	0.0	0.0
0.006015	0.002782250	213.884415	0.0	0.0
0.006075	0.002853910	213.294399	0.0	0.0
0.006136	0.002927030	212.698306	0.0	0.0
0.006197	0.003001600	212.096126	0.0	0.0
0.006259	0.003077640	211.487853	0.0	0.0
0.006321	0.003155140	210.873485	0.0	0.0
0.006384	0.003234130	210.253024	0.0	0.0
0.006448	0.003314590	209.626468	0.0	0.0
0.006512	0.003396540	208.993841	0.0	0.0
0.006577	0.003479970	208.355149	0.0	0.0
0.006642	0.003564890	207.710406	0.0	0.0
0.006708	0.003651290	207.059652	0.0	0.0
0.006775	0.003739170	206.402899	0.0	0.0
0.006843	0.003828520	205.740200	0.0	0.0
0.006911	0.003919350	205.071580	0.0	0.0
0.006980	0.004011650	204.397093	0.0	0.0
0.007049	0.004105400	203.716787	0.0	0.0
0.007120	0.004200610	203.030719	0.0	0.0
0.007191	0.004297260	202.338952	0.0	0.0
0.007262	0.004395340	201.641564	0.0	0.0
0.007335	0.004494830	200.938623	0.0	0.0
0.007408	0.004595730	200.230212	0.0	0.0
0.007481	0.004698020	199.516432	0.0	0.0
0.007556	0.004801690	198.797361	0.0	0.0
0.007631	0.004906720	198.073107	0.0	0.0
0.007707	0.005013080	197.343790	0.0	0.0
0.007784	0.005120770	196.609512	0.0	0.0
0.007862	0.005229760	195.870402	0.0	0.0
0.007940	0.005340040	195.126586	0.0	0.0
0.008019	0.005451580	194.378206	0.0	0.0
0.008099	0.005564360	193.625403	0.0	0.0
0.008180	0.005678370	192.868326	0.0	0.0
0.008261	0.005793570	192.107139	0.0	0.0
0.008343	0.005909950	191.341988	0.0	0.0
0.008426	0.006027480	190.573060	0.0	0.0
0.008510	0.006146140	189.800515	0.0	0.0
0.008595	0.006265910	189.024544	0.0	0.0
0.008681	0.006386760	188.245329	0.0	0.0
0.008767	0.006508670	187.463066	0.0	0.0
0.008855	0.006631620	186.677958	0.0	0.0
0.008943	0.006755580	185.890196	0.0	0.0
0.009032	0.006880540	185.099993	0.0	0.0
0.009122	0.007006460	184.307569	0.0	0.0
0.009213	0.007133330	183.513129	0.0	0.0
0.009305	0.007261130	182.716902	0.0	0.0
0.009397	0.007389840	181.919113	0.0	0.0
0.009491	0.007519430	181.119980	0.0	0.0
0.009586	0.007649890	180.319734	0.0	0.0
0.009681	0.007781200	179.518610	0.0	0.0
0.009777	0.007913340	178.716844	0.0	0.0
0.009875	0.008046290	177.914667	0.0	0.0
0.009973	0.008180050	177.112311	0.0	0.0
0.010073	0.008314580	176.309986	0.0	0.0
0.010173	0.008449890	175.507999	0.0	0.0
0.010274	0.008585960	174.706545	0.0	0.0
0.010377	0.008722770	173.905858	0.0	0.0
0.010480	0.008860330	173.106173	0.0	0.0
0.010584	0.008998600	172.307724	0.0	0.0
0.010690	0.009137600	171.510743	0.0	0.0
0.010796	0.009277300	170.715460	0.0	0.0
0.010904	0.009417720	169.922104	0.0	0.0
0.011013	0.009558840	169.130900	0.0	0.0
0.011122	0.009700650	168.341999	0.0	0.0
0.011233	0.009843160	167.555692	0.0	0.0
0.011345	0.009986360	166.772196	0.0	0.0
0.011458	0.010130300	165.991651	0.0	0.0
0.011572	0.010274900	165.214334	0.0	0.0
0.011688	0.010420100	164.440380	0.0	0.0
0.011804	0.010566100	163.669987	0.0	0.0
0.011922	0.010712800	162.903348	0.0	0.0
0.012040	0.010860200	162.140651	0.0	0.0
0.012160	0.011008400	161.382013	0.0	0.0
0.012281	0.011157200	160.627675	0.0	0.0
0.012404	0.011306800	159.877806	0.0	0.0
0.012527	0.011457100	159.132446	0.0	0.0
0.012652	0.011608200	158.391876	0.0	0.0
0.012778	0.011760000	157.656127	0.0	0.0
0.012906	0.011912600	156.925347	0.0	0.0
0.013034	0.012066000	156.199731	0.0	0.0
0.013164	0.012220200	155.479300	0.0	0.0
0.013295	0.012375200	154.764237	0.0	0.0
0.013428	0.012531000	154.054659	0.0	0.0
0.013561	0.012687700	153.350574	0.0	0.0
0.013696	0.012845300	152.652143	0.0	0.0
0.013833	0.013003700	151.959466	0.0	0.0
0.013971	0.013162900	151.272586	0.0	0.0
0.014110	0.013323200	150.591543	0.0	0.0
0.014250	0.013484300	149.916470	0.0	0.0
0.014392	0.013646400	149.247347	0.0	0.0
0.014536	0.013809400	148.584339	0.0	0.0
0.014681	0.013973400	147.927373	0.0	0.0
0.014827	0.014138500	147.276557	0.0	0.0
0.014975	0.014304500	146.631899	0.0	0.0
0.015124	0.014471600	145.993492	0.0	0.0
0.015275	0.014639800	145.361254	0.0	0.0
0.015427	0.014809000	144.735308	0.0	0.0
0.015580	0.014979300	144.115606	0.0	0.0
0.015736	0.015150800	143.502140	0.0	0.0
0.015892	0.015323400	142.894977	0.0	0.0
0.016051	0.015497200	142.294099	0.0	0.0
0.016211	0.015672200	141.699486	0.0	0.0
0.016372	0.015848500	141.111154	0.0	0.0
0.016535	0.016025900	140.529075	0.0	0.0
0.016700	0.016204600	139.953258	0.0	0.0
0.016866	0.016384600	139.383637	0.0	0.0
0.017034	0.016565900	138.820247	0.0	0.0
0.017204	0.016748600	138.263019	0.0	0.0
0.017375	0.016932600	137.711949	0.0	0.0
0.017549	0.017118000	137.166998	0.0	0.0
0.017723	0.017304700	136.628155	0.0	0.0
0.017900	0.017493000	136.095376	0.0	0.0
0.018078	0.017682600	135.568618	0.0	0.0
0.018258	0.017873800	135.047834	0.0	0.0
0.018440	0.018066400	134.532979	0.0	0.0
0.018624	0.018260600	134.024059	0.0	0.0
0.018810	0.018456300	133.520969	0.0	0.0
0.018997	0.018653600	133.023714	0.0	0.0
0.019186	0.018852500	132.532215	0.0	0.0
0.019377	0.019053000	132.046421	0.0	0.0
0.019570	0.019255200	131.566304	0.0	0.0
0.019765	0.019459100	131.091811	0.0	0.0
0.019962	0.019664600	130.622864	0.0	0.0
0.020161	0.019871900	130.159434	0.0	0.0
0.020362	0.020080900	129.701465	0.0	0.0
0.020565	0.020291700	129.248903	0.0	0.0
0.020770	0.020504300	128.801694	0.0	0.0
0.020977	0.020718700	128.359761	0.0	0.0
0.021186	0.020935000	127.923093	0.0	0.0
0.021397	0.021153200	127.491592	0.0	0.0
0.021610	0.021373200	127.065224	0.0	0.0
0.021825	0.021595200	126.643936	0.0	0.0
0.022043	0.021819200	126.227653	0.0	0.0
0.022262	0.022045100	125.816322	0.0	0.0
0.022484	0.022273100	125.409907	0.0	0.0
0.022708	0.022503000	125.008338	0.0	0.0
0.022934	0.022735100	124.611543	0.0	0.0
0.023163	0.022969200	124.219504	0.0	0.0
0.023394	0.023205500	123.832119	0.0	0.0
0.023627	0.023443900	123.449370	0.0	0.0
0.023862	0.023684400	123.071172	0.0	0.0
0.024100	0.023927200	122.697491	0.0	0.0
0.024340	0.024172200	122.328277	0.0	0.0
0.024582	0.024419400	121.963434	0.0	0.0
0.024827	0.024668900	121.602959	0.0	0.0
0.025075	0.024920800	121.246760	0.0	0.0
0.025324	0.025174900	120.894802	0.0	0.0
0.025577	0.025431500	120.547026	0.0	0.0
0.025832	0.025690400	120.203385	0.0	0.0
0.026089	0.025951700	119.863818	0.0	0.0
0.026349	0.026215500	119.528270	0.0	0.0
0.026611	0.026481800	119.196707	0.0	0.0
0.026876	0.026750500	118.869060	0.0	0.0
0.027144	0.027021800	118.545276	0.0	0.0
0.027415	0.027295700	118.225322	0.0	0.0
0.027688	0.027572200	117.909147	0.0	0.0
0.027964	0.027851300	117.596696	0.0	0.0
0.028242	0.028133000	117.287906	0.0	0.0
0.028524	0.028417400	116.982762	0.0	0.0
0.028808	0.028704600	116.681179	0.0	0.0
0.029095	0.028994500	116.383142	0.0	0.0
0.029385	0.029287100	116.088591	0.0	0.0
0.029677	0.029582600	115.797479	0.0	0.0
0.029973	0.029880900	115.509760	0.0	0.0
0.030272	0.030182100	115.225399	0.0	0.0
0.030573	0.030486100	114.944341	0.0	0.0
0.030878	0.030793100	114.666552	0.0	0.0
0.031185	0.031103100	114.391989	0.0	0.0
0.031496	0.031416100	114.120600	0.0	0.0
0.031810	0.031732000	113.852346	0.0	0.0
0.032127	0.032051100	113.587193	0.0	0.0
0.032447	0.032373200	113.325095	0.0	0.0
0.032770	0.032698500	113.066011	0.0	0.0
0.033097	0.033026900	112.809905	0.0	0.0
0.033426	0.033358600	112.556739	0.0	0.0
0.033759	0.033693400	112.306468	0.0	0.0
0.034096	0.034031600	112.059064	0.0	0.0
0.034435	0.034373000	111.814478	0.0	0.0
0.034778	0.034717700	111.572682	0.0	0.0
0.035125	0.035065800	111.333642	0.0	0.0
0.035475	0.035417400	111.097313	0.0	0.0
0.035828	0.035772300	110.863660	0.0	0.0
0.036185	0.036130700	110.632660	0.0	0.0
0.036546	0.036492700	110.404262	0.0	0.0
0.036910	0.036858200	110.178449	0.0	0.0
0.037278	0.037227300	109.955177	0.0	0.0
0.037649	0.037600000	109.734413	0.0	0.0
0.038024	0.037976300	109.516133	0.0	0.0
0.038403	0.038356400	109.300293	0.0	0.0
0.038785	0.038740200	109.086875	0.0	0.0
0.039172	0.039127700	108.875837	0.0	0.0
0.039562	0.039519100	108.667153	0.0	0.0
0.039956	0.039914400	108.460797	0.0	0.0
0.040354	0.040313500	108.256733	0.0	0.0
0.040756	0.040716600	108.054932	0.0	0.0
0.041162	0.041123600	107.855364	0.0	0.0
0.041572	0.041534700	107.658012	0.0	0.0
0.041987	0.041949800	107.462832	0.0	0.0
0.042405	0.042369000	107.269808	0.0	0.0
0.042827	0.042792300	107.078907	0.0	0.0
0.043254	0.043219800	106.890108	0.0	0.0
0.043685	0.043651600	106.703378	0.0	0.0
0.044120	0.044087600	106.518694	0.0	0.0
0.044560	0.044527900	106.336029	0.0	0.0
0.045004	0.044972600	106.155358	0.0	0.0
0.045452	0.045421700	105.976659	0.0	0.0
0.045905	0.045875200	105.799907	0.0	0.0
0.046362	0.046333300	105.625074	0.0	0.0
0.046824	0.046795800	105.452140	0.0	0.0
0.047291	0.047262900	105.281077	0.0	0.0
0.047762	0.047734700	105.111868	0.0	0.0
0.048238	0.048211100	104.944484	0.0	0.0
0.048718	0.048692300	104.778910	0.0	0.0
0.049204	0.049178200	104.615114	0.0	0.0
0.049694	0.049669000	104.453082	0.0	0.0
0.050189	0.050164600	104.292790	0.0	0.0
0.050689	0.050665100	104.134215	0.0	0.0
0.051194	0.051170600	103.977337	0.0	0.0
0.051704	0.051681100	103.822137	0.0	0.0
0.052219	0.052196600	103.668594	0.0	0.0
0.052739	0.052717300	103.516687	0.0	0.0
0.053265	0.053243200	103.366395	0.0	0.0
0.053795	0.053774200	103.217702	0.0	0.0
0.054331	0.054310600	103.070585	0.0	0.0
0.054873	0.054852300	102.925029	0.0	0.0
0.055419	0.055399300	102.781012	0.0	0.0
0.055971	0.055951800	102.638514	0.0	0.0
0.056529	0.056509800	102.497523	0.0	0.0
0.057092	0.057073300	102.358016	0.0	0.0
0.057661	0.057642400	102.219975	0.0	0.0
0.058235	0.058217100	102.083384	0.0	0.0
0.058816	0.058797600	101.948228	0.0	0.0
0.059402	0.059383900	101.814487	0.0	0.0
0.059993	0.059975900	101.682145	0.0	0.0
0.060591	0.060573900	101.551184	0.0	0.0
0.061195	0.061177800	101.421590	0.0	0.0
0.061804	0.061787700	101.293346	0.0	0.0
0.062420	0.062403700	101.166436	0.0	0.0
0.063042	0.063025800	101.040842	0.0	0.0
0.063670	0.063654100	100.916552	0.0	0.0
0.064304	0.064288600	100.793552	0.0	0.0
0.064945	0.064929500	100.671821	0.0	0.0
0.065592	0.065576600	100.551349	0.0	0.0
0.066246	0.066230300	100.432120	0.0	0.0
0.066906	0.066890500	100.314118	0.0	0.0
0.067572	0.067557200	100.197331	0.0	0.0
0.068245	0.068230600	100.081743	0.0	0.0
0.068925	0.068910600	99.967343	0.0	0.0
0.069612	0.069597500	99.854112	0.0	0.0
0.070305	0.070291100	99.742041	0.0	0.0
0.071006	0.070991700	99.631116	0.0	0.0
0.071713	0.071699200	99.521321	0.0	0.0
0.072428	0.072413800	99.412646	0.0	0.0
0.073149	0.073135500	99.305077	0.0	0.0
0.073878	0.073864300	99.198599	0.0	0.0
0.074614	0.074600500	99.093204	0.0	0.0
0.075357	0.075344000	98.988875	0.0	0.0
0.076108	0.076094800	98.885602	0.0	0.0
0.076866	0.076853100	98.783373	0.0	0.0
0.077632	0.077619000	98.682175	0.0	0.0
0.078406	0.078392500	98.581999	0.0	0.0
0.079187	0.079173700	98.482828	0.0	0.0
0.079976	0.079962600	98.384656	0.0	0.0
0.080773	0.080759500	98.287469	0.0	0.0
0.081577	0.081564200	98.191254	0.0	0.0
0.082390	0.082377000	98.096003	0.0	0.0
0.083211	0.083197900	98.001705	0.0	0.0
0.084040	0.084026900	97.908346	0.0	0.0
0.084877	0.084864300	97.815918	0.0	0.0
0.085723	0.085709900	97.724409	0.0	0.0
0.086577	0.086563900	97.633811	0.0	0.0
0.087439	0.087426500	97.544110	0.0	0.0
0.088310	0.088297600	97.455299	0.0	0.0
0.089190	0.089177500	97.367365	0.0	0.0
0.090079	0.090066000	97.280300	0.0	0.0
0.090976	0.090963500	97.194095	0.0	0.0
0.091883	0.091869900	97.108738	0.0	0.0
0.092798	0.092785300	97.024220	0.0	0.0
0.093722	0.093709800	96.940531	0.0	0.0
0.094656	0.094643500	96.857664	0.0	0.0
0.095599	0.095586500	96.775607	0.0	0.0
0.096552	0.096538900	96.694352	0.0	0.0
0.097514	0.097500800	96.613891	0.0	0.0
0.098485	0.098472300	96.534212	0.0	0.0
0.099466	0.099453500	96.455309	0.0	0.0
0.100457	0.100444000	96.377170	0.0	0.0
0.101458	0.101445000	96.299792	0.0	0.0
0.102469	0.102456000	96.223162	0.0	0.0
0.103490	0.103477000	96.147269	0.0	0.0
0.104521	0.104508000	96.072114	0.0	0.0
0.105562	0.105549000	95.997680	0.0	0.0
0.106614	0.106601000	95.923960	0.0	0.0
0.107676	0.107663000	95.850953	0.0	0.0
0.108749	0.108735000	95.778637	0.0	0.0
0.109832	0.109819000	95.707019	0.0	0.0
0.110926	0.110913000	95.636084	0.0	0.0
0.112031	0.112018000	95.565818	0.0	0.0
0.113148	0.113134000	95.496228	0.0	0.0
0.114275	0.114261000	95.427294	0.0	0.0
0.115413	0.115400000	95.359020	0.0	0.0
0.116563	0.116550000	95.291383	0.0	0.0
0.117724	0.117711000	95.224393	0.0	0.0
0.118897	0.118883000	95.158027	0.0	0.0
0.120082	0.120068000	95.092290	0.0	0.0
0.121278	0.121264000	95.027164	0.0	0.0
0.122486	0.122472000	94.962655	0.0	0.0
0.123707	0.123693000	94.898745	0.0	0.0
0.124939	0.124925000	94.835428	0.0	0.0
0.126184	0.126170000	94.772705	0.0	0.0
0.127441	0.127427000	94.710565	0.0	0.0
0.128711	0.128696000	94.648996	0.0	0.0
0.129993	0.129978000	94.587999	0.0	0.0
0.131288	0.131273000	94.527564	0.0	0.0
0.132596	0.132581000	94.467685	0.0	0.0
0.133917	0.133902000	94.408357	0.0	0.0
0.135251	0.135236000	94.349571	0.0	0.0
0.136599	0.136584000	94.291326	0.0	0.0
0.137960	0.137944000	94.233608	0.0	0.0
0.139334	0.139319000	94.176414	0.0	0.0
0.140722	0.140707000	94.119743	0.0	0.0
0.142124	0.142109000	94.063582	0.0	0.0
0.143540	0.143525000	94.007930	0.0	0.0
0.144970	0.144955000	93.952775	0.0	0.0
0.146414	0.146399000	93.898118	0.0	0.0
0.147873	0.147857000	93.843953	0.0	0.0
0.149346	0.149330000	93.790265	0.0	0.0
0.150834	0.150818000	93.737062	0.0	0.0
0.152337	0.152321000	93.684325	0.0	0.0
0.153855	0.153838000	93.632058	0.0	0.0
0.155387	0.155371000	93.580252	0.0	0.0
0.156935	0.156919000	93.528905	0.0	0.0
0.158499	0.158482000	93.478006	0.0	0.0
0.160078	0.160061000	93.427551	0.0	0.0
0.161673	0.161656000	93.377537	0.0	0.0
0.163284	0.163266000	93.327957	0.0	0.0
0.164910	0.164893000	93.278806	0.0	0.0
0.166553	0.166536000	93.230082	0.0	0.0
0.168213	0.168195000	93.181776	0.0	0.0
0.169888	0.169871000	93.133882	0.0	0.0
0.171581	0.171563000	93.086401	0.0	0.0
0.173290	0.173272000	93.039322	0.0	0.0
0.175017	0.174999000	92.992642	0.0	0.0
0.176760	0.176742000	92.946358	0.0	0.0
0.178521	0.178503000	92.900464	0.0	0.0
0.180300	0.180282000	92.854953	0.0	0.0
0.182096	0.182078000	92.809823	0.0	0.0
0.183910	0.183892000	92.765070	0.0	0.0
0.185743	0.185724000	92.720686	0.0	0.0
0.187593	0.187574000	92.676670	0.0	0.0
0.189462	0.189443000	92.633016	0.0	0.0
0.191350	0.191330000	92.589717	0.0	0.0
0.193256	0.193237000	92.546774	0.0	0.0
0.195181	0.195162000	92.504177	0.0	0.0
0.197126	0.197106000	92.461926	0.0	0.0
0.199090	0.199070000	92.420014	0.0	0.0
0.201073	0.201053000	92.378436	0.0	0.0
0.203077	0.203056000	92.337191	0.0	0.0
0.205100	0.205079000	92.296272	0.0	0.0
0.207143	0.207122000	92.255674	0.0	0.0
0.209207	0.209186000	92.215397	0.0	0.0
0.211291	0.211270000	92.175435	0.0	0.0
0.213396	0.213375000	92.135780	0.0	0.0
0.215522	0.215501000	92.096433	0.0	0.0
0.217669	0.217648000	92.057388	0.0	0.0
0.219838	0.219816000	92.018643	0.0	0.0
0.222028	0.222006000	91.980190	0.0	0.0
0.224240	0.224218000	91.942028	0.0	0.0
0.226474	0.226452000	91.904153	0.0	0.0
0.228730	0.228708000	91.866560	0.0	0.0
0.231009	0.230987000	91.829245	0.0	0.0
0.233311	0.233288000	91.792205	0.0	0.0
0.235635	0.235612000	91.755436	0.0	0.0
0.237983	0.237959000	91.718936	0.0	0.0
0.240354	0.240330000	91.682698	0.0	0.0
0.242748	0.242725000	91.646720	0.0	0.0
0.245167	0.245143000	91.610999	0.0	0.0
0.247609	0.247585000	91.575531	0.0	0.0
0.250076	0.250052000	91.540310	0.0	0.0
0.252567	0.252543000	91.505337	0.0	0.0
0.255084	0.255059000	91.470606	0.0	0.0
0.257625	0.257600000	91.436111	0.0	0.0
0.260192	0.260167000	91.401853	0.0	0.0
0.262784	0.262759000	91.367826	0.0	0.0
0.265402	0.265376000	91.334025	0.0	0.0
0.268046	0.268020000	91.300451	0.0	0.0
0.270716	0.270691000	91.267098	0.0	0.0
0.273413	0.273388000	91.233962	0.0	0.0
0.276137	0.276111000	91.201041	0.0	0.0
0.278888	0.278862000	91.168331	0.0	0.0
0.281667	0.281640000	91.135828	0.0	0.0
0.284473	0.284446000	91.103530	0.0	0.0
0.287307	0.287280000	91.071434	0.0	0.0
0.290170	0.290142000	91.039536	0.0	0.0
0.293060	0.293033000	91.007832	0.0	0.0
0.295980	0.295953000	90.976319	0.0	0.0
0.298929	0.298901000	90.944997	0.0	0.0
0.301907	0.301879000	90.913858	0.0	0.0
0.304915	0.304887000	90.882902	0.0	0.0
0.307953	0.307924000	90.852124	0.0	0.0
0.311021	0.310992000	90.821523	0.0	0.0
0.314119	0.314090000	90.791095	0.0	0.0
0.317249	0.317220000	90.760837	0.0	0.0
0.320409	0.320380000	90.730745	0.0	0.0
0.323602	0.323572000	90.700817	0.0	0.0
0.326825	0.326796000	90.671050	0.0	0.0
0.330082	0.330052000	90.641440	0.0	0.0
0.333370	0.333340000	90.611986	0.0	0.0
0.336691	0.336661000	90.582682	0.0	0.0
0.340046	0.340015000	90.553529	0.0	0.0
0.343433	0.343403000	90.524521	0.0	0.0
0.346855	0.346824000	90.495656	0.0	0.0
0.350311	0.350280000	90.466931	0.0	0.0
0.353801	0.353769000	90.438343	0.0	0.0
0.357325	0.357294000	90.409890	0.0	0.0
0.360885	0.360854000	90.381568	0.0	0.0
0.364481	0.364449000	90.353375	0.0	0.0
0.368112	0.368080000	90.325309	0.0	0.0
0.371779	0.371747000	90.297365	0.0	0.0
0.375483	0.375451000	90.269541	0.0	0.0
0.379224	0.379191000	90.241835	0.0	0.0
0.383002	0.382969000	90.214244	0.0	0.0
0.386818	0.386785000	90.186764	0.0	0.0
0.390672	0.390638000	90.159395	0.0	0.0
0.394564	0.394530000	90.132131	0.0	0.0
0.398495	0.398461000	90.104971	0.0	0.0
0.402465	0.402431000	90.077913	0.0	0.0
0.406474	0.406440000	90.050953	0.0	0.0
0.410524	0.410490000	90.024088	0.0	0.0
0.414614	0.414580000	89.997317	0.0	0.0
0.418745	0.418710000	89.970636	0.0	0.0
0.422916	0.422882000	89.944042	0.0	0.0
0.427130	0.427095000	89.917534	0.0	0.0
0.431385	0.431350000	89.891108	0.0	0.0
0.435683	0.435648000	89.864762	0.0	0.0
0.440024	0.439988000	89.838493	0.0	0.0
0.444407	0.444372000	89.812298	0.0	0.0
0.448835	0.448799000	89.786176	0.0	0.0
0.453307	0.453271000	89.760122	0.0	0.0
0.457823	0.457787000	89.734136	0.0	0.0
0.462384	0.462348000	89.708213	0.0	0.0
0.466990	0.466954000	89.682353	0.0	0.0
0.471643	0.471606000	89.656551	0.0	0.0
0.476342	0.476305000	89.630805	0.0	0.0
0.481087	0.481051000	89.605114	0.0	0.0
0.485880	0.485843000	89.579473	0.0	0.0
0.490721	0.490684000	89.553882	0.0	0.0
0.495610	0.495573000	89.528337	0.0	0.0
0.500547	0.500510000	89.502835	0.0	0.0
0.505534	0.505497000	89.477374	0.0	0.0
0.510571	0.510533000	89.451953	0.0	0.0
0.515657	0.515620000	89.426567	0.0	0.0
0.520795	0.520757000	89.401215	0.0	0.0
0.525983	0.525946000	89.375894	0.0	0.0
0.531224	0.531186000	89.350601	0.0	0.0
0.536516	0.536478000	89.325335	0.0	0.0
0.541861	0.541823000	89.300092	0.0	0.0
0.547260	0.547222000	89.274870	0.0	0.0
0.552712	0.552674000	89.249667	0.0	0.0
0.558218	0.558180000	89.224480	0.0	0.0
0.563780	0.563741000	89.199306	0.0	0.0
0.569396	0.569358000	89.174143	0.0	0.0
0.575069	0.575031000	89.148989	0.0	0.0
0.580798	0.580760000	89.123841	0.0	0.0
0.586585	0.586547000	89.098697	0.0	0.0
0.592429	0.592391000	89.073553	0.0	0.0
0.598331	0.598293000	89.048408	0.0	0.0
0.604292	0.604254000	89.023259	0.0	0.0
0.610312	0.610274000	88.998104	0.0	0.0
0.616392	0.616355000	88.972940	0.0	0.0
0.622533	0.622496000	88.947765	0.0	0.0
0.628736	0.628698000	88.922575	0.0	0.0
0.634999	0.634962000	88.897370	0.0	0.0
0.641326	0.641289000	88.872145	0.0	0.0
0.647715	0.647678000	88.846899	0.0	0.0
0.654168	0.654131000	88.821629	0.0	0.0
0.660685	0.660649000	88.796333	0.0	0.0
0.667268	0.667231000	88.771008	0.0	0.0
0.673915	0.673879000	88.745652	0.0	0.0
0.680629	0.680593000	88.720262	0.0	0.0
0.687410	0.687375000	88.694835	0.0	0.0
0.694259	0.694223000	88.669369	0.0	0.0
0.701175	0.701140000	88.643862	0.0	0.0
0.708161	0.708126000	88.618311	0.0	0.0
0.715216	0.715181000	88.592714	0.0	0.0
0.722342	0.722308000	88.567067	0.0	0.0
0.729538	0.729504000	88.541369	0.0	0.0
0.736806	0.736773000	88.515617	0.0	0.0
0.744147	0.744114000	88.489808	0.0	0.0
0.751561	0.751528000	88.463940	0.0	0.0
0.759048	0.759016000	88.438011	0.0	0.0
0.766610	0.766579000	88.412017	0.0	0.0
0.774248	0.774217000	88.385956	0.0	0.0
0.781961	0.781931000	88.359826	0.0	0.0
0.789752	0.789722000	88.333623	0.0	0.0
0.797620	0.797591000	88.307346	0.0	0.0
0.805566	0.805538000	88.280992	0.0	0.0
0.813592	0.813564000	88.254558	0.0	0.0
0.821698	0.821670000	88.228042	0.0	0.0
0.829884	0.829858000	88.201440	0.0	0.0
0.838152	0.838126000	88.174751	0.0	0.0
0.846502	0.846478000	88.147971	0.0	0.0
0.854936	0.854912000	88.121099	0.0	0.0
0.863453	0.863431000	88.094130	0.0	0.0
0.872055	0.872034000	88.067064	0.0	0.0
0.880743	0.880723000	88.039896	0.0	0.0
0.889518	0.889498000	88.012625	0.0	0.0
0.898380	0.898361000	87.985248	0.0	0.0
0.907330	0.907313000	87.957761	0.0	0.0
0.916370	0.916354000	87.930163	0.0	0.0
0.925499	0.925484000	87.902450	0.0	0.0
0.934720	0.934707000	87.874620	0.0	0.0
0.944032	0.944020000	87.846669	0.0	0.0
0.953437	0.953427000	87.818597	0.0	0.0
0.962936	0.962927000	87.790398	0.0	0.0
0.972529	0.972522000	87.762071	0.0	0.0
0.982218	0.982213000	87.733613	0.0	0.0
0.992004	0.992000000	87.705022	0.0	0.0
1.001887	1.001880000	87.676293	0.0	0.0
1.011868	1.011870000	87.647426	0.0	0.0
1.021949	1.021950000	87.618415	0.0	0.0
1.032131	1.032130000	87.589257	0.0	0.0
1.042414	1.042420000	87.559953	0.0	0.0
1.052799	1.052810000	87.530498	0.0	0.0
1.063288	1.063300000	87.500888	0.0	0.0
1.073881	1.073890000	87.471122	0.0	0.0
1.084580	1.084590000	87.441195	0.0	0.0
1.095385	1.095400000	87.411107	0.0	0.0
1.106298	1.106320000	87.380852	0.0	0.0
1.117320	1.117340000	87.350427	0.0	0.0
1.128451	1.128480000	87.319833	0.0	0.0
1.139694	1.139720000	87.289061	0.0	0.0
1.151048	1.151080000	87.258114	0.0	0.0
1.162516	1.162550000	87.226983	0.0	0.0
1.174097	1.174130000	87.195672	0.0	0.0
1.185794	1.185830000	87.164172	0.0	0.0
1.197608	1.197650000	87.132480	0.0	0.0
1.209540	1.209590000	87.100594	0.0	0.0
1.221590	1.221640000	87.068514	0.0	0.0
1.233760	1.233810000	87.036235	0.0	0.0
1.246052	1.246110000	87.003750	0.0	0.0
1.258466	1.258530000	86.971060	0.0	0.0
1.271004	1.271070000	86.938161	0.0	0.0
1.283666	1.283740000	86.905051	0.0	0.0
1.296455	1.296530000	86.871722	0.0	0.0
1.309371	1.309450000	86.838176	0.0	0.0
1.322416	1.322500000	86.804406	0.0	0.0
1.335591	1.335680000	86.770410	0.0	0.0
1.348897	1.348990000	86.736186	0.0	0.0
1.362336	1.362440000	86.701728	0.0	0.0
1.375908	1.376010000	86.667036	0.0	0.0
1.389616	1.389730000	86.632102	0.0	0.0
1.403460	1.403580000	86.596927	0.0	0.0
1.417443	1.417570000	86.561503	0.0	0.0
1.431564	1.431690000	86.525832	0.0	0.0
1.445826	1.445960000	86.489907	0.0	0.0
1.460231	1.460370000	86.453722	0.0	0.0
1.474779	1.474930000	86.417278	0.0	0.0
1.489471	1.489630000	86.380572	0.0	0.0
1.504310	1.504470000	86.343596	0.0	0.0
1.519297	1.519470000	86.306349	0.0	0.0
1.534434	1.534610000	86.268824	0.0	0.0
1.549721	1.549910000	86.231022	0.0	0.0
1.565160	1.565360000	86.192939	0.0	0.0
1.580753	1.580960000	86.154568	0.0	0.0
1.596502	1.596710000	86.115905	0.0	0.0
1.612408	1.612630000	86.076948	0.0	0.0
1.628471	1.628700000	86.037696	0.0	0.0
1.644695	1.644940000	85.998140	0.0	0.0
1.661081	1.661330000	85.958277	0.0	0.0
1.677630	1.677890000	85.918104	0.0	0.0
1.694344	1.694620000	85.877618	0.0	0.0
1.711224	1.711510000	85.836814	0.0	0.0
1.728272	1.728570000	85.795689	0.0	0.0
1.745491	1.745800000	85.754235	0.0	0.0
1.762880	1.763200000	85.712455	0.0	0.0
1.780443	1.780770000	85.670338	0.0	0.0
1.798181	1.798520000	85.627883	0.0	0.0
1.816096	1.816450000	85.585084	0.0	0.0
1.834189	1.834560000	85.541940	0.0	0.0
1.852463	1.852850000	85.498442	0.0	0.0
1.870918	1.871320000	85.454591	0.0	0.0
1.889558	1.889970000	85.410377	0.0	0.0
1.908383	1.908810000	85.365800	0.0	0.0
1.927396	1.927840000	85.320853	0.0	0.0
1.946598	1.947060000	85.275534	0.0	0.0
1.965991	1.966470000	85.229837	0.0	0.0
1.985578	1.986070000	85.183756	0.0	0.0
2.005359	2.005870000	85.137290	0.0	0.0
2.025338	2.025870000	85.090431	0.0	0.0
2.045516	2.046070000	85.043174	0.0	0.0
2.065895	2.066470000	84.995517	0.0	0.0
2.086477	2.087070000	84.947454	0.0	0.0
2.107264	2.107880000	84.898980	0.0	0.0
2.128258	2.128890000	84.850091	0.0	0.0
2.149461	2.150120000	84.800781	0.0	0.0
2.170875	2.171560000	84.751046	0.0	0.0
2.192503	2.193210000	84.700880	0.0	0.0
2.214346	2.215080000	84.650279	0.0	0.0
2.236407	2.237160000	84.599236	0.0	0.0
2.258688	2.259470000	84.547747	0.0	0.0
2.281191	2.282000000	84.495807	0.0	0.0
2.303917	2.304750000	84.443414	0.0	0.0
2.326871	2.327740000	84.390555	0.0	0.0
2.350052	2.350950000	84.337234	0.0	0.0
2.373465	2.374390000	84.283438	0.0	0.0
2.397111	2.398070000	84.229165	0.0	0.0
2.420993	2.421980000	84.174408	0.0	0.0
2.445113	2.446130000	84.119163	0.0	0.0
2.469473	2.470530000	84.063424	0.0	0.0
2.494075	2.495170000	84.007187	0.0	0.0
2.518923	2.520050000	83.950443	0.0	0.0
2.544018	2.545180000	83.893188	0.0	0.0
2.569364	2.570570000	83.835415	0.0	0.0
2.594961	2.596200000	83.777122	0.0	0.0
2.620814	2.622100000	83.718299	0.0	0.0
2.646925	2.648250000	83.658939	0.0	0.0
2.673295	2.674660000	83.599042	0.0	0.0
2.699928	2.701340000	83.538598	0.0	0.0
2.726827	2.728290000	83.477599	0.0	0.0
2.753994	2.755500000	83.416041	0.0	0.0
2.781431	2.782990000	83.353919	0.0	0.0
2.809141	2.810750000	83.291227	0.0	0.0
2.837128	2.838790000	83.227954	0.0	0.0
2.865393	2.867100000	83.164100	0.0	0.0
2.893941	2.895710000	83.099651	0.0	0.0
2.922772	2.924590000	83.034608	0.0	0.0
2.951891	2.953770000	82.968959	0.0	0.0
2.981300	2.983240000	82.902699	0.0	0.0
3.011001	3.013000000	82.835825	0.0	0.0
3.040999	3.043060000	82.768323	0.0	0.0
3.071296	3.073430000	82.700190	0.0	0.0
3.101894	3.104090000	82.631421	0.0	0.0
3.132797	3.135060000	82.562006	0.0	0.0
3.164008	3.166350000	82.491939	0.0	0.0
3.195530	3.197940000	82.421212	0.0	0.0
3.227367	3.229860000	82.349816	0.0	0.0
3.259520	3.262090000	82.277748	0.0	0.0
3.291993	3.294640000	82.205000	0.0	0.0
3.324791	3.327520000	82.131560	0.0	0.0
3.357915	3.360730000	82.057425	0.0	0.0
3.391368	3.394270000	81.982588	0.0	0.0
3.425156	3.428150000	81.907035	0.0	0.0
3.459279	3.462370000	81.830766	0.0	0.0
3.493743	3.496920000	81.753767	0.0	0.0
3.528550	3.531830000	81.676034	0.0	0.0
3.563704	3.567090000	81.597556	0.0	0.0
3.599208	3.602690000	81.518327	0.0	0.0
3.635066	3.638660000	81.438338	0.0	0.0
3.671281	3.674980000	81.357581	0.0	0.0
3.707857	3.711670000	81.276047	0.0	0.0
3.744797	3.748730000	81.193729	0.0	0.0
3.782106	3.786160000	81.110616	0.0	0.0
3.819786	3.823960000	81.026701	0.0	0.0
3.857841	3.862150000	80.941976	0.0	0.0
3.896276	3.900710000	80.856430	0.0	0.0
3.935093	3.939670000	80.770057	0.0	0.0
3.974297	3.979010000	80.682845	0.0	0.0
4.013892	4.018750000	80.594785	0.0	0.0
4.053881	4.058880000	80.505871	0.0	0.0
4.094269	4.099420000	80.416089	0.0	0.0
4.135059	4.140370000	80.325433	0.0	0.0
4.176255	4.181730000	80.233894	0.0	0.0
4.217862	4.223500000	80.141459	0.0	0.0
4.259883	4.265690000	80.048121	0.0	0.0
4.302323	4.308300000	79.953868	0.0	0.0
4.345186	4.351350000	79.858692	0.0	0.0
4.388476	4.394820000	79.762581	0.0	0.0
4.432197	4.438730000	79.665528	0.0	0.0
4.476353	4.483080000	79.567521	0.0	0.0
4.520950	4.527880000	79.468547	0.0	0.0
4.565991	4.573130000	79.368598	0.0	0.0
4.611480	4.618830000	79.267665	0.0	0.0
4.657423	4.664990000	79.165733	0.0	0.0
4.703824	4.711620000	79.062793	0.0	0.0
4.750687	4.758720000	78.958835	0.0	0.0
4.798016	4.806280000	78.853849	0.0	0.0
4.845817	4.854330000	78.747820	0.0	0.0
4.894095	4.902860000	78.640737	0.0	0.0
4.942853	4.951880000	78.532593	0.0	0.0
4.992097	5.001390000	78.423372	0.0	0.0
5.041832	5.051400000	78.313062	0.0	0.0
5.092062	5.101910000	78.201654	0.0	0.0
5.142793	5.152930000	78.089133	0.0	0.0
5.194029	5.204460000	77.975489	0.0	0.0
5.245776	5.256520000	77.860707	0.0	0.0
5.298038	5.309090000	77.744777	0.0	0.0
5.350821	5.362200000	77.627686	0.0	0.0
5.404129	5.415840000	77.509421	0.0	0.0
5.457969	5.470020000	77.389968	0.0	0.0
5.512345	5.524750000	77.269315	0.0	0.0
5.567263	5.580030000	77.147447	0.0	0.0
5.622728	5.635870000	77.024352	0.0	0.0
5.678746	5.692270000	76.900015	0.0	0.0
5.735321	5.749230000	76.774427	0.0	0.0
5.792460	5.806780000	76.647568	0.0	0.0
5.850169	5.864900000	76.519425	0.0	0.0
5.908453	5.923610000	76.389985	0.0	0.0
5.967317	5.982910000	76.259235	0.0	0.0
6.026767	6.042810000	76.127160	0.0	0.0
6.086810	6.103310000	75.993742	0.0	0.0
6.147451	6.164430000	75.858968	0.0	0.0
6.208696	6.226160000	75.722824	0.0	0.0
6.270552	6.288520000	75.585290	0.0	0.0
6.333023	6.351500000	75.446357	0.0	0.0
6.396117	6.415130000	75.306005	0.0	0.0
6.459840	6.479390000	75.164218	0.0	0.0
6.524198	6.544300000	75.020980	0.0	0.0
6.589196	6.609870000	74.876278	0.0	0.0
6.654842	6.676110000	74.730092	0.0	0.0
6.721143	6.743010000	74.582403	0.0	0.0
6.788103	6.810590000	74.433201	0.0	0.0
6.855731	6.878850000	74.282462	0.0	0.0
6.924033	6.947800000	74.130170	0.0	0.0
6.993015	7.017460000	73.976310	0.0	0.0
7.062684	7.087810000	73.820863	0.0	0.0
7.133048	7.158870000	73.663809	0.0	0.0
7.204112	7.230670000	73.505132	0.0	0.0
7.275884	7.303180000	73.344812	0.0	0.0
7.348372	7.376430000	73.182828	0.0	0.0
7.421582	7.450410000	73.019164	0.0	0.0
7.495521	7.525150000	72.853800	0.0	0.0
7.570196	7.600650000	72.686718	0.0	0.0
7.645616	7.676910000	72.517893	0.0	0.0
7.721787	7.753950000	72.347309	0.0	0.0
7.798717	7.831760000	72.174944	0.0	0.0
7.876413	7.910360000	72.000778	0.0	0.0
7.954883	7.989760000	71.824790	0.0	0.0
8.034135	8.069960000	71.646957	0.0	0.0
8.114177	8.150980000	71.467258	0.0	0.0
8.195016	8.232820000	71.285673	0.0	0.0
8.276661	8.315490000	71.102176	0.0	0.0
8.359119	8.398990000	70.916749	0.0	0.0
8.442398	8.483350000	70.729367	0.0	0.0
8.526507	8.568560000	70.540006	0.0	0.0
8.611454	8.654630000	70.348643	0.0	0.0
8.697247	8.741580000	70.155256	0.0	0.0
8.783896	8.829410000	69.959815	0.0	0.0
8.871407	8.918130000	69.762304	0.0	0.0
8.959790	9.007750000	69.562693	0.0	0.0
9.049054	9.098270000	69.360956	0.0	0.0
9.139207	9.189720000	69.157071	0.0	0.0
9.230258	9.282100000	68.951010	0.0	0.0
9.322216	9.375410000	68.742747	0.0	0.0
9.415091	9.469670000	68.532253	0.0	0.0
9.508890	9.564880000	68.319507	0.0	0.0
9.603625	9.661060000	68.104473	0.0	0.0
9.699303	9.758210000	67.887131	0.0	0.0
9.795934	9.856350000	67.667449	0.0	0.0
9.893528	9.955470000	67.445399	0.0	0.0
9.992094	10.055600000	67.220952	0.0	0.0
10.091640	10.156800000	66.994083	0.0	0.0
10.192180	10.258900000	66.764753	0.0	0.0
10.293720	10.362200000	66.532939	0.0	0.0
10.396280	10.466400000	66.298588	0.0	0.0
10.499850	10.571700000	66.061715	0.0	0.0
10.604460	10.678100000	65.822242	0.0	0.0
10.710110	10.785500000	65.580161	0.0	0.0
10.816810	10.894100000	65.335441	0.0	0.0
10.924570	11.003700000	65.088048	0.0	0.0
11.033410	11.114400000	64.837928	0.0	0.0
11.143340	11.226300000	64.585048	0.0	0.0
11.254350	11.339300000	64.329421	0.0	0.0
11.366480	11.453400000	64.070946	0.0	0.0
11.479720	11.568700000	63.809634	0.0	0.0
11.594090	11.685100000	63.545430	0.0	0.0
11.709600	11.802700000	63.278298	0.0	0.0
11.826250	11.921500000	63.008229	0.0	0.0
11.944080	12.041400000	62.735118	0.0	0.0
12.063070	12.162600000	62.459000	0.0	0.0
12.183250	12.285000000	62.179794	0.0	0.0
12.304630	12.408600000	61.897463	0.0	0.0
12.427220	12.533500000	61.611972	0.0	0.0
12.551030	12.659600000	61.323286	0.0	0.0
12.676070	12.786900000	61.031368	0.0	0.0
12.802360	12.915500000	60.736157	0.0	0.0
12.929900	13.045400000	60.437641	0.0	0.0
13.058720	13.176600000	60.135735	0.0	0.0
13.188820	13.309100000	59.830424	0.0	0.0
13.320220	13.442900000	59.521648	0.0	0.0
13.452920	13.578000000	59.209392	0.0	0.0
13.586950	13.714400000	58.893569	0.0	0.0
13.722310	13.852200000	58.574164	0.0	0.0
13.859020	13.991300000	58.251115	0.0	0.0
13.997100	14.131800000	57.924358	0.0	0.0
14.136540	14.273700000	57.593900	0.0	0.0
14.277380	14.416900000	57.259630	0.0	0.0
14.419620	14.561500000	56.921530	0.0	0.0
14.563280	14.707600000	56.579535	0.0	0.0
14.708370	14.855000000	56.233605	0.0	0.0
14.854910	15.003800000	55.883673	0.0	0.0
15.002900	15.154100000	55.529721	0.0	0.0
15.152370	15.305800000	55.171659	0.0	0.0
15.303330	15.458900000	54.809443	0.0	0.0
15.455790	15.613500000	54.443030	0.0	0.0
15.609770	15.769600000	54.072354	0.0	0.0
15.765290	15.927100000	53.697345	0.0	0.0
15.922350	16.086100000	53.317983	0.0	0.0
16.080980	16.246500000	52.934176	0.0	0.0
16.241190	16.408100000	52.545879	0.0	0.0
16.403000	16.568300000	52.153022	0.0	0.0
16.566420	16.717200000	51.755559	0.0	0.0
16.731460	16.825800000	51.353446	0.0	0.0
16.898160	16.830300000	50.946562	0.0	0.0
17.066510	16.620000000	50.534910	0.0	0.0
17.236540	16.045100000	50.118395	0.0	0.0
17.408260	14.956100000	49.696969	0.0	0.0
17.581690	13.272400000	49.270562	0.0	0.0
17.756850	11.050100000	48.839102	0.0	0.0
17.933760	8.504950000	48.402516	0.0	0.0
18.112430	5.962610000	47.960757	0.0	0.0
18.292880	3.749200000	47.513753	0.0	0.0
18.475120	2.078390000	47.061457	0.0	0.0
18.659180	0.995279000	46.603770	0.0	0.0
18.845080	0.401137000	46.140620	0.0	0.0
19.032830	0.131305000	45.671960	0.0	0.0
19.222450	0.033108900	45.197718	0.0	0.0
19.413950	0.005896910	44.717845	0.0	0.0
19.607370	0.000628724	44.232219	0.0	0.0
19.802710	0.000026185	43.740818	0.0	0.0
20.000000	0.000000305	43.243545	0.0	0.0
