# UNCLASSIFIED
#
# Response info for LBTB broad band site.
# 
# Effective: 02 Mar 2007
# Created:  02 Mar 2007
# File name: LBTB_bb_2007061_rsp.txt
# Inid: 3770, 3771, 3772 
# Source:  James Neely (TTD)
# System equipment:  KS54000-0102 seismometer and AIM24S-3 digitizer.
# 
# The response file was derived from the average of actual RB calibrations.
# Displacement response normalized to 1.0 at 1.0 Hz.
# 
# The calib values for this configuration are as follows:
# 
# LBTBB BHZ is 0.020000 nm/count at 1.0 Hz.
# LBTBB BHN is 0.020000 nm/count at 1.0 Hz.
# LBTBB BHE is 0.020000 nm/count at 1.0 Hz.
# 
# Freq(Hz)     Amp(counts/nm)   Phase(deg)  Error(amp) Error(phase)
# 
 theoretical   0   instrument   fap
2047
0.009800	0.006200015	145.000000	0.0	0.0
0.019500	0.015154256	131.233333	0.0	0.0
0.029300	0.025489870	119.166667	0.0	0.0
0.039100	0.036197348	113.033333	0.0	0.0
0.048800	0.046442953	107.733333	0.0	0.0
0.058600	0.056719311	104.066667	0.0	0.0
0.068400	0.067228915	101.066667	0.0	0.0
0.078100	0.076928500	99.400000	0.0	0.0
0.087900	0.087021000	97.100000	0.0	0.0
0.097700	0.096967250	95.866667	0.0	0.0
0.107400	0.106863000	95.000000	0.0	0.0
0.117200	0.117200000	94.506500	0.0	0.0
0.127000	0.127000000	94.013000	0.0	0.0
0.136700	0.136700000	93.519500	0.0	0.0
0.146500	0.146500000	93.026000	0.0	0.0
0.156300	0.156300000	92.532500	0.0	0.0
0.166000	0.166000000	92.039000	0.0	0.0
0.175800	0.175800000	91.545500	0.0	0.0
0.185500	0.185500000	91.052000	0.0	0.0
0.195300	0.195300000	90.558500	0.0	0.0
0.205100	0.205100000	90.065000	0.0	0.0
0.214800	0.214800000	89.571500	0.0	0.0
0.224600	0.224600000	89.078000	0.0	0.0
0.234400	0.234400000	88.584500	0.0	0.0
0.244100	0.244100000	88.091000	0.0	0.0
0.253900	0.253900000	87.966667	0.0	0.0
0.263700	0.263700000	87.866667	0.0	0.0
0.273400	0.273400000	87.900000	0.0	0.0
0.283200	0.283200000	87.733333	0.0	0.0
0.293000	0.293000000	87.366667	0.0	0.0
0.302700	0.302700000	87.966667	0.0	0.0
0.312500	0.312500000	87.966667	0.0	0.0
0.322300	0.322300000	87.633333	0.0	0.0
0.332000	0.332000000	86.700000	0.0	0.0
0.341800	0.341800000	86.200000	0.0	0.0
0.351600	0.351600000	86.000000	0.0	0.0
0.361300	0.361300000	85.766667	0.0	0.0
0.371100	0.371100000	85.566667	0.0	0.0
0.380900	0.380900000	85.100000	0.0	0.0
0.390600	0.390600000	84.733333	0.0	0.0
0.400400	0.400400000	84.633333	0.0	0.0
0.410200	0.410200000	84.600000	0.0	0.0
0.419900	0.419900000	84.366667	0.0	0.0
0.429700	0.429700000	83.900000	0.0	0.0
0.439500	0.439500000	83.633333	0.0	0.0
0.449200	0.449200000	83.433333	0.0	0.0
0.459000	0.459000000	83.233333	0.0	0.0
0.468800	0.468800000	83.100000	0.0	0.0
0.478500	0.478500000	83.066667	0.0	0.0
0.488300	0.488300000	82.766667	0.0	0.0
0.498000	0.498000000	82.600000	0.0	0.0
0.507800	0.507800000	82.200000	0.0	0.0
0.517600	0.517600000	82.000000	0.0	0.0
0.527300	0.527300000	81.800000	0.0	0.0
0.537100	0.537100000	81.500000	0.0	0.0
0.546900	0.546900000	81.200000	0.0	0.0
0.556600	0.556600000	80.800000	0.0	0.0
0.566400	0.566400000	80.766667	0.0	0.0
0.576200	0.576200000	80.666667	0.0	0.0
0.585900	0.585900000	80.566667	0.0	0.0
0.595700	0.595700000	80.266667	0.0	0.0
0.605500	0.605500000	79.866667	0.0	0.0
0.615200	0.615200000	79.733333	0.0	0.0
0.625000	0.625000000	79.800000	0.0	0.0
0.634800	0.634800000	79.766667	0.0	0.0
0.644500	0.644500000	79.566667	0.0	0.0
0.654300	0.654300000	79.166667	0.0	0.0
0.664100	0.664100000	79.000000	0.0	0.0
0.673800	0.673800000	78.733333	0.0	0.0
0.683600	0.683600000	78.466667	0.0	0.0
0.693400	0.693400000	78.366667	0.0	0.0
0.703100	0.703100000	78.200000	0.0	0.0
0.712900	0.712900000	78.000000	0.0	0.0
0.722700	0.722700000	77.766667	0.0	0.0
0.732400	0.732400000	77.500000	0.0	0.0
0.742200	0.742200000	77.300000	0.0	0.0
0.752000	0.752000000	77.133333	0.0	0.0
0.761700	0.761700000	76.966667	0.0	0.0
0.771500	0.771500000	76.766667	0.0	0.0
0.781300	0.781300000	76.433333	0.0	0.0
0.791000	0.791000000	76.233333	0.0	0.0
0.800800	0.800492741	76.033333	0.0	0.0
0.810500	0.810189019	75.966667	0.0	0.0
0.820300	0.820614862	75.733333	0.0	0.0
0.830100	0.830100000	75.500000	0.0	0.0
0.839800	0.839800000	75.300000	0.0	0.0
0.849600	0.848948158	75.100000	0.0	0.0
0.859400	0.859400000	74.933333	0.0	0.0
0.869100	0.869433593	74.733333	0.0	0.0
0.878900	0.879237355	74.566667	0.0	0.0
0.888700	0.888018159	74.266667	0.0	0.0
0.898400	0.898400000	74.133333	0.0	0.0
0.908200	0.908200000	73.900000	0.0	0.0
0.918000	0.918000000	73.800000	0.0	0.0
0.927700	0.927344050	73.600000	0.0	0.0
0.937500	0.937140290	73.400000	0.0	0.0
0.947300	0.946936530	73.166667	0.0	0.0
0.957000	0.957000000	73.000000	0.0	0.0
0.966800	0.966800000	72.800000	0.0	0.0
0.976600	0.976974856	72.600000	0.0	0.0
0.986300	0.986300000	72.433333	0.0	0.0
0.996100	0.995717806	72.233333	0.0	0.0
1.005900	1.006286102	72.066667	0.0	0.0
1.015600	1.015600000	71.833333	0.0	0.0
1.025400	1.025400000	71.666667	0.0	0.0
1.035200	1.034802804	71.433333	0.0	0.0
1.044900	1.044900000	71.233333	0.0	0.0
1.054700	1.055104834	71.033333	0.0	0.0
1.064500	1.064091561	70.833333	0.0	0.0
1.074200	1.073375837	70.633333	0.0	0.0
1.084000	1.083168318	70.433333	0.0	0.0
1.093800	1.093380319	70.200000	0.0	0.0
1.103500	1.103076597	70.000000	0.0	0.0
1.113300	1.113300000	69.900000	0.0	0.0
1.123000	1.123000000	69.733333	0.0	0.0
1.132800	1.132800000	69.566667	0.0	0.0
1.142600	1.142161595	69.333333	0.0	0.0
1.152300	1.151415916	69.066667	0.0	0.0
1.162100	1.162100000	68.900000	0.0	0.0
1.171900	1.171900000	68.733333	0.0	0.0
1.181600	1.182053543	68.533333	0.0	0.0
1.191400	1.191400000	68.333333	0.0	0.0
1.201200	1.201661066	68.133333	0.0	0.0
1.210900	1.210435389	67.933333	0.0	0.0
1.220700	1.220231629	67.733333	0.0	0.0
1.230500	1.229555919	67.500000	0.0	0.0
1.240200	1.240200000	67.333333	0.0	0.0
1.250000	1.249520387	67.133333	0.0	0.0
1.259800	1.259316627	66.933333	0.0	0.0
1.269500	1.268525997	66.766667	0.0	0.0
1.279300	1.278318478	66.566667	0.0	0.0
1.289100	1.287616723	66.366667	0.0	0.0
1.298800	1.297305562	66.166667	0.0	0.0
1.308600	1.307094285	66.033333	0.0	0.0
1.318400	1.316883009	65.833333	0.0	0.0
1.328100	1.327081037	65.633333	0.0	0.0
1.337900	1.336873518	65.366667	0.0	0.0
1.347700	1.347182900	65.200000	0.0	0.0
1.357400	1.356879178	65.000000	0.0	0.0
1.367200	1.366151038	64.800000	0.0	0.0
1.377000	1.375943519	64.633333	0.0	0.0
1.386700	1.385636077	64.433333	0.0	0.0
1.396500	1.395428558	64.266667	0.0	0.0
1.406300	1.405221039	64.100000	0.0	0.0
1.416000	1.414913597	63.900000	0.0	0.0
1.425800	1.424706078	63.633333	0.0	0.0
1.435500	1.434398636	63.466667	0.0	0.0
1.445300	1.443636994	63.266667	0.0	0.0
1.455100	1.453983598	63.066667	0.0	0.0
1.464800	1.463676156	62.866667	0.0	0.0
1.474600	1.473468637	62.666667	0.0	0.0
1.484400	1.483261118	62.466667	0.0	0.0
1.494100	1.491808231	62.300000	0.0	0.0
1.503900	1.501593199	62.100000	0.0	0.0
1.513700	1.511378167	61.900000	0.0	0.0
1.523400	1.521647130	61.700000	0.0	0.0
1.533200	1.531435854	61.500000	0.0	0.0
1.543000	1.541224578	61.300000	0.0	0.0
1.552700	1.550318346	61.100000	0.0	0.0
1.562500	1.560103314	60.900000	0.0	0.0
1.572300	1.568683810	60.700000	0.0	0.0
1.582000	1.578361501	60.500000	0.0	0.0
1.591800	1.588138962	60.300000	0.0	0.0
1.601600	1.598529763	60.100000	0.0	0.0
1.611300	1.608211168	59.900000	0.0	0.0
1.621100	1.617992382	59.733333	0.0	0.0
1.630900	1.627773595	59.500000	0.0	0.0
1.640600	1.637455001	59.300000	0.0	0.0
1.650400	1.645972399	59.133333	0.0	0.0
1.660200	1.655746108	59.000000	0.0	0.0
1.669900	1.665420085	58.766667	0.0	0.0
1.679700	1.676480047	58.500000	0.0	0.0
1.689500	1.684320997	58.300000	0.0	0.0
1.699200	1.693991263	58.133333	0.0	0.0
1.709000	1.703107505	57.966667	0.0	0.0
1.718800	1.714846870	57.800000	0.0	0.0
1.728500	1.724524560	57.533333	0.0	0.0
1.738300	1.734302021	57.333333	0.0	0.0
1.748000	1.743979712	57.133333	0.0	0.0
1.757800	1.753757172	56.933333	0.0	0.0
1.767600	1.762181589	56.766667	0.0	0.0
1.777300	1.771172012	56.533333	0.0	0.0
1.787100	1.780938222	56.333333	0.0	0.0
1.796900	1.792079377	56.133333	0.0	0.0
1.806600	1.801753354	55.933333	0.0	0.0
1.816400	1.810831997	55.733333	0.0	0.0
1.826200	1.820601957	55.533333	0.0	0.0
1.835900	1.830272222	55.333333	0.0	0.0
1.845700	1.838630438	55.166667	0.0	0.0
1.855500	1.848392902	54.933333	0.0	0.0
1.865200	1.858055748	54.733333	0.0	0.0
1.875000	1.867818211	54.533333	0.0	0.0
1.884800	1.878301361	54.333333	0.0	0.0
1.894500	1.887243520	54.166667	0.0	0.0
1.904300	1.897005984	53.933333	0.0	0.0
1.914100	1.906036838	53.733333	0.0	0.0
1.923800	1.916431293	53.533333	0.0	0.0
1.933600	1.926193756	53.366667	0.0	0.0
1.943400	1.934470888	53.166667	0.0	0.0
1.953100	1.944126321	52.933333	0.0	0.0
1.962900	1.956132078	52.733333	0.0	0.0
1.972700	1.965898288	52.533333	0.0	0.0
1.982400	1.975564844	52.333333	0.0	0.0
1.992200	1.983046672	52.100000	0.0	0.0
2.002000	1.993566558	51.900000	0.0	0.0
2.011700	2.001688754	51.700000	0.0	0.0
2.021500	2.011439984	51.566667	0.0	0.0
2.031300	2.019640488	51.366667	0.0	0.0
2.041000	2.030842942	51.200000	0.0	0.0
2.050800	2.038246204	50.966667	0.0	0.0
2.060500	2.048672882	50.766667	0.0	0.0
2.070300	2.057626836	50.500000	0.0	0.0
2.080100	2.067366846	50.300000	0.0	0.0
2.089800	2.077007469	50.066667	0.0	0.0
2.099600	2.089151319	49.933333	0.0	0.0
2.109400	2.098097220	49.733333	0.0	0.0
2.119100	2.107745245	49.466667	0.0	0.0
2.128900	2.115868121	49.266667	0.0	0.0
2.138700	2.124792556	49.066667	0.0	0.0
2.148400	2.131973540	48.866667	0.0	0.0
2.158200	2.144165752	48.600000	0.0	0.0
2.168000	2.153902025	48.466667	0.0	0.0
2.177700	2.163538948	48.266667	0.0	0.0
2.187500	2.172441356	48.066667	0.0	0.0
2.197300	2.182173893	47.900000	0.0	0.0
2.207000	2.191807119	47.633333	0.0	0.0
2.216800	2.200694946	47.400000	0.0	0.0
2.226600	2.208727837	47.166667	0.0	0.0
2.236300	2.219201465	46.966667	0.0	0.0
2.246100	2.229782082	46.800000	0.0	0.0
2.255900	2.237792656	46.600000	0.0	0.0
2.265600	2.244828854	46.400000	0.0	0.0
2.275400	2.255404385	46.166667	0.0	0.0
2.285200	2.265987703	45.966667	0.0	0.0
2.294900	2.275606152	45.766667	0.0	0.0
2.304700	2.286200955	45.566667	0.0	0.0
2.314500	2.295041370	45.366667	0.0	0.0
2.324200	2.304659819	45.166667	0.0	0.0
2.334000	2.311714436	44.966667	0.0	0.0
2.343800	2.321420863	44.766667	0.0	0.0
2.353500	2.331028245	44.566667	0.0	0.0
2.363300	2.340734673	44.333333	0.0	0.0
2.373000	2.347637681	44.133333	0.0	0.0
2.382800	2.358237773	43.900000	0.0	0.0
2.392600	2.366119992	43.700000	0.0	0.0
2.402300	2.376624526	43.466667	0.0	0.0
2.412100	2.385404177	43.266667	0.0	0.0
2.421900	2.396934725	43.066667	0.0	0.0
2.431600	2.406534736	42.866667	0.0	0.0
2.441400	2.415306630	42.666667	0.0	0.0
2.451200	2.422211609	42.466667	0.0	0.0
2.460900	2.429931138	42.266667	0.0	0.0
2.470700	2.439607811	42.033333	0.0	0.0
2.480500	2.449284484	41.800000	0.0	0.0
2.490200	2.458862416	41.600000	0.0	0.0
2.500000	2.467591934	41.366667	0.0	0.0
2.509800	2.477264895	41.166667	0.0	0.0
2.519500	2.484931164	40.900000	0.0	0.0
2.529300	2.493639550	40.700000	0.0	0.0
2.539100	2.500421006	40.500000	0.0	0.0
2.548800	2.510936666	40.300000	0.0	0.0
2.558600	2.522526451	40.133333	0.0	0.0
2.568400	2.531216705	39.900000	0.0	0.0
2.578100	2.538826906	39.700000	0.0	0.0
2.587900	2.549455821	39.433333	0.0	0.0
2.597700	2.557146803	39.200000	0.0	0.0
2.607400	2.569652093	39.000000	0.0	0.0
2.617200	2.576342384	38.866667	0.0	0.0
2.627000	2.585989395	38.666667	0.0	0.0
2.636700	2.590562369	38.433333	0.0	0.0
2.646500	2.600190886	38.166667	0.0	0.0
2.656300	2.608818040	37.933333	0.0	0.0
2.666000	2.618344650	37.733333	0.0	0.0
2.675800	2.626961146	37.566667	0.0	0.0
2.685500	2.635472507	37.333333	0.0	0.0
2.695300	2.643060543	37.100000	0.0	0.0
2.705100	2.651652797	36.900000	0.0	0.0
2.714800	2.662182600	36.700000	0.0	0.0
2.724600	2.670767518	36.500000	0.0	0.0
2.734400	2.679345456	36.300000	0.0	0.0
2.744100	2.686787178	36.100000	0.0	0.0
2.753900	2.696382497	35.866667	0.0	0.0
2.763700	2.704939558	35.666667	0.0	0.0
2.773400	2.714433321	35.400000	0.0	0.0
2.783200	2.720890613	35.200000	0.0	0.0
2.793000	2.730471214	34.966667	0.0	0.0
2.802700	2.736801380	34.766667	0.0	0.0
2.812500	2.743210900	34.533333	0.0	0.0
2.822300	2.751713255	34.333333	0.0	0.0
2.832000	2.763290744	34.066667	0.0	0.0
2.841800	2.772852979	33.866667	0.0	0.0
2.851600	2.779213684	33.666667	0.0	0.0
2.861300	2.786527894	33.500000	0.0	0.0
2.871100	2.796071798	33.266667	0.0	0.0
2.880900	2.806692604	33.066667	0.0	0.0
2.890600	2.816142748	32.866667	0.0	0.0
2.900400	2.823522350	32.666667	0.0	0.0
2.910200	2.829802785	32.400000	0.0	0.0
2.919900	2.837056456	32.166667	0.0	0.0
2.929700	2.847671034	31.966667	0.0	0.0
2.939500	2.853909067	31.800000	0.0	0.0
2.949200	2.861129786	31.533333	0.0	0.0
2.959000	2.868434684	31.300000	0.0	0.0
2.968800	2.876830502	31.033333	0.0	0.0
2.978500	2.887337853	30.800000	0.0	0.0
2.988300	2.893504718	30.600000	0.0	0.0
2.998000	2.900669812	30.366667	0.0	0.0
3.007800	2.906803147	30.200000	0.0	0.0
3.017600	2.915155132	29.966667	0.0	0.0
3.027300	2.923403713	29.700000	0.0	0.0
3.037100	2.932867379	29.533333	0.0	0.0
3.046900	2.942331045	29.300000	0.0	0.0
3.056600	2.950565605	29.100000	0.0	0.0
3.066400	2.962298415	28.866667	0.0	0.0
3.076200	2.968346311	28.633333	0.0	0.0
3.085900	2.970857688	28.400000	0.0	0.0
3.095700	2.978005763	28.200000	0.0	0.0
3.105500	2.986286931	28.000000	0.0	0.0
3.115200	2.997914671	27.800000	0.0	0.0
3.125000	3.003885365	27.600000	0.0	0.0
3.134800	3.016776744	27.366667	0.0	0.0
3.144500	3.024950454	27.066667	0.0	0.0
3.154300	3.035542581	26.866667	0.0	0.0
3.164100	3.036804731	26.633333	0.0	0.0
3.173800	3.044945724	26.400000	0.0	0.0
3.183600	3.052004451	26.200000	0.0	0.0
3.193400	3.059050555	26.000000	0.0	0.0
3.203100	3.067165172	25.800000	0.0	0.0
3.212900	3.073009304	25.566667	0.0	0.0
3.222700	3.077654607	25.300000	0.0	0.0
3.232400	3.086918035	25.100000	0.0	0.0
3.242200	3.096276962	24.800000	0.0	0.0
3.252000	3.102062452	24.633333	0.0	0.0
3.261700	3.111315221	24.400000	0.0	0.0
3.271500	3.119466011	24.200000	0.0	0.0
3.281300	3.127610087	23.966667	0.0	0.0
3.291000	3.134449056	23.766667	0.0	0.0
3.300800	3.143782875	23.533333	0.0	0.0
3.310500	3.149393491	23.266667	0.0	0.0
3.320300	3.153871481	23.000000	0.0	0.0
3.330100	3.159540611	22.833333	0.0	0.0
3.339800	3.167527984	22.633333	0.0	0.0
3.349600	3.173167137	22.400000	0.0	0.0
3.359400	3.181229867	22.100000	0.0	0.0
3.369100	3.187967620	21.900000	0.0	0.0
3.378900	3.196013993	21.733333	0.0	0.0
3.388700	3.204053723	21.533333	0.0	0.0
3.398400	3.209527948	21.300000	0.0	0.0
3.408200	3.216313736	21.100000	0.0	0.0
3.418000	3.223087222	20.833333	0.0	0.0
3.427700	3.230993898	20.600000	0.0	0.0
3.437500	3.237745488	20.400000	0.0	0.0
3.447300	3.243239938	20.200000	0.0	0.0
3.457000	3.248623485	20.000000	0.0	0.0
3.466800	3.256582773	19.700000	0.0	0.0
3.476600	3.263282905	19.500000	0.0	0.0
3.486300	3.272387732	19.200000	0.0	0.0
3.496100	3.280327311	19.000000	0.0	0.0
3.505900	3.288260315	18.800000	0.0	0.0
3.515600	3.292300408	18.600000	0.0	0.0
3.525400	3.301477943	18.300000	0.0	0.0
3.535200	3.306846139	18.066667	0.0	0.0
3.544900	3.312104178	17.833333	0.0	0.0
3.554700	3.316166193	17.666667	0.0	0.0
3.564500	3.322757287	17.466667	0.0	0.0
3.574200	3.330521057	17.233333	0.0	0.0
3.584000	3.337090626	16.966667	0.0	0.0
3.593800	3.343648153	16.733333	0.0	0.0
3.603500	3.350100686	16.533333	0.0	0.0
3.613300	3.357922649	16.333333	0.0	0.0
3.623000	3.364353853	16.133333	0.0	0.0
3.632800	3.372159868	15.933333	0.0	0.0
3.642600	3.377366178	15.700000	0.0	0.0
3.652300	3.381165611	15.433333	0.0	0.0
3.662100	3.385037877	15.200000	0.0	0.0
3.671900	3.391492376	14.966667	0.0	0.0
3.681600	3.397842686	14.766667	0.0	0.0
3.691400	3.405580166	14.500000	0.0	0.0
3.701200	3.412001553	14.266667	0.0	0.0
3.710900	3.418318966	14.033333	0.0	0.0
3.720700	3.420776140	13.833333	0.0	0.0
3.730500	3.427154718	13.600000	0.0	0.0
3.740200	3.433429697	13.333333	0.0	0.0
3.750000	3.442425904	13.133333	0.0	0.0
3.759800	3.447450800	12.933333	0.0	0.0
3.769500	3.452367988	12.700000	0.0	0.0
3.779300	3.457360778	12.400000	0.0	0.0
3.789100	3.462337507	12.200000	0.0	0.0
3.798800	3.468537780	11.966667	0.0	0.0
3.808600	3.472151740	11.733333	0.0	0.0
3.818400	3.481086016	11.566667	0.0	0.0
3.828100	3.485913510	11.333333	0.0	0.0
3.837900	3.500206400	11.133333	0.0	0.0
3.847700	3.507797681	10.833333	0.0	0.0
3.857400	3.512594439	10.633333	0.0	0.0
3.867200	3.509376523	10.433333	0.0	0.0
3.877000	3.514221524	10.166667	0.0	0.0
3.886700	3.516260324	10.000000	0.0	0.0
3.896500	3.521070174	9.766667	0.0	0.0
3.906300	3.525864300	9.533333	0.0	0.0
3.916000	3.530552575	9.266667	0.0	0.0
3.925800	3.538029942	9.066667	0.0	0.0
3.935500	3.542690805	8.833333	0.0	0.0
3.945300	3.546065058	8.566667	0.0	0.0
3.955100	3.550783027	8.366667	0.0	0.0
3.964800	3.558125684	8.166667	0.0	0.0
3.974600	3.562816281	7.966667	0.0	0.0
3.984400	3.567491372	7.733333	0.0	0.0
3.994100	3.570690988	7.466667	0.0	0.0
4.003900	3.576705826	7.233333	0.0	0.0
4.013700	3.581334682	7.033333	0.0	0.0
4.023400	3.584483164	6.733333	0.0	0.0
4.033200	3.590457237	6.533333	0.0	0.0
4.043000	3.595040119	6.333333	0.0	0.0
4.052700	3.599518885	6.133333	0.0	0.0
4.062500	3.602688451	5.833333	0.0	0.0
4.072300	3.607223882	5.633333	0.0	0.0
4.082000	3.613041919	5.433333	0.0	0.0
4.091800	3.617548797	5.166667	0.0	0.0
4.101600	3.622040520	4.966667	0.0	0.0
4.111300	3.626428910	4.700000	0.0	0.0
4.121100	3.630890511	4.466667	0.0	0.0
4.130900	3.635337043	4.266667	0.0	0.0
4.140600	3.639680633	4.066667	0.0	0.0
4.150400	3.644097216	3.800000	0.0	0.0
4.160200	3.645699564	3.566667	0.0	0.0
4.169900	3.648594844	3.366667	0.0	0.0
4.179700	3.652961636	3.133333	0.0	0.0
4.189500	3.657313548	2.900000	0.0	0.0
4.199200	3.660158505	2.633333	0.0	0.0
4.209000	3.664479184	2.433333	0.0	0.0
4.218800	3.668785075	2.233333	0.0	0.0
4.228500	3.668763091	2.000000	0.0	0.0
4.238300	3.671625360	1.733333	0.0	0.0
4.248000	3.675794086	1.500000	0.0	0.0
4.257800	3.680034789	1.333333	0.0	0.0
4.267600	3.684260867	1.133333	0.0	0.0
4.277300	3.686970916	0.866667	0.0	0.0
4.287100	3.694000477	0.633333	0.0	0.0
4.296900	3.698184551	0.433333	0.0	0.0
4.306600	3.700847612	0.166667	0.0	0.0
4.316400	3.703579605	-0.033333	0.0	0.0
4.326200	3.703450915	-0.233333	0.0	0.0
4.335900	3.706061234	-0.533333	0.0	0.0
4.345700	3.710163729	-0.733333	0.0	0.0
4.355500	3.712826753	-0.933333	0.0	0.0
4.365200	3.716813871	-1.133333	0.0	0.0
4.375000	3.720871946	-1.366667	0.0	0.0
4.384800	3.723486547	-1.566667	0.0	0.0
4.394500	3.727429764	-1.800000	0.0	0.0
4.404300	3.731443700	-2.033333	0.0	0.0
4.414100	3.732577505	-2.266667	0.0	0.0
4.423800	3.736475603	-2.500000	0.0	0.0
4.433600	3.737574360	-2.766667	0.0	0.0
4.443400	3.740090210	-2.966667	0.0	0.0
4.453100	3.741069541	-3.166667	0.0	0.0
4.462900	3.744988506	-3.366667	0.0	0.0
4.472700	3.746017220	-3.633333	0.0	0.0
4.482400	3.751260950	-3.866667	0.0	0.0
4.492200	3.752255621	-4.133333	0.0	0.0
4.502000	3.757556250	-4.300000	0.0	0.0
4.511700	3.758433589	-4.533333	0.0	0.0
4.521500	3.762263436	-4.733333	0.0	0.0
4.531300	3.761746129	-5.033333	0.0	0.0
4.541000	3.765461128	-5.133333	0.0	0.0
4.550800	3.766353530	-5.400000	0.0	0.0
4.560500	3.770038570	-5.633333	0.0	0.0
4.570300	3.773792717	-5.866667	0.0	0.0
4.580100	3.776083828	-6.100000	0.0	0.0
4.589800	3.775377892	-6.333333	0.0	0.0
4.599600	3.774737294	-6.566667	0.0	0.0
4.609400	3.776977498	-6.766667	0.0	0.0
4.619100	3.779120134	-6.966667	0.0	0.0
4.628900	3.781328999	-7.200000	0.0	0.0
4.638700	3.784974456	-7.400000	0.0	0.0
4.648400	3.785618330	-7.600000	0.0	0.0
4.658200	3.789234339	-7.833333	0.0	0.0
4.668000	3.791381739	-8.066667	0.0	0.0
4.677700	3.793432540	-8.333333	0.0	0.0
4.687500	3.792637027	-8.500000	0.0	0.0
4.697300	3.793280554	-8.733333	0.0	0.0
4.707000	3.796740063	-8.933333	0.0	0.0
4.716800	3.797351464	-9.133333	0.0	0.0
4.726600	3.799404365	-9.433333	0.0	0.0
4.736300	3.799903226	-9.633333	0.0	0.0
4.746100	3.799008085	-9.900000	0.0	0.0
4.755900	3.801013228	-10.100000	0.0	0.0
4.765600	3.801464336	-10.300000	0.0	0.0
4.775400	3.804898609	-10.500000	0.0	0.0
4.785200	3.805398074	-10.700000	0.0	0.0
4.794900	3.807263081	-10.933333	0.0	0.0
4.804700	3.809192694	-11.100000	0.0	0.0
4.814500	3.809645143	-11.366667	0.0	0.0
4.824200	3.810002883	-11.600000	0.0	0.0
4.834000	3.813349809	-11.800000	0.0	0.0
4.843800	3.816683987	-12.033333	0.0	0.0
4.853500	3.815531418	-12.233333	0.0	0.0
4.863300	3.812978828	-12.466667	0.0	0.0
4.873000	3.810334281	-12.633333	0.0	0.0
4.882800	3.812140828	-12.933333	0.0	0.0
4.892600	3.813932867	-13.133333	0.0	0.0
4.902300	3.814168584	-13.333333	0.0	0.0
4.912100	3.815931173	-13.533333	0.0	0.0
4.921900	3.817679381	-13.733333	0.0	0.0
4.931600	3.817870359	-13.933333	0.0	0.0
4.941400	3.816658865	-14.133333	0.0	0.0
4.951200	3.816897256	-14.400000	0.0	0.0
4.960900	3.818508891	-14.633333	0.0	0.0
4.970700	3.817252481	-14.866667	0.0	0.0
4.980500	3.821843898	-15.066667	0.0	0.0
4.990200	3.824881211	-15.266667	0.0	0.0
5.000000	3.825046076	-15.466667	0.0	0.0
5.009800	3.822261433	-15.700000	0.0	0.0
5.019500	3.822320725	-15.900000	0.0	0.0
5.029300	3.822441747	-16.100000	0.0	0.0
5.039100	3.824015497	-16.300000	0.0	0.0
5.048800	3.825499655	-16.566667	0.0	0.0
5.058600	3.824109678	-16.766667	0.0	0.0
5.068400	3.822705860	-16.966667	0.0	0.0
5.078100	3.821213021	-17.233333	0.0	0.0
5.087900	3.819781904	-17.433333	0.0	0.0
5.097700	3.822735711	-17.633333	0.0	0.0
5.107400	3.822667628	-17.833333	0.0	0.0
5.117200	3.824127743	-18.033333	0.0	0.0
5.127000	3.822639274	-18.233333	0.0	0.0
5.136700	3.821063036	-18.433333	0.0	0.0
5.146500	3.822480780	-18.633333	0.0	0.0
5.156300	3.818019808	-18.833333	0.0	0.0
5.166000	3.819334846	-19.066667	0.0	0.0
5.175800	3.816314460	-19.333333	0.0	0.0
5.185500	3.816137126	-19.533333	0.0	0.0
5.195300	3.814555728	-19.700000	0.0	0.0
5.205100	3.817353781	-19.833333	0.0	0.0
5.214800	3.815671605	-20.100000	0.0	0.0
5.224600	3.818443592	-20.300000	0.0	0.0
5.234400	3.819737989	-20.500000	0.0	0.0
5.244100	3.819480508	-20.666667	0.0	0.0
5.253900	3.817817249	-20.900000	0.0	0.0
5.263700	3.816141436	-21.133333	0.0	0.0
5.273400	3.814380805	-21.333333	0.0	0.0
5.283200	3.812680252	-21.566667	0.0	0.0
5.293000	3.810967344	-21.766667	0.0	0.0
5.302700	3.810632417	-21.966667	0.0	0.0
5.312500	3.813282172	-22.166667	0.0	0.0
5.322300	3.811530072	-22.366667	0.0	0.0
5.332000	3.809694411	-22.633333	0.0	0.0
5.341800	3.807918316	-22.800000	0.0	0.0
5.351600	3.806130240	-22.966667	0.0	0.0
5.361300	3.808641625	-23.200000	0.0	0.0
5.371100	3.806827853	-23.433333	0.0	0.0
5.380900	3.807923846	-23.600000	0.0	0.0
5.390600	3.806014516	-23.766667	0.0	0.0
5.400400	3.802704646	-23.966667	0.0	0.0
5.410200	3.803761865	-24.166667	0.0	0.0
5.419900	3.800358850	-24.366667	0.0	0.0
5.429700	3.799932086	-24.633333	0.0	0.0
5.439500	3.798035162	-24.833333	0.0	0.0
5.449200	3.797514271	-24.966667	0.0	0.0
5.459000	3.794137750	-25.166667	0.0	0.0
5.468800	3.793662640	-25.366667	0.0	0.0
5.478500	3.790195974	-25.566667	0.0	0.0
5.488300	3.789697186	-25.766667	0.0	0.0
5.498000	3.787663616	-25.966667	0.0	0.0
5.507800	3.790049031	-26.166667	0.0	0.0
5.517600	3.788060265	-26.366667	0.0	0.0
5.527300	3.783087361	-26.633333	0.0	0.0
5.537100	3.783981754	-26.833333	0.0	0.0
5.546900	3.781960626	-27.066667	0.0	0.0
5.556600	3.782763019	-27.233333	0.0	0.0
5.566400	3.782170284	-27.433333	0.0	0.0
5.576200	3.778664575	-27.600000	0.0	0.0
5.585900	3.776531892	-27.766667	0.0	0.0
5.595700	3.774456485	-28.033333	0.0	0.0
5.605500	3.772370647	-28.166667	0.0	0.0
5.615200	3.770207295	-28.400000	0.0	0.0
5.625000	3.768100928	-28.533333	0.0	0.0
5.634800	3.765984307	-28.766667	0.0	0.0
5.644500	3.766680734	-28.933333	0.0	0.0
5.654300	3.763097872	-29.166667	0.0	0.0
5.664100	3.760950166	-29.366667	0.0	0.0
5.673800	3.758726186	-29.566667	0.0	0.0
5.683600	3.756558637	-29.733333	0.0	0.0
5.693400	3.754381176	-29.933333	0.0	0.0
5.703100	3.752128068	-30.066667	0.0	0.0
5.712900	3.751370470	-30.266667	0.0	0.0
5.722700	3.747724400	-30.466667	0.0	0.0
5.732400	3.748318508	-30.666667	0.0	0.0
5.742200	3.746090929	-30.866667	0.0	0.0
5.752000	3.743853770	-31.066667	0.0	0.0
5.761700	3.738671509	-31.266667	0.0	0.0
5.771500	3.736417235	-31.466667	0.0	0.0
5.781300	3.734153554	-31.666667	0.0	0.0
5.791000	3.733248491	-31.866667	0.0	0.0
5.800800	3.730965434	-32.033333	0.0	0.0
5.810500	3.731471872	-32.200000	0.0	0.0
5.820300	3.729168757	-32.400000	0.0	0.0
5.830100	3.723997128	-32.566667	0.0	0.0
5.839800	3.721613831	-32.733333	0.0	0.0
5.849600	3.719285381	-32.966667	0.0	0.0
5.859400	3.712671123	-33.100000	0.0	0.0
5.869100	3.713113083	-33.300000	0.0	0.0
5.878900	3.709335132	-33.533333	0.0	0.0
5.888700	3.708395935	-33.766667	0.0	0.0
5.898400	3.704539424	-33.933333	0.0	0.0
5.908200	3.703581064	-34.100000	0.0	0.0
5.918000	3.701192108	-34.266667	0.0	0.0
5.927700	3.698732153	-34.400000	0.0	0.0
5.937500	3.696326189	-34.600000	0.0	0.0
5.947300	3.692494407	-34.800000	0.0	0.0
5.957000	3.688594662	-35.000000	0.0	0.0
5.966800	3.686165367	-35.166667	0.0	0.0
5.976600	3.683727734	-35.333333	0.0	0.0
5.986300	3.681220321	-35.533333	0.0	0.0
5.996100	3.675943835	-35.666667	0.0	0.0
6.005900	3.672074047	-35.800000	0.0	0.0
6.015600	3.668137589	-36.000000	0.0	0.0
6.025400	3.667070137	-36.266667	0.0	0.0
6.035200	3.664586691	-36.466667	0.0	0.0
6.044900	3.662034691	-36.600000	0.0	0.0
6.054700	3.659535486	-36.766667	0.0	0.0
6.064500	3.657028406	-36.966667	0.0	0.0
6.074200	3.655856054	-37.166667	0.0	0.0
6.084000	3.653332542	-37.366667	0.0	0.0
6.093800	3.648000281	-37.500000	0.0	0.0
6.103500	3.644004872	-37.666667	0.0	0.0
6.113300	3.641461382	-37.833333	0.0	0.0
6.123000	3.638850887	-38.033333	0.0	0.0
6.132800	3.636292431	-38.233333	0.0	0.0
6.142600	3.633726494	-38.366667	0.0	0.0
6.152300	3.629700889	-38.566667	0.0	0.0
6.162100	3.624338412	-38.733333	0.0	0.0
6.171900	3.621753436	-38.933333	0.0	0.0
6.181600	3.620491781	-39.133333	0.0	0.0
6.191400	3.615115658	-39.300000	0.0	0.0
6.201200	3.612510114	-39.466667	0.0	0.0
6.210900	3.609839312	-39.633333	0.0	0.0
6.220700	3.607219673	-39.800000	0.0	0.0
6.230500	3.603209941	-40.000000	0.0	0.0
6.240200	3.599138085	-40.200000	0.0	0.0
6.250000	3.596499608	-40.333333	0.0	0.0
6.259800	3.593854230	-40.500000	0.0	0.0
6.269500	3.591144716	-40.666667	0.0	0.0
6.279300	3.587108935	-40.833333	0.0	0.0
6.289100	3.584444279	-41.000000	0.0	0.0
6.298800	3.578968029	-41.200000	0.0	0.0
6.308600	3.576292168	-41.333333	0.0	0.0
6.318400	3.577726324	-41.500000	0.0	0.0
6.328100	3.574977670	-41.666667	0.0	0.0
6.337900	3.569538325	-41.866667	0.0	0.0
6.347700	3.562731224	-42.066667	0.0	0.0
6.357400	3.557237573	-42.200000	0.0	0.0
6.367200	3.554527062	-42.366667	0.0	0.0
6.377000	3.551810202	-42.500000	0.0	0.0
6.386700	3.547669738	-42.700000	0.0	0.0
6.396500	3.544941485	-42.866667	0.0	0.0
6.406300	3.538131247	-43.000000	0.0	0.0
6.416000	3.535338656	-43.166667	0.0	0.0
6.425800	3.532595171	-43.333333	0.0	0.0
6.435500	3.529790755	-43.533333	0.0	0.0
6.445300	3.525681986	-43.700000	0.0	0.0
6.455100	3.522921569	-43.866667	0.0	0.0
6.464800	3.520100750	-44.033333	0.0	0.0
6.474600	3.517328596	-44.200000	0.0	0.0
6.484400	3.513202074	-44.400000	0.0	0.0
6.494100	3.507671966	-44.533333	0.0	0.0
6.503900	3.504885665	-44.700000	0.0	0.0
6.513700	3.499406701	-44.866667	0.0	0.0
6.523400	3.504617909	-45.100000	0.0	0.0
6.533200	3.500466723	-45.233333	0.0	0.0
6.543000	3.497654604	-45.400000	0.0	0.0
6.552700	3.485407959	-45.466667	0.0	0.0
6.562500	3.481256177	-45.666667	0.0	0.0
6.572300	3.478436229	-45.833333	0.0	0.0
6.582000	3.475558034	-45.933333	0.0	0.0
6.591800	3.472727361	-46.133333	0.0	0.0
6.601600	3.469891323	-46.333333	0.0	0.0
6.611300	3.463008290	-46.533333	0.0	0.0
6.621100	3.460165040	-46.733333	0.0	0.0
6.630900	3.455990010	-46.766667	0.0	0.0
6.640600	3.453085415	-46.933333	0.0	0.0
6.650400	3.450227779	-47.100000	0.0	0.0
6.660200	3.446042301	-47.266667	0.0	0.0
6.669900	3.443123940	-47.433333	0.0	0.0
6.679700	3.437612800	-47.566667	0.0	0.0
6.689500	3.434738341	-47.733333	0.0	0.0
6.699200	3.430490942	-47.833333	0.0	0.0
6.709000	3.428923467	-48.033333	0.0	0.0
6.718800	3.424719818	-48.233333	0.0	0.0
6.728500	3.420463209	-48.400000	0.0	0.0
6.738300	3.416255490	-48.533333	0.0	0.0
6.748000	3.413304819	-48.666667	0.0	0.0
6.757800	3.407783542	-48.833333	0.0	0.0
6.767600	3.404876378	-48.966667	0.0	0.0
6.777300	3.401914364	-49.133333	0.0	0.0
6.787100	3.398998045	-49.266667	0.0	0.0
6.796900	3.396077145	-49.433333	0.0	0.0
6.806600	3.387897243	-49.566667	0.0	0.0
6.816400	3.384971900	-49.733333	0.0	0.0
6.826200	3.379447275	-49.900000	0.0	0.0
6.835900	3.376465897	-50.066667	0.0	0.0
6.845700	3.373529636	-50.166667	0.0	0.0
6.855500	3.369295758	-50.333333	0.0	0.0
6.865200	3.365011301	-50.500000	0.0	0.0
6.875000	3.358195968	-50.666667	0.0	0.0
6.884800	3.353960900	-50.800000	0.0	0.0
6.894500	3.349675802	-51.000000	0.0	0.0
6.904300	3.348006715	-51.166667	0.0	0.0
6.914100	3.345047762	-51.300000	0.0	0.0
6.923800	3.339472318	-51.366667	0.0	0.0
6.933600	3.335227402	-51.500000	0.0	0.0
6.943400	3.332259784	-51.666667	0.0	0.0
6.953100	3.329240293	-51.866667	0.0	0.0
6.962900	3.326264836	-52.000000	0.0	0.0
6.972700	3.319461583	-52.166667	0.0	0.0
6.982400	3.316434247	-52.266667	0.0	0.0
6.992200	3.313450666	-52.400000	0.0	0.0
7.002000	3.309193072	-52.566667	0.0	0.0
7.011700	3.303619287	-52.700000	0.0	0.0
7.021500	3.298095550	-52.866667	0.0	0.0
7.031300	3.296367534	-53.033333	0.0	0.0
7.041000	3.294587232	-53.166667	0.0	0.0
7.050800	3.290321959	-53.366667	0.0	0.0
7.060500	3.287270613	-53.466667	0.0	0.0
7.070300	3.283002210	-53.633333	0.0	0.0
7.080100	3.279991552	-53.766667	0.0	0.0
7.089800	3.275673828	-53.900000	0.0	0.0
7.099600	3.271401743	-54.066667	0.0	0.0
7.109400	3.267129005	-54.200000	0.0	0.0
7.119100	3.262809815	-54.333333	0.0	0.0
7.128900	3.259786744	-54.433333	0.0	0.0
7.138700	3.253012994	-54.566667	0.0	0.0
7.148400	3.249941270	-54.733333	0.0	0.0
7.158200	3.246911827	-54.866667	0.0	0.0
7.168000	3.243879128	-55.033333	0.0	0.0
7.177700	3.240798053	-55.166667	0.0	0.0
7.187500	3.235274920	-55.333333	0.0	0.0
7.197300	3.230994897	-55.466667	0.0	0.0
7.207000	3.227908301	-55.633333	0.0	0.0
7.216800	3.223626148	-55.766667	0.0	0.0
7.226600	3.216873749	-55.933333	0.0	0.0
7.236300	3.213783106	-56.033333	0.0	0.0
7.246100	3.207039605	-56.233333	0.0	0.0
7.255900	3.203991009	-56.333333	0.0	0.0
7.265600	3.200895416	-56.466667	0.0	0.0
7.275400	3.197841069	-56.566667	0.0	0.0
7.285200	3.193558031	-56.733333	0.0	0.0
7.294900	3.189231240	-56.833333	0.0	0.0
7.304700	3.184948281	-56.933333	0.0	0.0
7.314500	3.183107537	-57.033333	0.0	0.0
7.324200	3.176339107	-57.233333	0.0	0.0
7.334000	3.173273992	-57.400000	0.0	0.0
7.343800	3.170206175	-57.533333	0.0	0.0
7.353500	3.167092614	-57.666667	0.0	0.0
7.363300	3.161592033	-57.800000	0.0	0.0
7.373000	3.157264021	-57.933333	0.0	0.0
7.382800	3.154189417	-57.933333	0.0	0.0
7.392600	3.151112254	-58.033333	0.0	0.0
7.402300	3.146782180	-58.233333	0.0	0.0
7.412100	3.140084029	-58.433333	0.0	0.0
7.421900	3.137004188	-58.466667	0.0	0.0
7.431600	3.133879735	-58.633333	0.0	0.0
7.441400	3.128393080	-58.733333	0.0	0.0
7.451200	3.124109306	-59.033333	0.0	0.0
7.460900	3.119784187	-59.133333	0.0	0.0
7.470700	3.117893645	-59.333333	0.0	0.0
7.480500	3.113608188	-59.433333	0.0	0.0
7.490200	3.110475232	-59.533333	0.0	0.0
7.500000	3.104997561	-59.633333	0.0	0.0
7.509800	3.101904130	-59.733333	0.0	0.0
7.519500	3.096389816	-59.900000	0.0	0.0
7.529300	3.093294492	-60.033333	0.0	0.0
7.539100	3.090197029	-60.133333	0.0	0.0
7.548800	3.083504495	-60.300000	0.0	0.0
7.558600	3.080406491	-60.433333	0.0	0.0
7.568400	3.073765585	-60.600000	0.0	0.0
7.578100	3.070626535	-60.666667	0.0	0.0
7.587900	3.067526092	-60.766667	0.0	0.0
7.597700	3.062072538	-60.866667	0.0	0.0
7.607400	3.060104463	-61.033333	0.0	0.0
7.617200	3.055826495	-61.133333	0.0	0.0
7.627000	3.052720757	-61.266667	0.0	0.0
7.636700	3.047233472	-61.366667	0.0	0.0
7.646500	3.041790923	-61.533333	0.0	0.0
7.656300	3.037518574	-61.633333	0.0	0.0
7.666000	3.034371949	-61.800000	0.0	0.0
7.675800	3.031263222	-61.900000	0.0	0.0
7.685500	3.028113343	-62.033333	0.0	0.0
7.695300	3.021520571	-62.166667	0.0	0.0
7.705100	3.018410337	-62.300000	0.0	0.0
7.714800	3.012945934	-62.400000	0.0	0.0
7.724600	3.009834850	-62.533333	0.0	0.0
7.734400	3.003262514	-62.633333	0.0	0.0
7.744100	3.001264600	-62.800000	0.0	0.0
7.753900	2.997000824	-62.900000	0.0	0.0
7.763700	2.992738325	-63.033333	0.0	0.0
7.773400	2.988438683	-63.133333	0.0	0.0
7.783200	2.984178912	-63.300000	0.0	0.0
7.793000	2.982208540	-63.400000	0.0	0.0
7.802700	2.977910054	-63.533333	0.0	0.0
7.812500	2.973651231	-63.633333	0.0	0.0
7.822300	2.968254498	-63.800000	0.0	0.0
7.832000	2.963962324	-63.900000	0.0	0.0
7.841800	2.958573946	-64.000000	0.0	0.0
7.851600	2.954324298	-64.100000	0.0	0.0
7.861300	2.951170969	-64.200000	0.0	0.0
7.871100	2.945792124	-64.400000	0.0	0.0
7.880900	2.943805756	-64.500000	0.0	0.0
7.890600	2.939521864	-64.633333	0.0	0.0
7.900400	2.935276924	-64.733333	0.0	0.0
7.910200	2.932158645	-64.833333	0.0	0.0
7.919900	2.929002201	-65.000000	0.0	0.0
7.929700	2.925881663	-65.100000	0.0	0.0
7.939500	2.919396971	-65.233333	0.0	0.0
7.949200	2.912885568	-65.333333	0.0	0.0
7.959000	2.913120871	-65.500000	0.0	0.0
7.968800	2.909999585	-65.600000	0.0	0.0
7.978500	2.906840814	-65.800000	0.0	0.0
7.988300	2.900376425	-65.800000	0.0	0.0
7.998000	2.897219501	-65.900000	0.0	0.0
8.007800	2.891877448	-66.000000	0.0	0.0
8.017600	2.887648885	-66.100000	0.0	0.0
8.027300	2.882279950	-66.200000	0.0	0.0
8.037100	2.879161582	-66.333333	0.0	0.0
8.046900	2.876042312	-66.500000	0.0	0.0
8.056600	2.872886501	-66.600000	0.0	0.0
8.066400	2.871969042	-66.766667	0.0	0.0
8.076200	2.865543894	-66.866667	0.0	0.0
8.085900	2.859093552	-66.933333	0.0	0.0
8.095700	2.853783831	-67.000000	0.0	0.0
8.105500	2.850666925	-67.166667	0.0	0.0
8.115200	2.846421607	-67.300000	0.0	0.0
8.125000	2.843304482	-67.400000	0.0	0.0
8.134800	2.836918634	-67.500000	0.0	0.0
8.144500	2.837033262	-67.600000	0.0	0.0
8.154300	2.832826775	-67.733333	0.0	0.0
8.164100	2.827537124	-67.833333	0.0	0.0
8.173800	2.824385720	-67.933333	0.0	0.0
8.183600	2.821268330	-68.033333	0.0	0.0
8.193400	2.818150339	-68.200000	0.0	0.0
8.203100	2.813917363	-68.333333	0.0	0.0
8.212900	2.807565314	-68.433333	0.0	0.0
8.222700	2.803374459	-68.533333	0.0	0.0
8.232400	2.799151882	-68.633333	0.0	0.0
8.242200	2.796038510	-68.733333	0.0	0.0
8.252000	2.792924651	-68.833333	0.0	0.0
8.261700	2.789776559	-68.933333	0.0	0.0
8.271500	2.785592647	-69.033333	0.0	0.0
8.281300	2.779277113	-69.200000	0.0	0.0
8.291000	2.775067695	-69.333333	0.0	0.0
8.300800	2.771957815	-69.433333	0.0	0.0
8.310500	2.768814244	-69.533333	0.0	0.0
8.320300	2.765703710	-69.633333	0.0	0.0
8.330100	2.760473284	-69.733333	0.0	0.0
8.339800	2.755215898	-69.833333	0.0	0.0
8.349600	2.751053294	-69.933333	0.0	0.0
8.359400	2.746893195	-70.033333	0.0	0.0
8.369100	2.742702846	-70.166667	0.0	0.0
8.378900	2.739599052	-70.233333	0.0	0.0
8.388700	2.739647348	-70.366667	0.0	0.0
8.398400	2.736506950	-70.433333	0.0	0.0
8.408200	2.730253883	-70.566667	0.0	0.0
8.418000	2.726102963	-70.666667	0.0	0.0
8.427700	2.721922367	-70.733333	0.0	0.0
8.437500	2.717776793	-70.900000	0.0	0.0
8.447300	2.714675467	-71.000000	0.0	0.0
8.457000	2.710501575	-71.133333	0.0	0.0
8.466800	2.707401308	-71.233333	0.0	0.0
8.476600	2.703263351	-71.333333	0.0	0.0
8.486300	2.699096304	-71.433333	0.0	0.0
8.496100	2.695998309	-71.533333	0.0	0.0
8.505900	2.691867047	-71.633333	0.0	0.0
8.515600	2.687706985	-71.733333	0.0	0.0
8.525400	2.683581348	-71.833333	0.0	0.0
8.535200	2.680486980	-71.933333	0.0	0.0
8.544900	2.676334040	-72.033333	0.0	0.0
8.554700	2.673241025	-72.133333	0.0	0.0
8.564500	2.673223972	-72.233333	0.0	0.0
8.574200	2.670096410	-72.333333	0.0	0.0
8.584000	2.667000163	-72.433333	0.0	0.0
8.593800	2.657777226	-72.533333	0.0	0.0
8.603500	2.654657496	-72.633333	0.0	0.0
8.613300	2.648517868	-72.766667	0.0	0.0
8.623000	2.645402255	-72.833333	0.0	0.0
8.632800	2.642317572	-72.933333	0.0	0.0
8.642600	2.639233084	-73.033333	0.0	0.0
8.652300	2.635106886	-73.133333	0.0	0.0
8.662100	2.630004711	-73.233333	0.0	0.0
8.671900	2.626924521	-73.333333	0.0	0.0
8.681600	2.623814365	-73.466667	0.0	0.0
8.691400	2.621740710	-73.533333	0.0	0.0
8.701200	2.617655466	-73.633333	0.0	0.0
8.710900	2.613543271	-73.733333	0.0	0.0
8.720700	2.610465833	-73.866667	0.0	0.0
8.730500	2.607388726	-73.966667	0.0	0.0
8.740200	2.603282930	-74.066667	0.0	0.0
8.750000	2.600207778	-74.133333	0.0	0.0
8.759800	2.597133001	-74.233333	0.0	0.0
8.769500	2.592038806	-74.333333	0.0	0.0
8.779300	2.587973886	-74.400000	0.0	0.0
8.789100	2.582920698	-74.566667	0.0	0.0
8.798800	2.580814437	-74.666667	0.0	0.0
8.808600	2.576757541	-74.800000	0.0	0.0
8.818400	2.573691339	-74.833333	0.0	0.0
8.828100	2.568624244	-74.900000	0.0	0.0
8.837900	2.567531319	-75.033333	0.0	0.0
8.847700	2.564466648	-75.133333	0.0	0.0
8.857400	2.559408401	-75.266667	0.0	0.0
8.867200	2.555366345	-75.300000	0.0	0.0
8.877000	2.550348637	-75.400000	0.0	0.0
8.886700	2.550197717	-75.500000	0.0	0.0
8.896500	2.545183992	-75.566667	0.0	0.0
8.906300	2.541152058	-75.666667	0.0	0.0
8.916000	2.536121523	-75.766667	0.0	0.0
8.925800	2.533069766	-75.900000	0.0	0.0
8.935500	2.529019584	-76.000000	0.0	0.0
8.945300	2.525970321	-76.100000	0.0	0.0
8.955100	2.522921706	-76.166667	0.0	0.0
8.964800	2.518878803	-76.266667	0.0	0.0
8.974600	2.515832758	-76.366667	0.0	0.0
8.984400	2.512787401	-76.466667	0.0	0.0
8.994100	2.509714839	-76.566667	0.0	0.0
9.003900	2.504747757	-76.700000	0.0	0.0
9.013700	2.500747056	-76.766667	0.0	0.0
9.023400	2.497680461	-76.866667	0.0	0.0
9.033200	2.494642360	-76.900000	0.0	0.0
9.043000	2.491605022	-77.000000	0.0	0.0
9.052700	2.488540970	-77.100000	0.0	0.0
9.062500	2.485505258	-77.200000	0.0	0.0
9.072300	2.479613942	-77.266667	0.0	0.0
9.082000	2.475605834	-77.400000	0.0	0.0
9.091800	2.470680231	-77.466667	0.0	0.0
9.101600	2.470497460	-77.566667	0.0	0.0
9.111300	2.467442343	-77.633333	0.0	0.0
9.121100	2.461579599	-77.733333	0.0	0.0
9.130900	2.458556839	-77.833333	0.0	0.0
9.140600	2.455508099	-77.933333	0.0	0.0
9.150400	2.452487180	-78.000000	0.0	0.0
9.160200	2.449467168	-78.066667	0.0	0.0
9.169900	2.446421396	-78.200000	0.0	0.0
9.179700	2.443403294	-78.333333	0.0	0.0
9.189500	2.439449781	-78.400000	0.0	0.0
9.199200	2.436408248	-78.466667	0.0	0.0
9.209000	2.431527242	-78.533333	0.0	0.0
9.218800	2.428516507	-78.633333	0.0	0.0
9.228500	2.424549843	-78.733333	0.0	0.0
9.238300	2.421542308	-78.833333	0.0	0.0
9.248000	2.418509630	-78.933333	0.0	0.0
9.257800	2.415504185	-79.033333	0.0	0.0
9.267600	2.412499772	-79.066667	0.0	0.0
9.277300	2.409470429	-79.166667	0.0	0.0
9.287100	2.403699216	-79.233333	0.0	0.0
9.296900	2.400701477	-79.333333	0.0	0.0
9.306600	2.394920206	-79.433333	0.0	0.0
9.316400	2.391928132	-79.533333	0.0	0.0
9.326200	2.388937153	-79.633333	0.0	0.0
9.335900	2.385921722	-79.733333	0.0	0.0
9.345700	2.382933024	-79.800000	0.0	0.0
9.355500	2.382687043	-79.833333	0.0	0.0
9.365200	2.379671758	-79.966667	0.0	0.0
9.375000	2.375771180	-80.033333	0.0	0.0
9.384800	2.371874404	-80.133333	0.0	0.0
9.394500	2.367047669	-80.233333	0.0	0.0
9.404300	2.363160079	-80.300000	0.0	0.0
9.414100	2.358371080	-80.366667	0.0	0.0
9.423800	2.355371381	-80.433333	0.0	0.0
9.433600	2.352397942	-80.533333	0.0	0.0
9.443400	2.349425721	-80.633333	0.0	0.0
9.453100	2.346429907	-80.733333	0.0	0.0
9.462900	2.343460210	-80.833333	0.0	0.0
9.472700	2.340491762	-80.933333	0.0	0.0
9.482400	2.337499920	-81.000000	0.0	0.0
9.492200	2.332742921	-81.100000	0.0	0.0
9.502000	2.328886693	-81.133333	0.0	0.0
9.511700	2.325902350	-81.233333	0.0	0.0
9.521500	2.320270963	-81.333333	0.0	0.0
9.531300	2.317317133	-81.400000	0.0	0.0
9.541000	2.314340360	-81.500000	0.0	0.0
9.550800	2.313163961	-81.533333	0.0	0.0
9.560500	2.308415274	-81.633333	0.0	0.0
9.570300	2.306351792	-81.733333	0.0	0.0
9.580100	2.304287739	-81.833333	0.0	0.0
9.589800	2.300432793	-81.900000	0.0	0.0
9.599600	2.297487394	-81.966667	0.0	0.0
9.609400	2.293662980	-82.066667	0.0	0.0
9.619100	2.290697664	-82.133333	0.0	0.0
9.628900	2.286002370	-82.233333	0.0	0.0
9.638700	2.283065983	-82.300000	0.0	0.0
9.648400	2.280107379	-82.400000	0.0	0.0
9.658200	2.277173884	-82.466667	0.0	0.0
9.668000	2.274241822	-82.533333	0.0	0.0
9.677700	2.271287733	-82.600000	0.0	0.0
9.687500	2.269229298	-82.700000	0.0	0.0
9.697300	2.265430960	-82.766667	0.0	0.0
9.707000	2.261613370	-82.866667	0.0	0.0
9.716800	2.257823196	-82.966667	0.0	0.0
9.726600	2.254902265	-83.033333	0.0	0.0
9.736300	2.251959697	-83.133333	0.0	0.0
9.746100	2.249041814	-83.200000	0.0	0.0
9.755900	2.245263623	-83.266667	0.0	0.0
9.765600	2.242326924	-83.366667	0.0	0.0
9.775400	2.237696610	-83.466667	0.0	0.0
9.785200	2.234788219	-83.533333	0.0	0.0
9.794900	2.232715256	-83.566667	0.0	0.0
9.804700	2.229808893	-83.666667	0.0	0.0
9.814500	2.226049647	-83.700000	0.0	0.0
9.824200	2.221419238	-83.800000	0.0	0.0
9.834000	2.220224397	-83.866667	0.0	0.0
9.843800	2.217325482	-83.966667	0.0	0.0
9.853500	2.214405684	-84.066667	0.0	0.0
9.863300	2.211510010	-84.166667	0.0	0.0
9.873000	2.209441313	-84.200000	0.0	0.0
9.882800	2.205701168	-84.266667	0.0	0.0
9.892600	2.202810387	-84.366667	0.0	0.0
9.902300	2.198211183	-84.400000	0.0	0.0
9.912100	2.194483610	-84.466667	0.0	0.0
9.921900	2.190760216	-84.566667	0.0	0.0
9.931600	2.187018985	-84.666667	0.0	0.0
9.941400	2.184980414	-84.766667	0.0	0.0
9.951200	2.182941621	-84.833333	0.0	0.0
9.960900	2.180880722	-84.866667	0.0	0.0
9.970700	2.178005553	-84.966667	0.0	0.0
9.980500	2.173463238	-85.066667	0.0	0.0
9.990200	2.171405079	-85.166667	0.0	0.0
10.000000	2.168536152	-85.233333	0.0	0.0
10.009800	2.166500200	-85.333333	0.0	0.0
10.019500	2.161952011	-85.366667	0.0	0.0
10.029300	2.159089385	-85.466667	0.0	0.0
10.039100	2.156228491	-85.533333	0.0	0.0
10.048800	2.153347907	-85.600000	0.0	0.0
10.058600	2.150490547	-85.666667	0.0	0.0
10.068400	2.146810913	-85.766667	0.0	0.0
10.078100	2.143114280	-85.800000	0.0	0.0
10.087900	2.140264437	-85.866667	0.0	0.0
10.097700	2.137416366	-85.966667	0.0	0.0
10.107400	2.134548956	-86.033333	0.0	0.0
10.117200	2.131704500	-86.100000	0.0	0.0
10.127000	2.128861837	-86.166667	0.0	0.0
10.136700	2.127632392	-86.266667	0.0	0.0
10.146500	2.123160992	-86.333333	0.0	0.0
10.156300	2.120323796	-86.400000	0.0	0.0
10.166000	2.117467591	-86.466667	0.0	0.0
10.175800	2.114634090	-86.566667	0.0	0.0
10.185500	2.111781689	-86.633333	0.0	0.0
10.195300	2.108951908	-86.700000	0.0	0.0
10.205100	2.106123972	-86.766667	0.0	0.0
10.214800	2.103277299	-86.800000	0.0	0.0
10.224600	2.100453123	-86.900000	0.0	0.0
10.234400	2.096021438	-87.000000	0.0	0.0
10.244100	2.092379594	-87.066667	0.0	0.0
10.253900	2.090366376	-87.133333	0.0	0.0
10.263700	2.088353187	-87.233333	0.0	0.0
10.273400	2.086319727	-87.266667	0.0	0.0
10.283200	2.082707508	-87.366667	0.0	0.0
10.293000	2.079897691	-87.433333	0.0	0.0
10.302700	2.077069622	-87.500000	0.0	0.0
10.312500	2.074263673	-87.600000	0.0	0.0
10.322300	2.072254749	-87.633333	0.0	0.0
10.332000	2.068637520	-87.733333	0.0	0.0
10.341800	2.065044753	-87.800000	0.0	0.0
10.351600	2.062247640	-87.900000	0.0	0.0
10.361300	2.060223081	-87.933333	0.0	0.0
10.371100	2.057428833	-88.000000	0.0	0.0
10.380900	2.054636540	-88.066667	0.0	0.0
10.390600	2.050252231	-88.100000	0.0	0.0
10.400400	2.047466050	-88.200000	0.0	0.0
10.410200	2.044681841	-88.266667	0.0	0.0
10.419900	2.043447814	-88.300000	0.0	0.0
10.429700	2.040665473	-88.400000	0.0	0.0
10.439500	2.037885122	-88.466667	0.0	0.0
10.449200	2.035087289	-88.500000	0.0	0.0
10.459000	2.032310977	-88.600000	0.0	0.0
10.468800	2.029536672	-88.700000	0.0	0.0
10.478500	2.026745035	-88.733333	0.0	0.0
10.488300	2.023974801	-88.800000	0.0	0.0
10.498000	2.021187336	-88.900000	0.0	0.0
10.507800	2.017646746	-88.966667	0.0	0.0
10.517600	2.015657087	-89.000000	0.0	0.0
10.527300	2.013648514	-89.100000	0.0	0.0
10.537100	2.011659326	-89.166667	0.0	0.0
10.546900	2.008128477	-89.200000	0.0	0.0
10.556600	2.005352541	-89.300000	0.0	0.0
10.566400	2.001829326	-89.400000	0.0	0.0
10.576200	1.999844931	-89.500000	0.0	0.0
10.585900	1.997075362	-89.500000	0.0	0.0
10.595700	1.995858066	-89.566667	0.0	0.0
10.605500	1.992344713	-89.633333	0.0	0.0
10.615200	1.989580494	-89.700000	0.0	0.0
10.625000	1.986074820	-89.800000	0.0	0.0
10.634800	1.982573637	-89.866667	0.0	0.0
10.644500	1.976781189	-89.633333	0.0	0.0
10.654300	1.974808198	-89.733333	0.0	0.0
10.664100	1.969809415	-89.733333	0.0	0.0
10.673800	1.971601142	-90.100000	0.0	0.0
10.683600	1.969628347	-90.166667	0.0	0.0
10.693400	1.967655871	-90.266667	0.0	0.0
10.703100	1.964911147	-90.333333	0.0	0.0
10.712900	1.960681500	-90.366667	0.0	0.0
10.722700	1.957210283	-90.433333	0.0	0.0
10.732400	1.955975980	-90.500000	0.0	0.0
10.742200	1.953259299	-90.566667	0.0	0.0
10.752000	1.951293460	-90.633333	0.0	0.0
10.761700	1.948561936	-90.666667	0.0	0.0
10.771500	1.945850719	-90.766667	0.0	0.0
10.781300	1.943141666	-90.833333	0.0	0.0
10.791000	1.940416799	-90.900000	0.0	0.0
10.800800	1.939199948	-90.933333	0.0	0.0
10.810500	1.937220760	-91.000000	0.0	0.0
10.820300	1.933033151	-91.100000	0.0	0.0
10.830100	1.930334029	-91.133333	0.0	0.0
10.839800	1.927619315	-91.233333	0.0	0.0
10.849600	1.924186044	-91.300000	0.0	0.0
10.859400	1.922232122	-91.366667	0.0	0.0
10.869100	1.919524168	-91.433333	0.0	0.0
10.878900	1.917571875	-91.533333	0.0	0.0
10.888700	1.914150286	-91.533333	0.0	0.0
10.898400	1.910715721	-91.600000	0.0	0.0
10.908200	1.908035389	-91.633333	0.0	0.0
10.918000	1.905357278	-91.733333	0.0	0.0
10.927700	1.903394297	-91.766667	0.0	0.0
10.937500	1.900719656	-91.833333	0.0	0.0
10.947300	1.898047250	-91.933333	0.0	0.0
10.957000	1.896815086	-91.933333	0.0	0.0
10.966800	1.894145152	-92.033333	0.0	0.0
10.976600	1.891477466	-92.133333	0.0	0.0
10.986300	1.888794839	-92.200000	0.0	0.0
10.996100	1.886131699	-92.233333	0.0	0.0
11.005900	1.883470818	-92.300000	0.0	0.0
11.015600	1.881517047	-92.333333	0.0	0.0
11.025400	1.878859714	-92.433333	0.0	0.0
11.035200	1.876204653	-92.433333	0.0	0.0
11.044900	1.873534903	-92.533333	0.0	0.0
11.054700	1.870884433	-92.600000	0.0	0.0
11.064500	1.868236244	-92.666667	0.0	0.0
11.074200	1.865573494	-92.733333	0.0	0.0
11.084000	1.862929917	-92.800000	0.0	0.0
11.093800	1.861002681	-92.833333	0.0	0.0
11.103500	1.858345942	-92.933333	0.0	0.0
11.113300	1.855708277	-93.000000	0.0	0.0
11.123000	1.854479075	-93.033333	0.0	0.0
11.132800	1.852554843	-93.100000	0.0	0.0
11.142600	1.849921105	-93.133333	0.0	0.0
11.152300	1.847273118	-93.233333	0.0	0.0
11.162100	1.843936279	-93.300000	0.0	0.0
11.171900	1.841310542	-93.333333	0.0	0.0
11.181600	1.838670686	-93.433333	0.0	0.0
11.191400	1.836754384	-93.433333	0.0	0.0
11.201200	1.834134662	-93.533333	0.0	0.0
11.210900	1.827288603	-93.666667	0.0	0.0
11.220700	1.823979492	-93.733333	0.0	0.0
11.230500	1.822072942	-93.800000	0.0	0.0
11.240200	1.824346686	-93.800000	0.0	0.0
11.250000	1.821038758	-93.833333	0.0	0.0
11.259800	1.818433163	-93.900000	0.0	0.0
11.269500	1.816510787	-93.933333	0.0	0.0
11.279300	1.813908940	-94.000000	0.0	0.0
11.289100	1.811309452	-94.000000	0.0	0.0
11.298800	1.808002339	-94.033333	0.0	0.0
11.308600	1.806101595	-94.133333	0.0	0.0
11.318400	1.804201494	-94.266667	0.0	0.0
11.328100	1.802286131	-94.333333	0.0	0.0
11.337900	1.799696570	-94.400000	0.0	0.0
11.347700	1.797799185	-94.400000	0.0	0.0
11.357400	1.795197583	-94.466667	0.0	0.0
11.367200	1.792614209	-94.500000	0.0	0.0
11.377000	1.790033222	-94.566667	0.0	0.0
11.386700	1.788125014	-94.633333	0.0	0.0
11.396500	1.786233218	-94.700000	0.0	0.0
11.406300	1.784342103	-94.800000	0.0	0.0
11.416000	1.781752158	-94.866667	0.0	0.0
11.425800	1.779180259	-94.900000	0.0	0.0
11.435500	1.775232165	-94.933333	0.0	0.0
11.445300	1.772667085	-95.000000	0.0	0.0
11.455100	1.771463540	-95.033333	0.0	0.0
11.464800	1.768885884	-95.100000	0.0	0.0
11.474600	1.765648386	-95.100000	0.0	0.0
11.484400	1.762415528	-95.200000	0.0	0.0
11.494100	1.759847239	-95.266667	0.0	0.0
11.503900	1.758646011	-95.333333	0.0	0.0
11.513700	1.756095955	-95.366667	0.0	0.0
11.523400	1.754206183	-95.433333	0.0	0.0
11.533200	1.753005007	-95.500000	0.0	0.0
11.543000	1.750459347	-95.566667	0.0	0.0
11.552700	1.748571903	-95.666667	0.0	0.0
11.562500	1.746030178	-95.700000	0.0	0.0
11.572300	1.744160113	-95.766667	0.0	0.0
11.582000	1.741607263	-95.833333	0.0	0.0
11.591800	1.739739455	-95.866667	0.0	0.0
11.601600	1.737872407	-95.966667	0.0	0.0
11.611300	1.735325090	-96.000000	0.0	0.0
11.621100	1.735457190	-96.033333	0.0	0.0
11.630900	1.732260976	-96.100000	0.0	0.0
11.640600	1.729718244	-96.133333	0.0	0.0
11.650400	1.725205510	-96.200000	0.0	0.0
11.660200	1.723346738	-96.266667	0.0	0.0
11.669900	1.720813487	-96.300000	0.0	0.0
11.679700	1.718297485	-96.366667	0.0	0.0
11.689500	1.715783954	-96.400000	0.0	0.0
11.699200	1.713915864	-96.466667	0.0	0.0
11.709000	1.710749701	-96.533333	0.0	0.0
11.718800	1.708243627	-96.600000	0.0	0.0
11.728500	1.707035183	-96.666667	0.0	0.0
11.738300	1.705186444	-96.700000	0.0	0.0
11.748000	1.702670472	-96.766667	0.0	0.0
11.757800	1.700171513	-96.833333	0.0	0.0
11.767600	1.698978557	-96.866667	0.0	0.0
11.777300	1.695817338	-96.900000	0.0	0.0
11.787100	1.693974888	-96.966667	0.0	0.0
11.796900	1.692133271	-97.033333	0.0	0.0
11.806600	1.689629629	-97.100000	0.0	0.0
11.816400	1.687142830	-97.133333	0.0	0.0
11.826200	1.685952052	-97.166667	0.0	0.0
11.835900	1.682808204	-97.233333	0.0	0.0
11.845700	1.681618189	-97.266667	0.0	0.0
11.855500	1.681072878	-97.333333	0.0	0.0
11.865200	1.678578784	-97.366667	0.0	0.0
11.875000	1.676101385	-97.433333	0.0	0.0
11.884800	1.673626502	-97.466667	0.0	0.0
11.894500	1.671140088	-97.533333	0.0	0.0
11.904300	1.668670275	-97.633333	0.0	0.0
11.914100	1.666202983	-97.633333	0.0	0.0
11.923800	1.663724261	-97.733333	0.0	0.0
11.933600	1.661262047	-97.766667	0.0	0.0
11.943400	1.659439070	-97.833333	0.0	0.0
11.953100	1.658239361	-97.933333	0.0	0.0
11.962900	1.655781931	-97.933333	0.0	0.0
11.972700	1.654596497	-98.000000	0.0	0.0
11.982400	1.651494557	-98.033333	0.0	0.0
11.992200	1.649043820	-98.100000	0.0	0.0
12.002000	1.647227645	-98.133333	0.0	0.0
12.011700	1.645398676	-98.200000	0.0	0.0
12.021500	1.644215208	-98.233333	0.0	0.0
12.031300	1.642401083	-98.300000	0.0	0.0
12.041000	1.639944773	-98.333333	0.0	0.0
12.050800	1.637504663	-98.400000	0.0	0.0
12.060500	1.635053545	-98.433333	0.0	0.0
12.070300	1.632618566	-98.533333	0.0	0.0
12.080100	1.631437833	-98.633333	0.0	0.0
12.089800	1.629617888	-98.633333	0.0	0.0
12.099600	1.627187802	-98.733333	0.0	0.0
12.109400	1.624136869	-98.733333	0.0	0.0
12.119100	1.621699449	-98.800000	0.0	0.0
12.128900	1.619899540	-98.833333	0.0	0.0
12.138700	1.618721661	-98.900000	0.0	0.0
12.148400	1.616289245	-98.933333	0.0	0.0
12.158200	1.613872730	-98.966667	0.0	0.0
12.168000	1.611458780	-99.033333	0.0	0.0
12.177700	1.609651793	-99.066667	0.0	0.0
12.187500	1.607859004	-99.133333	0.0	0.0
12.197300	1.606067174	-99.133333	0.0	0.0
12.207000	1.603647622	-99.233333	0.0	0.0
12.216800	1.601858429	-99.266667	0.0	0.0
12.226600	1.599456271	-99.333333	0.0	0.0
12.236300	1.598269884	-99.366667	0.0	0.0
12.246100	1.595871069	-99.400000	0.0	0.0
12.255900	1.593474833	-99.466667	0.0	0.0
12.265600	1.592901046	-99.533333	0.0	0.0
12.275400	1.590507249	-99.566667	0.0	0.0
12.285200	1.588725615	-99.633333	0.0	0.0
12.294900	1.585714512	-99.633333	0.0	0.0
12.304700	1.583936243	-99.733333	0.0	0.0
12.314500	1.582158965	-99.766667	0.0	0.0
12.324200	1.580369857	-99.833333	0.0	0.0
12.334000	1.577988901	-99.833333	0.0	0.0
12.343800	1.576215316	-99.933333	0.0	0.0
12.353500	1.573825893	-99.966667	0.0	0.0
12.363300	1.570848883	-100.033333	0.0	0.0
12.373000	1.569067690	-100.066667	0.0	0.0
12.382800	1.567901799	-100.133333	0.0	0.0
12.392600	1.565533741	-100.200000	0.0	0.0
12.402300	1.563755676	-100.233333	0.0	0.0
12.412100	1.561391938	-100.266667	0.0	0.0
12.421900	1.560227861	-100.333333	0.0	0.0
12.431600	1.559051140	-100.366667	0.0	0.0
12.441400	1.556094329	-100.400000	0.0	0.0
12.451200	1.553738316	-100.433333	0.0	0.0
12.460900	1.551372460	-100.466667	0.0	0.0
12.470700	1.550806092	-100.533333	0.0	0.0
12.480500	1.549049579	-100.600000	0.0	0.0
12.490200	1.546688035	-100.633333	0.0	0.0
12.500000	1.544934292	-100.666667	0.0	0.0
12.509800	1.542589484	-100.733333	0.0	0.0
12.519500	1.540826188	-100.766667	0.0	0.0
12.529300	1.539076267	-100.866667	0.0	0.0
12.539100	1.537327394	-100.900000	0.0	0.0
12.548800	1.535567332	-100.966667	0.0	0.0
12.558600	1.534409321	-101.066667	0.0	0.0
12.568400	1.532074888	-101.066667	0.0	0.0
12.578100	1.529730913	-101.166667	0.0	0.0
12.587900	1.527401751	-101.133333	0.0	0.0
12.597700	1.525075211	-101.166667	0.0	0.0
12.607400	1.522739214	-101.233333	0.0	0.0
12.617200	1.521001541	-101.266667	0.0	0.0
12.627000	1.519264933	-101.300000	0.0	0.0
12.636700	1.517517386	-101.366667	0.0	0.0
12.646500	1.516364756	-101.433333	0.0	0.0
12.656300	1.514049569	-101.466667	0.0	0.0
12.666000	1.512885813	-101.566667	0.0	0.0
12.675800	1.511153953	-101.566667	0.0	0.0
12.685500	1.508832128	-101.666667	0.0	0.0
12.695300	1.505946816	-101.666667	0.0	0.0
12.705100	1.503643061	-101.666667	0.0	0.0
12.714800	1.502482884	-101.766667	0.0	0.0
12.724600	1.500758479	-101.766667	0.0	0.0
12.734400	1.499035165	-101.866667	0.0	0.0
12.744100	1.496726693	-101.866667	0.0	0.0
12.753900	1.495580087	-101.966667	0.0	0.0
12.763700	1.493860078	-101.966667	0.0	0.0
12.773400	1.491556969	-102.066667	0.0	0.0
12.783200	1.489268203	-102.066667	0.0	0.0
12.793000	1.486411534	-102.166667	0.0	0.0
12.802700	1.484686988	-102.166667	0.0	0.0
12.812500	1.482406163	-102.166667	0.0	0.0
12.822300	1.481833017	-102.166667	0.0	0.0
12.832000	1.480679343	-102.266667	0.0	0.0
12.841800	1.478402092	-102.366667	0.0	0.0
12.851600	1.476127484	-102.466667	0.0	0.0
12.861300	1.473844059	-102.566667	0.0	0.0
12.871100	1.472704672	-102.466667	0.0	0.0
12.880900	1.471565312	-102.566667	0.0	0.0
12.890600	1.470414575	-102.566667	0.0	0.0
12.900400	1.467584704	-102.666667	0.0	0.0
12.910200	1.465321663	-102.700000	0.0	0.0
12.919900	1.463049945	-102.766667	0.0	0.0
12.929700	1.461913854	-102.766667	0.0	0.0
12.939500	1.460217318	-102.800000	0.0	0.0
12.949200	1.458510652	-102.866667	0.0	0.0
12.959000	1.456816405	-102.966667	0.0	0.0
12.968800	1.455123293	-102.966667	0.0	0.0
12.978500	1.453420121	-102.966667	0.0	0.0
12.988300	1.452286537	-103.000000	0.0	0.0
12.998000	1.450028481	-103.066667	0.0	0.0
13.007800	1.447784260	-103.133333	0.0	0.0
13.017600	1.445542692	-103.200000	0.0	0.0
13.027300	1.444400891	-103.233333	0.0	0.0
13.037100	1.442716493	-103.266667	0.0	0.0
13.046900	1.441033245	-103.266667	0.0	0.0
13.056600	1.439340125	-103.333333	0.0	0.0
13.066400	1.437659204	-103.366667	0.0	0.0
13.076200	1.435428466	-103.400000	0.0	0.0
13.085900	1.433189432	-103.466667	0.0	0.0
13.095700	1.431513290	-103.500000	0.0	0.0
13.105500	1.432034875	-103.500000	0.0	0.0
13.115200	1.429798765	-103.566667	0.0	0.0
13.125000	1.428672369	-103.600000	0.0	0.0
13.134800	1.425356381	-103.700000	0.0	0.0
13.144500	1.423128352	-103.700000	0.0	0.0
13.154300	1.420913833	-103.733333	0.0	0.0
13.164100	1.418701973	-103.800000	0.0	0.0
13.173800	1.418113743	-103.866667	0.0	0.0
13.183600	1.417535741	-103.900000	0.0	0.0
13.193400	1.415326798	-103.966667	0.0	0.0
13.203100	1.413109814	-104.000000	0.0	0.0
13.212900	1.411989546	-104.033333	0.0	0.0
13.222700	1.410328053	-104.100000	0.0	0.0
13.232400	1.408116607	-104.133333	0.0	0.0
13.242200	1.406997987	-104.200000	0.0	0.0
13.252000	1.405340063	-104.200000	0.0	0.0
13.261700	1.403134165	-104.233333	0.0	0.0
13.271500	1.400941535	-104.300000	0.0	0.0
13.281300	1.399288463	-104.333333	0.0	0.0
13.291000	1.397626065	-104.400000	0.0	0.0
13.300800	1.395975394	-104.400000	0.0	0.0
13.310500	1.394850631	-104.466667	0.0	0.0
13.320300	1.392667175	-104.500000	0.0	0.0
13.330100	1.391020106	-104.533333	0.0	0.0
13.339800	1.390430604	-104.600000	0.0	0.0
13.349600	1.388251825	-104.633333	0.0	0.0
13.359400	1.386075712	-104.700000	0.0	0.0
13.369100	1.383891914	-104.700000	0.0	0.0
13.378900	1.383843806	-104.700000	0.0	0.0
13.388700	1.382733263	-104.766667	0.0	0.0
13.398400	1.380552540	-104.800000	0.0	0.0
13.408200	1.378384813	-104.900000	0.0	0.0
13.418000	1.376748000	-105.000000	0.0	0.0
13.427700	1.375629972	-105.033333	0.0	0.0
13.437500	1.373467785	-105.066667	0.0	0.0
13.447300	1.371308266	-105.033333	0.0	0.0
13.457000	1.369141241	-105.100000	0.0	0.0
13.466800	1.368561790	-105.133333	0.0	0.0
13.476600	1.367456977	-105.200000	0.0	0.0
13.486300	1.365293899	-105.233333	0.0	0.0
13.496100	1.363666864	-105.300000	0.0	0.0
13.505900	1.361518447	-105.300000	0.0	0.0
13.515600	1.360406391	-105.366667	0.0	0.0
13.525400	1.358783041	-105.400000	0.0	0.0
13.535200	1.357681845	-105.433333	0.0	0.0
13.544900	1.356570816	-105.500000	0.0	0.0
13.554700	1.353910355	-105.500000	0.0	0.0
13.564500	1.351773069	-105.566667	0.0	0.0
13.574200	1.349628510	-105.600000	0.0	0.0
13.584000	1.348531223	-105.633333	0.0	0.0
13.593800	1.347434127	-105.700000	0.0	0.0
13.603500	1.346327327	-105.766667	0.0	0.0
13.613300	1.344714482	-105.800000	0.0	0.0
13.623000	1.343093013	-105.800000	0.0	0.0
13.632800	1.340967946	-105.866667	0.0	0.0
13.642600	1.340387840	-105.900000	0.0	0.0
13.652300	1.338255868	-105.900000	0.0	0.0
13.662100	1.337675562	-105.966667	0.0	0.0
13.671900	1.335556319	-106.000000	0.0	0.0
13.681600	1.333430002	-106.000000	0.0	0.0
13.691400	1.331316124	-106.066667	0.0	0.0
13.701200	1.330225511	-106.100000	0.0	0.0
13.710900	1.328615445	-106.166667	0.0	0.0
13.720700	1.327525693	-106.200000	0.0	0.0
13.730500	1.325927218	-106.266667	0.0	0.0
13.740200	1.324320355	-106.266667	0.0	0.0
13.750000	1.323232111	-106.300000	0.0	0.0
13.759800	1.321129696	-106.366667	0.0	0.0
13.769500	1.319526664	-106.400000	0.0	0.0
13.779300	1.317934486	-106.433333	0.0	0.0
13.789100	1.316343564	-106.466667	0.0	0.0
13.798800	1.315249019	-106.500000	0.0	0.0
13.808600	1.313660020	-106.566667	0.0	0.0
13.818400	1.312575902	-106.600000	0.0	0.0
13.828100	1.310979332	-106.633333	0.0	0.0
13.837900	1.308891120	-106.766667	0.0	0.0
13.847700	1.306805578	-106.766667	0.0	0.0
13.857400	1.304713291	-106.800000	0.0	0.0
13.867200	1.303133109	-106.833333	0.0	0.0
13.877000	1.302053777	-106.866667	0.0	0.0
13.886700	1.300466153	-106.933333	0.0	0.0
13.896500	1.299886495	-106.900000	0.0	0.0
13.906300	1.298309577	-106.966667	0.0	0.0
13.916000	1.296227070	-107.000000	0.0	0.0
13.925800	1.294653313	-107.033333	0.0	0.0
13.935500	1.293567877	-107.066667	0.0	0.0
13.945300	1.291996077	-107.100000	0.0	0.0
13.955100	1.291416367	-107.133333	0.0	0.0
13.964800	1.289836671	-107.166667	0.0	0.0
13.974600	1.287773209	-107.200000	0.0	0.0
13.984400	1.285712416	-107.266667	0.0	0.0
13.994100	1.284630729	-107.266667	0.0	0.0
14.003900	1.283066012	-107.300000	0.0	0.0
14.013700	1.281010873	-107.333333	0.0	0.0
14.023400	1.278949280	-107.366667	0.0	0.0
14.033200	1.276899494	-107.433333	0.0	0.0
14.043000	1.276810844	-107.466667	0.0	0.0
14.052700	1.277202544	-107.500000	0.0	0.0
14.062500	1.276132793	-107.533333	0.0	0.0
14.072300	1.274574088	-107.566667	0.0	0.0
14.082000	1.271054990	-107.633333	0.0	0.0
14.091800	1.269014168	-107.666667	0.0	0.0
14.101600	1.267462323	-107.666667	0.0	0.0
14.111300	1.266388695	-107.733333	0.0	0.0
14.121100	1.265810018	-107.766667	0.0	0.0
14.130900	1.265230997	-107.833333	0.0	0.0
14.140600	1.263187552	-107.866667	0.0	0.0
14.150400	1.261155727	-107.866667	0.0	0.0
14.160200	1.259126567	-107.966667	0.0	0.0
14.169900	1.258056421	-107.966667	0.0	0.0
14.179700	1.256513163	-107.966667	0.0	0.0
14.189500	1.255934795	-108.066667	0.0	0.0
14.199200	1.253902812	-108.066667	0.0	0.0
14.209000	1.251882344	-108.133333	0.0	0.0
14.218800	1.250824211	-108.166667	0.0	0.0
14.228500	1.249278075	-108.166667	0.0	0.0
14.238300	1.248220965	-108.233333	0.0	0.0
14.248000	1.246676883	-108.266667	0.0	0.0
14.257800	1.244665118	-108.300000	0.0	0.0
14.267600	1.244087496	-108.333333	0.0	0.0
14.277300	1.242070037	-108.366667	0.0	0.0
14.287100	1.241492455	-108.400000	0.0	0.0
14.296900	1.239486724	-108.466667	0.0	0.0
14.306600	1.237475003	-108.500000	0.0	0.0
14.316400	1.236423234	-108.566667	0.0	0.0
14.326200	1.234897780	-108.566667	0.0	0.0
14.335900	1.232891797	-108.600000	0.0	0.0
14.345700	1.230897089	-108.666667	0.0	0.0
14.355500	1.229848616	-108.666667	0.0	0.0
14.365200	1.228791910	-108.666667	0.0	0.0
14.375000	1.227744093	-108.666667	0.0	0.0
14.384800	1.227167452	-108.733333	0.0	0.0
14.394500	1.225170649	-108.833333	0.0	0.0
14.404300	1.223654536	-108.866667	0.0	0.0
14.414100	1.222608838	-108.866667	0.0	0.0
14.423800	1.220617780	-108.900000	0.0	0.0
14.433600	1.220041674	-108.933333	0.0	0.0
14.443400	1.218997380	-108.933333	0.0	0.0
14.453100	1.217477679	-108.966667	0.0	0.0
14.462900	1.215501176	-109.033333	0.0	0.0
14.472700	1.213527325	-109.066667	0.0	0.0
14.482400	1.212478013	-109.166667	0.0	0.0
14.492200	1.211437423	-109.166667	0.0	0.0
14.502000	1.209932755	-109.200000	0.0	0.0
14.511700	1.208421077	-109.233333	0.0	0.0
14.521500	1.206455977	-109.266667	0.0	0.0
14.531300	1.205418361	-109.300000	0.0	0.0
14.541000	1.204372807	-109.333333	0.0	0.0
14.550800	1.202874186	-109.366667	0.0	0.0
14.560500	1.201368633	-109.400000	0.0	0.0
14.570300	1.199872668	-109.466667	0.0	0.0
14.580100	1.198838006	-109.500000	0.0	0.0
14.589800	1.198255245	-109.566667	0.0	0.0
14.599600	1.196761540	-109.566667	0.0	0.0
14.609400	1.195727948	-109.600000	0.0	0.0
14.619100	1.194228149	-109.566667	0.0	0.0
14.628900	1.192737859	-109.633333	0.0	0.0
14.638700	1.191248894	-109.666667	0.0	0.0
14.648400	1.189753133	-109.700000	0.0	0.0
14.658200	1.188722938	-109.766667	0.0	0.0
14.668000	1.187237397	-109.800000	0.0	0.0
14.677700	1.185745104	-109.833333	0.0	0.0
14.687500	1.184716798	-109.866667	0.0	0.0
14.697300	1.184143201	-109.900000	0.0	0.0
14.707000	1.182199467	-109.933333	0.0	0.0
14.716800	1.180266429	-109.966667	0.0	0.0
14.726600	1.179240784	-110.000000	0.0	0.0
14.736300	1.177755445	-110.066667	0.0	0.0
14.746100	1.177182620	-110.100000	0.0	0.0
14.755900	1.175706818	-110.133333	0.0	0.0
14.765600	1.174675108	-110.166667	0.0	0.0
14.775400	1.172751275	-110.200000	0.0	0.0
14.785200	1.170830077	-110.200000	0.0	0.0
14.794900	1.170250137	-110.233333	0.0	0.0
14.804700	1.169677883	-110.300000	0.0	0.0
14.814500	1.168656821	-110.300000	0.0	0.0
14.824200	1.167180256	-110.300000	0.0	0.0
14.834000	1.165265642	-110.366667	0.0	0.0
14.843800	1.163800200	-110.400000	0.0	0.0
14.853500	1.162328269	-110.466667	0.0	0.0
14.863300	1.159974860	-110.500000	0.0	0.0
14.873000	1.158951454	-110.533333	0.0	0.0
14.882800	1.157491949	-110.600000	0.0	0.0
14.892600	1.157365480	-110.633333	0.0	0.0
14.902300	1.155899215	-110.700000	0.0	0.0
14.912100	1.155328466	-110.700000	0.0	0.0
14.921900	1.153871532	-110.700000	0.0	0.0
14.931600	1.152850557	-110.700000	0.0	0.0
14.941400	1.150953980	-110.800000	0.0	0.0
14.951200	1.149942304	-110.800000	0.0	0.0
14.960900	1.148482513	-110.800000	0.0	0.0
14.970700	1.146591649	-110.900000	0.0	0.0
14.980500	1.144703407	-110.900000	0.0	0.0
14.990200	1.144126630	-110.900000	0.0	0.0
15.000000	1.143118515	-110.933333	0.0	0.0
15.009800	1.141672584	-111.000000	0.0	0.0
15.019500	1.139782913	-111.000000	0.0	0.0
15.029300	1.139214280	-111.100000	0.0	0.0
15.039100	1.137335287	-111.100000	0.0	0.0
15.048800	1.136323192	-111.100000	0.0	0.0
15.058600	1.134883453	-111.133333	0.0	0.0
15.068400	1.133010167	-111.200000	0.0	0.0
15.078100	1.132000502	-111.200000	0.0	0.0
15.087900	1.130564810	-111.300000	0.0	0.0
15.097700	1.128697227	-111.300000	0.0	0.0
15.107400	1.127689997	-111.300000	0.0	0.0
15.117200	1.126258354	-111.300000	0.0	0.0
15.127000	1.124828056	-111.400000	0.0	0.0
15.136700	1.123822881	-111.433333	0.0	0.0
15.146500	1.121964087	-111.500000	0.0	0.0
15.156300	1.120537838	-111.500000	0.0	0.0
15.166000	1.119105555	-111.500000	0.0	0.0
15.175800	1.117682011	-111.533333	0.0	0.0
15.185500	1.115824166	-111.600000	0.0	0.0
15.195300	1.114403871	-111.600000	0.0	0.0
15.205100	1.112984922	-111.600000	0.0	0.0
15.214800	1.111560011	-111.700000	0.0	0.0
15.224600	1.109717814	-111.700000	0.0	0.0
15.234400	1.107878211	-111.766667	0.0	0.0
15.244100	1.107308046	-111.800000	0.0	0.0
15.253900	1.105471528	-111.800000	0.0	0.0
15.263700	1.104484999	-111.800000	0.0	0.0
15.273400	1.101799047	-111.900000	0.0	0.0
15.283200	1.099970310	-111.900000	0.0	0.0
15.293000	1.098565666	-111.900000	0.0	0.0
15.302700	1.097576326	-112.000000	0.0	0.0
15.312500	1.096173844	-112.033333	0.0	0.0
15.322300	1.094352652	-112.033333	0.0	0.0
15.332000	1.092526913	-112.000000	0.0	0.0
15.341800	1.090710892	-112.100000	0.0	0.0
15.351600	1.088897446	-112.100000	0.0	0.0
15.361300	1.087496758	-112.200000	0.0	0.0
15.371100	1.085687776	-112.200000	0.0	0.0
15.380900	1.083049772	-112.266667	0.0	0.0
15.390600	1.081240283	-112.300000	0.0	0.0
15.400400	1.079440399	-112.300000	0.0	0.0
15.410200	1.078470513	-112.300000	0.0	0.0
15.419900	1.075841329	-112.333333	0.0	0.0
15.429700	1.073637030	-112.366667	0.0	0.0
15.439500	1.071436816	-112.400000	0.0	0.0
15.449200	1.069644171	-112.466667	0.0	0.0
15.459000	1.067451284	-112.500000	0.0	0.0
15.468800	1.065671352	-112.500000	0.0	0.0
15.478500	1.063887088	-112.533333	0.0	0.0
15.488300	1.062112252	-112.566667	0.0	0.0
15.498000	1.059926271	-112.600000	0.0	0.0
15.507800	1.057345346	-112.666667	0.0	0.0
15.517600	1.055580161	-112.700000	0.0	0.0
15.527300	1.053810716	-112.700000	0.0	0.0
15.537100	1.051646936	-112.700000	0.0	0.0
15.546900	1.049487182	-112.700000	0.0	0.0
15.556600	1.046922865	-112.800000	0.0	0.0
15.566400	1.044771987	-112.833333	0.0	0.0
15.576200	1.042225068	-112.866667	0.0	0.0
15.585900	1.040475565	-112.866667	0.0	0.0
15.595700	1.038336703	-112.900000	0.0	0.0
15.605500	1.035804249	-112.933333	0.0	0.0
15.615200	1.032874489	-112.933333	0.0	0.0
15.625000	1.029959211	-113.000000	0.0	0.0
15.634800	1.028234876	-113.033333	0.0	0.0
15.644500	1.025325333	-113.066667	0.0	0.0
15.654300	1.023607955	-113.100000	0.0	0.0
15.664100	1.020325593	-113.100000	0.0	0.0
15.673800	1.017437251	-113.100000	0.0	0.0
15.683600	1.013784758	-113.200000	0.0	0.0
15.693400	1.011696803	-113.233333	0.0	0.0
15.703100	1.008831722	-113.300000	0.0	0.0
15.712900	1.008299797	-113.266667	0.0	0.0
15.722700	1.005449960	-113.300000	0.0	0.0
15.732400	1.003371236	-113.300000	0.0	0.0
15.742200	0.999766911	-113.366667	0.0	0.0
15.752000	0.996940034	-113.400000	0.0	0.0
15.761700	0.994114459	-113.400000	0.0	0.0
15.771500	0.990542241	-113.433333	0.0	0.0
15.781300	0.987740305	-113.433333	0.0	0.0
15.791000	0.984184000	-113.466667	0.0	0.0
15.800800	0.981775995	-113.500000	0.0	0.0
15.810500	0.978615908	-113.566667	0.0	0.0
15.820300	0.975846214	-113.566667	0.0	0.0
15.830100	0.972337402	-113.566667	0.0	0.0
15.839800	0.969578613	-113.566667	0.0	0.0
15.849600	0.966091601	-113.633333	0.0	0.0
15.859400	0.963725653	-113.666667	0.0	0.0
15.869100	0.960252906	-113.700000	0.0	0.0
15.878900	0.957165597	-113.700000	0.0	0.0
15.888700	0.952624394	-113.766667	0.0	0.0
15.898400	0.949919390	-113.766667	0.0	0.0
15.908200	0.946864227	-113.800000	0.0	0.0
15.918000	0.943456397	-113.866667	0.0	0.0
15.927700	0.939333333	-113.866667	0.0	0.0
15.937500	0.935233808	-113.900000	0.0	0.0
15.947300	0.932224468	-113.933333	0.0	0.0
15.957000	0.929218637	-114.033333	0.0	0.0
15.966800	0.925517323	-114.066667	0.0	0.0
15.976600	0.921476708	-114.066667	0.0	0.0
15.986300	0.917799800	-114.066667	0.0	0.0
15.996100	0.914493825	-114.100000	0.0	0.0
16.005900	0.911199416	-114.100000	0.0	0.0
16.015600	0.906518240	-114.166667	0.0	0.0
16.025400	0.902905320	-114.133333	0.0	0.0
16.035200	0.898961407	-114.166667	0.0	0.0
16.044900	0.895372355	-114.233333	0.0	0.0
16.054700	0.891460685	-114.333333	0.0	0.0
16.064500	0.887225222	-114.333333	0.0	0.0
16.074200	0.883004061	-114.333333	0.0	0.0
16.084000	0.879482896	-114.333333	0.0	0.0
16.093800	0.876311679	-114.366667	0.0	0.0
16.103500	0.872141484	-114.366667	0.0	0.0
16.113300	0.867663163	-114.366667	0.0	0.0
16.123000	0.862870962	-114.433333	0.0	0.0
16.132800	0.858769114	-114.500000	0.0	0.0
16.142600	0.854686450	-114.566667	0.0	0.0
16.152300	0.851270739	-114.633333	0.0	0.0
16.162100	0.846573084	-114.666667	0.0	0.0
16.171900	0.841901042	-114.666667	0.0	0.0
16.181600	0.837249303	-114.666667	0.0	0.0
16.191400	0.832947704	-114.666667	0.0	0.0
16.201200	0.828985975	-114.666667	0.0	0.0
16.210900	0.821562221	-114.633333	0.0	0.0
16.220700	0.818281863	-114.633333	0.0	0.0
16.230500	0.813139826	-114.633333	0.0	0.0
16.240200	0.811754503	-114.733333	0.0	0.0
16.250000	0.806962522	-114.766667	0.0	0.0
16.259800	0.802198538	-114.833333	0.0	0.0
16.269500	0.796539908	-114.866667	0.0	0.0
16.279300	0.791533062	-114.933333	0.0	0.0
16.289100	0.787161340	-114.966667	0.0	0.0
16.298800	0.783409735	-114.933333	0.0	0.0
16.308600	0.779082318	-115.000000	0.0	0.0
16.318400	0.774184088	-115.033333	0.0	0.0
16.328100	0.769016488	-115.066667	0.0	0.0
16.337900	0.764474318	-115.066667	0.0	0.0
16.347700	0.759375636	-115.166667	0.0	0.0
16.357400	0.754885252	-115.200000	0.0	0.0
16.367200	0.748987189	-115.366667	0.0	0.0
16.377000	0.743991001	-115.333333	0.0	0.0
16.386700	0.739307031	-115.333333	0.0	0.0
16.396500	0.736067801	-115.233333	0.0	0.0
16.406300	0.730876473	-115.233333	0.0	0.0
16.416000	0.725995636	-115.266667	0.0	0.0
16.425800	0.720321754	-115.366667	0.0	0.0
16.435500	0.716060286	-115.366667	0.0	0.0
16.445300	0.710736251	-115.400000	0.0	0.0
16.455100	0.705993213	-115.433333	0.0	0.0
16.464800	0.701008245	-115.466667	0.0	0.0
16.474600	0.695795388	-115.533333	0.0	0.0
16.484400	0.689826400	-115.566667	0.0	0.0
16.494100	0.684692057	-115.600000	0.0	0.0
16.503900	0.680382681	-115.500000	0.0	0.0
16.513700	0.676100189	-115.566667	0.0	0.0
16.523400	0.670295159	-115.566667	0.0	0.0
16.533200	0.664033902	-115.633333	0.0	0.0
16.543000	0.659347357	-115.733333	0.0	0.0
16.552700	0.655192389	-115.800000	0.0	0.0
16.562500	0.650318174	-115.833333	0.0	0.0
16.572300	0.644242621	-115.766667	0.0	0.0
16.582000	0.639200213	-115.766667	0.0	0.0
16.591800	0.634687830	-115.800000	0.0	0.0
16.601600	0.629240420	-115.866667	0.0	0.0
16.611300	0.623596432	-115.900000	0.0	0.0
16.621100	0.617769452	-115.900000	0.0	0.0
16.630900	0.612466612	-115.900000	0.0	0.0
16.640600	0.607205432	-116.000000	0.0	0.0
16.650400	0.601992857	-116.000000	0.0	0.0
16.660200	0.597053906	-115.966667	0.0	0.0
16.669900	0.592151719	-115.966667	0.0	0.0
16.679700	0.586617348	-116.000000	0.0	0.0
16.689500	0.581580709	-116.066667	0.0	0.0
16.699200	0.576362433	-116.100000	0.0	0.0
16.709000	0.570975043	-116.166667	0.0	0.0
16.718800	0.564770195	-116.100000	0.0	0.0
16.728500	0.558843667	-116.166667	0.0	0.0
16.738300	0.553831960	-116.200000	0.0	0.0
16.748000	0.549704913	-116.300000	0.0	0.0
16.757800	0.544774791	-116.300000	0.0	0.0
16.767600	0.538853744	-116.333333	0.0	0.0
16.777300	0.533198277	-116.366667	0.0	0.0
16.787100	0.527605131	-116.166667	0.0	0.0
16.796900	0.522872503	-116.133333	0.0	0.0
16.806600	0.517781502	-116.200000	0.0	0.0
16.816400	0.513136643	-116.400000	0.0	0.0
16.826200	0.508143116	-116.466667	0.0	0.0
16.835900	0.503001952	-116.466667	0.0	0.0
16.845700	0.497533577	-116.500000	0.0	0.0
16.855500	0.492124485	-116.600000	0.0	0.0
16.865200	0.486771148	-116.600000	0.0	0.0
16.875000	0.482033382	-116.600000	0.0	0.0
16.884800	0.474601661	-116.466667	0.0	0.0
16.894500	0.469078301	-116.533333	0.0	0.0
16.904300	0.463799766	-116.600000	0.0	0.0
16.914100	0.460520422	-116.733333	0.0	0.0
16.923800	0.455509967	-116.733333	0.0	0.0
16.933600	0.450383664	-116.766667	0.0	0.0
16.943400	0.445656827	-116.766667	0.0	0.0
16.953100	0.440807651	-116.800000	0.0	0.0
16.962900	0.436348448	-116.800000	0.0	0.0
16.972700	0.430775440	-116.800000	0.0	0.0
16.982400	0.425434200	-116.800000	0.0	0.0
16.992200	0.419839160	-116.833333	0.0	0.0
17.002000	0.415272665	-116.833333	0.0	0.0
17.011700	0.410753288	-116.900000	0.0	0.0
17.021500	0.406285350	-116.900000	0.0	0.0
17.031300	0.401403479	-117.000000	0.0	0.0
17.041000	0.396121495	-116.933333	0.0	0.0
17.050800	0.389563352	-116.866667	0.0	0.0
17.060500	0.383994575	-116.733333	0.0	0.0
17.070300	0.379234483	-116.900000	0.0	0.0
17.080100	0.376117675	-117.100000	0.0	0.0
17.089800	0.371880706	-117.300000	0.0	0.0
17.099600	0.366988637	-117.300000	0.0	0.0
17.109400	0.361882943	-117.200000	0.0	0.0
17.119100	0.356983050	-117.200000	0.0	0.0
17.128900	0.352557107	-117.266667	0.0	0.0
17.138700	0.347918784	-117.200000	0.0	0.0
17.148400	0.343207633	-117.400000	0.0	0.0
17.158200	0.338172581	-117.433333	0.0	0.0
17.168000	0.333979419	-117.500000	0.0	0.0
17.177700	0.329709667	-117.400000	0.0	0.0
17.187500	0.325871248	-117.400000	0.0	0.0
17.197300	0.321459995	-117.333333	0.0	0.0
17.207000	0.316741638	-117.400000	0.0	0.0
17.216800	0.311854801	-117.400000	0.0	0.0
17.226600	0.306925451	-117.533333	0.0	0.0
17.236300	0.302884729	-117.500000	0.0	0.0
17.246100	0.298211394	-117.500000	0.0	0.0
17.255900	0.294286913	-117.500000	0.0	0.0
17.265600	0.290078144	-117.600000	0.0	0.0
17.275400	0.285931133	-117.800000	0.0	0.0
17.285200	0.281735177	-117.800000	0.0	0.0
17.294900	0.276535817	-117.766667	0.0	0.0
17.304700	0.272686774	-117.600000	0.0	0.0
17.314500	0.268788049	-117.633333	0.0	0.0
17.324200	0.265350467	-117.700000	0.0	0.0
17.334000	0.261055066	-117.766667	0.0	0.0
17.343800	0.257421168	-117.700000	0.0	0.0
17.353500	0.253252503	-117.766667	0.0	0.0
17.363300	0.249439715	-117.900000	0.0	0.0
17.373000	0.245211868	-118.000000	0.0	0.0
17.382800	0.241334679	-117.800000	0.0	0.0
17.392600	0.237336487	-117.833333	0.0	0.0
17.402300	0.233403117	-117.800000	0.0	0.0
17.412100	0.230065317	-118.000000	0.0	0.0
17.421900	0.226340454	-118.000000	0.0	0.0
17.431600	0.222418335	-118.000000	0.0	0.0
17.441400	0.218733184	-117.900000	0.0	0.0
17.451200	0.215191591	-118.000000	0.0	0.0
17.460900	0.211219151	-118.000000	0.0	0.0
17.470700	0.207719359	-118.000000	0.0	0.0
17.480500	0.204042444	-118.100000	0.0	0.0
17.490200	0.200968555	-118.100000	0.0	0.0
17.500000	0.197411015	-118.100000	0.0	0.0
17.509800	0.194139774	-118.100000	0.0	0.0
17.519500	0.190921589	-118.166667	0.0	0.0
17.529300	0.187613711	-118.233333	0.0	0.0
17.539100	0.184363087	-118.300000	0.0	0.0
17.548800	0.180543043	-118.200000	0.0	0.0
17.558600	0.177482915	-118.166667	0.0	0.0
17.568400	0.174541570	-118.200000	0.0	0.0
17.578100	0.171450437	-118.400000	0.0	0.0
17.587900	0.168350336	-118.400000	0.0	0.0
17.597700	0.164862764	-118.400000	0.0	0.0
17.607400	0.161818646	-118.300000	0.0	0.0
17.617200	0.158648834	-118.233333	0.0	0.0
17.627000	0.156139124	-118.500000	0.0	0.0
17.636700	0.153727180	-118.566667	0.0	0.0
17.646500	0.150831453	-118.600000	0.0	0.0
17.656300	0.147706531	-118.500000	0.0	0.0
17.666000	0.144257442	-118.600000	0.0	0.0
17.675800	0.141703011	-118.600000	0.0	0.0
17.685500	0.139032824	-118.500000	0.0	0.0
17.695300	0.136675686	-118.300000	0.0	0.0
17.705100	0.133433553	-118.300000	0.0	0.0
17.714800	0.130818627	-118.466667	0.0	0.0
17.724600	0.128206421	-118.733333	0.0	0.0
17.734400	0.126371702	-118.933333	0.0	0.0
17.744100	0.123562677	-118.900000	0.0	0.0
17.753900	0.120909503	-118.966667	0.0	0.0
17.763700	0.118086458	-118.933333	0.0	0.0
17.773400	0.116083506	-118.933333	0.0	0.0
17.783200	0.113678041	-118.800000	0.0	0.0
17.793000	0.110895991	-118.766667	0.0	0.0
17.802700	0.108514025	-118.700000	0.0	0.0
17.812500	0.106306106	-118.733333	0.0	0.0
17.822300	0.104183054	-118.800000	0.0	0.0
17.832000	0.102023462	-118.833333	0.0	0.0
17.841800	0.099794207	-118.933333	0.0	0.0
17.851600	0.097763591	-118.800000	0.0	0.0
17.861300	0.095370282	-118.866667	0.0	0.0
17.871100	0.093322125	-118.866667	0.0	0.0
17.880900	0.091352978	-119.033333	0.0	0.0
17.890600	0.089424854	-119.300000	0.0	0.0
17.900400	0.087336557	-119.200000	0.0	0.0
17.910200	0.085493632	-119.266667	0.0	0.0
17.919900	0.083528673	-119.133333	0.0	0.0
17.929700	0.081734678	-119.233333	0.0	0.0
17.939500	0.079642277	-119.200000	0.0	0.0
17.949200	0.077841602	-119.233333	0.0	0.0
17.959000	0.076052848	-119.300000	0.0	0.0
17.968800	0.074419328	-119.266667	0.0	0.0
17.978500	0.072625107	-119.200000	0.0	0.0
17.988300	0.070765806	-119.200000	0.0	0.0
17.998000	0.069086138	-119.200000	0.0	0.0
18.007800	0.067836067	-119.225000	0.0	0.0
18.017600	0.066175456	-119.250000	0.0	0.0
18.027300	0.063644960	-119.275000	0.0	0.0
18.037100	0.061801647	-119.300000	0.0	0.0
18.046900	0.060334995	-119.325000	0.0	0.0
18.056600	0.059768081	-119.350000	0.0	0.0
18.066400	0.058193117	-119.375000	0.0	0.0
18.076200	0.056833858	-119.400000	0.0	0.0
18.085900	0.055378364	-119.425000	0.0	0.0
18.095700	0.053919028	-119.450000	0.0	0.0
18.105500	0.052578782	-119.475000	0.0	0.0
18.115200	0.051232215	-119.500000	0.0	0.0
18.125000	0.049939557	-119.525000	0.0	0.0
18.134800	0.048660822	-119.550000	0.0	0.0
18.144500	0.047469174	-119.575000	0.0	0.0
18.154300	0.046306950	-119.600000	0.0	0.0
18.164100	0.044948363	-119.625000	0.0	0.0
18.173800	0.043696409	-119.650000	0.0	0.0
18.183600	0.042512163	-119.675000	0.0	0.0
18.193400	0.041582813	-119.700000	0.0	0.0
18.203100	0.040455604	-119.725000	0.0	0.0
18.212900	0.039283705	-119.750000	0.0	0.0
18.222700	0.038175030	-119.775000	0.0	0.0
18.232400	0.037383260	-119.800000	0.0	0.0
18.242200	0.036384009	-119.825000	0.0	0.0
18.252000	0.035357140	-119.850000	0.0	0.0
18.261700	0.034174949	-119.875000	0.0	0.0
18.271500	0.033134026	-119.900000	0.0	0.0
18.281300	0.032137129	-119.925000	0.0	0.0
18.291000	0.031205953	-119.950000	0.0	0.0
18.300800	0.030406755	-119.975000	0.0	0.0
18.310500	0.029469100	-120.000000	0.0	0.0
18.320300	0.028681327	-120.025000	0.0	0.0
18.330100	0.027797015	-120.050000	0.0	0.0
18.339800	0.027064163	-120.075000	0.0	0.0
18.349600	0.026239765	-120.100000	0.0	0.0
18.359400	0.025450236	-120.125000	0.0	0.0
18.369100	0.024703276	-120.150000	0.0	0.0
18.378900	0.024024416	-120.175000	0.0	0.0
18.388700	0.023346280	-120.200000	0.0	0.0
18.398400	0.022669750	-120.225000	0.0	0.0
18.408200	0.021894985	-120.250000	0.0	0.0
18.418000	0.021276938	-120.275000	0.0	0.0
18.427700	0.020620750	-120.300000	0.0	0.0
18.437500	0.019923641	-120.325000	0.0	0.0
18.447300	0.019287065	-120.350000	0.0	0.0
18.457000	0.018649239	-120.375000	0.0	0.0
18.466800	0.018164564	-120.400000	0.0	0.0
18.476600	0.017543735	-120.425000	0.0	0.0
18.486300	0.017002652	-120.450000	0.0	0.0
18.496100	0.016509991	-120.475000	0.0	0.0
18.505900	0.015970195	-120.500000	0.0	0.0
18.515600	0.015465755	-120.525000	0.0	0.0
18.525400	0.014977325	-120.550000	0.0	0.0
18.535200	0.014521025	-120.575000	0.0	0.0
18.544900	0.013992366	-120.600000	0.0	0.0
18.554700	0.013426225	-120.625000	0.0	0.0
18.564500	0.012972288	-120.650000	0.0	0.0
18.574200	0.012572166	-120.675000	0.0	0.0
18.584000	0.012151760	-120.700000	0.0	0.0
18.593800	0.011758939	-120.725000	0.0	0.0
18.603500	0.011348226	-120.750000	0.0	0.0
18.613300	0.010972949	-120.775000	0.0	0.0
18.623000	0.010573440	-120.800000	0.0	0.0
18.632800	0.010176805	-120.825000	0.0	0.0
18.642600	0.009802567	-120.850000	0.0	0.0
18.652300	0.009445662	-120.875000	0.0	0.0
18.662100	0.009129784	-120.900000	0.0	0.0
18.671900	0.008841416	-120.925000	0.0	0.0
18.681600	0.008526041	-120.950000	0.0	0.0
18.691400	0.008263078	-120.975000	0.0	0.0
18.701200	0.007934803	-121.000000	0.0	0.0
18.710900	0.007642956	-121.025000	0.0	0.0
18.720700	0.007339313	-121.050000	0.0	0.0
18.730500	0.007093861	-121.075000	0.0	0.0
18.740200	0.006843436	-121.100000	0.0	0.0
18.750000	0.006579122	-121.125000	0.0	0.0
18.759800	0.006315313	-121.150000	0.0	0.0
18.769500	0.006092367	-121.175000	0.0	0.0
18.779300	0.005854809	-121.200000	0.0	0.0
18.789100	0.005628672	-121.225000	0.0	0.0
18.798800	0.005380180	-121.250000	0.0	0.0
18.808600	0.005164439	-121.275000	0.0	0.0
18.818400	0.004982141	-121.300000	0.0	0.0
18.828100	0.004793358	-121.325000	0.0	0.0
18.837900	0.004583520	-121.350000	0.0	0.0
18.847700	0.004403098	-121.375000	0.0	0.0
18.857400	0.004221646	-121.400000	0.0	0.0
18.867200	0.004047692	-121.425000	0.0	0.0
18.877000	0.003852710	-121.450000	0.0	0.0
18.886700	0.003688270	-121.475000	0.0	0.0
18.896500	0.003549888	-121.500000	0.0	0.0
18.906300	0.003440381	-121.525000	0.0	0.0
18.916000	0.003338074	-121.550000	0.0	0.0
18.925800	0.003214062	-121.575000	0.0	0.0
18.935500	0.003055696	-121.600000	0.0	0.0
18.945300	0.002890690	-121.625000	0.0	0.0
18.955100	0.002752492	-121.650000	0.0	0.0
18.964800	0.002622899	-121.675000	0.0	0.0
18.974600	0.002509994	-121.700000	0.0	0.0
18.984400	0.002425103	-121.725000	0.0	0.0
18.994100	0.002326941	-121.750000	0.0	0.0
19.003900	0.002208900	-121.775000	0.0	0.0
19.013700	0.002096846	-121.800000	0.0	0.0
19.023400	0.002000421	-121.825000	0.0	0.0
19.033200	0.001931280	-121.850000	0.0	0.0
19.043000	0.001813714	-121.875000	0.0	0.0
19.052700	0.001715102	-121.900000	0.0	0.0
19.062500	0.001621237	-121.925000	0.0	0.0
19.072300	0.001547283	-121.950000	0.0	0.0
19.082000	0.001511091	-121.975000	0.0	0.0
19.091800	0.001455504	-122.000000	0.0	0.0
19.101600	0.001368474	-122.025000	0.0	0.0
19.111300	0.001275333	-122.050000	0.0	0.0
19.121100	0.001213425	-122.075000	0.0	0.0
19.130900	0.001196930	-122.100000	0.0	0.0
19.140600	0.001148036	-122.125000	0.0	0.0
19.150400	0.001089376	-122.150000	0.0	0.0
19.160200	0.001026597	-122.175000	0.0	0.0
19.169900	0.000962616	-122.200000	0.0	0.0
19.179700	0.000912379	-122.225000	0.0	0.0
19.189500	0.000865095	-122.250000	0.0	0.0
19.199200	0.000842914	-122.275000	0.0	0.0
19.209000	0.000778941	-122.300000	0.0	0.0
19.218800	0.000726763	-122.325000	0.0	0.0
19.228500	0.000677296	-122.350000	0.0	0.0
19.238300	0.000652379	-122.375000	0.0	0.0
19.248000	0.000626208	-122.400000	0.0	0.0
19.257800	0.000598559	-122.425000	0.0	0.0
19.267600	0.000558249	-122.450000	0.0	0.0
19.277300	0.000522652	-122.475000	0.0	0.0
19.287100	0.000505553	-122.500000	0.0	0.0
19.296900	0.000488638	-122.525000	0.0	0.0
19.306600	0.000461891	-122.550000	0.0	0.0
19.316400	0.000423408	-122.575000	0.0	0.0
19.326200	0.000407361	-122.600000	0.0	0.0
19.335900	0.000374712	-122.625000	0.0	0.0
19.345700	0.000338131	-122.650000	0.0	0.0
19.355500	0.000319991	-122.675000	0.0	0.0
19.365200	0.000317947	-122.700000	0.0	0.0
19.375000	0.000301584	-122.725000	0.0	0.0
19.384800	0.000266764	-122.750000	0.0	0.0
19.394500	0.000238604	-122.775000	0.0	0.0
19.404300	0.000239459	-122.800000	0.0	0.0
19.414100	0.000228885	-122.825000	0.0	0.0
19.423800	0.000214372	-122.850000	0.0	0.0
19.433600	0.000201397	-122.875000	0.0	0.0
19.443400	0.000181805	-122.900000	0.0	0.0
19.453100	0.000161866	-122.925000	0.0	0.0
19.462900	0.000160586	-122.950000	0.0	0.0
19.472700	0.000179305	-122.975000	0.0	0.0
19.482400	0.000187993	-123.000000	0.0	0.0
19.492200	0.000154891	-123.025000	0.0	0.0
19.502000	0.000118507	-123.050000	0.0	0.0
19.511700	0.000101772	-123.075000	0.0	0.0
19.521500	0.000105604	-123.100000	0.0	0.0
19.531300	0.000167455	-123.125000	0.0	0.0
19.541000	0.000180973	-123.150000	0.0	0.0
19.550800	0.000170150	-123.175000	0.0	0.0
19.560500	0.000098639	-123.200000	0.0	0.0
19.570300	0.000092136	-123.225000	0.0	0.0
19.580100	0.000082221	-123.250000	0.0	0.0
19.589800	0.000078288	-123.275000	0.0	0.0
19.599600	0.000063716	-123.300000	0.0	0.0
19.609400	0.000083329	-123.325000	0.0	0.0
19.619100	0.000070255	-123.350000	0.0	0.0
19.628900	0.000064649	-123.375000	0.0	0.0
19.638700	0.000058719	-123.400000	0.0	0.0
19.648400	0.000085407	-123.425000	0.0	0.0
19.658200	0.000099551	-123.450000	0.0	0.0
19.668000	0.000072293	-123.475000	0.0	0.0
19.677700	0.000069873	-123.500000	0.0	0.0
19.687500	0.000055872	-123.525000	0.0	0.0
19.697300	0.000064354	-123.550000	0.0	0.0
19.707000	0.000045337	-123.575000	0.0	0.0
19.716800	0.000045169	-123.600000	0.0	0.0
19.726600	0.000044760	-123.625000	0.0	0.0
19.736300	0.000050925	-123.650000	0.0	0.0
19.746100	0.000048415	-123.675000	0.0	0.0
19.755900	0.000047101	-123.700000	0.0	0.0
19.765600	0.000041059	-123.725000	0.0	0.0
19.775400	0.000036682	-123.750000	0.0	0.0
19.785200	0.000100966	-123.775000	0.0	0.0
19.794900	0.000110676	-123.800000	0.0	0.0
19.804700	0.000115151	-123.825000	0.0	0.0
19.814500	0.000058208	-123.850000	0.0	0.0
19.824200	0.000065669	-123.875000	0.0	0.0
19.834000	0.000059898	-123.900000	0.0	0.0
19.843800	0.000049350	-123.925000	0.0	0.0
19.853500	0.000040911	-123.950000	0.0	0.0
19.863300	0.000047759	-123.975000	0.0	0.0
19.873000	0.000047819	-124.000000	0.0	0.0
19.882800	0.000072329	-124.025000	0.0	0.0
19.892600	0.000063512	-124.050000	0.0	0.0
19.902300	0.000060800	-124.075000	0.0	0.0
19.912100	0.000057141	-124.100000	0.0	0.0
19.921900	0.000056191	-124.125000	0.0	0.0
19.931600	0.000055489	-124.150000	0.0	0.0
19.941400	0.000052130	-124.175000	0.0	0.0
19.951200	0.000055864	-124.200000	0.0	0.0
19.960900	0.000054998	-124.225000	0.0	0.0
19.970700	0.000040916	-124.250000	0.0	0.0
19.980500	0.000046427	-124.275000	0.0	0.0
19.990200	0.000053372	-124.300000	0.0	0.0
