# UNCLASSIFIED
#
# Response info for SNAA broad-band site.
#
# Effective: 11 May 2004
# Creation date: 07 Mar 2007
# File name: SNAA_bb_rsp.txt
#
# Source: James Neely (TTD), TSgt Magar (TTD)
# System equipment: Streckeisen STS-2 seismometer and Nanometrics HRD24
# digitizer.
#
# The response file was derived from equations of state.
# Displacement response normalized to 1.0 at 1.0 Hz.
#
# The calib values for this configuration are as follows:
#
# SNAA BHZ is 0.007960 nm/count at 1.0 Hz.
# SNAA BHN is 0.007960 nm/count at 1.0 Hz.
# SNAA BHE is 0.007960 nm/count at 1.0 Hz.
#
# Freq(Hz)     Amp(counts/nm)    Phase(deg)   Error(amp) Error(phase)
#
 theoretical   0   instrument   fap
1000
0.001000	0.000001429	344.513308	0.0	0.0
0.001010	0.000001487	344.358467	0.0	0.0
0.001020	0.000001547	344.202071	0.0	0.0
0.001030	0.000001609	344.044104	0.0	0.0
0.001040	0.000001674	343.884549	0.0	0.0
0.001051	0.000001741	343.723376	0.0	0.0
0.001061	0.000001812	343.560582	0.0	0.0
0.001072	0.000001885	343.396153	0.0	0.0
0.001083	0.000001961	343.230056	0.0	0.0
0.001093	0.000002040	343.062290	0.0	0.0
0.001104	0.000002122	342.892840	0.0	0.0
0.001115	0.000002207	342.721672	0.0	0.0
0.001126	0.000002296	342.548771	0.0	0.0
0.001138	0.000002389	342.374137	0.0	0.0
0.001149	0.000002485	342.197736	0.0	0.0
0.001160	0.000002586	342.019552	0.0	0.0
0.001172	0.000002690	341.839570	0.0	0.0
0.001184	0.000002798	341.657772	0.0	0.0
0.001195	0.000002911	341.474127	0.0	0.0
0.001207	0.000003028	341.288632	0.0	0.0
0.001219	0.000003150	341.101273	0.0	0.0
0.001231	0.000003277	340.912000	0.0	0.0
0.001244	0.000003409	340.720829	0.0	0.0
0.001256	0.000003546	340.527711	0.0	0.0
0.001269	0.000003689	340.332646	0.0	0.0
0.001281	0.000003838	340.135601	0.0	0.0
0.001294	0.000003992	339.936575	0.0	0.0
0.001307	0.000004153	339.735519	0.0	0.0
0.001320	0.000004320	339.532433	0.0	0.0
0.001333	0.000004494	339.327284	0.0	0.0
0.001346	0.000004675	339.120055	0.0	0.0
0.001360	0.000004863	338.910714	0.0	0.0
0.001373	0.000005059	338.699258	0.0	0.0
0.001387	0.000005263	338.485656	0.0	0.0
0.001401	0.000005474	338.269890	0.0	0.0
0.001415	0.000005695	338.051927	0.0	0.0
0.001429	0.000005924	337.831750	0.0	0.0
0.001443	0.000006162	337.609343	0.0	0.0
0.001457	0.000006410	337.384671	0.0	0.0
0.001472	0.000006668	337.157702	0.0	0.0
0.001487	0.000006936	336.928435	0.0	0.0
0.001501	0.000007215	336.696836	0.0	0.0
0.001516	0.000007505	336.462871	0.0	0.0
0.001532	0.000007806	336.226524	0.0	0.0
0.001547	0.000008120	335.987777	0.0	0.0
0.001562	0.000008446	335.746596	0.0	0.0
0.001578	0.000008786	335.502948	0.0	0.0
0.001593	0.000009139	335.256815	0.0	0.0
0.001609	0.000009506	335.008164	0.0	0.0
0.001625	0.000009887	334.756993	0.0	0.0
0.001642	0.000010284	334.503236	0.0	0.0
0.001658	0.000010697	334.246891	0.0	0.0
0.001674	0.000011126	333.987940	0.0	0.0
0.001691	0.000011573	333.726318	0.0	0.0
0.001708	0.000012037	333.462037	0.0	0.0
0.001725	0.000012520	333.195049	0.0	0.0
0.001742	0.000013022	332.925319	0.0	0.0
0.001760	0.000013545	332.652829	0.0	0.0
0.001777	0.000014088	332.377544	0.0	0.0
0.001795	0.000014653	332.099430	0.0	0.0
0.001813	0.000015240	331.818469	0.0	0.0
0.001831	0.000015851	331.534625	0.0	0.0
0.001849	0.000016486	331.247865	0.0	0.0
0.001867	0.000017146	330.958153	0.0	0.0
0.001886	0.000017833	330.665472	0.0	0.0
0.001905	0.000018546	330.369769	0.0	0.0
0.001924	0.000019289	330.071042	0.0	0.0
0.001943	0.000020061	329.769224	0.0	0.0
0.001962	0.000020863	329.464296	0.0	0.0
0.001982	0.000021698	329.156223	0.0	0.0
0.002002	0.000022566	328.844985	0.0	0.0
0.002022	0.000023468	328.530515	0.0	0.0
0.002042	0.000024406	328.212825	0.0	0.0
0.002062	0.000025381	327.891832	0.0	0.0
0.002083	0.000026395	327.567532	0.0	0.0
0.002103	0.000027449	327.239873	0.0	0.0
0.002124	0.000028545	326.908836	0.0	0.0
0.002145	0.000029684	326.574352	0.0	0.0
0.002167	0.000030868	326.236418	0.0	0.0
0.002188	0.000032100	325.894981	0.0	0.0
0.002210	0.000033380	325.550004	0.0	0.0
0.002232	0.000034710	325.201452	0.0	0.0
0.002254	0.000036093	324.849272	0.0	0.0
0.002277	0.000037531	324.493443	0.0	0.0
0.002300	0.000039026	324.133913	0.0	0.0
0.002322	0.000040579	323.770645	0.0	0.0
0.002346	0.000042194	323.403601	0.0	0.0
0.002369	0.000043872	323.032730	0.0	0.0
0.002393	0.000045616	322.657993	0.0	0.0
0.002416	0.000047429	322.279369	0.0	0.0
0.002441	0.000049314	321.896774	0.0	0.0
0.002465	0.000051272	321.510201	0.0	0.0
0.002489	0.000053307	321.119597	0.0	0.0
0.002514	0.000055422	320.724909	0.0	0.0
0.002539	0.000057620	320.326099	0.0	0.0
0.002565	0.000059904	319.923112	0.0	0.0
0.002590	0.000062278	319.515927	0.0	0.0
0.002616	0.000064744	319.104474	0.0	0.0
0.002642	0.000067307	318.688715	0.0	0.0
0.002668	0.000069969	318.268596	0.0	0.0
0.002695	0.000072736	317.844078	0.0	0.0
0.002722	0.000075610	317.415106	0.0	0.0
0.002749	0.000078597	316.981627	0.0	0.0
0.002776	0.000081699	316.543618	0.0	0.0
0.002804	0.000084922	316.100993	0.0	0.0
0.002832	0.000088270	315.653728	0.0	0.0
0.002860	0.000091748	315.201770	0.0	0.0
0.002888	0.000095360	314.745063	0.0	0.0
0.002917	0.000099113	314.283552	0.0	0.0
0.002946	0.000103010	313.817184	0.0	0.0
0.002976	0.000107058	313.345904	0.0	0.0
0.003005	0.000111262	312.869688	0.0	0.0
0.003035	0.000115627	312.388434	0.0	0.0
0.003066	0.000120161	311.902135	0.0	0.0
0.003096	0.000124869	311.410705	0.0	0.0
0.003127	0.000129757	310.914105	0.0	0.0
0.003158	0.000134832	310.412281	0.0	0.0
0.003190	0.000140101	309.905163	0.0	0.0
0.003221	0.000145572	309.392712	0.0	0.0
0.003253	0.000151251	308.874858	0.0	0.0
0.003286	0.000157146	308.351563	0.0	0.0
0.003319	0.000163266	307.822742	0.0	0.0
0.003352	0.000169617	307.288373	0.0	0.0
0.003385	0.000176209	306.748371	0.0	0.0
0.003419	0.000183050	306.202683	0.0	0.0
0.003453	0.000190149	305.651272	0.0	0.0
0.003487	0.000197515	305.094054	0.0	0.0
0.003522	0.000205158	304.530978	0.0	0.0
0.003557	0.000213088	303.962008	0.0	0.0
0.003592	0.000221314	303.387044	0.0	0.0
0.003628	0.000229848	302.806069	0.0	0.0
0.003664	0.000238699	302.219000	0.0	0.0
0.003701	0.000247880	301.625789	0.0	0.0
0.003738	0.000257401	301.026387	0.0	0.0
0.003775	0.000267274	300.420713	0.0	0.0
0.003813	0.000277511	299.808721	0.0	0.0
0.003851	0.000288126	299.190348	0.0	0.0
0.003889	0.000299129	298.565549	0.0	0.0
0.003928	0.000310536	297.934249	0.0	0.0
0.003967	0.000322358	297.296419	0.0	0.0
0.004006	0.000334611	296.651985	0.0	0.0
0.004046	0.000347308	296.000891	0.0	0.0
0.004087	0.000360464	295.343080	0.0	0.0
0.004127	0.000374094	294.678515	0.0	0.0
0.004168	0.000388214	294.007143	0.0	0.0
0.004210	0.000402839	293.328881	0.0	0.0
0.004252	0.000417986	292.643711	0.0	0.0
0.004294	0.000433671	291.951569	0.0	0.0
0.004337	0.000449911	291.252410	0.0	0.0
0.004380	0.000466723	290.546191	0.0	0.0
0.004424	0.000484126	289.832852	0.0	0.0
0.004468	0.000502137	289.112356	0.0	0.0
0.004512	0.000520775	288.384681	0.0	0.0
0.004557	0.000540059	287.649761	0.0	0.0
0.004603	0.000560008	286.907564	0.0	0.0
0.004649	0.000580642	286.158062	0.0	0.0
0.004695	0.000601981	285.401212	0.0	0.0
0.004742	0.000624045	284.636975	0.0	0.0
0.004789	0.000646854	283.865333	0.0	0.0
0.004837	0.000670431	283.086270	0.0	0.0
0.004885	0.000694796	282.299756	0.0	0.0
0.004934	0.000719970	281.505752	0.0	0.0
0.004983	0.000745977	280.704270	0.0	0.0
0.005032	0.000772837	279.895276	0.0	0.0
0.005082	0.000800574	279.078758	0.0	0.0
0.005133	0.000829210	278.254726	0.0	0.0
0.005184	0.000858769	277.423161	0.0	0.0
0.005236	0.000889272	276.584081	0.0	0.0
0.005288	0.000920743	275.737476	0.0	0.0
0.005341	0.000953206	274.883377	0.0	0.0
0.005394	0.000986685	274.021785	0.0	0.0
0.005448	0.001021200	273.152724	0.0	0.0
0.005502	0.001056780	272.276208	0.0	0.0
0.005557	0.001093440	271.392272	0.0	0.0
0.005612	0.001131220	270.500975	0.0	0.0
0.005668	0.001170120	269.602334	0.0	0.0
0.005725	0.001210190	268.696404	0.0	0.0
0.005782	0.001251430	267.783231	0.0	0.0
0.005839	0.001293870	266.862885	0.0	0.0
0.005897	0.001337540	265.935441	0.0	0.0
0.005956	0.001382450	265.000935	0.0	0.0
0.006015	0.001428640	264.059491	0.0	0.0
0.006075	0.001476120	263.111160	0.0	0.0
0.006136	0.001524900	262.156048	0.0	0.0
0.006197	0.001575030	261.194254	0.0	0.0
0.006259	0.001626500	260.225884	0.0	0.0
0.006321	0.001679350	259.251052	0.0	0.0
0.006384	0.001733590	258.269882	0.0	0.0
0.006448	0.001789240	257.282487	0.0	0.0
0.006512	0.001846330	256.289024	0.0	0.0
0.006577	0.001904850	255.289623	0.0	0.0
0.006642	0.001964840	254.284424	0.0	0.0
0.006708	0.002026310	253.273607	0.0	0.0
0.006775	0.002089270	252.257311	0.0	0.0
0.006843	0.002153740	251.235732	0.0	0.0
0.006911	0.002219730	250.209027	0.0	0.0
0.006980	0.002287240	249.177391	0.0	0.0
0.007049	0.002356300	248.141013	0.0	0.0
0.007120	0.002426910	247.100087	0.0	0.0
0.007191	0.002499080	246.054816	0.0	0.0
0.007262	0.002572820	245.005425	0.0	0.0
0.007335	0.002648140	243.952116	0.0	0.0
0.007408	0.002725030	242.895114	0.0	0.0
0.007481	0.002803510	241.834661	0.0	0.0
0.007556	0.002883570	240.770964	0.0	0.0
0.007631	0.002965230	239.704267	0.0	0.0
0.007707	0.003048480	238.634829	0.0	0.0
0.007784	0.003133320	237.562875	0.0	0.0
0.007862	0.003219750	236.488660	0.0	0.0
0.007940	0.003307770	235.412432	0.0	0.0
0.008019	0.003397380	234.334455	0.0	0.0
0.008099	0.003488570	233.254984	0.0	0.0
0.008180	0.003581340	232.174275	0.0	0.0
0.008261	0.003675680	231.092601	0.0	0.0
0.008343	0.003771580	230.010198	0.0	0.0
0.008426	0.003869040	228.927355	0.0	0.0
0.008510	0.003968050	227.844312	0.0	0.0
0.008595	0.004068600	226.761346	0.0	0.0
0.008681	0.004170680	225.678710	0.0	0.0
0.008767	0.004274290	224.596671	0.0	0.0
0.008855	0.004379400	223.515492	0.0	0.0
0.008943	0.004486020	222.435413	0.0	0.0
0.009032	0.004594120	221.356695	0.0	0.0
0.009122	0.004703690	220.279600	0.0	0.0
0.009213	0.004814730	219.204362	0.0	0.0
0.009305	0.004927220	218.131234	0.0	0.0
0.009397	0.005041150	217.060459	0.0	0.0
0.009491	0.005156500	215.992260	0.0	0.0
0.009586	0.005273270	214.926872	0.0	0.0
0.009681	0.005391430	213.864524	0.0	0.0
0.009777	0.005510980	212.805441	0.0	0.0
0.009875	0.005631910	211.749833	0.0	0.0
0.009973	0.005754200	210.697903	0.0	0.0
0.010073	0.005877830	209.649822	0.0	0.0
0.010173	0.006002810	208.605877	0.0	0.0
0.010274	0.006129110	207.566207	0.0	0.0
0.010377	0.006256720	206.530994	0.0	0.0
0.010480	0.006385630	205.500418	0.0	0.0
0.010584	0.006515840	204.474650	0.0	0.0
0.010690	0.006647330	203.453857	0.0	0.0
0.010796	0.006780100	202.438201	0.0	0.0
0.010904	0.006914130	201.427834	0.0	0.0
0.011013	0.007049410	200.422906	0.0	0.0
0.011122	0.007185940	199.423468	0.0	0.0
0.011233	0.007323710	198.429748	0.0	0.0
0.011345	0.007462720	197.441877	0.0	0.0
0.011458	0.007602960	196.459890	0.0	0.0
0.011572	0.007744410	195.483992	0.0	0.0
0.011688	0.007887090	194.514212	0.0	0.0
0.011804	0.008030980	193.550656	0.0	0.0
0.011922	0.008176080	192.593426	0.0	0.0
0.012040	0.008322390	191.642618	0.0	0.0
0.012160	0.008469910	190.698243	0.0	0.0
0.012281	0.008618630	189.760465	0.0	0.0
0.012404	0.008768560	188.829361	0.0	0.0
0.012527	0.008919690	187.904855	0.0	0.0
0.012652	0.009072030	186.987166	0.0	0.0
0.012778	0.009225570	186.076212	0.0	0.0
0.012906	0.009380330	185.172053	0.0	0.0
0.013034	0.009536300	184.274817	0.0	0.0
0.013164	0.009693480	183.384414	0.0	0.0
0.013295	0.009851890	182.500963	0.0	0.0
0.013428	0.010011500	181.624504	0.0	0.0
0.013561	0.010172400	180.754945	0.0	0.0
0.013696	0.010334500	179.892388	0.0	0.0
0.013833	0.010497800	179.036862	0.0	0.0
0.013971	0.010662400	178.188334	0.0	0.0
0.014110	0.010828200	177.346768	0.0	0.0
0.014250	0.010995300	176.512247	0.0	0.0
0.014392	0.011163700	175.684673	0.0	0.0
0.014536	0.011333300	174.864176	0.0	0.0
0.014681	0.011504300	174.050600	0.0	0.0
0.014827	0.011676500	173.244013	0.0	0.0
0.014975	0.011850100	172.444369	0.0	0.0
0.015124	0.012025000	171.651727	0.0	0.0
0.015275	0.012201200	170.865933	0.0	0.0
0.015427	0.012378800	170.087095	0.0	0.0
0.015580	0.012557700	169.315109	0.0	0.0
0.015736	0.012738000	168.549926	0.0	0.0
0.015892	0.012919600	167.791594	0.0	0.0
0.016051	0.013102700	167.040059	0.0	0.0
0.016211	0.013287200	166.295267	0.0	0.0
0.016372	0.013473100	165.557212	0.0	0.0
0.016535	0.013660400	164.825839	0.0	0.0
0.016700	0.013849200	164.101140	0.0	0.0
0.016866	0.014039400	163.383015	0.0	0.0
0.017034	0.014231200	162.671498	0.0	0.0
0.017204	0.014424400	161.966491	0.0	0.0
0.017375	0.014619200	161.267981	0.0	0.0
0.017549	0.014815500	160.575915	0.0	0.0
0.017723	0.015013300	159.890278	0.0	0.0
0.017900	0.015212700	159.211014	0.0	0.0
0.018078	0.015413700	158.538070	0.0	0.0
0.018258	0.015616200	157.871392	0.0	0.0
0.018440	0.015820400	157.210928	0.0	0.0
0.018624	0.016026200	156.556697	0.0	0.0
0.018810	0.016233700	155.908573	0.0	0.0
0.018997	0.016442900	155.266575	0.0	0.0
0.019186	0.016653700	154.630616	0.0	0.0
0.019377	0.016866200	154.000644	0.0	0.0
0.019570	0.017080500	153.376642	0.0	0.0
0.019765	0.017296500	152.758558	0.0	0.0
0.019962	0.017514300	152.146311	0.0	0.0
0.020161	0.017733800	151.539883	0.0	0.0
0.020362	0.017955200	150.939225	0.0	0.0
0.020565	0.018178400	150.344287	0.0	0.0
0.020770	0.018403400	149.755021	0.0	0.0
0.020977	0.018630300	149.171353	0.0	0.0
0.021186	0.018859100	148.593291	0.0	0.0
0.021397	0.019089800	148.020734	0.0	0.0
0.021610	0.019322500	147.453664	0.0	0.0
0.021825	0.019557000	146.892036	0.0	0.0
0.022043	0.019793600	146.335778	0.0	0.0
0.022262	0.020032200	145.784849	0.0	0.0
0.022484	0.020272700	145.239229	0.0	0.0
0.022708	0.020515300	144.698852	0.0	0.0
0.022934	0.020760000	144.163652	0.0	0.0
0.023163	0.021006800	143.633634	0.0	0.0
0.023394	0.021255600	143.108690	0.0	0.0
0.023627	0.021506600	142.588824	0.0	0.0
0.023862	0.021759800	142.073952	0.0	0.0
0.024100	0.022015100	141.564060	0.0	0.0
0.024340	0.022272700	141.059106	0.0	0.0
0.024582	0.022532500	140.558992	0.0	0.0
0.024827	0.022794500	140.063743	0.0	0.0
0.025075	0.023058800	139.573261	0.0	0.0
0.025324	0.023325400	139.087532	0.0	0.0
0.025577	0.023594400	138.606501	0.0	0.0
0.025832	0.023865700	138.130132	0.0	0.0
0.026089	0.024139300	137.658375	0.0	0.0
0.026349	0.024415400	137.191177	0.0	0.0
0.026611	0.024693900	136.728524	0.0	0.0
0.026876	0.024974900	136.270349	0.0	0.0
0.027144	0.025258400	135.816602	0.0	0.0
0.027415	0.025544400	135.367272	0.0	0.0
0.027688	0.025832900	134.922309	0.0	0.0
0.027964	0.026124000	134.481668	0.0	0.0
0.028242	0.026417700	134.045287	0.0	0.0
0.028524	0.026714000	133.613170	0.0	0.0
0.028808	0.027012900	133.185227	0.0	0.0
0.029095	0.027314600	132.761460	0.0	0.0
0.029385	0.027619000	132.341813	0.0	0.0
0.029677	0.027926100	131.926244	0.0	0.0
0.029973	0.028235900	131.514713	0.0	0.0
0.030272	0.028548600	131.107194	0.0	0.0
0.030573	0.028864100	130.703634	0.0	0.0
0.030878	0.029182500	130.304010	0.0	0.0
0.031185	0.029503700	129.908283	0.0	0.0
0.031496	0.029827900	129.516404	0.0	0.0
0.031810	0.030155100	129.128336	0.0	0.0
0.032127	0.030485200	128.744058	0.0	0.0
0.032447	0.030818300	128.363521	0.0	0.0
0.032770	0.031154500	127.986693	0.0	0.0
0.033097	0.031493800	127.613539	0.0	0.0
0.033426	0.031836200	127.244028	0.0	0.0
0.033759	0.032181700	126.878115	0.0	0.0
0.034096	0.032530400	126.515780	0.0	0.0
0.034435	0.032882300	126.156971	0.0	0.0
0.034778	0.033237500	125.801669	0.0	0.0
0.035125	0.033596000	125.449842	0.0	0.0
0.035475	0.033957800	125.101442	0.0	0.0
0.035828	0.034322900	124.756441	0.0	0.0
0.036185	0.034691500	124.414820	0.0	0.0
0.036546	0.035063400	124.076522	0.0	0.0
0.036910	0.035438800	123.741540	0.0	0.0
0.037278	0.035817800	123.409829	0.0	0.0
0.037649	0.036200200	123.081353	0.0	0.0
0.038024	0.036586200	122.756097	0.0	0.0
0.038403	0.036975900	122.434009	0.0	0.0
0.038785	0.037369100	122.115082	0.0	0.0
0.039172	0.037766100	121.799266	0.0	0.0
0.039562	0.038166800	121.486539	0.0	0.0
0.039956	0.038571300	121.176877	0.0	0.0
0.040354	0.038979500	120.870241	0.0	0.0
0.040756	0.039391600	120.566603	0.0	0.0
0.041162	0.039807600	120.265932	0.0	0.0
0.041572	0.040227500	119.968214	0.0	0.0
0.041987	0.040651400	119.673401	0.0	0.0
0.042405	0.041079300	119.381477	0.0	0.0
0.042827	0.041511200	119.092410	0.0	0.0
0.043254	0.041947300	118.806179	0.0	0.0
0.043685	0.042387400	118.522745	0.0	0.0
0.044120	0.042831800	118.242088	0.0	0.0
0.044560	0.043280300	117.964179	0.0	0.0
0.045004	0.043733100	117.688990	0.0	0.0
0.045452	0.044190300	117.416500	0.0	0.0
0.045905	0.044651700	117.146684	0.0	0.0
0.046362	0.045117600	116.879506	0.0	0.0
0.046824	0.045587900	116.614951	0.0	0.0
0.047291	0.046062700	116.352984	0.0	0.0
0.047762	0.046542100	116.093589	0.0	0.0
0.048238	0.047026000	115.836733	0.0	0.0
0.048718	0.047514600	115.582402	0.0	0.0
0.049204	0.048007800	115.330558	0.0	0.0
0.049694	0.048505700	115.081186	0.0	0.0
0.050189	0.049008500	114.834262	0.0	0.0
0.050689	0.049516000	114.589756	0.0	0.0
0.051194	0.050028500	114.347649	0.0	0.0
0.051704	0.050545800	114.107917	0.0	0.0
0.052219	0.051068100	113.870539	0.0	0.0
0.052739	0.051595500	113.635490	0.0	0.0
0.053265	0.052127900	113.402744	0.0	0.0
0.053795	0.052665500	113.172285	0.0	0.0
0.054331	0.053208200	112.944086	0.0	0.0
0.054873	0.053756200	112.718131	0.0	0.0
0.055419	0.054309400	112.494391	0.0	0.0
0.055971	0.054868000	112.272846	0.0	0.0
0.056529	0.055432100	112.053480	0.0	0.0
0.057092	0.056001500	111.836266	0.0	0.0
0.057661	0.056576500	111.621181	0.0	0.0
0.058235	0.057157000	111.408211	0.0	0.0
0.058816	0.057743200	111.197334	0.0	0.0
0.059402	0.058335000	110.988528	0.0	0.0
0.059993	0.058932600	110.781772	0.0	0.0
0.060591	0.059535900	110.577046	0.0	0.0
0.061195	0.060145200	110.374332	0.0	0.0
0.061804	0.060760300	110.173611	0.0	0.0
0.062420	0.061381400	109.974860	0.0	0.0
0.063042	0.062008600	109.778060	0.0	0.0
0.063670	0.062641800	109.583196	0.0	0.0
0.064304	0.063281200	109.390249	0.0	0.0
0.064945	0.063926900	109.199194	0.0	0.0
0.065592	0.064578800	109.010019	0.0	0.0
0.066246	0.065237100	108.822704	0.0	0.0
0.066906	0.065901700	108.637228	0.0	0.0
0.067572	0.066572900	108.453576	0.0	0.0
0.068245	0.067250600	108.271730	0.0	0.0
0.068925	0.067934900	108.091674	0.0	0.0
0.069612	0.068626000	107.913383	0.0	0.0
0.070305	0.069323700	107.736848	0.0	0.0
0.071006	0.070028300	107.562049	0.0	0.0
0.071713	0.070739700	107.388969	0.0	0.0
0.072428	0.071458100	107.217589	0.0	0.0
0.073149	0.072183600	107.047897	0.0	0.0
0.073878	0.072916100	106.879871	0.0	0.0
0.074614	0.073655800	106.713500	0.0	0.0
0.075357	0.074402800	106.548764	0.0	0.0
0.076108	0.075157000	106.385647	0.0	0.0
0.076866	0.075918700	106.224137	0.0	0.0
0.077632	0.076687800	106.064214	0.0	0.0
0.078406	0.077464400	105.905867	0.0	0.0
0.079187	0.078248700	105.749074	0.0	0.0
0.079976	0.079040700	105.593826	0.0	0.0
0.080773	0.079840400	105.440106	0.0	0.0
0.081577	0.080648000	105.287896	0.0	0.0
0.082390	0.081463500	105.137184	0.0	0.0
0.083211	0.082287000	104.987957	0.0	0.0
0.084040	0.083118700	104.840196	0.0	0.0
0.084877	0.083958400	104.693891	0.0	0.0
0.085723	0.084806400	104.549024	0.0	0.0
0.086577	0.085662800	104.405585	0.0	0.0
0.087439	0.086527600	104.263556	0.0	0.0
0.088310	0.087400900	104.122925	0.0	0.0
0.089190	0.088282800	103.983678	0.0	0.0
0.090079	0.089173400	103.845800	0.0	0.0
0.090976	0.090072700	103.709282	0.0	0.0
0.091883	0.090980900	103.574106	0.0	0.0
0.092798	0.091898100	103.440261	0.0	0.0
0.093722	0.092824200	103.307733	0.0	0.0
0.094656	0.093759500	103.176510	0.0	0.0
0.095599	0.094704100	103.046579	0.0	0.0
0.096552	0.095657900	102.917926	0.0	0.0
0.097514	0.096621100	102.790541	0.0	0.0
0.098485	0.097593800	102.664409	0.0	0.0
0.099466	0.098576100	102.539519	0.0	0.0
0.100457	0.099568200	102.415856	0.0	0.0
0.101458	0.100570000	102.293416	0.0	0.0
0.102469	0.101582000	102.172178	0.0	0.0
0.103490	0.102603000	102.052131	0.0	0.0
0.104521	0.103635000	101.933273	0.0	0.0
0.105562	0.104677000	101.815583	0.0	0.0
0.106614	0.105729000	101.699049	0.0	0.0
0.107676	0.106792000	101.583670	0.0	0.0
0.108749	0.107865000	101.469415	0.0	0.0
0.109832	0.108949000	101.356294	0.0	0.0
0.110926	0.110043000	101.244287	0.0	0.0
0.112031	0.111148000	101.133372	0.0	0.0
0.113148	0.112265000	101.023561	0.0	0.0
0.114275	0.113392000	100.914823	0.0	0.0
0.115413	0.114530000	100.807168	0.0	0.0
0.116563	0.115680000	100.700559	0.0	0.0
0.117724	0.116841000	100.595014	0.0	0.0
0.118897	0.118013000	100.490496	0.0	0.0
0.120082	0.119198000	100.387015	0.0	0.0
0.121278	0.120393000	100.284545	0.0	0.0
0.122486	0.121601000	100.183093	0.0	0.0
0.123707	0.122821000	100.082636	0.0	0.0
0.124939	0.124052000	99.983165	0.0	0.0
0.126184	0.125296000	99.884679	0.0	0.0
0.127441	0.126552000	99.787163	0.0	0.0
0.128711	0.127821000	99.690602	0.0	0.0
0.129993	0.129102000	99.594996	0.0	0.0
0.131288	0.130396000	99.500329	0.0	0.0
0.132596	0.131703000	99.406595	0.0	0.0
0.133917	0.133023000	99.313785	0.0	0.0
0.135251	0.134355000	99.221888	0.0	0.0
0.136599	0.135701000	99.130901	0.0	0.0
0.137960	0.137060000	99.040805	0.0	0.0
0.139334	0.138433000	98.951594	0.0	0.0
0.140722	0.139820000	98.863268	0.0	0.0
0.142124	0.141220000	98.775806	0.0	0.0
0.143540	0.142634000	98.689210	0.0	0.0
0.144970	0.144062000	98.603462	0.0	0.0
0.146414	0.145504000	98.518560	0.0	0.0
0.147873	0.146961000	98.434500	0.0	0.0
0.149346	0.148432000	98.351257	0.0	0.0
0.150834	0.149917000	98.268845	0.0	0.0
0.152337	0.151417000	98.187234	0.0	0.0
0.153855	0.152933000	98.106430	0.0	0.0
0.155387	0.154463000	98.026423	0.0	0.0
0.156935	0.156008000	97.947208	0.0	0.0
0.158499	0.157569000	97.868768	0.0	0.0
0.160078	0.159145000	97.791099	0.0	0.0
0.161673	0.160737000	97.714197	0.0	0.0
0.163284	0.162345000	97.638051	0.0	0.0
0.164910	0.163969000	97.562653	0.0	0.0
0.166553	0.165608000	97.488001	0.0	0.0
0.168213	0.167264000	97.414083	0.0	0.0
0.169888	0.168937000	97.340890	0.0	0.0
0.171581	0.170626000	97.268421	0.0	0.0
0.173290	0.172332000	97.196663	0.0	0.0
0.175017	0.174055000	97.125609	0.0	0.0
0.176760	0.175795000	97.055259	0.0	0.0
0.178521	0.177552000	96.985599	0.0	0.0
0.180300	0.179327000	96.916623	0.0	0.0
0.182096	0.181119000	96.848326	0.0	0.0
0.183910	0.182929000	96.780705	0.0	0.0
0.185743	0.184758000	96.713745	0.0	0.0
0.187593	0.186604000	96.647445	0.0	0.0
0.189462	0.188469000	96.581799	0.0	0.0
0.191350	0.190352000	96.516796	0.0	0.0
0.193256	0.192254000	96.452436	0.0	0.0
0.195181	0.194175000	96.388705	0.0	0.0
0.197126	0.196115000	96.325604	0.0	0.0
0.199090	0.198074000	96.263122	0.0	0.0
0.201073	0.200053000	96.201254	0.0	0.0
0.203077	0.202051000	96.139996	0.0	0.0
0.205100	0.204070000	96.079339	0.0	0.0
0.207143	0.206108000	96.019277	0.0	0.0
0.209207	0.208167000	95.959807	0.0	0.0
0.211291	0.210246000	95.900924	0.0	0.0
0.213396	0.212346000	95.842615	0.0	0.0
0.215522	0.214466000	95.784881	0.0	0.0
0.217669	0.216608000	95.727714	0.0	0.0
0.219838	0.218771000	95.671111	0.0	0.0
0.222028	0.220956000	95.615062	0.0	0.0
0.224240	0.223162000	95.559563	0.0	0.0
0.226474	0.225391000	95.504611	0.0	0.0
0.228730	0.227641000	95.450197	0.0	0.0
0.231009	0.229914000	95.396317	0.0	0.0
0.233311	0.232210000	95.342966	0.0	0.0
0.235635	0.234528000	95.290140	0.0	0.0
0.237983	0.236870000	95.237833	0.0	0.0
0.240354	0.239234000	95.186037	0.0	0.0
0.242748	0.241623000	95.134749	0.0	0.0
0.245167	0.244035000	95.083966	0.0	0.0
0.247609	0.246471000	95.033680	0.0	0.0
0.250076	0.248931000	94.983887	0.0	0.0
0.252567	0.251416000	94.934583	0.0	0.0
0.255084	0.253926000	94.885762	0.0	0.0
0.257625	0.256461000	94.837418	0.0	0.0
0.260192	0.259020000	94.789550	0.0	0.0
0.262784	0.261606000	94.742149	0.0	0.0
0.265402	0.264217000	94.695212	0.0	0.0
0.268046	0.266854000	94.648736	0.0	0.0
0.270716	0.269517000	94.602715	0.0	0.0
0.273413	0.272207000	94.557143	0.0	0.0
0.276137	0.274924000	94.512018	0.0	0.0
0.278888	0.277668000	94.467333	0.0	0.0
0.281667	0.280439000	94.423085	0.0	0.0
0.284473	0.283238000	94.379269	0.0	0.0
0.287307	0.286065000	94.335883	0.0	0.0
0.290170	0.288920000	94.292920	0.0	0.0
0.293060	0.291803000	94.250376	0.0	0.0
0.295980	0.294715000	94.208247	0.0	0.0
0.298929	0.297656000	94.166531	0.0	0.0
0.301907	0.300626000	94.125219	0.0	0.0
0.304915	0.303626000	94.084312	0.0	0.0
0.307953	0.306656000	94.043802	0.0	0.0
0.311021	0.309716000	94.003688	0.0	0.0
0.314119	0.312807000	93.963964	0.0	0.0
0.317249	0.315928000	93.924626	0.0	0.0
0.320409	0.319081000	93.885672	0.0	0.0
0.323602	0.322265000	93.847095	0.0	0.0
0.326825	0.325481000	93.808894	0.0	0.0
0.330082	0.328729000	93.771064	0.0	0.0
0.333370	0.332009000	93.733601	0.0	0.0
0.336691	0.335322000	93.696501	0.0	0.0
0.340046	0.338668000	93.659761	0.0	0.0
0.343433	0.342048000	93.623377	0.0	0.0
0.346855	0.345461000	93.587345	0.0	0.0
0.350311	0.348908000	93.551662	0.0	0.0
0.353801	0.352390000	93.516324	0.0	0.0
0.357325	0.355906000	93.481327	0.0	0.0
0.360885	0.359458000	93.446669	0.0	0.0
0.364481	0.363044000	93.412344	0.0	0.0
0.368112	0.366667000	93.378351	0.0	0.0
0.371779	0.370326000	93.344684	0.0	0.0
0.375483	0.374022000	93.311342	0.0	0.0
0.379224	0.377754000	93.278321	0.0	0.0
0.383002	0.381524000	93.245616	0.0	0.0
0.386818	0.385331000	93.213225	0.0	0.0
0.390672	0.389176000	93.181145	0.0	0.0
0.394564	0.393060000	93.149371	0.0	0.0
0.398495	0.396982000	93.117902	0.0	0.0
0.402465	0.400944000	93.086734	0.0	0.0
0.406474	0.404945000	93.055863	0.0	0.0
0.410524	0.408987000	93.025286	0.0	0.0
0.414614	0.413068000	92.995000	0.0	0.0
0.418745	0.417191000	92.965002	0.0	0.0
0.422916	0.421355000	92.935288	0.0	0.0
0.427130	0.425560000	92.905857	0.0	0.0
0.431385	0.429807000	92.876703	0.0	0.0
0.435683	0.434097000	92.847826	0.0	0.0
0.440024	0.438430000	92.819221	0.0	0.0
0.444407	0.442806000	92.790885	0.0	0.0
0.448835	0.447226000	92.762816	0.0	0.0
0.453307	0.451690000	92.735010	0.0	0.0
0.457823	0.456199000	92.707465	0.0	0.0
0.462384	0.460753000	92.680177	0.0	0.0
0.466990	0.465352000	92.653144	0.0	0.0
0.471643	0.469997000	92.626363	0.0	0.0
0.476342	0.474689000	92.599830	0.0	0.0
0.481087	0.479428000	92.573544	0.0	0.0
0.485880	0.484215000	92.547500	0.0	0.0
0.490721	0.489049000	92.521697	0.0	0.0
0.495610	0.493932000	92.496132	0.0	0.0
0.500547	0.498864000	92.470801	0.0	0.0
0.505534	0.503845000	92.445702	0.0	0.0
0.510571	0.508876000	92.420833	0.0	0.0
0.515657	0.513958000	92.396189	0.0	0.0
0.520795	0.519090000	92.371770	0.0	0.0
0.525983	0.524274000	92.347571	0.0	0.0
0.531224	0.529510000	92.323590	0.0	0.0
0.536516	0.534798000	92.299825	0.0	0.0
0.541861	0.540140000	92.276273	0.0	0.0
0.547260	0.545535000	92.252931	0.0	0.0
0.552712	0.550984000	92.229797	0.0	0.0
0.558218	0.556488000	92.206868	0.0	0.0
0.563780	0.562047000	92.184140	0.0	0.0
0.569396	0.567662000	92.161612	0.0	0.0
0.575069	0.573334000	92.139282	0.0	0.0
0.580798	0.579062000	92.117145	0.0	0.0
0.586585	0.584848000	92.095201	0.0	0.0
0.592429	0.590692000	92.073445	0.0	0.0
0.598331	0.596595000	92.051876	0.0	0.0
0.604292	0.602557000	92.030491	0.0	0.0
0.610312	0.608579000	92.009288	0.0	0.0
0.616392	0.614662000	91.988263	0.0	0.0
0.622533	0.620806000	91.967415	0.0	0.0
0.628736	0.627012000	91.946740	0.0	0.0
0.634999	0.633281000	91.926237	0.0	0.0
0.641326	0.639612000	91.905902	0.0	0.0
0.647715	0.646007000	91.885733	0.0	0.0
0.654168	0.652467000	91.865728	0.0	0.0
0.660685	0.658992000	91.845884	0.0	0.0
0.667268	0.665583000	91.826198	0.0	0.0
0.673915	0.672240000	91.806669	0.0	0.0
0.680629	0.678964000	91.787292	0.0	0.0
0.687410	0.685756000	91.768067	0.0	0.0
0.694259	0.692617000	91.748990	0.0	0.0
0.701175	0.699547000	91.730059	0.0	0.0
0.708161	0.706547000	91.711271	0.0	0.0
0.715216	0.713617000	91.692624	0.0	0.0
0.722342	0.720760000	91.674115	0.0	0.0
0.729538	0.727974000	91.655742	0.0	0.0
0.736806	0.735261000	91.637503	0.0	0.0
0.744147	0.742622000	91.619393	0.0	0.0
0.751561	0.750058000	91.601412	0.0	0.0
0.759048	0.757569000	91.583557	0.0	0.0
0.766610	0.765156000	91.565825	0.0	0.0
0.774248	0.772820000	91.548213	0.0	0.0
0.781961	0.780561000	91.530719	0.0	0.0
0.789752	0.788381000	91.513340	0.0	0.0
0.797620	0.796281000	91.496074	0.0	0.0
0.805566	0.804260000	91.478919	0.0	0.0
0.813592	0.812321000	91.461871	0.0	0.0
0.821698	0.820463000	91.444928	0.0	0.0
0.829884	0.828688000	91.428088	0.0	0.0
0.838152	0.836997000	91.411347	0.0	0.0
0.846502	0.845390000	91.394704	0.0	0.0
0.854936	0.853868000	91.378156	0.0	0.0
0.863453	0.862434000	91.361699	0.0	0.0
0.872055	0.871085000	91.345332	0.0	0.0
0.880743	0.879825000	91.329051	0.0	0.0
0.889518	0.888654000	91.312855	0.0	0.0
0.898380	0.897574000	91.296740	0.0	0.0
0.907330	0.906584000	91.280703	0.0	0.0
0.916370	0.915686000	91.264743	0.0	0.0
0.925499	0.924881000	91.248856	0.0	0.0
0.934720	0.934170000	91.233040	0.0	0.0
0.944032	0.943553000	91.217291	0.0	0.0
0.953437	0.953033000	91.201608	0.0	0.0
0.962936	0.962609000	91.185986	0.0	0.0
0.972529	0.972282000	91.170425	0.0	0.0
0.982218	0.982056000	91.154920	0.0	0.0
0.992004	0.991929000	91.139470	0.0	0.0
1.001887	1.001900000	91.124070	0.0	0.0
1.011868	1.011980000	91.108720	0.0	0.0
1.021949	1.022160000	91.093414	0.0	0.0
1.032131	1.032440000	91.078150	0.0	0.0
1.042414	1.042830000	91.062927	0.0	0.0
1.052799	1.053330000	91.047741	0.0	0.0
1.063288	1.063930000	91.032589	0.0	0.0
1.073881	1.074640000	91.017468	0.0	0.0
1.084580	1.085470000	91.002375	0.0	0.0
1.095385	1.096400000	90.987308	0.0	0.0
1.106298	1.107440000	90.972263	0.0	0.0
1.117320	1.118600000	90.957237	0.0	0.0
1.128451	1.129880000	90.942228	0.0	0.0
1.139694	1.141270000	90.927231	0.0	0.0
1.151048	1.152770000	90.912246	0.0	0.0
1.162516	1.164400000	90.897267	0.0	0.0
1.174097	1.176140000	90.882293	0.0	0.0
1.185794	1.188000000	90.867321	0.0	0.0
1.197608	1.199990000	90.852345	0.0	0.0
1.209540	1.212100000	90.837364	0.0	0.0
1.221590	1.224340000	90.822376	0.0	0.0
1.233760	1.236690000	90.807377	0.0	0.0
1.246052	1.249180000	90.792363	0.0	0.0
1.258466	1.261800000	90.777332	0.0	0.0
1.271004	1.274540000	90.762279	0.0	0.0
1.283666	1.287420000	90.747204	0.0	0.0
1.296455	1.300430000	90.732101	0.0	0.0
1.309371	1.313570000	90.716968	0.0	0.0
1.322416	1.326840000	90.701801	0.0	0.0
1.335591	1.340260000	90.686597	0.0	0.0
1.348897	1.353810000	90.671354	0.0	0.0
1.362336	1.367500000	90.656067	0.0	0.0
1.375908	1.381330000	90.640735	0.0	0.0
1.389616	1.395300000	90.625352	0.0	0.0
1.403460	1.409410000	90.609917	0.0	0.0
1.417443	1.423670000	90.594424	0.0	0.0
1.431564	1.438080000	90.578874	0.0	0.0
1.445826	1.452630000	90.563260	0.0	0.0
1.460231	1.467330000	90.547579	0.0	0.0
1.474779	1.482180000	90.531829	0.0	0.0
1.489471	1.497190000	90.516008	0.0	0.0
1.504310	1.512340000	90.500110	0.0	0.0
1.519297	1.527650000	90.484132	0.0	0.0
1.534434	1.543120000	90.468071	0.0	0.0
1.549721	1.558740000	90.451924	0.0	0.0
1.565160	1.574530000	90.435689	0.0	0.0
1.580753	1.590470000	90.419361	0.0	0.0
1.596502	1.606580000	90.402936	0.0	0.0
1.612408	1.622840000	90.386412	0.0	0.0
1.628471	1.639280000	90.369787	0.0	0.0
1.644695	1.655880000	90.353055	0.0	0.0
1.661081	1.672640000	90.336213	0.0	0.0
1.677630	1.689580000	90.319260	0.0	0.0
1.694344	1.706690000	90.302190	0.0	0.0
1.711224	1.723970000	90.285001	0.0	0.0
1.728272	1.741430000	90.267691	0.0	0.0
1.745491	1.759060000	90.250254	0.0	0.0
1.762880	1.776870000	90.232689	0.0	0.0
1.780443	1.794860000	90.214992	0.0	0.0
1.798181	1.813020000	90.197159	0.0	0.0
1.816096	1.831380000	90.179187	0.0	0.0
1.834189	1.849910000	90.161074	0.0	0.0
1.852463	1.868640000	90.142816	0.0	0.0
1.870918	1.887550000	90.124410	0.0	0.0
1.889558	1.906650000	90.105852	0.0	0.0
1.908383	1.925940000	90.087140	0.0	0.0
1.927396	1.945430000	90.068269	0.0	0.0
1.946598	1.965110000	90.049239	0.0	0.0
1.965991	1.984990000	90.030045	0.0	0.0
1.985578	2.005070000	90.010684	0.0	0.0
2.005359	2.025350000	89.991154	0.0	0.0
2.025338	2.045830000	89.971450	0.0	0.0
2.045516	2.066520000	89.951570	0.0	0.0
2.065895	2.087420000	89.931511	0.0	0.0
2.086477	2.108540000	89.911270	0.0	0.0
2.107264	2.129860000	89.890845	0.0	0.0
2.128258	2.151400000	89.870232	0.0	0.0
2.149461	2.173160000	89.849428	0.0	0.0
2.170875	2.195140000	89.828431	0.0	0.0
2.192503	2.217340000	89.807238	0.0	0.0
2.214346	2.239770000	89.785846	0.0	0.0
2.236407	2.262430000	89.764251	0.0	0.0
2.258688	2.285330000	89.742452	0.0	0.0
2.281191	2.308450000	89.720445	0.0	0.0
2.303917	2.331820000	89.698229	0.0	0.0
2.326871	2.355420000	89.675799	0.0	0.0
2.350052	2.379270000	89.653156	0.0	0.0
2.373465	2.403370000	89.630293	0.0	0.0
2.397111	2.427720000	89.607210	0.0	0.0
2.420993	2.452330000	89.583903	0.0	0.0
2.445113	2.477190000	89.560371	0.0	0.0
2.469473	2.502310000	89.536610	0.0	0.0
2.494075	2.527700000	89.512620	0.0	0.0
2.518923	2.553350000	89.488395	0.0	0.0
2.544018	2.579280000	89.463935	0.0	0.0
2.569364	2.605480000	89.439237	0.0	0.0
2.594961	2.631960000	89.414299	0.0	0.0
2.620814	2.658720000	89.389118	0.0	0.0
2.646925	2.685770000	89.363690	0.0	0.0
2.673295	2.713100000	89.338017	0.0	0.0
2.699928	2.740730000	89.312093	0.0	0.0
2.726827	2.768650000	89.285917	0.0	0.0
2.753994	2.796860000	89.259486	0.0	0.0
2.781431	2.825380000	89.232799	0.0	0.0
2.809141	2.854210000	89.205854	0.0	0.0
2.837128	2.883340000	89.178647	0.0	0.0
2.865393	2.912770000	89.151177	0.0	0.0
2.893941	2.942520000	89.123440	0.0	0.0
2.922772	2.972590000	89.095437	0.0	0.0
2.951891	3.002970000	89.067164	0.0	0.0
2.981300	3.033670000	89.038618	0.0	0.0
3.011001	3.064680000	89.009799	0.0	0.0
3.040999	3.096020000	88.980703	0.0	0.0
3.071296	3.127680000	88.951329	0.0	0.0
3.101894	3.159670000	88.921674	0.0	0.0
3.132797	3.191980000	88.891737	0.0	0.0
3.164008	3.224620000	88.861515	0.0	0.0
3.195530	3.257580000	88.831005	0.0	0.0
3.227367	3.290880000	88.800206	0.0	0.0
3.259520	3.324500000	88.769116	0.0	0.0
3.291993	3.358450000	88.737733	0.0	0.0
3.324791	3.392740000	88.706054	0.0	0.0
3.357915	3.427360000	88.674077	0.0	0.0
3.391368	3.462310000	88.641801	0.0	0.0
3.425156	3.497590000	88.609222	0.0	0.0
3.459279	3.533210000	88.576339	0.0	0.0
3.493743	3.569180000	88.543150	0.0	0.0
3.528550	3.605480000	88.509651	0.0	0.0
3.563704	3.642120000	88.475842	0.0	0.0
3.599208	3.679120000	88.441719	0.0	0.0
3.635066	3.716470000	88.407280	0.0	0.0
3.671281	3.754170000	88.372524	0.0	0.0
3.707857	3.792230000	88.337447	0.0	0.0
3.744797	3.830660000	88.302047	0.0	0.0
3.782106	3.869470000	88.266322	0.0	0.0
3.819786	3.908650000	88.230269	0.0	0.0
3.857841	3.948230000	88.193887	0.0	0.0
3.896276	3.988200000	88.157171	0.0	0.0
3.935093	4.028580000	88.120121	0.0	0.0
3.974297	4.069380000	88.082733	0.0	0.0
4.013892	4.110600000	88.045004	0.0	0.0
4.053881	4.152260000	88.006931	0.0	0.0
4.094269	4.194370000	87.968513	0.0	0.0
4.135059	4.236940000	87.929746	0.0	0.0
4.176255	4.279990000	87.890627	0.0	0.0
4.217862	4.323510000	87.851154	0.0	0.0
4.259883	4.367520000	87.811323	0.0	0.0
4.302323	4.412030000	87.771131	0.0	0.0
4.345186	4.457060000	87.730576	0.0	0.0
4.388476	4.502600000	87.689654	0.0	0.0
4.432197	4.548660000	87.648362	0.0	0.0
4.476353	4.595250000	87.606697	0.0	0.0
4.520950	4.642370000	87.564655	0.0	0.0
4.565991	4.690030000	87.522233	0.0	0.0
4.611480	4.738220000	87.479428	0.0	0.0
4.657423	4.786940000	87.436235	0.0	0.0
4.703824	4.836190000	87.392651	0.0	0.0
4.750687	4.885970000	87.348673	0.0	0.0
4.798016	4.936260000	87.304298	0.0	0.0
4.845817	4.987070000	87.259520	0.0	0.0
4.894095	5.038380000	87.214335	0.0	0.0
4.942853	5.090190000	87.168741	0.0	0.0
4.992097	5.142480000	87.122733	0.0	0.0
5.041832	5.195260000	87.076306	0.0	0.0
5.092062	5.248520000	87.029456	0.0	0.0
5.142793	5.302250000	86.982179	0.0	0.0
5.194029	5.356450000	86.934471	0.0	0.0
5.245776	5.411130000	86.886326	0.0	0.0
5.298038	5.466290000	86.837740	0.0	0.0
5.350821	5.521930000	86.788709	0.0	0.0
5.404129	5.578080000	86.739228	0.0	0.0
5.457969	5.634750000	86.689290	0.0	0.0
5.512345	5.691950000	86.638892	0.0	0.0
5.567263	5.749720000	86.588029	0.0	0.0
5.622728	5.808090000	86.536694	0.0	0.0
5.678746	5.867070000	86.484882	0.0	0.0
5.735321	5.926710000	86.432589	0.0	0.0
5.792460	5.987040000	86.379807	0.0	0.0
5.850169	6.048090000	86.326532	0.0	0.0
5.908453	6.109890000	86.272757	0.0	0.0
5.967317	6.172460000	86.218477	0.0	0.0
6.026767	6.235830000	86.163686	0.0	0.0
6.086810	6.300020000	86.108377	0.0	0.0
6.147451	6.365030000	86.052544	0.0	0.0
6.208696	6.430870000	85.996179	0.0	0.0
6.270552	6.497520000	85.939277	0.0	0.0
6.333023	6.564970000	85.881832	0.0	0.0
6.396117	6.633210000	85.823834	0.0	0.0
6.459840	6.702200000	85.765279	0.0	0.0
6.524198	6.771900000	85.706157	0.0	0.0
6.589196	6.842290000	85.646464	0.0	0.0
6.654842	6.913320000	85.586191	0.0	0.0
6.721143	6.984970000	85.525328	0.0	0.0
6.788103	7.057210000	85.463872	0.0	0.0
6.855731	7.130020000	85.401811	0.0	0.0
6.924033	7.203390000	85.339137	0.0	0.0
6.993015	7.277340000	85.275845	0.0	0.0
7.062684	7.351900000	85.211924	0.0	0.0
7.133048	7.427090000	85.147365	0.0	0.0
7.204112	7.502980000	85.082162	0.0	0.0
7.275884	7.579630000	85.016304	0.0	0.0
7.348372	7.657120000	84.949781	0.0	0.0
7.421582	7.735540000	84.882585	0.0	0.0
7.495521	7.814960000	84.814708	0.0	0.0
7.570196	7.895470000	84.746139	0.0	0.0
7.645616	7.977120000	84.676867	0.0	0.0
7.721787	8.059970000	84.606884	0.0	0.0
7.798717	8.144020000	84.536178	0.0	0.0
7.876413	8.229280000	84.464741	0.0	0.0
7.954883	8.315720000	84.392561	0.0	0.0
8.034135	8.403270000	84.319628	0.0	0.0
8.114177	8.491870000	84.245929	0.0	0.0
8.195016	8.581410000	84.171455	0.0	0.0
8.276661	8.671790000	84.096194	0.0	0.0
8.359119	8.762910000	84.020135	0.0	0.0
8.442398	8.854710000	83.943266	0.0	0.0
8.526507	8.947120000	83.865574	0.0	0.0
8.611454	9.040120000	83.787048	0.0	0.0
8.697247	9.133770000	83.707675	0.0	0.0
8.783896	9.228120000	83.627442	0.0	0.0
8.871407	9.323310000	83.546338	0.0	0.0
8.959790	9.419480000	83.464348	0.0	0.0
9.049054	9.516820000	83.381459	0.0	0.0
9.139207	9.615520000	83.297659	0.0	0.0
9.230258	9.715720000	83.212932	0.0	0.0
9.322216	9.817570000	83.127266	0.0	0.0
9.415091	9.921120000	83.040644	0.0	0.0
9.508890	10.026400000	82.953055	0.0	0.0
9.603625	10.133300000	82.864482	0.0	0.0
9.699303	10.241700000	82.774910	0.0	0.0
9.795934	10.351500000	82.684324	0.0	0.0
9.893528	10.462300000	82.592709	0.0	0.0
9.992094	10.574000000	82.500049	0.0	0.0
10.091640	10.686300000	82.406330	0.0	0.0
10.192180	10.799300000	82.311530	0.0	0.0
10.293720	10.912800000	82.215638	0.0	0.0
10.396280	11.027000000	82.118627	0.0	0.0
10.499850	11.142000000	82.020499	0.0	0.0
10.604460	11.258300000	81.921217	0.0	0.0
10.710110	11.376100000	81.820773	0.0	0.0
10.816810	11.495800000	81.719150	0.0	0.0
10.924570	11.617700000	81.616330	0.0	0.0
11.033410	11.741900000	81.512284	0.0	0.0
11.143340	11.868500000	81.406996	0.0	0.0
11.254350	11.997300000	81.300465	0.0	0.0
11.366480	12.128000000	81.192644	0.0	0.0
11.479720	12.260200000	81.083533	0.0	0.0
11.594090	12.393300000	80.973103	0.0	0.0
11.709600	12.527200000	80.861336	0.0	0.0
11.826250	12.661400000	80.748220	0.0	0.0
11.944080	12.796100000	80.633708	0.0	0.0
12.063070	12.931400000	80.517808	0.0	0.0
12.183250	13.067900000	80.400481	0.0	0.0
12.304630	13.206300000	80.281706	0.0	0.0
12.427220	13.347100000	80.161463	0.0	0.0
12.551030	13.490900000	80.039730	0.0	0.0
12.676070	13.638000000	79.916487	0.0	0.0
12.802360	13.788200000	79.791701	0.0	0.0
12.929900	13.941000000	79.665363	0.0	0.0
13.058720	14.095700000	79.537429	0.0	0.0
13.188820	14.251400000	79.407888	0.0	0.0
13.320220	14.407400000	79.276707	0.0	0.0
13.452920	14.563400000	79.143874	0.0	0.0
13.586950	14.719700000	79.009347	0.0	0.0
13.722310	14.876900000	78.873111	0.0	0.0
13.859020	15.036300000	78.735134	0.0	0.0
13.997100	15.199000000	78.595383	0.0	0.0
14.136540	15.366000000	78.453853	0.0	0.0
14.277380	15.537600000	78.310490	0.0	0.0
14.419620	15.712900000	78.165281	0.0	0.0
14.563280	15.890500000	78.018190	0.0	0.0
14.708370	16.068700000	77.869193	0.0	0.0
14.854910	16.245900000	77.718255	0.0	0.0
15.002900	16.422100000	77.565360	0.0	0.0
15.152370	16.598600000	77.410463	0.0	0.0
15.303330	16.778500000	77.253538	0.0	0.0
15.455790	16.965200000	77.094559	0.0	0.0
15.609770	17.160100000	76.933489	0.0	0.0
15.765290	17.359500000	76.770291	0.0	0.0
15.922350	17.550800000	76.604950	0.0	0.0
16.080980	17.709300000	76.437417	0.0	0.0
16.241190	17.797300000	76.267664	0.0	0.0
16.403000	17.764900000	76.095655	0.0	0.0
16.566420	17.554900000	75.921360	0.0	0.0
16.731460	17.110600000	75.744753	0.0	0.0
16.898160	16.386200000	75.565772	0.0	0.0
17.066510	15.357000000	75.384412	0.0	0.0
17.236540	14.028400000	75.200620	0.0	0.0
17.408260	12.440300000	75.014369	0.0	0.0
17.581690	10.665500000	74.825618	0.0	0.0
17.756850	8.801850000	74.634327	0.0	0.0
17.933760	6.959330000	74.440454	0.0	0.0
18.112430	5.243920000	74.243970	0.0	0.0
18.292880	3.742260000	74.044834	0.0	0.0
18.475120	2.510120000	73.843014	0.0	0.0
18.659180	1.567210000	73.638457	0.0	0.0
18.845080	0.899126000	73.431121	0.0	0.0
19.032830	0.465470000	73.220974	0.0	0.0
19.222450	0.211590000	73.007972	0.0	0.0
19.413950	0.080736300	72.792085	0.0	0.0
19.607370	0.023724200	72.573244	0.0	0.0
19.802710	0.004317600	72.351429	0.0	0.0
20.000000	0.000106103	72.126583	0.0	0.0
