# Terminal Sensitivity Response for Juan Fernandez H03N
# Channel H03N2/EDH
# UWS 006 North Node2_102 HITECH
# Effective: 13 January 2003
# File name: H03N2_EDH_Response.txt
# Source: John Newton
# System response: hydrophone and digitizer
# The following response file for Hydrophone_amp_CS5322 filter
# is in frequency (Hz)/ amplitude (gain factor)/phase (deg) format
# and derived from equations of state.
# HITECH hydrophones plus pre-amp plus 3 lowpass FIR filters
# Displacement response rel to 567.7177 uPa/count @ 10 Hz
# Note that this response file does not incorporate the phase
# delay of the anti-alias (the delay is compensated in the digitizer)
# filter of the digitizer since the hydrophone phase
# response equals the
# system phase response.
 theoretical  0   instrument    fap
143
0.10	0.004923287	-15.6152345	0.0	0.0
0.20	0.017985651	-29.5060787	0.0	0.0
0.30	0.035809741	-40.9180244	0.0	0.0
0.40	0.055734377	-49.9792631	0.0	0.0
0.50	0.076333726	-57.1583316	0.0	0.0
0.60	0.096981540	-62.9270546	0.0	0.0
0.70	0.117434875	-67.6578940	0.0	0.0
0.80	0.137612066	-71.6219254	0.0	0.0
0.90	0.157494160	-75.0118042	0.0	0.0
1.00	0.182930415	-79.6467297	0.0	0.0
2.00	0.366601463	-98.5776168	0.0	0.0
3.00	0.520514032	-110.0524637	0.0	0.0
4.00	0.646771435	-118.7355356	0.0	0.0
5.00	0.746934819	-125.9062279	0.0	0.0
6.00	0.827621533	-131.8860517	0.0	0.0
7.00	0.884855179	-136.6427963	0.0	0.0
8.00	0.932995885	-141.0253625	0.0	0.0
9.00	0.971371671	-144.3375682	0.0	0.0
10.00	1.000000000	-147.3134646	0.0	0.0
11.00	1.027778780	-149.9081674	0.0	0.0
12.00	1.043205367	-152.1330076	0.0	0.0
13.00	1.061594304	-154.1366590	0.0	0.0
14.00	1.075168674	-155.7169052	0.0	0.0
15.00	1.085732456	-157.2232443	0.0	0.0
16.00	1.095594268	-158.7426779	0.0	0.0
17.00	1.104931373	-159.8584452	0.0	0.0
18.00	1.110442892	-161.1064569	0.0	0.0
19.00	1.115374874	-162.0615483	0.0	0.0
20.00	1.119085596	-162.9637737	0.0	0.0
21.00	1.123237001	-163.8046356	0.0	0.0
22.00	1.131496902	-164.5897601	0.0	0.0
23.00	1.134463357	-165.3380063	0.0	0.0
24.00	1.134299213	-165.8938653	0.0	0.0
25.00	1.139635829	-166.5769111	0.0	0.0
26.00	1.137929660	-167.2004799	0.0	0.0
27.00	1.140381216	-167.6677247	0.0	0.0
28.00	1.143628071	-168.0218313	0.0	0.0
29.00	1.142987173	-168.6072451	0.0	0.0
30.00	1.146774081	-169.1070311	0.0	0.0
31.00	1.145986687	-169.3701746	0.0	0.0
32.00	1.148730320	-169.7851656	0.0	0.0
33.00	1.150524847	-170.1428802	0.0	0.0
34.00	1.149236863	-170.5804012	0.0	0.0
35.00	1.153956039	-170.8650515	0.0	0.0
36.00	1.153872565	-171.3099256	0.0	0.0
37.00	1.154060971	-171.4803342	0.0	0.0
38.00	1.153133733	-171.7308706	0.0	0.0
39.00	1.153681468	-172.1840159	0.0	0.0
40.00	1.155403513	-172.2284232	0.0	0.0
41.00	1.157980499	-172.5239662	0.0	0.0
42.00	1.159017800	-172.7743910	0.0	0.0
43.00	1.155127388	-173.0537931	0.0	0.0
44.00	1.154993126	-173.3063068	0.0	0.0
45.00	1.157506412	-173.5558189	0.0	0.0
46.00	1.157720277	-173.6513972	0.0	0.0
47.00	1.157188084	-173.8947539	0.0	0.0
48.00	1.159113001	-174.1310578	0.0	0.0
49.00	1.156868248	-174.2891036	0.0	0.0
50.00	1.158096377	-174.3963406	0.0	0.0
51.00	1.159908424	-174.6049332	0.0	0.0
52.00	1.156314327	-174.8483851	0.0	0.0
53.00	1.159641241	-174.9336719	0.0	0.0
54.00	1.157069000	-175.1023244	0.0	0.0
55.00	1.160566763	-175.3078509	0.0	0.0
56.00	1.157703684	-175.3459822	0.0	0.0
57.00	1.159873753	-175.5635953	0.0	0.0
58.00	1.158594161	-175.6147442	0.0	0.0
59.00	1.159196326	-175.7327755	0.0	0.0
60.00	1.162153133	-176.3956762	0.0	0.0
61.00	1.162579791	-176.2115907	0.0	0.0
62.00	1.160287233	-176.3545267	0.0	0.0
63.00	1.159413233	-176.3726914	0.0	0.0
64.00	1.159644661	-176.5312118	0.0	0.0
65.00	1.158722090	-176.7334423	0.0	0.0
66.00	1.161208655	-176.8526577	0.0	0.0
67.00	1.160370229	-176.8152304	0.0	0.0
68.00	1.159359416	-177.0602052	0.0	0.0
69.00	1.160543600	-177.2782376	0.0	0.0
70.00	1.161519506	-177.2535320	0.0	0.0
71.00	1.158449607	-177.4091427	0.0	0.0
72.00	1.157453162	-177.5822330	0.0	0.0
73.00	1.158087005	-177.5521784	0.0	0.0
74.00	1.159512732	-177.6901499	0.0	0.0
75.00	1.162519325	-177.6896938	0.0	0.0
76.00	1.160506617	-177.8763312	0.0	0.0
77.00	1.158840976	-177.8954119	0.0	0.0
78.00	1.159592930	-178.0410628	0.0	0.0
79.00	1.157446612	-178.1152899	0.0	0.0
80.00	1.156823343	-178.2059432	0.0	0.0
81.00	1.160940722	-178.2776432	0.0	0.0
82.00	1.158743761	-178.5278619	0.0	0.0
83.00	1.156563581	-178.4163831	0.0	0.0
84.00	1.158537135	-178.6268730	0.0	0.0
85.00	1.158414433	-178.6624355	0.0	0.0
86.00	1.153529249	-178.6972767	0.0	0.0
87.00	1.158574869	-178.9149829	0.0	0.0
88.00	1.157638607	-178.9474729	0.0	0.0
89.00	1.156743013	-179.1281554	0.0	0.0
90.00	1.156476327	-179.2108131	0.0	0.0
91.00	1.156403761	-179.1995945	0.0	0.0
92.00	1.157895946	-179.1642161	0.0	0.0
93.00	1.156405494	-179.3898818	0.0	0.0
94.00	1.156203808	-179.4744222	0.0	0.0
95.00	1.150639190	-179.5580321	0.0	0.0
96.00	1.144114388	-179.4449949	0.0	0.0
97.00	1.130073126	-179.6133228	0.0	0.0
98.00	1.108430301	-179.8056519	0.0	0.0
99.00	1.075196114	-179.8688236	0.0	0.0
100.00	1.028985556	-179.8863667	0.0	0.0
101.00	0.973303064	-179.2105630	0.0	0.0
102.00	0.903331733	-179.2793314	0.0	0.0
103.00	0.822727062	-179.3473629	0.0	0.0
104.00	0.733979005	-179.4146789	0.0	0.0
105.00	0.640311357	-179.4812996	0.0	0.0
106.00	0.545345778	-179.5472446	0.0	0.0
107.00	0.452722372	-179.6125327	0.0	0.0
108.00	0.365735543	-179.6771820	0.0	0.0
109.00	0.287037548	-179.7412102	0.0	0.0
110.00	0.218446724	-179.8046339	0.0	0.0
111.00	0.160876697	-179.8674695	0.0	0.0
112.00	0.114381610	-179.9297326	0.0	0.0
113.00	0.078294584	-179.9914383	0.0	0.0
114.00	0.051425383	-180.0526013	0.0	0.0
115.00	0.032279594	-180.1132355	0.0	0.0
116.00	0.019265210	-180.1733547	0.0	0.0
117.00	0.010861271	-180.2329719	0.0	0.0
118.00	0.005734654	-180.2920999	0.0	0.0
119.00	0.002802417	-180.3507509	0.0	0.0
120.00	0.001246275	-180.4089368	0.0	0.0
121.00	0.000491500	-180.4666690	0.0	0.0
122.00	0.000164588	-180.5239587	0.0	0.0
123.00	0.000042974	-180.5808165	0.0	0.0
124.00	0.000006948	-180.6372529	0.0	0.0
124.10	0.000005502	-180.6428738	0.0	0.0
124.20	0.000004288	-180.6484905	0.0	0.0
124.30	0.000003276	-180.6541032	0.0	0.0
124.40	0.000002439	-180.6597118	0.0	0.0
124.50	0.000001756	-180.6653163	0.0	0.0
124.60	0.000001204	-180.6709167	0.0	0.0
124.70	0.000000764	-180.6765131	0.0	0.0
124.80	0.000000420	-180.6821054	0.0	0.0
124.90	0.000000156	-180.6876937	0.0	0.0
125.00	0.000000040	-180.6932780	0.0	0.0
