# Terminal Sensitivity Response for Juan Fernandez H03N
# UWS 006 North Node1_101 HITECH
# Node1_101 HITECH
# Effective: 13 January 2003
# File name: H03N1_EDH_Response.txt
# Source: John Newton
# System response: hydrophone and digitizer
# The following response file for Hydrophone_amp_CS5322 filter
# is in frequency (Hz)/ amplitude (gain factor)/phase (deg) format
# and derived from equations of state.
# HITECH hydrophones plus pre-amp plus 3 lowpass FIR filters
# Displacement response rel to 561.8118 uPa/count @ 10 Hz
# Note that this response file does not incorporate the phase
# delay of the anti-alias (the delay is compensated in the digitizer)
# filter of the digitizer since the hydrophone phase
# response equals the
# system phase response.
 theoretical  0   instrument    fap
143
0.10	0.004923287	-15.6152345	0.0	0.0
0.20	0.017985651	-29.5060787	0.0	0.0
0.30	0.035809741	-40.9180244	0.0	0.0
0.40	0.055734377	-49.9792631	0.0	0.0
0.50	0.076333726	-57.1583316	0.0	0.0
0.60	0.096981540	-62.9270546	0.0	0.0
0.70	0.117434875	-67.6578940	0.0	0.0
0.80	0.137612066	-71.6219254	0.0	0.0
0.90	0.157494160	-75.0118042	0.0	0.0
1.00	0.181994841	-79.9907248	0.0	0.0
2.00	0.364763809	-98.6597917	0.0	0.0
3.00	0.520133049	-110.1913122	0.0	0.0
4.00	0.645104087	-119.1786126	0.0	0.0
5.00	0.746653114	-126.2735779	0.0	0.0
6.00	0.824853916	-132.1393958	0.0	0.0
7.00	0.885017429	-137.0655611	0.0	0.0
8.00	0.931113049	-141.1660308	0.0	0.0
9.00	0.967551233	-144.5205430	0.0	0.0
10.00	1.000000000	-147.5977578	0.0	0.0
11.00	1.021728345	-150.1260306	0.0	0.0
12.00	1.041604578	-152.1867231	0.0	0.0
13.00	1.057206139	-154.2839740	0.0	0.0
14.00	1.070237190	-155.9692322	0.0	0.0
15.00	1.080806420	-157.2665952	0.0	0.0
16.00	1.089092672	-158.8496285	0.0	0.0
17.00	1.096075369	-160.0080091	0.0	0.0
18.00	1.106383538	-160.9775218	0.0	0.0
19.00	1.110209807	-162.1782704	0.0	0.0
20.00	1.114905505	-163.0180728	0.0	0.0
21.00	1.119455883	-163.9220255	0.0	0.0
22.00	1.122476900	-164.6187911	0.0	0.0
23.00	1.124226203	-165.2517992	0.0	0.0
24.00	1.127994678	-165.8686961	0.0	0.0
25.00	1.131652490	-166.5190806	0.0	0.0
26.00	1.134189083	-167.2833037	0.0	0.0
27.00	1.137217105	-167.5988858	0.0	0.0
28.00	1.136945352	-168.1252106	0.0	0.0
29.00	1.138094340	-168.6626381	0.0	0.0
30.00	1.139810656	-169.0802230	0.0	0.0
31.00	1.141649106	-169.4404573	0.0	0.0
32.00	1.140804092	-169.8906387	0.0	0.0
33.00	1.142346333	-170.3286684	0.0	0.0
34.00	1.142536090	-170.5509223	0.0	0.0
35.00	1.147472164	-170.7323199	0.0	0.0
36.00	1.147529380	-171.2134731	0.0	0.0
37.00	1.148618630	-171.6534225	0.0	0.0
38.00	1.148085304	-171.6143497	0.0	0.0
39.00	1.147367564	-172.1028589	0.0	0.0
40.00	1.146737614	-172.2394295	0.0	0.0
41.00	1.146044290	-172.5646369	0.0	0.0
42.00	1.150178237	-172.7621351	0.0	0.0
43.00	1.147805991	-173.0171565	0.0	0.0
44.00	1.147234093	-173.2123762	0.0	0.0
45.00	1.150098739	-173.5221398	0.0	0.0
46.00	1.152714028	-173.7124651	0.0	0.0
47.00	1.153421116	-173.9063566	0.0	0.0
48.00	1.152455543	-174.3624019	0.0	0.0
49.00	1.153630267	-174.3483862	0.0	0.0
50.00	1.153833108	-174.5560847	0.0	0.0
51.00	1.155012297	-174.6005785	0.0	0.0
52.00	1.154650662	-174.8608316	0.0	0.0
53.00	1.152865210	-174.9727724	0.0	0.0
54.00	1.150871232	-175.0922639	0.0	0.0
55.00	1.154770944	-175.3216235	0.0	0.0
56.00	1.149956132	-175.5816056	0.0	0.0
57.00	1.152188238	-175.6015227	0.0	0.0
58.00	1.152567985	-175.6748412	0.0	0.0
59.00	1.153594340	-175.7562822	0.0	0.0
60.00	1.157625267	-175.7227170	0.0	0.0
61.00	1.153255392	-176.0790526	0.0	0.0
62.00	1.152759302	-176.2078441	0.0	0.0
63.00	1.151389178	-176.4894887	0.0	0.0
64.00	1.150313520	-176.4883314	0.0	0.0
65.00	1.155122259	-176.6566918	0.0	0.0
66.00	1.153846715	-176.6998454	0.0	0.0
67.00	1.154644470	-176.8757978	0.0	0.0
68.00	1.153576745	-176.9872637	0.0	0.0
69.00	1.153095946	-177.0889429	0.0	0.0
70.00	1.155675818	-177.1869106	0.0	0.0
71.00	1.153186539	-177.3670597	0.0	0.0
72.00	1.152796123	-177.5239209	0.0	0.0
73.00	1.151103837	-177.3329717	0.0	0.0
74.00	1.154351728	-177.6077874	0.0	0.0
75.00	1.153468253	-177.7377034	0.0	0.0
76.00	1.154864948	-177.9219343	0.0	0.0
77.00	1.151652352	-177.9106801	0.0	0.0
78.00	1.152641989	-177.9699746	0.0	0.0
79.00	1.150998534	-178.0915327	0.0	0.0
80.00	1.153031401	-178.4191513	0.0	0.0
81.00	1.150732827	-178.3812170	0.0	0.0
82.00	1.151673249	-178.3956122	0.0	0.0
83.00	1.149078572	-178.3780669	0.0	0.0
84.00	1.152196613	-178.6452212	0.0	0.0
85.00	1.149140460	-178.8042436	0.0	0.0
86.00	1.151456401	-178.6479560	0.0	0.0
87.00	1.150178363	-178.8110505	0.0	0.0
88.00	1.149277551	-178.8560141	0.0	0.0
89.00	1.150189119	-178.9953614	0.0	0.0
90.00	1.148367150	-178.9866071	0.0	0.0
91.00	1.150841914	-179.0870964	0.0	0.0
92.00	1.150557567	-179.0790795	0.0	0.0
93.00	1.149011888	-179.3132458	0.0	0.0
94.00	1.149659416	-179.3107393	0.0	0.0
95.00	1.143929660	-179.4321128	0.0	0.0
96.00	1.137398551	-179.5400968	0.0	0.0
97.00	1.124834977	-179.6004582	0.0	0.0
98.00	1.101387802	-179.6996355	0.0	0.0
99.00	1.065991344	-179.6713259	0.0	0.0
100.00	1.023770883	-179.9122945	0.0	0.0
101.00	0.973303064	-179.2105630	0.0	0.0
102.00	0.903331733	-179.2793314	0.0	0.0
103.00	0.822727062	-179.3473629	0.0	0.0
104.00	0.733979005	-179.4146789	0.0	0.0
105.00	0.640311357	-179.4812996	0.0	0.0
106.00	0.545345778	-179.5472446	0.0	0.0
107.00	0.452722372	-179.6125327	0.0	0.0
108.00	0.365735543	-179.6771820	0.0	0.0
109.00	0.287037548	-179.7412102	0.0	0.0
110.00	0.218446724	-179.8046339	0.0	0.0
111.00	0.160876697	-179.8674695	0.0	0.0
112.00	0.114381610	-179.9297326	0.0	0.0
113.00	0.078294584	-179.9914383	0.0	0.0
114.00	0.051425383	-180.0526013	0.0	0.0
115.00	0.032279594	-180.1132355	0.0	0.0
116.00	0.019265210	-180.1733547	0.0	0.0
117.00	0.010861271	-180.2329719	0.0	0.0
118.00	0.005734654	-180.2920999	0.0	0.0
119.00	0.002802417	-180.3507509	0.0	0.0
120.00	0.001246275	-180.4089368	0.0	0.0
121.00	0.000491500	-180.4666690	0.0	0.0
122.00	0.000164588	-180.5239587	0.0	0.0
123.00	0.000042974	-180.5808165	0.0	0.0
124.00	0.000006948	-180.6372529	0.0	0.0
124.10	0.000005502	-180.6428738	0.0	0.0
124.20	0.000004288	-180.6484905	0.0	0.0
124.30	0.000003276	-180.6541032	0.0	0.0
124.40	0.000002439	-180.6597118	0.0	0.0
124.50	0.000001756	-180.6653163	0.0	0.0
124.60	0.000001204	-180.6709167	0.0	0.0
124.70	0.000000764	-180.6765131	0.0	0.0
124.80	0.000000420	-180.6821054	0.0	0.0
124.90	0.000000156	-180.6876937	0.0	0.0
125.00	0.000000040	-180.6932780	0.0	0.0
