# Terminal Sensitivity Response for Juan Fernandez H03N
# Channel H03N3/EDH
# UWS 006 North Node3_103 HITECH
# Effective: 13 January 2003
# File name: H03N3_EDH_Response.txt
# Source: John Newton
# System response: hydrophone and digitizer
# The following response file for Hydrophone_amp_CS5322 filter
# is in frequency (Hz)/ amplitude (gain factor)/phase (deg) format
# and derived from equations of state.
# HITECH hydrophones plus pre-amp plus 3 lowpass FIR filters
# Displacement response rel to 566.5195 uPa/count @ 10 Hz
# Note that this response file does not incorporate the phase
# delay of the anti-alias (the delay is compensated in the digitizer)
# filter of the digitizer since the hydrophone phase
# response equals the
# system phase response.
 theoretical  0   instrument    fap
143
0.10	0.004923287	-15.6152345	0.0	0.0
0.20	0.017985651	-29.5060787	0.0	0.0
0.30	0.035809741	-40.9180244	0.0	0.0
0.40	0.055734377	-49.9792631	0.0	0.0
0.50	0.076333726	-57.1583316	0.0	0.0
0.60	0.096981540	-62.9270546	0.0	0.0
0.70	0.117434875	-67.6578940	0.0	0.0
0.80	0.137612066	-71.6219254	0.0	0.0
0.90	0.157494160	-75.0118042	0.0	0.0
1.00	0.182948299	-79.7868820	0.0	0.0
2.00	0.367013637	-98.6536802	0.0	0.0
3.00	0.521575868	-109.9492617	0.0	0.0
4.00	0.648877227	-118.8856283	0.0	0.0
5.00	0.750285503	-126.1072178	0.0	0.0
6.00	0.827054288	-131.8917000	0.0	0.0
7.00	0.889038626	-136.9057849	0.0	0.0
8.00	0.934046771	-140.9442664	0.0	0.0
9.00	0.971974291	-144.5612531	0.0	0.0
10.00	1.000000000	-147.4779246	0.0	0.0
11.00	1.025673020	-149.8159388	0.0	0.0
12.00	1.044692135	-152.2892062	0.0	0.0
13.00	1.064249596	-154.1543969	0.0	0.0
14.00	1.075007863	-155.7520797	0.0	0.0
15.00	1.086505274	-157.3893015	0.0	0.0
16.00	1.098025665	-158.8123238	0.0	0.0
17.00	1.106638102	-160.0662760	0.0	0.0
18.00	1.108463362	-160.8894440	0.0	0.0
19.00	1.114772868	-161.8709192	0.0	0.0
20.00	1.118912226	-162.9425592	0.0	0.0
21.00	1.125197331	-163.8189600	0.0	0.0
22.00	1.127588144	-164.5659950	0.0	0.0
23.00	1.133021455	-165.2055255	0.0	0.0
24.00	1.132145687	-165.9451888	0.0	0.0
25.00	1.135088957	-166.4415678	0.0	0.0
26.00	1.143080400	-167.0811276	0.0	0.0
27.00	1.140253498	-167.5714201	0.0	0.0
28.00	1.143667165	-168.1145279	0.0	0.0
29.00	1.146747454	-168.6769595	0.0	0.0
30.00	1.143832798	-169.0864755	0.0	0.0
31.00	1.148958084	-169.4566778	0.0	0.0
32.00	1.148307590	-169.8614531	0.0	0.0
33.00	1.150619321	-170.3234188	0.0	0.0
34.00	1.151248324	-170.6985094	0.0	0.0
35.00	1.153967704	-170.9686160	0.0	0.0
36.00	1.154533803	-171.2401978	0.0	0.0
37.00	1.154651742	-171.4592848	0.0	0.0
38.00	1.154200953	-171.6262793	0.0	0.0
39.00	1.155020143	-172.0960624	0.0	0.0
40.00	1.154970925	-172.3063093	0.0	0.0
41.00	1.154290410	-172.5071668	0.0	0.0
42.00	1.152708575	-172.8057707	0.0	0.0
43.00	1.158479939	-173.0879568	0.0	0.0
44.00	1.157180543	-173.3395020	0.0	0.0
45.00	1.159477652	-173.4962377	0.0	0.0
46.00	1.159593553	-173.6409881	0.0	0.0
47.00	1.158483433	-173.9719200	0.0	0.0
48.00	1.159823450	-174.2641930	0.0	0.0
49.00	1.161043717	-174.2379186	0.0	0.0
50.00	1.160157329	-174.6361902	0.0	0.0
51.00	1.160361051	-174.8478748	0.0	0.0
52.00	1.156135116	-174.8414978	0.0	0.0
53.00	1.158385678	-175.0598232	0.0	0.0
54.00	1.157810930	-175.0207996	0.0	0.0
55.00	1.158883228	-175.3645951	0.0	0.0
56.00	1.161166237	-175.5634279	0.0	0.0
57.00	1.161433685	-175.7050420	0.0	0.0
58.00	1.162219826	-175.9167468	0.0	0.0
59.00	1.159617457	-175.9225861	0.0	0.0
60.00	1.164436036	-176.1485201	0.0	0.0
61.00	1.162462643	-176.2607008	0.0	0.0
62.00	1.160429056	-176.2925971	0.0	0.0
63.00	1.157563877	-176.5272863	0.0	0.0
64.00	1.160075747	-176.6142912	0.0	0.0
65.00	1.157318886	-176.6641434	0.0	0.0
66.00	1.158985167	-176.8021256	0.0	0.0
67.00	1.162627051	-176.9898396	0.0	0.0
68.00	1.159685120	-177.0456755	0.0	0.0
69.00	1.161835106	-177.1840215	0.0	0.0
70.00	1.157706643	-177.1984664	0.0	0.0
71.00	1.159497428	-177.4199649	0.0	0.0
72.00	1.158057598	-177.5709275	0.0	0.0
73.00	1.156154387	-177.5324762	0.0	0.0
74.00	1.159593498	-177.6768310	0.0	0.0
75.00	1.157820389	-177.7554489	0.0	0.0
76.00	1.160820584	-177.8782723	0.0	0.0
77.00	1.158036017	-178.0022548	0.0	0.0
78.00	1.157008884	-178.1128699	0.0	0.0
79.00	1.158883279	-178.1950848	0.0	0.0
80.00	1.159745358	-178.3242725	0.0	0.0
81.00	1.157495013	-178.3241527	0.0	0.0
82.00	1.158977186	-178.5139041	0.0	0.0
83.00	1.155688842	-178.6361667	0.0	0.0
84.00	1.159904202	-178.6669941	0.0	0.0
85.00	1.157089530	-178.5953417	0.0	0.0
86.00	1.159189897	-178.8940209	0.0	0.0
87.00	1.157445873	-178.9260817	0.0	0.0
88.00	1.156552514	-178.9810074	0.0	0.0
89.00	1.155319499	-179.1874385	0.0	0.0
90.00	1.157861564	-179.2469662	0.0	0.0
91.00	1.156737339	-179.3169130	0.0	0.0
92.00	1.156605016	-179.2585216	0.0	0.0
93.00	1.156883040	-179.3240335	0.0	0.0
94.00	1.155627422	-179.4704674	0.0	0.0
95.00	1.152578230	-179.6298110	0.0	0.0
96.00	1.144187019	-179.5288656	0.0	0.0
97.00	1.133532851	-179.8223455	0.0	0.0
98.00	1.108549302	-179.7518169	0.0	0.0
99.00	1.076283802	-179.8955118	0.0	0.0
100.00	1.027316306	-179.9172394	0.0	0.0
101.00	0.973303064	-179.2105630	0.0	0.0
102.00	0.903331733	-179.2793314	0.0	0.0
103.00	0.822727062	-179.3473629	0.0	0.0
104.00	0.733979005	-179.4146789	0.0	0.0
105.00	0.640311357	-179.4812996	0.0	0.0
106.00	0.545345778	-179.5472446	0.0	0.0
107.00	0.452722372	-179.6125327	0.0	0.0
108.00	0.365735543	-179.6771820	0.0	0.0
109.00	0.287037548	-179.7412102	0.0	0.0
110.00	0.218446724	-179.8046339	0.0	0.0
111.00	0.160876697	-179.8674695	0.0	0.0
112.00	0.114381610	-179.9297326	0.0	0.0
113.00	0.078294584	-179.9914383	0.0	0.0
114.00	0.051425383	-180.0526013	0.0	0.0
115.00	0.032279594	-180.1132355	0.0	0.0
116.00	0.019265210	-180.1733547	0.0	0.0
117.00	0.010861271	-180.2329719	0.0	0.0
118.00	0.005734654	-180.2920999	0.0	0.0
119.00	0.002802417	-180.3507509	0.0	0.0
120.00	0.001246275	-180.4089368	0.0	0.0
121.00	0.000491500	-180.4666690	0.0	0.0
122.00	0.000164588	-180.5239587	0.0	0.0
123.00	0.000042974	-180.5808165	0.0	0.0
124.00	0.000006948	-180.6372529	0.0	0.0
124.10	0.000005502	-180.6428738	0.0	0.0
124.20	0.000004288	-180.6484905	0.0	0.0
124.30	0.000003276	-180.6541032	0.0	0.0
124.40	0.000002439	-180.6597118	0.0	0.0
124.50	0.000001756	-180.6653163	0.0	0.0
124.60	0.000001204	-180.6709167	0.0	0.0
124.70	0.000000764	-180.6765131	0.0	0.0
124.80	0.000000420	-180.6821054	0.0	0.0
124.90	0.000000156	-180.6876937	0.0	0.0
125.00	0.000000040	-180.6932780	0.0	0.0
