# Response info for NWAO broad-band site.
#
# Effective: 09 Feb 2003
# Creation date: 07 Feb 2007
# File name: NWAO_BB_rsp.txt
#
# Source: James Neely (TTD), TSgt Magar
# System equipment: Guralp_CMG-3TB seismometer and Nanometrics_Europa-T
# digitizer.
#
# The response file was derived from equations of state.
# Displacement response normalized to 1.0 at 1.0 Hz.
#
# The calib values for this configuration are as follows:
#
# NWAO BHZ is 0.031800 nm/count at 1.0 Hz.
# NWAO BHN is 0.031500 nm/count at 1.0 Hz.
# NWAO BHE is 0.031600 nm/count at 1.0 Hz.
#
# Freq(Hz)     Amp(counts/nm)    Phase(deg)   Error(amp) Error(phase)
#
 theoretical  0       system    fap   J.Neely
1000
0.001000	0.000000996	346.156819	0.0	0.0
0.001010	0.000001036	346.018741	0.0	0.0
0.001020	0.000001078	345.879287	0.0	0.0
0.001030	0.000001121	345.738441	0.0	0.0
0.001040	0.000001166	345.596191	0.0	0.0
0.001051	0.000001213	345.452508	0.0	0.0
0.001061	0.000001262	345.307392	0.0	0.0
0.001072	0.000001313	345.160829	0.0	0.0
0.001083	0.000001366	345.012790	0.0	0.0
0.001093	0.000001421	344.863277	0.0	0.0
0.001104	0.000001478	344.712274	0.0	0.0
0.001115	0.000001538	344.559754	0.0	0.0
0.001126	0.000001600	344.405702	0.0	0.0
0.001138	0.000001665	344.250119	0.0	0.0
0.001149	0.000001732	344.092977	0.0	0.0
0.001160	0.000001801	343.934260	0.0	0.0
0.001172	0.000001874	343.773956	0.0	0.0
0.001184	0.000001950	343.612049	0.0	0.0
0.001195	0.000002028	343.448512	0.0	0.0
0.001207	0.000002110	343.283346	0.0	0.0
0.001219	0.000002195	343.116534	0.0	0.0
0.001231	0.000002283	342.948036	0.0	0.0
0.001244	0.000002375	342.777865	0.0	0.0
0.001256	0.000002471	342.605979	0.0	0.0
0.001269	0.000002571	342.432378	0.0	0.0
0.001281	0.000002674	342.257034	0.0	0.0
0.001294	0.000002782	342.079946	0.0	0.0
0.001307	0.000002894	341.901073	0.0	0.0
0.001320	0.000003010	341.720413	0.0	0.0
0.001333	0.000003132	341.537939	0.0	0.0
0.001346	0.000003258	341.353637	0.0	0.0
0.001360	0.000003389	341.167478	0.0	0.0
0.001373	0.000003525	340.979462	0.0	0.0
0.001387	0.000003667	340.789561	0.0	0.0
0.001401	0.000003815	340.597760	0.0	0.0
0.001415	0.000003968	340.404031	0.0	0.0
0.001429	0.000004128	340.208360	0.0	0.0
0.001443	0.000004294	340.010733	0.0	0.0
0.001457	0.000004467	339.811120	0.0	0.0
0.001472	0.000004646	339.609495	0.0	0.0
0.001487	0.000004833	339.405856	0.0	0.0
0.001501	0.000005028	339.200175	0.0	0.0
0.001516	0.000005230	338.992423	0.0	0.0
0.001532	0.000005440	338.782587	0.0	0.0
0.001547	0.000005659	338.570651	0.0	0.0
0.001562	0.000005886	338.356588	0.0	0.0
0.001578	0.000006123	338.140369	0.0	0.0
0.001593	0.000006369	337.921979	0.0	0.0
0.001609	0.000006625	337.701390	0.0	0.0
0.001625	0.000006891	337.478601	0.0	0.0
0.001642	0.000007168	337.253556	0.0	0.0
0.001658	0.000007455	337.026254	0.0	0.0
0.001674	0.000007755	336.796681	0.0	0.0
0.001691	0.000008066	336.564780	0.0	0.0
0.001708	0.000008390	336.330565	0.0	0.0
0.001725	0.000008727	336.093992	0.0	0.0
0.001742	0.000009077	335.855033	0.0	0.0
0.001760	0.000009441	335.613674	0.0	0.0
0.001777	0.000009820	335.369886	0.0	0.0
0.001795	0.000010214	335.123639	0.0	0.0
0.001813	0.000010623	334.874920	0.0	0.0
0.001831	0.000011049	334.623699	0.0	0.0
0.001849	0.000011492	334.369948	0.0	0.0
0.001867	0.000011953	334.113638	0.0	0.0
0.001886	0.000012432	333.854753	0.0	0.0
0.001905	0.000012930	333.593252	0.0	0.0
0.001924	0.000013448	333.329133	0.0	0.0
0.001943	0.000013987	333.062339	0.0	0.0
0.001962	0.000014547	332.792855	0.0	0.0
0.001982	0.000015129	332.520653	0.0	0.0
0.002002	0.000015735	332.245716	0.0	0.0
0.002022	0.000016364	331.967989	0.0	0.0
0.002042	0.000017019	331.687483	0.0	0.0
0.002062	0.000017700	331.404129	0.0	0.0
0.002083	0.000018407	331.117924	0.0	0.0
0.002103	0.000019143	330.828826	0.0	0.0
0.002124	0.000019908	330.536819	0.0	0.0
0.002145	0.000020704	330.241846	0.0	0.0
0.002167	0.000021531	329.943905	0.0	0.0
0.002188	0.000022391	329.642954	0.0	0.0
0.002210	0.000023285	329.338963	0.0	0.0
0.002232	0.000024214	329.031903	0.0	0.0
0.002254	0.000025180	328.721729	0.0	0.0
0.002277	0.000026185	328.408427	0.0	0.0
0.002300	0.000027229	328.091954	0.0	0.0
0.002322	0.000028315	327.772278	0.0	0.0
0.002346	0.000029443	327.449372	0.0	0.0
0.002369	0.000030616	327.123191	0.0	0.0
0.002393	0.000031836	326.793705	0.0	0.0
0.002416	0.000033104	326.460899	0.0	0.0
0.002441	0.000034421	326.124701	0.0	0.0
0.002465	0.000035791	325.785110	0.0	0.0
0.002489	0.000037215	325.442081	0.0	0.0
0.002514	0.000038694	325.095570	0.0	0.0
0.002539	0.000040232	324.745548	0.0	0.0
0.002565	0.000041831	324.391971	0.0	0.0
0.002590	0.000043492	324.034822	0.0	0.0
0.002616	0.000045219	323.674044	0.0	0.0
0.002642	0.000047013	323.309606	0.0	0.0
0.002668	0.000048878	322.941464	0.0	0.0
0.002695	0.000050817	322.569589	0.0	0.0
0.002722	0.000052831	322.193935	0.0	0.0
0.002749	0.000054924	321.814459	0.0	0.0
0.002776	0.000057099	321.431145	0.0	0.0
0.002804	0.000059359	321.043920	0.0	0.0
0.002832	0.000061707	320.652767	0.0	0.0
0.002860	0.000064147	320.257643	0.0	0.0
0.002888	0.000066683	319.858503	0.0	0.0
0.002917	0.000069317	319.455302	0.0	0.0
0.002946	0.000072054	319.047996	0.0	0.0
0.002976	0.000074897	318.636542	0.0	0.0
0.003005	0.000077851	318.220921	0.0	0.0
0.003035	0.000080920	317.801047	0.0	0.0
0.003066	0.000084108	317.376919	0.0	0.0
0.003096	0.000087419	316.948464	0.0	0.0
0.003127	0.000090859	316.515650	0.0	0.0
0.003158	0.000094432	316.078434	0.0	0.0
0.003190	0.000098143	315.636757	0.0	0.0
0.003221	0.000101998	315.190589	0.0	0.0
0.003253	0.000106001	314.739870	0.0	0.0
0.003286	0.000110158	314.284571	0.0	0.0
0.003319	0.000114476	313.824619	0.0	0.0
0.003352	0.000118960	313.359998	0.0	0.0
0.003385	0.000123615	312.890635	0.0	0.0
0.003419	0.000128450	312.416486	0.0	0.0
0.003453	0.000133469	311.937521	0.0	0.0
0.003487	0.000138681	311.453668	0.0	0.0
0.003522	0.000144092	310.964882	0.0	0.0
0.003557	0.000149709	310.471135	0.0	0.0
0.003592	0.000155540	309.972339	0.0	0.0
0.003628	0.000161594	309.468479	0.0	0.0
0.003664	0.000167877	308.959484	0.0	0.0
0.003701	0.000174398	308.445310	0.0	0.0
0.003738	0.000181167	307.925914	0.0	0.0
0.003775	0.000188191	307.401226	0.0	0.0
0.003813	0.000195481	306.871201	0.0	0.0
0.003851	0.000203045	306.335784	0.0	0.0
0.003889	0.000210894	305.794933	0.0	0.0
0.003928	0.000219037	305.248576	0.0	0.0
0.003967	0.000227486	304.696688	0.0	0.0
0.004006	0.000236251	304.139198	0.0	0.0
0.004046	0.000245343	303.576051	0.0	0.0
0.004087	0.000254774	303.007193	0.0	0.0
0.004127	0.000264555	302.432583	0.0	0.0
0.004168	0.000274700	301.852168	0.0	0.0
0.004210	0.000285220	301.265867	0.0	0.0
0.004252	0.000296128	300.673655	0.0	0.0
0.004294	0.000307438	300.075465	0.0	0.0
0.004337	0.000319165	299.471247	0.0	0.0
0.004380	0.000331321	298.860950	0.0	0.0
0.004424	0.000343921	298.244510	0.0	0.0
0.004468	0.000356982	297.621877	0.0	0.0
0.004512	0.000370517	296.993017	0.0	0.0
0.004557	0.000384544	296.357855	0.0	0.0
0.004603	0.000399077	295.716344	0.0	0.0
0.004649	0.000414135	295.068438	0.0	0.0
0.004695	0.000429735	294.414079	0.0	0.0
0.004742	0.000445893	293.753210	0.0	0.0
0.004789	0.000462629	293.085788	0.0	0.0
0.004837	0.000479961	292.411774	0.0	0.0
0.004885	0.000497908	291.731113	0.0	0.0
0.004934	0.000516489	291.043739	0.0	0.0
0.004983	0.000535725	290.349632	0.0	0.0
0.005032	0.000555636	289.648726	0.0	0.0
0.005082	0.000576243	288.940977	0.0	0.0
0.005133	0.000597567	288.226353	0.0	0.0
0.005184	0.000619631	287.504797	0.0	0.0
0.005236	0.000642457	286.776282	0.0	0.0
0.005288	0.000666068	286.040755	0.0	0.0
0.005341	0.000690486	285.298195	0.0	0.0
0.005394	0.000715737	284.548553	0.0	0.0
0.005448	0.000741843	283.791799	0.0	0.0
0.005502	0.000768829	283.027889	0.0	0.0
0.005557	0.000796721	282.256798	0.0	0.0
0.005612	0.000825545	281.478517	0.0	0.0
0.005668	0.000855325	280.693000	0.0	0.0
0.005725	0.000886088	279.900229	0.0	0.0
0.005782	0.000917861	279.100180	0.0	0.0
0.005839	0.000950670	278.292841	0.0	0.0
0.005897	0.000984544	277.478209	0.0	0.0
0.005956	0.001019510	276.656241	0.0	0.0
0.006015	0.001055590	275.826967	0.0	0.0
0.006075	0.001092820	274.990353	0.0	0.0
0.006136	0.001131230	274.146411	0.0	0.0
0.006197	0.001170840	273.295144	0.0	0.0
0.006259	0.001211680	272.436559	0.0	0.0
0.006321	0.001253790	271.570670	0.0	0.0
0.006384	0.001297180	270.697494	0.0	0.0
0.006448	0.001341890	269.817041	0.0	0.0
0.006512	0.001387950	268.929355	0.0	0.0
0.006577	0.001435390	268.034455	0.0	0.0
0.006642	0.001484230	267.132370	0.0	0.0
0.006708	0.001534500	266.223161	0.0	0.0
0.006775	0.001586240	265.306855	0.0	0.0
0.006843	0.001639460	264.383524	0.0	0.0
0.006911	0.001694200	263.453209	0.0	0.0
0.006980	0.001750490	262.515984	0.0	0.0
0.007049	0.001808350	261.571916	0.0	0.0
0.007120	0.001867800	260.621080	0.0	0.0
0.007191	0.001928880	259.663559	0.0	0.0
0.007262	0.001991610	258.699455	0.0	0.0
0.007335	0.002056000	257.728852	0.0	0.0
0.007408	0.002122100	256.751855	0.0	0.0
0.007481	0.002189920	255.768592	0.0	0.0
0.007556	0.002259480	254.779155	0.0	0.0
0.007631	0.002330800	253.783673	0.0	0.0
0.007707	0.002403900	252.782298	0.0	0.0
0.007784	0.002478810	251.775148	0.0	0.0
0.007862	0.002555540	250.762375	0.0	0.0
0.007940	0.002634110	249.744128	0.0	0.0
0.008019	0.002714530	248.720577	0.0	0.0
0.008099	0.002796830	247.691885	0.0	0.0
0.008180	0.002881000	246.658224	0.0	0.0
0.008261	0.002967070	245.619789	0.0	0.0
0.008343	0.003055050	244.576740	0.0	0.0
0.008426	0.003144940	243.529300	0.0	0.0
0.008510	0.003236760	242.477645	0.0	0.0
0.008595	0.003330500	241.422000	0.0	0.0
0.008681	0.003426180	240.362568	0.0	0.0
0.008767	0.003523790	239.299573	0.0	0.0
0.008855	0.003623350	238.233248	0.0	0.0
0.008943	0.003724850	237.163803	0.0	0.0
0.009032	0.003828290	236.091483	0.0	0.0
0.009122	0.003933680	235.016535	0.0	0.0
0.009213	0.004040990	233.939190	0.0	0.0
0.009305	0.004150240	232.859706	0.0	0.0
0.009397	0.004261410	231.778335	0.0	0.0
0.009491	0.004374500	230.695321	0.0	0.0
0.009586	0.004489500	229.610924	0.0	0.0
0.009681	0.004606400	228.525406	0.0	0.0
0.009777	0.004725180	227.439033	0.0	0.0
0.009875	0.004845840	226.352063	0.0	0.0
0.009973	0.004968350	225.264754	0.0	0.0
0.010073	0.005092710	224.177336	0.0	0.0
0.010173	0.005218910	223.090167	0.0	0.0
0.010274	0.005346920	222.003458	0.0	0.0
0.010377	0.005476730	220.917469	0.0	0.0
0.010480	0.005608310	219.832466	0.0	0.0
0.010584	0.005741660	218.748709	0.0	0.0
0.010690	0.005876750	217.666460	0.0	0.0
0.010796	0.006013560	216.585978	0.0	0.0
0.010904	0.006152080	215.507521	0.0	0.0
0.011013	0.006292280	214.431344	0.0	0.0
0.011122	0.006434150	213.357601	0.0	0.0
0.011233	0.006577650	212.286640	0.0	0.0
0.011345	0.006722780	211.218706	0.0	0.0
0.011458	0.006869510	210.153946	0.0	0.0
0.011572	0.007017820	209.092690	0.0	0.0
0.011688	0.007167700	208.035079	0.0	0.0
0.011804	0.007319120	206.981342	0.0	0.0
0.011922	0.007472060	205.931702	0.0	0.0
0.012040	0.007626510	204.886378	0.0	0.0
0.012160	0.007782440	203.845493	0.0	0.0
0.012281	0.007939840	202.809343	0.0	0.0
0.012404	0.008098690	201.778125	0.0	0.0
0.012527	0.008258980	200.751867	0.0	0.0
0.012652	0.008420690	199.730923	0.0	0.0
0.012778	0.008583800	198.715311	0.0	0.0
0.012906	0.008748310	197.705208	0.0	0.0
0.013034	0.008914190	196.700864	0.0	0.0
0.013164	0.009081430	195.702284	0.0	0.0
0.013295	0.009250030	194.709704	0.0	0.0
0.013428	0.009419970	193.723270	0.0	0.0
0.013561	0.009591250	192.742979	0.0	0.0
0.013696	0.009763850	191.769042	0.0	0.0
0.013833	0.009937760	190.801588	0.0	0.0
0.013971	0.010113000	189.840671	0.0	0.0
0.014110	0.010289500	188.886339	0.0	0.0
0.014250	0.010467400	187.938772	0.0	0.0
0.014392	0.010646500	186.997944	0.0	0.0
0.014536	0.010826900	186.064085	0.0	0.0
0.014681	0.011008600	185.137094	0.0	0.0
0.014827	0.011191600	184.217125	0.0	0.0
0.014975	0.011375900	183.304197	0.0	0.0
0.015124	0.011561500	182.398449	0.0	0.0
0.015275	0.011748400	181.499771	0.0	0.0
0.015427	0.011936600	180.608351	0.0	0.0
0.015580	0.012126100	179.724132	0.0	0.0
0.015736	0.012316900	178.847116	0.0	0.0
0.015892	0.012509000	177.977414	0.0	0.0
0.016051	0.012702400	177.115016	0.0	0.0
0.016211	0.012897200	176.259914	0.0	0.0
0.016372	0.013093300	175.412147	0.0	0.0
0.016535	0.013290700	174.571699	0.0	0.0
0.016700	0.013489500	173.738601	0.0	0.0
0.016866	0.013689600	172.912783	0.0	0.0
0.017034	0.013891200	172.094319	0.0	0.0
0.017204	0.014094100	171.283134	0.0	0.0
0.017375	0.014298400	170.479249	0.0	0.0
0.017549	0.014504100	169.682632	0.0	0.0
0.017723	0.014711300	168.893297	0.0	0.0
0.017900	0.014919900	168.111208	0.0	0.0
0.018078	0.015129900	167.336330	0.0	0.0
0.018258	0.015341500	166.568626	0.0	0.0
0.018440	0.015554500	165.808057	0.0	0.0
0.018624	0.015769000	165.054666	0.0	0.0
0.018810	0.015985100	164.308330	0.0	0.0
0.018997	0.016202700	163.569086	0.0	0.0
0.019186	0.016421800	162.836851	0.0	0.0
0.019377	0.016642500	162.111581	0.0	0.0
0.019570	0.016864800	161.393270	0.0	0.0
0.019765	0.017088800	160.681871	0.0	0.0
0.019962	0.017314400	159.977300	0.0	0.0
0.020161	0.017541600	159.279549	0.0	0.0
0.020362	0.017770500	158.588569	0.0	0.0
0.020565	0.018001100	157.904312	0.0	0.0
0.020770	0.018233400	157.226730	0.0	0.0
0.020977	0.018467500	156.555743	0.0	0.0
0.021186	0.018703300	155.891368	0.0	0.0
0.021397	0.018940900	155.233490	0.0	0.0
0.021610	0.019180400	154.582095	0.0	0.0
0.021825	0.019421600	153.937133	0.0	0.0
0.022043	0.019664700	153.298525	0.0	0.0
0.022262	0.019909700	152.666225	0.0	0.0
0.022484	0.020156600	152.040213	0.0	0.0
0.022708	0.020405500	151.420411	0.0	0.0
0.022934	0.020656200	150.806746	0.0	0.0
0.023163	0.020909000	150.199224	0.0	0.0
0.023394	0.021163700	149.597718	0.0	0.0
0.023627	0.021420500	149.002234	0.0	0.0
0.023862	0.021679400	148.412674	0.0	0.0
0.024100	0.021940300	147.829018	0.0	0.0
0.024340	0.022203300	147.251220	0.0	0.0
0.024582	0.022468500	146.679161	0.0	0.0
0.024827	0.022735800	146.112870	0.0	0.0
0.025075	0.023005300	145.552231	0.0	0.0
0.025324	0.023277000	144.997225	0.0	0.0
0.025577	0.023550900	144.447785	0.0	0.0
0.025832	0.023827200	143.903869	0.0	0.0
0.026089	0.024105700	143.365413	0.0	0.0
0.026349	0.024386500	142.832356	0.0	0.0
0.026611	0.024669700	142.304675	0.0	0.0
0.026876	0.024955300	141.782291	0.0	0.0
0.027144	0.025243300	141.265144	0.0	0.0
0.027415	0.025533700	140.753215	0.0	0.0
0.027688	0.025826600	140.246444	0.0	0.0
0.027964	0.026122000	139.744775	0.0	0.0
0.028242	0.026419900	139.248134	0.0	0.0
0.028524	0.026720300	138.756520	0.0	0.0
0.028808	0.027023400	138.269826	0.0	0.0
0.029095	0.027329100	137.788050	0.0	0.0
0.029385	0.027637400	137.311124	0.0	0.0
0.029677	0.027948400	136.838996	0.0	0.0
0.029973	0.028262100	136.371615	0.0	0.0
0.030272	0.028578600	135.908948	0.0	0.0
0.030573	0.028897900	135.450931	0.0	0.0
0.030878	0.029219900	134.997531	0.0	0.0
0.031185	0.029544800	134.548701	0.0	0.0
0.031496	0.029872600	134.104380	0.0	0.0
0.031810	0.030203200	133.664524	0.0	0.0
0.032127	0.030536800	133.229101	0.0	0.0
0.032447	0.030873400	132.798054	0.0	0.0
0.032770	0.031213000	132.371341	0.0	0.0
0.033097	0.031555600	131.948919	0.0	0.0
0.033426	0.031901300	131.530748	0.0	0.0
0.033759	0.032250100	131.116774	0.0	0.0
0.034096	0.032602100	130.706969	0.0	0.0
0.034435	0.032957200	130.301271	0.0	0.0
0.034778	0.033315600	129.899653	0.0	0.0
0.035125	0.033677200	129.502078	0.0	0.0
0.035475	0.034042100	129.108485	0.0	0.0
0.035828	0.034410300	128.718839	0.0	0.0
0.036185	0.034781900	128.333115	0.0	0.0
0.036546	0.035156900	127.951246	0.0	0.0
0.036910	0.035535300	127.573220	0.0	0.0
0.037278	0.035917200	127.198982	0.0	0.0
0.037649	0.036302600	126.828488	0.0	0.0
0.038024	0.036691500	126.461718	0.0	0.0
0.038403	0.037084000	126.098610	0.0	0.0
0.038785	0.037480200	125.739152	0.0	0.0
0.039172	0.037880000	125.383286	0.0	0.0
0.039562	0.038283500	125.030982	0.0	0.0
0.039956	0.038690800	124.682211	0.0	0.0
0.040354	0.039101900	124.336927	0.0	0.0
0.040756	0.039516700	123.995093	0.0	0.0
0.041162	0.039935500	123.656673	0.0	0.0
0.041572	0.040358200	123.321648	0.0	0.0
0.041987	0.040784800	122.989960	0.0	0.0
0.042405	0.041215400	122.661591	0.0	0.0
0.042827	0.041650000	122.336499	0.0	0.0
0.043254	0.042088800	122.014660	0.0	0.0
0.043685	0.042531700	121.696027	0.0	0.0
0.044120	0.042978700	121.380576	0.0	0.0
0.044560	0.043429900	121.068268	0.0	0.0
0.045004	0.043885400	120.759075	0.0	0.0
0.045452	0.044345200	120.452967	0.0	0.0
0.045905	0.044809400	120.149914	0.0	0.0
0.046362	0.045277900	119.849874	0.0	0.0
0.046824	0.045750800	119.552828	0.0	0.0
0.047291	0.046228300	119.258735	0.0	0.0
0.047762	0.046710300	118.967574	0.0	0.0
0.048238	0.047196900	118.679307	0.0	0.0
0.048718	0.047688100	118.393914	0.0	0.0
0.049204	0.048184000	118.111353	0.0	0.0
0.049694	0.048684600	117.831605	0.0	0.0
0.050189	0.049190000	117.554640	0.0	0.0
0.050689	0.049700200	117.280423	0.0	0.0
0.051194	0.050215300	117.008931	0.0	0.0
0.051704	0.050735300	116.740136	0.0	0.0
0.052219	0.051260300	116.474011	0.0	0.0
0.052739	0.051790400	116.210528	0.0	0.0
0.053265	0.052325500	115.949657	0.0	0.0
0.053795	0.052865700	115.691376	0.0	0.0
0.054331	0.053411100	115.435655	0.0	0.0
0.054873	0.053961800	115.182474	0.0	0.0
0.055419	0.054517800	114.931799	0.0	0.0
0.055971	0.055079100	114.683607	0.0	0.0
0.056529	0.055645900	114.437877	0.0	0.0
0.057092	0.056218000	114.194580	0.0	0.0
0.057661	0.056795800	113.953687	0.0	0.0
0.058235	0.057379000	113.715182	0.0	0.0
0.058816	0.057968000	113.479037	0.0	0.0
0.059402	0.058562600	113.245229	0.0	0.0
0.059993	0.059163000	113.013732	0.0	0.0
0.060591	0.059769100	112.784523	0.0	0.0
0.061195	0.060381200	112.557580	0.0	0.0
0.061804	0.060999200	112.332881	0.0	0.0
0.062420	0.061623200	112.110400	0.0	0.0
0.063042	0.062253200	111.890114	0.0	0.0
0.063670	0.062889300	111.672004	0.0	0.0
0.064304	0.063531600	111.456050	0.0	0.0
0.064945	0.064180200	111.242223	0.0	0.0
0.065592	0.064835000	111.030505	0.0	0.0
0.066246	0.065496300	110.820878	0.0	0.0
0.066906	0.066163900	110.613314	0.0	0.0
0.067572	0.066838100	110.407797	0.0	0.0
0.068245	0.067518800	110.204305	0.0	0.0
0.068925	0.068206100	110.002819	0.0	0.0
0.069612	0.068900200	109.803313	0.0	0.0
0.070305	0.069601000	109.605773	0.0	0.0
0.071006	0.070308700	109.410178	0.0	0.0
0.071713	0.071023200	109.216506	0.0	0.0
0.072428	0.071744800	109.024738	0.0	0.0
0.073149	0.072473400	108.834857	0.0	0.0
0.073878	0.073209100	108.646840	0.0	0.0
0.074614	0.073952000	108.460673	0.0	0.0
0.075357	0.074702100	108.276332	0.0	0.0
0.076108	0.075459700	108.093801	0.0	0.0
0.076866	0.076224600	107.913064	0.0	0.0
0.077632	0.076997000	107.734099	0.0	0.0
0.078406	0.077777000	107.556892	0.0	0.0
0.079187	0.078564600	107.381420	0.0	0.0
0.079976	0.079359900	107.207670	0.0	0.0
0.080773	0.080163000	107.035624	0.0	0.0
0.081577	0.080974100	106.865260	0.0	0.0
0.082390	0.081793000	106.696566	0.0	0.0
0.083211	0.082620000	106.529526	0.0	0.0
0.084040	0.083455100	106.364118	0.0	0.0
0.084877	0.084298500	106.200330	0.0	0.0
0.085723	0.085150000	106.038142	0.0	0.0
0.086577	0.086010000	105.877543	0.0	0.0
0.087439	0.086878400	105.718512	0.0	0.0
0.088310	0.087755400	105.561034	0.0	0.0
0.089190	0.088641000	105.405095	0.0	0.0
0.090079	0.089535300	105.250678	0.0	0.0
0.090976	0.090438400	105.097769	0.0	0.0
0.091883	0.091350300	104.946351	0.0	0.0
0.092798	0.092271300	104.796409	0.0	0.0
0.093722	0.093201300	104.647930	0.0	0.0
0.094656	0.094140500	104.500897	0.0	0.0
0.095599	0.095088900	104.355297	0.0	0.0
0.096552	0.096046700	104.211114	0.0	0.0
0.097514	0.097013900	104.068335	0.0	0.0
0.098485	0.097990600	103.926945	0.0	0.0
0.099466	0.098977000	103.786930	0.0	0.0
0.100457	0.099973100	103.648272	0.0	0.0
0.101458	0.100979000	103.510969	0.0	0.0
0.102469	0.101995000	103.374995	0.0	0.0
0.103490	0.103021000	103.240338	0.0	0.0
0.104521	0.104057000	103.106997	0.0	0.0
0.105562	0.105103000	102.974945	0.0	0.0
0.106614	0.106159000	102.844171	0.0	0.0
0.107676	0.107226000	102.714673	0.0	0.0
0.108749	0.108304000	102.586415	0.0	0.0
0.109832	0.109392000	102.459410	0.0	0.0
0.110926	0.110491000	102.333633	0.0	0.0
0.112031	0.111601000	102.209061	0.0	0.0
0.113148	0.112721000	102.085706	0.0	0.0
0.114275	0.113853000	101.963534	0.0	0.0
0.115413	0.114996000	101.842556	0.0	0.0
0.116563	0.116151000	101.722729	0.0	0.0
0.117724	0.117316000	101.604074	0.0	0.0
0.118897	0.118493000	101.486550	0.0	0.0
0.120082	0.119682000	101.370166	0.0	0.0
0.121278	0.120883000	101.254895	0.0	0.0
0.122486	0.122096000	101.140744	0.0	0.0
0.123707	0.123320000	101.027685	0.0	0.0
0.124939	0.124557000	100.915710	0.0	0.0
0.126184	0.125806000	100.804817	0.0	0.0
0.127441	0.127067000	100.694989	0.0	0.0
0.128711	0.128341000	100.586209	0.0	0.0
0.129993	0.129627000	100.478477	0.0	0.0
0.131288	0.130926000	100.371775	0.0	0.0
0.132596	0.132238000	100.266095	0.0	0.0
0.133917	0.133563000	100.161429	0.0	0.0
0.135251	0.134901000	100.057761	0.0	0.0
0.136599	0.136252000	99.955092	0.0	0.0
0.137960	0.137617000	99.853397	0.0	0.0
0.139334	0.138995000	99.752670	0.0	0.0
0.140722	0.140387000	99.652910	0.0	0.0
0.142124	0.141793000	99.554097	0.0	0.0
0.143540	0.143212000	99.456229	0.0	0.0
0.144970	0.144646000	99.359286	0.0	0.0
0.146414	0.146094000	99.263268	0.0	0.0
0.147873	0.147556000	99.168168	0.0	0.0
0.149346	0.149033000	99.073961	0.0	0.0
0.150834	0.150524000	98.980658	0.0	0.0
0.152337	0.152031000	98.888228	0.0	0.0
0.153855	0.153552000	98.796679	0.0	0.0
0.155387	0.155088000	98.705996	0.0	0.0
0.156935	0.156640000	98.616175	0.0	0.0
0.158499	0.158206000	98.527198	0.0	0.0
0.160078	0.159789000	98.439059	0.0	0.0
0.161673	0.161387000	98.351753	0.0	0.0
0.163284	0.163001000	98.265268	0.0	0.0
0.164910	0.164631000	98.179595	0.0	0.0
0.166553	0.166277000	98.094732	0.0	0.0
0.168213	0.167940000	98.010664	0.0	0.0
0.169888	0.169619000	97.927381	0.0	0.0
0.171581	0.171314000	97.844884	0.0	0.0
0.173290	0.173027000	97.763156	0.0	0.0
0.175017	0.174756000	97.682190	0.0	0.0
0.176760	0.176503000	97.601984	0.0	0.0
0.178521	0.178267000	97.522526	0.0	0.0
0.180300	0.180049000	97.443805	0.0	0.0
0.182096	0.181848000	97.365818	0.0	0.0
0.183910	0.183665000	97.288559	0.0	0.0
0.185743	0.185500000	97.212013	0.0	0.0
0.187593	0.187354000	97.136179	0.0	0.0
0.189462	0.189226000	97.061048	0.0	0.0
0.191350	0.191116000	96.986609	0.0	0.0
0.193256	0.193025000	96.912861	0.0	0.0
0.195181	0.194953000	96.839790	0.0	0.0
0.197126	0.196901000	96.767395	0.0	0.0
0.199090	0.198867000	96.695665	0.0	0.0
0.201073	0.200854000	96.624592	0.0	0.0
0.203077	0.202860000	96.554173	0.0	0.0
0.205100	0.204886000	96.484398	0.0	0.0
0.207143	0.206932000	96.415259	0.0	0.0
0.209207	0.208998000	96.346753	0.0	0.0
0.211291	0.211085000	96.278873	0.0	0.0
0.213396	0.213193000	96.211607	0.0	0.0
0.215522	0.215321000	96.144955	0.0	0.0
0.217669	0.217471000	96.078906	0.0	0.0
0.219838	0.219642000	96.013458	0.0	0.0
0.222028	0.221835000	95.948599	0.0	0.0
0.224240	0.224049000	95.884325	0.0	0.0
0.226474	0.226286000	95.820631	0.0	0.0
0.228730	0.228545000	95.757509	0.0	0.0
0.231009	0.230826000	95.694953	0.0	0.0
0.233311	0.233130000	95.632956	0.0	0.0
0.235635	0.235457000	95.571515	0.0	0.0
0.237983	0.237807000	95.510623	0.0	0.0
0.240354	0.240180000	95.450270	0.0	0.0
0.242748	0.242577000	95.390454	0.0	0.0
0.245167	0.244998000	95.331170	0.0	0.0
0.247609	0.247443000	95.272409	0.0	0.0
0.250076	0.249912000	95.214166	0.0	0.0
0.252567	0.252405000	95.156437	0.0	0.0
0.255084	0.254924000	95.099216	0.0	0.0
0.257625	0.257468000	95.042494	0.0	0.0
0.260192	0.260036000	94.986270	0.0	0.0
0.262784	0.262631000	94.930535	0.0	0.0
0.265402	0.265251000	94.875284	0.0	0.0
0.268046	0.267897000	94.820515	0.0	0.0
0.270716	0.270570000	94.766220	0.0	0.0
0.273413	0.273269000	94.712392	0.0	0.0
0.276137	0.275995000	94.659029	0.0	0.0
0.278888	0.278749000	94.606122	0.0	0.0
0.281667	0.281529000	94.553669	0.0	0.0
0.284473	0.284337000	94.501663	0.0	0.0
0.287307	0.287174000	94.450101	0.0	0.0
0.290170	0.290038000	94.398978	0.0	0.0
0.293060	0.292931000	94.348285	0.0	0.0
0.295980	0.295853000	94.298020	0.0	0.0
0.298929	0.298804000	94.248179	0.0	0.0
0.301907	0.301784000	94.198754	0.0	0.0
0.304915	0.304794000	94.149743	0.0	0.0
0.307953	0.307833000	94.101139	0.0	0.0
0.311021	0.310903000	94.052940	0.0	0.0
0.314119	0.314004000	94.005138	0.0	0.0
0.317249	0.317135000	93.957730	0.0	0.0
0.320409	0.320298000	93.910712	0.0	0.0
0.323602	0.323492000	93.864077	0.0	0.0
0.326825	0.326718000	93.817824	0.0	0.0
0.330082	0.329976000	93.771944	0.0	0.0
0.333370	0.333266000	93.726437	0.0	0.0
0.336691	0.336589000	93.681295	0.0	0.0
0.340046	0.339945000	93.636516	0.0	0.0
0.343433	0.343335000	93.592093	0.0	0.0
0.346855	0.346759000	93.548025	0.0	0.0
0.350311	0.350216000	93.504305	0.0	0.0
0.353801	0.353708000	93.460929	0.0	0.0
0.357325	0.357234000	93.417894	0.0	0.0
0.360885	0.360796000	93.375195	0.0	0.0
0.364481	0.364393000	93.332827	0.0	0.0
0.368112	0.368026000	93.290788	0.0	0.0
0.371779	0.371695000	93.249072	0.0	0.0
0.375483	0.375401000	93.207675	0.0	0.0
0.379224	0.379143000	93.166594	0.0	0.0
0.383002	0.382923000	93.125824	0.0	0.0
0.386818	0.386741000	93.085361	0.0	0.0
0.390672	0.390596000	93.045202	0.0	0.0
0.394564	0.394490000	93.005341	0.0	0.0
0.398495	0.398423000	92.965777	0.0	0.0
0.402465	0.402394000	92.926504	0.0	0.0
0.406474	0.406406000	92.887519	0.0	0.0
0.410524	0.410457000	92.848817	0.0	0.0
0.414614	0.414548000	92.810396	0.0	0.0
0.418745	0.418681000	92.772251	0.0	0.0
0.422916	0.422854000	92.734378	0.0	0.0
0.427130	0.427069000	92.696775	0.0	0.0
0.431385	0.431326000	92.659436	0.0	0.0
0.435683	0.435625000	92.622359	0.0	0.0
0.440024	0.439967000	92.585539	0.0	0.0
0.444407	0.444353000	92.548974	0.0	0.0
0.448835	0.448782000	92.512660	0.0	0.0
0.453307	0.453255000	92.476591	0.0	0.0
0.457823	0.457772000	92.440767	0.0	0.0
0.462384	0.462335000	92.405183	0.0	0.0
0.466990	0.466943000	92.369836	0.0	0.0
0.471643	0.471597000	92.334721	0.0	0.0
0.476342	0.476297000	92.299835	0.0	0.0
0.481087	0.481044000	92.265176	0.0	0.0
0.485880	0.485838000	92.230739	0.0	0.0
0.490721	0.490681000	92.196522	0.0	0.0
0.495610	0.495571000	92.162521	0.0	0.0
0.500547	0.500510000	92.128732	0.0	0.0
0.505534	0.505498000	92.095152	0.0	0.0
0.510571	0.510536000	92.061779	0.0	0.0
0.515657	0.515624000	92.028608	0.0	0.0
0.520795	0.520762000	91.995636	0.0	0.0
0.525983	0.525952000	91.962861	0.0	0.0
0.531224	0.531194000	91.930278	0.0	0.0
0.536516	0.536487000	91.897886	0.0	0.0
0.541861	0.541834000	91.865679	0.0	0.0
0.547260	0.547233000	91.833657	0.0	0.0
0.552712	0.552687000	91.801815	0.0	0.0
0.558218	0.558195000	91.770149	0.0	0.0
0.563780	0.563757000	91.738658	0.0	0.0
0.569396	0.569375000	91.707337	0.0	0.0
0.575069	0.575049000	91.676185	0.0	0.0
0.580798	0.580779000	91.645197	0.0	0.0
0.586585	0.586567000	91.614371	0.0	0.0
0.592429	0.592412000	91.583703	0.0	0.0
0.598331	0.598315000	91.553192	0.0	0.0
0.604292	0.604277000	91.522832	0.0	0.0
0.610312	0.610299000	91.492623	0.0	0.0
0.616392	0.616380000	91.462561	0.0	0.0
0.622533	0.622522000	91.432641	0.0	0.0
0.628736	0.628725000	91.402863	0.0	0.0
0.634999	0.634990000	91.373223	0.0	0.0
0.641326	0.641317000	91.343718	0.0	0.0
0.647715	0.647707000	91.314345	0.0	0.0
0.654168	0.654162000	91.285101	0.0	0.0
0.660685	0.660680000	91.255984	0.0	0.0
0.667268	0.667263000	91.226989	0.0	0.0
0.673915	0.673911000	91.198116	0.0	0.0
0.680629	0.680626000	91.169360	0.0	0.0
0.687410	0.687408000	91.140719	0.0	0.0
0.694259	0.694257000	91.112191	0.0	0.0
0.701175	0.701174000	91.083771	0.0	0.0
0.708161	0.708161000	91.055459	0.0	0.0
0.715216	0.715217000	91.027249	0.0	0.0
0.722342	0.722343000	90.999141	0.0	0.0
0.729538	0.729540000	90.971132	0.0	0.0
0.736806	0.736809000	90.943217	0.0	0.0
0.744147	0.744150000	90.915396	0.0	0.0
0.751561	0.751564000	90.887664	0.0	0.0
0.759048	0.759052000	90.860019	0.0	0.0
0.766610	0.766615000	90.832460	0.0	0.0
0.774248	0.774253000	90.804982	0.0	0.0
0.781961	0.781967000	90.777583	0.0	0.0
0.789752	0.789758000	90.750260	0.0	0.0
0.797620	0.797626000	90.723011	0.0	0.0
0.805566	0.805573000	90.695834	0.0	0.0
0.813592	0.813599000	90.668725	0.0	0.0
0.821698	0.821704000	90.641681	0.0	0.0
0.829884	0.829891000	90.614701	0.0	0.0
0.838152	0.838159000	90.587781	0.0	0.0
0.846502	0.846509000	90.560919	0.0	0.0
0.854936	0.854943000	90.534112	0.0	0.0
0.863453	0.863460000	90.507357	0.0	0.0
0.872055	0.872062000	90.480653	0.0	0.0
0.880743	0.880750000	90.453995	0.0	0.0
0.889518	0.889524000	90.427382	0.0	0.0
0.898380	0.898386000	90.400812	0.0	0.0
0.907330	0.907336000	90.374280	0.0	0.0
0.916370	0.916375000	90.347786	0.0	0.0
0.925499	0.925504000	90.321326	0.0	0.0
0.934720	0.934724000	90.294897	0.0	0.0
0.944032	0.944036000	90.268497	0.0	0.0
0.953437	0.953441000	90.242124	0.0	0.0
0.962936	0.962939000	90.215775	0.0	0.0
0.972529	0.972531000	90.189446	0.0	0.0
0.982218	0.982220000	90.163137	0.0	0.0
0.992004	0.992004000	90.136843	0.0	0.0
1.001887	1.001890000	90.110563	0.0	0.0
1.011868	1.011870000	90.084295	0.0	0.0
1.021949	1.021950000	90.058034	0.0	0.0
1.032131	1.032130000	90.031778	0.0	0.0
1.042414	1.042410000	90.005525	0.0	0.0
1.052799	1.052790000	89.979275	0.0	0.0
1.063288	1.063280000	89.953021	0.0	0.0
1.073881	1.073870000	89.926763	0.0	0.0
1.084580	1.084570000	89.900497	0.0	0.0
1.095385	1.095370000	89.874223	0.0	0.0
1.106298	1.106280000	89.847936	0.0	0.0
1.117320	1.117300000	89.821633	0.0	0.0
1.128451	1.128430000	89.795315	0.0	0.0
1.139694	1.139670000	89.768974	0.0	0.0
1.151048	1.151020000	89.742613	0.0	0.0
1.162516	1.162490000	89.716224	0.0	0.0
1.174097	1.174070000	89.689810	0.0	0.0
1.185794	1.185760000	89.663365	0.0	0.0
1.197608	1.197570000	89.636885	0.0	0.0
1.209540	1.209500000	89.610369	0.0	0.0
1.221590	1.221550000	89.583817	0.0	0.0
1.233760	1.233720000	89.557224	0.0	0.0
1.246052	1.246000000	89.530586	0.0	0.0
1.258466	1.258410000	89.503903	0.0	0.0
1.271004	1.270950000	89.477170	0.0	0.0
1.283666	1.283610000	89.450388	0.0	0.0
1.296455	1.296390000	89.423551	0.0	0.0
1.309371	1.309300000	89.396657	0.0	0.0
1.322416	1.322340000	89.369704	0.0	0.0
1.335591	1.335510000	89.342688	0.0	0.0
1.348897	1.348820000	89.315609	0.0	0.0
1.362336	1.362250000	89.288462	0.0	0.0
1.375908	1.375820000	89.261246	0.0	0.0
1.389616	1.389520000	89.233956	0.0	0.0
1.403460	1.403360000	89.206593	0.0	0.0
1.417443	1.417330000	89.179149	0.0	0.0
1.431564	1.431450000	89.151627	0.0	0.0
1.445826	1.445710000	89.124021	0.0	0.0
1.460231	1.460100000	89.096328	0.0	0.0
1.474779	1.474640000	89.068547	0.0	0.0
1.489471	1.489330000	89.040676	0.0	0.0
1.504310	1.504160000	89.012709	0.0	0.0
1.519297	1.519140000	88.984646	0.0	0.0
1.534434	1.534270000	88.956481	0.0	0.0
1.549721	1.549550000	88.928215	0.0	0.0
1.565160	1.564980000	88.899845	0.0	0.0
1.580753	1.580560000	88.871366	0.0	0.0
1.596502	1.596300000	88.842776	0.0	0.0
1.612408	1.612200000	88.814071	0.0	0.0
1.628471	1.628250000	88.785253	0.0	0.0
1.644695	1.644470000	88.756313	0.0	0.0
1.661081	1.660840000	88.727251	0.0	0.0
1.677630	1.677380000	88.698065	0.0	0.0
1.694344	1.694080000	88.668750	0.0	0.0
1.711224	1.710950000	88.639305	0.0	0.0
1.728272	1.727990000	88.609727	0.0	0.0
1.745491	1.745190000	88.580011	0.0	0.0
1.762880	1.762570000	88.550158	0.0	0.0
1.780443	1.780120000	88.520161	0.0	0.0
1.798181	1.797840000	88.490019	0.0	0.0
1.816096	1.815740000	88.459728	0.0	0.0
1.834189	1.833820000	88.429286	0.0	0.0
1.852463	1.852080000	88.398690	0.0	0.0
1.870918	1.870520000	88.367937	0.0	0.0
1.889558	1.889140000	88.337023	0.0	0.0
1.908383	1.907950000	88.305946	0.0	0.0
1.927396	1.926940000	88.274703	0.0	0.0
1.946598	1.946130000	88.243290	0.0	0.0
1.965991	1.965500000	88.211706	0.0	0.0
1.985578	1.985070000	88.179945	0.0	0.0
2.005359	2.004830000	88.148006	0.0	0.0
2.025338	2.024790000	88.115885	0.0	0.0
2.045516	2.044940000	88.083579	0.0	0.0
2.065895	2.065300000	88.051084	0.0	0.0
2.086477	2.085860000	88.018398	0.0	0.0
2.107264	2.106620000	87.985518	0.0	0.0
2.128258	2.127590000	87.952440	0.0	0.0
2.149461	2.148770000	87.919162	0.0	0.0
2.170875	2.170150000	87.885679	0.0	0.0
2.192503	2.191750000	87.851988	0.0	0.0
2.214346	2.213570000	87.818087	0.0	0.0
2.236407	2.235600000	87.783971	0.0	0.0
2.258688	2.257850000	87.749637	0.0	0.0
2.281191	2.280320000	87.715082	0.0	0.0
2.303917	2.303020000	87.680305	0.0	0.0
2.326871	2.325940000	87.645297	0.0	0.0
2.350052	2.349080000	87.610061	0.0	0.0
2.373465	2.372460000	87.574589	0.0	0.0
2.397111	2.396070000	87.538879	0.0	0.0
2.420993	2.419920000	87.502927	0.0	0.0
2.445113	2.444000000	87.466729	0.0	0.0
2.469473	2.468320000	87.430284	0.0	0.0
2.494075	2.492880000	87.393587	0.0	0.0
2.518923	2.517680000	87.356633	0.0	0.0
2.544018	2.542730000	87.319420	0.0	0.0
2.569364	2.568030000	87.281943	0.0	0.0
2.594961	2.593580000	87.244202	0.0	0.0
2.620814	2.619390000	87.206188	0.0	0.0
2.646925	2.645450000	87.167900	0.0	0.0
2.673295	2.671770000	87.129335	0.0	0.0
2.699928	2.698340000	87.090489	0.0	0.0
2.726827	2.725190000	87.051355	0.0	0.0
2.753994	2.752300000	87.011933	0.0	0.0
2.781431	2.779680000	86.972218	0.0	0.0
2.809141	2.807330000	86.932207	0.0	0.0
2.837128	2.835250000	86.891893	0.0	0.0
2.865393	2.863450000	86.851275	0.0	0.0
2.893941	2.891930000	86.810347	0.0	0.0
2.922772	2.920690000	86.769107	0.0	0.0
2.951891	2.949740000	86.727550	0.0	0.0
2.981300	2.979080000	86.685671	0.0	0.0
3.011001	3.008700000	86.643469	0.0	0.0
3.040999	3.038620000	86.600936	0.0	0.0
3.071296	3.068840000	86.558069	0.0	0.0
3.101894	3.099360000	86.514866	0.0	0.0
3.132797	3.130170000	86.471321	0.0	0.0
3.164008	3.161300000	86.427430	0.0	0.0
3.195530	3.192730000	86.383188	0.0	0.0
3.227367	3.224470000	86.338589	0.0	0.0
3.259520	3.256530000	86.293634	0.0	0.0
3.291993	3.288900000	86.248315	0.0	0.0
3.324791	3.321600000	86.202627	0.0	0.0
3.357915	3.354620000	86.156567	0.0	0.0
3.391368	3.387960000	86.110131	0.0	0.0
3.425156	3.421640000	86.063312	0.0	0.0
3.459279	3.455640000	86.016109	0.0	0.0
3.493743	3.489990000	85.968514	0.0	0.0
3.528550	3.524670000	85.920524	0.0	0.0
3.563704	3.559700000	85.872133	0.0	0.0
3.599208	3.595070000	85.823339	0.0	0.0
3.635066	3.630790000	85.774134	0.0	0.0
3.671281	3.666870000	85.724516	0.0	0.0
3.707857	3.703300000	85.674478	0.0	0.0
3.744797	3.740090000	85.624016	0.0	0.0
3.782106	3.777250000	85.573125	0.0	0.0
3.819786	3.814770000	85.521800	0.0	0.0
3.857841	3.852660000	85.470037	0.0	0.0
3.896276	3.890930000	85.417829	0.0	0.0
3.935093	3.929580000	85.365173	0.0	0.0
3.974297	3.968600000	85.312063	0.0	0.0
4.013892	4.008010000	85.258492	0.0	0.0
4.053881	4.047810000	85.204458	0.0	0.0
4.094269	4.088010000	85.149953	0.0	0.0
4.135059	4.128590000	85.094973	0.0	0.0
4.176255	4.169580000	85.039514	0.0	0.0
4.217862	4.210980000	84.983567	0.0	0.0
4.259883	4.252780000	84.927130	0.0	0.0
4.302323	4.294990000	84.870195	0.0	0.0
4.345186	4.337620000	84.812758	0.0	0.0
4.388476	4.380670000	84.754813	0.0	0.0
4.432197	4.424140000	84.696355	0.0	0.0
4.476353	4.468050000	84.637377	0.0	0.0
4.520950	4.512380000	84.577874	0.0	0.0
4.565991	4.557150000	84.517840	0.0	0.0
4.611480	4.602360000	84.457270	0.0	0.0
4.657423	4.648010000	84.396156	0.0	0.0
4.703824	4.694110000	84.334494	0.0	0.0
4.750687	4.740670000	84.272277	0.0	0.0
4.798016	4.787680000	84.209501	0.0	0.0
4.845817	4.835160000	84.146157	0.0	0.0
4.894095	4.883100000	84.082240	0.0	0.0
4.942853	4.931510000	84.017745	0.0	0.0
4.992097	4.980400000	83.952664	0.0	0.0
5.041832	5.029770000	83.886991	0.0	0.0
5.092062	5.079620000	83.820721	0.0	0.0
5.142793	5.129960000	83.753845	0.0	0.0
5.194029	5.180790000	83.686359	0.0	0.0
5.245776	5.232120000	83.618255	0.0	0.0
5.298038	5.283960000	83.549528	0.0	0.0
5.350821	5.336300000	83.480169	0.0	0.0
5.404129	5.389160000	83.410174	0.0	0.0
5.457969	5.442530000	83.339533	0.0	0.0
5.512345	5.496430000	83.268242	0.0	0.0
5.567263	5.550850000	83.196293	0.0	0.0
5.622728	5.605800000	83.123679	0.0	0.0
5.678746	5.661290000	83.050392	0.0	0.0
5.735321	5.717320000	82.976428	0.0	0.0
5.792460	5.773900000	82.901777	0.0	0.0
5.850169	5.831030000	82.826431	0.0	0.0
5.908453	5.888730000	82.750385	0.0	0.0
5.967317	5.946980000	82.673631	0.0	0.0
6.026767	6.005800000	82.596163	0.0	0.0
6.086810	6.065190000	82.517971	0.0	0.0
6.147451	6.125160000	82.439049	0.0	0.0
6.208696	6.185720000	82.359388	0.0	0.0
6.270552	6.246860000	82.278981	0.0	0.0
6.333023	6.308600000	82.197822	0.0	0.0
6.396117	6.370940000	82.115901	0.0	0.0
6.459840	6.433880000	82.033210	0.0	0.0
6.524198	6.497440000	81.949742	0.0	0.0
6.589196	6.561610000	81.865490	0.0	0.0
6.654842	6.626410000	81.780444	0.0	0.0
6.721143	6.691830000	81.694596	0.0	0.0
6.788103	6.757890000	81.607939	0.0	0.0
6.855731	6.824590000	81.520464	0.0	0.0
6.924033	6.891930000	81.432162	0.0	0.0
6.993015	6.959920000	81.343025	0.0	0.0
7.062684	7.028580000	81.253045	0.0	0.0
7.133048	7.097890000	81.162213	0.0	0.0
7.204112	7.167870000	81.070520	0.0	0.0
7.275884	7.238530000	80.977958	0.0	0.0
7.348372	7.309870000	80.884517	0.0	0.0
7.421582	7.381900000	80.790188	0.0	0.0
7.495521	7.454620000	80.694964	0.0	0.0
7.570196	7.528050000	80.598835	0.0	0.0
7.645616	7.602170000	80.501790	0.0	0.0
7.721787	7.677010000	80.403821	0.0	0.0
7.798717	7.752570000	80.304920	0.0	0.0
7.876413	7.828850000	80.205076	0.0	0.0
7.954883	7.905870000	80.104280	0.0	0.0
8.034135	7.983620000	80.002522	0.0	0.0
8.114177	8.062120000	79.899793	0.0	0.0
8.195016	8.141370000	79.796082	0.0	0.0
8.276661	8.221370000	79.691380	0.0	0.0
8.359119	8.302140000	79.585678	0.0	0.0
8.442398	8.383680000	79.478965	0.0	0.0
8.526507	8.466000000	79.371231	0.0	0.0
8.611454	8.549100000	79.262465	0.0	0.0
8.697247	8.632990000	79.152659	0.0	0.0
8.783896	8.717670000	79.041799	0.0	0.0
8.871407	8.803170000	78.929878	0.0	0.0
8.959790	8.889470000	78.816884	0.0	0.0
9.049054	8.976590000	78.702806	0.0	0.0
9.139207	9.064540000	78.587634	0.0	0.0
9.230258	9.153320000	78.471357	0.0	0.0
9.322216	9.242930000	78.353964	0.0	0.0
9.415091	9.333400000	78.235443	0.0	0.0
9.508890	9.424710000	78.115785	0.0	0.0
9.603625	9.516880000	77.994977	0.0	0.0
9.699303	9.609920000	77.873008	0.0	0.0
9.795934	9.703840000	77.749868	0.0	0.0
9.893528	9.798640000	77.625543	0.0	0.0
9.992094	9.894320000	77.500024	0.0	0.0
10.091640	9.990900000	77.373300	0.0	0.0
10.192180	10.088400000	77.245355	0.0	0.0
10.293720	10.186800000	77.116182	0.0	0.0
10.396280	10.286100000	76.985755	0.0	0.0
10.499850	10.386300000	76.854088	0.0	0.0
10.604460	10.487500000	76.721144	0.0	0.0
10.710110	10.589600000	76.586923	0.0	0.0
10.816810	10.692600000	76.451414	0.0	0.0
10.924570	10.796600000	76.314605	0.0	0.0
11.033410	10.901600000	76.176471	0.0	0.0
11.143340	11.007500000	76.037000	0.0	0.0
11.254350	11.114400000	75.896206	0.0	0.0
11.366480	11.222300000	75.754040	0.0	0.0
11.479720	11.331200000	75.610514	0.0	0.0
11.594090	11.441100000	75.465604	0.0	0.0
11.709600	11.551900000	75.319299	0.0	0.0
11.826250	11.663800000	75.171599	0.0	0.0
11.944080	11.776800000	75.022456	0.0	0.0
12.063070	11.890700000	74.871895	0.0	0.0
12.183250	12.005700000	74.719880	0.0	0.0
12.304630	12.121700000	74.566399	0.0	0.0
12.427220	12.238700000	74.411441	0.0	0.0
12.551030	12.356900000	74.254994	0.0	0.0
12.676070	12.476000000	74.097047	0.0	0.0
12.802360	12.596300000	73.937576	0.0	0.0
12.929900	12.717600000	73.776582	0.0	0.0
13.058720	12.840000000	73.614029	0.0	0.0
13.188820	12.963500000	73.449919	0.0	0.0
13.320220	13.088100000	73.284227	0.0	0.0
13.452920	13.213900000	73.116956	0.0	0.0
13.586950	13.340700000	72.948068	0.0	0.0
13.722310	13.468600000	72.777565	0.0	0.0
13.859020	13.597700000	72.605425	0.0	0.0
13.997100	13.727900000	72.431623	0.0	0.0
14.136540	13.859300000	72.256174	0.0	0.0
14.277380	13.991800000	72.079029	0.0	0.0
14.419620	14.125400000	71.900191	0.0	0.0
14.563280	14.260200000	71.719635	0.0	0.0
14.708370	14.396200000	71.537352	0.0	0.0
14.854910	14.533300000	71.353319	0.0	0.0
15.002900	14.671700000	71.167537	0.0	0.0
15.152370	14.811200000	70.979971	0.0	0.0
15.303330	14.951900000	70.790611	0.0	0.0
15.455790	15.093800000	70.599446	0.0	0.0
15.609770	15.236900000	70.406455	0.0	0.0
15.765290	15.381300000	70.211613	0.0	0.0
15.922350	15.526800000	70.014925	0.0	0.0
16.080980	15.673600000	69.816354	0.0	0.0
16.241190	15.821200000	69.615892	0.0	0.0
16.403000	15.967400000	69.413516	0.0	0.0
16.566420	16.102400000	69.209216	0.0	0.0
16.731460	16.198500000	69.002982	0.0	0.0
16.898160	16.194200000	68.794769	0.0	0.0
17.066510	15.983500000	68.584591	0.0	0.0
17.236540	15.422400000	68.372414	0.0	0.0
17.408260	14.367900000	68.158230	0.0	0.0
17.581690	12.743600000	67.942016	0.0	0.0
17.756850	10.604200000	67.723751	0.0	0.0
17.933760	8.157470000	67.503415	0.0	0.0
18.112430	5.715960000	67.280998	0.0	0.0
18.292880	3.592200000	67.056480	0.0	0.0
18.475120	1.990300000	66.829852	0.0	0.0
18.659180	0.952597000	66.601080	0.0	0.0
18.845080	0.383733000	66.370145	0.0	0.0
19.032830	0.125543000	66.137038	0.0	0.0
19.222450	0.031639600	65.901739	0.0	0.0
19.413950	0.005632330	65.664241	0.0	0.0
19.607370	0.000600210	65.424498	0.0	0.0
19.802710	0.000024985	65.182516	0.0	0.0
20.000000	0.000000290	64.938262	0.0	0.0
