# UNCLASSIFIED
#
# Response info for EIL broad-band site.
#
# Effective: 08 Nov 2005
# Creation date: 30 Jun 2009
# File name: EIL.BB.1131408000
#
# Source: James Neely (TTD), TSgt Swindle (TTD)
# System equipment: Streckeisen STS-2 seismometer and Nanometrics Europa-T digitizer.
#
# The response file was derived from equations of state.
# Displacement response normalized to 1.0 at 1.0 Hz.
#
# The calib values for this configuration are as follows:
#
# EIL BHZ is 0.015915 nm/count at 1.0 Hz.
# EIL BHN is 0.015915 nm/count at 1.0 Hz.
# EIL BHE is 0.015915 nm/count at 1.0 Hz.
#
# Freq(Hz)     Amp(counts/nm)    Phase(deg)   Error(amp) Error(phase)
#
 theoretical   0   instrument   fap
1000
0.001000	0.000010145	305.223966	0.0	0.0
0.001010	0.000010503	304.841636	0.0	0.0
0.001020	0.000010873	304.458337	0.0	0.0
0.001030	0.000011255	304.074085	0.0	0.0
0.001040	0.000011651	303.688897	0.0	0.0
0.001051	0.000012059	303.302751	0.0	0.0
0.001061	0.000012481	302.915704	0.0	0.0
0.001072	0.000012918	302.527772	0.0	0.0
0.001083	0.000013369	302.138935	0.0	0.0
0.001093	0.000013835	301.749249	0.0	0.0
0.001104	0.000014317	301.358731	0.0	0.0
0.001115	0.000014815	300.967362	0.0	0.0
0.001126	0.000015329	300.575161	0.0	0.0
0.001138	0.000015860	300.182181	0.0	0.0
0.001149	0.000016409	299.788405	0.0	0.0
0.001160	0.000016977	299.393851	0.0	0.0
0.001172	0.000017563	298.998538	0.0	0.0
0.001184	0.000018168	298.602482	0.0	0.0
0.001195	0.000018793	298.205669	0.0	0.0
0.001207	0.000019439	297.808150	0.0	0.0
0.001219	0.000020106	297.409943	0.0	0.0
0.001231	0.000020795	297.011000	0.0	0.0
0.001244	0.000021507	296.611403	0.0	0.0
0.001256	0.000022242	296.211106	0.0	0.0
0.001269	0.000023000	295.810159	0.0	0.0
0.001281	0.000023784	295.408546	0.0	0.0
0.001294	0.000024593	295.006317	0.0	0.0
0.001307	0.000025429	294.603426	0.0	0.0
0.001320	0.000026292	294.199920	0.0	0.0
0.001333	0.000027183	293.795786	0.0	0.0
0.001346	0.000028102	293.391040	0.0	0.0
0.001360	0.000029052	292.985669	0.0	0.0
0.001373	0.000030032	292.579718	0.0	0.0
0.001387	0.000031044	292.173174	0.0	0.0
0.001401	0.000032088	291.766051	0.0	0.0
0.001415	0.000033167	291.358336	0.0	0.0
0.001429	0.000034279	290.950043	0.0	0.0
0.001443	0.000035428	290.541188	0.0	0.0
0.001457	0.000036614	290.131755	0.0	0.0
0.001472	0.000037837	289.721731	0.0	0.0
0.001487	0.000039100	289.311158	0.0	0.0
0.001501	0.000040403	288.900021	0.0	0.0
0.001516	0.000041748	288.488305	0.0	0.0
0.001532	0.000043136	288.076023	0.0	0.0
0.001547	0.000044568	287.663188	0.0	0.0
0.001562	0.000046046	287.249784	0.0	0.0
0.001578	0.000047570	286.835795	0.0	0.0
0.001593	0.000049144	286.421235	0.0	0.0
0.001609	0.000050767	286.006086	0.0	0.0
0.001625	0.000052441	285.590385	0.0	0.0
0.001642	0.000054169	285.174064	0.0	0.0
0.001658	0.000055951	284.757160	0.0	0.0
0.001674	0.000057790	284.339680	0.0	0.0
0.001691	0.000059687	283.921557	0.0	0.0
0.001708	0.000061643	283.502851	0.0	0.0
0.001725	0.000063662	283.083519	0.0	0.0
0.001742	0.000065743	282.663543	0.0	0.0
0.001760	0.000067891	282.242931	0.0	0.0
0.001777	0.000070106	281.821665	0.0	0.0
0.001795	0.000072390	281.399727	0.0	0.0
0.001813	0.000074746	280.977122	0.0	0.0
0.001831	0.000077176	280.553831	0.0	0.0
0.001849	0.000079682	280.129836	0.0	0.0
0.001867	0.000082266	279.705118	0.0	0.0
0.001886	0.000084931	279.279679	0.0	0.0
0.001905	0.000087679	278.853478	0.0	0.0
0.001924	0.000090513	278.426538	0.0	0.0
0.001943	0.000093435	277.998796	0.0	0.0
0.001962	0.000096448	277.570252	0.0	0.0
0.001982	0.000099555	277.140886	0.0	0.0
0.002002	0.000102759	276.710697	0.0	0.0
0.002022	0.000106062	276.279621	0.0	0.0
0.002042	0.000109467	275.847700	0.0	0.0
0.002062	0.000112978	275.414848	0.0	0.0
0.002083	0.000116598	274.981083	0.0	0.0
0.002103	0.000120330	274.546363	0.0	0.0
0.002124	0.000124177	274.110684	0.0	0.0
0.002145	0.000128143	273.673980	0.0	0.0
0.002167	0.000132232	273.236270	0.0	0.0
0.002188	0.000136446	272.797507	0.0	0.0
0.002210	0.000140790	272.357667	0.0	0.0
0.002232	0.000145268	271.916724	0.0	0.0
0.002254	0.000149884	271.474633	0.0	0.0
0.002277	0.000154642	271.031388	0.0	0.0
0.002300	0.000159545	270.586941	0.0	0.0
0.002322	0.000164600	270.141267	0.0	0.0
0.002346	0.000169809	269.694337	0.0	0.0
0.002369	0.000175177	269.246106	0.0	0.0
0.002393	0.000180710	268.796545	0.0	0.0
0.002416	0.000186412	268.345644	0.0	0.0
0.002441	0.000192288	267.893319	0.0	0.0
0.002465	0.000198343	267.439578	0.0	0.0
0.002489	0.000204583	266.984371	0.0	0.0
0.002514	0.000211013	266.527652	0.0	0.0
0.002539	0.000217639	266.069389	0.0	0.0
0.002565	0.000224466	265.609533	0.0	0.0
0.002590	0.000231500	265.148073	0.0	0.0
0.002616	0.000238748	264.684939	0.0	0.0
0.002642	0.000246215	264.220100	0.0	0.0
0.002668	0.000253909	263.753506	0.0	0.0
0.002695	0.000261835	263.285124	0.0	0.0
0.002722	0.000270001	262.814904	0.0	0.0
0.002749	0.000278413	262.342795	0.0	0.0
0.002776	0.000287079	261.868781	0.0	0.0
0.002804	0.000296006	261.392775	0.0	0.0
0.002832	0.000305201	260.914760	0.0	0.0
0.002860	0.000314673	260.434685	0.0	0.0
0.002888	0.000324429	259.952497	0.0	0.0
0.002917	0.000334478	259.468144	0.0	0.0
0.002946	0.000344828	258.981573	0.0	0.0
0.002976	0.000355487	258.492732	0.0	0.0
0.003005	0.000366464	258.001600	0.0	0.0
0.003035	0.000377769	257.508074	0.0	0.0
0.003066	0.000389411	257.012152	0.0	0.0
0.003096	0.000401399	256.513745	0.0	0.0
0.003127	0.000413743	256.012817	0.0	0.0
0.003158	0.000426453	255.509313	0.0	0.0
0.003190	0.000439540	255.003163	0.0	0.0
0.003221	0.000453014	254.494330	0.0	0.0
0.003253	0.000466885	253.982742	0.0	0.0
0.003286	0.000481166	253.468361	0.0	0.0
0.003319	0.000495866	252.951101	0.0	0.0
0.003352	0.000510999	252.430938	0.0	0.0
0.003385	0.000526575	251.907787	0.0	0.0
0.003419	0.000542607	251.381593	0.0	0.0
0.003453	0.000559108	250.852317	0.0	0.0
0.003487	0.000576089	250.319873	0.0	0.0
0.003522	0.000593565	249.784207	0.0	0.0
0.003557	0.000611548	249.245279	0.0	0.0
0.003592	0.000630051	248.702990	0.0	0.0
0.003628	0.000649090	248.157316	0.0	0.0
0.003664	0.000668678	247.608173	0.0	0.0
0.003701	0.000688829	247.055508	0.0	0.0
0.003738	0.000709559	246.499267	0.0	0.0
0.003775	0.000730882	245.939367	0.0	0.0
0.003813	0.000752813	245.375756	0.0	0.0
0.003851	0.000775369	244.808368	0.0	0.0
0.003889	0.000798565	244.237151	0.0	0.0
0.003928	0.000822418	243.662024	0.0	0.0
0.003967	0.000846944	243.082953	0.0	0.0
0.004006	0.000872159	242.499859	0.0	0.0
0.004046	0.000898082	241.912679	0.0	0.0
0.004087	0.000924729	241.321350	0.0	0.0
0.004127	0.000952117	240.725827	0.0	0.0
0.004168	0.000980266	240.126049	0.0	0.0
0.004210	0.001009190	239.521929	0.0	0.0
0.004252	0.001038910	238.913438	0.0	0.0
0.004294	0.001069450	238.300506	0.0	0.0
0.004337	0.001100820	237.683078	0.0	0.0
0.004380	0.001133050	237.061102	0.0	0.0
0.004424	0.001166140	236.434512	0.0	0.0
0.004468	0.001200130	235.803259	0.0	0.0
0.004512	0.001235030	235.167311	0.0	0.0
0.004557	0.001270860	234.526593	0.0	0.0
0.004603	0.001307630	233.881062	0.0	0.0
0.004649	0.001345380	233.230680	0.0	0.0
0.004695	0.001384120	232.575393	0.0	0.0
0.004742	0.001423870	231.915152	0.0	0.0
0.004789	0.001464660	231.249925	0.0	0.0
0.004837	0.001506490	230.579682	0.0	0.0
0.004885	0.001549390	229.904385	0.0	0.0
0.004934	0.001593390	229.223981	0.0	0.0
0.004983	0.001638490	228.538466	0.0	0.0
0.005032	0.001684730	227.847796	0.0	0.0
0.005082	0.001732120	227.151945	0.0	0.0
0.005133	0.001780670	226.450907	0.0	0.0
0.005184	0.001830420	225.744649	0.0	0.0
0.005236	0.001881380	225.033173	0.0	0.0
0.005288	0.001933560	224.316458	0.0	0.0
0.005341	0.001987000	223.594512	0.0	0.0
0.005394	0.002041690	222.867325	0.0	0.0
0.005448	0.002097670	222.134902	0.0	0.0
0.005502	0.002154950	221.397244	0.0	0.0
0.005557	0.002213550	220.654367	0.0	0.0
0.005612	0.002273470	219.906309	0.0	0.0
0.005668	0.002334750	219.153073	0.0	0.0
0.005725	0.002397390	218.394693	0.0	0.0
0.005782	0.002461410	217.631199	0.0	0.0
0.005839	0.002526820	216.862639	0.0	0.0
0.005897	0.002593640	216.089068	0.0	0.0
0.005956	0.002661870	215.310507	0.0	0.0
0.006015	0.002731530	214.527053	0.0	0.0
0.006075	0.002802630	213.738741	0.0	0.0
0.006136	0.002875170	212.945654	0.0	0.0
0.006197	0.002949170	212.147870	0.0	0.0
0.006259	0.003024630	211.345472	0.0	0.0
0.006321	0.003101560	210.538553	0.0	0.0
0.006384	0.003179970	209.727212	0.0	0.0
0.006448	0.003259850	208.911543	0.0	0.0
0.006512	0.003341220	208.091675	0.0	0.0
0.006577	0.003424060	207.267717	0.0	0.0
0.006642	0.003508390	206.439785	0.0	0.0
0.006708	0.003594200	205.608031	0.0	0.0
0.006775	0.003681490	204.772574	0.0	0.0
0.006843	0.003770260	203.933580	0.0	0.0
0.006911	0.003860500	203.091184	0.0	0.0
0.006980	0.003952210	202.245552	0.0	0.0
0.007049	0.004045370	201.396848	0.0	0.0
0.007120	0.004139990	200.545240	0.0	0.0
0.007191	0.004236050	199.690905	0.0	0.0
0.007262	0.004333540	198.834036	0.0	0.0
0.007335	0.004432440	197.974812	0.0	0.0
0.007408	0.004532750	197.113427	0.0	0.0
0.007481	0.004634460	196.250093	0.0	0.0
0.007556	0.004737540	195.384994	0.0	0.0
0.007631	0.004841980	194.518343	0.0	0.0
0.007707	0.004947760	193.650365	0.0	0.0
0.007784	0.005054870	192.781261	0.0	0.0
0.007862	0.005163280	191.911255	0.0	0.0
0.007940	0.005272980	191.040565	0.0	0.0
0.008019	0.005383950	190.169423	0.0	0.0
0.008099	0.005496160	189.298054	0.0	0.0
0.008180	0.005609590	188.426683	0.0	0.0
0.008261	0.005724220	187.555552	0.0	0.0
0.008343	0.005840040	186.684868	0.0	0.0
0.008426	0.005957000	185.814885	0.0	0.0
0.008510	0.006075110	184.945814	0.0	0.0
0.008595	0.006194320	184.077900	0.0	0.0
0.008681	0.006314620	183.211363	0.0	0.0
0.008767	0.006435980	182.346438	0.0	0.0
0.008855	0.006558380	181.483354	0.0	0.0
0.008943	0.006681800	180.622323	0.0	0.0
0.009032	0.006806220	179.763571	0.0	0.0
0.009122	0.006931600	178.907326	0.0	0.0
0.009213	0.007057940	178.053790	0.0	0.0
0.009305	0.007185220	177.203185	0.0	0.0
0.009397	0.007313390	176.355716	0.0	0.0
0.009491	0.007442460	175.511580	0.0	0.0
0.009586	0.007572400	174.670976	0.0	0.0
0.009681	0.007703200	173.834099	0.0	0.0
0.009777	0.007834820	173.001140	0.0	0.0
0.009875	0.007967270	172.172278	0.0	0.0
0.009973	0.008100520	171.347685	0.0	0.0
0.010073	0.008234550	170.527504	0.0	0.0
0.010173	0.008369360	169.711971	0.0	0.0
0.010274	0.008504930	168.901203	0.0	0.0
0.010377	0.008641250	168.095349	0.0	0.0
0.010480	0.008778300	167.294556	0.0	0.0
0.010584	0.008916090	166.498962	0.0	0.0
0.010690	0.009054600	165.708702	0.0	0.0
0.010796	0.009193820	164.923903	0.0	0.0
0.010904	0.009333750	164.144685	0.0	0.0
0.011013	0.009474380	163.371164	0.0	0.0
0.011122	0.009615720	162.603379	0.0	0.0
0.011233	0.009757750	161.841503	0.0	0.0
0.011345	0.009900470	161.085633	0.0	0.0
0.011458	0.010043900	160.335792	0.0	0.0
0.011572	0.010188000	159.592132	0.0	0.0
0.011688	0.010332800	158.854666	0.0	0.0
0.011804	0.010478300	158.123468	0.0	0.0
0.011922	0.010624600	157.398608	0.0	0.0
0.012040	0.010771500	156.680145	0.0	0.0
0.012160	0.010919100	155.968080	0.0	0.0
0.012281	0.011067500	155.262521	0.0	0.0
0.012404	0.011216600	154.563515	0.0	0.0
0.012527	0.011366500	153.870989	0.0	0.0
0.012652	0.011517100	153.185092	0.0	0.0
0.012778	0.011668400	152.505745	0.0	0.0
0.012906	0.011820500	151.832978	0.0	0.0
0.013034	0.011973400	151.166866	0.0	0.0
0.013164	0.012127100	150.507325	0.0	0.0
0.013295	0.012281700	149.854421	0.0	0.0
0.013428	0.012437000	149.208165	0.0	0.0
0.013561	0.012593200	148.568465	0.0	0.0
0.013696	0.012750200	147.935377	0.0	0.0
0.013833	0.012908100	147.308898	0.0	0.0
0.013971	0.013066900	146.688981	0.0	0.0
0.014110	0.013226600	146.075575	0.0	0.0
0.014250	0.013387200	145.468716	0.0	0.0
0.014392	0.013548800	144.868307	0.0	0.0
0.014536	0.013711300	144.274420	0.0	0.0
0.014681	0.013874800	143.686912	0.0	0.0
0.014827	0.014039300	143.105808	0.0	0.0
0.014975	0.014204800	142.531049	0.0	0.0
0.015124	0.014371400	141.962649	0.0	0.0
0.015275	0.014539000	141.400470	0.0	0.0
0.015427	0.014707700	140.844562	0.0	0.0
0.015580	0.014877500	140.294825	0.0	0.0
0.015736	0.015048400	139.751194	0.0	0.0
0.015892	0.015220500	139.213675	0.0	0.0
0.016051	0.015393700	138.682203	0.0	0.0
0.016211	0.015568100	138.156711	0.0	0.0
0.016372	0.015743700	137.637166	0.0	0.0
0.016535	0.015920600	137.123501	0.0	0.0
0.016700	0.016098700	136.615682	0.0	0.0
0.016866	0.016278100	136.113612	0.0	0.0
0.017034	0.016458800	135.617284	0.0	0.0
0.017204	0.016640800	135.126603	0.0	0.0
0.017375	0.016824200	134.641532	0.0	0.0
0.017549	0.017009000	134.162006	0.0	0.0
0.017723	0.017195100	133.687985	0.0	0.0
0.017900	0.017382700	133.219406	0.0	0.0
0.018078	0.017571700	132.756201	0.0	0.0
0.018258	0.017762200	132.298309	0.0	0.0
0.018440	0.017954100	131.845664	0.0	0.0
0.018624	0.018147600	131.398254	0.0	0.0
0.018810	0.018342600	130.955966	0.0	0.0
0.018997	0.018539200	130.518786	0.0	0.0
0.019186	0.018737400	130.086629	0.0	0.0
0.019377	0.018937200	129.659433	0.0	0.0
0.019570	0.019138700	129.237162	0.0	0.0
0.019765	0.019341800	128.819754	0.0	0.0
0.019962	0.019546600	128.407129	0.0	0.0
0.020161	0.019753100	127.999252	0.0	0.0
0.020362	0.019961300	127.596064	0.0	0.0
0.020565	0.020171400	127.197508	0.0	0.0
0.020770	0.020383200	126.803528	0.0	0.0
0.020977	0.020596800	126.414051	0.0	0.0
0.021186	0.020812300	126.029058	0.0	0.0
0.021397	0.021029600	125.648461	0.0	0.0
0.021610	0.021248900	125.272224	0.0	0.0
0.021825	0.021470000	124.900295	0.0	0.0
0.022043	0.021693100	124.532606	0.0	0.0
0.022262	0.021918200	124.169107	0.0	0.0
0.022484	0.022145300	123.809765	0.0	0.0
0.022708	0.022374400	123.454515	0.0	0.0
0.022934	0.022605500	123.103292	0.0	0.0
0.023163	0.022838700	122.756082	0.0	0.0
0.023394	0.023074100	122.412792	0.0	0.0
0.023627	0.023311500	122.073408	0.0	0.0
0.023862	0.023551200	121.737854	0.0	0.0
0.024100	0.023792900	121.406102	0.0	0.0
0.024340	0.024037000	121.078108	0.0	0.0
0.024582	0.024283200	120.753789	0.0	0.0
0.024827	0.024531800	120.433145	0.0	0.0
0.025075	0.024782600	120.116095	0.0	0.0
0.025324	0.025035700	119.802612	0.0	0.0
0.025577	0.025291200	119.492645	0.0	0.0
0.025832	0.025549100	119.186154	0.0	0.0
0.026089	0.025809400	118.883091	0.0	0.0
0.026349	0.026072100	118.583407	0.0	0.0
0.026611	0.026337300	118.287077	0.0	0.0
0.026876	0.026604900	117.994043	0.0	0.0
0.027144	0.026875100	117.704260	0.0	0.0
0.027415	0.027147900	117.417705	0.0	0.0
0.027688	0.027423200	117.134333	0.0	0.0
0.027964	0.027701200	116.854100	0.0	0.0
0.028242	0.027981700	116.576956	0.0	0.0
0.028524	0.028265000	116.302888	0.0	0.0
0.028808	0.028550900	116.031828	0.0	0.0
0.029095	0.028839600	115.763763	0.0	0.0
0.029385	0.029131000	115.498645	0.0	0.0
0.029677	0.029425300	115.236438	0.0	0.0
0.029973	0.029722300	114.977103	0.0	0.0
0.030272	0.030022200	114.720613	0.0	0.0
0.030573	0.030325000	114.466924	0.0	0.0
0.030878	0.030630700	114.216010	0.0	0.0
0.031185	0.030939400	113.967835	0.0	0.0
0.031496	0.031251000	113.722359	0.0	0.0
0.031810	0.031565600	113.479548	0.0	0.0
0.032127	0.031883300	113.239379	0.0	0.0
0.032447	0.032204100	113.001813	0.0	0.0
0.032770	0.032528000	112.766819	0.0	0.0
0.033097	0.032855000	112.534367	0.0	0.0
0.033426	0.033185200	112.304428	0.0	0.0
0.033759	0.033518600	112.076965	0.0	0.0
0.034096	0.033855300	111.851959	0.0	0.0
0.034435	0.034195200	111.629366	0.0	0.0
0.034778	0.034538500	111.409169	0.0	0.0
0.035125	0.034885100	111.191339	0.0	0.0
0.035475	0.035235100	110.975838	0.0	0.0
0.035828	0.035588500	110.762642	0.0	0.0
0.036185	0.035945400	110.551731	0.0	0.0
0.036546	0.036305700	110.343065	0.0	0.0
0.036910	0.036669600	110.136630	0.0	0.0
0.037278	0.037037100	109.932392	0.0	0.0
0.037649	0.037408100	109.730324	0.0	0.0
0.038024	0.037782900	109.530407	0.0	0.0
0.038403	0.038161200	109.332606	0.0	0.0
0.038785	0.038543300	109.136909	0.0	0.0
0.039172	0.038929200	108.943279	0.0	0.0
0.039562	0.039318900	108.751698	0.0	0.0
0.039956	0.039712400	108.562144	0.0	0.0
0.040354	0.040109700	108.374589	0.0	0.0
0.040756	0.040511000	108.189009	0.0	0.0
0.041162	0.040916200	108.005381	0.0	0.0
0.041572	0.041325500	107.823691	0.0	0.0
0.041987	0.041738700	107.643904	0.0	0.0
0.042405	0.042156100	107.466007	0.0	0.0
0.042827	0.042577500	107.289975	0.0	0.0
0.043254	0.043003100	107.115790	0.0	0.0
0.043685	0.043433000	106.943424	0.0	0.0
0.044120	0.043867000	106.772861	0.0	0.0
0.044560	0.044305400	106.604079	0.0	0.0
0.045004	0.044748100	106.437057	0.0	0.0
0.045452	0.045195200	106.271777	0.0	0.0
0.045905	0.045646600	106.108221	0.0	0.0
0.046362	0.046102600	105.946364	0.0	0.0
0.046824	0.046563100	105.786191	0.0	0.0
0.047291	0.047028100	105.627680	0.0	0.0
0.047762	0.047497700	105.470815	0.0	0.0
0.048238	0.047972000	105.315576	0.0	0.0
0.048718	0.048451000	105.161948	0.0	0.0
0.049204	0.048934700	105.009906	0.0	0.0
0.049694	0.049423300	104.859438	0.0	0.0
0.050189	0.049916600	104.710526	0.0	0.0
0.050689	0.050414900	104.563150	0.0	0.0
0.051194	0.050918100	104.417295	0.0	0.0
0.051704	0.051426300	104.272943	0.0	0.0
0.052219	0.051939500	104.130080	0.0	0.0
0.052739	0.052457800	103.988687	0.0	0.0
0.053265	0.052981300	103.848746	0.0	0.0
0.053795	0.053510000	103.710246	0.0	0.0
0.054331	0.054043900	103.573167	0.0	0.0
0.054873	0.054583100	103.437497	0.0	0.0
0.055419	0.055127600	103.303217	0.0	0.0
0.055971	0.055677600	103.170312	0.0	0.0
0.056529	0.056233000	103.038772	0.0	0.0
0.057092	0.056794000	102.908577	0.0	0.0
0.057661	0.057360500	102.779711	0.0	0.0
0.058235	0.057932600	102.652164	0.0	0.0
0.058816	0.058510500	102.525921	0.0	0.0
0.059402	0.059094100	102.400968	0.0	0.0
0.059993	0.059683400	102.277288	0.0	0.0
0.060591	0.060278700	102.154869	0.0	0.0
0.061195	0.060879800	102.033699	0.0	0.0
0.061804	0.061486900	101.913764	0.0	0.0
0.062420	0.062100100	101.795048	0.0	0.0
0.063042	0.062719300	101.677539	0.0	0.0
0.063670	0.063344800	101.561227	0.0	0.0
0.064304	0.063976400	101.446097	0.0	0.0
0.064945	0.064614300	101.332136	0.0	0.0
0.065592	0.065258600	101.219332	0.0	0.0
0.066246	0.065909200	101.107673	0.0	0.0
0.066906	0.066566400	100.997146	0.0	0.0
0.067572	0.067230000	100.887739	0.0	0.0
0.068245	0.067900300	100.779442	0.0	0.0
0.068925	0.068577300	100.672242	0.0	0.0
0.069612	0.069261000	100.566125	0.0	0.0
0.070305	0.069951400	100.461084	0.0	0.0
0.071006	0.070648800	100.357105	0.0	0.0
0.071713	0.071353100	100.254176	0.0	0.0
0.072428	0.072064400	100.152288	0.0	0.0
0.073149	0.072782800	100.051430	0.0	0.0
0.073878	0.073508300	99.951588	0.0	0.0
0.074614	0.074241100	99.852756	0.0	0.0
0.075357	0.074981100	99.754919	0.0	0.0
0.076108	0.075728500	99.658069	0.0	0.0
0.076866	0.076483400	99.562197	0.0	0.0
0.077632	0.077245700	99.467289	0.0	0.0
0.078406	0.078015700	99.373339	0.0	0.0
0.079187	0.078793300	99.280333	0.0	0.0
0.079976	0.079578700	99.188265	0.0	0.0
0.080773	0.080371900	99.097123	0.0	0.0
0.081577	0.081173000	99.006896	0.0	0.0
0.082390	0.081982000	98.917578	0.0	0.0
0.083211	0.082799100	98.829158	0.0	0.0
0.084040	0.083624400	98.741625	0.0	0.0
0.084877	0.084457800	98.654973	0.0	0.0
0.085723	0.085299600	98.569190	0.0	0.0
0.086577	0.086149800	98.484269	0.0	0.0
0.087439	0.087008400	98.400200	0.0	0.0
0.088310	0.087875500	98.316975	0.0	0.0
0.089190	0.088751300	98.234584	0.0	0.0
0.090079	0.089635900	98.153019	0.0	0.0
0.090976	0.090529200	98.072273	0.0	0.0
0.091883	0.091431400	97.992335	0.0	0.0
0.092798	0.092342700	97.913198	0.0	0.0
0.093722	0.093263000	97.834854	0.0	0.0
0.094656	0.094192400	97.757294	0.0	0.0
0.095599	0.095131200	97.680512	0.0	0.0
0.096552	0.096079200	97.604497	0.0	0.0
0.097514	0.097036700	97.529244	0.0	0.0
0.098485	0.098003800	97.454743	0.0	0.0
0.099466	0.098980500	97.380987	0.0	0.0
0.100457	0.099966900	97.307967	0.0	0.0
0.101458	0.100963000	97.235681	0.0	0.0
0.102469	0.101969000	97.164115	0.0	0.0
0.103490	0.102986000	97.093262	0.0	0.0
0.104521	0.104012000	97.023123	0.0	0.0
0.105562	0.105048000	96.953682	0.0	0.0
0.106614	0.106095000	96.884933	0.0	0.0
0.107676	0.107153000	96.816875	0.0	0.0
0.108749	0.108220000	96.749489	0.0	0.0
0.109832	0.109299000	96.682782	0.0	0.0
0.110926	0.110388000	96.616740	0.0	0.0
0.112031	0.111488000	96.551351	0.0	0.0
0.113148	0.112599000	96.486620	0.0	0.0
0.114275	0.113721000	96.422531	0.0	0.0
0.115413	0.114855000	96.359089	0.0	0.0
0.116563	0.115999000	96.296270	0.0	0.0
0.117724	0.117155000	96.234086	0.0	0.0
0.118897	0.118323000	96.172515	0.0	0.0
0.120082	0.119502000	96.111562	0.0	0.0
0.121278	0.120693000	96.051212	0.0	0.0
0.122486	0.121895000	95.991469	0.0	0.0
0.123707	0.123110000	95.932318	0.0	0.0
0.124939	0.124337000	95.873754	0.0	0.0
0.126184	0.125576000	95.815777	0.0	0.0
0.127441	0.126828000	95.758378	0.0	0.0
0.128711	0.128091000	95.701547	0.0	0.0
0.129993	0.129368000	95.645284	0.0	0.0
0.131288	0.130657000	95.589579	0.0	0.0
0.132596	0.131959000	95.534430	0.0	0.0
0.133917	0.133274000	95.479831	0.0	0.0
0.135251	0.134602000	95.425773	0.0	0.0
0.136599	0.135944000	95.372257	0.0	0.0
0.137960	0.137299000	95.319271	0.0	0.0
0.139334	0.138667000	95.266810	0.0	0.0
0.140722	0.140049000	95.214874	0.0	0.0
0.142124	0.141444000	95.163453	0.0	0.0
0.143540	0.142854000	95.112545	0.0	0.0
0.144970	0.144278000	95.062140	0.0	0.0
0.146414	0.145716000	95.012239	0.0	0.0
0.147873	0.147168000	94.962836	0.0	0.0
0.149346	0.148634000	94.913919	0.0	0.0
0.150834	0.150116000	94.865494	0.0	0.0
0.152337	0.151612000	94.817544	0.0	0.0
0.153855	0.153123000	94.770074	0.0	0.0
0.155387	0.154649000	94.723076	0.0	0.0
0.156935	0.156190000	94.676547	0.0	0.0
0.158499	0.157746000	94.630478	0.0	0.0
0.160078	0.159319000	94.584866	0.0	0.0
0.161673	0.160906000	94.539708	0.0	0.0
0.163284	0.162510000	94.494999	0.0	0.0
0.164910	0.164130000	94.450732	0.0	0.0
0.166553	0.165765000	94.406908	0.0	0.0
0.168213	0.167418000	94.363518	0.0	0.0
0.169888	0.169086000	94.320557	0.0	0.0
0.171581	0.170771000	94.278026	0.0	0.0
0.173290	0.172473000	94.235915	0.0	0.0
0.175017	0.174192000	94.194222	0.0	0.0
0.176760	0.175928000	94.152944	0.0	0.0
0.178521	0.177682000	94.112076	0.0	0.0
0.180300	0.179453000	94.071612	0.0	0.0
0.182096	0.181241000	94.031551	0.0	0.0
0.183910	0.183048000	93.991889	0.0	0.0
0.185743	0.184872000	93.952618	0.0	0.0
0.187593	0.186715000	93.913738	0.0	0.0
0.189462	0.188575000	93.875244	0.0	0.0
0.191350	0.190455000	93.837131	0.0	0.0
0.193256	0.192353000	93.799398	0.0	0.0
0.195181	0.194271000	93.762037	0.0	0.0
0.197126	0.196207000	93.725049	0.0	0.0
0.199090	0.198163000	93.688427	0.0	0.0
0.201073	0.200138000	93.652168	0.0	0.0
0.203077	0.202133000	93.616269	0.0	0.0
0.205100	0.204148000	93.580726	0.0	0.0
0.207143	0.206182000	93.545534	0.0	0.0
0.209207	0.208238000	93.510693	0.0	0.0
0.211291	0.210313000	93.476198	0.0	0.0
0.213396	0.212410000	93.442042	0.0	0.0
0.215522	0.214527000	93.408227	0.0	0.0
0.217669	0.216665000	93.374746	0.0	0.0
0.219838	0.218825000	93.341599	0.0	0.0
0.222028	0.221006000	93.308778	0.0	0.0
0.224240	0.223210000	93.276284	0.0	0.0
0.226474	0.225435000	93.244111	0.0	0.0
0.228730	0.227682000	93.212257	0.0	0.0
0.231009	0.229952000	93.180718	0.0	0.0
0.233311	0.232244000	93.149492	0.0	0.0
0.235635	0.234559000	93.118575	0.0	0.0
0.237983	0.236898000	93.087966	0.0	0.0
0.240354	0.239259000	93.057657	0.0	0.0
0.242748	0.241645000	93.027650	0.0	0.0
0.245167	0.244054000	92.997940	0.0	0.0
0.247609	0.246487000	92.968524	0.0	0.0
0.250076	0.248944000	92.939398	0.0	0.0
0.252567	0.251426000	92.910561	0.0	0.0
0.255084	0.253933000	92.882010	0.0	0.0
0.257625	0.256465000	92.853740	0.0	0.0
0.260192	0.259022000	92.825750	0.0	0.0
0.262784	0.261604000	92.798037	0.0	0.0
0.265402	0.264212000	92.770597	0.0	0.0
0.268046	0.266847000	92.743429	0.0	0.0
0.270716	0.269508000	92.716531	0.0	0.0
0.273413	0.272195000	92.689896	0.0	0.0
0.276137	0.274909000	92.663526	0.0	0.0
0.278888	0.277650000	92.637415	0.0	0.0
0.281667	0.280419000	92.611562	0.0	0.0
0.284473	0.283215000	92.585964	0.0	0.0
0.287307	0.286039000	92.560619	0.0	0.0
0.290170	0.288892000	92.535524	0.0	0.0
0.293060	0.291772000	92.510676	0.0	0.0
0.295980	0.294682000	92.486073	0.0	0.0
0.298929	0.297621000	92.461713	0.0	0.0
0.301907	0.300589000	92.437592	0.0	0.0
0.304915	0.303587000	92.413708	0.0	0.0
0.307953	0.306614000	92.390060	0.0	0.0
0.311021	0.309672000	92.366644	0.0	0.0
0.314119	0.312761000	92.343459	0.0	0.0
0.317249	0.315880000	92.320501	0.0	0.0
0.320409	0.319031000	92.297769	0.0	0.0
0.323602	0.322213000	92.275259	0.0	0.0
0.326825	0.325427000	92.252971	0.0	0.0
0.330082	0.328673000	92.230901	0.0	0.0
0.333370	0.331951000	92.209048	0.0	0.0
0.336691	0.335262000	92.187408	0.0	0.0
0.340046	0.338607000	92.165980	0.0	0.0
0.343433	0.341984000	92.144762	0.0	0.0
0.346855	0.345396000	92.123751	0.0	0.0
0.350311	0.348842000	92.102945	0.0	0.0
0.353801	0.352322000	92.082342	0.0	0.0
0.357325	0.355837000	92.061940	0.0	0.0
0.360885	0.359387000	92.041737	0.0	0.0
0.364481	0.362972000	92.021730	0.0	0.0
0.368112	0.366594000	92.001918	0.0	0.0
0.371779	0.370252000	91.982298	0.0	0.0
0.375483	0.373946000	91.962869	0.0	0.0
0.379224	0.377677000	91.943628	0.0	0.0
0.383002	0.381446000	91.924573	0.0	0.0
0.386818	0.385252000	91.905702	0.0	0.0
0.390672	0.389097000	91.887014	0.0	0.0
0.394564	0.392980000	91.868505	0.0	0.0
0.398495	0.396901000	91.850176	0.0	0.0
0.402465	0.400862000	91.832022	0.0	0.0
0.406474	0.404863000	91.814043	0.0	0.0
0.410524	0.408904000	91.796236	0.0	0.0
0.414614	0.412985000	91.778599	0.0	0.0
0.418745	0.417107000	91.761131	0.0	0.0
0.422916	0.421271000	91.743830	0.0	0.0
0.427130	0.425476000	91.726694	0.0	0.0
0.431385	0.429723000	91.709720	0.0	0.0
0.435683	0.434013000	91.692908	0.0	0.0
0.440024	0.438346000	91.676254	0.0	0.0
0.444407	0.442722000	91.659758	0.0	0.0
0.448835	0.447142000	91.643417	0.0	0.0
0.453307	0.451607000	91.627230	0.0	0.0
0.457823	0.456116000	91.611195	0.0	0.0
0.462384	0.460670000	91.595309	0.0	0.0
0.466990	0.465270000	91.579572	0.0	0.0
0.471643	0.469916000	91.563981	0.0	0.0
0.476342	0.474609000	91.548535	0.0	0.0
0.481087	0.479349000	91.533232	0.0	0.0
0.485880	0.484136000	91.518069	0.0	0.0
0.490721	0.488972000	91.503046	0.0	0.0
0.495610	0.493856000	91.488161	0.0	0.0
0.500547	0.498789000	91.473411	0.0	0.0
0.505534	0.503771000	91.458795	0.0	0.0
0.510571	0.508804000	91.444312	0.0	0.0
0.515657	0.513887000	91.429959	0.0	0.0
0.520795	0.519021000	91.415735	0.0	0.0
0.525983	0.524206000	91.401638	0.0	0.0
0.531224	0.529444000	91.387666	0.0	0.0
0.536516	0.534734000	91.373819	0.0	0.0
0.541861	0.540078000	91.360093	0.0	0.0
0.547260	0.545475000	91.346487	0.0	0.0
0.552712	0.550926000	91.333000	0.0	0.0
0.558218	0.556433000	91.319629	0.0	0.0
0.563780	0.561994000	91.306374	0.0	0.0
0.569396	0.567612000	91.293232	0.0	0.0
0.575069	0.573286000	91.280202	0.0	0.0
0.580798	0.579017000	91.267282	0.0	0.0
0.586585	0.584805000	91.254470	0.0	0.0
0.592429	0.590652000	91.241765	0.0	0.0
0.598331	0.596558000	91.229164	0.0	0.0
0.604292	0.602523000	91.216667	0.0	0.0
0.610312	0.608548000	91.204271	0.0	0.0
0.616392	0.614634000	91.191976	0.0	0.0
0.622533	0.620781000	91.179778	0.0	0.0
0.628736	0.626990000	91.167676	0.0	0.0
0.634999	0.633262000	91.155670	0.0	0.0
0.641326	0.639596000	91.143756	0.0	0.0
0.647715	0.645995000	91.131934	0.0	0.0
0.654168	0.652458000	91.120201	0.0	0.0
0.660685	0.658986000	91.108555	0.0	0.0
0.667268	0.665580000	91.096996	0.0	0.0
0.673915	0.672241000	91.085522	0.0	0.0
0.680629	0.678968000	91.074130	0.0	0.0
0.687410	0.685764000	91.062818	0.0	0.0
0.694259	0.692628000	91.051586	0.0	0.0
0.701175	0.699561000	91.040431	0.0	0.0
0.708161	0.706564000	91.029352	0.0	0.0
0.715216	0.713639000	91.018347	0.0	0.0
0.722342	0.720784000	91.007414	0.0	0.0
0.729538	0.728001000	90.996551	0.0	0.0
0.736806	0.735292000	90.985756	0.0	0.0
0.744147	0.742656000	90.975028	0.0	0.0
0.751561	0.750095000	90.964365	0.0	0.0
0.759048	0.757608000	90.953765	0.0	0.0
0.766610	0.765198000	90.943226	0.0	0.0
0.774248	0.772864000	90.932747	0.0	0.0
0.781961	0.780608000	90.922325	0.0	0.0
0.789752	0.788430000	90.911958	0.0	0.0
0.797620	0.796332000	90.901645	0.0	0.0
0.805566	0.804313000	90.891385	0.0	0.0
0.813592	0.812375000	90.881174	0.0	0.0
0.821698	0.820519000	90.871011	0.0	0.0
0.829884	0.828745000	90.860894	0.0	0.0
0.838152	0.837055000	90.850821	0.0	0.0
0.846502	0.845449000	90.840791	0.0	0.0
0.854936	0.853927000	90.830801	0.0	0.0
0.863453	0.862492000	90.820848	0.0	0.0
0.872055	0.871143000	90.810933	0.0	0.0
0.880743	0.879883000	90.801051	0.0	0.0
0.889518	0.888711000	90.791202	0.0	0.0
0.898380	0.897628000	90.781383	0.0	0.0
0.907330	0.906636000	90.771591	0.0	0.0
0.916370	0.915735000	90.761826	0.0	0.0
0.925499	0.924927000	90.752085	0.0	0.0
0.934720	0.934212000	90.742366	0.0	0.0
0.944032	0.943591000	90.732666	0.0	0.0
0.953437	0.953065000	90.722984	0.0	0.0
0.962936	0.962636000	90.713317	0.0	0.0
0.972529	0.972304000	90.703663	0.0	0.0
0.982218	0.982071000	90.694020	0.0	0.0
0.992004	0.991936000	90.684386	0.0	0.0
1.001887	1.001900000	90.674758	0.0	0.0
1.011868	1.011970000	90.665135	0.0	0.0
1.021949	1.022140000	90.655514	0.0	0.0
1.032131	1.032410000	90.645892	0.0	0.0
1.042414	1.042790000	90.636267	0.0	0.0
1.052799	1.053270000	90.626638	0.0	0.0
1.063288	1.063860000	90.617001	0.0	0.0
1.073881	1.074560000	90.607355	0.0	0.0
1.084580	1.085370000	90.597696	0.0	0.0
1.095385	1.096290000	90.588024	0.0	0.0
1.106298	1.107310000	90.578334	0.0	0.0
1.117320	1.118460000	90.568624	0.0	0.0
1.128451	1.129710000	90.558894	0.0	0.0
1.139694	1.141080000	90.549138	0.0	0.0
1.151048	1.152560000	90.539356	0.0	0.0
1.162516	1.164170000	90.529544	0.0	0.0
1.174097	1.175890000	90.519701	0.0	0.0
1.185794	1.187730000	90.509823	0.0	0.0
1.197608	1.199690000	90.499908	0.0	0.0
1.209540	1.211770000	90.489953	0.0	0.0
1.221590	1.223980000	90.479956	0.0	0.0
1.233760	1.236310000	90.469914	0.0	0.0
1.246052	1.248770000	90.459825	0.0	0.0
1.258466	1.261350000	90.449685	0.0	0.0
1.271004	1.274070000	90.439492	0.0	0.0
1.283666	1.286910000	90.429245	0.0	0.0
1.296455	1.299880000	90.418939	0.0	0.0
1.309371	1.312990000	90.408571	0.0	0.0
1.322416	1.326230000	90.398140	0.0	0.0
1.335591	1.339610000	90.387642	0.0	0.0
1.348897	1.353120000	90.377076	0.0	0.0
1.362336	1.366770000	90.366436	0.0	0.0
1.375908	1.380570000	90.355723	0.0	0.0
1.389616	1.394500000	90.344931	0.0	0.0
1.403460	1.408570000	90.334059	0.0	0.0
1.417443	1.422790000	90.323103	0.0	0.0
1.431564	1.437160000	90.312062	0.0	0.0
1.445826	1.451670000	90.300932	0.0	0.0
1.460231	1.466330000	90.289709	0.0	0.0
1.474779	1.481140000	90.278391	0.0	0.0
1.489471	1.496110000	90.266977	0.0	0.0
1.504310	1.511220000	90.255462	0.0	0.0
1.519297	1.526490000	90.243843	0.0	0.0
1.534434	1.541920000	90.232117	0.0	0.0
1.549721	1.557510000	90.220283	0.0	0.0
1.565160	1.573250000	90.208337	0.0	0.0
1.580753	1.589160000	90.196276	0.0	0.0
1.596502	1.605230000	90.184097	0.0	0.0
1.612408	1.621460000	90.171796	0.0	0.0
1.628471	1.637860000	90.159374	0.0	0.0
1.644695	1.654430000	90.146823	0.0	0.0
1.661081	1.671170000	90.134144	0.0	0.0
1.677630	1.688080000	90.121332	0.0	0.0
1.694344	1.705170000	90.108384	0.0	0.0
1.711224	1.722430000	90.095299	0.0	0.0
1.728272	1.739860000	90.082073	0.0	0.0
1.745491	1.757480000	90.068702	0.0	0.0
1.762880	1.775270000	90.055186	0.0	0.0
1.780443	1.793250000	90.041520	0.0	0.0
1.798181	1.811410000	90.027701	0.0	0.0
1.816096	1.829760000	90.013727	0.0	0.0
1.834189	1.848300000	89.999595	0.0	0.0
1.852463	1.867030000	89.985302	0.0	0.0
1.870918	1.885950000	89.970846	0.0	0.0
1.889558	1.905060000	89.956222	0.0	0.0
1.908383	1.924370000	89.941430	0.0	0.0
1.927396	1.943880000	89.926466	0.0	0.0
1.946598	1.963580000	89.911327	0.0	0.0
1.965991	1.983490000	89.896012	0.0	0.0
1.985578	2.003610000	89.880515	0.0	0.0
2.005359	2.023930000	89.864837	0.0	0.0
2.025338	2.044450000	89.848973	0.0	0.0
2.045516	2.065190000	89.832921	0.0	0.0
2.065895	2.086140000	89.816678	0.0	0.0
2.086477	2.107310000	89.800243	0.0	0.0
2.107264	2.128690000	89.783611	0.0	0.0
2.128258	2.150300000	89.766781	0.0	0.0
2.149461	2.172120000	89.749751	0.0	0.0
2.170875	2.194170000	89.732518	0.0	0.0
2.192503	2.216440000	89.715078	0.0	0.0
2.214346	2.238940000	89.697431	0.0	0.0
2.236407	2.261670000	89.679573	0.0	0.0
2.258688	2.284640000	89.661501	0.0	0.0
2.281191	2.307840000	89.643215	0.0	0.0
2.303917	2.331280000	89.624711	0.0	0.0
2.326871	2.354950000	89.605987	0.0	0.0
2.350052	2.378870000	89.587041	0.0	0.0
2.373465	2.403040000	89.567870	0.0	0.0
2.397111	2.427450000	89.548473	0.0	0.0
2.420993	2.452110000	89.528846	0.0	0.0
2.445113	2.477030000	89.508988	0.0	0.0
2.469473	2.502200000	89.488897	0.0	0.0
2.494075	2.527630000	89.468572	0.0	0.0
2.518923	2.553320000	89.448008	0.0	0.0
2.544018	2.579270000	89.427204	0.0	0.0
2.569364	2.605480000	89.406159	0.0	0.0
2.594961	2.631970000	89.384870	0.0	0.0
2.620814	2.658730000	89.363336	0.0	0.0
2.646925	2.685750000	89.341553	0.0	0.0
2.673295	2.713060000	89.319521	0.0	0.0
2.699928	2.740650000	89.297238	0.0	0.0
2.726827	2.768520000	89.274700	0.0	0.0
2.753994	2.796670000	89.251907	0.0	0.0
2.781431	2.825110000	89.228857	0.0	0.0
2.809141	2.853840000	89.205548	0.0	0.0
2.837128	2.882870000	89.181978	0.0	0.0
2.865393	2.912190000	89.158145	0.0	0.0
2.893941	2.941810000	89.134046	0.0	0.0
2.922772	2.971740000	89.109681	0.0	0.0
2.951891	3.001970000	89.085047	0.0	0.0
2.981300	3.032510000	89.060144	0.0	0.0
3.011001	3.063360000	89.034969	0.0	0.0
3.040999	3.094530000	89.009519	0.0	0.0
3.071296	3.126020000	88.983793	0.0	0.0
3.101894	3.157830000	88.957791	0.0	0.0
3.132797	3.189970000	88.931510	0.0	0.0
3.164008	3.222430000	88.904947	0.0	0.0
3.195530	3.255230000	88.878102	0.0	0.0
3.227367	3.288360000	88.850971	0.0	0.0
3.259520	3.321830000	88.823555	0.0	0.0
3.291993	3.355640000	88.795852	0.0	0.0
3.324791	3.389800000	88.767857	0.0	0.0
3.357915	3.424310000	88.739571	0.0	0.0
3.391368	3.459170000	88.710992	0.0	0.0
3.425156	3.494390000	88.682117	0.0	0.0
3.459279	3.529960000	88.652946	0.0	0.0
3.493743	3.565910000	88.623474	0.0	0.0
3.528550	3.602220000	88.593703	0.0	0.0
3.563704	3.638900000	88.563628	0.0	0.0
3.599208	3.675960000	88.533249	0.0	0.0
3.635066	3.713400000	88.502563	0.0	0.0
3.671281	3.751220000	88.471568	0.0	0.0
3.707857	3.789430000	88.440263	0.0	0.0
3.744797	3.828030000	88.408645	0.0	0.0
3.782106	3.867030000	88.376712	0.0	0.0
3.819786	3.906430000	88.344462	0.0	0.0
3.857841	3.946230000	88.311894	0.0	0.0
3.896276	3.986440000	88.279004	0.0	0.0
3.935093	4.027060000	88.245792	0.0	0.0
3.974297	4.068100000	88.212254	0.0	0.0
4.013892	4.109560000	88.178387	0.0	0.0
4.053881	4.151450000	88.144191	0.0	0.0
4.094269	4.193770000	88.109662	0.0	0.0
4.135059	4.236520000	88.074798	0.0	0.0
4.176255	4.279720000	88.039598	0.0	0.0
4.217862	4.323360000	88.004056	0.0	0.0
4.259883	4.367440000	87.968173	0.0	0.0
4.302323	4.411990000	87.931944	0.0	0.0
4.345186	4.456990000	87.895367	0.0	0.0
4.388476	4.502450000	87.858440	0.0	0.0
4.432197	4.548390000	87.821159	0.0	0.0
4.476353	4.594800000	87.783523	0.0	0.0
4.520950	4.641680000	87.745526	0.0	0.0
4.565991	4.689060000	87.707167	0.0	0.0
4.611480	4.736920000	87.668444	0.0	0.0
4.657423	4.785270000	87.629351	0.0	0.0
4.703824	4.834130000	87.589887	0.0	0.0
4.750687	4.883490000	87.550047	0.0	0.0
4.798016	4.933370000	87.509830	0.0	0.0
4.845817	4.983760000	87.469230	0.0	0.0
4.894095	5.034680000	87.428245	0.0	0.0
4.942853	5.086120000	87.386871	0.0	0.0
4.992097	5.138100000	87.345104	0.0	0.0
5.041832	5.190620000	87.302941	0.0	0.0
5.092062	5.243680000	87.260377	0.0	0.0
5.142793	5.297300000	87.217408	0.0	0.0
5.194029	5.351480000	87.174031	0.0	0.0
5.245776	5.406220000	87.130242	0.0	0.0
5.298038	5.461530000	87.086035	0.0	0.0
5.350821	5.517430000	87.041407	0.0	0.0
5.404129	5.573900000	86.996354	0.0	0.0
5.457969	5.630970000	86.950870	0.0	0.0
5.512345	5.688630000	86.904952	0.0	0.0
5.567263	5.746900000	86.858593	0.0	0.0
5.622728	5.805780000	86.811790	0.0	0.0
5.678746	5.865280000	86.764537	0.0	0.0
5.735321	5.925400000	86.716831	0.0	0.0
5.792460	5.986160000	86.668664	0.0	0.0
5.850169	6.047550000	86.620031	0.0	0.0
5.908453	6.109600000	86.570928	0.0	0.0
5.967317	6.172290000	86.521349	0.0	0.0
6.026767	6.235660000	86.471289	0.0	0.0
6.086810	6.299680000	86.420741	0.0	0.0
6.147451	6.364390000	86.369699	0.0	0.0
6.208696	6.429790000	86.318157	0.0	0.0
6.270552	6.495870000	86.266109	0.0	0.0
6.333023	6.562670000	86.213551	0.0	0.0
6.396117	6.630160000	86.160473	0.0	0.0
6.459840	6.698380000	86.106869	0.0	0.0
6.524198	6.767330000	86.052734	0.0	0.0
6.589196	6.837010000	85.998060	0.0	0.0
6.654842	6.907440000	85.942841	0.0	0.0
6.721143	6.978620000	85.887068	0.0	0.0
6.788103	7.050560000	85.830737	0.0	0.0
6.855731	7.123270000	85.773837	0.0	0.0
6.924033	7.196760000	85.716361	0.0	0.0
6.993015	7.271050000	85.658303	0.0	0.0
7.062684	7.346130000	85.599654	0.0	0.0
7.133048	7.422030000	85.540406	0.0	0.0
7.204112	7.498740000	85.480552	0.0	0.0
7.275884	7.576280000	85.420082	0.0	0.0
7.348372	7.654670000	85.358987	0.0	0.0
7.421582	7.733900000	85.297259	0.0	0.0
7.495521	7.813990000	85.234890	0.0	0.0
7.570196	7.894950000	85.171871	0.0	0.0
7.645616	7.976800000	85.108191	0.0	0.0
7.721787	8.059540000	85.043843	0.0	0.0
7.798717	8.143180000	84.978815	0.0	0.0
7.876413	8.227730000	84.913098	0.0	0.0
7.954883	8.313220000	84.846683	0.0	0.0
8.034135	8.399640000	84.779559	0.0	0.0
8.114177	8.487010000	84.711715	0.0	0.0
8.195016	8.575340000	84.643141	0.0	0.0
8.276661	8.664650000	84.573827	0.0	0.0
8.359119	8.754950000	84.503761	0.0	0.0
8.442398	8.846240000	84.432933	0.0	0.0
8.526507	8.938550000	84.361331	0.0	0.0
8.611454	9.031880000	84.288943	0.0	0.0
8.697247	9.126240000	84.215757	0.0	0.0
8.783896	9.221660000	84.141762	0.0	0.0
8.871407	9.318150000	84.066945	0.0	0.0
8.959790	9.415710000	83.991294	0.0	0.0
9.049054	9.514370000	83.914796	0.0	0.0
9.139207	9.614130000	83.837439	0.0	0.0
9.230258	9.715020000	83.759208	0.0	0.0
9.322216	9.817040000	83.680092	0.0	0.0
9.415091	9.920210000	83.600075	0.0	0.0
9.508890	10.024600000	83.519145	0.0	0.0
9.603625	10.130100000	83.437286	0.0	0.0
9.699303	10.236800000	83.354485	0.0	0.0
9.795934	10.344700000	83.270727	0.0	0.0
9.893528	10.453900000	83.185998	0.0	0.0
9.992094	10.564300000	83.100282	0.0	0.0
10.091640	10.676000000	83.013565	0.0	0.0
10.192180	10.788900000	82.925828	0.0	0.0
10.293720	10.903200000	82.837059	0.0	0.0
10.396280	11.018700000	82.747233	0.0	0.0
10.499850	11.135600000	82.656349	0.0	0.0
10.604460	11.253900000	82.564376	0.0	0.0
10.710110	11.373500000	82.471304	0.0	0.0
10.816810	11.494500000	82.377116	0.0	0.0
10.924570	11.616900000	82.281795	0.0	0.0
11.033410	11.740800000	82.185315	0.0	0.0
11.143340	11.866100000	82.087659	0.0	0.0
11.254350	11.992800000	81.988826	0.0	0.0
11.366480	12.121100000	81.888771	0.0	0.0
11.479720	12.250800000	81.787494	0.0	0.0
11.594090	12.382100000	81.684968	0.0	0.0
11.709600	12.514900000	81.581175	0.0	0.0
11.826250	12.649400000	81.476103	0.0	0.0
11.944080	12.785400000	81.369707	0.0	0.0
12.063070	12.923000000	81.261995	0.0	0.0
12.183250	13.062200000	81.152929	0.0	0.0
12.304630	13.203200000	81.042489	0.0	0.0
12.427220	13.345800000	80.930656	0.0	0.0
12.551030	13.490100000	80.817409	0.0	0.0
12.676070	13.636200000	80.702727	0.0	0.0
12.802360	13.784000000	80.586581	0.0	0.0
12.929900	13.933600000	80.468959	0.0	0.0
13.058720	14.085000000	80.349822	0.0	0.0
13.188820	14.238300000	80.229157	0.0	0.0
13.320220	14.393400000	80.106933	0.0	0.0
13.452920	14.550400000	79.983138	0.0	0.0
13.586950	14.709400000	79.857731	0.0	0.0
13.722310	14.870300000	79.730700	0.0	0.0
13.859020	15.033100000	79.602011	0.0	0.0
13.997100	15.198000000	79.471634	0.0	0.0
14.136540	15.364900000	79.339563	0.0	0.0
14.277380	15.533900000	79.205747	0.0	0.0
14.419620	15.705000000	79.070172	0.0	0.0
14.563280	15.878200000	78.932805	0.0	0.0
14.708370	16.053600000	78.793621	0.0	0.0
14.854910	16.231200000	78.652588	0.0	0.0
15.002900	16.411000000	78.509689	0.0	0.0
15.152370	16.593000000	78.364880	0.0	0.0
15.303330	16.777400000	78.218138	0.0	0.0
15.455790	16.964100000	78.069435	0.0	0.0
15.609770	17.153100000	77.918738	0.0	0.0
15.765290	17.344600000	77.766011	0.0	0.0
15.922350	17.538500000	77.611237	0.0	0.0
16.080980	17.734900000	77.454370	0.0	0.0
16.241190	17.933400000	77.295384	0.0	0.0
16.403000	18.131400000	77.134242	0.0	0.0
16.566420	18.317800000	76.970917	0.0	0.0
16.731460	18.461100000	76.805382	0.0	0.0
16.898160	18.490800000	76.637579	0.0	0.0
17.066510	18.284800000	76.467500	0.0	0.0
17.236540	17.677100000	76.295097	0.0	0.0
17.408260	16.500800000	76.120342	0.0	0.0
17.581690	14.664600000	75.943195	0.0	0.0
17.756850	12.227400000	75.763618	0.0	0.0
17.933760	9.425490000	75.581571	0.0	0.0
18.112430	6.618280000	75.397025	0.0	0.0
18.292880	4.168110000	75.209939	0.0	0.0
18.475120	2.314380000	75.020284	0.0	0.0
18.659180	1.110130000	74.828007	0.0	0.0
18.845080	0.448190000	74.633069	0.0	0.0
19.032830	0.146963000	74.435438	0.0	0.0
19.222450	0.037123100	74.235072	0.0	0.0
19.413950	0.006623900	74.031939	0.0	0.0
19.607370	0.000707553	73.825977	0.0	0.0
19.802710	0.000029524	73.617162	0.0	0.0
20.000000	0.000000344	73.405440	0.0	0.0

