# UNCLASSIFIED
#
# Effective: 28 NOV 2006
# Creation date: 19 Oct 2009
# File name: SEY.BB.1164729967
#
# Source: James Neely (TTD), TSgt Swindle
# System equipment: Streckeisen STS-2, 3d generation seismometer and Nanometrics_Europa-T
# digitizer.
#
# The response file was derived from equations of state.
# Displacement response normalized to 1.0 at 1.0 Hz.
#
# The calib values for this configuration are as follows:
#
# SEY BHZ is 0.031831 nm/count at 1.0 Hz.
# SEY BH1 is 0.031831 nm/count at 1.0 Hz.
# SEY BH2 is 0.031831 nm/count at 1.0 Hz.
#
# Freq(Hz)     Amp(counts/nm)    Phase(deg)   Error(amp) Error(phase)
#
 theoretical  0       system    fap   J.Neely
1000
0.001000	0.000001429	344.513322	0.0	0.0
0.001010	0.000001487	344.358481	0.0	0.0
0.001020	0.000001547	344.202085	0.0	0.0
0.001030	0.000001609	344.044118	0.0	0.0
0.001040	0.000001674	343.884563	0.0	0.0
0.001051	0.000001741	343.723390	0.0	0.0
0.001061	0.000001812	343.560597	0.0	0.0
0.001072	0.000001885	343.396168	0.0	0.0
0.001083	0.000001961	343.230071	0.0	0.0
0.001093	0.000002040	343.062305	0.0	0.0
0.001104	0.000002122	342.892855	0.0	0.0
0.001115	0.000002207	342.721687	0.0	0.0
0.001126	0.000002296	342.548787	0.0	0.0
0.001138	0.000002389	342.374152	0.0	0.0
0.001149	0.000002485	342.197751	0.0	0.0
0.001160	0.000002586	342.019568	0.0	0.0
0.001172	0.000002690	341.839586	0.0	0.0
0.001184	0.000002798	341.657788	0.0	0.0
0.001195	0.000002911	341.474143	0.0	0.0
0.001207	0.000003028	341.288649	0.0	0.0
0.001219	0.000003150	341.101289	0.0	0.0
0.001231	0.000003277	340.912017	0.0	0.0
0.001244	0.000003409	340.720846	0.0	0.0
0.001256	0.000003546	340.527728	0.0	0.0
0.001269	0.000003689	340.332663	0.0	0.0
0.001281	0.000003838	340.135618	0.0	0.0
0.001294	0.000003992	339.936592	0.0	0.0
0.001307	0.000004153	339.735537	0.0	0.0
0.001320	0.000004320	339.532451	0.0	0.0
0.001333	0.000004494	339.327302	0.0	0.0
0.001346	0.000004675	339.120073	0.0	0.0
0.001360	0.000004863	338.910732	0.0	0.0
0.001373	0.000005059	338.699277	0.0	0.0
0.001387	0.000005263	338.485674	0.0	0.0
0.001401	0.000005474	338.269909	0.0	0.0
0.001415	0.000005695	338.051946	0.0	0.0
0.001429	0.000005924	337.831770	0.0	0.0
0.001443	0.000006162	337.609362	0.0	0.0
0.001457	0.000006410	337.384691	0.0	0.0
0.001472	0.000006668	337.157722	0.0	0.0
0.001487	0.000006936	336.928455	0.0	0.0
0.001501	0.000007215	336.696856	0.0	0.0
0.001516	0.000007505	336.462891	0.0	0.0
0.001532	0.000007806	336.226545	0.0	0.0
0.001547	0.000008120	335.987797	0.0	0.0
0.001562	0.000008446	335.746617	0.0	0.0
0.001578	0.000008786	335.502969	0.0	0.0
0.001593	0.000009139	335.256836	0.0	0.0
0.001609	0.000009506	335.008186	0.0	0.0
0.001625	0.000009887	334.757014	0.0	0.0
0.001642	0.000010284	334.503258	0.0	0.0
0.001658	0.000010697	334.246913	0.0	0.0
0.001674	0.000011127	333.987962	0.0	0.0
0.001691	0.000011573	333.726340	0.0	0.0
0.001708	0.000012037	333.462060	0.0	0.0
0.001725	0.000012520	333.195072	0.0	0.0
0.001742	0.000013023	332.925342	0.0	0.0
0.001760	0.000013545	332.652852	0.0	0.0
0.001777	0.000014088	332.377567	0.0	0.0
0.001795	0.000014653	332.099454	0.0	0.0
0.001813	0.000015240	331.818493	0.0	0.0
0.001831	0.000015851	331.534649	0.0	0.0
0.001849	0.000016486	331.247889	0.0	0.0
0.001867	0.000017146	330.958178	0.0	0.0
0.001886	0.000017833	330.665497	0.0	0.0
0.001905	0.000018547	330.369794	0.0	0.0
0.001924	0.000019289	330.071067	0.0	0.0
0.001943	0.000020061	329.769250	0.0	0.0
0.001962	0.000020863	329.464322	0.0	0.0
0.001982	0.000021698	329.156249	0.0	0.0
0.002002	0.000022566	328.845011	0.0	0.0
0.002022	0.000023468	328.530541	0.0	0.0
0.002042	0.000024406	328.212852	0.0	0.0
0.002062	0.000025381	327.891859	0.0	0.0
0.002083	0.000026395	327.567559	0.0	0.0
0.002103	0.000027449	327.239901	0.0	0.0
0.002124	0.000028545	326.908864	0.0	0.0
0.002145	0.000029684	326.574381	0.0	0.0
0.002167	0.000030869	326.236446	0.0	0.0
0.002188	0.000032100	325.895009	0.0	0.0
0.002210	0.000033380	325.550033	0.0	0.0
0.002232	0.000034710	325.201481	0.0	0.0
0.002254	0.000036093	324.849301	0.0	0.0
0.002277	0.000037531	324.493473	0.0	0.0
0.002300	0.000039026	324.133943	0.0	0.0
0.002322	0.000040579	323.770675	0.0	0.0
0.002346	0.000042194	323.403632	0.0	0.0
0.002369	0.000043872	323.032760	0.0	0.0
0.002393	0.000045617	322.658024	0.0	0.0
0.002416	0.000047430	322.279400	0.0	0.0
0.002441	0.000049314	321.896805	0.0	0.0
0.002465	0.000051272	321.510233	0.0	0.0
0.002489	0.000053307	321.119629	0.0	0.0
0.002514	0.000055422	320.724942	0.0	0.0
0.002539	0.000057620	320.326131	0.0	0.0
0.002565	0.000059904	319.923145	0.0	0.0
0.002590	0.000062278	319.515961	0.0	0.0
0.002616	0.000064744	319.104508	0.0	0.0
0.002642	0.000067307	318.688749	0.0	0.0
0.002668	0.000069970	318.268630	0.0	0.0
0.002695	0.000072736	317.844112	0.0	0.0
0.002722	0.000075610	317.415141	0.0	0.0
0.002749	0.000078597	316.981662	0.0	0.0
0.002776	0.000081699	316.543654	0.0	0.0
0.002804	0.000084922	316.101028	0.0	0.0
0.002832	0.000088270	315.653764	0.0	0.0
0.002860	0.000091748	315.201806	0.0	0.0
0.002888	0.000095361	314.745099	0.0	0.0
0.002917	0.000099113	314.283589	0.0	0.0
0.002946	0.000103010	313.817222	0.0	0.0
0.002976	0.000107058	313.345941	0.0	0.0
0.003005	0.000111262	312.869725	0.0	0.0
0.003035	0.000115628	312.388472	0.0	0.0
0.003066	0.000120161	311.902173	0.0	0.0
0.003096	0.000124869	311.410744	0.0	0.0
0.003127	0.000129757	310.914144	0.0	0.0
0.003158	0.000134832	310.412321	0.0	0.0
0.003190	0.000140102	309.905203	0.0	0.0
0.003221	0.000145572	309.392752	0.0	0.0
0.003253	0.000151251	308.874898	0.0	0.0
0.003286	0.000157147	308.351604	0.0	0.0
0.003319	0.000163266	307.822783	0.0	0.0
0.003352	0.000169617	307.288414	0.0	0.0
0.003385	0.000176209	306.748412	0.0	0.0
0.003419	0.000183050	306.202725	0.0	0.0
0.003453	0.000190149	305.651314	0.0	0.0
0.003487	0.000197515	305.094097	0.0	0.0
0.003522	0.000205158	304.531021	0.0	0.0
0.003557	0.000213088	303.962051	0.0	0.0
0.003592	0.000221315	303.387088	0.0	0.0
0.003628	0.000229848	302.806113	0.0	0.0
0.003664	0.000238700	302.219045	0.0	0.0
0.003701	0.000247880	301.625834	0.0	0.0
0.003738	0.000257401	301.026431	0.0	0.0
0.003775	0.000267275	300.420758	0.0	0.0
0.003813	0.000277512	299.808766	0.0	0.0
0.003851	0.000288126	299.190394	0.0	0.0
0.003889	0.000299130	298.565596	0.0	0.0
0.003928	0.000310536	297.934295	0.0	0.0
0.003967	0.000322359	297.296466	0.0	0.0
0.004006	0.000334612	296.652032	0.0	0.0
0.004046	0.000347308	296.000938	0.0	0.0
0.004087	0.000360465	295.343128	0.0	0.0
0.004127	0.000374095	294.678563	0.0	0.0
0.004168	0.000388215	294.007192	0.0	0.0
0.004210	0.000402840	293.328930	0.0	0.0
0.004252	0.000417987	292.643760	0.0	0.0
0.004294	0.000433672	291.951619	0.0	0.0
0.004337	0.000449912	291.252460	0.0	0.0
0.004380	0.000466724	290.546241	0.0	0.0
0.004424	0.000484127	289.832903	0.0	0.0
0.004468	0.000502138	289.112407	0.0	0.0
0.004512	0.000520776	288.384733	0.0	0.0
0.004557	0.000540060	287.649813	0.0	0.0
0.004603	0.000560009	286.907616	0.0	0.0
0.004649	0.000580643	286.158114	0.0	0.0
0.004695	0.000601982	285.401264	0.0	0.0
0.004742	0.000624046	284.637028	0.0	0.0
0.004789	0.000646856	283.865386	0.0	0.0
0.004837	0.000670432	283.086323	0.0	0.0
0.004885	0.000694797	282.299810	0.0	0.0
0.004934	0.000719972	281.505807	0.0	0.0
0.004983	0.000745978	280.704324	0.0	0.0
0.005032	0.000772839	279.895331	0.0	0.0
0.005082	0.000800576	279.078814	0.0	0.0
0.005133	0.000829212	278.254782	0.0	0.0
0.005184	0.000858770	277.423217	0.0	0.0
0.005236	0.000889273	276.584137	0.0	0.0
0.005288	0.000920745	275.737533	0.0	0.0
0.005341	0.000953208	274.883434	0.0	0.0
0.005394	0.000986686	274.021842	0.0	0.0
0.005448	0.001021200	273.152782	0.0	0.0
0.005502	0.001056780	272.276266	0.0	0.0
0.005557	0.001093450	271.392330	0.0	0.0
0.005612	0.001131220	270.501034	0.0	0.0
0.005668	0.001170130	269.602393	0.0	0.0
0.005725	0.001210190	268.696463	0.0	0.0
0.005782	0.001251430	267.783291	0.0	0.0
0.005839	0.001293870	266.862944	0.0	0.0
0.005897	0.001337540	265.935501	0.0	0.0
0.005956	0.001382460	265.000996	0.0	0.0
0.006015	0.001428640	264.059552	0.0	0.0
0.006075	0.001476120	263.111221	0.0	0.0
0.006136	0.001524910	262.156109	0.0	0.0
0.006197	0.001575030	261.194315	0.0	0.0
0.006259	0.001626510	260.225945	0.0	0.0
0.006321	0.001679350	259.251114	0.0	0.0
0.006384	0.001733600	258.269944	0.0	0.0
0.006448	0.001789250	257.282550	0.0	0.0
0.006512	0.001846330	256.289087	0.0	0.0
0.006577	0.001904860	255.289686	0.0	0.0
0.006642	0.001964850	254.284487	0.0	0.0
0.006708	0.002026320	253.273670	0.0	0.0
0.006775	0.002089280	252.257375	0.0	0.0
0.006843	0.002153750	251.235796	0.0	0.0
0.006911	0.002219730	250.209091	0.0	0.0
0.006980	0.002287250	249.177456	0.0	0.0
0.007049	0.002356310	248.141077	0.0	0.0
0.007120	0.002426920	247.100151	0.0	0.0
0.007191	0.002499090	246.054881	0.0	0.0
0.007262	0.002572830	245.005490	0.0	0.0
0.007335	0.002648140	243.952182	0.0	0.0
0.007408	0.002725040	242.895179	0.0	0.0
0.007481	0.002803510	241.834726	0.0	0.0
0.007556	0.002883580	240.771030	0.0	0.0
0.007631	0.002965240	239.704333	0.0	0.0
0.007707	0.003048490	238.634895	0.0	0.0
0.007784	0.003133330	237.562941	0.0	0.0
0.007862	0.003219760	236.488727	0.0	0.0
0.007940	0.003307780	235.412499	0.0	0.0
0.008019	0.003397390	234.334522	0.0	0.0
0.008099	0.003488580	233.255051	0.0	0.0
0.008180	0.003581350	232.174342	0.0	0.0
0.008261	0.003675680	231.092668	0.0	0.0
0.008343	0.003771590	230.010265	0.0	0.0
0.008426	0.003869050	228.927423	0.0	0.0
0.008510	0.003968060	227.844379	0.0	0.0
0.008595	0.004068610	226.761414	0.0	0.0
0.008681	0.004170690	225.678778	0.0	0.0
0.008767	0.004274300	224.596739	0.0	0.0
0.008855	0.004379410	223.515560	0.0	0.0
0.008943	0.004486030	222.435481	0.0	0.0
0.009032	0.004594130	221.356764	0.0	0.0
0.009122	0.004703700	220.279669	0.0	0.0
0.009213	0.004814740	219.204430	0.0	0.0
0.009305	0.004927230	218.131303	0.0	0.0
0.009397	0.005041160	217.060527	0.0	0.0
0.009491	0.005156510	215.992329	0.0	0.0
0.009586	0.005273280	214.926941	0.0	0.0
0.009681	0.005391450	213.864593	0.0	0.0
0.009777	0.005511000	212.805510	0.0	0.0
0.009875	0.005631920	211.749901	0.0	0.0
0.009973	0.005754210	210.697972	0.0	0.0
0.010073	0.005877850	209.649890	0.0	0.0
0.010173	0.006002820	208.605946	0.0	0.0
0.010274	0.006129120	207.566276	0.0	0.0
0.010377	0.006256730	206.531063	0.0	0.0
0.010480	0.006385650	205.500486	0.0	0.0
0.010584	0.006515860	204.474718	0.0	0.0
0.010690	0.006647350	203.453926	0.0	0.0
0.010796	0.006780110	202.438269	0.0	0.0
0.010904	0.006914140	201.427902	0.0	0.0
0.011013	0.007049430	200.422974	0.0	0.0
0.011122	0.007185960	199.423536	0.0	0.0
0.011233	0.007323730	198.429817	0.0	0.0
0.011345	0.007462740	197.441945	0.0	0.0
0.011458	0.007602970	196.459958	0.0	0.0
0.011572	0.007744430	195.484060	0.0	0.0
0.011688	0.007887110	194.514279	0.0	0.0
0.011804	0.008031000	193.550723	0.0	0.0
0.011922	0.008176100	192.593493	0.0	0.0
0.012040	0.008322410	191.642685	0.0	0.0
0.012160	0.008469930	190.698310	0.0	0.0
0.012281	0.008618650	189.760532	0.0	0.0
0.012404	0.008768580	188.829428	0.0	0.0
0.012527	0.008919710	187.904922	0.0	0.0
0.012652	0.009072050	186.987233	0.0	0.0
0.012778	0.009225590	186.076278	0.0	0.0
0.012906	0.009380350	185.172119	0.0	0.0
0.013034	0.009536320	184.274883	0.0	0.0
0.013164	0.009693500	183.384481	0.0	0.0
0.013295	0.009851900	182.501029	0.0	0.0
0.013428	0.010011500	181.624570	0.0	0.0
0.013561	0.010172400	180.755011	0.0	0.0
0.013696	0.010334500	179.892453	0.0	0.0
0.013833	0.010497800	179.036927	0.0	0.0
0.013971	0.010662400	178.188399	0.0	0.0
0.014110	0.010828200	177.346833	0.0	0.0
0.014250	0.010995300	176.512312	0.0	0.0
0.014392	0.011163700	175.684737	0.0	0.0
0.014536	0.011333400	174.864241	0.0	0.0
0.014681	0.011504300	174.050664	0.0	0.0
0.014827	0.011676600	173.244077	0.0	0.0
0.014975	0.011850100	172.444432	0.0	0.0
0.015124	0.012025000	171.651790	0.0	0.0
0.015275	0.012201200	170.865996	0.0	0.0
0.015427	0.012378800	170.087157	0.0	0.0
0.015580	0.012557700	169.315171	0.0	0.0
0.015736	0.012738000	168.549989	0.0	0.0
0.015892	0.012919700	167.791656	0.0	0.0
0.016051	0.013102700	167.040120	0.0	0.0
0.016211	0.013287200	166.295328	0.0	0.0
0.016372	0.013473100	165.557273	0.0	0.0
0.016535	0.013660400	164.825900	0.0	0.0
0.016700	0.013849200	164.101200	0.0	0.0
0.016866	0.014039500	163.383076	0.0	0.0
0.017034	0.014231200	162.671558	0.0	0.0
0.017204	0.014424500	161.966551	0.0	0.0
0.017375	0.014619200	161.268041	0.0	0.0
0.017549	0.014815500	160.575974	0.0	0.0
0.017723	0.015013300	159.890337	0.0	0.0
0.017900	0.015212700	159.211073	0.0	0.0
0.018078	0.015413700	158.538128	0.0	0.0
0.018258	0.015616300	157.871450	0.0	0.0
0.018440	0.015820500	157.210986	0.0	0.0
0.018624	0.016026300	156.556754	0.0	0.0
0.018810	0.016233700	155.908630	0.0	0.0
0.018997	0.016442900	155.266632	0.0	0.0
0.019186	0.016653700	154.630672	0.0	0.0
0.019377	0.016866300	154.000700	0.0	0.0
0.019570	0.017080500	153.376698	0.0	0.0
0.019765	0.017296500	152.758614	0.0	0.0
0.019962	0.017514300	152.146367	0.0	0.0
0.020161	0.017733900	151.539938	0.0	0.0
0.020362	0.017955200	150.939279	0.0	0.0
0.020565	0.018178400	150.344341	0.0	0.0
0.020770	0.018403500	149.755075	0.0	0.0
0.020977	0.018630400	149.171406	0.0	0.0
0.021186	0.018859200	148.593344	0.0	0.0
0.021397	0.019089900	148.020787	0.0	0.0
0.021610	0.019322500	147.453717	0.0	0.0
0.021825	0.019557100	146.892088	0.0	0.0
0.022043	0.019793600	146.335830	0.0	0.0
0.022262	0.020032200	145.784900	0.0	0.0
0.022484	0.020272800	145.239280	0.0	0.0
0.022708	0.020515400	144.698903	0.0	0.0
0.022934	0.020760100	144.163702	0.0	0.0
0.023163	0.021006800	143.633684	0.0	0.0
0.023394	0.021255700	143.108739	0.0	0.0
0.023627	0.021506700	142.588873	0.0	0.0
0.023862	0.021759900	142.074002	0.0	0.0
0.024100	0.022015200	141.564108	0.0	0.0
0.024340	0.022272700	141.059154	0.0	0.0
0.024582	0.022532500	140.559040	0.0	0.0
0.024827	0.022794500	140.063791	0.0	0.0
0.025075	0.023058900	139.573309	0.0	0.0
0.025324	0.023325500	139.087579	0.0	0.0
0.025577	0.023594400	138.606547	0.0	0.0
0.025832	0.023865700	138.130179	0.0	0.0
0.026089	0.024139400	137.658421	0.0	0.0
0.026349	0.024415500	137.191223	0.0	0.0
0.026611	0.024694000	136.728570	0.0	0.0
0.026876	0.024975000	136.270394	0.0	0.0
0.027144	0.025258400	135.816647	0.0	0.0
0.027415	0.025544400	135.367316	0.0	0.0
0.027688	0.025832900	134.922353	0.0	0.0
0.027964	0.026124000	134.481711	0.0	0.0
0.028242	0.026417700	134.045331	0.0	0.0
0.028524	0.026714000	133.613213	0.0	0.0
0.028808	0.027013000	133.185270	0.0	0.0
0.029095	0.027314700	132.761503	0.0	0.0
0.029385	0.027619000	132.341855	0.0	0.0
0.029677	0.027926100	131.926286	0.0	0.0
0.029973	0.028236000	131.514754	0.0	0.0
0.030272	0.028548700	131.107235	0.0	0.0
0.030573	0.028864200	130.703675	0.0	0.0
0.030878	0.029182500	130.304051	0.0	0.0
0.031185	0.029503800	129.908323	0.0	0.0
0.031496	0.029828000	129.516444	0.0	0.0
0.031810	0.030155100	129.128376	0.0	0.0
0.032127	0.030485200	128.744097	0.0	0.0
0.032447	0.030818400	128.363560	0.0	0.0
0.032770	0.031154600	127.986732	0.0	0.0
0.033097	0.031493800	127.613578	0.0	0.0
0.033426	0.031836200	127.244066	0.0	0.0
0.033759	0.032181800	126.878153	0.0	0.0
0.034096	0.032530500	126.515818	0.0	0.0
0.034435	0.032882400	126.157009	0.0	0.0
0.034778	0.033237600	125.801706	0.0	0.0
0.035125	0.033596100	125.449879	0.0	0.0
0.035475	0.033957800	125.101479	0.0	0.0
0.035828	0.034323000	124.756477	0.0	0.0
0.036185	0.034691500	124.414855	0.0	0.0
0.036546	0.035063500	124.076557	0.0	0.0
0.036910	0.035438900	123.741575	0.0	0.0
0.037278	0.035817800	123.409863	0.0	0.0
0.037649	0.036200300	123.081388	0.0	0.0
0.038024	0.036586300	122.756131	0.0	0.0
0.038403	0.036975900	122.434043	0.0	0.0
0.038785	0.037369200	122.115115	0.0	0.0
0.039172	0.037766200	121.799300	0.0	0.0
0.039562	0.038166900	121.486572	0.0	0.0
0.039956	0.038571400	121.176910	0.0	0.0
0.040354	0.038979600	120.870274	0.0	0.0
0.040756	0.039391700	120.566635	0.0	0.0
0.041162	0.039807700	120.265964	0.0	0.0
0.041572	0.040227700	119.968246	0.0	0.0
0.041987	0.040651500	119.673432	0.0	0.0
0.042405	0.041079400	119.381509	0.0	0.0
0.042827	0.041511300	119.092441	0.0	0.0
0.043254	0.041947400	118.806210	0.0	0.0
0.043685	0.042387500	118.522775	0.0	0.0
0.044120	0.042831900	118.242119	0.0	0.0
0.044560	0.043280400	117.964208	0.0	0.0
0.045004	0.043733200	117.689020	0.0	0.0
0.045452	0.044190400	117.416530	0.0	0.0
0.045905	0.044651800	117.146713	0.0	0.0
0.046362	0.045117700	116.879535	0.0	0.0
0.046824	0.045588000	116.614980	0.0	0.0
0.047291	0.046062800	116.353012	0.0	0.0
0.047762	0.046542200	116.093617	0.0	0.0
0.048238	0.047026100	115.836761	0.0	0.0
0.048718	0.047514700	115.582429	0.0	0.0
0.049204	0.048007900	115.330585	0.0	0.0
0.049694	0.048505900	115.081213	0.0	0.0
0.050189	0.049008600	114.834289	0.0	0.0
0.050689	0.049516100	114.589782	0.0	0.0
0.051194	0.050028600	114.347675	0.0	0.0
0.051704	0.050545900	114.107944	0.0	0.0
0.052219	0.051068200	113.870565	0.0	0.0
0.052739	0.051595600	113.635516	0.0	0.0
0.053265	0.052128000	113.402770	0.0	0.0
0.053795	0.052665600	113.172311	0.0	0.0
0.054331	0.053208300	112.944112	0.0	0.0
0.054873	0.053756300	112.718156	0.0	0.0
0.055419	0.054309600	112.494416	0.0	0.0
0.055971	0.054868200	112.272870	0.0	0.0
0.056529	0.055432200	112.053504	0.0	0.0
0.057092	0.056001600	111.836290	0.0	0.0
0.057661	0.056576600	111.621205	0.0	0.0
0.058235	0.057157200	111.408235	0.0	0.0
0.058816	0.057743300	111.197358	0.0	0.0
0.059402	0.058335100	110.988551	0.0	0.0
0.059993	0.058932700	110.781795	0.0	0.0
0.060591	0.059536100	110.577069	0.0	0.0
0.061195	0.060145300	110.374355	0.0	0.0
0.061804	0.060760400	110.173633	0.0	0.0
0.062420	0.061381600	109.974882	0.0	0.0
0.063042	0.062008700	109.778082	0.0	0.0
0.063670	0.062642000	109.583218	0.0	0.0
0.064304	0.063281400	109.390270	0.0	0.0
0.064945	0.063927000	109.199216	0.0	0.0
0.065592	0.064578900	109.010040	0.0	0.0
0.066246	0.065237200	108.822725	0.0	0.0
0.066906	0.065901900	108.637249	0.0	0.0
0.067572	0.066573100	108.453597	0.0	0.0
0.068245	0.067250800	108.271751	0.0	0.0
0.068925	0.067935100	108.091694	0.0	0.0
0.069612	0.068626100	107.913403	0.0	0.0
0.070305	0.069323900	107.736869	0.0	0.0
0.071006	0.070028400	107.562069	0.0	0.0
0.071713	0.070739900	107.388988	0.0	0.0
0.072428	0.071458300	107.217609	0.0	0.0
0.073149	0.072183700	107.047917	0.0	0.0
0.073878	0.072916300	106.879891	0.0	0.0
0.074614	0.073656000	106.713520	0.0	0.0
0.075357	0.074402900	106.548783	0.0	0.0
0.076108	0.075157200	106.385666	0.0	0.0
0.076866	0.075918800	106.224156	0.0	0.0
0.077632	0.076687900	106.064233	0.0	0.0
0.078406	0.077464600	105.905885	0.0	0.0
0.079187	0.078248900	105.749092	0.0	0.0
0.079976	0.079040800	105.593844	0.0	0.0
0.080773	0.079840600	105.440124	0.0	0.0
0.081577	0.080648200	105.287913	0.0	0.0
0.082390	0.081463700	105.137202	0.0	0.0
0.083211	0.082287200	104.987975	0.0	0.0
0.084040	0.083118800	104.840214	0.0	0.0
0.084877	0.083958600	104.693908	0.0	0.0
0.085723	0.084806600	104.549041	0.0	0.0
0.086577	0.085663000	104.405602	0.0	0.0
0.087439	0.086527800	104.263572	0.0	0.0
0.088310	0.087401100	104.122941	0.0	0.0
0.089190	0.088283000	103.983694	0.0	0.0
0.090079	0.089173600	103.845817	0.0	0.0
0.090976	0.090072900	103.709298	0.0	0.0
0.091883	0.090981100	103.574122	0.0	0.0
0.092798	0.091898300	103.440277	0.0	0.0
0.093722	0.092824400	103.307749	0.0	0.0
0.094656	0.093759700	103.176526	0.0	0.0
0.095599	0.094704300	103.046595	0.0	0.0
0.096552	0.095658100	102.917942	0.0	0.0
0.097514	0.096621300	102.790557	0.0	0.0
0.098485	0.097594000	102.664425	0.0	0.0
0.099466	0.098576400	102.539534	0.0	0.0
0.100457	0.099568400	102.415871	0.0	0.0
0.101458	0.100570000	102.293431	0.0	0.0
0.102469	0.101582000	102.172193	0.0	0.0
0.103490	0.102604000	102.052145	0.0	0.0
0.104521	0.103635000	101.933288	0.0	0.0
0.105562	0.104677000	101.815598	0.0	0.0
0.106614	0.105730000	101.699063	0.0	0.0
0.107676	0.106792000	101.583684	0.0	0.0
0.108749	0.107865000	101.469429	0.0	0.0
0.109832	0.108949000	101.356308	0.0	0.0
0.110926	0.110043000	101.244301	0.0	0.0
0.112031	0.111149000	101.133386	0.0	0.0
0.113148	0.112265000	101.023574	0.0	0.0
0.114275	0.113392000	100.914837	0.0	0.0
0.115413	0.114531000	100.807182	0.0	0.0
0.116563	0.115680000	100.700572	0.0	0.0
0.117724	0.116841000	100.595027	0.0	0.0
0.118897	0.118014000	100.490509	0.0	0.0
0.120082	0.119198000	100.387028	0.0	0.0
0.121278	0.120394000	100.284558	0.0	0.0
0.122486	0.121601000	100.183107	0.0	0.0
0.123707	0.122821000	100.082649	0.0	0.0
0.124939	0.124053000	99.983178	0.0	0.0
0.126184	0.125296000	99.884692	0.0	0.0
0.127441	0.126553000	99.787176	0.0	0.0
0.128711	0.127821000	99.690615	0.0	0.0
0.129993	0.129103000	99.595008	0.0	0.0
0.131288	0.130396000	99.500341	0.0	0.0
0.132596	0.131703000	99.406607	0.0	0.0
0.133917	0.133023000	99.313798	0.0	0.0
0.135251	0.134356000	99.221900	0.0	0.0
0.136599	0.135702000	99.130913	0.0	0.0
0.137960	0.137061000	99.040818	0.0	0.0
0.139334	0.138434000	98.951606	0.0	0.0
0.140722	0.139820000	98.863280	0.0	0.0
0.142124	0.141220000	98.775818	0.0	0.0
0.143540	0.142634000	98.689222	0.0	0.0
0.144970	0.144062000	98.603473	0.0	0.0
0.146414	0.145504000	98.518572	0.0	0.0
0.147873	0.146961000	98.434511	0.0	0.0
0.149346	0.148432000	98.351269	0.0	0.0
0.150834	0.149917000	98.268856	0.0	0.0
0.152337	0.151418000	98.187245	0.0	0.0
0.153855	0.152933000	98.106441	0.0	0.0
0.155387	0.154463000	98.026434	0.0	0.0
0.156935	0.156009000	97.947219	0.0	0.0
0.158499	0.157569000	97.868779	0.0	0.0
0.160078	0.159146000	97.791111	0.0	0.0
0.161673	0.160738000	97.714208	0.0	0.0
0.163284	0.162345000	97.638062	0.0	0.0
0.164910	0.163969000	97.562664	0.0	0.0
0.166553	0.165609000	97.488012	0.0	0.0
0.168213	0.167265000	97.414094	0.0	0.0
0.169888	0.168937000	97.340900	0.0	0.0
0.171581	0.170626000	97.268431	0.0	0.0
0.173290	0.172332000	97.196674	0.0	0.0
0.175017	0.174055000	97.125620	0.0	0.0
0.176760	0.175795000	97.055269	0.0	0.0
0.178521	0.177553000	96.985610	0.0	0.0
0.180300	0.179327000	96.916634	0.0	0.0
0.182096	0.181120000	96.848337	0.0	0.0
0.183910	0.182930000	96.780716	0.0	0.0
0.185743	0.184758000	96.713755	0.0	0.0
0.187593	0.186604000	96.647456	0.0	0.0
0.189462	0.188469000	96.581810	0.0	0.0
0.191350	0.190352000	96.516806	0.0	0.0
0.193256	0.192254000	96.452446	0.0	0.0
0.195181	0.194175000	96.388715	0.0	0.0
0.197126	0.196115000	96.325614	0.0	0.0
0.199090	0.198075000	96.263133	0.0	0.0
0.201073	0.200053000	96.201264	0.0	0.0
0.203077	0.202052000	96.140006	0.0	0.0
0.205100	0.204070000	96.079349	0.0	0.0
0.207143	0.206108000	96.019287	0.0	0.0
0.209207	0.208167000	95.959817	0.0	0.0
0.211291	0.210246000	95.900933	0.0	0.0
0.213396	0.212346000	95.842625	0.0	0.0
0.215522	0.214467000	95.784891	0.0	0.0
0.217669	0.216609000	95.727724	0.0	0.0
0.219838	0.218772000	95.671121	0.0	0.0
0.222028	0.220956000	95.615072	0.0	0.0
0.224240	0.223163000	95.559573	0.0	0.0
0.226474	0.225391000	95.504621	0.0	0.0
0.228730	0.227642000	95.450207	0.0	0.0
0.231009	0.229915000	95.396327	0.0	0.0
0.233311	0.232210000	95.342976	0.0	0.0
0.235635	0.234529000	95.290149	0.0	0.0
0.237983	0.236870000	95.237842	0.0	0.0
0.240354	0.239235000	95.186046	0.0	0.0
0.242748	0.241623000	95.134759	0.0	0.0
0.245167	0.244035000	95.083975	0.0	0.0
0.247609	0.246471000	95.033690	0.0	0.0
0.250076	0.248932000	94.983896	0.0	0.0
0.252567	0.251417000	94.934592	0.0	0.0
0.255084	0.253926000	94.885772	0.0	0.0
0.257625	0.256461000	94.837428	0.0	0.0
0.260192	0.259021000	94.789559	0.0	0.0
0.262784	0.261606000	94.742159	0.0	0.0
0.265402	0.264217000	94.695221	0.0	0.0
0.268046	0.266855000	94.648745	0.0	0.0
0.270716	0.269518000	94.602724	0.0	0.0
0.273413	0.272208000	94.557152	0.0	0.0
0.276137	0.274925000	94.512027	0.0	0.0
0.278888	0.277669000	94.467342	0.0	0.0
0.281667	0.280440000	94.423094	0.0	0.0
0.284473	0.283239000	94.379279	0.0	0.0
0.287307	0.286065000	94.335892	0.0	0.0
0.290170	0.288920000	94.292930	0.0	0.0
0.293060	0.291803000	94.250386	0.0	0.0
0.295980	0.294716000	94.208257	0.0	0.0
0.298929	0.297657000	94.166540	0.0	0.0
0.301907	0.300627000	94.125229	0.0	0.0
0.304915	0.303627000	94.084321	0.0	0.0
0.307953	0.306657000	94.043812	0.0	0.0
0.311021	0.309717000	94.003697	0.0	0.0
0.314119	0.312808000	93.963973	0.0	0.0
0.317249	0.315929000	93.924636	0.0	0.0
0.320409	0.319082000	93.885682	0.0	0.0
0.323602	0.322266000	93.847105	0.0	0.0
0.326825	0.325482000	93.808904	0.0	0.0
0.330082	0.328730000	93.771073	0.0	0.0
0.333370	0.332010000	93.733610	0.0	0.0
0.336691	0.335323000	93.696510	0.0	0.0
0.340046	0.338669000	93.659771	0.0	0.0
0.343433	0.342048000	93.623387	0.0	0.0
0.346855	0.345462000	93.587355	0.0	0.0
0.350311	0.348909000	93.551672	0.0	0.0
0.353801	0.352390000	93.516333	0.0	0.0
0.357325	0.355907000	93.481337	0.0	0.0
0.360885	0.359458000	93.446678	0.0	0.0
0.364481	0.363045000	93.412354	0.0	0.0
0.368112	0.366668000	93.378360	0.0	0.0
0.371779	0.370327000	93.344694	0.0	0.0
0.375483	0.374022000	93.311352	0.0	0.0
0.379224	0.377755000	93.278331	0.0	0.0
0.383002	0.381525000	93.245626	0.0	0.0
0.386818	0.385332000	93.213235	0.0	0.0
0.390672	0.389177000	93.181155	0.0	0.0
0.394564	0.393061000	93.149381	0.0	0.0
0.398495	0.396983000	93.117912	0.0	0.0
0.402465	0.400945000	93.086744	0.0	0.0
0.406474	0.404946000	93.055873	0.0	0.0
0.410524	0.408988000	93.025296	0.0	0.0
0.414614	0.413069000	92.995010	0.0	0.0
0.418745	0.417192000	92.965012	0.0	0.0
0.422916	0.421355000	92.935299	0.0	0.0
0.427130	0.425561000	92.905867	0.0	0.0
0.431385	0.429808000	92.876714	0.0	0.0
0.435683	0.434098000	92.847837	0.0	0.0
0.440024	0.438431000	92.819231	0.0	0.0
0.444407	0.442807000	92.790896	0.0	0.0
0.448835	0.447227000	92.762826	0.0	0.0
0.453307	0.451691000	92.735020	0.0	0.0
0.457823	0.456200000	92.707475	0.0	0.0
0.462384	0.460753000	92.680187	0.0	0.0
0.466990	0.465353000	92.653155	0.0	0.0
0.471643	0.469998000	92.626373	0.0	0.0
0.476342	0.474690000	92.599841	0.0	0.0
0.481087	0.479429000	92.573554	0.0	0.0
0.485880	0.484216000	92.547511	0.0	0.0
0.490721	0.489050000	92.521708	0.0	0.0
0.495610	0.493933000	92.496143	0.0	0.0
0.500547	0.498865000	92.470812	0.0	0.0
0.505534	0.503846000	92.445713	0.0	0.0
0.510571	0.508877000	92.420844	0.0	0.0
0.515657	0.513959000	92.396200	0.0	0.0
0.520795	0.519091000	92.371781	0.0	0.0
0.525983	0.524275000	92.347582	0.0	0.0
0.531224	0.529511000	92.323602	0.0	0.0
0.536516	0.534799000	92.299837	0.0	0.0
0.541861	0.540141000	92.276285	0.0	0.0
0.547260	0.545536000	92.252943	0.0	0.0
0.552712	0.550985000	92.229809	0.0	0.0
0.558218	0.556489000	92.206879	0.0	0.0
0.563780	0.562048000	92.184152	0.0	0.0
0.569396	0.567663000	92.161624	0.0	0.0
0.575069	0.573335000	92.139294	0.0	0.0
0.580798	0.579063000	92.117157	0.0	0.0
0.586585	0.584849000	92.095213	0.0	0.0
0.592429	0.590693000	92.073457	0.0	0.0
0.598331	0.596596000	92.051888	0.0	0.0
0.604292	0.602559000	92.030504	0.0	0.0
0.610312	0.608581000	92.009300	0.0	0.0
0.616392	0.614664000	91.988276	0.0	0.0
0.622533	0.620808000	91.967427	0.0	0.0
0.628736	0.627014000	91.946753	0.0	0.0
0.634999	0.633282000	91.926249	0.0	0.0
0.641326	0.639613000	91.905915	0.0	0.0
0.647715	0.646009000	91.885746	0.0	0.0
0.654168	0.652468000	91.865741	0.0	0.0
0.660685	0.658993000	91.845897	0.0	0.0
0.667268	0.665584000	91.826211	0.0	0.0
0.673915	0.672241000	91.806682	0.0	0.0
0.680629	0.678966000	91.787306	0.0	0.0
0.687410	0.685758000	91.768080	0.0	0.0
0.694259	0.692618000	91.749003	0.0	0.0
0.701175	0.699548000	91.730072	0.0	0.0
0.708161	0.706548000	91.711285	0.0	0.0
0.715216	0.713619000	91.692638	0.0	0.0
0.722342	0.720761000	91.674129	0.0	0.0
0.729538	0.727976000	91.655756	0.0	0.0
0.736806	0.735263000	91.637517	0.0	0.0
0.744147	0.742624000	91.619408	0.0	0.0
0.751561	0.750060000	91.601427	0.0	0.0
0.759048	0.757571000	91.583571	0.0	0.0
0.766610	0.765158000	91.565839	0.0	0.0
0.774248	0.772821000	91.548227	0.0	0.0
0.781961	0.780563000	91.530734	0.0	0.0
0.789752	0.788383000	91.513355	0.0	0.0
0.797620	0.796282000	91.496089	0.0	0.0
0.805566	0.804262000	91.478934	0.0	0.0
0.813592	0.812322000	91.461886	0.0	0.0
0.821698	0.820465000	91.444944	0.0	0.0
0.829884	0.828690000	91.428103	0.0	0.0
0.838152	0.836999000	91.411363	0.0	0.0
0.846502	0.845392000	91.394720	0.0	0.0
0.854936	0.853870000	91.378171	0.0	0.0
0.863453	0.862435000	91.361715	0.0	0.0
0.872055	0.871087000	91.345348	0.0	0.0
0.880743	0.879827000	91.329067	0.0	0.0
0.889518	0.888657000	91.312871	0.0	0.0
0.898380	0.897576000	91.296756	0.0	0.0
0.907330	0.906586000	91.280720	0.0	0.0
0.916370	0.915688000	91.264760	0.0	0.0
0.925499	0.924883000	91.248873	0.0	0.0
0.934720	0.934171000	91.233056	0.0	0.0
0.944032	0.943555000	91.217308	0.0	0.0
0.953437	0.953035000	91.201625	0.0	0.0
0.962936	0.962611000	91.186004	0.0	0.0
0.972529	0.972285000	91.170442	0.0	0.0
0.982218	0.982058000	91.154938	0.0	0.0
0.992004	0.991931000	91.139487	0.0	0.0
1.001887	1.001910000	91.124088	0.0	0.0
1.011868	1.011980000	91.108738	0.0	0.0
1.021949	1.022160000	91.093432	0.0	0.0
1.032131	1.032450000	91.078169	0.0	0.0
1.042414	1.042830000	91.062946	0.0	0.0
1.052799	1.053330000	91.047760	0.0	0.0
1.063288	1.063930000	91.032608	0.0	0.0
1.073881	1.074650000	91.017487	0.0	0.0
1.084580	1.085470000	91.002394	0.0	0.0
1.095385	1.096400000	90.987328	0.0	0.0
1.106298	1.107450000	90.972283	0.0	0.0
1.117320	1.118610000	90.957257	0.0	0.0
1.128451	1.129880000	90.942248	0.0	0.0
1.139694	1.141270000	90.927251	0.0	0.0
1.151048	1.152770000	90.912266	0.0	0.0
1.162516	1.164400000	90.897287	0.0	0.0
1.174097	1.176140000	90.882314	0.0	0.0
1.185794	1.188010000	90.867341	0.0	0.0
1.197608	1.199990000	90.852366	0.0	0.0
1.209540	1.212100000	90.837385	0.0	0.0
1.221590	1.224340000	90.822398	0.0	0.0
1.233760	1.236700000	90.807399	0.0	0.0
1.246052	1.249180000	90.792385	0.0	0.0
1.258466	1.261800000	90.777354	0.0	0.0
1.271004	1.274550000	90.762301	0.0	0.0
1.283666	1.287420000	90.747226	0.0	0.0
1.296455	1.300430000	90.732123	0.0	0.0
1.309371	1.313570000	90.716991	0.0	0.0
1.322416	1.326850000	90.701824	0.0	0.0
1.335591	1.340260000	90.686621	0.0	0.0
1.348897	1.353810000	90.671378	0.0	0.0
1.362336	1.367500000	90.656091	0.0	0.0
1.375908	1.381330000	90.640759	0.0	0.0
1.389616	1.395300000	90.625376	0.0	0.0
1.403460	1.409420000	90.609941	0.0	0.0
1.417443	1.423680000	90.594449	0.0	0.0
1.431564	1.438080000	90.578898	0.0	0.0
1.445826	1.452630000	90.563285	0.0	0.0
1.460231	1.467340000	90.547604	0.0	0.0
1.474779	1.482190000	90.531855	0.0	0.0
1.489471	1.497190000	90.516033	0.0	0.0
1.504310	1.512350000	90.500135	0.0	0.0
1.519297	1.527660000	90.484158	0.0	0.0
1.534434	1.543120000	90.468097	0.0	0.0
1.549721	1.558750000	90.451951	0.0	0.0
1.565160	1.574530000	90.435716	0.0	0.0
1.580753	1.590470000	90.419388	0.0	0.0
1.596502	1.606580000	90.402964	0.0	0.0
1.612408	1.622850000	90.386440	0.0	0.0
1.628471	1.639280000	90.369815	0.0	0.0
1.644695	1.655880000	90.353083	0.0	0.0
1.661081	1.672650000	90.336242	0.0	0.0
1.677630	1.689590000	90.319288	0.0	0.0
1.694344	1.706690000	90.302219	0.0	0.0
1.711224	1.723980000	90.285031	0.0	0.0
1.728272	1.741430000	90.267720	0.0	0.0
1.745491	1.759060000	90.250283	0.0	0.0
1.762880	1.776870000	90.232719	0.0	0.0
1.780443	1.794860000	90.215022	0.0	0.0
1.798181	1.813030000	90.197189	0.0	0.0
1.816096	1.831380000	90.179218	0.0	0.0
1.834189	1.849920000	90.161105	0.0	0.0
1.852463	1.868640000	90.142847	0.0	0.0
1.870918	1.887550000	90.124441	0.0	0.0
1.889558	1.906650000	90.105883	0.0	0.0
1.908383	1.925940000	90.087172	0.0	0.0
1.927396	1.945430000	90.068302	0.0	0.0
1.946598	1.965110000	90.049272	0.0	0.0
1.965991	1.984990000	90.030079	0.0	0.0
1.985578	2.005070000	90.010717	0.0	0.0
2.005359	2.025350000	89.991188	0.0	0.0
2.025338	2.045840000	89.971484	0.0	0.0
2.045516	2.066530000	89.951604	0.0	0.0
2.065895	2.087430000	89.931546	0.0	0.0
2.086477	2.108540000	89.911305	0.0	0.0
2.107264	2.129860000	89.890880	0.0	0.0
2.128258	2.151410000	89.870268	0.0	0.0
2.149461	2.173160000	89.849464	0.0	0.0
2.170875	2.195140000	89.828468	0.0	0.0
2.192503	2.217350000	89.807275	0.0	0.0
2.214346	2.239780000	89.785883	0.0	0.0
2.236407	2.262440000	89.764289	0.0	0.0
2.258688	2.285330000	89.742490	0.0	0.0
2.281191	2.308460000	89.720483	0.0	0.0
2.303917	2.331820000	89.698268	0.0	0.0
2.326871	2.355430000	89.675838	0.0	0.0
2.350052	2.379280000	89.653195	0.0	0.0
2.373465	2.403380000	89.630333	0.0	0.0
2.397111	2.427730000	89.607250	0.0	0.0
2.420993	2.452330000	89.583944	0.0	0.0
2.445113	2.477190000	89.560412	0.0	0.0
2.469473	2.502320000	89.536652	0.0	0.0
2.494075	2.527700000	89.512661	0.0	0.0
2.518923	2.553360000	89.488437	0.0	0.0
2.544018	2.579280000	89.463978	0.0	0.0
2.569364	2.605490000	89.439280	0.0	0.0
2.594961	2.631970000	89.414342	0.0	0.0
2.620814	2.658730000	89.389161	0.0	0.0
2.646925	2.685770000	89.363735	0.0	0.0
2.673295	2.713110000	89.338062	0.0	0.0
2.699928	2.740730000	89.312138	0.0	0.0
2.726827	2.768650000	89.285962	0.0	0.0
2.753994	2.796870000	89.259532	0.0	0.0
2.781431	2.825390000	89.232846	0.0	0.0
2.809141	2.854210000	89.205901	0.0	0.0
2.837128	2.883340000	89.178694	0.0	0.0
2.865393	2.912780000	89.151225	0.0	0.0
2.893941	2.942530000	89.123488	0.0	0.0
2.922772	2.972600000	89.095486	0.0	0.0
2.951891	3.002970000	89.067213	0.0	0.0
2.981300	3.033670000	89.038668	0.0	0.0
3.011001	3.064690000	89.009850	0.0	0.0
3.040999	3.096030000	88.980754	0.0	0.0
3.071296	3.127690000	88.951380	0.0	0.0
3.101894	3.159680000	88.921726	0.0	0.0
3.132797	3.191990000	88.891789	0.0	0.0
3.164008	3.224630000	88.861567	0.0	0.0
3.195530	3.257590000	88.831058	0.0	0.0
3.227367	3.290890000	88.800259	0.0	0.0
3.259520	3.324510000	88.769170	0.0	0.0
3.291993	3.358460000	88.737788	0.0	0.0
3.324791	3.392750000	88.706109	0.0	0.0
3.357915	3.427360000	88.674133	0.0	0.0
3.391368	3.462310000	88.641857	0.0	0.0
3.425156	3.497600000	88.609279	0.0	0.0
3.459279	3.533220000	88.576397	0.0	0.0
3.493743	3.569180000	88.543208	0.0	0.0
3.528550	3.605480000	88.509710	0.0	0.0
3.563704	3.642130000	88.475901	0.0	0.0
3.599208	3.679130000	88.441779	0.0	0.0
3.635066	3.716470000	88.407340	0.0	0.0
3.671281	3.754180000	88.372585	0.0	0.0
3.707857	3.792240000	88.337508	0.0	0.0
3.744797	3.830670000	88.302109	0.0	0.0
3.782106	3.869470000	88.266385	0.0	0.0
3.819786	3.908660000	88.230333	0.0	0.0
3.857841	3.948240000	88.193951	0.0	0.0
3.896276	3.988210000	88.157236	0.0	0.0
3.935093	4.028590000	88.120186	0.0	0.0
3.974297	4.069390000	88.082799	0.0	0.0
4.013892	4.110610000	88.045070	0.0	0.0
4.053881	4.152270000	88.006998	0.0	0.0
4.094269	4.194380000	87.968580	0.0	0.0
4.135059	4.236960000	87.929814	0.0	0.0
4.176255	4.279990000	87.890696	0.0	0.0
4.217862	4.323520000	87.851223	0.0	0.0
4.259883	4.367530000	87.811393	0.0	0.0
4.302323	4.412040000	87.771202	0.0	0.0
4.345186	4.457070000	87.730648	0.0	0.0
4.388476	4.502610000	87.689726	0.0	0.0
4.432197	4.548670000	87.648435	0.0	0.0
4.476353	4.595260000	87.606771	0.0	0.0
4.520950	4.642380000	87.564729	0.0	0.0
4.565991	4.690040000	87.522308	0.0	0.0
4.611480	4.738230000	87.479504	0.0	0.0
4.657423	4.786950000	87.436312	0.0	0.0
4.703824	4.836200000	87.392728	0.0	0.0
4.750687	4.885980000	87.348751	0.0	0.0
4.798016	4.936270000	87.304376	0.0	0.0
4.845817	4.987080000	87.259599	0.0	0.0
4.894095	5.038390000	87.214415	0.0	0.0
4.942853	5.090200000	87.168822	0.0	0.0
4.992097	5.142490000	87.122815	0.0	0.0
5.041832	5.195270000	87.076388	0.0	0.0
5.092062	5.248530000	87.029540	0.0	0.0
5.142793	5.302260000	86.982263	0.0	0.0
5.194029	5.356470000	86.934556	0.0	0.0
5.245776	5.411140000	86.886412	0.0	0.0
5.298038	5.466300000	86.837827	0.0	0.0
5.350821	5.521950000	86.788796	0.0	0.0
5.404129	5.578090000	86.739316	0.0	0.0
5.457969	5.634760000	86.689379	0.0	0.0
5.512345	5.691970000	86.638982	0.0	0.0
5.567263	5.749740000	86.588119	0.0	0.0
5.622728	5.808100000	86.536785	0.0	0.0
5.678746	5.867090000	86.484974	0.0	0.0
5.735321	5.926730000	86.432682	0.0	0.0
5.792460	5.987060000	86.379902	0.0	0.0
5.850169	6.048100000	86.326627	0.0	0.0
5.908453	6.109900000	86.272853	0.0	0.0
5.967317	6.172480000	86.218575	0.0	0.0
6.026767	6.235850000	86.163785	0.0	0.0
6.086810	6.300030000	86.108476	0.0	0.0
6.147451	6.365050000	86.052643	0.0	0.0
6.208696	6.430880000	85.996280	0.0	0.0
6.270552	6.497540000	85.939379	0.0	0.0
6.333023	6.564990000	85.881934	0.0	0.0
6.396117	6.633230000	85.823938	0.0	0.0
6.459840	6.702210000	85.765383	0.0	0.0
6.524198	6.771920000	85.706263	0.0	0.0
6.589196	6.842300000	85.646571	0.0	0.0
6.654842	6.913340000	85.586299	0.0	0.0
6.721143	6.984990000	85.525437	0.0	0.0
6.788103	7.057230000	85.463981	0.0	0.0
6.855731	7.130030000	85.401921	0.0	0.0
6.924033	7.203410000	85.339249	0.0	0.0
6.993015	7.277360000	85.275958	0.0	0.0
7.062684	7.351920000	85.212038	0.0	0.0
7.133048	7.427110000	85.147480	0.0	0.0
7.204112	7.503000000	85.082278	0.0	0.0
7.275884	7.579650000	85.016421	0.0	0.0
7.348372	7.657140000	84.949899	0.0	0.0
7.421582	7.735560000	84.882705	0.0	0.0
7.495521	7.814980000	84.814828	0.0	0.0
7.570196	7.895490000	84.746260	0.0	0.0
7.645616	7.977140000	84.676990	0.0	0.0
7.721787	8.059990000	84.607007	0.0	0.0
7.798717	8.144040000	84.536303	0.0	0.0
7.876413	8.229300000	84.464867	0.0	0.0
7.954883	8.315740000	84.392689	0.0	0.0
8.034135	8.403300000	84.319756	0.0	0.0
8.114177	8.491890000	84.246059	0.0	0.0
8.195016	8.581430000	84.171586	0.0	0.0
8.276661	8.671810000	84.096326	0.0	0.0
8.359119	8.762930000	84.020268	0.0	0.0
8.442398	8.854730000	83.943400	0.0	0.0
8.526507	8.947140000	83.865710	0.0	0.0
8.611454	9.040150000	83.787185	0.0	0.0
8.697247	9.133790000	83.707813	0.0	0.0
8.783896	9.228150000	83.627581	0.0	0.0
8.871407	9.323340000	83.546478	0.0	0.0
8.959790	9.419510000	83.464490	0.0	0.0
9.049054	9.516850000	83.381603	0.0	0.0
9.139207	9.615540000	83.297803	0.0	0.0
9.230258	9.715750000	83.213078	0.0	0.0
9.322216	9.817590000	83.127413	0.0	0.0
9.415091	9.921150000	83.040793	0.0	0.0
9.508890	10.026400000	82.953205	0.0	0.0
9.603625	10.133300000	82.864633	0.0	0.0
9.699303	10.241800000	82.775062	0.0	0.0
9.795934	10.351500000	82.684478	0.0	0.0
9.893528	10.462300000	82.592864	0.0	0.0
9.992094	10.574000000	82.500206	0.0	0.0
10.091640	10.686400000	82.406488	0.0	0.0
10.192180	10.799300000	82.311690	0.0	0.0
10.293720	10.912800000	82.215799	0.0	0.0
10.396280	11.027000000	82.118789	0.0	0.0
10.499850	11.142100000	82.020662	0.0	0.0
10.604460	11.258300000	81.921382	0.0	0.0
10.710110	11.376100000	81.820939	0.0	0.0
10.816810	11.495800000	81.719318	0.0	0.0
10.924570	11.617700000	81.616499	0.0	0.0
11.033410	11.741900000	81.512455	0.0	0.0
11.143340	11.868500000	81.407168	0.0	0.0
11.254350	11.997300000	81.300638	0.0	0.0
11.366480	12.128000000	81.192819	0.0	0.0
11.479720	12.260200000	81.083709	0.0	0.0
11.594090	12.393400000	80.973281	0.0	0.0
11.709600	12.527200000	80.861515	0.0	0.0
11.826250	12.661400000	80.748401	0.0	0.0
11.944080	12.796100000	80.633891	0.0	0.0
12.063070	12.931500000	80.517992	0.0	0.0
12.183250	13.068000000	80.400667	0.0	0.0
12.304630	13.206300000	80.281893	0.0	0.0
12.427220	13.347200000	80.161651	0.0	0.0
12.551030	13.491000000	80.039920	0.0	0.0
12.676070	13.638000000	79.916678	0.0	0.0
12.802360	13.788200000	79.791895	0.0	0.0
12.929900	13.941000000	79.665558	0.0	0.0
13.058720	14.095700000	79.537625	0.0	0.0
13.188820	14.251400000	79.408086	0.0	0.0
13.320220	14.407400000	79.276907	0.0	0.0
13.452920	14.563500000	79.144076	0.0	0.0
13.586950	14.719700000	79.009550	0.0	0.0
13.722310	14.877000000	78.873316	0.0	0.0
13.859020	15.036300000	78.735340	0.0	0.0
13.997100	15.199100000	78.595591	0.0	0.0
14.136540	15.366100000	78.454062	0.0	0.0
14.277380	15.537600000	78.310701	0.0	0.0
14.419620	15.712900000	78.165494	0.0	0.0
14.563280	15.890600000	78.018405	0.0	0.0
14.708370	16.068700000	77.869409	0.0	0.0
14.854910	16.246000000	77.718473	0.0	0.0
15.002900	16.422200000	77.565580	0.0	0.0
15.152370	16.598700000	77.410684	0.0	0.0
15.303330	16.778600000	77.253761	0.0	0.0
15.455790	16.965300000	77.094783	0.0	0.0
15.609770	17.160200000	76.933715	0.0	0.0
15.765290	17.359600000	76.770519	0.0	0.0
15.922350	17.550800000	76.605179	0.0	0.0
16.080980	17.709400000	76.437647	0.0	0.0
16.241190	17.797400000	76.267897	0.0	0.0
16.403000	17.765000000	76.095889	0.0	0.0
16.566420	17.555000000	75.921596	0.0	0.0
16.731460	17.110700000	75.744990	0.0	0.0
16.898160	16.386200000	75.566012	0.0	0.0
17.066510	15.357000000	75.384652	0.0	0.0
17.236540	14.028500000	75.200862	0.0	0.0
17.408260	12.440400000	75.014613	0.0	0.0
17.581690	10.665500000	74.825864	0.0	0.0
17.756850	8.801890000	74.634574	0.0	0.0
17.933760	6.959360000	74.440703	0.0	0.0
18.112430	5.243940000	74.244221	0.0	0.0
18.292880	3.742270000	74.045086	0.0	0.0
18.475120	2.510130000	73.843268	0.0	0.0
18.659180	1.567220000	73.638712	0.0	0.0
18.845080	0.899130000	73.431378	0.0	0.0
19.032830	0.465473000	73.221233	0.0	0.0
19.222450	0.211591000	73.008233	0.0	0.0
19.413950	0.080736600	72.792347	0.0	0.0
19.607370	0.023724300	72.573508	0.0	0.0
19.802710	0.004317620	72.351694	0.0	0.0
20.000000	0.000106104	72.126850	0.0	0.0

