# UNCLASSIFIED
#
# Response info for KBZ broad-band site.
#
# Effective: 08 Oct 2008
# Creation date: 02 Apr 2009
# File name: KBZ_BB_1223461473
#
# Source: James Neely (TTD), TSgt Swindle
# System equipment: Guralp_CMG-3TB seismometer and Nanometrics_Europa-T
# digitizer.
#
# The response file was derived from equations of state.
# Displacement response normalized to 1.0 at 1.0 Hz.
#
# The calib values for this configuration are as follows:
#
# KBZ BHZ is 0.031900 nm/count at 1.0 Hz.
# KBZ BH1 is 0.031900 nm/count at 1.0 Hz.
# KBZ BH2 is 0.031900 nm/count at 1.0 Hz.
#
# Freq(Hz)     Amp(counts/nm)    Phase(deg)   Error(amp) Error(phase)
#
 theoretical  0       system    fap   J.Neely
1000				
0.001000	0.000014411	260.225162	0.0	0.0
0.001010	0.000014846	260.126847	0.0	0.0
0.001020	0.000015294	260.027527	0.0	0.0
0.001030	0.000015756	259.927192	0.0	0.0
0.001040	0.000016231	259.825831	0.0	0.0
0.001051	0.000016721	259.723422	0.0	0.0
0.001061	0.000017226	259.619964	0.0	0.0
0.001072	0.000017746	259.515446	0.0	0.0
0.001083	0.000018281	259.409848	0.0	0.0
0.001093	0.000018833	259.303167	0.0	0.0
0.001104	0.000019401	259.195394	0.0	0.0
0.001115	0.000019987	259.086505	0.0	0.0
0.001126	0.000020590	258.976491	0.0	0.0
0.001138	0.000021212	258.865350	0.0	0.0
0.001149	0.000021852	258.753060	0.0	0.0
0.001160	0.000022511	258.639611	0.0	0.0
0.001172	0.000023191	258.524990	0.0	0.0
0.001184	0.000023890	258.409185	0.0	0.0
0.001195	0.000024611	258.292177	0.0	0.0
0.001207	0.000025354	258.173962	0.0	0.0
0.001219	0.000026119	258.054529	0.0	0.0
0.001231	0.000026907	257.933846	0.0	0.0
0.001244	0.000027719	257.811922	0.0	0.0
0.001256	0.000028556	257.688725	0.0	0.0
0.001269	0.000029418	257.564253	0.0	0.0
0.001281	0.000030305	257.438483	0.0	0.0
0.001294	0.000031220	257.311414	0.0	0.0
0.001307	0.000032162	257.183014	0.0	0.0
0.001320	0.000033132	257.053281	0.0	0.0
0.001333	0.000034132	256.922191	0.0	0.0
0.001346	0.000035162	256.789734	0.0	0.0
0.001360	0.000036223	256.655886	0.0	0.0
0.001373	0.000037316	256.520646	0.0	0.0
0.001387	0.000038442	256.383990	0.0	0.0
0.001401	0.000039601	256.245906	0.0	0.0
0.001415	0.000040796	256.106371	0.0	0.0
0.001429	0.000042027	255.965373	0.0	0.0
0.001443	0.000043295	255.822899	0.0	0.0
0.001457	0.000044601	255.678925	0.0	0.0
0.001472	0.000045947	255.533429	0.0	0.0
0.001487	0.000047333	255.386408	0.0	0.0
0.001501	0.000048760	255.237838	0.0	0.0
0.001516	0.000050231	255.087696	0.0	0.0
0.001532	0.000051746	254.935969	0.0	0.0
0.001547	0.000053307	254.782643	0.0	0.0
0.001562	0.000054915	254.627694	0.0	0.0
0.001578	0.000056571	254.471099	0.0	0.0
0.001593	0.000058278	254.312845	0.0	0.0
0.001609	0.000060035	254.152906	0.0	0.0
0.001625	0.000061846	253.991279	0.0	0.0
0.001642	0.000063711	253.827919	0.0	0.0
0.001658	0.000065632	253.662823	0.0	0.0
0.001674	0.000067611	253.495977	0.0	0.0
0.001691	0.000069650	253.327334	0.0	0.0
0.001708	0.000071750	253.156901	0.0	0.0
0.001725	0.000073913	252.984643	0.0	0.0
0.001742	0.000076142	252.810535	0.0	0.0
0.001760	0.000078437	252.634562	0.0	0.0
0.001777	0.000080801	252.456698	0.0	0.0
0.001795	0.000083237	252.276918	0.0	0.0
0.001813	0.000085746	252.095207	0.0	0.0
0.001831	0.000088330	251.911539	0.0	0.0
0.001849	0.000090993	251.725888	0.0	0.0
0.001867	0.000093735	251.538227	0.0	0.0
0.001886	0.000096559	251.348542	0.0	0.0
0.001905	0.000099469	251.156794	0.0	0.0
0.001924	0.000102466	250.962979	0.0	0.0
0.001943	0.000105553	250.767048	0.0	0.0
0.001962	0.000108733	250.568986	0.0	0.0
0.001982	0.000112008	250.368764	0.0	0.0
0.002002	0.000115382	250.166366	0.0	0.0
0.002022	0.000118857	249.961745	0.0	0.0
0.002042	0.000122436	249.754902	0.0	0.0
0.002062	0.000126123	249.545780	0.0	0.0
0.002083	0.000129921	249.334370	0.0	0.0
0.002103	0.000133832	249.120635	0.0	0.0
0.002124	0.000137861	248.904555	0.0	0.0
0.002145	0.000142010	248.686082	0.0	0.0
0.002167	0.000146284	248.465207	0.0	0.0
0.002188	0.000150686	248.241892	0.0	0.0
0.002210	0.000155220	248.016105	0.0	0.0
0.002232	0.000159889	247.787819	0.0	0.0
0.002254	0.000164699	247.556992	0.0	0.0
0.002277	0.000169652	247.323605	0.0	0.0
0.002300	0.000174754	247.087617	0.0	0.0
0.002322	0.000180008	246.848998	0.0	0.0
0.002346	0.000185420	246.607717	0.0	0.0
0.002369	0.000190993	246.363732	0.0	0.0
0.002393	0.000196732	246.117013	0.0	0.0
0.002416	0.000202643	245.867537	0.0	0.0
0.002441	0.000208731	245.615243	0.0	0.0
0.002465	0.000215000	245.360118	0.0	0.0
0.002489	0.000221456	245.102120	0.0	0.0
0.002514	0.000228105	244.841206	0.0	0.0
0.002539	0.000234951	244.577343	0.0	0.0
0.002565	0.000242002	244.310488	0.0	0.0
0.002590	0.000249262	244.040617	0.0	0.0
0.002616	0.000256739	243.767677	0.0	0.0
0.002642	0.000264437	243.491632	0.0	0.0
0.002668	0.000272365	243.212439	0.0	0.0
0.002695	0.000280527	242.930062	0.0	0.0
0.002722	0.000288932	242.644458	0.0	0.0
0.002749	0.000297586	242.355579	0.0	0.0
0.002776	0.000306497	242.063402	0.0	0.0
0.002804	0.000315671	241.767859	0.0	0.0
0.002832	0.000325117	241.468925	0.0	0.0
0.002860	0.000334842	241.166553	0.0	0.0
0.002888	0.000344854	240.860697	0.0	0.0
0.002917	0.000355162	240.551309	0.0	0.0
0.002946	0.000365774	240.238342	0.0	0.0
0.002976	0.000376698	239.921748	0.0	0.0
0.003005	0.000387944	239.601501	0.0	0.0
0.003035	0.000399520	239.277520	0.0	0.0
0.003066	0.000411436	238.949790	0.0	0.0
0.003096	0.000423702	238.618240	0.0	0.0
0.003127	0.000436326	238.282832	0.0	0.0
0.003158	0.000449321	237.943518	0.0	0.0
0.003190	0.000462695	237.600237	0.0	0.0
0.003221	0.000476460	237.252951	0.0	0.0
0.003253	0.000490626	236.901599	0.0	0.0
0.003286	0.000505204	236.546143	0.0	0.0
0.003319	0.000520206	236.186512	0.0	0.0
0.003352	0.000535643	235.822678	0.0	0.0
0.003385	0.000551528	235.454568	0.0	0.0
0.003419	0.000567872	235.082134	0.0	0.0
0.003453	0.000584688	234.705335	0.0	0.0
0.003487	0.000601989	234.324102	0.0	0.0
0.003522	0.000619788	233.938383	0.0	0.0
0.003557	0.000638098	233.548140	0.0	0.0
0.003592	0.000656933	233.153291	0.0	0.0
0.003628	0.000676306	232.753808	0.0	0.0
0.003664	0.000696233	232.349620	0.0	0.0
0.003701	0.000716727	231.940678	0.0	0.0
0.003738	0.000737803	231.526934	0.0	0.0
0.003775	0.000759477	231.108316	0.0	0.0
0.003813	0.000781764	230.684778	0.0	0.0
0.003851	0.000804679	230.256260	0.0	0.0
0.003889	0.000828239	229.822715	0.0	0.0
0.003928	0.000852459	229.384076	0.0	0.0
0.003967	0.000877357	228.940307	0.0	0.0
0.004006	0.000902949	228.491342	0.0	0.0
0.004046	0.000929252	228.037124	0.0	0.0
0.004087	0.000956284	227.577599	0.0	0.0
0.004127	0.000984062	227.112726	0.0	0.0
0.004168	0.001012600	226.642451	0.0	0.0
0.004210	0.001041930	226.166700	0.0	0.0
0.004252	0.001072050	225.685447	0.0	0.0
0.004294	0.001103000	225.198630	0.0	0.0
0.004337	0.001134780	224.706202	0.0	0.0
0.004380	0.001167420	224.208117	0.0	0.0
0.004424	0.001200940	223.704320	0.0	0.0
0.004468	0.001235350	223.194768	0.0	0.0
0.004512	0.001270680	222.679433	0.0	0.0
0.004557	0.001306950	222.158252	0.0	0.0
0.004603	0.001344170	221.631188	0.0	0.0
0.004649	0.001382360	221.098209	0.0	0.0
0.004695	0.001421550	220.559271	0.0	0.0
0.004742	0.001461750	220.014334	0.0	0.0
0.004789	0.001502990	219.463370	0.0	0.0
0.004837	0.001545290	218.906357	0.0	0.0
0.004885	0.001588660	218.343263	0.0	0.0
0.004934	0.001633130	217.774047	0.0	0.0
0.004983	0.001678710	217.198709	0.0	0.0
0.005032	0.001725430	216.617214	0.0	0.0
0.005082	0.001773310	216.029544	0.0	0.0
0.005133	0.001822360	215.435698	0.0	0.0
0.005184	0.001872600	214.835654	0.0	0.0
0.005236	0.001924060	214.229418	0.0	0.0
0.005288	0.001976750	213.616977	0.0	0.0
0.005341	0.002030690	212.998347	0.0	0.0
0.005394	0.002085910	212.373525	0.0	0.0
0.005448	0.002142400	211.742525	0.0	0.0
0.005502	0.002200210	211.105354	0.0	0.0
0.005557	0.002259330	210.462037	0.0	0.0
0.005612	0.002319790	209.812614	0.0	0.0
0.005668	0.002381600	209.157099	0.0	0.0
0.005725	0.002444780	208.495535	0.0	0.0
0.005782	0.002509350	207.827956	0.0	0.0
0.005839	0.002575310	207.154418	0.0	0.0
0.005897	0.002642670	206.474982	0.0	0.0
0.005956	0.002711460	205.789680	0.0	0.0
0.006015	0.002781680	205.098610	0.0	0.0
0.006075	0.002853340	204.401819	0.0	0.0
0.006136	0.002926440	203.699396	0.0	0.0
0.006197	0.003001010	202.991423	0.0	0.0
0.006259	0.003077050	202.277994	0.0	0.0
0.006321	0.003154550	201.559205	0.0	0.0
0.006384	0.003233540	200.835164	0.0	0.0
0.006448	0.003314000	200.105973	0.0	0.0
0.006512	0.003395950	199.371763	0.0	0.0
0.006577	0.003479380	198.632654	0.0	0.0
0.006642	0.003564290	197.888768	0.0	0.0
0.006708	0.003650690	197.140262	0.0	0.0
0.006775	0.003738580	196.387264	0.0	0.0
0.006843	0.003827940	195.629943	0.0	0.0
0.006911	0.003918770	194.868444	0.0	0.0
0.006980	0.004011070	194.102938	0.0	0.0
0.007049	0.004104830	193.333595	0.0	0.0
0.007120	0.004200050	192.560591	0.0	0.0
0.007191	0.004296710	191.784108	0.0	0.0
0.007262	0.004394790	191.004345	0.0	0.0
0.007335	0.004494300	190.221488	0.0	0.0
0.007408	0.004595210	189.435737	0.0	0.0
0.007481	0.004697510	188.647311	0.0	0.0
0.007556	0.004801190	187.856400	0.0	0.0
0.007631	0.004906230	187.063222	0.0	0.0
0.007707	0.005012610	186.268010	0.0	0.0
0.007784	0.005120320	185.470969	0.0	0.0
0.007862	0.005229330	184.672331	0.0	0.0
0.007940	0.005339620	183.872319	0.0	0.0
0.008019	0.005451190	183.071172	0.0	0.0
0.008099	0.005563990	182.269119	0.0	0.0
0.008180	0.005678020	181.466393	0.0	0.0
0.008261	0.005793250	180.663239	0.0	0.0
0.008343	0.005909650	179.859874	0.0	0.0
0.008426	0.006027210	179.056555	0.0	0.0
0.008510	0.006145890	178.253501	0.0	0.0
0.008595	0.006265690	177.450960	0.0	0.0
0.008681	0.006386570	176.649161	0.0	0.0
0.008767	0.006508510	175.848341	0.0	0.0
0.008855	0.006631490	175.048738	0.0	0.0
0.008943	0.006755490	174.250568	0.0	0.0
0.009032	0.006880480	173.454064	0.0	0.0
0.009122	0.007006440	172.659457	0.0	0.0
0.009213	0.007133350	171.866958	0.0	0.0
0.009305	0.007261180	171.076791	0.0	0.0
0.009397	0.007389930	170.289169	0.0	0.0
0.009491	0.007519560	169.504294	0.0	0.0
0.009586	0.007650060	168.722370	0.0	0.0
0.009681	0.007781410	167.943598	0.0	0.0
0.009777	0.007913590	167.168175	0.0	0.0
0.009875	0.008046590	166.396283	0.0	0.0
0.009973	0.008180390	165.628101	0.0	0.0
0.010073	0.008314970	164.863780	0.0	0.0
0.010173	0.008450320	164.103555	0.0	0.0
0.010274	0.008586430	163.347551	0.0	0.0
0.010377	0.008723300	162.595924	0.0	0.0
0.010480	0.008860890	161.848824	0.0	0.0
0.010584	0.008999220	161.106396	0.0	0.0
0.010690	0.009138260	160.368778	0.0	0.0
0.010796	0.009278020	159.636102	0.0	0.0
0.010904	0.009418480	158.908494	0.0	0.0
0.011013	0.009559650	158.186074	0.0	0.0
0.011122	0.009701510	157.468890	0.0	0.0
0.011233	0.009844070	156.757116	0.0	0.0
0.011345	0.009987330	156.050852	0.0	0.0
0.011458	0.010131300	155.350131	0.0	0.0
0.011572	0.010275900	154.655103	0.0	0.0
0.011688	0.010421300	153.965791	0.0	0.0
0.011804	0.010567300	153.282274	0.0	0.0
0.011922	0.010714100	152.604623	0.0	0.0
0.012040	0.010861500	151.932904	0.0	0.0
0.012160	0.011009700	151.267123	0.0	0.0
0.012281	0.011158600	150.607391	0.0	0.0
0.012404	0.011308200	149.953756	0.0	0.0
0.012527	0.011458600	149.306158	0.0	0.0
0.012652	0.011609700	148.664741	0.0	0.0
0.012778	0.011761600	148.029437	0.0	0.0
0.012906	0.011914300	147.400280	0.0	0.0
0.013034	0.012067700	146.777345	0.0	0.0
0.013164	0.012222000	146.160556	0.0	0.0
0.013295	0.012377000	145.549982	0.0	0.0
0.013428	0.012532900	144.945634	0.0	0.0
0.013561	0.012689600	144.347432	0.0	0.0
0.013696	0.012847200	143.755431	0.0	0.0
0.013833	0.013005700	143.169631	0.0	0.0
0.013971	0.013165000	142.589989	0.0	0.0
0.014110	0.013325300	142.016463	0.0	0.0
0.014250	0.013486500	141.449088	0.0	0.0
0.014392	0.013648600	140.887775	0.0	0.0
0.014536	0.013811700	140.332592	0.0	0.0
0.014681	0.013975800	139.783410	0.0	0.0
0.014827	0.014140800	139.240250	0.0	0.0
0.014975	0.014306900	138.703060	0.0	0.0
0.015124	0.014474100	138.171854	0.0	0.0
0.015275	0.014642300	137.646505	0.0	0.0
0.015427	0.014811600	137.127058	0.0	0.0
0.015580	0.014982000	136.613421	0.0	0.0
0.015736	0.015153500	136.105535	0.0	0.0
0.015892	0.015326200	135.603405	0.0	0.0
0.016051	0.015500100	135.106970	0.0	0.0
0.016211	0.015675100	134.616168	0.0	0.0
0.016372	0.015851400	134.130968	0.0	0.0
0.016535	0.016028900	133.651307	0.0	0.0
0.016700	0.016207600	133.177153	0.0	0.0
0.016866	0.016387700	132.708415	0.0	0.0
0.017034	0.016569100	132.245087	0.0	0.0
0.017204	0.016751800	131.787078	0.0	0.0
0.017375	0.016935800	131.334355	0.0	0.0
0.017549	0.017121200	130.886854	0.0	0.0
0.017723	0.017308100	130.444540	0.0	0.0
0.017900	0.017496400	130.007350	0.0	0.0
0.018078	0.017686100	129.575223	0.0	0.0
0.018258	0.017877300	129.148099	0.0	0.0
0.018440	0.018070000	128.725917	0.0	0.0
0.018624	0.018264200	128.308664	0.0	0.0
0.018810	0.018460000	127.896233	0.0	0.0
0.018997	0.018657300	127.488611	0.0	0.0
0.019186	0.018856300	127.085717	0.0	0.0
0.019377	0.019056800	126.687493	0.0	0.0
0.019570	0.019259100	126.293902	0.0	0.0
0.019765	0.019463000	125.904888	0.0	0.0
0.019962	0.019668600	125.520375	0.0	0.0
0.020161	0.019875900	125.140327	0.0	0.0
0.020362	0.020085000	124.764689	0.0	0.0
0.020565	0.020295800	124.393407	0.0	0.0
0.020770	0.020508500	124.026428	0.0	0.0
0.020977	0.020723000	123.663682	0.0	0.0
0.021186	0.020939300	123.305151	0.0	0.0
0.021397	0.021157500	122.950751	0.0	0.0
0.021610	0.021377600	122.600447	0.0	0.0
0.021825	0.021599700	122.254190	0.0	0.0
0.022043	0.021823700	121.911916	0.0	0.0
0.022262	0.022049700	121.573576	0.0	0.0
0.022484	0.022277700	121.239139	0.0	0.0
0.022708	0.022507700	120.908543	0.0	0.0
0.022934	0.022739800	120.581727	0.0	0.0
0.023163	0.022974000	120.258676	0.0	0.0
0.023394	0.023210300	119.939303	0.0	0.0
0.023627	0.023448800	119.623593	0.0	0.0
0.023862	0.023689400	119.311475	0.0	0.0
0.024100	0.023932200	119.002921	0.0	0.0
0.024340	0.024177300	118.697890	0.0	0.0
0.024582	0.024424600	118.396304	0.0	0.0
0.024827	0.024674200	118.098160	0.0	0.0
0.025075	0.024926000	117.803383	0.0	0.0
0.025324	0.025180300	117.511947	0.0	0.0
0.025577	0.025436800	117.223803	0.0	0.0
0.025832	0.025695800	116.938914	0.0	0.0
0.026089	0.025957200	116.657233	0.0	0.0
0.026349	0.026221100	116.378713	0.0	0.0
0.026611	0.026487400	116.103332	0.0	0.0
0.026876	0.026756200	115.831033	0.0	0.0
0.027144	0.027027600	115.561775	0.0	0.0
0.027415	0.027301500	115.295534	0.0	0.0
0.027688	0.027578100	115.032268	0.0	0.0
0.027964	0.027857200	114.771937	0.0	0.0
0.028242	0.028139000	114.514491	0.0	0.0
0.028524	0.028423500	114.259919	0.0	0.0
0.028808	0.028710700	114.008155	0.0	0.0
0.029095	0.029000700	113.759188	0.0	0.0
0.029385	0.029293400	113.512973	0.0	0.0
0.029677	0.029588900	113.269473	0.0	0.0
0.029973	0.029887300	113.028654	0.0	0.0
0.030272	0.030188500	112.790489	0.0	0.0
0.030573	0.030492700	112.554936	0.0	0.0
0.030878	0.030799700	112.321970	0.0	0.0
0.031185	0.031109800	112.091558	0.0	0.0
0.031496	0.031422800	111.863662	0.0	0.0
0.031810	0.031738900	111.638249	0.0	0.0
0.032127	0.032058000	111.415298	0.0	0.0
0.032447	0.032380200	111.194771	0.0	0.0
0.032770	0.032705600	110.976639	0.0	0.0
0.033097	0.033034100	110.760874	0.0	0.0
0.033426	0.033365800	110.547448	0.0	0.0
0.033759	0.033700700	110.336327	0.0	0.0
0.034096	0.034038900	110.127490	0.0	0.0
0.034435	0.034380400	109.920900	0.0	0.0
0.034778	0.034725200	109.716537	0.0	0.0
0.035125	0.035073400	109.514375	0.0	0.0
0.035475	0.035425000	109.314379	0.0	0.0
0.035828	0.035780000	109.116524	0.0	0.0
0.036185	0.036138500	108.920794	0.0	0.0
0.036546	0.036500600	108.727148	0.0	0.0
0.036910	0.036866100	108.535575	0.0	0.0
0.037278	0.037235300	108.346043	0.0	0.0
0.037649	0.037608100	108.158524	0.0	0.0
0.038024	0.037984500	107.973004	0.0	0.0
0.038403	0.038364700	107.789446	0.0	0.0
0.038785	0.038748500	107.607840	0.0	0.0
0.039172	0.039136200	107.428153	0.0	0.0
0.039562	0.039527700	107.250365	0.0	0.0
0.039956	0.039923000	107.074458	0.0	0.0
0.040354	0.040322200	106.900403	0.0	0.0
0.040756	0.040725400	106.728179	0.0	0.0
0.041162	0.041132500	106.557765	0.0	0.0
0.041572	0.041543600	106.389146	0.0	0.0
0.041987	0.041958800	106.222289	0.0	0.0
0.042405	0.042378100	106.057183	0.0	0.0
0.042827	0.042801600	105.893804	0.0	0.0
0.043254	0.043229200	105.732135	0.0	0.0
0.043685	0.043661000	105.572149	0.0	0.0
0.044120	0.044097200	105.413832	0.0	0.0
0.044560	0.044537600	105.257162	0.0	0.0
0.045004	0.044982400	105.102120	0.0	0.0
0.045452	0.045431500	104.948690	0.0	0.0
0.045905	0.045885200	104.796854	0.0	0.0
0.046362	0.046343300	104.646588	0.0	0.0
0.046824	0.046805900	104.497879	0.0	0.0
0.047291	0.047273200	104.350705	0.0	0.0
0.047762	0.047745000	104.205053	0.0	0.0
0.048238	0.048221600	104.060901	0.0	0.0
0.048718	0.048702800	103.918237	0.0	0.0
0.049204	0.049188900	103.777038	0.0	0.0
0.049694	0.049679700	103.637292	0.0	0.0
0.050189	0.050175400	103.498982	0.0	0.0
0.050689	0.050676100	103.362089	0.0	0.0
0.051194	0.051181600	103.226599	0.0	0.0
0.051704	0.051692200	103.092496	0.0	0.0
0.052219	0.052207900	102.959765	0.0	0.0
0.052739	0.052728700	102.828390	0.0	0.0
0.053265	0.053254700	102.698353	0.0	0.0
0.053795	0.053785900	102.569643	0.0	0.0
0.054331	0.054322300	102.442244	0.0	0.0
0.054873	0.054864100	102.316142	0.0	0.0
0.055419	0.055411300	102.191320	0.0	0.0
0.055971	0.055963900	102.067764	0.0	0.0
0.056529	0.056522000	101.945464	0.0	0.0
0.057092	0.057085600	101.824403	0.0	0.0
0.057661	0.057654800	101.704564	0.0	0.0
0.058235	0.058229700	101.585939	0.0	0.0
0.058816	0.058810300	101.468513	0.0	0.0
0.059402	0.059396700	101.352272	0.0	0.0
0.059993	0.059988900	101.237203	0.0	0.0
0.060591	0.060587000	101.123292	0.0	0.0
0.061195	0.061191000	101.010529	0.0	0.0
0.061804	0.061801100	100.898900	0.0	0.0
0.062420	0.062417200	100.788391	0.0	0.0
0.063042	0.063039400	100.678990	0.0	0.0
0.063670	0.063667800	100.570688	0.0	0.0
0.064304	0.064302500	100.463471	0.0	0.0
0.064945	0.064943500	100.357326	0.0	0.0
0.065592	0.065590800	100.252242	0.0	0.0
0.066246	0.066244600	100.148210	0.0	0.0
0.066906	0.066904900	100.045214	0.0	0.0
0.067572	0.067571800	99.943246	0.0	0.0
0.068245	0.068245300	99.842293	0.0	0.0
0.068925	0.068925500	99.742347	0.0	0.0
0.069612	0.069612500	99.643392	0.0	0.0
0.070305	0.070306300	99.545422	0.0	0.0
0.071006	0.071007000	99.448425	0.0	0.0
0.071713	0.071714700	99.352389	0.0	0.0
0.072428	0.072429400	99.257304	0.0	0.0
0.073149	0.073151200	99.163162	0.0	0.0
0.073878	0.073880300	99.069950	0.0	0.0
0.074614	0.074616600	98.977659	0.0	0.0
0.075357	0.075360200	98.886280	0.0	0.0
0.076108	0.076111200	98.795801	0.0	0.0
0.076866	0.076869600	98.706214	0.0	0.0
0.077632	0.077635700	98.617510	0.0	0.0
0.078406	0.078409400	98.529679	0.0	0.0
0.079187	0.079190700	98.442709	0.0	0.0
0.079976	0.079979900	98.356595	0.0	0.0
0.080773	0.080776900	98.271325	0.0	0.0
0.081577	0.081581800	98.186890	0.0	0.0
0.082390	0.082394800	98.103282	0.0	0.0
0.083211	0.083215800	98.020493	0.0	0.0
0.084040	0.084045000	97.938512	0.0	0.0
0.084877	0.084882500	97.857333	0.0	0.0
0.085723	0.085728300	97.776944	0.0	0.0
0.086577	0.086582500	97.697340	0.0	0.0
0.087439	0.087445300	97.618510	0.0	0.0
0.088310	0.088316600	97.540448	0.0	0.0
0.089190	0.089196600	97.463143	0.0	0.0
0.090079	0.090085400	97.386589	0.0	0.0
0.090976	0.090983000	97.310779	0.0	0.0
0.091883	0.091889600	97.235702	0.0	0.0
0.092798	0.092805100	97.161351	0.0	0.0
0.093722	0.093729800	97.087720	0.0	0.0
0.094656	0.094663800	97.014800	0.0	0.0
0.095599	0.095607000	96.942584	0.0	0.0
0.096552	0.096559600	96.871064	0.0	0.0
0.097514	0.097521700	96.800233	0.0	0.0
0.098485	0.098493400	96.730082	0.0	0.0
0.099466	0.099474700	96.660606	0.0	0.0
0.100457	0.100466000	96.591795	0.0	0.0
0.101458	0.101467000	96.523648	0.0	0.0
0.102469	0.102478000	96.456151	0.0	0.0
0.103490	0.103499000	96.389298	0.0	0.0
0.104521	0.104530000	96.323089	0.0	0.0
0.105562	0.105572000	96.257509	0.0	0.0
0.106614	0.106623000	96.192554	0.0	0.0
0.107676	0.107686000	96.128221	0.0	0.0
0.108749	0.108759000	96.064494	0.0	0.0
0.109832	0.109842000	96.001377	0.0	0.0
0.110926	0.110937000	95.938859	0.0	0.0
0.112031	0.112042000	95.876927	0.0	0.0
0.113148	0.113158000	95.815589	0.0	0.0
0.114275	0.114286000	95.754825	0.0	0.0
0.115413	0.115424000	95.694643	0.0	0.0
0.116563	0.116574000	95.635019	0.0	0.0
0.117724	0.117736000	95.575965	0.0	0.0
0.118897	0.118909000	95.517460	0.0	0.0
0.120082	0.120094000	95.459509	0.0	0.0
0.121278	0.121290000	95.402096	0.0	0.0
0.122486	0.122498000	95.345227	0.0	0.0
0.123707	0.123719000	95.288886	0.0	0.0
0.124939	0.124952000	95.233070	0.0	0.0
0.126184	0.126196000	95.177779	0.0	0.0
0.127441	0.127454000	95.123001	0.0	0.0
0.128711	0.128724000	95.068731	0.0	0.0
0.129993	0.130006000	95.014966	0.0	0.0
0.131288	0.131301000	94.961698	0.0	0.0
0.132596	0.132609000	94.908924	0.0	0.0
0.133917	0.133931000	94.856638	0.0	0.0
0.135251	0.135265000	94.804833	0.0	0.0
0.136599	0.136613000	94.753509	0.0	0.0
0.137960	0.137974000	94.702654	0.0	0.0
0.139334	0.139348000	94.652265	0.0	0.0
0.140722	0.140737000	94.602340	0.0	0.0
0.142124	0.142139000	94.552869	0.0	0.0
0.143540	0.143555000	94.503853	0.0	0.0
0.144970	0.144985000	94.455280	0.0	0.0
0.146414	0.146430000	94.407151	0.0	0.0
0.147873	0.147888000	94.359461	0.0	0.0
0.149346	0.149362000	94.312199	0.0	0.0
0.150834	0.150850000	94.265369	0.0	0.0
0.152337	0.152353000	94.218957	0.0	0.0
0.153855	0.153871000	94.172964	0.0	0.0
0.155387	0.155404000	94.127386	0.0	0.0
0.156935	0.156952000	94.082219	0.0	0.0
0.158499	0.158516000	94.037454	0.0	0.0
0.160078	0.160095000	93.993089	0.0	0.0
0.161673	0.161690000	93.949119	0.0	0.0
0.163284	0.163301000	93.905540	0.0	0.0
0.164910	0.164928000	93.862347	0.0	0.0
0.166553	0.166571000	93.819538	0.0	0.0
0.168213	0.168230000	93.777107	0.0	0.0
0.169888	0.169906000	93.735047	0.0	0.0
0.171581	0.171599000	93.693360	0.0	0.0
0.173290	0.173309000	93.652037	0.0	0.0
0.175017	0.175035000	93.611074	0.0	0.0
0.176760	0.176779000	93.570470	0.0	0.0
0.178521	0.178540000	93.530219	0.0	0.0
0.180300	0.180319000	93.490315	0.0	0.0
0.182096	0.182115000	93.450757	0.0	0.0
0.183910	0.183930000	93.411543	0.0	0.0
0.185743	0.185762000	93.372663	0.0	0.0
0.187593	0.187613000	93.334117	0.0	0.0
0.189462	0.189482000	93.295902	0.0	0.0
0.191350	0.191370000	93.258010	0.0	0.0
0.193256	0.193276000	93.220443	0.0	0.0
0.195181	0.195202000	93.183192	0.0	0.0
0.197126	0.197147000	93.146257	0.0	0.0
0.199090	0.199111000	93.109632	0.0	0.0
0.201073	0.201094000	93.073313	0.0	0.0
0.203077	0.203098000	93.037300	0.0	0.0
0.205100	0.205121000	93.001585	0.0	0.0
0.207143	0.207165000	92.966166	0.0	0.0
0.209207	0.209229000	92.931041	0.0	0.0
0.211291	0.211313000	92.896207	0.0	0.0
0.213396	0.213418000	92.861656	0.0	0.0
0.215522	0.215545000	92.827388	0.0	0.0
0.217669	0.217692000	92.793400	0.0	0.0
0.219838	0.219861000	92.759689	0.0	0.0
0.222028	0.222051000	92.726248	0.0	0.0
0.224240	0.224263000	92.693077	0.0	0.0
0.226474	0.226498000	92.660172	0.0	0.0
0.228730	0.228754000	92.627529	0.0	0.0
0.231009	0.231033000	92.595145	0.0	0.0
0.233311	0.233335000	92.563018	0.0	0.0
0.235635	0.235660000	92.531143	0.0	0.0
0.237983	0.238007000	92.499519	0.0	0.0
0.240354	0.240379000	92.468140	0.0	0.0
0.242748	0.242773000	92.437004	0.0	0.0
0.245167	0.245192000	92.406110	0.0	0.0
0.247609	0.247635000	92.375453	0.0	0.0
0.250076	0.250102000	92.345029	0.0	0.0
0.252567	0.252593000	92.314838	0.0	0.0
0.255084	0.255110000	92.284875	0.0	0.0
0.257625	0.257651000	92.255136	0.0	0.0
0.260192	0.260218000	92.225620	0.0	0.0
0.262784	0.262811000	92.196324	0.0	0.0
0.265402	0.265429000	92.167243	0.0	0.0
0.268046	0.268073000	92.138377	0.0	0.0
0.270716	0.270744000	92.109722	0.0	0.0
0.273413	0.273441000	92.081274	0.0	0.0
0.276137	0.276166000	92.053032	0.0	0.0
0.278888	0.278917000	92.024991	0.0	0.0
0.281667	0.281696000	91.997151	0.0	0.0
0.284473	0.284502000	91.969506	0.0	0.0
0.287307	0.287336000	91.942057	0.0	0.0
0.290170	0.290199000	91.914799	0.0	0.0
0.293060	0.293090000	91.887729	0.0	0.0
0.295980	0.296010000	91.860846	0.0	0.0
0.298929	0.298959000	91.834146	0.0	0.0
0.301907	0.301937000	91.807626	0.0	0.0
0.304915	0.304945000	91.781284	0.0	0.0
0.307953	0.307983000	91.755118	0.0	0.0
0.311021	0.311052000	91.729126	0.0	0.0
0.314119	0.314151000	91.703303	0.0	0.0
0.317249	0.317280000	91.677648	0.0	0.0
0.320409	0.320441000	91.652159	0.0	0.0
0.323602	0.323634000	91.626831	0.0	0.0
0.326825	0.326858000	91.601665	0.0	0.0
0.330082	0.330114000	91.576656	0.0	0.0
0.333370	0.333403000	91.551802	0.0	0.0
0.336691	0.336724000	91.527101	0.0	0.0
0.340046	0.340079000	91.502551	0.0	0.0
0.343433	0.343467000	91.478149	0.0	0.0
0.346855	0.346889000	91.453892	0.0	0.0
0.350311	0.350345000	91.429778	0.0	0.0
0.353801	0.353835000	91.405805	0.0	0.0
0.357325	0.357360000	91.381971	0.0	0.0
0.360885	0.360920000	91.358273	0.0	0.0
0.364481	0.364516000	91.334708	0.0	0.0
0.368112	0.368147000	91.311275	0.0	0.0
0.371779	0.371815000	91.287971	0.0	0.0
0.375483	0.375519000	91.264794	0.0	0.0
0.379224	0.379260000	91.241741	0.0	0.0
0.383002	0.383038000	91.218811	0.0	0.0
0.386818	0.386854000	91.196000	0.0	0.0
0.390672	0.390708000	91.173308	0.0	0.0
0.394564	0.394601000	91.150730	0.0	0.0
0.398495	0.398532000	91.128266	0.0	0.0
0.402465	0.402502000	91.105913	0.0	0.0
0.406474	0.406512000	91.083670	0.0	0.0
0.410524	0.410562000	91.061532	0.0	0.0
0.414614	0.414652000	91.039500	0.0	0.0
0.418745	0.418783000	91.017569	0.0	0.0
0.422916	0.422955000	90.995739	0.0	0.0
0.427130	0.427169000	90.974007	0.0	0.0
0.431385	0.431424000	90.952371	0.0	0.0
0.435683	0.435722000	90.930828	0.0	0.0
0.440024	0.440063000	90.909377	0.0	0.0
0.444407	0.444447000	90.888016	0.0	0.0
0.448835	0.448874000	90.866742	0.0	0.0
0.453307	0.453346000	90.845553	0.0	0.0
0.457823	0.457863000	90.824448	0.0	0.0
0.462384	0.462424000	90.803423	0.0	0.0
0.466990	0.467031000	90.782478	0.0	0.0
0.471643	0.471684000	90.761610	0.0	0.0
0.476342	0.476382000	90.740817	0.0	0.0
0.481087	0.481128000	90.720096	0.0	0.0
0.485880	0.485921000	90.699447	0.0	0.0
0.490721	0.490762000	90.678867	0.0	0.0
0.495610	0.495651000	90.658353	0.0	0.0
0.500547	0.500589000	90.637904	0.0	0.0
0.505534	0.505576000	90.617517	0.0	0.0
0.510571	0.510612000	90.597192	0.0	0.0
0.515657	0.515699000	90.576926	0.0	0.0
0.520795	0.520837000	90.556716	0.0	0.0
0.525983	0.526025000	90.536561	0.0	0.0
0.531224	0.531266000	90.516459	0.0	0.0
0.536516	0.536558000	90.496408	0.0	0.0
0.541861	0.541904000	90.476405	0.0	0.0
0.547260	0.547302000	90.456449	0.0	0.0
0.552712	0.552754000	90.436539	0.0	0.0
0.558218	0.558261000	90.416671	0.0	0.0
0.563780	0.563822000	90.396845	0.0	0.0
0.569396	0.569439000	90.377057	0.0	0.0
0.575069	0.575111000	90.357307	0.0	0.0
0.580798	0.580841000	90.337592	0.0	0.0
0.586585	0.586627000	90.317910	0.0	0.0
0.592429	0.592471000	90.298259	0.0	0.0
0.598331	0.598373000	90.278638	0.0	0.0
0.604292	0.604334000	90.259044	0.0	0.0
0.610312	0.610354000	90.239476	0.0	0.0
0.616392	0.616435000	90.219931	0.0	0.0
0.622533	0.622576000	90.200408	0.0	0.0
0.628736	0.628777000	90.180905	0.0	0.0
0.634999	0.635041000	90.161419	0.0	0.0
0.641326	0.641367000	90.141950	0.0	0.0
0.647715	0.647756000	90.122494	0.0	0.0
0.654168	0.654209000	90.103051	0.0	0.0
0.660685	0.660726000	90.083618	0.0	0.0
0.667268	0.667308000	90.064193	0.0	0.0
0.673915	0.673956000	90.044774	0.0	0.0
0.680629	0.680669000	90.025360	0.0	0.0
0.687410	0.687450000	90.005948	0.0	0.0
0.694259	0.694298000	89.986537	0.0	0.0
0.701175	0.701215000	89.967125	0.0	0.0
0.708161	0.708199000	89.947710	0.0	0.0
0.715216	0.715254000	89.928289	0.0	0.0
0.722342	0.722379000	89.908862	0.0	0.0
0.729538	0.729575000	89.889425	0.0	0.0
0.736806	0.736843000	89.869978	0.0	0.0
0.744147	0.744183000	89.850518	0.0	0.0
0.751561	0.751596000	89.831043	0.0	0.0
0.759048	0.759083000	89.811552	0.0	0.0
0.766610	0.766645000	89.792043	0.0	0.0
0.774248	0.774282000	89.772513	0.0	0.0
0.781961	0.781994000	89.752960	0.0	0.0
0.789752	0.789784000	89.733383	0.0	0.0
0.797620	0.797651000	89.713781	0.0	0.0
0.805566	0.805597000	89.694150	0.0	0.0
0.813592	0.813622000	89.674489	0.0	0.0
0.821698	0.821726000	89.654796	0.0	0.0
0.829884	0.829911000	89.635069	0.0	0.0
0.838152	0.838179000	89.615307	0.0	0.0
0.846502	0.846528000	89.595506	0.0	0.0
0.854936	0.854960000	89.575667	0.0	0.0
0.863453	0.863476000	89.555785	0.0	0.0
0.872055	0.872077000	89.535860	0.0	0.0
0.880743	0.880764000	89.515889	0.0	0.0
0.889518	0.889537000	89.495870	0.0	0.0
0.898380	0.898398000	89.475803	0.0	0.0
0.907330	0.907347000	89.455683	0.0	0.0
0.916370	0.916385000	89.435510	0.0	0.0
0.925499	0.925512000	89.415282	0.0	0.0
0.934720	0.934731000	89.394996	0.0	0.0
0.944032	0.944042000	89.374651	0.0	0.0
0.953437	0.953445000	89.354245	0.0	0.0
0.962936	0.962942000	89.333775	0.0	0.0
0.972529	0.972533000	89.313240	0.0	0.0
0.982218	0.982221000	89.292637	0.0	0.0
0.992004	0.992004000	89.271965	0.0	0.0
1.001887	1.001880000	89.251221	0.0	0.0
1.011868	1.011860000	89.230405	0.0	0.0
1.021949	1.021940000	89.209512	0.0	0.0
1.032131	1.032120000	89.188540	0.0	0.0
1.042414	1.042400000	89.167489	0.0	0.0
1.052799	1.052780000	89.146358	0.0	0.0
1.063288	1.063270000	89.125141	0.0	0.0
1.073881	1.073860000	89.103840	0.0	0.0
1.084580	1.084560000	89.082450	0.0	0.0
1.095385	1.095360000	89.060971	0.0	0.0
1.106298	1.106270000	89.039398	0.0	0.0
1.117320	1.117290000	89.017731	0.0	0.0
1.128451	1.128410000	88.995970	0.0	0.0
1.139694	1.139650000	88.974107	0.0	0.0
1.151048	1.151000000	88.952145	0.0	0.0
1.162516	1.162470000	88.930079	0.0	0.0
1.174097	1.174050000	88.907911	0.0	0.0
1.185794	1.185740000	88.885633	0.0	0.0
1.197608	1.197550000	88.863246	0.0	0.0
1.209540	1.209470000	88.840746	0.0	0.0
1.221590	1.221520000	88.818134	0.0	0.0
1.233760	1.233680000	88.795406	0.0	0.0
1.246052	1.245970000	88.772558	0.0	0.0
1.258466	1.258380000	88.749591	0.0	0.0
1.271004	1.270910000	88.726500	0.0	0.0
1.283666	1.283570000	88.703286	0.0	0.0
1.296455	1.296350000	88.679943	0.0	0.0
1.309371	1.309260000	88.656471	0.0	0.0
1.322416	1.322300000	88.632866	0.0	0.0
1.335591	1.335470000	88.609128	0.0	0.0
1.348897	1.348770000	88.585253	0.0	0.0
1.362336	1.362200000	88.561238	0.0	0.0
1.375908	1.375770000	88.537083	0.0	0.0
1.389616	1.389470000	88.512784	0.0	0.0
1.403460	1.403300000	88.488339	0.0	0.0
1.417443	1.417280000	88.463745	0.0	0.0
1.431564	1.431390000	88.439001	0.0	0.0
1.445826	1.445650000	88.414104	0.0	0.0
1.460231	1.460040000	88.389049	0.0	0.0
1.474779	1.474580000	88.363837	0.0	0.0
1.489471	1.489260000	88.338466	0.0	0.0
1.504310	1.504090000	88.312931	0.0	0.0
1.519297	1.519070000	88.287229	0.0	0.0
1.534434	1.534200000	88.261359	0.0	0.0
1.549721	1.549470000	88.235319	0.0	0.0
1.565160	1.564900000	88.209106	0.0	0.0
1.580753	1.580480000	88.182717	0.0	0.0
1.596502	1.596220000	88.156149	0.0	0.0
1.612408	1.612110000	88.129399	0.0	0.0
1.628471	1.628160000	88.102468	0.0	0.0
1.644695	1.644380000	88.075349	0.0	0.0
1.661081	1.660750000	88.048041	0.0	0.0
1.677630	1.677280000	88.020541	0.0	0.0
1.694344	1.693980000	87.992846	0.0	0.0
1.711224	1.710850000	87.964956	0.0	0.0
1.728272	1.727880000	87.936866	0.0	0.0
1.745491	1.745080000	87.908571	0.0	0.0
1.762880	1.762460000	87.880074	0.0	0.0
1.780443	1.780000000	87.851367	0.0	0.0
1.798181	1.797720000	87.822449	0.0	0.0
1.816096	1.815620000	87.793317	0.0	0.0
1.834189	1.833700000	87.763970	0.0	0.0
1.852463	1.851950000	87.734401	0.0	0.0
1.870918	1.870390000	87.704612	0.0	0.0
1.889558	1.889000000	87.674595	0.0	0.0
1.908383	1.907810000	87.644352	0.0	0.0
1.927396	1.926800000	87.613876	0.0	0.0
1.946598	1.945980000	87.583167	0.0	0.0
1.965991	1.965350000	87.552221	0.0	0.0
1.985578	1.984910000	87.521033	0.0	0.0
2.005359	2.004670000	87.489604	0.0	0.0
2.025338	2.024620000	87.457927	0.0	0.0
2.045516	2.044780000	87.426001	0.0	0.0
2.065895	2.065130000	87.393822	0.0	0.0
2.086477	2.085680000	87.361387	0.0	0.0
2.107264	2.106440000	87.328693	0.0	0.0
2.128258	2.127400000	87.295738	0.0	0.0
2.149461	2.148580000	87.262517	0.0	0.0
2.170875	2.169960000	87.229028	0.0	0.0
2.192503	2.191550000	87.195265	0.0	0.0
2.214346	2.213360000	87.161229	0.0	0.0
2.236407	2.235390000	87.126913	0.0	0.0
2.258688	2.257640000	87.092314	0.0	0.0
2.281191	2.280100000	87.057431	0.0	0.0
2.303917	2.302790000	87.022260	0.0	0.0
2.326871	2.325700000	86.986795	0.0	0.0
2.350052	2.348850000	86.951037	0.0	0.0
2.373465	2.372220000	86.914978	0.0	0.0
2.397111	2.395820000	86.878617	0.0	0.0
2.420993	2.419660000	86.841948	0.0	0.0
2.445113	2.443730000	86.804970	0.0	0.0
2.469473	2.468040000	86.767679	0.0	0.0
2.494075	2.492600000	86.730072	0.0	0.0
2.518923	2.517400000	86.692142	0.0	0.0
2.544018	2.542440000	86.653889	0.0	0.0
2.569364	2.567730000	86.615306	0.0	0.0
2.594961	2.593270000	86.576393	0.0	0.0
2.620814	2.619070000	86.537143	0.0	0.0
2.646925	2.645120000	86.497553	0.0	0.0
2.673295	2.671430000	86.457621	0.0	0.0
2.699928	2.698000000	86.417341	0.0	0.0
2.726827	2.724840000	86.376708	0.0	0.0
2.753994	2.751940000	86.335721	0.0	0.0
2.781431	2.779310000	86.294374	0.0	0.0
2.809141	2.806950000	86.252665	0.0	0.0
2.837128	2.834860000	86.210587	0.0	0.0
2.865393	2.863050000	86.168139	0.0	0.0
2.893941	2.891520000	86.125313	0.0	0.0
2.922772	2.920270000	86.082109	0.0	0.0
2.951891	2.949310000	86.038519	0.0	0.0
2.981300	2.978630000	85.994542	0.0	0.0
3.011001	3.008250000	85.950173	0.0	0.0
3.040999	3.038160000	85.905406	0.0	0.0
3.071296	3.068360000	85.860237	0.0	0.0
3.101894	3.098860000	85.814663	0.0	0.0
3.132797	3.129670000	85.768679	0.0	0.0
3.164008	3.160780000	85.722280	0.0	0.0
3.195530	3.192200000	85.675462	0.0	0.0
3.227367	3.223930000	85.628218	0.0	0.0
3.259520	3.255970000	85.580548	0.0	0.0
3.291993	3.288330000	85.532445	0.0	0.0
3.324791	3.321010000	85.483902	0.0	0.0
3.357915	3.354010000	85.434917	0.0	0.0
3.391368	3.387340000	85.385487	0.0	0.0
3.425156	3.420990000	85.335603	0.0	0.0
3.459279	3.454980000	85.285263	0.0	0.0
3.493743	3.489310000	85.234460	0.0	0.0
3.528550	3.523980000	85.183191	0.0	0.0
3.563704	3.558980000	85.131450	0.0	0.0
3.599208	3.594340000	85.079232	0.0	0.0
3.635066	3.630040000	85.026532	0.0	0.0
3.671281	3.666100000	84.973345	0.0	0.0
3.707857	3.702510000	84.919666	0.0	0.0
3.744797	3.739280000	84.865490	0.0	0.0
3.782106	3.776410000	84.810809	0.0	0.0
3.819786	3.813910000	84.755622	0.0	0.0
3.857841	3.851780000	84.699921	0.0	0.0
3.896276	3.890020000	84.643701	0.0	0.0
3.935093	3.928640000	84.586958	0.0	0.0
3.974297	3.967650000	84.529684	0.0	0.0
4.013892	4.007030000	84.471874	0.0	0.0
4.053881	4.046800000	84.413524	0.0	0.0
4.094269	4.086970000	84.354627	0.0	0.0
4.135059	4.127530000	84.295178	0.0	0.0
4.176255	4.168490000	84.235171	0.0	0.0
4.217862	4.209850000	84.174599	0.0	0.0
4.259883	4.251620000	84.113458	0.0	0.0
4.302323	4.293800000	84.051741	0.0	0.0
4.345186	4.336400000	83.989442	0.0	0.0
4.388476	4.379420000	83.926555	0.0	0.0
4.432197	4.422860000	83.863075	0.0	0.0
4.476353	4.466720000	83.798996	0.0	0.0
4.520950	4.511020000	83.734308	0.0	0.0
4.565991	4.555750000	83.669009	0.0	0.0
4.611480	4.600920000	83.603092	0.0	0.0
4.657423	4.646530000	83.536548	0.0	0.0
4.703824	4.692600000	83.469373	0.0	0.0
4.750687	4.739110000	83.401560	0.0	0.0
4.798016	4.786080000	83.333103	0.0	0.0
4.845817	4.833510000	83.263995	0.0	0.0
4.894095	4.881410000	83.194227	0.0	0.0
4.942853	4.929770000	83.123796	0.0	0.0
4.992097	4.978610000	83.052693	0.0	0.0
5.041832	5.027930000	82.980911	0.0	0.0
5.092062	5.077730000	82.908445	0.0	0.0
5.142793	5.128020000	82.835286	0.0	0.0
5.194029	5.178790000	82.761428	0.0	0.0
5.245776	5.230070000	82.686862	0.0	0.0
5.298038	5.281850000	82.611584	0.0	0.0
5.350821	5.334130000	82.535585	0.0	0.0
5.404129	5.386920000	82.458858	0.0	0.0
5.457969	5.440230000	82.381395	0.0	0.0
5.512345	5.494060000	82.303189	0.0	0.0
5.567263	5.548420000	82.224233	0.0	0.0
5.622728	5.603300000	82.144518	0.0	0.0
5.678746	5.658720000	82.064037	0.0	0.0
5.735321	5.714680000	81.982785	0.0	0.0
5.792460	5.771190000	81.900750	0.0	0.0
5.850169	5.828240000	81.817926	0.0	0.0
5.908453	5.885850000	81.734304	0.0	0.0
5.967317	5.944030000	81.649878	0.0	0.0
6.026767	6.002760000	81.564640	0.0	0.0
6.086810	6.062060000	81.478579	0.0	0.0
6.147451	6.121950000	81.391689	0.0	0.0
6.208696	6.182410000	81.303962	0.0	0.0
6.270552	6.243460000	81.215387	0.0	0.0
6.333023	6.305110000	81.125959	0.0	0.0
6.396117	6.367350000	81.035668	0.0	0.0
6.459840	6.430190000	80.944504	0.0	0.0
6.524198	6.493640000	80.852459	0.0	0.0
6.589196	6.557700000	80.759527	0.0	0.0
6.654842	6.622390000	80.665696	0.0	0.0
6.721143	6.687700000	80.570956	0.0	0.0
6.788103	6.753630000	80.475303	0.0	0.0
6.855731	6.820210000	80.378724	0.0	0.0
6.924033	6.887430000	80.281210	0.0	0.0
6.993015	6.955290000	80.182753	0.0	0.0
7.062684	7.023810000	80.083344	0.0	0.0
7.133048	7.093000000	79.982971	0.0	0.0
7.204112	7.162840000	79.881628	0.0	0.0
7.275884	7.233360000	79.779304	0.0	0.0
7.348372	7.304550000	79.675988	0.0	0.0
7.421582	7.376420000	79.571671	0.0	0.0
7.495521	7.448990000	79.466344	0.0	0.0
7.570196	7.522250000	79.359998	0.0	0.0
7.645616	7.596210000	79.252619	0.0	0.0
7.721787	7.670880000	79.144201	0.0	0.0
7.798717	7.746260000	79.034732	0.0	0.0
7.876413	7.822360000	78.924202	0.0	0.0
7.954883	7.899200000	78.812601	0.0	0.0
8.034135	7.976760000	78.699918	0.0	0.0
8.114177	8.055060000	78.586142	0.0	0.0
8.195016	8.134100000	78.471264	0.0	0.0
8.276661	8.213900000	78.355271	0.0	0.0
8.359119	8.294450000	78.238154	0.0	0.0
8.442398	8.375770000	78.119902	0.0	0.0
8.526507	8.457860000	78.000503	0.0	0.0
8.611454	8.540730000	77.879947	0.0	0.0
8.697247	8.624390000	77.758222	0.0	0.0
8.783896	8.708830000	77.635315	0.0	0.0
8.871407	8.794060000	77.511219	0.0	0.0
8.959790	8.880110000	77.385920	0.0	0.0
9.049054	8.966960000	77.259405	0.0	0.0
9.139207	9.054630000	77.131664	0.0	0.0
9.230258	9.143130000	77.002686	0.0	0.0
9.322216	9.232450000	76.872457	0.0	0.0
9.415091	9.322610000	76.740966	0.0	0.0
9.508890	9.413620000	76.608203	0.0	0.0
9.603625	9.505480000	76.474151	0.0	0.0
9.699303	9.598190000	76.338802	0.0	0.0
9.795934	9.691770000	76.202142	0.0	0.0
9.893528	9.786220000	76.064159	0.0	0.0
9.992094	9.881550000	75.924840	0.0	0.0
10.091640	9.977770000	75.784175	0.0	0.0
10.192180	10.074900000	75.642146	0.0	0.0
10.293720	10.172900000	75.498745	0.0	0.0
10.396280	10.271800000	75.353945	0.0	0.0
10.499850	10.371600000	75.207760	0.0	0.0
10.604460	10.472400000	75.060151	0.0	0.0
10.710110	10.574000000	74.911118	0.0	0.0
10.816810	10.676600000	74.760648	0.0	0.0
10.924570	10.780200000	74.608729	0.0	0.0
11.033410	10.884700000	74.455332	0.0	0.0
11.143340	10.990100000	74.300447	0.0	0.0
11.254350	11.096600000	74.144088	0.0	0.0
11.366480	11.203900000	73.986200	0.0	0.0
11.479720	11.312300000	73.826799	0.0	0.0
11.594090	11.421600000	73.665858	0.0	0.0
11.709600	11.532000000	73.503365	0.0	0.0
11.826250	11.643300000	73.339321	0.0	0.0
11.944080	11.755600000	73.173671	0.0	0.0
12.063070	11.869000000	73.006446	0.0	0.0
12.183250	11.983300000	72.837605	0.0	0.0
12.304630	12.098700000	72.667135	0.0	0.0
12.427220	12.215100000	72.495025	0.0	0.0
12.551030	12.332600000	72.321262	0.0	0.0
12.676070	12.451100000	72.145835	0.0	0.0
12.802360	12.570600000	71.968716	0.0	0.0
12.929900	12.691300000	71.789909	0.0	0.0
13.058720	12.812900000	71.609373	0.0	0.0
13.188820	12.935700000	71.427110	0.0	0.0
13.320220	13.059500000	71.243095	0.0	0.0
13.452920	13.184400000	71.057329	0.0	0.0
13.586950	13.310400000	70.869775	0.0	0.0
13.722310	13.437500000	70.680432	0.0	0.0
13.859020	13.565800000	70.489277	0.0	0.0
13.997100	13.695100000	70.296284	0.0	0.0
14.136540	13.825500000	70.101469	0.0	0.0
14.277380	13.957100000	69.904780	0.0	0.0
14.419620	14.089800000	69.706219	0.0	0.0
14.563280	14.223600000	69.505760	0.0	0.0
14.708370	14.358600000	69.303394	0.0	0.0
14.854910	14.494700000	69.099095	0.0	0.0
15.002900	14.632000000	68.892867	0.0	0.0
15.152370	14.770400000	68.684670	0.0	0.0
15.303330	14.910000000	68.474494	0.0	0.0
15.455790	15.050800000	68.262329	0.0	0.0
15.609770	15.192700000	68.048150	0.0	0.0
15.765290	15.335800000	67.831934	0.0	0.0
15.922350	15.480100000	67.613683	0.0	0.0
16.080980	15.625600000	67.393360	0.0	0.0
16.241190	15.772000000	67.170955	0.0	0.0
16.403000	15.916800000	66.946444	0.0	0.0
16.566420	16.050600000	66.719818	0.0	0.0
16.731460	16.145400000	66.491066	0.0	0.0
16.898160	16.140300000	66.260139	0.0	0.0
17.066510	15.929300000	66.027053	0.0	0.0
17.236540	15.369200000	65.791773	0.0	0.0
17.408260	14.317500000	65.554289	0.0	0.0
17.581690	12.698200000	65.314578	0.0	0.0
17.756850	10.565800000	65.072618	0.0	0.0
17.933760	8.127370000	64.828387	0.0	0.0
18.112430	5.694510000	64.581875	0.0	0.0
18.292880	3.578500000	64.333061	0.0	0.0
18.475120	1.982580000	64.081936	0.0	0.0
18.659180	0.948841000	63.828465	0.0	0.0
18.845080	0.382195000	63.572627	0.0	0.0
19.032830	0.125031000	63.314413	0.0	0.0
19.222450	0.031508500	63.053802	0.0	0.0
19.413950	0.005608610	62.790787	0.0	0.0
19.607370	0.000597642	62.525320	0.0	0.0
19.802710	0.000024876	62.257408	0.0	0.0
20.000000	0.000000289	62.532152	0.0	0.0

