# UNCLASSIFIED
#
# Response info for PMSA broad-band site.
#
# Effective: 19 FEB 2012
# Created: 18 JUN 2012
# File name: PMSA.BB.1329670598
# Source:  James Neely (TTD), TSgt Swindle (TTD)
# System equipment: Strekeisen STS-2.5 and Quanterra 330 digitizer.
# INID: 5805 5806 5807
#
# The response file was derived from equations of state.
# Displacement response relative to 1.0 at 1.0 Hz.
#
# The calib values for this configuration are as follows:
#
# PMSA BHZ is 0.063370 nm/count at 1.00 Hz.
# PMSA BHN is 0.062410 nm/count at 1.00 Hz.
# PMSA BHE is 0.062620 nm/count at 1.00 Hz.
#
# Freq(Hz)    Ampl(counts/nm)   Phase(deg)  Error(amp) Error(phase)
#
 theoretical   0   instrument   fap
1000
0.001000	0.000014012	260.277015	0.0	0.0
0.001010	0.000014435	260.179234	0.0	0.0
0.001020	0.000014871	260.080455	0.0	0.0
0.001030	0.000015319	259.980666	0.0	0.0
0.001040	0.000015782	259.879856	0.0	0.0
0.001051	0.000016258	259.778005	0.0	0.0
0.001061	0.000016749	259.675111	0.0	0.0
0.001072	0.000017254	259.571164	0.0	0.0
0.001083	0.000017775	259.466142	0.0	0.0
0.001093	0.000018311	259.360045	0.0	0.0
0.001104	0.000018864	259.252861	0.0	0.0
0.001115	0.000019433	259.144568	0.0	0.0
0.001126	0.000020020	259.035157	0.0	0.0
0.001138	0.000020624	258.924625	0.0	0.0
0.001149	0.000021247	258.812952	0.0	0.0
0.001160	0.000021888	258.700125	0.0	0.0
0.001172	0.000022548	258.586134	0.0	0.0
0.001184	0.000023229	258.470967	0.0	0.0
0.001195	0.000023930	258.354603	0.0	0.0
0.001207	0.000024652	258.237039	0.0	0.0
0.001219	0.000025396	258.118266	0.0	0.0
0.001231	0.000026162	257.998250	0.0	0.0
0.001244	0.000026952	257.877000	0.0	0.0
0.001256	0.000027765	257.754484	0.0	0.0
0.001269	0.000028603	257.630701	0.0	0.0
0.001281	0.000029466	257.505629	0.0	0.0
0.001294	0.000030355	257.379265	0.0	0.0
0.001307	0.000031271	257.251579	0.0	0.0
0.001320	0.000032214	257.122567	0.0	0.0
0.001333	0.000033186	256.992207	0.0	0.0
0.001346	0.000034188	256.860488	0.0	0.0
0.001360	0.000035219	256.727388	0.0	0.0
0.001373	0.000036282	256.592903	0.0	0.0
0.001387	0.000037377	256.457011	0.0	0.0
0.001401	0.000038504	256.319700	0.0	0.0
0.001415	0.000039666	256.180948	0.0	0.0
0.001429	0.000040863	256.040741	0.0	0.0
0.001443	0.000042095	255.899068	0.0	0.0
0.001457	0.000043365	255.755904	0.0	0.0
0.001472	0.000044674	255.611228	0.0	0.0
0.001487	0.000046021	255.465036	0.0	0.0
0.001501	0.000047409	255.317306	0.0	0.0
0.001516	0.000048839	255.168013	0.0	0.0
0.001532	0.000050313	255.017145	0.0	0.0
0.001547	0.000051830	254.864689	0.0	0.0
0.001562	0.000053394	254.710620	0.0	0.0
0.001578	0.000055004	254.554916	0.0	0.0
0.001593	0.000056663	254.397563	0.0	0.0
0.001609	0.000058372	254.238536	0.0	0.0
0.001625	0.000060132	254.077833	0.0	0.0
0.001642	0.000061945	253.915408	0.0	0.0
0.001658	0.000063813	253.751258	0.0	0.0
0.001674	0.000065738	253.585369	0.0	0.0
0.001691	0.000067720	253.417695	0.0	0.0
0.001708	0.000069762	253.248243	0.0	0.0
0.001725	0.000071865	253.076979	0.0	0.0
0.001742	0.000074031	252.903876	0.0	0.0
0.001760	0.000076263	252.728921	0.0	0.0
0.001777	0.000078562	252.552088	0.0	0.0
0.001795	0.000080930	252.373351	0.0	0.0
0.001813	0.000083370	252.192696	0.0	0.0
0.001831	0.000085883	252.010098	0.0	0.0
0.001849	0.000088471	251.825530	0.0	0.0
0.001867	0.000091137	251.638966	0.0	0.0
0.001886	0.000093883	251.450391	0.0	0.0
0.001905	0.000096712	251.259768	0.0	0.0
0.001924	0.000099626	251.067091	0.0	0.0
0.001943	0.000102628	250.872314	0.0	0.0
0.001962	0.000105719	250.675420	0.0	0.0
0.001982	0.000108904	250.476381	0.0	0.0
0.002002	0.000112184	250.275182	0.0	0.0
0.002022	0.000115563	250.071774	0.0	0.0
0.002042	0.000119043	249.866160	0.0	0.0
0.002062	0.000122628	249.658283	0.0	0.0
0.002083	0.000126320	249.448135	0.0	0.0
0.002103	0.000130123	249.235678	0.0	0.0
0.002124	0.000134040	249.020893	0.0	0.0
0.002145	0.000138075	248.803731	0.0	0.0
0.002167	0.000142230	248.584185	0.0	0.0
0.002188	0.000146510	248.362216	0.0	0.0
0.002210	0.000150918	248.137793	0.0	0.0
0.002232	0.000155459	247.910889	0.0	0.0
0.002254	0.000160135	247.681462	0.0	0.0
0.002277	0.000164951	247.449494	0.0	0.0
0.002300	0.000169912	247.214945	0.0	0.0
0.002322	0.000175020	246.977783	0.0	0.0
0.002346	0.000180282	246.737978	0.0	0.0
0.002369	0.000185701	246.495490	0.0	0.0
0.002393	0.000191282	246.250287	0.0	0.0
0.002416	0.000197029	246.002349	0.0	0.0
0.002441	0.000202948	245.751612	0.0	0.0
0.002465	0.000209044	245.498066	0.0	0.0
0.002489	0.000215321	245.241669	0.0	0.0
0.002514	0.000221786	244.982377	0.0	0.0
0.002539	0.000228443	244.720158	0.0	0.0
0.002565	0.000235299	244.454970	0.0	0.0
0.002590	0.000242359	244.186788	0.0	0.0
0.002616	0.000249628	243.915560	0.0	0.0
0.002642	0.000257114	243.641252	0.0	0.0
0.002668	0.000264823	243.363818	0.0	0.0
0.002695	0.000272760	243.083226	0.0	0.0
0.002722	0.000280933	242.799430	0.0	0.0
0.002749	0.000289348	242.512385	0.0	0.0
0.002776	0.000298013	242.222067	0.0	0.0
0.002804	0.000306934	241.928409	0.0	0.0
0.002832	0.000316119	241.631385	0.0	0.0
0.002860	0.000325576	241.330951	0.0	0.0
0.002888	0.000335313	241.027059	0.0	0.0
0.002917	0.000345336	240.719662	0.0	0.0
0.002946	0.000355656	240.408714	0.0	0.0
0.002976	0.000366279	240.094167	0.0	0.0
0.003005	0.000377215	239.775995	0.0	0.0
0.003035	0.000388473	239.454118	0.0	0.0
0.003066	0.000400062	239.128521	0.0	0.0
0.003096	0.000411990	238.799134	0.0	0.0
0.003127	0.000424269	238.465918	0.0	0.0
0.003158	0.000436906	238.128826	0.0	0.0
0.003190	0.000449913	237.787798	0.0	0.0
0.003221	0.000463301	237.442796	0.0	0.0
0.003253	0.000477078	237.093760	0.0	0.0
0.003286	0.000491257	236.740652	0.0	0.0
0.003319	0.000505848	236.383400	0.0	0.0
0.003352	0.000520863	236.021977	0.0	0.0
0.003385	0.000536314	235.656312	0.0	0.0
0.003419	0.000552211	235.286355	0.0	0.0
0.003453	0.000568569	234.912068	0.0	0.0
0.003487	0.000585398	234.533379	0.0	0.0
0.003522	0.000602712	234.150238	0.0	0.0
0.003557	0.000620523	233.762608	0.0	0.0
0.003592	0.000638846	233.370406	0.0	0.0
0.003628	0.000657693	232.973606	0.0	0.0
0.003664	0.000677078	232.572135	0.0	0.0
0.003701	0.000697017	232.165945	0.0	0.0
0.003738	0.000717522	231.754988	0.0	0.0
0.003775	0.000738609	231.339194	0.0	0.0
0.003813	0.000760294	230.918515	0.0	0.0
0.003851	0.000782590	230.492892	0.0	0.0
0.003889	0.000805515	230.062278	0.0	0.0
0.003928	0.000829084	229.626606	0.0	0.0
0.003967	0.000853312	229.185840	0.0	0.0
0.004006	0.000878217	228.739913	0.0	0.0
0.004046	0.000903816	228.288770	0.0	0.0
0.004087	0.000930124	227.832356	0.0	0.0
0.004127	0.000957160	227.370629	0.0	0.0
0.004168	0.000984941	226.903536	0.0	0.0
0.004210	0.001013490	226.431003	0.0	0.0
0.004252	0.001042810	225.953001	0.0	0.0
0.004294	0.001072940	225.469471	0.0	0.0
0.004337	0.001103880	224.980365	0.0	0.0
0.004380	0.001135660	224.485636	0.0	0.0
0.004424	0.001168290	223.985228	0.0	0.0
0.004468	0.001201800	223.479097	0.0	0.0
0.004512	0.001236200	222.967215	0.0	0.0
0.004557	0.001271520	222.449519	0.0	0.0
0.004603	0.001307760	221.925972	0.0	0.0
0.004649	0.001344960	221.396539	0.0	0.0
0.004695	0.001383140	220.861176	0.0	0.0
0.004742	0.001422300	220.319841	0.0	0.0
0.004789	0.001462480	219.772506	0.0	0.0
0.004837	0.001503690	219.219149	0.0	0.0
0.004885	0.001545950	218.659734	0.0	0.0
0.004934	0.001589280	218.094221	0.0	0.0
0.004983	0.001633700	217.522606	0.0	0.0
0.005032	0.001679230	216.944855	0.0	0.0
0.005082	0.001725900	216.360947	0.0	0.0
0.005133	0.001773710	215.770879	0.0	0.0
0.005184	0.001822700	215.174628	0.0	0.0
0.005236	0.001872870	214.572197	0.0	0.0
0.005288	0.001924250	213.963572	0.0	0.0
0.005341	0.001976860	213.348766	0.0	0.0
0.005394	0.002030710	212.727773	0.0	0.0
0.005448	0.002085820	212.100606	0.0	0.0
0.005502	0.002142210	211.467268	0.0	0.0
0.005557	0.002199900	210.827782	0.0	0.0
0.005612	0.002258890	210.182187	0.0	0.0
0.005668	0.002319220	209.530491	0.0	0.0
0.005725	0.002380890	208.872735	0.0	0.0
0.005782	0.002443920	208.208951	0.0	0.0
0.005839	0.002508320	207.539190	0.0	0.0
0.005897	0.002574100	206.863511	0.0	0.0
0.005956	0.002641280	206.181942	0.0	0.0
0.006015	0.002709870	205.494578	0.0	0.0
0.006075	0.002779880	204.801462	0.0	0.0
0.006136	0.002851310	204.102678	0.0	0.0
0.006197	0.002924190	203.398307	0.0	0.0
0.006259	0.002998500	202.688436	0.0	0.0
0.006321	0.003074270	201.973160	0.0	0.0
0.006384	0.003151500	201.252581	0.0	0.0
0.006448	0.003230190	200.526797	0.0	0.0
0.006512	0.003310340	199.795936	0.0	0.0
0.006577	0.003391960	199.060113	0.0	0.0
0.006642	0.003475050	198.319447	0.0	0.0
0.006708	0.003559600	197.574090	0.0	0.0
0.006775	0.003645620	196.824166	0.0	0.0
0.006843	0.003733110	196.069840	0.0	0.0
0.006911	0.003822050	195.311252	0.0	0.0
0.006980	0.003912450	194.548572	0.0	0.0
0.007049	0.004004290	193.781962	0.0	0.0
0.007120	0.004097580	193.011597	0.0	0.0
0.007191	0.004192300	192.237654	0.0	0.0
0.007262	0.004288440	191.460330	0.0	0.0
0.007335	0.004385990	190.679805	0.0	0.0
0.007408	0.004484940	189.896277	0.0	0.0
0.007481	0.004585270	189.109961	0.0	0.0
0.007556	0.004686980	188.321045	0.0	0.0
0.007631	0.004790030	187.529743	0.0	0.0
0.007707	0.004894430	186.736286	0.0	0.0
0.007784	0.005000140	185.940876	0.0	0.0
0.007862	0.005107160	185.143743	0.0	0.0
0.007940	0.005215460	184.345107	0.0	0.0
0.008019	0.005325030	183.545205	0.0	0.0
0.008099	0.005435840	182.744266	0.0	0.0
0.008180	0.005547870	181.942521	0.0	0.0
0.008261	0.005661090	181.140212	0.0	0.0
0.008343	0.005775500	180.337557	0.0	0.0
0.008426	0.005891070	179.534811	0.0	0.0
0.008510	0.006007760	178.732194	0.0	0.0
0.008595	0.006125570	177.929952	0.0	0.0
0.008681	0.006244460	177.128315	0.0	0.0
0.008767	0.006364420	176.327521	0.0	0.0
0.008855	0.006485420	175.527808	0.0	0.0
0.008943	0.006607440	174.729391	0.0	0.0
0.009032	0.006730460	173.932507	0.0	0.0
0.009122	0.006854450	173.137388	0.0	0.0
0.009213	0.006979390	172.344244	0.0	0.0
0.009305	0.007105270	171.553303	0.0	0.0
0.009397	0.007232050	170.764780	0.0	0.0
0.009491	0.007359730	169.978878	0.0	0.0
0.009586	0.007488280	169.195804	0.0	0.0
0.009681	0.007617690	168.415762	0.0	0.0
0.009777	0.007747920	167.638950	0.0	0.0
0.009875	0.007878980	166.865556	0.0	0.0
0.009973	0.008010840	166.095759	0.0	0.0
0.010073	0.008143480	165.329715	0.0	0.0
0.010173	0.008276900	164.567662	0.0	0.0
0.010274	0.008411080	163.809728	0.0	0.0
0.010377	0.008546010	163.056072	0.0	0.0
0.010480	0.008681670	162.306849	0.0	0.0
0.010584	0.008818060	161.562208	0.0	0.0
0.010690	0.008955170	160.822289	0.0	0.0
0.010796	0.009093000	160.087229	0.0	0.0
0.010904	0.009231520	159.357157	0.0	0.0
0.011013	0.009370750	158.632198	0.0	0.0
0.011122	0.009510670	157.912403	0.0	0.0
0.011233	0.009651280	157.197950	0.0	0.0
0.011345	0.009792580	156.488943	0.0	0.0
0.011458	0.009934580	155.785418	0.0	0.0
0.011572	0.010077300	155.087530	0.0	0.0
0.011688	0.010220600	154.395306	0.0	0.0
0.011804	0.010364700	153.708827	0.0	0.0
0.011922	0.010509500	153.028169	0.0	0.0
0.012040	0.010654900	152.353402	0.0	0.0
0.012160	0.010801100	151.684534	0.0	0.0
0.012281	0.010948000	151.021681	0.0	0.0
0.012404	0.011095600	150.364893	0.0	0.0
0.012527	0.011243900	149.714114	0.0	0.0
0.012652	0.011393000	149.069491	0.0	0.0
0.012778	0.011542800	148.430960	0.0	0.0
0.012906	0.011693400	147.798556	0.0	0.0
0.013034	0.011844800	147.172359	0.0	0.0
0.013164	0.011996900	146.552295	0.0	0.0
0.013295	0.012149900	145.938435	0.0	0.0
0.013428	0.012303600	145.330794	0.0	0.0
0.013561	0.012458200	144.729295	0.0	0.0
0.013696	0.012613600	144.133992	0.0	0.0
0.013833	0.012769900	143.544891	0.0	0.0
0.013971	0.012927000	142.961950	0.0	0.0
0.014110	0.013085100	142.385129	0.0	0.0
0.014250	0.013244000	141.814464	0.0	0.0
0.014392	0.013403900	141.249870	0.0	0.0
0.014536	0.013564700	140.691415	0.0	0.0
0.014681	0.013726500	140.138972	0.0	0.0
0.014827	0.013889200	139.592565	0.0	0.0
0.014975	0.014053000	139.052142	0.0	0.0
0.015124	0.014217800	138.517720	0.0	0.0
0.015275	0.014383600	137.989172	0.0	0.0
0.015427	0.014550500	137.466545	0.0	0.0
0.015580	0.014718400	136.949748	0.0	0.0
0.015736	0.014887500	136.438723	0.0	0.0
0.015892	0.015057700	135.933477	0.0	0.0
0.016051	0.015229100	135.433948	0.0	0.0
0.016211	0.015401600	134.940077	0.0	0.0
0.016372	0.015575300	134.451832	0.0	0.0
0.016535	0.015750200	133.969154	0.0	0.0
0.016700	0.015926400	133.492008	0.0	0.0
0.016866	0.016103800	133.020305	0.0	0.0
0.017034	0.016282500	132.554040	0.0	0.0
0.017204	0.016462500	132.093123	0.0	0.0
0.017375	0.016643800	131.637520	0.0	0.0
0.017549	0.016826500	131.187169	0.0	0.0
0.017723	0.017010600	130.742035	0.0	0.0
0.017900	0.017196100	130.302055	0.0	0.0
0.018078	0.017383000	129.867168	0.0	0.0
0.018258	0.017571300	129.437315	0.0	0.0
0.018440	0.017761100	129.012434	0.0	0.0
0.018624	0.017952400	128.592514	0.0	0.0
0.018810	0.018145200	128.177447	0.0	0.0
0.018997	0.018339600	127.767221	0.0	0.0
0.019186	0.018535500	127.361754	0.0	0.0
0.019377	0.018733100	126.960989	0.0	0.0
0.019570	0.018932200	126.564889	0.0	0.0
0.019765	0.019133000	126.173398	0.0	0.0
0.019962	0.019335500	125.786438	0.0	0.0
0.020161	0.019539600	125.403976	0.0	0.0
0.020362	0.019745500	125.025956	0.0	0.0
0.020565	0.019953100	124.652323	0.0	0.0
0.020770	0.020162500	124.283025	0.0	0.0
0.020977	0.020373700	123.917991	0.0	0.0
0.021186	0.020586700	123.557203	0.0	0.0
0.021397	0.020801500	123.200577	0.0	0.0
0.021610	0.021018200	122.848080	0.0	0.0
0.021825	0.021236800	122.499660	0.0	0.0
0.022043	0.021457300	122.155253	0.0	0.0
0.022262	0.021679800	121.814811	0.0	0.0
0.022484	0.021904200	121.478302	0.0	0.0
0.022708	0.022130700	121.145665	0.0	0.0
0.022934	0.022359200	120.816838	0.0	0.0
0.023163	0.022589700	120.491806	0.0	0.0
0.023394	0.022822300	120.170481	0.0	0.0
0.023627	0.023057000	119.852848	0.0	0.0
0.023862	0.023293800	119.538837	0.0	0.0
0.024100	0.023532800	119.228419	0.0	0.0
0.024340	0.023774000	118.921553	0.0	0.0
0.024582	0.024017400	118.618160	0.0	0.0
0.024827	0.024263000	118.318237	0.0	0.0
0.025075	0.024510900	118.021710	0.0	0.0
0.025324	0.024761100	117.728551	0.0	0.0
0.025577	0.025013600	117.438712	0.0	0.0
0.025832	0.025268500	117.152154	0.0	0.0
0.026089	0.025525800	116.868832	0.0	0.0
0.026349	0.025785400	116.588699	0.0	0.0
0.026611	0.026047500	116.311730	0.0	0.0
0.026876	0.026312100	116.037871	0.0	0.0
0.027144	0.026579100	115.767077	0.0	0.0
0.027415	0.026848700	115.499327	0.0	0.0
0.027688	0.027120800	115.234578	0.0	0.0
0.027964	0.027395500	114.972789	0.0	0.0
0.028242	0.027672800	114.713910	0.0	0.0
0.028524	0.027952700	114.457930	0.0	0.0
0.028808	0.028235400	114.204783	0.0	0.0
0.029095	0.028520700	113.954457	0.0	0.0
0.029385	0.028808700	113.706908	0.0	0.0
0.029677	0.029099500	113.462098	0.0	0.0
0.029973	0.029393100	113.219992	0.0	0.0
0.030272	0.029689500	112.980564	0.0	0.0
0.030573	0.029988800	112.743771	0.0	0.0
0.030878	0.030290900	112.509589	0.0	0.0
0.031185	0.030596000	112.277983	0.0	0.0
0.031496	0.030904000	112.048916	0.0	0.0
0.031810	0.031214900	111.822355	0.0	0.0
0.032127	0.031528900	111.598278	0.0	0.0
0.032447	0.031846000	111.376647	0.0	0.0
0.032770	0.032166100	111.157433	0.0	0.0
0.033097	0.032489300	110.940607	0.0	0.0
0.033426	0.032815700	110.726142	0.0	0.0
0.033759	0.033145200	110.514003	0.0	0.0
0.034096	0.033477900	110.304170	0.0	0.0
0.034435	0.033813900	110.096605	0.0	0.0
0.034778	0.034153200	109.891287	0.0	0.0
0.035125	0.034495800	109.688191	0.0	0.0
0.035475	0.034841700	109.487281	0.0	0.0
0.035828	0.035191000	109.288534	0.0	0.0
0.036185	0.035543700	109.091930	0.0	0.0
0.036546	0.035899900	108.897431	0.0	0.0
0.036910	0.036259600	108.705025	0.0	0.0
0.037278	0.036622800	108.514678	0.0	0.0
0.037649	0.036989600	108.326366	0.0	0.0
0.038024	0.037359900	108.140070	0.0	0.0
0.038403	0.037733900	107.955756	0.0	0.0
0.038785	0.038111600	107.773414	0.0	0.0
0.039172	0.038493000	107.593009	0.0	0.0
0.039562	0.038878100	107.414522	0.0	0.0
0.039956	0.039267100	107.237934	0.0	0.0
0.040354	0.039659800	107.063217	0.0	0.0
0.040756	0.040056500	106.890350	0.0	0.0
0.041162	0.040457000	106.719310	0.0	0.0
0.041572	0.040861500	106.550083	0.0	0.0
0.041987	0.041270000	106.382638	0.0	0.0
0.042405	0.041682500	106.216960	0.0	0.0
0.042827	0.042099100	106.053027	0.0	0.0
0.043254	0.042519800	105.890822	0.0	0.0
0.043685	0.042944700	105.730318	0.0	0.0
0.044120	0.043373800	105.571500	0.0	0.0
0.044560	0.043807100	105.414346	0.0	0.0
0.045004	0.044244600	105.258839	0.0	0.0
0.045452	0.044686600	105.104959	0.0	0.0
0.045905	0.045132900	104.952691	0.0	0.0
0.046362	0.045583600	104.802010	0.0	0.0
0.046824	0.046038700	104.652903	0.0	0.0
0.047291	0.046498400	104.505347	0.0	0.0
0.047762	0.046962700	104.359330	0.0	0.0
0.048238	0.047431500	104.214830	0.0	0.0
0.048718	0.047905000	104.071835	0.0	0.0
0.049204	0.048383100	103.930321	0.0	0.0
0.049694	0.048866100	103.790277	0.0	0.0
0.050189	0.049353800	103.651685	0.0	0.0
0.050689	0.049846300	103.514526	0.0	0.0
0.051194	0.050343700	103.378786	0.0	0.0
0.051704	0.050846100	103.244450	0.0	0.0
0.052219	0.051353500	103.111501	0.0	0.0
0.052739	0.051865800	102.979925	0.0	0.0
0.053265	0.052383300	102.849703	0.0	0.0
0.053795	0.052905900	102.720824	0.0	0.0
0.054331	0.053433700	102.593271	0.0	0.0
0.054873	0.053966800	102.467031	0.0	0.0
0.055419	0.054505100	102.342088	0.0	0.0
0.055971	0.055048800	102.218426	0.0	0.0
0.056529	0.055597900	102.096036	0.0	0.0
0.057092	0.056152400	101.974899	0.0	0.0
0.057661	0.056712500	101.855002	0.0	0.0
0.058235	0.057278100	101.736334	0.0	0.0
0.058816	0.057849400	101.618880	0.0	0.0
0.059402	0.058426300	101.502627	0.0	0.0
0.059993	0.059008900	101.387561	0.0	0.0
0.060591	0.059597400	101.273669	0.0	0.0
0.061195	0.060191700	101.160940	0.0	0.0
0.061804	0.060791900	101.049361	0.0	0.0
0.062420	0.061398100	100.938917	0.0	0.0
0.063042	0.062010300	100.829597	0.0	0.0
0.063670	0.062628600	100.721390	0.0	0.0
0.064304	0.063253100	100.614285	0.0	0.0
0.064945	0.063883800	100.508267	0.0	0.0
0.065592	0.064520700	100.403325	0.0	0.0
0.066246	0.065164100	100.299450	0.0	0.0
0.066906	0.065813700	100.196627	0.0	0.0
0.067572	0.066469900	100.094847	0.0	0.0
0.068245	0.067132600	99.994099	0.0	0.0
0.068925	0.067801900	99.894371	0.0	0.0
0.069612	0.068477900	99.795651	0.0	0.0
0.070305	0.069160600	99.697930	0.0	0.0
0.071006	0.069850000	99.601198	0.0	0.0
0.071713	0.070546400	99.505442	0.0	0.0
0.072428	0.071249700	99.410653	0.0	0.0
0.073149	0.071959900	99.316822	0.0	0.0
0.073878	0.072677300	99.223936	0.0	0.0
0.074614	0.073401800	99.131988	0.0	0.0
0.075357	0.074133500	99.040966	0.0	0.0
0.076108	0.074872600	98.950859	0.0	0.0
0.076866	0.075618900	98.861662	0.0	0.0
0.077632	0.076372700	98.773361	0.0	0.0
0.078406	0.077134000	98.685949	0.0	0.0
0.079187	0.077903000	98.599414	0.0	0.0
0.079976	0.078679500	98.513750	0.0	0.0
0.080773	0.079463800	98.428946	0.0	0.0
0.081577	0.080255900	98.344993	0.0	0.0
0.082390	0.081056000	98.261883	0.0	0.0
0.083211	0.081863900	98.179607	0.0	0.0
0.084040	0.082680000	98.098154	0.0	0.0
0.084877	0.083504100	98.017519	0.0	0.0
0.085723	0.084336500	97.937690	0.0	0.0
0.086577	0.085177200	97.858663	0.0	0.0
0.087439	0.086026200	97.780425	0.0	0.0
0.088310	0.086883700	97.702970	0.0	0.0
0.089190	0.087749800	97.626289	0.0	0.0
0.090079	0.088624500	97.550375	0.0	0.0
0.090976	0.089507900	97.475220	0.0	0.0
0.091883	0.090400200	97.400815	0.0	0.0
0.092798	0.091301300	97.327153	0.0	0.0
0.093722	0.092211400	97.254225	0.0	0.0
0.094656	0.093130600	97.182026	0.0	0.0
0.095599	0.094058900	97.110547	0.0	0.0
0.096552	0.094996600	97.039779	0.0	0.0
0.097514	0.095943500	96.969718	0.0	0.0
0.098485	0.096899900	96.900354	0.0	0.0
0.099466	0.097865900	96.831680	0.0	0.0
0.100457	0.098841400	96.763688	0.0	0.0
0.101458	0.099826700	96.696377	0.0	0.0
0.102469	0.100822000	96.629732	0.0	0.0
0.103490	0.101827000	96.563749	0.0	0.0
0.104521	0.102842000	96.498425	0.0	0.0
0.105562	0.103867000	96.433749	0.0	0.0
0.106614	0.104903000	96.369714	0.0	0.0
0.107676	0.105948000	96.306318	0.0	0.0
0.108749	0.107005000	96.243545	0.0	0.0
0.109832	0.108071000	96.181400	0.0	0.0
0.110926	0.109149000	96.119870	0.0	0.0
0.112031	0.110237000	96.058945	0.0	0.0
0.113148	0.111336000	95.998630	0.0	0.0
0.114275	0.112446000	95.938908	0.0	0.0
0.115413	0.113567000	95.879784	0.0	0.0
0.116563	0.114699000	95.821237	0.0	0.0
0.117724	0.115842000	95.763277	0.0	0.0
0.118897	0.116997000	95.705884	0.0	0.0
0.120082	0.118164000	95.649063	0.0	0.0
0.121278	0.119342000	95.592798	0.0	0.0
0.122486	0.120532000	95.537095	0.0	0.0
0.123707	0.121733000	95.481939	0.0	0.0
0.124939	0.122947000	95.427325	0.0	0.0
0.126184	0.124173000	95.373255	0.0	0.0
0.127441	0.125411000	95.319717	0.0	0.0
0.128711	0.126661000	95.266704	0.0	0.0
0.129993	0.127924000	95.214216	0.0	0.0
0.131288	0.129200000	95.162244	0.0	0.0
0.132596	0.130488000	95.110784	0.0	0.0
0.133917	0.131789000	95.059832	0.0	0.0
0.135251	0.133103000	95.009379	0.0	0.0
0.136599	0.134431000	94.959427	0.0	0.0
0.137960	0.135771000	94.909963	0.0	0.0
0.139334	0.137125000	94.860983	0.0	0.0
0.140722	0.138492000	94.812488	0.0	0.0
0.142124	0.139873000	94.764467	0.0	0.0
0.143540	0.141268000	94.716920	0.0	0.0
0.144970	0.142677000	94.669836	0.0	0.0
0.146414	0.144100000	94.623215	0.0	0.0
0.147873	0.145537000	94.577054	0.0	0.0
0.149346	0.146988000	94.531341	0.0	0.0
0.150834	0.148454000	94.486080	0.0	0.0
0.152337	0.149935000	94.441257	0.0	0.0
0.153855	0.151430000	94.396875	0.0	0.0
0.155387	0.152941000	94.352927	0.0	0.0
0.156935	0.154466000	94.309412	0.0	0.0
0.158499	0.156007000	94.266319	0.0	0.0
0.160078	0.157563000	94.223646	0.0	0.0
0.161673	0.159135000	94.181390	0.0	0.0
0.163284	0.160722000	94.139547	0.0	0.0
0.164910	0.162325000	94.098110	0.0	0.0
0.166553	0.163944000	94.057079	0.0	0.0
0.168213	0.165580000	94.016447	0.0	0.0
0.169888	0.167232000	93.976209	0.0	0.0
0.171581	0.168900000	93.936364	0.0	0.0
0.173290	0.170585000	93.896906	0.0	0.0
0.175017	0.172287000	93.857829	0.0	0.0
0.176760	0.174006000	93.819134	0.0	0.0
0.178521	0.175742000	93.780814	0.0	0.0
0.180300	0.177495000	93.742864	0.0	0.0
0.182096	0.179266000	93.705282	0.0	0.0
0.183910	0.181055000	93.668066	0.0	0.0
0.185743	0.182861000	93.631208	0.0	0.0
0.187593	0.184686000	93.594706	0.0	0.0
0.189462	0.186529000	93.558558	0.0	0.0
0.191350	0.188390000	93.522757	0.0	0.0
0.193256	0.190270000	93.487303	0.0	0.0
0.195181	0.192169000	93.452189	0.0	0.0
0.197126	0.194087000	93.417415	0.0	0.0
0.199090	0.196024000	93.382974	0.0	0.0
0.201073	0.197981000	93.348864	0.0	0.0
0.203077	0.199957000	93.315082	0.0	0.0
0.205100	0.201952000	93.281623	0.0	0.0
0.207143	0.203968000	93.248484	0.0	0.0
0.209207	0.206004000	93.215664	0.0	0.0
0.211291	0.208061000	93.183157	0.0	0.0
0.213396	0.210138000	93.150960	0.0	0.0
0.215522	0.212236000	93.119070	0.0	0.0
0.217669	0.214355000	93.087484	0.0	0.0
0.219838	0.216495000	93.056200	0.0	0.0
0.222028	0.218656000	93.025212	0.0	0.0
0.224240	0.220840000	92.994519	0.0	0.0
0.226474	0.223045000	92.964117	0.0	0.0
0.228730	0.225272000	92.934002	0.0	0.0
0.231009	0.227522000	92.904171	0.0	0.0
0.233311	0.229794000	92.874623	0.0	0.0
0.235635	0.232089000	92.845353	0.0	0.0
0.237983	0.234407000	92.816359	0.0	0.0
0.240354	0.236748000	92.787637	0.0	0.0
0.242748	0.239113000	92.759184	0.0	0.0
0.245167	0.241501000	92.730998	0.0	0.0
0.247609	0.243914000	92.703076	0.0	0.0
0.250076	0.246350000	92.675414	0.0	0.0
0.252567	0.248811000	92.648010	0.0	0.0
0.255084	0.251297000	92.620862	0.0	0.0
0.257625	0.253808000	92.593963	0.0	0.0
0.260192	0.256344000	92.567316	0.0	0.0
0.262784	0.258906000	92.540914	0.0	0.0
0.265402	0.261493000	92.514755	0.0	0.0
0.268046	0.264106000	92.488837	0.0	0.0
0.270716	0.266746000	92.463158	0.0	0.0
0.273413	0.269412000	92.437713	0.0	0.0
0.276137	0.272105000	92.412501	0.0	0.0
0.278888	0.274825000	92.387518	0.0	0.0
0.281667	0.277572000	92.362762	0.0	0.0
0.284473	0.280347000	92.338231	0.0	0.0
0.287307	0.283150000	92.313922	0.0	0.0
0.290170	0.285982000	92.289832	0.0	0.0
0.293060	0.288841000	92.265957	0.0	0.0
0.295980	0.291730000	92.242297	0.0	0.0
0.298929	0.294647000	92.218848	0.0	0.0
0.301907	0.297594000	92.195607	0.0	0.0
0.304915	0.300571000	92.172572	0.0	0.0
0.307953	0.303577000	92.149741	0.0	0.0
0.311021	0.306614000	92.127111	0.0	0.0
0.314119	0.309682000	92.104679	0.0	0.0
0.317249	0.312780000	92.082443	0.0	0.0
0.320409	0.315910000	92.060401	0.0	0.0
0.323602	0.319071000	92.038548	0.0	0.0
0.326825	0.322265000	92.016885	0.0	0.0
0.330082	0.325490000	91.995407	0.0	0.0
0.333370	0.328748000	91.974113	0.0	0.0
0.336691	0.332039000	91.952999	0.0	0.0
0.340046	0.335363000	91.932065	0.0	0.0
0.343433	0.338721000	91.911305	0.0	0.0
0.346855	0.342112000	91.890720	0.0	0.0
0.350311	0.345538000	91.870306	0.0	0.0
0.353801	0.348998000	91.850060	0.0	0.0
0.357325	0.352494000	91.829981	0.0	0.0
0.360885	0.356025000	91.810066	0.0	0.0
0.364481	0.359591000	91.790312	0.0	0.0
0.368112	0.363194000	91.770718	0.0	0.0
0.371779	0.366833000	91.751280	0.0	0.0
0.375483	0.370509000	91.731997	0.0	0.0
0.379224	0.374222000	91.712865	0.0	0.0
0.383002	0.377973000	91.693883	0.0	0.0
0.386818	0.381761000	91.675048	0.0	0.0
0.390672	0.385589000	91.656358	0.0	0.0
0.394564	0.389454000	91.637810	0.0	0.0
0.398495	0.393360000	91.619403	0.0	0.0
0.402465	0.397304000	91.601133	0.0	0.0
0.406474	0.401289000	91.582999	0.0	0.0
0.410524	0.405314000	91.564997	0.0	0.0
0.414614	0.409380000	91.547127	0.0	0.0
0.418745	0.413488000	91.529384	0.0	0.0
0.422916	0.417637000	91.511767	0.0	0.0
0.427130	0.421828000	91.494274	0.0	0.0
0.431385	0.426062000	91.476901	0.0	0.0
0.435683	0.430338000	91.459648	0.0	0.0
0.440024	0.434659000	91.442511	0.0	0.0
0.444407	0.439023000	91.425488	0.0	0.0
0.448835	0.443432000	91.408577	0.0	0.0
0.453307	0.447885000	91.391774	0.0	0.0
0.457823	0.452384000	91.375078	0.0	0.0
0.462384	0.456929000	91.358487	0.0	0.0
0.466990	0.461520000	91.341998	0.0	0.0
0.471643	0.466157000	91.325609	0.0	0.0
0.476342	0.470843000	91.309316	0.0	0.0
0.481087	0.475575000	91.293118	0.0	0.0
0.485880	0.480357000	91.277013	0.0	0.0
0.490721	0.485186000	91.260997	0.0	0.0
0.495610	0.490066000	91.245069	0.0	0.0
0.500547	0.494995000	91.229226	0.0	0.0
0.505534	0.499974000	91.213464	0.0	0.0
0.510571	0.505004000	91.197784	0.0	0.0
0.515657	0.510086000	91.182180	0.0	0.0
0.520795	0.515220000	91.166652	0.0	0.0
0.525983	0.520406000	91.151195	0.0	0.0
0.531224	0.525645000	91.135809	0.0	0.0
0.536516	0.530938000	91.120491	0.0	0.0
0.541861	0.536285000	91.105237	0.0	0.0
0.547260	0.541687000	91.090045	0.0	0.0
0.552712	0.547144000	91.074913	0.0	0.0
0.558218	0.552657000	91.059838	0.0	0.0
0.563780	0.558226000	91.044818	0.0	0.0
0.569396	0.563853000	91.029849	0.0	0.0
0.575069	0.569537000	91.014930	0.0	0.0
0.580798	0.575280000	91.000058	0.0	0.0
0.586585	0.581082000	90.985229	0.0	0.0
0.592429	0.586943000	90.970442	0.0	0.0
0.598331	0.592865000	90.955693	0.0	0.0
0.604292	0.598847000	90.940980	0.0	0.0
0.610312	0.604891000	90.926300	0.0	0.0
0.616392	0.610997000	90.911651	0.0	0.0
0.622533	0.617166000	90.897029	0.0	0.0
0.628736	0.623398000	90.882432	0.0	0.0
0.634999	0.629695000	90.867858	0.0	0.0
0.641326	0.636056000	90.853302	0.0	0.0
0.647715	0.642483000	90.838763	0.0	0.0
0.654168	0.648976000	90.824238	0.0	0.0
0.660685	0.655536000	90.809723	0.0	0.0
0.667268	0.662164000	90.795216	0.0	0.0
0.673915	0.668860000	90.780714	0.0	0.0
0.680629	0.675625000	90.766215	0.0	0.0
0.687410	0.682460000	90.751714	0.0	0.0
0.694259	0.689365000	90.737210	0.0	0.0
0.701175	0.696342000	90.722698	0.0	0.0
0.708161	0.703390000	90.708177	0.0	0.0
0.715216	0.710512000	90.693644	0.0	0.0
0.722342	0.717707000	90.679094	0.0	0.0
0.729538	0.724977000	90.664526	0.0	0.0
0.736806	0.732322000	90.649936	0.0	0.0
0.744147	0.739742000	90.635320	0.0	0.0
0.751561	0.747240000	90.620677	0.0	0.0
0.759048	0.754814000	90.606003	0.0	0.0
0.766610	0.762468000	90.591294	0.0	0.0
0.774248	0.770200000	90.576549	0.0	0.0
0.781961	0.778013000	90.561762	0.0	0.0
0.789752	0.785906000	90.546932	0.0	0.0
0.797620	0.793881000	90.532055	0.0	0.0
0.805566	0.801939000	90.517128	0.0	0.0
0.813592	0.810080000	90.502147	0.0	0.0
0.821698	0.818305000	90.487110	0.0	0.0
0.829884	0.826616000	90.472014	0.0	0.0
0.838152	0.835013000	90.456854	0.0	0.0
0.846502	0.843496000	90.441628	0.0	0.0
0.854936	0.852068000	90.426332	0.0	0.0
0.863453	0.860728000	90.410964	0.0	0.0
0.872055	0.869478000	90.395520	0.0	0.0
0.880743	0.878319000	90.379996	0.0	0.0
0.889518	0.887251000	90.364390	0.0	0.0
0.898380	0.896276000	90.348697	0.0	0.0
0.907330	0.905394000	90.332915	0.0	0.0
0.916370	0.914606000	90.317041	0.0	0.0
0.925499	0.923915000	90.301070	0.0	0.0
0.934720	0.933319000	90.285000	0.0	0.0
0.944032	0.942821000	90.268828	0.0	0.0
0.953437	0.952421000	90.252549	0.0	0.0
0.962936	0.962120000	90.236161	0.0	0.0
0.972529	0.971920000	90.219660	0.0	0.0
0.982218	0.981821000	90.203043	0.0	0.0
0.992004	0.991824000	90.186307	0.0	0.0
1.001887	1.001930000	90.169447	0.0	0.0
1.011868	1.012140000	90.152463	0.0	0.0
1.021949	1.022460000	90.135347	0.0	0.0
1.032131	1.032880000	90.118098	0.0	0.0
1.042414	1.043410000	90.100714	0.0	0.0
1.052799	1.054050000	90.083191	0.0	0.0
1.063288	1.064800000	90.065524	0.0	0.0
1.073881	1.075660000	90.047711	0.0	0.0
1.084580	1.086630000	90.029748	0.0	0.0
1.095385	1.097720000	90.011634	0.0	0.0
1.106298	1.108920000	89.993362	0.0	0.0
1.117320	1.120230000	89.974931	0.0	0.0
1.128451	1.131660000	89.956339	0.0	0.0
1.139694	1.143200000	89.937579	0.0	0.0
1.151048	1.154870000	89.918651	0.0	0.0
1.162516	1.166650000	89.899550	0.0	0.0
1.174097	1.178560000	89.880275	0.0	0.0
1.185794	1.190590000	89.860820	0.0	0.0
1.197608	1.202740000	89.841183	0.0	0.0
1.209540	1.215010000	89.821360	0.0	0.0
1.221590	1.227410000	89.801351	0.0	0.0
1.233760	1.239940000	89.781150	0.0	0.0
1.246052	1.252590000	89.760753	0.0	0.0
1.258466	1.265370000	89.740160	0.0	0.0
1.271004	1.278280000	89.719366	0.0	0.0
1.283666	1.291320000	89.698370	0.0	0.0
1.296455	1.304490000	89.677167	0.0	0.0
1.309371	1.317800000	89.655754	0.0	0.0
1.322416	1.331240000	89.634129	0.0	0.0
1.335591	1.344820000	89.612288	0.0	0.0
1.348897	1.358530000	89.590229	0.0	0.0
1.362336	1.372380000	89.567949	0.0	0.0
1.375908	1.386370000	89.545447	0.0	0.0
1.389616	1.400500000	89.522716	0.0	0.0
1.403460	1.414770000	89.499757	0.0	0.0
1.417443	1.429180000	89.476564	0.0	0.0
1.431564	1.443740000	89.453139	0.0	0.0
1.445826	1.458440000	89.429475	0.0	0.0
1.460231	1.473290000	89.405570	0.0	0.0
1.474779	1.488280000	89.381423	0.0	0.0
1.489471	1.503420000	89.357032	0.0	0.0
1.504310	1.518710000	89.332392	0.0	0.0
1.519297	1.534150000	89.307501	0.0	0.0
1.534434	1.549750000	89.282357	0.0	0.0
1.549721	1.565490000	89.256958	0.0	0.0
1.565160	1.581390000	89.231301	0.0	0.0
1.580753	1.597450000	89.205384	0.0	0.0
1.596502	1.613660000	89.179204	0.0	0.0
1.612408	1.630030000	89.152758	0.0	0.0
1.628471	1.646560000	89.126047	0.0	0.0
1.644695	1.663250000	89.099065	0.0	0.0
1.661081	1.680100000	89.071810	0.0	0.0
1.677630	1.697110000	89.044282	0.0	0.0
1.694344	1.714280000	89.016476	0.0	0.0
1.711224	1.731620000	88.988393	0.0	0.0
1.728272	1.749130000	88.960030	0.0	0.0
1.745491	1.766800000	88.931381	0.0	0.0
1.762880	1.784640000	88.902450	0.0	0.0
1.780443	1.802650000	88.873231	0.0	0.0
1.798181	1.820830000	88.843722	0.0	0.0
1.816096	1.839190000	88.813921	0.0	0.0
1.834189	1.857710000	88.783828	0.0	0.0
1.852463	1.876420000	88.753438	0.0	0.0
1.870918	1.895300000	88.722752	0.0	0.0
1.889558	1.914350000	88.691764	0.0	0.0
1.908383	1.933590000	88.660476	0.0	0.0
1.927396	1.953000000	88.628884	0.0	0.0
1.946598	1.972600000	88.596987	0.0	0.0
1.965991	1.992380000	88.564783	0.0	0.0
1.985578	2.012340000	88.532268	0.0	0.0
2.005359	2.032500000	88.499444	0.0	0.0
2.025338	2.052840000	88.466305	0.0	0.0
2.045516	2.073370000	88.432850	0.0	0.0
2.065895	2.094090000	88.399079	0.0	0.0
2.086477	2.115000000	88.364988	0.0	0.0
2.107264	2.136110000	88.330576	0.0	0.0
2.128258	2.157420000	88.295841	0.0	0.0
2.149461	2.178920000	88.260782	0.0	0.0
2.170875	2.200630000	88.225395	0.0	0.0
2.192503	2.222540000	88.189679	0.0	0.0
2.214346	2.244660000	88.153632	0.0	0.0
2.236407	2.266980000	88.117252	0.0	0.0
2.258688	2.289520000	88.080537	0.0	0.0
2.281191	2.312260000	88.043484	0.0	0.0
2.303917	2.335230000	88.006095	0.0	0.0
2.326871	2.358410000	87.968362	0.0	0.0
2.350052	2.381810000	87.930289	0.0	0.0
2.373465	2.405440000	87.891868	0.0	0.0
2.397111	2.429300000	87.853101	0.0	0.0
2.420993	2.453380000	87.813984	0.0	0.0
2.445113	2.477710000	87.774515	0.0	0.0
2.469473	2.502270000	87.734693	0.0	0.0
2.494075	2.527070000	87.694516	0.0	0.0
2.518923	2.552120000	87.653980	0.0	0.0
2.544018	2.577420000	87.613084	0.0	0.0
2.569364	2.602970000	87.571824	0.0	0.0
2.594961	2.628780000	87.530201	0.0	0.0
2.620814	2.654860000	87.488210	0.0	0.0
2.646925	2.681210000	87.445848	0.0	0.0
2.673295	2.707830000	87.403116	0.0	0.0
2.699928	2.734730000	87.360008	0.0	0.0
2.726827	2.761910000	87.316522	0.0	0.0
2.753994	2.789390000	87.272657	0.0	0.0
2.781431	2.817160000	87.228411	0.0	0.0
2.809141	2.845230000	87.183780	0.0	0.0
2.837128	2.873620000	87.138760	0.0	0.0
2.865393	2.902320000	87.093351	0.0	0.0
2.893941	2.931340000	87.047547	0.0	0.0
2.922772	2.960680000	87.001349	0.0	0.0
2.951891	2.990370000	86.954751	0.0	0.0
2.981300	3.020390000	86.907752	0.0	0.0
3.011001	3.050770000	86.860350	0.0	0.0
3.040999	3.081500000	86.812538	0.0	0.0
3.071296	3.112590000	86.764315	0.0	0.0
3.101894	3.144060000	86.715680	0.0	0.0
3.132797	3.175900000	86.666628	0.0	0.0
3.164008	3.208130000	86.617155	0.0	0.0
3.195530	3.240750000	86.567259	0.0	0.0
3.227367	3.273760000	86.516934	0.0	0.0
3.259520	3.307190000	86.466181	0.0	0.0
3.291993	3.341020000	86.414994	0.0	0.0
3.324791	3.375280000	86.363368	0.0	0.0
3.357915	3.409950000	86.311302	0.0	0.0
3.391368	3.445060000	86.258793	0.0	0.0
3.425156	3.480600000	86.205833	0.0	0.0
3.459279	3.516580000	86.152423	0.0	0.0
3.493743	3.553010000	86.098556	0.0	0.0
3.528550	3.589880000	86.044230	0.0	0.0
3.563704	3.627210000	85.989440	0.0	0.0
3.599208	3.664980000	85.934182	0.0	0.0
3.635066	3.703220000	85.878451	0.0	0.0
3.671281	3.741900000	85.822245	0.0	0.0
3.707857	3.781050000	85.765558	0.0	0.0
3.744797	3.820650000	85.708387	0.0	0.0
3.782106	3.860700000	85.650725	0.0	0.0
3.819786	3.901200000	85.592570	0.0	0.0
3.857841	3.942150000	85.533919	0.0	0.0
3.896276	3.983540000	85.474763	0.0	0.0
3.935093	4.025360000	85.415101	0.0	0.0
3.974297	4.067620000	85.354926	0.0	0.0
4.013892	4.110290000	85.294234	0.0	0.0
4.053881	4.153380000	85.233020	0.0	0.0
4.094269	4.196870000	85.171279	0.0	0.0
4.135059	4.240750000	85.109006	0.0	0.0
4.176255	4.285020000	85.046197	0.0	0.0
4.217862	4.329650000	84.982844	0.0	0.0
4.259883	4.374640000	84.918945	0.0	0.0
4.302323	4.419970000	84.854493	0.0	0.0
4.345186	4.465640000	84.789481	0.0	0.0
4.388476	4.511620000	84.723906	0.0	0.0
4.432197	4.557910000	84.657762	0.0	0.0
4.476353	4.604490000	84.591043	0.0	0.0
4.520950	4.651350000	84.523742	0.0	0.0
4.565991	4.698480000	84.455855	0.0	0.0
4.611480	4.745880000	84.387375	0.0	0.0
4.657423	4.793520000	84.318297	0.0	0.0
4.703824	4.841420000	84.248612	0.0	0.0
4.750687	4.889560000	84.178318	0.0	0.0
4.798016	4.937940000	84.107407	0.0	0.0
4.845817	4.986570000	84.035872	0.0	0.0
4.894095	5.035450000	83.963706	0.0	0.0
4.942853	5.084590000	83.890905	0.0	0.0
4.992097	5.134000000	83.817460	0.0	0.0
5.041832	5.183700000	83.743365	0.0	0.0
5.092062	5.233710000	83.668615	0.0	0.0
5.142793	5.284050000	83.593200	0.0	0.0
5.194029	5.334760000	83.517115	0.0	0.0
5.245776	5.385860000	83.440352	0.0	0.0
5.298038	5.437410000	83.362906	0.0	0.0
5.350821	5.489430000	83.284767	0.0	0.0
5.404129	5.541980000	83.205931	0.0	0.0
5.457969	5.595110000	83.126386	0.0	0.0
5.512345	5.648870000	83.046129	0.0	0.0
5.567263	5.703310000	82.965149	0.0	0.0
5.622728	5.758500000	82.883441	0.0	0.0
5.678746	5.814490000	82.800995	0.0	0.0
5.735321	5.871340000	82.717806	0.0	0.0
5.792460	5.929100000	82.633863	0.0	0.0
5.850169	5.987830000	82.549159	0.0	0.0
5.908453	6.047590000	82.463685	0.0	0.0
5.967317	6.108410000	82.377435	0.0	0.0
6.026767	6.170330000	82.290401	0.0	0.0
6.086810	6.233380000	82.202571	0.0	0.0
6.147451	6.297580000	82.113939	0.0	0.0
6.208696	6.362960000	82.024496	0.0	0.0
6.270552	6.429490000	81.934231	0.0	0.0
6.333023	6.497170000	81.843140	0.0	0.0
6.396117	6.565970000	81.751210	0.0	0.0
6.459840	6.635850000	81.658433	0.0	0.0
6.524198	6.706750000	81.564799	0.0	0.0
6.589196	6.778600000	81.470302	0.0	0.0
6.654842	6.851320000	81.374929	0.0	0.0
6.721143	6.924810000	81.278671	0.0	0.0
6.788103	6.998960000	81.181521	0.0	0.0
6.855731	7.073660000	81.083467	0.0	0.0
6.924033	7.148790000	80.984499	0.0	0.0
6.993015	7.224220000	80.884609	0.0	0.0
7.062684	7.299840000	80.783785	0.0	0.0
7.133048	7.375500000	80.682017	0.0	0.0
7.204112	7.451110000	80.579297	0.0	0.0
7.275884	7.526570000	80.475613	0.0	0.0
7.348372	7.601800000	80.370953	0.0	0.0
7.421582	7.676740000	80.265309	0.0	0.0
7.495521	7.751360000	80.158669	0.0	0.0
7.570196	7.825650000	80.051023	0.0	0.0
7.645616	7.899660000	79.942359	0.0	0.0
7.721787	7.973440000	79.832666	0.0	0.0
7.798717	8.047100000	79.721934	0.0	0.0
7.876413	8.120780000	79.610151	0.0	0.0
7.954883	8.194660000	79.497305	0.0	0.0
8.034135	8.268940000	79.383386	0.0	0.0
8.114177	8.343860000	79.268379	0.0	0.0
8.195016	8.419670000	79.152276	0.0	0.0
8.276661	8.496640000	79.035063	0.0	0.0
8.359119	8.575040000	78.916729	0.0	0.0
8.442398	8.655130000	78.797262	0.0	0.0
8.526507	8.737150000	78.676649	0.0	0.0
8.611454	8.821310000	78.554877	0.0	0.0
8.697247	8.907770000	78.431935	0.0	0.0
8.783896	8.996620000	78.307807	0.0	0.0
8.871407	9.087920000	78.182485	0.0	0.0
8.959790	9.181620000	78.055953	0.0	0.0
9.049054	9.277600000	77.928199	0.0	0.0
9.139207	9.375660000	77.799209	0.0	0.0
9.230258	9.475520000	77.668971	0.0	0.0
9.322216	9.576800000	77.537471	0.0	0.0
9.415091	9.679110000	77.404694	0.0	0.0
9.508890	9.781950000	77.270630	0.0	0.0
9.603625	9.884840000	77.135259	0.0	0.0
9.699303	9.987290000	76.998573	0.0	0.0
9.795934	10.088800000	76.860556	0.0	0.0
9.893528	10.189000000	76.721193	0.0	0.0
9.992094	10.287600000	76.580470	0.0	0.0
10.091640	10.384300000	76.438376	0.0	0.0
10.192180	10.479100000	76.294889	0.0	0.0
10.293720	10.572000000	76.150001	0.0	0.0
10.396280	10.663400000	76.003683	0.0	0.0
10.499850	10.753700000	75.855948	0.0	0.0
10.604460	10.843400000	75.706753	0.0	0.0
10.710110	10.933300000	75.556097	0.0	0.0
10.816810	11.024200000	75.403966	0.0	0.0
10.924570	11.117000000	75.250344	0.0	0.0
11.033410	11.212500000	75.095202	0.0	0.0
11.143340	11.311600000	74.938527	0.0	0.0
11.254350	11.414700000	74.780332	0.0	0.0
11.366480	11.522500000	74.620558	0.0	0.0
11.479720	11.635000000	74.459221	0.0	0.0
11.594090	11.752100000	74.296292	0.0	0.0
11.709600	11.873400000	74.131755	0.0	0.0
11.826250	11.997900000	73.965612	0.0	0.0
11.944080	12.124700000	73.797804	0.0	0.0
12.063070	12.252300000	73.628359	0.0	0.0
12.183250	12.379400000	73.457237	0.0	0.0
12.304630	12.504500000	73.284421	0.0	0.0
12.427220	12.626200000	73.109898	0.0	0.0
12.551030	12.743500000	72.933655	0.0	0.0
12.676070	12.855800000	72.755676	0.0	0.0
12.802360	12.963100000	72.575935	0.0	0.0
12.929900	13.066100000	72.394431	0.0	0.0
13.058720	13.166000000	72.211122	0.0	0.0
13.188820	13.265000000	72.026010	0.0	0.0
13.320220	13.365400000	71.839066	0.0	0.0
13.452920	13.470100000	71.650292	0.0	0.0
13.586950	13.581900000	71.459647	0.0	0.0
13.722310	13.703200000	71.267131	0.0	0.0
13.859020	13.835500000	71.072717	0.0	0.0
13.997100	13.979000000	70.876379	0.0	0.0
14.136540	14.131900000	70.678133	0.0	0.0
14.277380	14.290300000	70.477925	0.0	0.0
14.419620	14.447900000	70.275755	0.0	0.0
14.563280	14.595400000	70.071599	0.0	0.0
14.708370	14.721300000	69.865444	0.0	0.0
14.854910	14.811400000	69.657267	0.0	0.0
15.002900	14.850000000	69.447068	0.0	0.0
15.152370	14.820700000	69.234811	0.0	0.0
15.303330	14.706900000	69.020483	0.0	0.0
15.455790	14.493500000	68.804076	0.0	0.0
15.609770	14.168000000	68.585564	0.0	0.0
15.765290	13.721800000	68.364925	0.0	0.0
15.922350	13.151100000	68.142164	0.0	0.0
16.080980	12.457800000	67.917243	0.0	0.0
16.241190	11.650100000	67.690155	0.0	0.0
16.403000	10.742100000	67.460877	0.0	0.0
16.566420	9.753770000	67.229401	0.0	0.0
16.731460	8.709780000	66.995722	0.0	0.0
16.898160	7.638020000	66.759790	0.0	0.0
17.066510	6.567940000	66.521626	0.0	0.0
17.236540	5.528680000	66.281199	0.0	0.0
17.408260	4.547120000	66.038502	0.0	0.0
17.581690	3.646140000	65.793518	0.0	0.0
17.756850	2.843250000	65.546228	0.0	0.0
17.933760	2.149720000	65.296616	0.0	0.0
18.112430	1.570200000	65.044678	0.0	0.0
18.292880	1.102990000	64.790400	0.0	0.0
18.475120	0.740899000	64.533780	0.0	0.0
18.659180	0.472366000	64.274790	0.0	0.0
18.845080	0.283009000	64.013417	0.0	0.0
19.032830	0.157134000	63.749662	0.0	0.0
19.222450	0.079198800	63.483513	0.0	0.0
19.413950	0.035016600	63.214973	0.0	0.0
19.607370	0.012663500	62.944004	0.0	0.0
19.802710	0.003072680	62.670626	0.0	0.0
20.000000	0.000419042	62.394816	0.0	0.0

