# UNCLASSIFIED
#
# Response info for PMSA broad-band site.
#
# Effective: 22 Jun 2006
# Creation date: 18 Jan 2007
# File name: PMSA_BB_rsp.txt
#
# Source: James Neely (TTD), TSgt Magar, TSgt Walkup
# System equipment: Streckeisen STS-1H/VBB seismometer and Quanterra Q680 digitizer.
#
# The response file was derived from equations of state.
# Displacement response normalized to 1.0 at 0.1 Hz.
#
# The calib values for this configuration are as follows:
#
# PMSA BHZ is 1.532500 nm/count at 0.1 Hz.
# PMSA BH1 is 1.648400 nm/count at 0.1 Hz.
# PMSA BH2 is 1.635600 nm/count at 0.1 Hz.
#
# Freq(Hz)     Amp(counts/nm)    Phase(deg)   Error(amp) Error(phase)
#
 theoretical  0       system    fap   J.Neely
1000
0.001000	0.001286602	239.664989	0.0	0.0
0.001009	0.001322275	239.364510	0.0	0.0
0.001019	0.001358916	239.060779	0.0	0.0
0.001028	0.001396563	238.753753	0.0	0.0
0.001038	0.001435234	238.443417	0.0	0.0
0.001047	0.001474951	238.129726	0.0	0.0
0.001057	0.001515752	237.812634	0.0	0.0
0.001067	0.001557666	237.492096	0.0	0.0
0.001077	0.001600703	237.168065	0.0	0.0
0.001087	0.001644912	236.840528	0.0	0.0
0.001097	0.001690322	236.509438	0.0	0.0
0.001107	0.001736953	236.174717	0.0	0.0
0.001117	0.001784844	235.836350	0.0	0.0
0.001127	0.001834014	235.494292	0.0	0.0
0.001138	0.001884521	235.148529	0.0	0.0
0.001148	0.001936367	234.798981	0.0	0.0
0.001159	0.001989619	234.445601	0.0	0.0
0.001170	0.002044287	234.088344	0.0	0.0
0.001181	0.002100410	233.727196	0.0	0.0
0.001191	0.002158037	233.362110	0.0	0.0
0.001202	0.002217197	232.993041	0.0	0.0
0.001214	0.002277920	232.619908	0.0	0.0
0.001225	0.002340264	232.242700	0.0	0.0
0.001236	0.002404248	231.861370	0.0	0.0
0.001248	0.002469922	231.475874	0.0	0.0
0.001259	0.002537334	231.086164	0.0	0.0
0.001271	0.002606504	230.692198	0.0	0.0
0.001283	0.002677490	230.293930	0.0	0.0
0.001295	0.002750332	229.891315	0.0	0.0
0.001307	0.002825078	229.484310	0.0	0.0
0.001319	0.002901758	229.072872	0.0	0.0
0.001331	0.002980439	228.656923	0.0	0.0
0.001343	0.003061143	228.236490	0.0	0.0
0.001356	0.003143936	227.811462	0.0	0.0
0.001368	0.003228848	227.381832	0.0	0.0
0.001381	0.003315938	226.947562	0.0	0.0
0.001394	0.003405254	226.508610	0.0	0.0
0.001407	0.003496846	226.064904	0.0	0.0
0.001420	0.003590752	225.616407	0.0	0.0
0.001433	0.003687031	225.163116	0.0	0.0
0.001446	0.003785732	224.704962	0.0	0.0
0.001459	0.003886914	224.241909	0.0	0.0
0.001473	0.003990615	223.773925	0.0	0.0
0.001487	0.004096895	223.300979	0.0	0.0
0.001500	0.004205801	222.823039	0.0	0.0
0.001514	0.004317393	222.340042	0.0	0.0
0.001528	0.004431729	221.851960	0.0	0.0
0.001542	0.004548838	221.358769	0.0	0.0
0.001557	0.004668809	220.860479	0.0	0.0
0.001571	0.004791660	220.356999	0.0	0.0
0.001586	0.004917471	219.848309	0.0	0.0
0.001600	0.005046289	219.334425	0.0	0.0
0.001615	0.005178164	218.815263	0.0	0.0
0.001630	0.005313154	218.290878	0.0	0.0
0.001645	0.005451309	217.761156	0.0	0.0
0.001660	0.005592695	217.226158	0.0	0.0
0.001676	0.005737344	216.685844	0.0	0.0
0.001691	0.005885322	216.140176	0.0	0.0
0.001707	0.006036689	215.589189	0.0	0.0
0.001723	0.006191475	215.032851	0.0	0.0
0.001739	0.006349756	214.471134	0.0	0.0
0.001755	0.006511572	213.904047	0.0	0.0
0.001771	0.006676973	213.331605	0.0	0.0
0.001788	0.006846006	212.753788	0.0	0.0
0.001804	0.007018721	212.170652	0.0	0.0
0.001821	0.007195166	211.582153	0.0	0.0
0.001838	0.007375381	210.988353	0.0	0.0
0.001855	0.007559424	210.389214	0.0	0.0
0.001872	0.007747334	209.784809	0.0	0.0
0.001889	0.007939141	209.175108	0.0	0.0
0.001907	0.008134893	208.560194	0.0	0.0
0.001924	0.008334639	207.940079	0.0	0.0
0.001942	0.008538398	207.314786	0.0	0.0
0.001960	0.008746211	206.684408	0.0	0.0
0.001978	0.008958115	206.048905	0.0	0.0
0.001997	0.009174131	205.408418	0.0	0.0
0.002015	0.009394307	204.762916	0.0	0.0
0.002034	0.009618643	204.112550	0.0	0.0
0.002053	0.009847168	203.457301	0.0	0.0
0.002072	0.010079980	202.797294	0.0	0.0
0.002091	0.010316895	202.132591	0.0	0.0
0.002110	0.010558203	201.463294	0.0	0.0
0.002130	0.010803711	200.789406	0.0	0.0
0.002149	0.011053418	200.111110	0.0	0.0
0.002169	0.011307520	199.428456	0.0	0.0
0.002189	0.011565820	198.741567	0.0	0.0
0.002210	0.011828516	198.050539	0.0	0.0
0.002230	0.012095410	197.355472	0.0	0.0
0.002251	0.012366602	196.656474	0.0	0.0
0.002272	0.012641992	195.953691	0.0	0.0
0.002293	0.012921777	195.247241	0.0	0.0
0.002314	0.013205664	194.537247	0.0	0.0
0.002335	0.013493945	193.823838	0.0	0.0
0.002357	0.013786328	193.107180	0.0	0.0
0.002379	0.014082910	192.387380	0.0	0.0
0.002401	0.014383594	191.664615	0.0	0.0
0.002423	0.014688477	190.939034	0.0	0.0
0.002446	0.014997461	190.210791	0.0	0.0
0.002468	0.015310449	189.480075	0.0	0.0
0.002491	0.015627441	188.746984	0.0	0.0
0.002514	0.015948438	188.011750	0.0	0.0
0.002537	0.016273438	187.274511	0.0	0.0
0.002561	0.016602246	186.535441	0.0	0.0
0.002585	0.016934863	185.794718	0.0	0.0
0.002609	0.017271387	185.052553	0.0	0.0
0.002633	0.017611523	184.309130	0.0	0.0
0.002657	0.017955469	183.564572	0.0	0.0
0.002682	0.018302930	182.819101	0.0	0.0
0.002707	0.018654004	182.072935	0.0	0.0
0.002732	0.019008594	181.326207	0.0	0.0
0.002757	0.019366602	180.579170	0.0	0.0
0.002783	0.019728027	179.831960	0.0	0.0
0.002808	0.020092773	179.084771	0.0	0.0
0.002834	0.020460840	178.337830	0.0	0.0
0.002861	0.020832031	177.591274	0.0	0.0
0.002887	0.021206445	176.845357	0.0	0.0
0.002914	0.021583887	176.100218	0.0	0.0
0.002941	0.021964355	175.356078	0.0	0.0
0.002968	0.022347754	174.613077	0.0	0.0
0.002996	0.022734082	173.871461	0.0	0.0
0.003023	0.023123242	173.131340	0.0	0.0
0.003051	0.023515234	172.392956	0.0	0.0
0.003080	0.023909863	171.656443	0.0	0.0
0.003108	0.024307227	170.922011	0.0	0.0
0.003137	0.024707129	170.189789	0.0	0.0
0.003166	0.025109570	169.459981	0.0	0.0
0.003195	0.025514551	168.732713	0.0	0.0
0.003225	0.025921973	168.008205	0.0	0.0
0.003255	0.026331836	167.286529	0.0	0.0
0.003285	0.026744043	166.567920	0.0	0.0
0.003315	0.027158594	165.852467	0.0	0.0
0.003346	0.027575391	165.140328	0.0	0.0
0.003377	0.027994434	164.431654	0.0	0.0
0.003408	0.028415625	163.726548	0.0	0.0
0.003440	0.028839063	163.025197	0.0	0.0
0.003472	0.029264648	162.327652	0.0	0.0
0.003504	0.029692285	161.634090	0.0	0.0
0.003536	0.030122070	160.944577	0.0	0.0
0.003569	0.030553906	160.259279	0.0	0.0
0.003602	0.030987793	159.578233	0.0	0.0
0.003635	0.031423730	158.901594	0.0	0.0
0.003669	0.031861719	158.229432	0.0	0.0
0.003703	0.032301758	157.561814	0.0	0.0
0.003737	0.032743750	156.898858	0.0	0.0
0.003772	0.033187695	156.240641	0.0	0.0
0.003807	0.033633691	155.587197	0.0	0.0
0.003842	0.034081738	154.938631	0.0	0.0
0.003878	0.034531738	154.295006	0.0	0.0
0.003914	0.034983789	153.656346	0.0	0.0
0.003950	0.035437793	153.022757	0.0	0.0
0.003987	0.035893945	152.394238	0.0	0.0
0.004024	0.036352051	151.770852	0.0	0.0
0.004061	0.036812305	151.152660	0.0	0.0
0.004098	0.037274707	150.539666	0.0	0.0
0.004136	0.037739063	149.931921	0.0	0.0
0.004175	0.038205664	149.329456	0.0	0.0
0.004213	0.038674414	148.732268	0.0	0.0
0.004252	0.039145313	148.140411	0.0	0.0
0.004292	0.039618555	147.553876	0.0	0.0
0.004331	0.040093945	146.972680	0.0	0.0
0.004372	0.040571680	146.396837	0.0	0.0
0.004412	0.041051660	145.826345	0.0	0.0
0.004453	0.041534082	145.261213	0.0	0.0
0.004494	0.042018945	144.701445	0.0	0.0
0.004536	0.042506152	144.147031	0.0	0.0
0.004578	0.042995898	143.597958	0.0	0.0
0.004620	0.043488184	143.054238	0.0	0.0
0.004663	0.043983105	142.515827	0.0	0.0
0.004706	0.044480566	141.982732	0.0	0.0
0.004750	0.044980762	141.454933	0.0	0.0
0.004794	0.045483594	140.932417	0.0	0.0
0.004838	0.045989258	140.415138	0.0	0.0
0.004883	0.046497754	139.903105	0.0	0.0
0.004928	0.047009180	139.396268	0.0	0.0
0.004974	0.047523535	138.894621	0.0	0.0
0.005020	0.048040820	138.398122	0.0	0.0
0.005066	0.048561133	137.906741	0.0	0.0
0.005113	0.049084570	137.420446	0.0	0.0
0.005161	0.049611230	136.939215	0.0	0.0
0.005209	0.050141016	136.463003	0.0	0.0
0.005257	0.050674121	135.991786	0.0	0.0
0.005305	0.051210449	135.525508	0.0	0.0
0.005355	0.051750293	135.064154	0.0	0.0
0.005404	0.052293555	134.607676	0.0	0.0
0.005454	0.052840332	134.156029	0.0	0.0
0.005505	0.053390723	133.709176	0.0	0.0
0.005556	0.053944727	133.267086	0.0	0.0
0.005607	0.054502344	132.829704	0.0	0.0
0.005659	0.055063770	132.397000	0.0	0.0
0.005712	0.055629004	131.968927	0.0	0.0
0.005764	0.056198242	131.545438	0.0	0.0
0.005818	0.056771289	131.126493	0.0	0.0
0.005872	0.057348438	130.712053	0.0	0.0
0.005926	0.057929590	130.302065	0.0	0.0
0.005981	0.058514941	129.896495	0.0	0.0
0.006036	0.059104492	129.495291	0.0	0.0
0.006092	0.059698242	129.098419	0.0	0.0
0.006149	0.060296387	128.705821	0.0	0.0
0.006206	0.060899023	128.317463	0.0	0.0
0.006263	0.061505957	127.933300	0.0	0.0
0.006321	0.062117578	127.553281	0.0	0.0
0.006380	0.062733691	127.177361	0.0	0.0
0.006439	0.063354492	126.805507	0.0	0.0
0.006498	0.063980078	126.437664	0.0	0.0
0.006559	0.064610449	126.073788	0.0	0.0
0.006619	0.065245703	125.713848	0.0	0.0
0.006681	0.065885938	125.357783	0.0	0.0
0.006743	0.066531055	125.005562	0.0	0.0
0.006805	0.067181348	124.657133	0.0	0.0
0.006868	0.067836719	124.312460	0.0	0.0
0.006932	0.068497363	123.971502	0.0	0.0
0.006996	0.069163281	123.634207	0.0	0.0
0.007061	0.069834570	123.300537	0.0	0.0
0.007126	0.070511230	122.970457	0.0	0.0
0.007192	0.071193359	122.643914	0.0	0.0
0.007259	0.071881055	122.320874	0.0	0.0
0.007326	0.072574414	122.001299	0.0	0.0
0.007394	0.073273438	121.685138	0.0	0.0
0.007462	0.073978223	121.372360	0.0	0.0
0.007531	0.074688867	121.062923	0.0	0.0
0.007601	0.075405469	120.756784	0.0	0.0
0.007672	0.076128027	120.453911	0.0	0.0
0.007743	0.076856641	120.154258	0.0	0.0
0.007814	0.077591406	119.857792	0.0	0.0
0.007887	0.078332324	119.564473	0.0	0.0
0.007960	0.079079492	119.274267	0.0	0.0
0.008034	0.079833105	118.987131	0.0	0.0
0.008108	0.080593066	118.703032	0.0	0.0
0.008183	0.081359473	118.421934	0.0	0.0
0.008259	0.082132520	118.143803	0.0	0.0
0.008335	0.082912207	117.868598	0.0	0.0
0.008412	0.083698633	117.596289	0.0	0.0
0.008490	0.084491797	117.326840	0.0	0.0
0.008569	0.085291797	117.060216	0.0	0.0
0.008648	0.086098828	116.796386	0.0	0.0
0.008729	0.086912793	116.535312	0.0	0.0
0.008809	0.087733887	116.276967	0.0	0.0
0.008891	0.088562207	116.021315	0.0	0.0
0.008973	0.089397754	115.768324	0.0	0.0
0.009056	0.090240527	115.517965	0.0	0.0
0.009140	0.091090820	115.270201	0.0	0.0
0.009225	0.091948633	115.025008	0.0	0.0
0.009310	0.092813867	114.782352	0.0	0.0
0.009397	0.093686914	114.542202	0.0	0.0
0.009484	0.094567578	114.304530	0.0	0.0
0.009572	0.095456055	114.069306	0.0	0.0
0.009660	0.096352441	113.836503	0.0	0.0
0.009750	0.097256836	113.606091	0.0	0.0
0.009840	0.098168945	113.378041	0.0	0.0
0.009931	0.099089844	113.152325	0.0	0.0
0.010023	0.100018555	112.928907	0.0	0.0
0.010116	0.100956055	112.707794	0.0	0.0
0.010210	0.101901367	112.488910	0.0	0.0
0.010304	0.102855469	112.272272	0.0	0.0
0.010400	0.103817383	112.057826	0.0	0.0
0.010496	0.104789063	111.845565	0.0	0.0
0.010593	0.105768555	111.635437	0.0	0.0
0.010691	0.106756836	111.427457	0.0	0.0
0.010790	0.107754883	111.221554	0.0	0.0
0.010890	0.108761719	111.017742	0.0	0.0
0.010991	0.109777344	110.815974	0.0	0.0
0.011093	0.110801758	110.616244	0.0	0.0
0.011196	0.111835938	110.418525	0.0	0.0
0.011299	0.112879883	110.222772	0.0	0.0
0.011404	0.113932617	110.028980	0.0	0.0
0.011510	0.114995117	109.837142	0.0	0.0
0.011616	0.116067383	109.647199	0.0	0.0
0.011724	0.117149414	109.459162	0.0	0.0
0.011832	0.118241211	109.272990	0.0	0.0
0.011942	0.119342773	109.088679	0.0	0.0
0.012053	0.120454102	108.906190	0.0	0.0
0.012164	0.121576172	108.725516	0.0	0.0
0.012277	0.122708008	108.546621	0.0	0.0
0.012391	0.123850586	108.369500	0.0	0.0
0.012505	0.125003906	108.194117	0.0	0.0
0.012621	0.126166992	108.020482	0.0	0.0
0.012738	0.127340820	107.848546	0.0	0.0
0.012856	0.128525391	107.678289	0.0	0.0
0.012975	0.129720703	107.509722	0.0	0.0
0.013095	0.130926758	107.342798	0.0	0.0
0.013217	0.132144531	107.177512	0.0	0.0
0.013339	0.133373047	107.013834	0.0	0.0
0.013463	0.134613281	106.851760	0.0	0.0
0.013587	0.135864258	106.691271	0.0	0.0
0.013713	0.137126953	106.532340	0.0	0.0
0.013840	0.138401367	106.374961	0.0	0.0
0.013968	0.139687500	106.219107	0.0	0.0
0.014098	0.140984375	106.064762	0.0	0.0
0.014228	0.142293945	105.911922	0.0	0.0
0.014360	0.143616211	105.760549	0.0	0.0
0.014493	0.144950195	105.610641	0.0	0.0
0.014627	0.146295898	105.462192	0.0	0.0
0.014763	0.147654297	105.315168	0.0	0.0
0.014900	0.149025391	105.169554	0.0	0.0
0.015038	0.150408203	105.025348	0.0	0.0
0.015177	0.151804688	104.882525	0.0	0.0
0.015317	0.153213867	104.741073	0.0	0.0
0.015459	0.154635742	104.600969	0.0	0.0
0.015602	0.156071289	104.462220	0.0	0.0
0.015747	0.157519531	104.324784	0.0	0.0
0.015893	0.158981445	104.188669	0.0	0.0
0.016040	0.160456055	104.053853	0.0	0.0
0.016189	0.161945313	103.920315	0.0	0.0
0.016339	0.163447266	103.788054	0.0	0.0
0.016490	0.164963867	103.657050	0.0	0.0
0.016643	0.166494141	103.527290	0.0	0.0
0.016797	0.168038086	103.398757	0.0	0.0
0.016952	0.169596680	103.271448	0.0	0.0
0.017109	0.171169922	103.145336	0.0	0.0
0.017268	0.172756836	103.020420	0.0	0.0
0.017428	0.174359375	102.896682	0.0	0.0
0.017589	0.175975586	102.774112	0.0	0.0
0.017752	0.177607422	102.652701	0.0	0.0
0.017917	0.179254883	102.532431	0.0	0.0
0.018082	0.180916992	102.413287	0.0	0.0
0.018250	0.182593750	102.295266	0.0	0.0
0.018419	0.184287109	102.178347	0.0	0.0
0.018590	0.185995117	102.062527	0.0	0.0
0.018762	0.187719727	101.947791	0.0	0.0
0.018936	0.189459961	101.834131	0.0	0.0
0.019111	0.191215820	101.721526	0.0	0.0
0.019288	0.192988281	101.609974	0.0	0.0
0.019467	0.194777344	101.499467	0.0	0.0
0.019647	0.196582031	101.389980	0.0	0.0
0.019829	0.198404297	101.281518	0.0	0.0
0.020013	0.200243164	101.174060	0.0	0.0
0.020198	0.202098633	101.067600	0.0	0.0
0.020385	0.203971680	100.962130	0.0	0.0
0.020574	0.205862305	100.857633	0.0	0.0
0.020764	0.207770508	100.754102	0.0	0.0
0.020957	0.209695313	100.651531	0.0	0.0
0.021151	0.211638672	100.549901	0.0	0.0
0.021347	0.213599609	100.449213	0.0	0.0
0.021544	0.215579102	100.349449	0.0	0.0
0.021744	0.217576172	100.250609	0.0	0.0
0.021945	0.219592773	100.152671	0.0	0.0
0.022149	0.221626953	100.055636	0.0	0.0
0.022354	0.223680664	99.959486	0.0	0.0
0.022561	0.225752930	99.864222	0.0	0.0
0.022770	0.227844727	99.769829	0.0	0.0
0.022981	0.229956055	99.676297	0.0	0.0
0.023193	0.232085938	99.583620	0.0	0.0
0.023408	0.234236328	99.491789	0.0	0.0
0.023625	0.236406250	99.400795	0.0	0.0
0.023844	0.238596680	99.310628	0.0	0.0
0.024065	0.240806641	99.221279	0.0	0.0
0.024288	0.243037109	99.132744	0.0	0.0
0.024513	0.245289063	99.045010	0.0	0.0
0.024740	0.247561523	98.958072	0.0	0.0
0.024969	0.249854492	98.871923	0.0	0.0
0.025200	0.252168945	98.786549	0.0	0.0
0.025433	0.254504883	98.701947	0.0	0.0
0.025669	0.256862305	98.618108	0.0	0.0
0.025907	0.259241211	98.535026	0.0	0.0
0.026147	0.261642578	98.452692	0.0	0.0
0.026389	0.264066406	98.371095	0.0	0.0
0.026633	0.266512695	98.290233	0.0	0.0
0.026880	0.268980469	98.210096	0.0	0.0
0.027129	0.271472656	98.130675	0.0	0.0
0.027380	0.273986328	98.051967	0.0	0.0
0.027634	0.276524414	97.973961	0.0	0.0
0.027890	0.279085938	97.896651	0.0	0.0
0.028148	0.281669922	97.820031	0.0	0.0
0.028409	0.284279297	97.744090	0.0	0.0
0.028672	0.286912109	97.668828	0.0	0.0
0.028938	0.289569336	97.594231	0.0	0.0
0.029206	0.292250977	97.520296	0.0	0.0
0.029476	0.294958008	97.447018	0.0	0.0
0.029749	0.297689453	97.374385	0.0	0.0
0.030025	0.300446289	97.302396	0.0	0.0
0.030303	0.303228516	97.231042	0.0	0.0
0.030583	0.306037109	97.160316	0.0	0.0
0.030867	0.308871094	97.090212	0.0	0.0
0.031153	0.311731445	97.020725	0.0	0.0
0.031441	0.314618164	96.951846	0.0	0.0
0.031732	0.317532227	96.883570	0.0	0.0
0.032026	0.320472656	96.815892	0.0	0.0
0.032323	0.323440430	96.748806	0.0	0.0
0.032622	0.326435547	96.682305	0.0	0.0
0.032924	0.329458008	96.616383	0.0	0.0
0.033229	0.332508789	96.551033	0.0	0.0
0.033537	0.335587891	96.486252	0.0	0.0
0.033848	0.338695313	96.422032	0.0	0.0
0.034161	0.341832031	96.358369	0.0	0.0
0.034478	0.344997070	96.295255	0.0	0.0
0.034797	0.348191406	96.232685	0.0	0.0
0.035119	0.351416016	96.170654	0.0	0.0
0.035445	0.354669922	96.109158	0.0	0.0
0.035773	0.357954102	96.048190	0.0	0.0
0.036104	0.361267578	95.987743	0.0	0.0
0.036439	0.364613281	95.927815	0.0	0.0
0.036776	0.367989258	95.868398	0.0	0.0
0.037117	0.371396484	95.809487	0.0	0.0
0.037461	0.374834961	95.751079	0.0	0.0
0.037807	0.378305664	95.693166	0.0	0.0
0.038158	0.381808594	95.635744	0.0	0.0
0.038511	0.385343750	95.578809	0.0	0.0
0.038868	0.388911133	95.522354	0.0	0.0
0.039228	0.392511719	95.466376	0.0	0.0
0.039591	0.396145508	95.410870	0.0	0.0
0.039958	0.399813477	95.355829	0.0	0.0
0.040328	0.403514648	95.301249	0.0	0.0
0.040701	0.407250977	95.247126	0.0	0.0
0.041078	0.411021484	95.193454	0.0	0.0
0.041459	0.414826172	95.140231	0.0	0.0
0.041843	0.418666992	95.087448	0.0	0.0
0.042230	0.422542969	95.035105	0.0	0.0
0.042622	0.426454102	94.983193	0.0	0.0
0.043016	0.430402344	94.931711	0.0	0.0
0.043415	0.434386719	94.880654	0.0	0.0
0.043817	0.438408203	94.830015	0.0	0.0
0.044223	0.442466797	94.779791	0.0	0.0
0.044632	0.446562500	94.729979	0.0	0.0
0.045046	0.450696289	94.680573	0.0	0.0
0.045463	0.454868164	94.631569	0.0	0.0
0.045884	0.459079102	94.582963	0.0	0.0
0.046309	0.463329102	94.534750	0.0	0.0
0.046738	0.467617188	94.486927	0.0	0.0
0.047171	0.471946289	94.439489	0.0	0.0
0.047608	0.476314453	94.392433	0.0	0.0
0.048049	0.480722656	94.345753	0.0	0.0
0.048494	0.485172852	94.299446	0.0	0.0
0.048943	0.489663086	94.253508	0.0	0.0
0.049396	0.494195313	94.207934	0.0	0.0
0.049854	0.498769531	94.162723	0.0	0.0
0.050315	0.503385742	94.117867	0.0	0.0
0.050782	0.508044922	94.073365	0.0	0.0
0.051252	0.512747070	94.029212	0.0	0.0
0.051727	0.517493164	93.985405	0.0	0.0
0.052206	0.522282227	93.941938	0.0	0.0
0.052689	0.527116211	93.898811	0.0	0.0
0.053177	0.531994141	93.856017	0.0	0.0
0.053670	0.536917969	93.813553	0.0	0.0
0.054167	0.541886719	93.771416	0.0	0.0
0.054669	0.546901367	93.729602	0.0	0.0
0.055175	0.551962891	93.688108	0.0	0.0
0.055686	0.557070313	93.646929	0.0	0.0
0.056202	0.562225586	93.606062	0.0	0.0
0.056722	0.567427734	93.565505	0.0	0.0
0.057248	0.572678711	93.525252	0.0	0.0
0.057778	0.577977539	93.485302	0.0	0.0
0.058313	0.583326172	93.445649	0.0	0.0
0.058853	0.588723633	93.406291	0.0	0.0
0.059398	0.594170898	93.367225	0.0	0.0
0.059948	0.599668945	93.328447	0.0	0.0
0.060504	0.605216797	93.289954	0.0	0.0
0.061064	0.610816406	93.251741	0.0	0.0
0.061630	0.616467773	93.213808	0.0	0.0
0.062200	0.622170898	93.176149	0.0	0.0
0.062777	0.627927734	93.138762	0.0	0.0
0.063358	0.633736328	93.101643	0.0	0.0
0.063945	0.639599609	93.064789	0.0	0.0
0.064537	0.645516602	93.028197	0.0	0.0
0.065135	0.651488281	92.991864	0.0	0.0
0.065738	0.657514648	92.955787	0.0	0.0
0.066347	0.663597656	92.919962	0.0	0.0
0.066962	0.669735352	92.884387	0.0	0.0
0.067582	0.675930664	92.849058	0.0	0.0
0.068208	0.682183594	92.813973	0.0	0.0
0.068840	0.688493164	92.779128	0.0	0.0
0.069477	0.694861328	92.744521	0.0	0.0
0.070121	0.701288086	92.710148	0.0	0.0
0.070770	0.707774414	92.676007	0.0	0.0
0.071426	0.714320313	92.642094	0.0	0.0
0.072087	0.720926758	92.608407	0.0	0.0
0.072755	0.727593750	92.574942	0.0	0.0
0.073429	0.734322266	92.541698	0.0	0.0
0.074109	0.741113281	92.508670	0.0	0.0
0.074795	0.747965820	92.475857	0.0	0.0
0.075488	0.754882813	92.443255	0.0	0.0
0.076187	0.761863281	92.410861	0.0	0.0
0.076893	0.768907227	92.378674	0.0	0.0
0.077605	0.776016602	92.346690	0.0	0.0
0.078324	0.783192383	92.314905	0.0	0.0
0.079049	0.790433594	92.283319	0.0	0.0
0.079781	0.797741211	92.251927	0.0	0.0
0.080520	0.805116211	92.220727	0.0	0.0
0.081266	0.812558594	92.189717	0.0	0.0
0.082019	0.820070313	92.158894	0.0	0.0
0.082779	0.827651367	92.128255	0.0	0.0
0.083545	0.835301758	92.097797	0.0	0.0
0.084319	0.843023438	92.067519	0.0	0.0
0.085100	0.850815430	92.037417	0.0	0.0
0.085888	0.858678711	92.007488	0.0	0.0
0.086684	0.866615234	91.977731	0.0	0.0
0.087487	0.874624023	91.948143	0.0	0.0
0.088297	0.882707031	91.918721	0.0	0.0
0.089115	0.890864258	91.889463	0.0	0.0
0.089940	0.899096680	91.860365	0.0	0.0
0.090773	0.907405273	91.831426	0.0	0.0
0.091614	0.915789063	91.802644	0.0	0.0
0.092463	0.924250977	91.774015	0.0	0.0
0.093319	0.932790039	91.745537	0.0	0.0
0.094183	0.941408203	91.717208	0.0	0.0
0.095056	0.950105469	91.689026	0.0	0.0
0.095936	0.958881836	91.660988	0.0	0.0
0.096825	0.967740234	91.633091	0.0	0.0
0.097721	0.976679688	91.605334	0.0	0.0
0.098627	0.985703125	91.577713	0.0	0.0
0.099540	0.994804688	91.550227	0.0	0.0
0.100462	1.003994141	91.522874	0.0	0.0
0.101393	1.013261719	91.495650	0.0	0.0
0.102332	1.022617188	91.468551	0.0	0.0
0.103280	1.032060547	91.441580	0.0	0.0
0.104236	1.041591797	91.414731	0.0	0.0
0.105202	1.051210938	91.388004	0.0	0.0
0.106176	1.060917969	91.361395	0.0	0.0
0.107159	1.070712891	91.334901	0.0	0.0
0.108152	1.080595703	91.308519	0.0	0.0
0.109154	1.090566406	91.282252	0.0	0.0
0.110165	1.100634766	91.256092	0.0	0.0
0.111185	1.110800781	91.230039	0.0	0.0
0.112215	1.121044922	91.204092	0.0	0.0
0.113254	1.131396484	91.178249	0.0	0.0
0.114303	1.141835938	91.152504	0.0	0.0
0.115362	1.152373047	91.126858	0.0	0.0
0.116430	1.163007813	91.101308	0.0	0.0
0.117509	1.173730469	91.075851	0.0	0.0
0.118597	1.184560547	91.050486	0.0	0.0
0.119696	1.195488281	91.025210	0.0	0.0
0.120804	1.206513672	91.000023	0.0	0.0
0.121923	1.217646484	90.974921	0.0	0.0
0.123052	1.228876953	90.949901	0.0	0.0
0.124192	1.240214844	90.924962	0.0	0.0
0.125342	1.251650391	90.900102	0.0	0.0
0.126503	1.263193359	90.875318	0.0	0.0
0.127675	1.274833984	90.850609	0.0	0.0
0.128858	1.286591797	90.825974	0.0	0.0
0.130051	1.298447266	90.801408	0.0	0.0
0.131256	1.310419922	90.776909	0.0	0.0
0.132471	1.322500000	90.752478	0.0	0.0
0.133698	1.334687500	90.728110	0.0	0.0
0.134937	1.346982422	90.703805	0.0	0.0
0.136187	1.359394531	90.679560	0.0	0.0
0.137448	1.371923828	90.655372	0.0	0.0
0.138721	1.384560547	90.631239	0.0	0.0
0.140006	1.397314453	90.607162	0.0	0.0
0.141303	1.410185547	90.583135	0.0	0.0
0.142611	1.423173828	90.559157	0.0	0.0
0.143932	1.436289063	90.535228	0.0	0.0
0.145265	1.449511719	90.511345	0.0	0.0
0.146611	1.462861328	90.487504	0.0	0.0
0.147969	1.476328125	90.463706	0.0	0.0
0.149339	1.489912109	90.439947	0.0	0.0
0.150723	1.503632813	90.416226	0.0	0.0
0.152119	1.517470703	90.392538	0.0	0.0
0.153528	1.531435547	90.368886	0.0	0.0
0.154950	1.545527344	90.345264	0.0	0.0
0.156385	1.559746094	90.321671	0.0	0.0
0.157833	1.574101563	90.298108	0.0	0.0
0.159295	1.588574219	90.274568	0.0	0.0
0.160770	1.603183594	90.251052	0.0	0.0
0.162260	1.617929688	90.227557	0.0	0.0
0.163762	1.632812500	90.204081	0.0	0.0
0.165279	1.647822266	90.180623	0.0	0.0
0.166810	1.662968750	90.157179	0.0	0.0
0.168355	1.678251953	90.133750	0.0	0.0
0.169914	1.693681641	90.110332	0.0	0.0
0.171488	1.709248047	90.086923	0.0	0.0
0.173077	1.724951172	90.063521	0.0	0.0
0.174680	1.740800781	90.040126	0.0	0.0
0.176298	1.756787109	90.016733	0.0	0.0
0.177930	1.772919922	89.993342	0.0	0.0
0.179579	1.789208984	89.969949	0.0	0.0
0.181242	1.805634766	89.946554	0.0	0.0
0.182921	1.822207031	89.923155	0.0	0.0
0.184615	1.838935547	89.899749	0.0	0.0
0.186325	1.855820313	89.876335	0.0	0.0
0.188050	1.872841797	89.852910	0.0	0.0
0.189792	1.890029297	89.829472	0.0	0.0
0.191550	1.907363281	89.806019	0.0	0.0
0.193324	1.924863281	89.782551	0.0	0.0
0.195115	1.942519531	89.759064	0.0	0.0
0.196922	1.960322266	89.735556	0.0	0.0
0.198746	1.978300781	89.712024	0.0	0.0
0.200587	1.996435547	89.688469	0.0	0.0
0.202445	2.014726563	89.664887	0.0	0.0
0.204320	2.033193359	89.641277	0.0	0.0
0.206212	2.051816406	89.617635	0.0	0.0
0.208122	2.070615234	89.593961	0.0	0.0
0.210050	2.089580078	89.570253	0.0	0.0
0.211995	2.108710938	89.546508	0.0	0.0
0.213959	2.128017578	89.522724	0.0	0.0
0.215941	2.147490234	89.498899	0.0	0.0
0.217941	2.167148438	89.475032	0.0	0.0
0.219959	2.186972656	89.451119	0.0	0.0
0.221997	2.206982422	89.427160	0.0	0.0
0.224053	2.227167969	89.403152	0.0	0.0
0.226128	2.247539063	89.379093	0.0	0.0
0.228222	2.268085938	89.354981	0.0	0.0
0.230336	2.288818359	89.330813	0.0	0.0
0.232470	2.309736328	89.306589	0.0	0.0
0.234623	2.330839844	89.282305	0.0	0.0
0.236796	2.352128906	89.257961	0.0	0.0
0.238989	2.373613281	89.233552	0.0	0.0
0.241203	2.395292969	89.209079	0.0	0.0
0.243437	2.417158203	89.184538	0.0	0.0
0.245692	2.439228516	89.159928	0.0	0.0
0.247967	2.461484375	89.135245	0.0	0.0
0.250264	2.483945313	89.110489	0.0	0.0
0.252582	2.506601563	89.085656	0.0	0.0
0.254922	2.529462891	89.060745	0.0	0.0
0.257283	2.552519531	89.035755	0.0	0.0
0.259666	2.575791016	89.010682	0.0	0.0
0.262071	2.599267578	88.985525	0.0	0.0
0.264498	2.622949219	88.960281	0.0	0.0
0.266948	2.646835938	88.934949	0.0	0.0
0.269420	2.670947266	88.909524	0.0	0.0
0.271916	2.695263672	88.884008	0.0	0.0
0.274434	2.719794922	88.858396	0.0	0.0
0.276976	2.744550781	88.832686	0.0	0.0
0.279542	2.769521484	88.806877	0.0	0.0
0.282131	2.794716797	88.780965	0.0	0.0
0.284744	2.820126953	88.754950	0.0	0.0
0.287381	2.845771484	88.728828	0.0	0.0
0.290043	2.871640625	88.702598	0.0	0.0
0.292730	2.897734375	88.676256	0.0	0.0
0.295441	2.924062500	88.649802	0.0	0.0
0.298177	2.950615234	88.623233	0.0	0.0
0.300939	2.977412109	88.596545	0.0	0.0
0.303726	3.004443359	88.569738	0.0	0.0
0.306540	3.031708984	88.542809	0.0	0.0
0.309379	3.059218750	88.515754	0.0	0.0
0.312244	3.086972656	88.488574	0.0	0.0
0.315136	3.114960938	88.461265	0.0	0.0
0.318055	3.143203125	88.433823	0.0	0.0
0.321001	3.171699219	88.406247	0.0	0.0
0.323974	3.200439453	88.378536	0.0	0.0
0.326975	3.229443359	88.350685	0.0	0.0
0.330004	3.258691406	88.322694	0.0	0.0
0.333060	3.288193359	88.294560	0.0	0.0
0.336145	3.317968750	88.266280	0.0	0.0
0.339258	3.347998047	88.237851	0.0	0.0
0.342401	3.378291016	88.209272	0.0	0.0
0.345572	3.408857422	88.180539	0.0	0.0
0.348773	3.439687500	88.151652	0.0	0.0
0.352003	3.470791016	88.122605	0.0	0.0
0.355264	3.502167969	88.093398	0.0	0.0
0.358554	3.533818359	88.064028	0.0	0.0
0.361875	3.565742188	88.034493	0.0	0.0
0.365227	3.597958984	88.004790	0.0	0.0
0.368610	3.630449219	87.974915	0.0	0.0
0.372024	3.663232422	87.944867	0.0	0.0
0.375469	3.696308594	87.914644	0.0	0.0
0.378947	3.729667969	87.884242	0.0	0.0
0.382457	3.763320313	87.853658	0.0	0.0
0.385999	3.797275391	87.822891	0.0	0.0
0.389575	3.831523438	87.791938	0.0	0.0
0.393183	3.866074219	87.760796	0.0	0.0
0.396825	3.900937500	87.729462	0.0	0.0
0.400500	3.936103516	87.697933	0.0	0.0
0.404210	3.971582031	87.666208	0.0	0.0
0.407954	4.007373047	87.634282	0.0	0.0
0.411732	4.043476563	87.602154	0.0	0.0
0.415546	4.079902344	87.569820	0.0	0.0
0.419394	4.116650391	87.537278	0.0	0.0
0.423279	4.153730469	87.504525	0.0	0.0
0.427199	4.191132813	87.471558	0.0	0.0
0.431156	4.228867188	87.438374	0.0	0.0
0.435150	4.266943359	87.404971	0.0	0.0
0.439180	4.305351563	87.371345	0.0	0.0
0.443248	4.344101563	87.337494	0.0	0.0
0.447353	4.383203125	87.303415	0.0	0.0
0.451497	4.422646484	87.269103	0.0	0.0
0.455679	4.462451172	87.234559	0.0	0.0
0.459899	4.502607422	87.199776	0.0	0.0
0.464159	4.543125000	87.164753	0.0	0.0
0.468458	4.584003906	87.129488	0.0	0.0
0.472797	4.625253906	87.093975	0.0	0.0
0.477176	4.666875000	87.058213	0.0	0.0
0.481596	4.708867188	87.022199	0.0	0.0
0.486056	4.751250000	86.985929	0.0	0.0
0.490558	4.794003906	86.949399	0.0	0.0
0.495102	4.837158203	86.912608	0.0	0.0
0.499688	4.880693359	86.875552	0.0	0.0
0.504316	4.924638672	86.838227	0.0	0.0
0.508987	4.968974609	86.800630	0.0	0.0
0.513701	5.013720703	86.762758	0.0	0.0
0.518459	5.058876953	86.724608	0.0	0.0
0.523261	5.104453125	86.686177	0.0	0.0
0.528108	5.150439453	86.647460	0.0	0.0
0.532999	5.196865234	86.608455	0.0	0.0
0.537936	5.243710938	86.569158	0.0	0.0
0.542919	5.290996094	86.529566	0.0	0.0
0.547947	5.338720703	86.489675	0.0	0.0
0.553022	5.386894531	86.449482	0.0	0.0
0.558145	5.435517578	86.408983	0.0	0.0
0.563314	5.484599609	86.368175	0.0	0.0
0.568532	5.534150391	86.327054	0.0	0.0
0.573798	5.584169922	86.285617	0.0	0.0
0.579112	5.634658203	86.243858	0.0	0.0
0.584476	5.685634766	86.201777	0.0	0.0
0.589890	5.737099609	86.159368	0.0	0.0
0.595353	5.789052734	86.116628	0.0	0.0
0.600868	5.841513672	86.073552	0.0	0.0
0.606433	5.894472656	86.030139	0.0	0.0
0.612050	5.947958984	85.986382	0.0	0.0
0.617719	6.001953125	85.942278	0.0	0.0
0.623440	6.056484375	85.897824	0.0	0.0
0.629215	6.111552734	85.853017	0.0	0.0
0.635043	6.167158203	85.807850	0.0	0.0
0.640924	6.223320313	85.762321	0.0	0.0
0.646861	6.280039063	85.716426	0.0	0.0
0.652852	6.337324219	85.670161	0.0	0.0
0.658899	6.395175781	85.623521	0.0	0.0
0.665002	6.453623047	85.576502	0.0	0.0
0.671161	6.512646484	85.529101	0.0	0.0
0.677378	6.572275391	85.481312	0.0	0.0
0.683652	6.632519531	85.433132	0.0	0.0
0.689984	6.693369141	85.384557	0.0	0.0
0.696375	6.754843750	85.335581	0.0	0.0
0.702824	6.816953125	85.286201	0.0	0.0
0.709334	6.879707031	85.236412	0.0	0.0
0.715904	6.943115234	85.186210	0.0	0.0
0.722535	7.007177734	85.135591	0.0	0.0
0.729227	7.071914063	85.084548	0.0	0.0
0.735981	7.137333984	85.033080	0.0	0.0
0.742798	7.203437500	84.981179	0.0	0.0
0.749678	7.270244141	84.928842	0.0	0.0
0.756622	7.337763672	84.876065	0.0	0.0
0.763630	7.405996094	84.822842	0.0	0.0
0.770703	7.474960938	84.769169	0.0	0.0
0.777841	7.544658203	84.715040	0.0	0.0
0.785046	7.615107422	84.660451	0.0	0.0
0.792317	7.686318359	84.605396	0.0	0.0
0.799656	7.758300781	84.549872	0.0	0.0
0.807062	7.831054688	84.493873	0.0	0.0
0.814537	7.904609375	84.437392	0.0	0.0
0.822082	7.978955078	84.380427	0.0	0.0
0.829696	8.054111328	84.322971	0.0	0.0
0.837381	8.130097656	84.265019	0.0	0.0
0.845137	8.206904297	84.206567	0.0	0.0
0.852964	8.284550781	84.147608	0.0	0.0
0.860865	8.363056641	84.088136	0.0	0.0
0.868838	8.442412109	84.028147	0.0	0.0
0.876886	8.522646484	83.967635	0.0	0.0
0.885008	8.603759766	83.906595	0.0	0.0
0.893205	8.685751953	83.845021	0.0	0.0
0.901478	8.768652344	83.782907	0.0	0.0
0.909827	8.852460938	83.720247	0.0	0.0
0.918254	8.937177734	83.657036	0.0	0.0
0.926759	9.022822266	83.593268	0.0	0.0
0.935343	9.109394531	83.528936	0.0	0.0
0.944007	9.196914063	83.464036	0.0	0.0
0.952750	9.285371094	83.398561	0.0	0.0
0.961575	9.374794922	83.332504	0.0	0.0
0.970481	9.465175781	83.265859	0.0	0.0
0.979470	9.556523438	83.198621	0.0	0.0
0.988542	9.648837891	83.130784	0.0	0.0
0.997698	9.742138672	83.062339	0.0	0.0
1.006939	9.836425781	82.993279	0.0	0.0
1.016265	9.931738281	82.923606	0.0	0.0
1.025678	10.027929688	82.853302	0.0	0.0
1.035178	10.125195313	82.782367	0.0	0.0
1.044766	10.223437500	82.710793	0.0	0.0
1.054443	10.322753906	82.638571	0.0	0.0
1.064209	10.422949219	82.565701	0.0	0.0
1.074066	10.524218750	82.492167	0.0	0.0
1.084014	10.626464844	82.417967	0.0	0.0
1.094055	10.729687500	82.343088	0.0	0.0
1.104188	10.833984375	82.267534	0.0	0.0
1.114415	10.939257813	82.191291	0.0	0.0
1.124737	11.045410156	82.114350	0.0	0.0
1.135155	11.152636719	82.036703	0.0	0.0
1.145669	11.260937500	81.958348	0.0	0.0
1.156280	11.370117188	81.879278	0.0	0.0
1.166990	11.480273438	81.799476	0.0	0.0
1.177799	11.591406250	81.718942	0.0	0.0
1.188708	11.703515625	81.637666	0.0	0.0
1.199718	11.816503906	81.555641	0.0	0.0
1.210830	11.930468750	81.472858	0.0	0.0
1.222045	12.045410156	81.389308	0.0	0.0
1.233363	12.161328125	81.304991	0.0	0.0
1.244787	12.278027344	81.219882	0.0	0.0
1.256317	12.395703125	81.133981	0.0	0.0
1.267953	12.514257813	81.047286	0.0	0.0
1.279697	12.633789063	80.959781	0.0	0.0
1.291550	12.754101563	80.871457	0.0	0.0
1.303512	12.875292969	80.782313	0.0	0.0
1.315586	12.997363281	80.692325	0.0	0.0
1.327771	13.120312500	80.601499	0.0	0.0
1.340069	13.244042969	80.509820	0.0	0.0
1.352481	13.368652344	80.417277	0.0	0.0
1.365008	13.494042969	80.323861	0.0	0.0
1.377651	13.620312500	80.229565	0.0	0.0
1.390411	13.747363281	80.134378	0.0	0.0
1.403289	13.875195313	80.038292	0.0	0.0
1.416287	14.003906250	79.941289	0.0	0.0
1.429405	14.133398438	79.843369	0.0	0.0
1.442644	14.263671875	79.744522	0.0	0.0
1.456006	14.394824219	79.644730	0.0	0.0
1.469492	14.526757813	79.543985	0.0	0.0
1.483103	14.659570313	79.442277	0.0	0.0
1.496839	14.793261719	79.339604	0.0	0.0
1.510703	14.927832031	79.235942	0.0	0.0
1.524696	15.063281250	79.131280	0.0	0.0
1.538818	15.199707031	79.025618	0.0	0.0
1.553071	15.337011719	78.918936	0.0	0.0
1.567455	15.475390625	78.811234	0.0	0.0
1.581973	15.614746094	78.702486	0.0	0.0
1.596626	15.755273438	78.592683	0.0	0.0
1.611414	15.896875000	78.481821	0.0	0.0
1.626340	16.039648438	78.369876	0.0	0.0
1.641403	16.183691406	78.256852	0.0	0.0
1.656606	16.329101563	78.142724	0.0	0.0
1.671950	16.475878906	78.027482	0.0	0.0
1.687436	16.624218750	77.911116	0.0	0.0
1.703065	16.774023438	77.793615	0.0	0.0
1.718839	16.925585938	77.674960	0.0	0.0
1.734759	17.078906250	77.555142	0.0	0.0
1.750827	17.234082031	77.434141	0.0	0.0
1.767044	17.391210938	77.311948	0.0	0.0
1.783410	17.550488281	77.188558	0.0	0.0
1.799929	17.712011719	77.063938	0.0	0.0
1.816600	17.875781250	76.938092	0.0	0.0
1.833425	18.042187500	76.811001	0.0	0.0
1.850407	18.211132813	76.682639	0.0	0.0
1.867546	18.382812500	76.553001	0.0	0.0
1.884843	18.557421875	76.422077	0.0	0.0
1.902301	18.734960938	76.289838	0.0	0.0
1.919921	18.915722656	76.156274	0.0	0.0
1.937703	19.099804688	76.021381	0.0	0.0
1.955651	19.287304688	75.885122	0.0	0.0
1.973764	19.478417969	75.747502	0.0	0.0
1.992046	19.673144531	75.608485	0.0	0.0
2.010496	19.871679688	75.468074	0.0	0.0
2.029118	20.074121094	75.326233	0.0	0.0
2.047912	20.280566406	75.182958	0.0	0.0
2.066880	20.491113281	75.038228	0.0	0.0
2.086024	20.705761719	74.892022	0.0	0.0
2.105345	20.924609375	74.744327	0.0	0.0
2.124845	21.147753906	74.595122	0.0	0.0
2.144526	21.375097656	74.444386	0.0	0.0
2.164389	21.606640625	74.292105	0.0	0.0
2.184436	21.842382813	74.138258	0.0	0.0
2.204669	22.082324219	73.982824	0.0	0.0
2.225089	22.326269531	73.825787	0.0	0.0
2.245698	22.574218750	73.667126	0.0	0.0
2.266498	22.825976563	73.506819	0.0	0.0
2.287491	23.081347656	73.344843	0.0	0.0
2.308678	23.340136719	73.181184	0.0	0.0
2.330061	23.602148438	73.015818	0.0	0.0
2.351643	23.867089844	72.848715	0.0	0.0
2.373424	24.134765625	72.679866	0.0	0.0
2.395407	24.404687500	72.509242	0.0	0.0
2.417594	24.676757813	72.336817	0.0	0.0
2.439986	24.950488281	72.162576	0.0	0.0
2.462586	25.225390625	71.986486	0.0	0.0
2.485395	25.501367188	71.808532	0.0	0.0
2.508415	25.777734375	71.628688	0.0	0.0
2.531648	26.054199219	71.446930	0.0	0.0
2.555097	26.330273438	71.263223	0.0	0.0
2.578763	26.605761719	71.077552	0.0	0.0
2.602648	26.880078125	70.889889	0.0	0.0
2.626754	27.152832031	70.700209	0.0	0.0
2.651084	27.423828125	70.508477	0.0	0.0
2.675638	27.692675781	70.314684	0.0	0.0
2.700421	27.959082031	70.118777	0.0	0.0
2.725433	28.222851563	69.920746	0.0	0.0
2.750676	28.483886719	69.720563	0.0	0.0
2.776153	28.741992188	69.518192	0.0	0.0
2.801867	28.997167969	69.313597	0.0	0.0
2.827818	29.249414063	69.106766	0.0	0.0
2.854010	29.499023438	68.897653	0.0	0.0
2.880444	29.746093750	68.686237	0.0	0.0
2.907123	29.990917969	68.472481	0.0	0.0
2.934050	30.233984375	68.256346	0.0	0.0
2.961225	30.475781250	68.037819	0.0	0.0
2.988653	30.716894531	67.816844	0.0	0.0
3.016334	30.958007813	67.593407	0.0	0.0
3.044272	31.199902344	67.367459	0.0	0.0
3.072469	31.443261719	67.138970	0.0	0.0
3.100927	31.689257813	66.907905	0.0	0.0
3.129648	31.938574219	66.674234	0.0	0.0
3.158635	32.192382813	66.437913	0.0	0.0
3.187891	32.451464844	66.198903	0.0	0.0
3.217418	32.717089844	65.957168	0.0	0.0
3.247218	32.989941406	65.712674	0.0	0.0
3.277295	33.271093750	65.465369	0.0	0.0
3.307650	33.561425781	65.215227	0.0	0.0
3.338286	33.861621094	64.962204	0.0	0.0
3.369206	34.172363281	64.706254	0.0	0.0
3.400412	34.494140625	64.447341	0.0	0.0
3.431907	34.827246094	64.185419	0.0	0.0
3.463694	35.171875000	63.920443	0.0	0.0
3.495776	35.528125000	63.652364	0.0	0.0
3.528154	35.895507813	63.381154	0.0	0.0
3.560833	36.273730469	63.106747	0.0	0.0
3.593814	36.662109375	62.829112	0.0	0.0
3.627100	37.059765625	62.548201	0.0	0.0
3.660695	37.465722656	62.263954	0.0	0.0
3.694601	37.878515625	61.976332	0.0	0.0
3.728821	38.296875000	61.685283	0.0	0.0
3.763358	38.719238281	61.390756	0.0	0.0
3.798215	39.144140625	61.092700	0.0	0.0
3.833395	39.569628906	60.791063	0.0	0.0
3.868901	39.994335938	60.485792	0.0	0.0
3.904735	40.416601563	60.176842	0.0	0.0
3.940902	40.834960938	59.864143	0.0	0.0
3.977403	41.248242188	59.547656	0.0	0.0
4.014242	41.655468750	59.227319	0.0	0.0
4.051423	42.055957031	58.903068	0.0	0.0
4.088948	42.449414063	58.574854	0.0	0.0
4.126821	42.835937500	58.242613	0.0	0.0
4.165044	43.216113281	57.906296	0.0	0.0
4.203622	43.591015625	57.565828	0.0	0.0
4.242556	43.962207031	57.221169	0.0	0.0
4.281852	44.331640625	56.872233	0.0	0.0
4.321511	44.701757813	56.518979	0.0	0.0
4.361538	45.075488281	56.161330	0.0	0.0
4.401935	45.455761719	55.799234	0.0	0.0
4.442707	45.845996094	55.432612	0.0	0.0
4.483856	46.249707031	55.061414	0.0	0.0
4.525386	46.670214844	54.685569	0.0	0.0
4.567301	47.110546875	54.305005	0.0	0.0
4.609604	47.573632813	53.919662	0.0	0.0
4.652300	48.061718750	53.529458	0.0	0.0
4.695390	48.576367188	53.134349	0.0	0.0
4.738880	49.118164063	52.734246	0.0	0.0
4.782772	49.686914063	52.329094	0.0	0.0
4.827071	50.281250000	51.918812	0.0	0.0
4.871780	50.898535156	51.503337	0.0	0.0
4.916904	51.535156250	51.082587	0.0	0.0
4.962445	52.186425781	50.656509	0.0	0.0
5.008408	52.846484375	50.225021	0.0	0.0
5.054797	53.508691406	49.788050	0.0	0.0
5.101615	54.166113281	49.345536	0.0	0.0
5.148867	54.811132813	48.897395	0.0	0.0
5.196557	55.436425781	48.443558	0.0	0.0
5.244689	56.035058594	47.983954	0.0	0.0
5.293266	56.600976563	47.518521	0.0	0.0
5.342293	57.129394531	47.047182	0.0	0.0
5.391775	57.617089844	46.569857	0.0	0.0
5.441714	58.062695313	46.086499	0.0	0.0
5.492116	58.466894531	45.597021	0.0	0.0
5.542986	58.832910156	45.101349	0.0	0.0
5.594326	59.165917969	44.599437	0.0	0.0
5.646141	59.473144531	44.091213	0.0	0.0
5.698437	59.763769531	43.576597	0.0	0.0
5.751217	60.048046875	43.055538	0.0	0.0
5.804486	60.337109375	42.527969	0.0	0.0
5.858248	60.642187500	41.993836	0.0	0.0
5.912508	60.973632813	41.453075	0.0	0.0
5.967271	61.340429688	40.905626	0.0	0.0
6.022541	61.749316406	40.351440	0.0	0.0
6.078323	62.204101563	39.790463	0.0	0.0
6.134622	62.705566406	39.222643	0.0	0.0
6.191442	63.250683594	38.647942	0.0	0.0
6.248788	63.832910156	38.066314	0.0	0.0
6.306666	64.442187500	37.477707	0.0	0.0
6.365079	65.066015625	36.882106	0.0	0.0
6.424034	65.689746094	36.279456	0.0	0.0
6.483534	66.298144531	35.669750	0.0	0.0
6.543586	66.876367188	35.052943	0.0	0.0
6.604194	67.411523438	34.429027	0.0	0.0
6.665363	67.894140625	33.797990	0.0	0.0
6.727099	68.319531250	33.159812	0.0	0.0
6.789407	68.688378906	32.514493	0.0	0.0
6.852292	69.007910156	31.862036	0.0	0.0
6.915759	69.291601563	31.202453	0.0	0.0
6.979814	69.558789063	30.535752	0.0	0.0
7.044462	69.833203125	29.861956	0.0	0.0
7.109709	70.141210938	29.181089	0.0	0.0
7.175561	70.508984375	28.493178	0.0	0.0
7.242022	70.959179688	27.798283	0.0	0.0
7.309099	71.507519531	27.096437	0.0	0.0
7.376798	72.159082031	26.387695	0.0	0.0
7.445123	72.904980469	25.672140	0.0	0.0
7.514081	73.719628906	24.949833	0.0	0.0
7.583678	74.558789063	24.220853	0.0	0.0
7.653919	75.359863281	23.485301	0.0	0.0
7.724811	76.042871094	22.743264	0.0	0.0
7.796360	76.513769531	21.994853	0.0	0.0
7.868572	76.669628906	21.240184	0.0	0.0
7.941452	76.405175781	20.479396	0.0	0.0
8.015007	75.620703125	19.712617	0.0	0.0
8.089243	74.230175781	18.939996	0.0	0.0
8.164168	72.169921875	18.161668	0.0	0.0
8.239786	69.405468750	17.377823	0.0	0.0
8.316104	65.937109375	16.588629	0.0	0.0
8.393129	61.802734375	15.794263	0.0	0.0
8.470868	57.078222656	14.994913	0.0	0.0
8.549327	51.873828125	14.190786	0.0	0.0
8.628513	46.328320313	13.382088	0.0	0.0
8.708431	40.600390625	12.569055	0.0	0.0
8.789091	34.858007813	11.751883	0.0	0.0
8.870497	29.266992188	10.930835	0.0	0.0
8.952657	23.980273438	10.106142	0.0	0.0
9.035578	19.127734375	9.278055	0.0	0.0
9.119268	14.808789063	8.446822	0.0	0.0
9.203732	11.087402344	7.612726	0.0	0.0
9.288979	7.990419922	6.776019	0.0	0.0
9.375015	5.509296875	5.936989	0.0	0.0
9.461848	3.604277344	5.095910	0.0	0.0
9.549486	2.211230469	4.253059	0.0	0.0
9.637935	1.249736328	3.408739	0.0	0.0
9.727203	0.631771484	2.563237	0.0	0.0
9.817298	0.269959961	1.716843	0.0	0.0
9.908228	0.084602148	0.869851	0.0	0.0
10.000000	0.008795283	0.022564	0.0	0.0
