# UNCLASSIFIED
#
# Calibration info for NVAR Broad Band site. 
# 
# Created: 08 NOV 2011
# Effective: 15 JUN 2011
# File name: NVAR.BB.1308096000
# Inid: 8445 8446 8447 
# Source:  James Neely (TTD), TSgt Gregory Swindle 
# System equipment: Guralp CMG-3T seismometer and Geotech Smart-24B digitizer.
# 
# The response file was derived from equations of state.
# Displacement response relative to 1.0 at 1.0 Hz.
# 
# The nominal calib values are as follows:
# 
# NV31 BHZ is 0.131790 nm/count at 1.0 Hz.
# NV31 BHN is 0.130732 nm/count at 1.0 Hz.
# NV31 BHN is 0.142800 nm/count at 1.0 Hz. 2014302/29 Oct (New calib after IDC/SMU calibrations)
# NV31 BHE is 0.132459 nm/count at 1.0 Hz.
# 
# Freq(Hz)     Amp(counts/nm)   Phase(deg)  Error(amp)  Error(phase)
#
 theoretical  0   instrument    fap
1000
0.001000	0.000014421	260.224520	0.0	0.0
0.001010	0.000014856	260.126199	0.0	0.0
0.001020	0.000015304	260.026872	0.0	0.0
0.001030	0.000015766	259.926530	0.0	0.0
0.001040	0.000016242	259.825162	0.0	0.0
0.001051	0.000016732	259.722746	0.0	0.0
0.001061	0.000017237	259.619281	0.0	0.0
0.001072	0.000017757	259.514757	0.0	0.0
0.001083	0.000018293	259.409152	0.0	0.0
0.001093	0.000018845	259.302463	0.0	0.0
0.001104	0.000019414	259.194683	0.0	0.0
0.001115	0.000020000	259.085788	0.0	0.0
0.001126	0.000020604	258.975766	0.0	0.0
0.001138	0.000021226	258.864618	0.0	0.0
0.001149	0.000021866	258.752320	0.0	0.0
0.001160	0.000022526	258.638863	0.0	0.0
0.001172	0.000023206	258.524233	0.0	0.0
0.001184	0.000023906	258.408422	0.0	0.0
0.001195	0.000024628	258.291405	0.0	0.0
0.001207	0.000025371	258.173182	0.0	0.0
0.001219	0.000026137	258.053741	0.0	0.0
0.001231	0.000026925	257.933051	0.0	0.0
0.001244	0.000027738	257.811118	0.0	0.0
0.001256	0.000028575	257.687913	0.0	0.0
0.001269	0.000029437	257.563432	0.0	0.0
0.001281	0.000030325	257.437655	0.0	0.0
0.001294	0.000031240	257.310577	0.0	0.0
0.001307	0.000032183	257.182168	0.0	0.0
0.001320	0.000033154	257.052426	0.0	0.0
0.001333	0.000034155	256.921328	0.0	0.0
0.001346	0.000035185	256.788861	0.0	0.0
0.001360	0.000036247	256.655005	0.0	0.0
0.001373	0.000037340	256.519755	0.0	0.0
0.001387	0.000038467	256.383089	0.0	0.0
0.001401	0.000039628	256.244996	0.0	0.0
0.001415	0.000040823	256.105453	0.0	0.0
0.001429	0.000042055	255.964445	0.0	0.0
0.001443	0.000043323	255.821960	0.0	0.0
0.001457	0.000044630	255.677977	0.0	0.0
0.001472	0.000045977	255.532472	0.0	0.0
0.001487	0.000047364	255.385440	0.0	0.0
0.001501	0.000048793	255.236860	0.0	0.0
0.001516	0.000050264	255.086708	0.0	0.0
0.001532	0.000051781	254.934970	0.0	0.0
0.001547	0.000053342	254.781634	0.0	0.0
0.001562	0.000054951	254.626674	0.0	0.0
0.001578	0.000056609	254.470069	0.0	0.0
0.001593	0.000058316	254.311803	0.0	0.0
0.001609	0.000060075	254.151853	0.0	0.0
0.001625	0.000061887	253.990215	0.0	0.0
0.001642	0.000063753	253.826845	0.0	0.0
0.001658	0.000065675	253.661738	0.0	0.0
0.001674	0.000067656	253.494879	0.0	0.0
0.001691	0.000069696	253.326225	0.0	0.0
0.001708	0.000071797	253.155781	0.0	0.0
0.001725	0.000073962	252.983511	0.0	0.0
0.001742	0.000076192	252.809391	0.0	0.0
0.001760	0.000078489	252.633405	0.0	0.0
0.001777	0.000080855	252.455529	0.0	0.0
0.001795	0.000083292	252.275737	0.0	0.0
0.001813	0.000085803	252.094014	0.0	0.0
0.001831	0.000088389	251.910332	0.0	0.0
0.001849	0.000091053	251.724668	0.0	0.0
0.001867	0.000093797	251.536995	0.0	0.0
0.001886	0.000096623	251.347295	0.0	0.0
0.001905	0.000099535	251.155535	0.0	0.0
0.001924	0.000102533	250.961706	0.0	0.0
0.001943	0.000105623	250.765762	0.0	0.0
0.001962	0.000108804	250.567686	0.0	0.0
0.001982	0.000112082	250.367450	0.0	0.0
0.002002	0.000115458	250.165038	0.0	0.0
0.002022	0.000118935	249.960402	0.0	0.0
0.002042	0.000122517	249.753545	0.0	0.0
0.002062	0.000126206	249.544408	0.0	0.0
0.002083	0.000130006	249.332984	0.0	0.0
0.002103	0.000133920	249.119233	0.0	0.0
0.002124	0.000137951	248.903138	0.0	0.0
0.002145	0.000142104	248.684650	0.0	0.0
0.002167	0.000146380	248.463760	0.0	0.0
0.002188	0.000150785	248.240428	0.0	0.0
0.002210	0.000155322	248.014626	0.0	0.0
0.002232	0.000159995	247.786323	0.0	0.0
0.002254	0.000164807	247.555480	0.0	0.0
0.002277	0.000169764	247.322076	0.0	0.0
0.002300	0.000174869	247.086072	0.0	0.0
0.002322	0.000180127	246.847436	0.0	0.0
0.002346	0.000185542	246.606137	0.0	0.0
0.002369	0.000191119	246.362136	0.0	0.0
0.002393	0.000196862	246.115398	0.0	0.0
0.002416	0.000202777	245.865906	0.0	0.0
0.002441	0.000208868	245.613592	0.0	0.0
0.002465	0.000215142	245.358449	0.0	0.0
0.002489	0.000221602	245.100433	0.0	0.0
0.002514	0.000228255	244.839500	0.0	0.0
0.002539	0.000235106	244.575618	0.0	0.0
0.002565	0.000242161	244.308744	0.0	0.0
0.002590	0.000249426	244.038854	0.0	0.0
0.002616	0.000256908	243.765893	0.0	0.0
0.002642	0.000264611	243.489829	0.0	0.0
0.002668	0.000272544	243.210616	0.0	0.0
0.002695	0.000280712	242.928218	0.0	0.0
0.002722	0.000289122	242.642593	0.0	0.0
0.002749	0.000297782	242.353694	0.0	0.0
0.002776	0.000306699	242.061495	0.0	0.0
0.002804	0.000315879	241.765931	0.0	0.0
0.002832	0.000325331	241.466974	0.0	0.0
0.002860	0.000335062	241.164581	0.0	0.0
0.002888	0.000345081	240.858702	0.0	0.0
0.002917	0.000355396	240.549292	0.0	0.0
0.002946	0.000366014	240.236302	0.0	0.0
0.002976	0.000376946	239.919685	0.0	0.0
0.003005	0.000388199	239.599414	0.0	0.0
0.003035	0.000399782	239.275411	0.0	0.0
0.003066	0.000411706	238.947656	0.0	0.0
0.003096	0.000423980	238.616082	0.0	0.0
0.003127	0.000436613	238.280649	0.0	0.0
0.003158	0.000449616	237.941310	0.0	0.0
0.003190	0.000462999	237.598003	0.0	0.0
0.003221	0.000476773	237.250692	0.0	0.0
0.003253	0.000490948	236.899314	0.0	0.0
0.003286	0.000505536	236.543832	0.0	0.0
0.003319	0.000520547	236.184175	0.0	0.0
0.003352	0.000535995	235.820314	0.0	0.0
0.003385	0.000551890	235.452176	0.0	0.0
0.003419	0.000568245	235.079715	0.0	0.0
0.003453	0.000585072	234.702889	0.0	0.0
0.003487	0.000602384	234.321627	0.0	0.0
0.003522	0.000620194	233.935879	0.0	0.0
0.003557	0.000638516	233.545608	0.0	0.0
0.003592	0.000657363	233.150729	0.0	0.0
0.003628	0.000676749	232.751217	0.0	0.0
0.003664	0.000696689	232.346999	0.0	0.0
0.003701	0.000717196	231.938028	0.0	0.0
0.003738	0.000738286	231.524252	0.0	0.0
0.003775	0.000759974	231.105604	0.0	0.0
0.003813	0.000782275	230.682035	0.0	0.0
0.003851	0.000805206	230.253485	0.0	0.0
0.003889	0.000828780	229.819909	0.0	0.0
0.003928	0.000853017	229.381237	0.0	0.0
0.003967	0.000877930	228.937435	0.0	0.0
0.004006	0.000903539	228.488437	0.0	0.0
0.004046	0.000929859	228.034186	0.0	0.0
0.004087	0.000956908	227.574628	0.0	0.0
0.004127	0.000984705	227.109721	0.0	0.0
0.004168	0.001013270	226.639412	0.0	0.0
0.004210	0.001042610	226.163627	0.0	0.0
0.004252	0.001072750	225.682337	0.0	0.0
0.004294	0.001103720	225.195485	0.0	0.0
0.004337	0.001135520	224.703022	0.0	0.0
0.004380	0.001168180	224.204902	0.0	0.0
0.004424	0.001201720	223.701069	0.0	0.0
0.004468	0.001236160	223.191480	0.0	0.0
0.004512	0.001271510	222.676107	0.0	0.0
0.004557	0.001307800	222.154890	0.0	0.0
0.004603	0.001345040	221.627789	0.0	0.0
0.004649	0.001383260	221.094773	0.0	0.0
0.004695	0.001422470	220.555796	0.0	0.0
0.004742	0.001462700	220.010822	0.0	0.0
0.004789	0.001503970	219.459820	0.0	0.0
0.004837	0.001546290	218.902768	0.0	0.0
0.004885	0.001589690	218.339635	0.0	0.0
0.004934	0.001634190	217.770381	0.0	0.0
0.004983	0.001679800	217.195003	0.0	0.0
0.005032	0.001726550	216.613469	0.0	0.0
0.005082	0.001774450	216.025761	0.0	0.0
0.005133	0.001823530	215.431874	0.0	0.0
0.005184	0.001873810	214.831791	0.0	0.0
0.005236	0.001925300	214.225515	0.0	0.0
0.005288	0.001978030	213.613035	0.0	0.0
0.005341	0.002032000	212.994366	0.0	0.0
0.005394	0.002087250	212.369504	0.0	0.0
0.005448	0.002143780	211.738465	0.0	0.0
0.005502	0.002201620	211.101254	0.0	0.0
0.005557	0.002260780	210.457897	0.0	0.0
0.005612	0.002321280	209.808435	0.0	0.0
0.005668	0.002383130	209.152881	0.0	0.0
0.005725	0.002446350	208.491277	0.0	0.0
0.005782	0.002510950	207.823659	0.0	0.0
0.005839	0.002576950	207.150083	0.0	0.0
0.005897	0.002644360	206.470608	0.0	0.0
0.005956	0.002713180	205.785269	0.0	0.0
0.006015	0.002783440	205.094161	0.0	0.0
0.006075	0.002855150	204.397333	0.0	0.0
0.006136	0.002928300	203.694872	0.0	0.0
0.006197	0.003002910	202.986863	0.0	0.0
0.006259	0.003078990	202.273397	0.0	0.0
0.006321	0.003156550	201.554573	0.0	0.0
0.006384	0.003235580	200.830497	0.0	0.0
0.006448	0.003316090	200.101271	0.0	0.0
0.006512	0.003398080	199.367027	0.0	0.0
0.006577	0.003481560	198.627884	0.0	0.0
0.006642	0.003566530	197.883967	0.0	0.0
0.006708	0.003652980	197.135429	0.0	0.0
0.006775	0.003740920	196.382399	0.0	0.0
0.006843	0.003830330	195.625049	0.0	0.0
0.006911	0.003921220	194.863519	0.0	0.0
0.006980	0.004013570	194.097986	0.0	0.0
0.007049	0.004107390	193.328615	0.0	0.0
0.007120	0.004202660	192.555584	0.0	0.0
0.007191	0.004299370	191.779074	0.0	0.0
0.007262	0.004397510	190.999287	0.0	0.0
0.007335	0.004497070	190.216406	0.0	0.0
0.007408	0.004598040	189.430633	0.0	0.0
0.007481	0.004700400	188.642185	0.0	0.0
0.007556	0.004804140	187.851254	0.0	0.0
0.007631	0.004909240	187.058056	0.0	0.0
0.007707	0.005015680	186.262826	0.0	0.0
0.007784	0.005123450	185.465768	0.0	0.0
0.007862	0.005232520	184.667113	0.0	0.0
0.007940	0.005342880	183.867088	0.0	0.0
0.008019	0.005454500	183.065927	0.0	0.0
0.008099	0.005567370	182.263861	0.0	0.0
0.008180	0.005681460	181.461124	0.0	0.0
0.008261	0.005796750	180.657961	0.0	0.0
0.008343	0.005913220	179.854587	0.0	0.0
0.008426	0.006030840	179.051261	0.0	0.0
0.008510	0.006149590	178.248201	0.0	0.0
0.008595	0.006269450	177.445655	0.0	0.0
0.008681	0.006390400	176.643852	0.0	0.0
0.008767	0.006512410	175.843030	0.0	0.0
0.008855	0.006635450	175.043425	0.0	0.0
0.008943	0.006759520	174.245255	0.0	0.0
0.009032	0.006884570	173.448752	0.0	0.0
0.009122	0.007010600	172.654148	0.0	0.0
0.009213	0.007137580	171.861652	0.0	0.0
0.009305	0.007265480	171.071490	0.0	0.0
0.009397	0.007394300	170.283874	0.0	0.0
0.009491	0.007524000	169.499005	0.0	0.0
0.009586	0.007654570	168.717088	0.0	0.0
0.009681	0.007785980	167.938325	0.0	0.0
0.009777	0.007918240	167.162911	0.0	0.0
0.009875	0.008051300	166.391030	0.0	0.0
0.009973	0.008185170	165.622859	0.0	0.0
0.010073	0.008319820	164.858551	0.0	0.0
0.010173	0.008455250	164.098339	0.0	0.0
0.010274	0.008591430	163.342349	0.0	0.0
0.010377	0.008728360	162.590736	0.0	0.0
0.010480	0.008866030	161.843652	0.0	0.0
0.010584	0.009004430	161.101239	0.0	0.0
0.010690	0.009143550	160.363638	0.0	0.0
0.010796	0.009283380	159.630980	0.0	0.0
0.010904	0.009423910	158.903390	0.0	0.0
0.011013	0.009565150	158.180988	0.0	0.0
0.011122	0.009707090	157.463824	0.0	0.0
0.011233	0.009849730	156.752069	0.0	0.0
0.011345	0.009993050	156.045824	0.0	0.0
0.011458	0.010137100	155.345122	0.0	0.0
0.011572	0.010281800	154.650115	0.0	0.0
0.011688	0.010427200	153.960824	0.0	0.0
0.011804	0.010573300	153.277328	0.0	0.0
0.011922	0.010720200	152.599698	0.0	0.0
0.012040	0.010867700	151.928001	0.0	0.0
0.012160	0.011016000	151.262241	0.0	0.0
0.012281	0.011164900	150.602531	0.0	0.0
0.012404	0.011314600	149.948917	0.0	0.0
0.012527	0.011465100	149.301341	0.0	0.0
0.012652	0.011616300	148.659946	0.0	0.0
0.012778	0.011768300	148.024664	0.0	0.0
0.012906	0.011921000	147.395529	0.0	0.0
0.013034	0.012074500	146.772615	0.0	0.0
0.013164	0.012228900	146.155848	0.0	0.0
0.013295	0.012384000	145.545295	0.0	0.0
0.013428	0.012540000	144.940968	0.0	0.0
0.013561	0.012696800	144.342788	0.0	0.0
0.013696	0.012854400	143.750807	0.0	0.0
0.013833	0.013013000	143.165028	0.0	0.0
0.013971	0.013172400	142.585408	0.0	0.0
0.014110	0.013332800	142.011902	0.0	0.0
0.014250	0.013494000	141.444547	0.0	0.0
0.014392	0.013656200	140.883254	0.0	0.0
0.014536	0.013819400	140.328090	0.0	0.0
0.014681	0.013983600	139.778926	0.0	0.0
0.014827	0.014148700	139.235787	0.0	0.0
0.014975	0.014314900	138.698614	0.0	0.0
0.015124	0.014482200	138.167426	0.0	0.0
0.015275	0.014650500	137.642095	0.0	0.0
0.015427	0.014819800	137.122666	0.0	0.0
0.015580	0.014990300	136.609047	0.0	0.0
0.015736	0.015162000	136.101177	0.0	0.0
0.015892	0.015334700	135.599064	0.0	0.0
0.016051	0.015508700	135.102644	0.0	0.0
0.016211	0.015683800	134.611857	0.0	0.0
0.016372	0.015860200	134.126672	0.0	0.0
0.016535	0.016037800	133.647027	0.0	0.0
0.016700	0.016216600	133.172887	0.0	0.0
0.016866	0.016396800	132.704162	0.0	0.0
0.017034	0.016578200	132.240847	0.0	0.0
0.017204	0.016761000	131.782851	0.0	0.0
0.017375	0.016945200	131.330140	0.0	0.0
0.017549	0.017130700	130.882651	0.0	0.0
0.017723	0.017317700	130.440348	0.0	0.0
0.017900	0.017506000	130.003170	0.0	0.0
0.018078	0.017695900	129.571053	0.0	0.0
0.018258	0.017887200	129.143938	0.0	0.0
0.018440	0.018080000	128.721767	0.0	0.0
0.018624	0.018274300	128.304521	0.0	0.0
0.018810	0.018470200	127.892099	0.0	0.0
0.018997	0.018667600	127.484485	0.0	0.0
0.019186	0.018866700	127.081599	0.0	0.0
0.019377	0.019067400	126.683381	0.0	0.0
0.019570	0.019269700	126.289797	0.0	0.0
0.019765	0.019473700	125.900790	0.0	0.0
0.019962	0.019679400	125.516282	0.0	0.0
0.020161	0.019886900	125.136239	0.0	0.0
0.020362	0.020096000	124.760605	0.0	0.0
0.020565	0.020307000	124.389328	0.0	0.0
0.020770	0.020519800	124.022352	0.0	0.0
0.020977	0.020734400	123.659609	0.0	0.0
0.021186	0.020950800	123.301081	0.0	0.0
0.021397	0.021169200	122.946682	0.0	0.0
0.021610	0.021389400	122.596380	0.0	0.0
0.021825	0.021611600	122.250124	0.0	0.0
0.022043	0.021835700	121.907851	0.0	0.0
0.022262	0.022061800	121.569511	0.0	0.0
0.022484	0.022289900	121.235073	0.0	0.0
0.022708	0.022520100	120.904476	0.0	0.0
0.022934	0.022752300	120.577659	0.0	0.0
0.023163	0.022986700	120.254606	0.0	0.0
0.023394	0.023223100	119.935231	0.0	0.0
0.023627	0.023461700	119.619517	0.0	0.0
0.023862	0.023702400	119.307396	0.0	0.0
0.024100	0.023945400	118.998839	0.0	0.0
0.024340	0.024190500	118.693804	0.0	0.0
0.024582	0.024438000	118.392213	0.0	0.0
0.024827	0.024687700	118.094064	0.0	0.0
0.025075	0.024939700	117.799281	0.0	0.0
0.025324	0.025194100	117.507839	0.0	0.0
0.025577	0.025450800	117.219688	0.0	0.0
0.025832	0.025709900	116.934791	0.0	0.0
0.026089	0.025971500	116.653103	0.0	0.0
0.026349	0.026235400	116.374575	0.0	0.0
0.026611	0.026501900	116.099185	0.0	0.0
0.026876	0.026770900	115.826878	0.0	0.0
0.027144	0.027042400	115.557609	0.0	0.0
0.027415	0.027316500	115.291358	0.0	0.0
0.027688	0.027593200	115.028082	0.0	0.0
0.027964	0.027872500	114.767740	0.0	0.0
0.028242	0.028154400	114.510283	0.0	0.0
0.028524	0.028439100	114.255698	0.0	0.0
0.028808	0.028726400	114.003921	0.0	0.0
0.029095	0.029016500	113.754942	0.0	0.0
0.029385	0.029309400	113.508713	0.0	0.0
0.029677	0.029605100	113.265200	0.0	0.0
0.029973	0.029903700	113.024366	0.0	0.0
0.030272	0.030205100	112.786187	0.0	0.0
0.030573	0.030509400	112.550618	0.0	0.0
0.030878	0.030816600	112.317636	0.0	0.0
0.031185	0.031126800	112.087209	0.0	0.0
0.031496	0.031440000	111.859296	0.0	0.0
0.031810	0.031756200	111.633866	0.0	0.0
0.032127	0.032075500	111.410897	0.0	0.0
0.032447	0.032397900	111.190352	0.0	0.0
0.032770	0.032723400	110.972201	0.0	0.0
0.033097	0.033052100	110.756417	0.0	0.0
0.033426	0.033384000	110.542970	0.0	0.0
0.033759	0.033719100	110.331829	0.0	0.0
0.034096	0.034057500	110.122972	0.0	0.0
0.034435	0.034399200	109.916361	0.0	0.0
0.034778	0.034744200	109.711976	0.0	0.0
0.035125	0.035092600	109.509792	0.0	0.0
0.035475	0.035444300	109.309773	0.0	0.0
0.035828	0.035799600	109.111897	0.0	0.0
0.036185	0.036158300	108.916143	0.0	0.0
0.036546	0.036520500	108.722472	0.0	0.0
0.036910	0.036886300	108.530875	0.0	0.0
0.037278	0.037255600	108.341318	0.0	0.0
0.037649	0.037628600	108.153773	0.0	0.0
0.038024	0.038005300	107.968227	0.0	0.0
0.038403	0.038385600	107.784643	0.0	0.0
0.038785	0.038769700	107.603010	0.0	0.0
0.039172	0.039157600	107.423295	0.0	0.0
0.039562	0.039549200	107.245479	0.0	0.0
0.039956	0.039944800	107.069544	0.0	0.0
0.040354	0.040344200	106.895460	0.0	0.0
0.040756	0.040747600	106.723207	0.0	0.0
0.041162	0.041154900	106.552762	0.0	0.0
0.041572	0.041566300	106.384112	0.0	0.0
0.041987	0.041981700	106.217225	0.0	0.0
0.042405	0.042401200	106.052087	0.0	0.0
0.042827	0.042824900	105.888676	0.0	0.0
0.043254	0.043252700	105.726974	0.0	0.0
0.043685	0.043684800	105.566955	0.0	0.0
0.044120	0.044121200	105.408604	0.0	0.0
0.044560	0.044561800	105.251899	0.0	0.0
0.045004	0.045006800	105.096823	0.0	0.0
0.045452	0.045456300	104.943358	0.0	0.0
0.045905	0.045910100	104.791486	0.0	0.0
0.046362	0.046368500	104.641183	0.0	0.0
0.046824	0.046831400	104.492437	0.0	0.0
0.047291	0.047298900	104.345225	0.0	0.0
0.047762	0.047771000	104.199535	0.0	0.0
0.048238	0.048247800	104.055345	0.0	0.0
0.048718	0.048729300	103.912643	0.0	0.0
0.049204	0.049215600	103.771403	0.0	0.0
0.049694	0.049706700	103.631618	0.0	0.0
0.050189	0.050202700	103.493266	0.0	0.0
0.050689	0.050703600	103.356332	0.0	0.0
0.051194	0.051209400	103.220800	0.0	0.0
0.051704	0.051720300	103.086654	0.0	0.0
0.052219	0.052236200	102.953879	0.0	0.0
0.052739	0.052757300	102.822460	0.0	0.0
0.053265	0.053283600	102.692380	0.0	0.0
0.053795	0.053815000	102.563625	0.0	0.0
0.054331	0.054351800	102.436179	0.0	0.0
0.054873	0.054893800	102.310031	0.0	0.0
0.055419	0.055441300	102.185162	0.0	0.0
0.055971	0.055994200	102.061560	0.0	0.0
0.056529	0.056552600	101.939211	0.0	0.0
0.057092	0.057116500	101.818100	0.0	0.0
0.057661	0.057686000	101.698213	0.0	0.0
0.058235	0.058261200	101.579538	0.0	0.0
0.058816	0.058842100	101.462061	0.0	0.0
0.059402	0.059428800	101.345769	0.0	0.0
0.059993	0.060021300	101.230648	0.0	0.0
0.060591	0.060619700	101.116685	0.0	0.0
0.061195	0.061224100	101.003868	0.0	0.0
0.061804	0.061834400	100.892186	0.0	0.0
0.062420	0.062450800	100.781622	0.0	0.0
0.063042	0.063073400	100.672166	0.0	0.0
0.063670	0.063702200	100.563808	0.0	0.0
0.064304	0.064337100	100.456535	0.0	0.0
0.064945	0.064978500	100.350332	0.0	0.0
0.065592	0.065626200	100.245190	0.0	0.0
0.066246	0.066280300	100.141099	0.0	0.0
0.066906	0.066940900	100.038044	0.0	0.0
0.067572	0.067608100	99.936015	0.0	0.0
0.068245	0.068282000	99.835002	0.0	0.0
0.068925	0.068962600	99.734994	0.0	0.0
0.069612	0.069649900	99.635978	0.0	0.0
0.070305	0.070344000	99.537945	0.0	0.0
0.071006	0.071045100	99.440883	0.0	0.0
0.071713	0.071753200	99.344783	0.0	0.0
0.072428	0.072468200	99.249633	0.0	0.0
0.073149	0.073190500	99.155425	0.0	0.0
0.073878	0.073919900	99.062145	0.0	0.0
0.074614	0.074656500	98.969788	0.0	0.0
0.075357	0.075400500	98.878340	0.0	0.0
0.076108	0.076151900	98.787791	0.0	0.0
0.076866	0.076910800	98.698136	0.0	0.0
0.077632	0.077677200	98.609360	0.0	0.0
0.078406	0.078451200	98.521458	0.0	0.0
0.079187	0.079233000	98.434415	0.0	0.0
0.079976	0.080022500	98.348228	0.0	0.0
0.080773	0.080819900	98.262885	0.0	0.0
0.081577	0.081625300	98.178375	0.0	0.0
0.082390	0.082438600	98.094692	0.0	0.0
0.083211	0.083260100	98.011826	0.0	0.0
0.084040	0.084089700	97.929768	0.0	0.0
0.084877	0.084927600	97.848510	0.0	0.0
0.085723	0.085773800	97.768043	0.0	0.0
0.086577	0.086628500	97.688358	0.0	0.0
0.087439	0.087491600	97.609448	0.0	0.0
0.088310	0.088363400	97.531304	0.0	0.0
0.089190	0.089243800	97.453917	0.0	0.0
0.090079	0.090133000	97.377279	0.0	0.0
0.090976	0.091031100	97.301384	0.0	0.0
0.091883	0.091938100	97.226222	0.0	0.0
0.092798	0.092854200	97.151785	0.0	0.0
0.093722	0.093779300	97.078067	0.0	0.0
0.094656	0.094713700	97.005058	0.0	0.0
0.095599	0.095657300	96.932754	0.0	0.0
0.096552	0.096610400	96.861142	0.0	0.0
0.097514	0.097573000	96.790220	0.0	0.0
0.098485	0.098545100	96.719978	0.0	0.0
0.099466	0.099526900	96.650409	0.0	0.0
0.100457	0.100519000	96.581504	0.0	0.0
0.101458	0.101520000	96.513261	0.0	0.0
0.102469	0.102531000	96.445669	0.0	0.0
0.103490	0.103553000	96.378718	0.0	0.0
0.104521	0.104585000	96.312410	0.0	0.0
0.105562	0.105627000	96.246732	0.0	0.0
0.106614	0.106679000	96.181677	0.0	0.0
0.107676	0.107742000	96.117243	0.0	0.0
0.108749	0.108815000	96.053413	0.0	0.0
0.109832	0.109899000	95.990192	0.0	0.0
0.110926	0.110994000	95.927569	0.0	0.0
0.112031	0.112100000	95.865532	0.0	0.0
0.113148	0.113217000	95.804086	0.0	0.0
0.114275	0.114345000	95.743215	0.0	0.0
0.115413	0.115484000	95.682924	0.0	0.0
0.116563	0.116634000	95.623190	0.0	0.0
0.117724	0.117796000	95.564025	0.0	0.0
0.118897	0.118970000	95.505407	0.0	0.0
0.120082	0.120155000	95.447342	0.0	0.0
0.121278	0.121352000	95.389814	0.0	0.0
0.122486	0.122561000	95.332828	0.0	0.0
0.123707	0.123782000	95.276370	0.0	0.0
0.124939	0.125015000	95.220436	0.0	0.0
0.126184	0.126261000	95.165024	0.0	0.0
0.127441	0.127519000	95.110125	0.0	0.0
0.128711	0.128789000	95.055732	0.0	0.0
0.129993	0.130072000	95.001844	0.0	0.0
0.131288	0.131368000	94.948451	0.0	0.0
0.132596	0.132677000	94.895550	0.0	0.0
0.133917	0.133998000	94.843137	0.0	0.0
0.135251	0.135333000	94.791203	0.0	0.0
0.136599	0.136681000	94.739749	0.0	0.0
0.137960	0.138043000	94.688762	0.0	0.0
0.139334	0.139418000	94.638240	0.0	0.0
0.140722	0.140807000	94.588181	0.0	0.0
0.142124	0.142210000	94.538574	0.0	0.0
0.143540	0.143626000	94.489421	0.0	0.0
0.144970	0.145057000	94.440710	0.0	0.0
0.146414	0.146502000	94.392440	0.0	0.0
0.147873	0.147962000	94.344609	0.0	0.0
0.149346	0.149436000	94.297203	0.0	0.0
0.150834	0.150924000	94.250229	0.0	0.0
0.152337	0.152428000	94.203671	0.0	0.0
0.153855	0.153946000	94.157531	0.0	0.0
0.155387	0.155480000	94.111804	0.0	0.0
0.156935	0.157029000	94.066487	0.0	0.0
0.158499	0.158593000	94.021570	0.0	0.0
0.160078	0.160173000	93.977050	0.0	0.0
0.161673	0.161768000	93.932926	0.0	0.0
0.163284	0.163380000	93.889190	0.0	0.0
0.164910	0.165007000	93.845838	0.0	0.0
0.166553	0.166651000	93.802869	0.0	0.0
0.168213	0.168311000	93.760277	0.0	0.0
0.169888	0.169988000	93.718054	0.0	0.0
0.171581	0.171681000	93.676202	0.0	0.0
0.173290	0.173391000	93.634712	0.0	0.0
0.175017	0.175118000	93.593581	0.0	0.0
0.176760	0.176863000	93.552807	0.0	0.0
0.178521	0.178625000	93.512384	0.0	0.0
0.180300	0.180404000	93.472307	0.0	0.0
0.182096	0.182201000	93.432574	0.0	0.0
0.183910	0.184016000	93.393182	0.0	0.0
0.185743	0.185849000	93.354122	0.0	0.0
0.187593	0.187700000	93.315396	0.0	0.0
0.189462	0.189570000	93.276999	0.0	0.0
0.191350	0.191458000	93.238923	0.0	0.0
0.193256	0.193365000	93.201169	0.0	0.0
0.195181	0.195291000	93.163730	0.0	0.0
0.197126	0.197237000	93.126604	0.0	0.0
0.199090	0.199202000	93.089788	0.0	0.0
0.201073	0.201186000	93.053275	0.0	0.0
0.203077	0.203190000	93.017065	0.0	0.0
0.205100	0.205214000	92.981153	0.0	0.0
0.207143	0.207258000	92.945534	0.0	0.0
0.209207	0.209322000	92.910207	0.0	0.0
0.211291	0.211407000	92.875168	0.0	0.0
0.213396	0.213513000	92.840411	0.0	0.0
0.215522	0.215640000	92.805936	0.0	0.0
0.217669	0.217788000	92.771738	0.0	0.0
0.219838	0.219957000	92.737813	0.0	0.0
0.222028	0.222148000	92.704158	0.0	0.0
0.224240	0.224360000	92.670771	0.0	0.0
0.226474	0.226595000	92.637647	0.0	0.0
0.228730	0.228852000	92.604783	0.0	0.0
0.231009	0.231132000	92.572176	0.0	0.0
0.233311	0.233434000	92.539822	0.0	0.0
0.235635	0.235759000	92.507720	0.0	0.0
0.237983	0.238107000	92.475865	0.0	0.0
0.240354	0.240479000	92.444253	0.0	0.0
0.242748	0.242874000	92.412884	0.0	0.0
0.245167	0.245293000	92.381752	0.0	0.0
0.247609	0.247736000	92.350855	0.0	0.0
0.250076	0.250203000	92.320189	0.0	0.0
0.252567	0.252695000	92.289754	0.0	0.0
0.255084	0.255212000	92.259543	0.0	0.0
0.257625	0.257754000	92.229554	0.0	0.0
0.260192	0.260321000	92.199787	0.0	0.0
0.262784	0.262914000	92.170236	0.0	0.0
0.265402	0.265532000	92.140898	0.0	0.0
0.268046	0.268177000	92.111772	0.0	0.0
0.270716	0.270848000	92.082856	0.0	0.0
0.273413	0.273545000	92.054142	0.0	0.0
0.276137	0.276270000	92.025633	0.0	0.0
0.278888	0.279021000	91.997322	0.0	0.0
0.281667	0.281800000	91.969208	0.0	0.0
0.284473	0.284607000	91.941288	0.0	0.0
0.287307	0.287441000	91.913560	0.0	0.0
0.290170	0.290304000	91.886022	0.0	0.0
0.293060	0.293195000	91.858667	0.0	0.0
0.295980	0.296115000	91.831497	0.0	0.0
0.298929	0.299064000	91.804507	0.0	0.0
0.301907	0.302042000	91.777694	0.0	0.0
0.304915	0.305050000	91.751057	0.0	0.0
0.307953	0.308088000	91.724592	0.0	0.0
0.311021	0.311157000	91.698297	0.0	0.0
0.314119	0.314255000	91.672170	0.0	0.0
0.317249	0.317385000	91.646207	0.0	0.0
0.320409	0.320545000	91.620407	0.0	0.0
0.323602	0.323738000	91.594765	0.0	0.0
0.326825	0.326962000	91.569282	0.0	0.0
0.330082	0.330218000	91.543953	0.0	0.0
0.333370	0.333506000	91.518775	0.0	0.0
0.336691	0.336827000	91.493748	0.0	0.0
0.340046	0.340181000	91.468867	0.0	0.0
0.343433	0.343569000	91.444131	0.0	0.0
0.346855	0.346990000	91.419538	0.0	0.0
0.350311	0.350446000	91.395084	0.0	0.0
0.353801	0.353935000	91.370767	0.0	0.0
0.357325	0.357460000	91.346586	0.0	0.0
0.360885	0.361019000	91.322537	0.0	0.0
0.364481	0.364614000	91.298619	0.0	0.0
0.368112	0.368245000	91.274829	0.0	0.0
0.371779	0.371912000	91.251163	0.0	0.0
0.375483	0.375615000	91.227621	0.0	0.0
0.379224	0.379356000	91.204201	0.0	0.0
0.383002	0.383133000	91.180898	0.0	0.0
0.386818	0.386948000	91.157712	0.0	0.0
0.390672	0.390801000	91.134639	0.0	0.0
0.394564	0.394692000	91.111679	0.0	0.0
0.398495	0.398622000	91.088828	0.0	0.0
0.402465	0.402592000	91.066083	0.0	0.0
0.406474	0.406600000	91.043445	0.0	0.0
0.410524	0.410649000	91.020909	0.0	0.0
0.414614	0.414738000	90.998474	0.0	0.0
0.418745	0.418867000	90.976136	0.0	0.0
0.422916	0.423038000	90.953895	0.0	0.0
0.427130	0.427250000	90.931748	0.0	0.0
0.431385	0.431504000	90.909691	0.0	0.0
0.435683	0.435800000	90.887726	0.0	0.0
0.440024	0.440140000	90.865847	0.0	0.0
0.444407	0.444522000	90.844054	0.0	0.0
0.448835	0.448948000	90.822344	0.0	0.0
0.453307	0.453418000	90.800713	0.0	0.0
0.457823	0.457932000	90.779163	0.0	0.0
0.462384	0.462492000	90.757690	0.0	0.0
0.466990	0.467096000	90.736290	0.0	0.0
0.471643	0.471747000	90.714964	0.0	0.0
0.476342	0.476444000	90.693707	0.0	0.0
0.481087	0.481187000	90.672519	0.0	0.0
0.485880	0.485978000	90.651397	0.0	0.0
0.490721	0.490817000	90.630339	0.0	0.0
0.495610	0.495704000	90.609344	0.0	0.0
0.500547	0.500639000	90.588408	0.0	0.0
0.505534	0.505623000	90.567530	0.0	0.0
0.510571	0.510657000	90.546708	0.0	0.0
0.515657	0.515742000	90.525940	0.0	0.0
0.520795	0.520876000	90.505224	0.0	0.0
0.525983	0.526062000	90.484557	0.0	0.0
0.531224	0.531300000	90.463939	0.0	0.0
0.536516	0.536589000	90.443365	0.0	0.0
0.541861	0.541932000	90.422836	0.0	0.0
0.547260	0.547327000	90.402348	0.0	0.0
0.552712	0.552776000	90.381900	0.0	0.0
0.558218	0.558280000	90.361490	0.0	0.0
0.563780	0.563838000	90.341114	0.0	0.0
0.569396	0.569452000	90.320773	0.0	0.0
0.575069	0.575121000	90.300463	0.0	0.0
0.580798	0.580847000	90.280182	0.0	0.0
0.586585	0.586631000	90.259930	0.0	0.0
0.592429	0.592471000	90.239703	0.0	0.0
0.598331	0.598370000	90.219499	0.0	0.0
0.604292	0.604328000	90.199318	0.0	0.0
0.610312	0.610345000	90.179156	0.0	0.0
0.616392	0.616422000	90.159012	0.0	0.0
0.622533	0.622559000	90.138883	0.0	0.0
0.628736	0.628758000	90.118767	0.0	0.0
0.634999	0.635018000	90.098664	0.0	0.0
0.641326	0.641341000	90.078571	0.0	0.0
0.647715	0.647727000	90.058485	0.0	0.0
0.654168	0.654176000	90.038405	0.0	0.0
0.660685	0.660690000	90.018329	0.0	0.0
0.667268	0.667269000	89.998254	0.0	0.0
0.673915	0.673913000	89.978180	0.0	0.0
0.680629	0.680623000	89.958104	0.0	0.0
0.687410	0.687401000	89.938023	0.0	0.0
0.694259	0.694246000	89.917936	0.0	0.0
0.701175	0.701159000	89.897842	0.0	0.0
0.708161	0.708142000	89.877737	0.0	0.0
0.715216	0.715194000	89.857621	0.0	0.0
0.722342	0.722316000	89.837490	0.0	0.0
0.729538	0.729509000	89.817343	0.0	0.0
0.736806	0.736775000	89.797179	0.0	0.0
0.744147	0.744112000	89.776994	0.0	0.0
0.751561	0.751523000	89.756788	0.0	0.0
0.759048	0.759008000	89.736559	0.0	0.0
0.766610	0.766568000	89.716303	0.0	0.0
0.774248	0.774203000	89.696020	0.0	0.0
0.781961	0.781915000	89.675706	0.0	0.0
0.789752	0.789703000	89.655360	0.0	0.0
0.797620	0.797570000	89.634981	0.0	0.0
0.805566	0.805515000	89.614567	0.0	0.0
0.813592	0.813539000	89.594113	0.0	0.0
0.821698	0.821643000	89.573621	0.0	0.0
0.829884	0.829829000	89.553087	0.0	0.0
0.838152	0.838096000	89.532508	0.0	0.0
0.846502	0.846446000	89.511884	0.0	0.0
0.854936	0.854880000	89.491211	0.0	0.0
0.863453	0.863398000	89.470489	0.0	0.0
0.872055	0.872001000	89.449715	0.0	0.0
0.880743	0.880690000	89.428886	0.0	0.0
0.889518	0.889466000	89.408003	0.0	0.0
0.898380	0.898330000	89.387060	0.0	0.0
0.907330	0.907282000	89.366057	0.0	0.0
0.916370	0.916325000	89.344992	0.0	0.0
0.925499	0.925457000	89.323863	0.0	0.0
0.934720	0.934681000	89.302667	0.0	0.0
0.944032	0.943998000	89.281403	0.0	0.0
0.953437	0.953408000	89.260069	0.0	0.0
0.962936	0.962911000	89.238661	0.0	0.0
0.972529	0.972510000	89.217179	0.0	0.0
0.982218	0.982206000	89.195620	0.0	0.0
0.992004	0.991998000	89.173982	0.0	0.0
1.001887	1.001890000	89.152262	0.0	0.0
1.011868	1.011880000	89.130462	0.0	0.0
1.021949	1.021970000	89.108573	0.0	0.0
1.032131	1.032160000	89.086596	0.0	0.0
1.042414	1.042450000	89.064531	0.0	0.0
1.052799	1.052850000	89.042374	0.0	0.0
1.063288	1.063350000	89.020123	0.0	0.0
1.073881	1.073950000	88.997776	0.0	0.0
1.084580	1.084660000	88.975330	0.0	0.0
1.095385	1.095480000	88.952784	0.0	0.0
1.106298	1.106410000	88.930134	0.0	0.0
1.117320	1.117440000	88.907380	0.0	0.0
1.128451	1.128590000	88.884519	0.0	0.0
1.139694	1.139850000	88.861547	0.0	0.0
1.151048	1.151220000	88.838465	0.0	0.0
1.162516	1.162700000	88.815267	0.0	0.0
1.174097	1.174300000	88.791955	0.0	0.0
1.185794	1.186010000	88.768523	0.0	0.0
1.197608	1.197840000	88.744969	0.0	0.0
1.209540	1.209790000	88.721292	0.0	0.0
1.221590	1.221860000	88.697491	0.0	0.0
1.233760	1.234050000	88.673561	0.0	0.0
1.246052	1.246360000	88.649500	0.0	0.0
1.258466	1.258800000	88.625307	0.0	0.0
1.271004	1.271360000	88.600978	0.0	0.0
1.283666	1.284040000	88.576515	0.0	0.0
1.296455	1.296850000	88.551910	0.0	0.0
1.309371	1.309790000	88.527162	0.0	0.0
1.322416	1.322850000	88.502270	0.0	0.0
1.335591	1.336050000	88.477231	0.0	0.0
1.348897	1.349370000	88.452042	0.0	0.0
1.362336	1.362830000	88.426701	0.0	0.0
1.375908	1.376420000	88.401207	0.0	0.0
1.389616	1.390150000	88.375554	0.0	0.0
1.403460	1.404010000	88.349743	0.0	0.0
1.417443	1.418010000	88.323767	0.0	0.0
1.431564	1.432150000	88.297630	0.0	0.0
1.445826	1.446420000	88.271325	0.0	0.0
1.460231	1.460840000	88.244848	0.0	0.0
1.474779	1.475400000	88.218200	0.0	0.0
1.489471	1.490110000	88.191379	0.0	0.0
1.504310	1.504960000	88.164378	0.0	0.0
1.519297	1.519950000	88.137198	0.0	0.0
1.534434	1.535090000	88.109832	0.0	0.0
1.549721	1.550380000	88.082283	0.0	0.0
1.565160	1.565830000	88.054547	0.0	0.0
1.580753	1.581420000	88.026618	0.0	0.0
1.596502	1.597160000	87.998495	0.0	0.0
1.612408	1.613070000	87.970176	0.0	0.0
1.628471	1.629120000	87.941659	0.0	0.0
1.644695	1.645330000	87.912938	0.0	0.0
1.661081	1.661700000	87.884012	0.0	0.0
1.677630	1.678240000	87.854879	0.0	0.0
1.694344	1.694930000	87.825534	0.0	0.0
1.711224	1.711790000	87.795977	0.0	0.0
1.728272	1.728810000	87.766204	0.0	0.0
1.745491	1.745990000	87.736209	0.0	0.0
1.762880	1.763350000	87.705995	0.0	0.0
1.780443	1.780870000	87.675555	0.0	0.0
1.798181	1.798570000	87.644886	0.0	0.0
1.816096	1.816440000	87.613985	0.0	0.0
1.834189	1.834490000	87.582851	0.0	0.0
1.852463	1.852710000	87.551479	0.0	0.0
1.870918	1.871110000	87.519867	0.0	0.0
1.889558	1.889690000	87.488011	0.0	0.0
1.908383	1.908450000	87.455909	0.0	0.0
1.927396	1.927400000	87.423556	0.0	0.0
1.946598	1.946540000	87.390951	0.0	0.0
1.965991	1.965860000	87.358090	0.0	0.0
1.985578	1.985380000	87.324969	0.0	0.0
2.005359	2.005090000	87.291587	0.0	0.0
2.025338	2.024990000	87.257937	0.0	0.0
2.045516	2.045100000	87.224019	0.0	0.0
2.065895	2.065400000	87.189828	0.0	0.0
2.086477	2.085910000	87.155362	0.0	0.0
2.107264	2.106620000	87.120616	0.0	0.0
2.128258	2.127540000	87.085587	0.0	0.0
2.149461	2.148670000	87.050273	0.0	0.0
2.170875	2.170020000	87.014670	0.0	0.0
2.192503	2.191580000	86.978773	0.0	0.0
2.214346	2.213360000	86.942579	0.0	0.0
2.236407	2.235370000	86.906085	0.0	0.0
2.258688	2.257590000	86.869287	0.0	0.0
2.281191	2.280050000	86.832182	0.0	0.0
2.303917	2.302730000	86.794767	0.0	0.0
2.326871	2.325650000	86.757036	0.0	0.0
2.350052	2.348800000	86.718989	0.0	0.0
2.373465	2.372190000	86.680619	0.0	0.0
2.397111	2.395820000	86.641923	0.0	0.0
2.420993	2.419690000	86.602897	0.0	0.0
2.445113	2.443810000	86.563538	0.0	0.0
2.469473	2.468180000	86.523841	0.0	0.0
2.494075	2.492800000	86.483805	0.0	0.0
2.518923	2.517660000	86.443423	0.0	0.0
2.544018	2.542790000	86.402692	0.0	0.0
2.569364	2.568170000	86.361606	0.0	0.0
2.594961	2.593810000	86.320166	0.0	0.0
2.620814	2.619710000	86.278363	0.0	0.0
2.646925	2.645870000	86.236195	0.0	0.0
2.673295	2.672300000	86.193660	0.0	0.0
2.699928	2.698980000	86.150750	0.0	0.0
2.726827	2.725940000	86.107463	0.0	0.0
2.753994	2.753160000	86.063793	0.0	0.0
2.781431	2.780650000	86.019738	0.0	0.0
2.809141	2.808410000	85.975292	0.0	0.0
2.837128	2.836440000	85.930451	0.0	0.0
2.865393	2.864730000	85.885212	0.0	0.0
2.893941	2.893300000	85.839567	0.0	0.0
2.922772	2.922140000	85.793517	0.0	0.0
2.951891	2.951260000	85.747053	0.0	0.0
2.981300	2.980650000	85.700172	0.0	0.0
3.011001	3.010310000	85.652871	0.0	0.0
3.040999	3.040250000	85.605141	0.0	0.0
3.071296	3.070470000	85.556981	0.0	0.0
3.101894	3.100970000	85.508386	0.0	0.0
3.132797	3.131760000	85.459352	0.0	0.0
3.164008	3.162820000	85.409871	0.0	0.0
3.195530	3.194180000	85.359940	0.0	0.0
3.227367	3.225830000	85.309554	0.0	0.0
3.259520	3.257770000	85.258708	0.0	0.0
3.291993	3.290020000	85.207400	0.0	0.0
3.324791	3.322570000	85.155618	0.0	0.0
3.357915	3.355440000	85.103364	0.0	0.0
3.391368	3.388620000	85.050631	0.0	0.0
3.425156	3.422130000	84.997410	0.0	0.0
3.459279	3.455970000	84.943702	0.0	0.0
3.493743	3.490150000	84.889496	0.0	0.0
3.528550	3.524680000	84.834791	0.0	0.0
3.563704	3.559560000	84.779578	0.0	0.0
3.599208	3.594810000	84.723855	0.0	0.0
3.635066	3.630420000	84.667615	0.0	0.0
3.671281	3.666410000	84.610853	0.0	0.0
3.707857	3.702790000	84.553562	0.0	0.0
3.744797	3.739570000	84.495739	0.0	0.0
3.782106	3.776730000	84.437375	0.0	0.0
3.819786	3.814310000	84.378467	0.0	0.0
3.857841	3.852280000	84.319009	0.0	0.0
3.896276	3.890670000	84.258994	0.0	0.0
3.935093	3.929470000	84.198418	0.0	0.0
3.974297	3.968680000	84.137274	0.0	0.0
4.013892	4.008310000	84.075555	0.0	0.0
4.053881	4.048340000	84.013257	0.0	0.0
4.094269	4.088780000	83.950371	0.0	0.0
4.135059	4.129620000	83.886895	0.0	0.0
4.176255	4.170850000	83.822821	0.0	0.0
4.217862	4.212480000	83.758141	0.0	0.0
4.259883	4.254500000	83.692852	0.0	0.0
4.302323	4.296890000	83.626944	0.0	0.0
4.345186	4.339660000	83.560413	0.0	0.0
4.388476	4.382800000	83.493252	0.0	0.0
4.432197	4.426310000	83.425455	0.0	0.0
4.476353	4.470190000	83.357016	0.0	0.0
4.520950	4.514440000	83.287925	0.0	0.0
4.565991	4.559070000	83.218179	0.0	0.0
4.611480	4.604080000	83.147771	0.0	0.0
4.657423	4.649470000	83.076691	0.0	0.0
4.703824	4.695280000	83.004934	0.0	0.0
4.750687	4.741500000	82.932494	0.0	0.0
4.798016	4.788160000	82.859365	0.0	0.0
4.845817	4.835280000	82.785536	0.0	0.0
4.894095	4.882880000	82.711002	0.0	0.0
4.942853	4.930980000	82.635758	0.0	0.0
4.992097	4.979600000	82.559793	0.0	0.0
5.041832	5.028770000	82.483100	0.0	0.0
5.092062	5.078500000	82.405674	0.0	0.0
5.142793	5.128800000	82.327506	0.0	0.0
5.194029	5.179690000	82.248589	0.0	0.0
5.245776	5.231160000	82.168915	0.0	0.0
5.298038	5.283230000	82.088476	0.0	0.0
5.350821	5.335880000	82.007266	0.0	0.0
5.404129	5.389110000	81.925276	0.0	0.0
5.457969	5.442890000	81.842497	0.0	0.0
5.512345	5.497200000	81.758923	0.0	0.0
5.567263	5.552030000	81.674544	0.0	0.0
5.622728	5.607340000	81.589353	0.0	0.0
5.678746	5.663110000	81.503341	0.0	0.0
5.735321	5.719320000	81.416503	0.0	0.0
5.792460	5.775960000	81.328827	0.0	0.0
5.850169	5.833010000	81.240305	0.0	0.0
5.908453	5.890480000	81.150928	0.0	0.0
5.967317	5.948380000	81.060690	0.0	0.0
6.026767	6.006730000	80.969582	0.0	0.0
6.086810	6.065560000	80.877593	0.0	0.0
6.147451	6.124910000	80.784716	0.0	0.0
6.208696	6.184830000	80.690941	0.0	0.0
6.270552	6.245370000	80.596259	0.0	0.0
6.333023	6.306590000	80.500664	0.0	0.0
6.396117	6.368530000	80.404142	0.0	0.0
6.459840	6.431230000	80.306687	0.0	0.0
6.524198	6.494720000	80.208288	0.0	0.0
6.589196	6.559020000	80.108938	0.0	0.0
6.654842	6.624120000	80.008626	0.0	0.0
6.721143	6.690000000	79.907340	0.0	0.0
6.788103	6.756610000	79.805076	0.0	0.0
6.855731	6.823910000	79.701819	0.0	0.0
6.924033	6.891830000	79.597562	0.0	0.0
6.993015	6.960300000	79.492294	0.0	0.0
7.062684	7.029260000	79.386006	0.0	0.0
7.133048	7.098670000	79.278686	0.0	0.0
7.204112	7.168490000	79.170327	0.0	0.0
7.275884	7.238730000	79.060916	0.0	0.0
7.348372	7.309400000	78.950442	0.0	0.0
7.421582	7.380560000	78.838898	0.0	0.0
7.495521	7.452300000	78.726270	0.0	0.0
7.570196	7.524710000	78.612550	0.0	0.0
7.645616	7.597910000	78.497725	0.0	0.0
7.721787	7.672000000	78.381787	0.0	0.0
7.798717	7.747080000	78.264722	0.0	0.0
7.876413	7.823190000	78.146521	0.0	0.0
7.954883	7.900370000	78.027173	0.0	0.0
8.034135	7.978580000	77.906664	0.0	0.0
8.114177	8.057760000	77.784986	0.0	0.0
8.195016	8.137800000	77.662126	0.0	0.0
8.276661	8.218560000	77.538072	0.0	0.0
8.359119	8.299900000	77.412813	0.0	0.0
8.442398	8.381700000	77.286339	0.0	0.0
8.526507	8.463880000	77.158635	0.0	0.0
8.611454	8.546390000	77.029692	0.0	0.0
8.697247	8.629290000	76.899496	0.0	0.0
8.783896	8.712680000	76.768034	0.0	0.0
8.871407	8.796710000	76.635298	0.0	0.0
8.959790	8.881600000	76.501271	0.0	0.0
9.049054	8.967540000	76.365943	0.0	0.0
9.139207	9.054720000	76.229301	0.0	0.0
9.230258	9.143240000	76.091332	0.0	0.0
9.322216	9.233130000	75.952025	0.0	0.0
9.415091	9.324310000	75.811364	0.0	0.0
9.508890	9.416600000	75.669339	0.0	0.0
9.603625	9.509780000	75.525933	0.0	0.0
9.699303	9.603580000	75.381138	0.0	0.0
9.795934	9.697760000	75.234937	0.0	0.0
9.893528	9.792190000	75.087318	0.0	0.0
9.992094	9.886830000	74.938267	0.0	0.0
10.091640	9.981800000	74.787774	0.0	0.0
10.192180	10.077400000	74.635818	0.0	0.0
10.293720	10.173800000	74.482391	0.0	0.0
10.396280	10.271600000	74.327465	0.0	0.0
10.499850	10.370900000	74.171054	0.0	0.0
10.604460	10.472000000	74.013116	0.0	0.0
10.710110	10.574800000	73.853652	0.0	0.0
10.816810	10.679000000	73.692647	0.0	0.0
10.924570	10.784400000	73.530087	0.0	0.0
11.033410	10.890400000	73.365945	0.0	0.0
11.143340	10.996600000	73.200206	0.0	0.0
11.254350	11.102900000	73.032886	0.0	0.0
11.366480	11.209200000	72.863927	0.0	0.0
11.479720	11.315800000	72.693345	0.0	0.0
11.594090	11.423200000	72.521112	0.0	0.0
11.709600	11.532100000	72.347213	0.0	0.0
11.826250	11.642800000	72.171652	0.0	0.0
11.944080	11.755700000	71.994368	0.0	0.0
12.063070	11.870700000	71.815394	0.0	0.0
12.183250	11.987400000	71.634688	0.0	0.0
12.304630	12.105100000	71.452233	0.0	0.0
12.427220	12.223100000	71.268019	0.0	0.0
12.551030	12.340800000	71.082031	0.0	0.0
12.676070	12.458200000	70.894258	0.0	0.0
12.802360	12.575700000	70.704670	0.0	0.0
12.929900	12.694100000	70.513270	0.0	0.0
13.058720	12.814300000	70.320014	0.0	0.0
13.188820	12.936900000	70.124907	0.0	0.0
13.320220	13.062300000	69.927917	0.0	0.0
13.452920	13.190100000	69.729050	0.0	0.0
13.586950	13.319100000	69.528261	0.0	0.0
13.722310	13.448300000	69.325554	0.0	0.0
13.859020	13.576800000	69.120900	0.0	0.0
13.997100	13.704400000	68.914274	0.0	0.0
14.136540	13.832000000	68.705692	0.0	0.0
14.277380	13.961000000	68.495096	0.0	0.0
14.419620	14.092800000	68.282491	0.0	0.0
14.563280	14.228300000	68.067848	0.0	0.0
14.708370	14.366700000	67.851156	0.0	0.0
14.854910	14.506300000	67.632388	0.0	0.0
15.002900	14.644800000	67.411548	0.0	0.0
15.152370	14.781100000	67.188592	0.0	0.0
15.303330	14.916100000	66.963511	0.0	0.0
15.455790	15.053300000	66.736293	0.0	0.0
15.609770	15.196300000	66.506911	0.0	0.0
15.765290	15.344900000	66.275338	0.0	0.0
15.922350	15.489100000	66.041580	0.0	0.0
16.080980	15.603100000	65.805595	0.0	0.0
16.241190	15.642000000	65.567371	0.0	0.0
16.403000	15.543500000	65.326884	0.0	0.0
16.566420	15.236100000	65.084122	0.0	0.0
16.731460	14.653400000	64.839075	0.0	0.0
16.898160	13.750500000	64.591688	0.0	0.0
17.066510	12.520500000	64.341980	0.0	0.0
17.236540	11.003300000	64.089911	0.0	0.0
17.408260	9.284350000	63.835472	0.0	0.0
17.581690	7.482340000	63.578637	0.0	0.0
17.756850	5.728450000	63.319383	0.0	0.0
17.933760	4.142060000	63.057683	0.0	0.0
18.112430	2.810010000	62.793530	0.0	0.0
18.292880	1.774700000	62.526898	0.0	0.0
18.475120	1.033480000	62.257780	0.0	0.0
18.659180	0.548130000	61.986135	0.0	0.0
18.845080	0.260436000	61.711942	0.0	0.0
19.032830	0.108300000	61.435189	0.0	0.0
19.222450	0.038053400	61.155856	0.0	0.0
19.413950	0.010657800	60.873933	0.0	0.0
19.607370	0.002126200	60.589368	0.0	0.0
19.802710	0.000224805	60.302169	0.0	0.0
20.000000	0.000002579	60.012296	0.0	0.0

