# ak135 ellipticity correction table for phase: sSdiff
  6   Number of depth samples at the following depths (km):
    0.00  100.00  200.00  300.00  500.00  700.00
 10   Number of distance samples at the following distances (deg):
  100.00  105.00  110.00  115.00  120.00  125.00  130.00  135.00  140.00  145.00
# Travel time at depth =   0.00 km.
   -1.0405    0.9019   -1.4803
   -1.1674    1.1440   -1.4070
   -1.3288    1.3569   -1.3138
   -1.5197    1.5342   -1.2036
   -1.7344    1.6705   -1.0796
   -1.9664    1.7618   -0.9457
   -2.2085    1.8051   -0.8059
   -2.4535    1.7992   -0.6645
   -2.6939    1.7443   -0.5257
   -2.9224    1.6420   -0.3938
# Travel time at depth = 100.00 km.
   -1.1077    0.7455   -1.4858
   -1.2346    0.9876   -1.4125
   -1.3960    1.2005   -1.3193
   -1.5869    1.3778   -1.2091
   -1.8016    1.5141   -1.0851
   -2.0336    1.6054   -0.9512
   -2.2757    1.6487   -0.8114
   -2.5207    1.6428   -0.6700
   -2.7611    1.5879   -0.5312
   -2.9896    1.4856   -0.3993
# Travel time at depth = 200.00 km.
   -1.1839    0.6968   -1.4834
   -1.3108    0.9389   -1.4101
   -1.4722    1.1518   -1.3169
   -1.6631    1.3291   -1.2067
   -1.8778    1.4654   -1.0827
   -2.1098    1.5567   -0.9488
   -2.3519    1.6000   -0.8090
   -2.5969    1.5941   -0.6676
   -2.8373    1.5392   -0.5288
   -3.0658    1.4369   -0.3969
# Travel time at depth = 300.00 km.
   -1.2561    0.6461   -1.4819
   -1.3830    0.8882   -1.4086
   -1.5444    1.1011   -1.3154
   -1.7353    1.2784   -1.2052
   -1.9500    1.4147   -1.0812
   -2.1820    1.5060   -0.9473
   -2.4241    1.5493   -0.8075
   -2.6691    1.5434   -0.6661
   -2.9095    1.4885   -0.5273
   -3.1380    1.3862   -0.3954
# Travel time at depth = 500.00 km.
   -1.3803    0.5338   -1.4821
   -1.5072    0.7759   -1.4088
   -1.6686    0.9888   -1.3156
   -1.8595    1.1661   -1.2054
   -2.0742    1.3024   -1.0814
   -2.3062    1.3937   -0.9475
   -2.5483    1.4370   -0.8077
   -2.7933    1.4311   -0.6663
   -3.0337    1.3762   -0.5275
   -3.2622    1.2739   -0.3956
# Travel time at depth = 700.00 km.
   -1.4724    0.4020   -1.4888
   -1.5993    0.6441   -1.4155
   -1.7607    0.8570   -1.3223
   -1.9516    1.0343   -1.2121
   -2.1663    1.1706   -1.0881
   -2.3983    1.2619   -0.9542
   -2.6404    1.3052   -0.8144
   -2.8854    1.2993   -0.6730
   -3.1258    1.2444   -0.5342
   -3.3543    1.1421   -0.4023
