# ak135 ellipticity correction table for phase: sPKiKP  
  6   Number of depth samples at the following depths (km):
    0.00  100.00  200.00  300.00  500.00  700.00
 32   Number of distance samples at the following distances (deg):
    0.00    5.00   10.00   15.00   20.00   25.00   30.00   35.00   40.00   45.00
   50.00   55.00   60.00   65.00   70.00   75.00   80.00   85.00   90.00   95.00
  100.00  105.00  110.00  115.00  120.00  125.00  130.00  135.00  140.00  145.00
  150.00  155.00
# Travel time at depth =   0.00 km.
   -2.3493    0.0000    0.0000
   -2.3354   -0.1766   -0.0083
   -2.2939   -0.3475   -0.0329
   -2.2264   -0.5070   -0.0731
   -2.1348   -0.6498   -0.1277
   -2.0222   -0.7714   -0.1948
   -1.8922   -0.8677   -0.2724
   -1.7490   -0.9354   -0.3582
   -1.5971   -0.9721   -0.4494
   -1.4414   -0.9767   -0.5432
   -1.2869   -0.9489   -0.6368
   -1.1386   -0.8892   -0.7272
   -1.0014   -0.7994   -0.8116
   -0.8795   -0.6820   -0.8875
   -0.7771   -0.5405   -0.9526
   -0.6975   -0.3792   -1.0049
   -0.6434   -0.2029   -1.0429
   -0.6168   -0.0171   -1.0653
   -0.6187    0.1727   -1.0715
   -0.6493    0.3607   -1.0615
   -0.7081    0.5412   -1.0355
   -0.7935    0.7088   -0.9944
   -0.9032    0.8582   -0.9394
   -1.0342    0.9847   -0.8725
   -1.1827    1.0845   -0.7956
   -1.3445    1.1544   -0.7113
   -1.5149    1.1922   -0.6221
   -1.6889    1.1965   -0.5310
   -1.8615    1.1670   -0.4408
   -2.0274    1.1046   -0.3546
   -2.1820    1.0108   -0.2750
   -2.3199    0.8891   -0.2051
# Travel time at depth = 100.00 km.
   -2.4337    0.0000    0.0000
   -2.4197   -0.1766   -0.0083
   -2.3783   -0.3473   -0.0329
   -2.3107   -0.5063   -0.0731
   -2.2192   -0.6488   -0.1276
   -2.1066   -0.7702   -0.1948
   -1.9766   -0.8663   -0.2724
   -1.8334   -0.9337   -0.3581
   -1.6814   -0.9704   -0.4493
   -1.5258   -0.9748   -0.5432
   -1.3713   -0.9468   -0.6367
   -1.2231   -0.8869   -0.7271
   -1.0858   -0.7968   -0.8115
   -0.9640   -0.6793   -0.8874
   -0.8616   -0.5374   -0.9525
   -0.7820   -0.3760   -1.0048
   -0.7279   -0.1997   -1.0427
   -0.7013   -0.0137   -1.0651
   -0.7032    0.1762   -1.0714
   -0.7338    0.3643   -1.0613
   -0.7926    0.5450   -1.0353
   -0.8780    0.7126   -0.9942
   -0.9877    0.8620   -0.9393
   -1.1187    0.9886   -0.8723
   -1.2672    1.0885   -0.7955
   -1.4290    1.1584   -0.7111
   -1.5994    1.1962   -0.6219
   -1.7734    1.2006   -0.5308
   -1.9459    1.1712   -0.4407
   -2.1120    1.1087   -0.3544
   -2.2667    1.0148   -0.2748
   -2.4062    0.8914   -0.2040
# Travel time at depth = 200.00 km.
   -2.5102    0.0000    0.0000
   -2.4963   -0.1765   -0.0083
   -2.4548   -0.3464   -0.0329
   -2.3873   -0.5056   -0.0731
   -2.2957   -0.6479   -0.1276
   -2.1832   -0.7691   -0.1947
   -2.0532   -0.8649   -0.2724
   -1.9100   -0.9322   -0.3581
   -1.7581   -0.9686   -0.4493
   -1.6024   -0.9729   -0.5431
   -1.4480   -0.9447   -0.6366
   -1.2997   -0.8846   -0.7270
   -1.1625   -0.7944   -0.8114
   -1.0406   -0.6767   -0.8873
   -0.9383   -0.5346   -0.9524
   -0.8587   -0.3731   -1.0047
   -0.8046   -0.1967   -1.0426
   -0.7780   -0.0106   -1.0650
   -0.7799    0.1794   -1.0712
   -0.8106    0.3677   -1.0611
   -0.8694    0.5484   -1.0351
   -0.9548    0.7161   -0.9940
   -1.0645    0.8656   -0.9391
   -1.1955    0.9923   -0.8721
   -1.3439    1.0922   -0.7953
   -1.5057    1.1622   -0.7109
   -1.6762    1.2000   -0.6217
   -1.8501    1.2044   -0.5306
   -2.0227    1.1750   -0.4405
   -2.1887    1.1125   -0.3542
   -2.3432    1.0189   -0.2747
   -2.4823    0.8959   -0.2041
# Travel time at depth = 300.00 km.
   -2.5845    0.0000    0.0000
   -2.5705   -0.1761   -0.0083
   -2.5291   -0.3461   -0.0329
   -2.4615   -0.5049   -0.0731
   -2.3700   -0.6471   -0.1276
   -2.2575   -0.7680   -0.1947
   -2.1275   -0.8637   -0.2723
   -1.9843   -0.9307   -0.3581
   -1.8324   -0.9670   -0.4492
   -1.6767   -0.9711   -0.5430
   -1.5223   -0.9427   -0.6365
   -1.3741   -0.8825   -0.7269
   -1.2369   -0.7921   -0.8113
   -1.1151   -0.6742   -0.8872
   -1.0127   -0.5321   -0.9523
   -0.9331   -0.3704   -1.0045
   -0.8791   -0.1938   -1.0424
   -0.8524   -0.0077   -1.0648
   -0.8544    0.1825   -1.0710
   -0.8850    0.3708   -1.0609
   -0.9438    0.5516   -1.0349
   -1.0293    0.7194   -0.9938
   -1.1390    0.8689   -0.9389
   -1.2699    0.9957   -0.8719
   -1.4184    1.0956   -0.7950
   -1.5802    1.1657   -0.7107
   -1.7506    1.2035   -0.6215
   -1.9246    1.2079   -0.5304
   -2.0971    1.1786   -0.4403
   -2.2632    1.1162   -0.3540
   -2.4179    1.0223   -0.2743
   -2.5566    0.8997   -0.2040
# Travel time at depth = 500.00 km.
   -2.7200    0.0000    0.0000
   -2.7060   -0.1756   -0.0083
   -2.6646   -0.3454   -0.0329
   -2.5971   -0.5038   -0.0731
   -2.5056   -0.6457   -0.1276
   -2.3930   -0.7662   -0.1947
   -2.2631   -0.8615   -0.2723
   -2.1199   -0.9283   -0.3580
   -1.9680   -0.9643   -0.4491
   -1.8124   -0.9681   -0.5429
   -1.6580   -0.9394   -0.6363
   -1.5098   -0.8789   -0.7267
   -1.3726   -0.7882   -0.8110
   -1.2509   -0.6701   -0.8869
   -1.1485   -0.5277   -0.9519
   -1.0690   -0.3659   -1.0042
   -1.0150   -0.1891   -1.0420
   -0.9884   -0.0027   -1.0644
   -0.9903    0.1876   -1.0706
   -1.0210    0.3761   -1.0605
   -1.0798    0.5570   -1.0344
   -1.1652    0.7248   -0.9933
   -1.2750    0.8745   -0.9384
   -1.4059    1.0013   -0.8714
   -1.5545    1.1014   -0.7945
   -1.7162    1.1715   -0.7101
   -1.8866    1.2094   -0.6210
   -2.0606    1.2139   -0.5299
   -2.2331    1.1845   -0.4397
   -2.3991    1.1221   -0.3534
   -2.5538    1.0283   -0.2738
   -2.6917    0.9066   -0.2039
# Travel time at depth = 700.00 km.
   -2.8379    0.0000    0.0000
   -2.8240   -0.1753   -0.0083
   -2.7826   -0.3448   -0.0329
   -2.7151   -0.5030   -0.0731
   -2.6236   -0.6446   -0.1275
   -2.5111   -0.7649   -0.1946
   -2.3812   -0.8600   -0.2722
   -2.2380   -0.9265   -0.3578
   -2.0862   -0.9622   -0.4489
   -1.9307   -0.9658   -0.5427
   -1.7763   -0.9369   -0.6361
   -1.6282   -0.8762   -0.7264
   -1.4910   -0.7854   -0.8107
   -1.3693   -0.6672   -0.8866
   -1.2669   -0.5246   -0.9516
   -1.1874   -0.3626   -1.0038
   -1.1335   -0.1857   -1.0416
   -1.1069    0.0008   -1.0639
   -1.1089    0.1912   -1.0701
   -1.1396    0.3798   -1.0599
   -1.1984    0.5608   -1.0339
   -1.2838    0.7287   -0.9927
   -1.3936    0.8784   -0.9377
   -1.5245    1.0053   -0.8708
   -1.6731    1.1054   -0.7939
   -1.8348    1.1755   -0.7095
   -2.0052    1.2135   -0.6203
   -2.1791    1.2179   -0.5292
   -2.3517    1.1886   -0.4391
   -2.5176    1.1262   -0.3528
   -2.6722    1.0325   -0.2732
   -2.8100    0.9109   -0.2033
#@(#)        ec_ak135.sPKiKP     2.2     06 Jun 1996
