# ak135 ellipticity correction table for phase: SKKPdf  
  6   Number of depth samples at the following depths (km):
    0.00  100.00  200.00  300.00  500.00  700.00
 32   Number of distance samples at the following distances (deg):
  205.00  210.00  215.00  220.00  225.00  230.00  235.00  240.00  245.00  250.00
  255.00  260.00  265.00  270.00  275.00  280.00  285.00  290.00  295.00  300.00
  305.00  310.00  315.00  320.00  325.00  330.00  335.00  340.00  345.00  350.00
  355.00  360.00
# Travel time at depth =   0.00 km.
   -2.3370    1.3151   -1.0644
   -2.2242    1.5203   -1.1398
   -2.0995    1.6956   -1.2209
   -1.9718    1.8328   -1.3038
   -1.8457    1.9298   -1.3857
   -1.7260    1.9855   -1.4638
   -1.6175    1.9997   -1.5355
   -1.5250    1.9606   -1.5979
   -1.4524    1.8831   -1.6488
   -1.4035    1.7731   -1.6859
   -1.3809    1.6326   -1.7078
   -1.3877    1.4693   -1.7126
   -1.4253    1.2867   -1.6996
   -1.4942    1.0912   -1.6682
   -1.5944    0.8884   -1.6186
   -1.7244    0.6846   -1.5515
   -1.8849    0.4819   -1.4666
   -2.0683    0.2916   -1.3680
   -2.2737    0.1150   -1.2562
   -2.4961   -0.0423   -1.1343
   -2.7299   -0.1767   -1.0053
   -2.9692   -0.2852   -0.8726
   -3.2136   -0.3675   -0.7366
   -3.4489   -0.4200   -0.6053
   -3.6735   -0.4440   -0.4796
   -3.8814   -0.4404   -0.3631
   -4.0686   -0.4108   -0.2580
   -4.2277   -0.3585   -0.1686
   -4.3558   -0.2871   -0.0965
   -4.4504   -0.1997   -0.0432
   -4.5078   -0.1026   -0.0109
   -4.5272    0.0000    0.0000
# Travel time at depth = 100.00 km.
   -2.2549    1.3091   -1.0645
   -2.1388    1.5172   -1.1406
   -2.0146    1.6917   -1.2214
   -1.8868    1.8290   -1.3042
   -1.7604    1.9263   -1.3863
   -1.6407    1.9820   -1.4645
   -1.5322    1.9963   -1.5361
   -1.4396    1.9572   -1.5986
   -1.3670    1.8798   -1.6495
   -1.3181    1.7700   -1.6866
   -1.2955    1.6296   -1.7085
   -1.3023    1.4665   -1.7133
   -1.3399    1.2840   -1.7003
   -1.4088    1.0887   -1.6689
   -1.5091    0.8860   -1.6192
   -1.6391    0.6825   -1.5521
   -1.7997    0.4799   -1.4672
   -1.9831    0.2898   -1.3685
   -2.1887    0.1136   -1.2567
   -2.4111   -0.0436   -1.1348
   -2.6450   -0.1777   -1.0057
   -2.8843   -0.2861   -0.8730
   -3.1289   -0.3683   -0.7369
   -3.3643   -0.4207   -0.6055
   -3.5889   -0.4446   -0.4798
   -3.7970   -0.4409   -0.3632
   -3.9841   -0.4112   -0.2581
   -4.1432   -0.3589   -0.1686
   -4.2714   -0.2873   -0.0966
   -4.3660   -0.1999   -0.0432
   -4.4235   -0.1027   -0.0109
   -4.4428    0.0000    0.0000
# Travel time at depth = 200.00 km.
   -2.1793    1.3019   -1.0639
   -2.0614    1.5136   -1.1412
   -1.9371    1.6881   -1.2220
   -1.8093    1.8253   -1.3049
   -1.6829    1.9226   -1.3869
   -1.5631    1.9784   -1.4651
   -1.4546    1.9928   -1.5368
   -1.3619    1.9539   -1.5994
   -1.2893    1.8766   -1.6502
   -1.2404    1.7669   -1.6873
   -1.2178    1.6267   -1.7093
   -1.2246    1.4637   -1.7141
   -1.2621    1.2814   -1.7010
   -1.3311    1.0863   -1.6696
   -1.4315    0.8837   -1.6199
   -1.5616    0.6804   -1.5528
   -1.7222    0.4780   -1.4678
   -1.9057    0.2881   -1.3691
   -2.1113    0.1121   -1.2572
   -2.3338   -0.0449   -1.1352
   -2.5678   -0.1789   -1.0061
   -2.8072   -0.2871   -0.8734
   -3.0519   -0.3692   -0.7372
   -3.2874   -0.4215   -0.6057
   -3.5121   -0.4452   -0.4800
   -3.7203   -0.4415   -0.3632
   -3.9075   -0.4117   -0.2582
   -4.0666   -0.3592   -0.1687
   -4.1948   -0.2876   -0.0966
   -4.2895   -0.2001   -0.0433
   -4.3469   -0.1028   -0.0109
   -4.3663    0.0000    0.0000
# Travel time at depth = 300.00 km.
   -2.1060    1.2945   -1.0633
   -1.9863    1.5098   -1.1418
   -1.8619    1.6843   -1.2226
   -1.7339    1.8217   -1.3056
   -1.6076    1.9189   -1.3876
   -1.4878    1.9748   -1.4659
   -1.3792    1.9893   -1.5376
   -1.2865    1.9505   -1.6001
   -1.2138    1.8733   -1.6510
   -1.1649    1.7639   -1.6881
   -1.1423    1.6237   -1.7101
   -1.1491    1.4609   -1.7149
   -1.1867    1.2787   -1.7018
   -1.2557    1.0839   -1.6704
   -1.3561    0.8813   -1.6206
   -1.4862    0.6783   -1.5535
   -1.6469    0.4761   -1.4684
   -1.8305    0.2864   -1.3697
   -2.0362    0.1106   -1.2578
   -2.2588   -0.0462   -1.1357
   -2.4928   -0.1801   -1.0065
   -2.7323   -0.2881   -0.8738
   -2.9771   -0.3701   -0.7375
   -3.2127   -0.4222   -0.6060
   -3.4375   -0.4459   -0.4802
   -3.6459   -0.4420   -0.3633
   -3.8330   -0.4121   -0.2583
   -3.9922   -0.3595   -0.1688
   -4.1204   -0.2878   -0.0966
   -4.2152   -0.2003   -0.0433
   -4.2726   -0.1029   -0.0109
   -4.2920    0.0000    0.0000
# Travel time at depth = 500.00 km.
   -1.9668    1.2910   -1.0659
   -1.8495    1.5012   -1.1427
   -1.7246    1.6766   -1.2239
   -1.5965    1.8141   -1.3070
   -1.4699    1.9116   -1.3891
   -1.3499    1.9677   -1.4675
   -1.2411    1.9824   -1.5393
   -1.1483    1.9438   -1.6019
   -1.0756    1.8669   -1.6528
   -1.0267    1.7579   -1.6899
   -1.0040    1.6180   -1.7119
   -1.0108    1.4556   -1.7167
   -1.0484    1.2737   -1.7036
   -1.1175    1.0793   -1.6721
   -1.2182    0.8769   -1.6222
   -1.3483    0.6746   -1.5550
   -1.5091    0.4728   -1.4699
   -1.6929    0.2835   -1.3710
   -1.8988    0.1080   -1.2590
   -2.1215   -0.0484   -1.1368
   -2.3558   -0.1820   -1.0075
   -2.5954   -0.2897   -0.8746
   -2.8406   -0.3715   -0.7382
   -3.0764   -0.4234   -0.6065
   -3.3013   -0.4469   -0.4806
   -3.5101   -0.4428   -0.3636
   -3.6972   -0.4128   -0.2585
   -3.8565   -0.3601   -0.1689
   -3.9848   -0.2882   -0.0967
   -4.0796   -0.2004   -0.0433
   -4.1371   -0.1030   -0.0109
   -4.1565    0.0000    0.0000
# Travel time at depth = 700.00 km.
   -1.8469    1.2834   -1.0672
   -1.7292    1.4942   -1.1443
   -1.6044    1.6691   -1.2255
   -1.4760    1.8069   -1.3087
   -1.3493    1.9046   -1.3909
   -1.2291    1.9609   -1.4694
   -1.1201    1.9759   -1.5413
   -1.0272    1.9375   -1.6040
   -0.9544    1.8610   -1.6549
   -0.9054    1.7525   -1.6920
   -0.8826    1.6128   -1.7141
   -0.8894    1.4508   -1.7189
   -0.9272    1.2694   -1.7057
   -0.9963    1.0755   -1.6742
   -1.0973    0.8731   -1.6241
   -1.2274    0.6715   -1.5569
   -1.3884    0.4702   -1.4716
   -1.5724    0.2812   -1.3726
   -1.7785    0.1061   -1.2605
   -2.0015   -0.0501   -1.1381
   -2.2361   -0.1833   -1.0086
   -2.4767   -0.2912   -0.8752
   -2.7213   -0.3724   -0.7390
   -2.9574   -0.4241   -0.6072
   -3.1825   -0.4474   -0.4811
   -3.3917   -0.4432   -0.3639
   -3.5788   -0.4131   -0.2587
   -3.7382   -0.3603   -0.1691
   -3.8668   -0.2882   -0.0967
   -3.9616   -0.2005   -0.0434
   -4.0192   -0.1030   -0.0109
   -4.0385    0.0000    0.0000
#@(#)        ec_ak135.SKKPdf     2.2     06 Jun 1996
