# ak135 ellipticity correction table for phase: SKKSdf  
  6   Number of depth samples at the following depths (km):
    0.00  100.00  200.00  300.00  500.00  700.00
 33   Number of distance samples at the following distances (deg):
  200.00  205.00  210.00  215.00  220.00  225.00  230.00  235.00  240.00  245.00
  250.00  255.00  260.00  265.00  270.00  275.00  280.00  285.00  290.00  295.00
  300.00  305.00  310.00  315.00  320.00  325.00  330.00  335.00  340.00  345.00
  350.00  355.00  360.00
# Travel time at depth =   0.00 km.
   -2.9250    1.5874   -1.0808
   -2.7616    1.8775   -1.1841
   -2.5774    2.1244   -1.2996
   -2.3810    2.3195   -1.4221
   -2.1779    2.4600   -1.5484
   -1.9762    2.5429   -1.6739
   -1.7825    2.5677   -1.7947
   -1.6046    2.5222   -1.9064
   -1.4488    2.4217   -2.0053
   -1.3211    2.2727   -2.0879
   -1.2260    2.0786   -2.1516
   -1.1694    1.8491   -2.1930
   -1.1538    1.5896   -2.2106
   -1.1814    1.3089   -2.2030
   -1.2527    1.0166   -2.1701
   -1.3681    0.7180   -2.1114
   -1.5260    0.4228   -2.0279
   -1.7218    0.1415   -1.9221
   -1.9531   -0.1213   -1.7954
   -2.2151   -0.3578   -1.6507
   -2.5007   -0.5616   -1.4919
   -2.8036   -0.7280   -1.3227
   -3.1164   -0.8532   -1.1473
   -3.4261   -0.9341   -0.9731
   -3.7336   -0.9718   -0.7998
   -4.0297   -0.9655   -0.6327
   -4.3020   -0.9171   -0.4787
   -4.5452   -0.8301   -0.3411
   -4.7535   -0.7089   -0.2231
   -4.9227   -0.5577   -0.1272
   -5.0462   -0.3846   -0.0572
   -5.1215   -0.1965   -0.0144
   -5.1469    0.0000    0.0000
# Travel time at depth = 100.00 km.
   -2.8420    1.5795   -1.0799
   -2.6761    1.8744   -1.1849
   -2.4926    2.1203   -1.2999
   -2.2960    2.3156   -1.4225
   -2.0926    2.4564   -1.5490
   -1.8909    2.5394   -1.6745
   -1.6973    2.5642   -1.7953
   -1.5192    2.5188   -1.9072
   -1.3634    2.4184   -2.0060
   -1.2358    2.2697   -2.0885
   -1.1406    2.0756   -2.1523
   -1.0840    1.8463   -2.1937
   -1.0684    1.5869   -2.2113
   -1.0960    1.3064   -2.2037
   -1.1673    1.0142   -2.1707
   -1.2828    0.7159   -2.1120
   -1.4408    0.4207   -2.0284
   -1.6367    0.1395   -1.9226
   -1.8681   -0.1228   -1.7959
   -2.1301   -0.3591   -1.6512
   -2.4158   -0.5627   -1.4923
   -2.7187   -0.7289   -1.3231
   -3.0316   -0.8541   -1.1476
   -3.3414   -0.9348   -0.9734
   -3.6490   -0.9724   -0.8001
   -3.9451   -0.9661   -0.6329
   -4.2175   -0.9176   -0.4788
   -4.4607   -0.8305   -0.3412
   -4.6691   -0.7092   -0.2232
   -4.8383   -0.5579   -0.1272
   -4.9618   -0.3848   -0.0572
   -5.0372   -0.1966   -0.0144
   -5.0626    0.0000    0.0000
# Travel time at depth = 200.00 km.
   -2.7684    1.5718   -1.0795
   -2.5986    1.8709   -1.1856
   -2.4150    2.1168   -1.3006
   -2.2186    2.3119   -1.4231
   -2.0154    2.4526   -1.5495
   -1.8133    2.5358   -1.6752
   -1.6197    2.5608   -1.7960
   -1.4415    2.5155   -1.9079
   -1.2857    2.4152   -2.0068
   -1.1581    2.2667   -2.0893
   -1.0628    2.0727   -2.1531
   -1.0062    1.8435   -2.1945
   -0.9906    1.5843   -2.2121
   -1.0183    1.3040   -2.2045
   -1.0897    1.0119   -2.1714
   -1.2051    0.7140   -2.1127
   -1.3633    0.4187   -2.0290
   -1.5593    0.1377   -1.9231
   -1.7908   -0.1244   -1.7964
   -2.0528   -0.3606   -1.6516
   -2.3385   -0.5639   -1.4927
   -2.6415   -0.7300   -1.3235
   -2.9544   -0.8550   -1.1480
   -3.2643   -0.9356   -0.9737
   -3.5720   -0.9732   -0.8003
   -3.8683   -0.9667   -0.6330
   -4.1407   -0.9181   -0.4790
   -4.3840   -0.8309   -0.3413
   -4.5924   -0.7096   -0.2232
   -4.7617   -0.5582   -0.1272
   -4.8852   -0.3850   -0.0572
   -4.9606   -0.1967   -0.0144
   -4.9860    0.0000    0.0000
# Travel time at depth = 300.00 km.
   -2.6861    1.5792   -1.0833
   -2.5235    1.8670   -1.1861
   -2.3399    2.1129   -1.3012
   -2.1431    2.3084   -1.4239
   -1.9399    2.4490   -1.5503
   -1.7379    2.5322   -1.6759
   -1.5444    2.5572   -1.7967
   -1.3661    2.5121   -1.9086
   -1.2102    2.4119   -2.0076
   -1.0827    2.2636   -2.0900
   -0.9873    2.0697   -2.1539
   -0.9307    1.8407   -2.1953
   -0.9152    1.5817   -2.2128
   -0.9428    1.3016   -2.2053
   -1.0142    1.0096   -2.1722
   -1.1296    0.7120   -2.1135
   -1.2880    0.4167   -2.0297
   -1.4841    0.1360   -1.9237
   -1.7157   -0.1260   -1.7969
   -1.9777   -0.3620   -1.6521
   -2.2635   -0.5651   -1.4932
   -2.5665   -0.7311   -1.3239
   -2.8796   -0.8559   -1.1483
   -3.1895   -0.9364   -0.9741
   -3.4973   -0.9738   -0.8006
   -3.7937   -0.9672   -0.6332
   -4.0662   -0.9186   -0.4791
   -4.3096   -0.8313   -0.3414
   -4.5180   -0.7099   -0.2233
   -4.6874   -0.5584   -0.1273
   -4.8110   -0.3852   -0.0572
   -4.8864   -0.1967   -0.0144
   -4.9118    0.0000    0.0000
# Travel time at depth = 500.00 km.
   -2.5545    1.5604   -1.0810
   -2.3871    1.8580   -1.1868
   -2.2026    2.1052   -1.3025
   -2.0058    2.3006   -1.4252
   -1.8022    2.4417   -1.5518
   -1.6001    2.5251   -1.6775
   -1.4062    2.5504   -1.7985
   -1.2280    2.5054   -1.9103
   -1.0720    2.4055   -2.0094
   -0.9445    2.2577   -2.0918
   -0.8490    2.0640   -2.1558
   -0.7924    1.8354   -2.1971
   -0.7769    1.5767   -2.2147
   -0.8046    1.2970   -2.2070
   -0.8761    1.0053   -2.1739
   -0.9915    0.7085   -2.1152
   -1.1503    0.4131   -2.0312
   -1.3465    0.1328   -1.9251
   -1.5783   -0.1288   -1.7981
   -1.8405   -0.3643   -1.6533
   -2.1264   -0.5672   -1.4942
   -2.4296   -0.7328   -1.3248
   -2.7429   -0.8575   -1.1491
   -3.0528   -0.9377   -0.9748
   -3.3609   -0.9749   -0.8012
   -3.6576   -0.9682   -0.6336
   -3.9303   -0.9193   -0.4794
   -4.1737   -0.8319   -0.3416
   -4.3823   -0.7104   -0.2234
   -4.5518   -0.5587   -0.1274
   -4.6754   -0.3853   -0.0572
   -4.7509   -0.1968   -0.0144
   -4.7763    0.0000    0.0000
# Travel time at depth = 700.00 km.
   -2.4277    1.5635   -1.0854
   -2.2667    1.8510   -1.1885
   -2.0825    2.0975   -1.3039
   -1.8852    2.2935   -1.4269
   -1.6815    2.4347   -1.5536
   -1.4792    2.5183   -1.6795
   -1.2853    2.5438   -1.8004
   -1.1068    2.4990   -1.9125
   -0.9508    2.3995   -2.0115
   -0.8234    2.2524   -2.0938
   -0.7277    2.0589   -2.1580
   -0.6711    1.8307   -2.1993
   -0.6556    1.5723   -2.2168
   -0.6833    1.2932   -2.2092
   -0.7550    1.0016   -2.1759
   -0.8704    0.7056   -2.1172
   -1.0296    0.4103   -2.0329
   -1.2260    0.1304   -1.9267
   -1.4580   -0.1309   -1.7996
   -1.7204   -0.3660   -1.6546
   -2.0064   -0.5686   -1.4955
   -2.3097   -0.7339   -1.3260
   -2.6235   -0.8584   -1.1500
   -2.9334   -0.9384   -0.9757
   -3.2417   -0.9755   -0.8019
   -3.5389   -0.9686   -0.6341
   -3.8117   -0.9197   -0.4798
   -4.0553   -0.8322   -0.3419
   -4.2640   -0.7106   -0.2236
   -4.4337   -0.5588   -0.1275
   -4.5574   -0.3854   -0.0573
   -4.6329   -0.1968   -0.0144
   -4.6583    0.0000    0.0000
#@(#)        ec_ak135.SKKSdf     2.2     06 Jun 1996
