# ak135 ellipticity correction table for phase: PKSdf   
  6   Number of depth samples at the following depths (km):
    0.00  100.00  200.00  300.00  500.00  700.00
 15   Number of distance samples at the following distances (deg):
  110.00  115.00  120.00  125.00  130.00  135.00  140.00  145.00  150.00  155.00
  160.00  165.00  170.00  175.00  180.00
# Travel time at depth =   0.00 km.
   -0.7628    1.2636   -1.3804
   -0.9536    1.4414   -1.2827
   -1.1754    1.5840   -1.1637
   -1.4150    1.6809   -1.0344
   -1.6649    1.7296   -0.8993
   -1.9187    1.7293   -0.7617
   -2.1683    1.6808   -0.6265
   -2.4091    1.5857   -0.4961
   -2.6281    1.4512   -0.3777
   -2.8287    1.2749   -0.2691
   -3.0007    1.0642   -0.1759
   -3.1390    0.8255   -0.1008
   -3.2411    0.5635   -0.0454
   -3.3035    0.2860   -0.0115
   -3.3246    0.0000    0.0000
# Travel time at depth = 100.00 km.
   -0.7107    1.2580   -1.3845
   -0.9052    1.4394   -1.2829
   -1.1267    1.5817   -1.1640
   -1.3664    1.6787   -1.0348
   -1.6163    1.7274   -0.8996
   -1.8702    1.7272   -0.7620
   -2.1197    1.6789   -0.6268
   -2.3609    1.5838   -0.4962
   -2.5803    1.4493   -0.3775
   -2.7802    1.2739   -0.2693
   -2.9523    1.0633   -0.1760
   -3.0907    0.8250   -0.1009
   -3.1928    0.5632   -0.0454
   -3.2552    0.2858   -0.0115
   -3.2763    0.0000    0.0000
# Travel time at depth = 200.00 km.
   -0.6694    1.2574   -1.3834
   -0.8623    1.4374   -1.2833
   -1.0841    1.5800   -1.1644
   -1.3237    1.6769   -1.0351
   -1.5735    1.7257   -0.8999
   -1.8274    1.7256   -0.7623
   -2.0770    1.6774   -0.6271
   -2.3186    1.5823   -0.4963
   -2.5380    1.4480   -0.3776
   -2.7376    1.2730   -0.2695
   -2.9098    1.0626   -0.1761
   -3.0482    0.8245   -0.1010
   -3.1503    0.5629   -0.0455
   -3.2128    0.2856   -0.0115
   -3.2340    0.0000    0.0000
# Travel time at depth = 300.00 km.
   -0.6243    1.2517   -1.3885
   -0.8217    1.4358   -1.2836
   -1.0435    1.5784   -1.1647
   -1.2829    1.6753   -1.0355
   -1.5328    1.7241   -0.9003
   -1.7867    1.7241   -0.7627
   -2.0363    1.6760   -0.6275
   -2.2784    1.5809   -0.4964
   -2.4975    1.4468   -0.3778
   -2.6970    1.2723   -0.2697
   -2.8693    1.0619   -0.1762
   -3.0078    0.8241   -0.1010
   -3.1099    0.5626   -0.0455
   -3.1724    0.2855   -0.0115
   -3.1935    0.0000    0.0000
# Travel time at depth = 500.00 km.
   -0.5510    1.2500   -1.3888
   -0.7474    1.4332   -1.2845
   -0.9693    1.5758   -1.1655
   -1.2087    1.6728   -1.0364
   -1.4586    1.7217   -0.9011
   -1.7125    1.7218   -0.7636
   -1.9622    1.6740   -0.6282
   -2.2024    1.5803   -0.4981
   -2.4237    1.4455   -0.3783
   -2.6230    1.2715   -0.2702
   -2.7957    1.0611   -0.1765
   -2.9341    0.8236   -0.1012
   -3.0364    0.5623   -0.0456
   -3.0990    0.2854   -0.0115
   -3.1201    0.0000    0.0000
# Travel time at depth = 700.00 km.
   -0.4840    1.2470   -1.3906
   -0.6819    1.4318   -1.2855
   -0.9036    1.5744   -1.1665
   -1.1430    1.6713   -1.0374
   -1.3931    1.7204   -0.9021
   -1.6468    1.7206   -0.7646
   -1.8966    1.6731   -0.6292
   -2.1357    1.5803   -0.4996
   -2.3583    1.4450   -0.3789
   -2.5575    1.2715   -0.2708
   -2.7306    1.0610   -0.1768
   -2.8692    0.8236   -0.1014
   -2.9715    0.5624   -0.0457
   -3.0342    0.2854   -0.0115
   -3.0553    0.0000    0.0000
#@(#)        ec_ak135.PKSdf     2.2     06 Jun 1996
