# ak135 ellipticity correction table for phase: SSS      
  6   Number of depth samples at the following depths (km):
    0.00  100.00  200.00  300.00  500.00  700.00
  9   Number of distance samples at the following distances (deg):
  140.00  145.00  150.00  155.00  160.00  165.00  170.00  175.00  180.00
# Travel time at depth =   0.00 km.
   -2.4105   -0.1398   -3.8412
   -2.3986   -0.1340   -3.7712
   -2.3793   -0.1204   -3.7045
   -2.3435   -0.0980   -3.6459
   -2.2983   -0.0723   -3.5922
   -2.2423   -0.0453   -3.5443
   -2.1670   -0.0245   -3.5043
   -2.0816   -0.0084   -3.4697
   -1.9863    0.0001   -3.4405
# Travel time at depth = 100.00 km.
   -2.3322   -0.1772   -3.8426
   -2.3208   -0.1718   -3.7723
   -2.3021   -0.1585   -3.7054
   -2.2675   -0.1356   -3.6468
   -2.2229   -0.1099   -3.5930
   -2.1670   -0.0836   -3.5448
   -2.0921   -0.0630   -3.5047
   -2.0074   -0.0469   -3.4700
   -1.9129   -0.0379   -3.4409
# Travel time at depth = 200.00 km.
   -2.2627   -0.2157   -3.8439
   -2.2524   -0.2102   -3.7735
   -2.2347   -0.1966   -3.7064
   -2.2005   -0.1739   -3.6476
   -2.1563   -0.1486   -3.5935
   -2.1009   -0.1227   -3.5450
   -2.0270   -0.1012   -3.5051
   -1.9428   -0.0849   -3.4704
   -1.8483   -0.0765   -3.4412
# Travel time at depth = 300.00 km.
   -2.1964   -0.2552   -3.8450
   -2.1871   -0.2497   -3.7744
   -2.1706   -0.2359   -3.7071
   -2.1368   -0.2136   -3.6479
   -2.0931   -0.1886   -3.5936
   -2.0382   -0.1630   -3.5447
   -1.9652   -0.1408   -3.5050
   -1.8817   -0.1243   -3.4703
   -1.7876   -0.1164   -3.4408
# Travel time at depth = 500.00 km.
   -2.0809   -0.3383   -3.8463
   -2.0738   -0.3328   -3.7750
   -2.0595   -0.3189   -3.7072
   -2.0272   -0.2969   -3.6472
   -1.9855   -0.2714   -3.5925
   -1.9331   -0.2443   -3.5437
   -1.8611   -0.2231   -3.5031
   -1.7788   -0.2068   -3.4680
   -1.6864   -0.1979   -3.4386
# Travel time at depth = 700.00 km.
   -1.9912   -0.4271   -3.8463
   -1.9867   -0.4215   -3.7740
   -1.9755   -0.4069   -3.7054
   -1.9458   -0.3844   -3.6446
   -1.9062   -0.3588   -3.5889
   -1.8555   -0.3323   -3.5390
   -1.7863   -0.3091   -3.4983
   -1.7064   -0.2918   -3.4628
   -1.6157   -0.2833   -3.4324
