# ak135 ellipticity correction table for phase: PKKPbc  
  6   Number of depth samples at the following depths (km):
    0.00  100.00  200.00  300.00  500.00  700.00
 11   Number of distance samples at the following distances (deg):
  235.00  240.00  245.00  250.00  255.00  260.00  265.00  270.00  275.00  280.00
  285.00
# Travel time at depth =   0.00 km.
   -1.1625    1.5926   -1.3586
   -1.0554    1.6810   -1.4496
   -0.9585    1.6639   -1.5271
   -0.8908    1.5922   -1.5857
   -0.8539    1.4816   -1.6248
   -0.8487    1.3360   -1.6447
   -0.8759    1.1716   -1.6443
   -0.9373    0.9843   -1.6231
   -1.0306    0.7870   -1.5824
   -1.1575    0.5817   -1.5214
   -1.3103    0.3834   -1.4446
# Travel time at depth = 100.00 km.
   -1.1208    1.5826   -1.3566
   -1.0025    1.6775   -1.4532
   -0.9074    1.6604   -1.5293
   -0.8399    1.5889   -1.5878
   -0.8030    1.4786   -1.6268
   -0.7980    1.3330   -1.6465
   -0.8252    1.1693   -1.6460
   -0.8870    0.9817   -1.6247
   -0.9801    0.7851   -1.5839
   -1.1053    0.5832   -1.5237
   -1.2603    0.3818   -1.4458
# Travel time at depth = 200.00 km.
   -1.0798    1.5871   -1.3582
   -0.9559    1.6752   -1.4567
   -0.8619    1.6578   -1.5318
   -0.7944    1.5868   -1.5901
   -0.7577    1.4764   -1.6290
   -0.7527    1.3308   -1.6486
   -0.7801    1.1673   -1.6480
   -0.8421    0.9799   -1.6264
   -0.9353    0.7837   -1.5856
   -1.0608    0.5821   -1.5252
   -1.2159    0.3808   -1.4471
# Travel time at depth = 300.00 km.
   -1.0486    1.5752   -1.3551
   -0.9116    1.6733   -1.4599
   -0.8182    1.6560   -1.5344
   -0.7509    1.5847   -1.5925
   -0.7142    1.4744   -1.6313
   -0.7094    1.3289   -1.6508
   -0.7367    1.1666   -1.6501
   -0.7991    0.9785   -1.6283
   -0.8923    0.7826   -1.5875
   -1.0181    0.5811   -1.5268
   -1.1734    0.3800   -1.4486
# Travel time at depth = 500.00 km.
   -0.9581    1.6030   -1.3687
   -0.8301    1.6717   -1.4666
   -0.7353    1.6526   -1.5419
   -0.6697    1.5803   -1.5986
   -0.6336    1.4710   -1.6368
   -0.6291    1.3264   -1.6559
   -0.6566    1.1656   -1.6548
   -0.7193    0.9775   -1.6328
   -0.8130    0.7814   -1.5916
   -0.9393    0.5804   -1.5305
   -1.0949    0.3798   -1.4521
# Travel time at depth = 700.00 km.
   -0.8781    1.6181   -1.3810
   -0.7547    1.6716   -1.4752
   -0.6619    1.6494   -1.5488
   -0.5959    1.5777   -1.6056
   -0.5602    1.4677   -1.6434
   -0.5563    1.3258   -1.6618
   -0.5843    1.1651   -1.6603
   -0.6468    0.9792   -1.6382
   -0.7420    0.7818   -1.5960
   -0.8682    0.5813   -1.5350
   -1.0240    0.3815   -1.4563
#@(#)        ec_ak135.PKKPbc     2.2     06 Jun 1996
