# ak135 ellipticity correction table for phase: pPKPdf  
  6   Number of depth samples at the following depths (km):
    0.00  100.00  200.00  300.00  500.00  700.00
 14   Number of distance samples at the following distances (deg):
  115.00  120.00  125.00  130.00  135.00  140.00  145.00  150.00  155.00  160.00
  165.00  170.00  175.00  180.00
# Travel time at depth =   0.00 km.
   -1.0397    0.9887   -0.8659
   -1.1835    1.0861   -0.7954
   -1.3465    1.1574   -0.7104
   -1.5177    1.1958   -0.6207
   -1.6923    1.2007   -0.5290
   -1.8661    1.1720   -0.4377
   -2.0342    1.1108   -0.3497
   -2.1928    1.0193   -0.2669
   -2.3375    0.8994   -0.1916
   -2.4636    0.7537   -0.1259
   -2.5665    0.5859   -0.0723
   -2.6425    0.4005   -0.0326
   -2.6891    0.2031   -0.0082
   -2.7048    0.0000    0.0000
# Travel time at depth = 100.00 km.
   -1.0904    0.9790   -0.8631
   -1.2320    1.0747   -0.7951
   -1.3950    1.1460   -0.7101
   -1.5662    1.1844   -0.6204
   -1.7407    1.1895   -0.5287
   -1.9146    1.1610   -0.4375
   -2.0826    1.1003   -0.3495
   -2.2413    1.0097   -0.2667
   -2.3859    0.8911   -0.1914
   -2.5120    0.7469   -0.1258
   -2.6148    0.5808   -0.0723
   -2.6908    0.3968   -0.0326
   -2.7375    0.2017   -0.0082
   -2.7531    0.0000    0.0000
# Travel time at depth = 200.00 km.
   -1.1352    0.9686   -0.8599
   -1.2746    1.0624   -0.7948
   -1.4375    1.1337   -0.7099
   -1.6086    1.1723   -0.6202
   -1.7832    1.1775   -0.5285
   -1.9570    1.1494   -0.4373
   -2.1250    1.0892   -0.3493
   -2.2839    0.9992   -0.2665
   -2.4283    0.8820   -0.1913
   -2.5544    0.7393   -0.1257
   -2.6571    0.5753   -0.0723
   -2.7332    0.3930   -0.0326
   -2.7798    0.1995   -0.0082
   -2.7955    0.0000    0.0000
# Travel time at depth = 300.00 km.
   -1.1780    0.9578   -0.8565
   -1.3151    1.0496   -0.7946
   -1.4777    1.1207   -0.7098
   -1.6489    1.1595   -0.6201
   -1.8235    1.1649   -0.5284
   -1.9973    1.1370   -0.4372
   -2.1653    1.0774   -0.3492
   -2.3245    0.9881   -0.2662
   -2.4686    0.8725   -0.1913
   -2.5947    0.7316   -0.1257
   -2.6973    0.5697   -0.0723
   -2.7736    0.3892   -0.0325
   -2.8202    0.1975   -0.0082
   -2.8359    0.0000    0.0000
# Travel time at depth = 500.00 km.
   -1.2561    0.9342   -0.8493
   -1.3877    1.0212   -0.7946
   -1.5505    1.0925   -0.7098
   -1.7217    1.1314   -0.6201
   -1.8963    1.1371   -0.5284
   -2.0700    1.1100   -0.4372
   -2.2380    1.0514   -0.3492
   -2.3985    0.9630   -0.2656
   -2.5415    0.8514   -0.1913
   -2.6677    0.7141   -0.1257
   -2.7702    0.5569   -0.0725
   -2.8469    0.3802   -0.0326
   -2.8936    0.1931   -0.0082
   -2.9094    0.0000    0.0000
# Travel time at depth = 700.00 km.
   -1.3253    0.9078   -0.8412
   -1.4504    0.9889   -0.7953
   -1.6134    1.0604   -0.7104
   -1.7846    1.0996   -0.6206
   -1.9593    1.1056   -0.5289
   -2.1330    1.0791   -0.4377
   -2.3011    1.0218   -0.3498
   -2.4608    0.9360   -0.2665
   -2.6051    0.8272   -0.1917
   -2.7316    0.6940   -0.1260
   -2.8346    0.5413   -0.0726
   -2.9114    0.3699   -0.0326
   -2.9583    0.1878   -0.0082
   -2.9741    0.0000    0.0000
#@(#)        ec_ak135.pPKPdf     2.2     06 Jun 1996
