# ak135 ellipticity correction table for phase: ScP     
  6   Number of depth samples at the following depths (km):
    0.00  100.00  200.00  300.00  500.00  700.00
 13   Number of distance samples at the following distances (deg):
    0.00    5.00   10.00   15.00   20.00   25.00   30.00   35.00   40.00   45.00
   50.00   55.00   60.00
# Travel time at depth =   0.00 km.
   -2.1220    0.0000    0.0000
   -2.1109   -0.1131   -0.0074
   -2.0783   -0.2209   -0.0292
   -2.0259   -0.3182   -0.0643
   -1.9568   -0.4016   -0.1111
   -1.8744   -0.4672   -0.1676
   -1.7826   -0.5136   -0.2316
   -1.6854   -0.5394   -0.3008
   -1.5864   -0.5443   -0.3729
   -1.4890   -0.5287   -0.4459
   -1.3961   -0.4931   -0.5180
   -1.3105   -0.4389   -0.5873
   -1.2343   -0.3670   -0.6522
# Travel time at depth = 100.00 km.
   -2.0377    0.0000    0.0000
   -2.0266   -0.1142   -0.0074
   -1.9938   -0.2232   -0.0292
   -1.9414   -0.3219   -0.0644
   -1.8721   -0.4062   -0.1114
   -1.7896   -0.4731   -0.1680
   -1.6977   -0.5203   -0.2321
   -1.6004   -0.5468   -0.3014
   -1.5013   -0.5524   -0.3736
   -1.4039   -0.5372   -0.4467
   -1.3111   -0.5021   -0.5188
   -1.2254   -0.4480   -0.5882
   -1.1492   -0.3762   -0.6532
# Travel time at depth = 200.00 km.
   -1.9611    0.0000    0.0000
   -1.9500   -0.1156   -0.0074
   -1.9172   -0.2257   -0.0293
   -1.8646   -0.3256   -0.0646
   -1.7952   -0.4111   -0.1117
   -1.7125   -0.4789   -0.1685
   -1.6206   -0.5269   -0.2327
   -1.5231   -0.5542   -0.3020
   -1.4240   -0.5602   -0.3743
   -1.3266   -0.5455   -0.4475
   -1.2337   -0.5108   -0.5197
   -1.1480   -0.4569   -0.5891
   -1.0718   -0.3852   -0.6542
# Travel time at depth = 300.00 km.
   -1.8869    0.0000    0.0000
   -1.8757   -0.1169   -0.0074
   -1.8428   -0.2284   -0.0294
   -1.7901   -0.3295   -0.0648
   -1.7206   -0.4160   -0.1120
   -1.6378   -0.4848   -0.1689
   -1.5457   -0.5337   -0.2332
   -1.4482   -0.5617   -0.3027
   -1.3490   -0.5683   -0.3751
   -1.2516   -0.5541   -0.4483
   -1.1587   -0.5197   -0.5206
   -1.0729   -0.4660   -0.5901
   -0.9967   -0.3944   -0.6552
# Travel time at depth = 500.00 km.
   -1.7514    0.0000    0.0000
   -1.7401   -0.1196   -0.0075
   -1.7070   -0.2337   -0.0296
   -1.6541   -0.3373   -0.0652
   -1.5842   -0.4260   -0.1127
   -1.5012   -0.4967   -0.1699
   -1.4089   -0.5473   -0.2344
   -1.3112   -0.5767   -0.3042
   -1.2120   -0.5845   -0.3768
   -1.1145   -0.5712   -0.4502
   -1.0215   -0.5374   -0.5226
   -0.9358   -0.4842   -0.5922
   -0.8595   -0.4128   -0.6574
# Travel time at depth = 700.00 km.
   -1.6334    0.0000    0.0000
   -1.6221   -0.1224   -0.0076
   -1.5888   -0.2392   -0.0299
   -1.5355   -0.3452   -0.0657
   -1.4653   -0.4361   -0.1135
   -1.3820   -0.5087   -0.1710
   -1.2894   -0.5609   -0.2359
   -1.1916   -0.5916   -0.3058
   -1.0923   -0.6006   -0.3787
   -0.9947   -0.5881   -0.4523
   -0.9018   -0.5549   -0.5249
   -0.8160   -0.5020   -0.5947
   -0.7397   -0.4307   -0.6600
#@(#)        ec_ak135.ScP     2.2     06 Jun 1996
