# ak135 ellipticity correction table for phase: PcP     
  6   Number of depth samples at the following depths (km):
    0.00  100.00  200.00  300.00  500.00  700.00
 19   Number of distance samples at the following distances (deg):
    0.00    5.00   10.00   15.00   20.00   25.00   30.00   35.00   40.00   45.00
   50.00   55.00   60.00   65.00   70.00   75.00   80.00   85.00   90.00
# Travel time at depth =   0.00 km.
   -1.5023    0.0000    0.0000
   -1.4917   -0.1129   -0.0068
   -1.4607   -0.2207   -0.0270
   -1.4106   -0.3194   -0.0597
   -1.3439   -0.4047   -0.1035
   -1.2635   -0.4737   -0.1568
   -1.1730   -0.5237   -0.2175
   -1.0759   -0.5532   -0.2835
   -0.9760   -0.5614   -0.3527
   -0.8769   -0.5481   -0.4228
   -0.7820   -0.5141   -0.4918
   -0.6945   -0.4606   -0.5579
   -0.6170   -0.3892   -0.6194
   -0.5522   -0.3022   -0.6746
   -0.5019   -0.2022   -0.7222
   -0.4680   -0.0921   -0.7613
   -0.4516    0.0251   -0.7910
   -0.4533    0.1457   -0.8107
   -0.4736    0.2663   -0.8202
# Travel time at depth = 100.00 km.
   -1.4540    0.0000    0.0000
   -1.4434   -0.1138   -0.0068
   -1.4123   -0.2227   -0.0271
   -1.3621   -0.3224   -0.0599
   -1.2952   -0.4087   -0.1038
   -1.2147   -0.4784   -0.1573
   -1.1240   -0.5291   -0.2181
   -1.0268   -0.5592   -0.2842
   -0.9268   -0.5679   -0.3535
   -0.8276   -0.5552   -0.4237
   -0.7327   -0.5216   -0.4929
   -0.6451   -0.4685   -0.5591
   -0.5676   -0.3974   -0.6206
   -0.5027   -0.3107   -0.6759
   -0.4525   -0.2109   -0.7236
   -0.4185   -0.1009   -0.7627
   -0.4021    0.0161   -0.7924
   -0.4038    0.1367   -0.8122
   -0.4240    0.2573   -0.8217
# Travel time at depth = 200.00 km.
   -1.4116    0.0000    0.0000
   -1.4010   -0.1148   -0.0069
   -1.3697   -0.2247   -0.0272
   -1.3194   -0.3253   -0.0601
   -1.2524   -0.4125   -0.1042
   -1.1717   -0.4830   -0.1577
   -1.0808   -0.5344   -0.2187
   -0.9835   -0.5651   -0.2850
   -0.8834   -0.5743   -0.3544
   -0.7842   -0.5621   -0.4248
   -0.6891   -0.5289   -0.4941
   -0.6015   -0.4761   -0.5604
   -0.5240   -0.4053   -0.6219
   -0.4590   -0.3188   -0.6773
   -0.4088   -0.2191   -0.7251
   -0.3748   -0.1093   -0.7643
   -0.3583    0.0076   -0.7941
   -0.3601    0.1281   -0.8139
   -0.3803    0.2488   -0.8234
# Travel time at depth = 300.00 km.
   -1.3712    0.0000    0.0000
   -1.3606   -0.1158   -0.0069
   -1.3292   -0.2268   -0.0273
   -1.2787   -0.3283   -0.0603
   -1.2115   -0.4163   -0.1046
   -1.1307   -0.4876   -0.1583
   -1.0397   -0.5397   -0.2194
   -0.9422   -0.5710   -0.2859
   -0.8420   -0.5808   -0.3554
   -0.7427   -0.5690   -0.4259
   -0.6476   -0.5362   -0.4953
   -0.5599   -0.4837   -0.5617
   -0.4823   -0.4132   -0.6234
   -0.4174   -0.3269   -0.6788
   -0.3671   -0.2275   -0.7267
   -0.3331   -0.1177   -0.7660
   -0.3166   -0.0009   -0.7958
   -0.3184    0.1196   -0.8156
   -0.3386    0.2402   -0.8252
# Travel time at depth = 500.00 km.
   -1.2977    0.0000    0.0000
   -1.2870   -0.1180   -0.0070
   -1.2555   -0.2310   -0.0275
   -1.2047   -0.3344   -0.0608
   -1.1371   -0.4242   -0.1054
   -1.0558   -0.4970   -0.1594
   -0.9644   -0.5504   -0.2209
   -0.8667   -0.5829   -0.2877
   -0.7662   -0.5937   -0.3576
   -0.6667   -0.5828   -0.4284
   -0.5715   -0.5508   -0.4981
   -0.4837   -0.4989   -0.5647
   -0.4061   -0.4289   -0.6266
   -0.3411   -0.3431   -0.6823
   -0.2908   -0.2439   -0.7303
   -0.2568   -0.1344   -0.7697
   -0.2403   -0.0176   -0.7996
   -0.2420    0.1028   -0.8196
   -0.2622    0.2235   -0.8292
# Travel time at depth = 700.00 km.
   -1.2330    0.0000    0.0000
   -1.2222   -0.1202   -0.0070
   -1.1904   -0.2353   -0.0278
   -1.1392   -0.3407   -0.0614
   -1.0711   -0.4322   -0.1063
   -0.9894   -0.5066   -0.1608
   -0.8977   -0.5613   -0.2227
   -0.7996   -0.5949   -0.2899
   -0.6989   -0.6066   -0.3602
   -0.5992   -0.5965   -0.4313
   -0.5039   -0.5652   -0.5013
   -0.4160   -0.5139   -0.5682
   -0.3384   -0.4444   -0.6303
   -0.2733   -0.3589   -0.6862
   -0.2230   -0.2599   -0.7344
   -0.1889   -0.1506   -0.7740
   -0.1724   -0.0339   -0.8041
   -0.1741    0.0865   -0.8241
   -0.1943    0.2073   -0.8339
#@(#)        ec_ak135.PcP     2.2     06 Jun 1996
