# ak135 ellipticity correction table for phase: SP      
  6   Number of depth samples at the following depths (km):
    0.00  100.00  200.00  300.00  500.00  700.00
 17   Number of distance samples at the following distances (deg):
   55.00   60.00   65.00   70.00   75.00   80.00   85.00   90.00   95.00  100.00
  105.00  110.00  115.00  120.00  125.00  130.00  135.00
# Travel time at depth =   0.00 km.
   -1.0975   -0.8260   -0.8230
   -1.0835   -0.9339   -0.9193
   -1.0508   -1.0220   -1.0265
   -0.9723   -1.0121   -1.1641
   -0.8874   -0.9676   -1.3015
   -0.7938   -0.8651   -1.4438
   -0.7122   -0.7480   -1.5763
   -0.6423   -0.6043   -1.6992
   -0.5802   -0.2785   -1.8203
   -0.5540   -0.1360   -1.9073
   -0.5441    0.0432   -1.9858
   -0.5551    0.2377   -2.0491
   -0.6503    0.7002   -2.0727
   -0.6975    0.8305   -2.1045
   -0.7539    0.9463   -2.1293
   -0.8459    1.1100   -2.1303
   -0.9529    1.2634   -2.1220
# Travel time at depth = 100.00 km.
   -1.0223   -0.8773   -0.8248
   -1.0079   -0.9842   -0.9213
   -0.9749   -1.0711   -1.0286
   -0.8919   -1.0503   -1.1677
   -0.8026   -0.9981   -1.3091
   -0.7098   -0.8992   -1.4506
   -0.6282   -0.7816   -1.5821
   -0.5580   -0.6370   -1.7045
   -0.4944   -0.3143   -1.8254
   -0.4675   -0.1675   -1.9130
   -0.4572    0.0148   -1.9917
   -0.5357    0.5752   -2.0354
   -0.5597    0.6696   -2.0792
   -0.6078    0.8029   -2.1106
   -0.6636    0.9191   -2.1363
   -0.7557    1.0854   -2.1360
   -0.8622    1.2394   -2.1281
# Travel time at depth = 200.00 km.
   -0.9570   -0.9305   -0.8263
   -0.9420   -1.0363   -0.9231
   -0.9087   -1.1218   -1.0303
   -0.8201   -1.0893   -1.1718
   -0.7272   -1.0307   -1.3157
   -0.6348   -0.9343   -1.4567
   -0.5525   -0.8156   -1.5881
   -0.4532   -0.4351   -1.7390
   -0.4165   -0.3508   -1.8309
   -0.3885   -0.1997   -1.9203
   -0.3780   -0.0161   -1.9976
   -0.4519    0.5408   -2.0429
   -0.4763    0.6382   -2.0863
   -0.5245    0.7751   -2.1178
   -0.5791    0.8881   -2.1432
   -0.6728    1.0605   -2.1423
   -0.7786    1.2150   -2.1348
# Travel time at depth = 300.00 km.
   -0.8956   -0.9856   -0.8274
   -0.8800   -1.0902   -0.9245
   -0.8461   -1.1740   -1.0318
   -0.7507   -1.1299   -1.1774
   -0.6550   -1.0657   -1.3229
   -0.5630   -0.9707   -1.4625
   -0.4798   -0.8506   -1.5939
   -0.3787   -0.4787   -1.7443
   -0.3414   -0.3882   -1.8364
   -0.3126   -0.2344   -1.9258
   -0.3014   -0.0463   -2.0039
   -0.3704    0.5053   -2.0506
   -0.3953    0.6059   -2.0935
   -0.4444    0.7479   -2.1253
   -0.4968    0.8559   -2.1503
   -0.5920    1.0348   -2.1488
   -0.6980    1.1910   -2.1414
# Travel time at depth = 500.00 km.
   -0.7944   -1.1032   -0.8275
   -0.7772   -1.2052   -0.9257
   -0.7409   -1.2843   -1.0339
   -0.6270   -1.2126   -1.1915
   -0.5269   -1.1392   -1.3372
   -0.4337   -1.0435   -1.4759
   -0.3480   -0.9196   -1.6080
   -0.2444   -0.5689   -1.7558
   -0.2044   -0.4628   -1.8504
   -0.1739   -0.3014   -1.9401
   -0.1614   -0.1081   -2.0180
   -0.2199    0.4304   -2.0674
   -0.2457    0.5385   -2.1095
   -0.2946    0.6863   -2.1410
   -0.3465    0.7931   -2.1673
   -0.4426    0.9815   -2.1634
   -0.5476    1.1402   -2.1564
# Travel time at depth = 700.00 km.
   -0.7287   -1.2342   -0.8230
   -0.7091   -1.3319   -0.9222
   -0.6212   -1.3258   -1.0626
   -0.5280   -1.2972   -1.2045
   -0.4225   -1.2173   -1.3515
   -0.3259   -1.1189   -1.4909
   -0.2370   -0.9913   -1.6237
   -0.1303   -0.6629   -1.7690
   -0.0860   -0.5347   -1.8666
   -0.0542   -0.3687   -1.9552
   -0.0394   -0.1717   -2.0342
   -0.0857    0.3485   -2.0865
   -0.1132    0.4689   -2.1284
   -0.1591    0.6100   -2.1606
   -0.2196    0.7488   -2.1797
   -0.3095    0.9269   -2.1805
   -0.4134    1.0869   -2.1746
#@(#)        ec_ak135.SP     2.2     06 Jun 1996
