# ak135 ellipticity correction table for phase: SS      
  6   Number of depth samples at the following depths (km):
    0.00  100.00  200.00  300.00  500.00  700.00
 37   Number of distance samples at the following distances (deg):
    0.00    5.00   10.00   15.00   20.00   25.00   30.00   35.00   40.00   45.00
   50.00   55.00   60.00   65.00   70.00   75.00   80.00   85.00   90.00   95.00
  100.00  105.00  110.00  115.00  120.00  125.00  130.00  135.00  140.00  145.00
  150.00  155.00  160.00  165.00  170.00  175.00  180.00
# Travel time at depth =   0.00 km.
    0.0000    0.0000    0.0000
   -0.3081   -0.0349   -0.0041
   -0.6116   -0.0925   -0.0106
   -0.8537   -0.2043   -0.0293
   -1.0847   -0.3320   -0.0545
   -1.2771   -0.5022   -0.1014
   -1.4535   -0.6814   -0.1575
   -1.5826   -0.8685   -0.2842
   -1.6956   -1.0548   -0.4203
   -1.7178   -1.2131   -0.5450
   -1.7435   -1.3659   -0.7206
   -1.6813   -1.4644   -0.8616
   -1.6027   -1.5362   -1.0035
   -1.5173   -1.5847   -1.1500
   -1.4270   -1.6074   -1.3008
   -1.3346   -1.6025   -1.4528
   -1.2446   -1.5701   -1.6027
   -1.1614   -1.5116   -1.7476
   -1.0893   -1.4302   -1.8839
   -1.0291   -1.3262   -2.0143
   -0.9857   -1.2059   -2.1329
   -0.9605   -1.0738   -2.2392
   -0.9538   -0.9349   -2.3325
   -0.9667   -0.7934   -2.4132
   -0.9975   -0.6531   -2.4822
   -1.0451   -0.5209   -2.5392
   -1.1074   -0.3981   -2.5866
   -1.1800   -0.2909   -2.6251
   -1.2607   -0.1990   -2.6576
   -1.3461   -0.1241   -2.6865
   -1.4301   -0.0683   -2.7137
   -1.5098   -0.0294   -2.7417
   -1.5796   -0.0064   -2.7720
   -1.6373    0.0037   -2.8077
   -1.6794    0.0052   -2.8498
   -1.7045    0.0022   -2.9013
   -1.7099    0.0176   -2.9627
# Travel time at depth = 100.00 km.
   -0.0844    0.0000    0.0000
   -0.3483   -0.0605   -0.0051
   -0.6079   -0.1438   -0.0127
   -0.8360   -0.2720   -0.0329
   -1.0530   -0.4160   -0.0595
   -1.2415   -0.5852   -0.1076
   -1.4141   -0.7634   -0.1650
   -1.5313   -0.9416   -0.2916
   -1.6357   -1.1135   -0.4250
   -1.7139   -1.2952   -0.5940
   -1.6720   -1.4105   -0.7264
   -1.6094   -1.5059   -0.8626
   -1.5333   -1.5781   -1.0024
   -1.4466   -1.6272   -1.1511
   -1.3565   -1.6496   -1.3017
   -1.2640   -1.6443   -1.4533
   -1.1738   -1.6114   -1.6032
   -1.0905   -1.5525   -1.7478
   -1.0183   -1.4710   -1.8838
   -0.9570   -1.3654   -2.0155
   -0.9137   -1.2455   -2.1331
   -0.8882   -1.1139   -2.2388
   -0.8809   -0.9734   -2.3330
   -0.8931   -0.8324   -2.4134
   -0.9241   -0.6911   -2.4826
   -0.9704   -0.5596   -2.5395
   -1.0321   -0.4364   -2.5871
   -1.1046   -0.3282   -2.6260
   -1.1835   -0.2371   -2.6585
   -1.2681   -0.1617   -2.6878
   -1.3511   -0.1054   -2.7153
   -1.4283   -0.0670   -2.7432
   -1.4971   -0.0432   -2.7739
   -1.5548   -0.0319   -2.8106
   -1.5959   -0.0296   -2.8535
   -1.6195   -0.0317   -2.9048
   -1.6236   -0.0149   -2.9671
# Travel time at depth = 200.00 km.
   -0.1610    0.0000    0.0000
   -0.3923   -0.0529    0.0377
   -0.6193   -0.1286    0.0729
   -0.8363   -0.3017    0.0061
   -1.0422   -0.4906   -0.0672
   -1.2208   -0.6589   -0.1218
   -1.3834   -0.8362   -0.1856
   -1.4896   -1.0090   -0.3054
   -1.5892   -1.1729   -0.4308
   -1.6580   -1.3394   -0.5957
   -1.6142   -1.4547   -0.7280
   -1.5489   -1.5483   -0.8635
   -1.4722   -1.6219   -1.0048
   -1.3858   -1.6704   -1.1534
   -1.2966   -1.6916   -1.3018
   -1.2040   -1.6859   -1.4532
   -1.1135   -1.6526   -1.6031
   -1.0300   -1.5935   -1.7473
   -0.9555   -1.5093   -1.8867
   -0.8953   -1.4050   -2.0158
   -0.8518   -1.2855   -2.1327
   -0.8251   -1.1503   -2.2408
   -0.8178   -1.0125   -2.3330
   -0.8294   -0.8722   -2.4129
   -0.8595   -0.7297   -2.4829
   -0.9058   -0.5973   -2.5400
   -0.9660   -0.4755   -2.5873
   -1.0378   -0.3666   -2.6267
   -1.1161   -0.2752   -2.6595
   -1.1991   -0.2002   -2.6890
   -1.2808   -0.1437   -2.7169
   -1.3567   -0.1050   -2.7452
   -1.4248   -0.0804   -2.7767
   -1.4805   -0.0686   -2.8136
   -1.5204   -0.0656   -2.8573
   -1.5425   -0.0666   -2.9087
   -1.5452   -0.0484   -2.9718
# Travel time at depth = 300.00 km.
   -0.2353    0.0000    0.0000
   -0.4268   -0.1448    0.0044
   -0.6139   -0.3124    0.0063
   -0.8282   -0.4308   -0.0311
   -1.0314   -0.5651   -0.0750
   -1.2061   -0.7245   -0.1350
   -1.3649   -0.8930   -0.2042
   -1.4729   -1.0611   -0.3246
   -1.5490   -1.2298   -0.4342
   -1.6084   -1.3857   -0.5991
   -1.5604   -1.4997   -0.7286
   -1.4932   -1.5919   -0.8638
   -1.4180   -1.6642   -1.0024
   -1.3308   -1.7134   -1.1525
   -1.2398   -1.7345   -1.3033
   -1.1484   -1.7283   -1.4524
   -1.0572   -1.6945   -1.6028
   -0.9717   -1.6336   -1.7495
   -0.8978   -1.5497   -1.8872
   -0.8377   -1.4457   -2.0153
   -0.7939   -1.3264   -2.1317
   -0.7663   -1.1901   -2.2405
   -0.7586   -1.0527   -2.3323
   -0.7698   -0.9095   -2.4137
   -0.7988   -0.7696   -2.4825
   -0.8445   -0.6365   -2.5400
   -0.9033   -0.5158   -2.5870
   -0.9743   -0.4065   -2.6269
   -1.0520   -0.3145   -2.6602
   -1.1333   -0.2398   -2.6900
   -1.2135   -0.1832   -2.7182
   -1.2881   -0.1441   -2.7470
   -1.3553   -0.1189   -2.7793
   -1.4091   -0.1065   -2.8165
   -1.4476   -0.1027   -2.8611
   -1.4685   -0.1027   -2.9138
   -1.4693   -0.0838   -2.9766
# Travel time at depth = 500.00 km.
   -0.3707    0.0000    0.0000
   -0.4113   -0.0876   -0.0025
   -0.4476   -0.1980   -0.0075
   -0.6914   -0.3768   -0.0435
   -0.9241   -0.5714   -0.0860
   -1.1283   -0.7912   -0.1457
   -1.3166   -1.0200   -0.2146
   -1.4007   -1.1766   -0.3337
   -1.5390   -1.3398   -0.4773
   -1.5197   -1.4719   -0.5970
   -1.4749   -1.5869   -0.7274
   -1.4054   -1.6809   -0.8637
   -1.3289   -1.7528   -1.0042
   -1.2434   -1.7994   -1.1509
   -1.1508   -1.8197   -1.3027
   -1.0568   -1.8121   -1.4542
   -0.9650   -1.7769   -1.6038
   -0.8805   -1.7162   -1.7473
   -0.8058   -1.6320   -1.8842
   -0.7443   -1.5271   -2.0126
   -0.6980   -1.4044   -2.1319
   -0.6704   -1.2734   -2.2362
   -0.6609   -1.1332   -2.3300
   -0.6702   -0.9918   -2.4107
   -0.6976   -0.8511   -2.4803
   -0.7408   -0.7194   -2.5377
   -0.7982   -0.5971   -2.5860
   -0.8655   -0.4900   -2.6258
   -0.9409   -0.3975   -2.6603
   -1.0189   -0.3230   -2.6909
   -1.0958   -0.2661   -2.7202
   -1.1693   -0.2251   -2.7510
   -1.2317   -0.2000   -2.7842
   -1.2811   -0.1865   -2.8222
   -1.3164   -0.1812   -2.8687
   -1.3333   -0.1791   -2.9223
   -1.3312   -0.1759   -2.9859
# Travel time at depth = 700.00 km.
   -0.4887    0.0000    0.0000
   -0.4362   -0.0576   -0.0025
   -0.3793   -0.1379   -0.0074
   -0.6380   -0.3525   -0.0470
   -0.8856   -0.5829   -0.0931
   -1.1047   -0.8385   -0.1556
   -1.3079   -1.1031   -0.2274
   -1.3638   -1.2722   -0.3437
   -1.5257   -1.4138   -0.4675
   -1.4812   -1.5499   -0.5939
   -1.4308   -1.6611   -0.7180
   -1.3664   -1.7565   -0.8508
   -1.2872   -1.8304   -0.9949
   -1.1982   -1.8782   -1.1442
   -1.1041   -1.8987   -1.2952
   -1.0093   -1.8911   -1.4445
   -0.9142   -1.8559   -1.5959
   -0.8266   -1.7949   -1.7408
   -0.7495   -1.7105   -1.8783
   -0.6863   -1.6068   -2.0057
   -0.6380   -1.4855   -2.1242
   -0.6077   -1.3541   -2.2299
   -0.5960   -1.2161   -2.3229
   -0.6027   -1.0739   -2.4051
   -0.6269   -0.9365   -2.4741
   -0.6675   -0.8043   -2.5329
   -0.7206   -0.6851   -2.5813
   -0.7853   -0.5772   -2.6228
   -0.8569   -0.4855   -2.6585
   -0.9302   -0.4120   -2.6903
   -1.0039   -0.3544   -2.7215
   -1.0716   -0.3137   -2.7532
   -1.1295   -0.2882   -2.7881
   -1.1756   -0.2731   -2.8287
   -1.2055   -0.2665   -2.8769
   -1.2177   -0.2623   -2.9328
   -1.2115   -0.2558   -2.9967
#@(#)        ec_ak135.SS     2.2     06 Jun 1996
