# ak135 ellipticity correction table for phase: pSKSdf  
  6   Number of depth samples at the following depths (km):
    0.00  100.00  200.00  300.00  500.00  700.00
 15   Number of distance samples at the following distances (deg):
  110.00  115.00  120.00  125.00  130.00  135.00  140.00  145.00  150.00  155.00
  160.00  165.00  170.00  175.00  180.00
# Travel time at depth =   0.00 km.
   -1.3702    1.3403   -1.3967
   -1.5671    1.5239   -1.2921
   -1.7887    1.6658   -1.1732
   -2.0277    1.7615   -1.0442
   -2.2780    1.8088   -0.9086
   -2.5315    1.8062   -0.7710
   -2.7814    1.7544   -0.6353
   -3.0219    1.6548   -0.5044
   -3.2446    1.5113   -0.3830
   -3.4455    1.3271   -0.2733
   -3.6176    1.1082   -0.1791
   -3.7578    0.8579   -0.1024
   -3.8605    0.5850   -0.0461
   -3.9232    0.2966   -0.0116
   -3.9444    0.0000    0.0000
# Travel time at depth = 100.00 km.
   -1.4188    1.3267   -1.3963
   -1.6160    1.5105   -1.2916
   -1.8375    1.6526   -1.1728
   -2.0766    1.7486   -1.0437
   -2.3268    1.7959   -0.9082
   -2.5803    1.7940   -0.7706
   -2.8300    1.7431   -0.6350
   -3.0706    1.6443   -0.5041
   -3.2932    1.5023   -0.3827
   -3.4938    1.3194   -0.2732
   -3.6661    1.1016   -0.1790
   -3.8061    0.8534   -0.1023
   -3.9088    0.5818   -0.0460
   -3.9715    0.2977   -0.0116
   -3.9927    0.0000    0.0000
# Travel time at depth = 200.00 km.
   -1.4620    1.3121   -1.3957
   -1.6589    1.4958   -1.2911
   -1.8805    1.6379   -1.1722
   -2.1195    1.7341   -1.0433
   -2.3698    1.7821   -0.9077
   -2.6232    1.7804   -0.7702
   -2.8727    1.7304   -0.6346
   -3.1134    1.6328   -0.5037
   -3.3360    1.4921   -0.3824
   -3.5359    1.3117   -0.2733
   -3.7087    1.0947   -0.1788
   -3.8486    0.8478   -0.1022
   -3.9512    0.5783   -0.0460
   -4.0139    0.2936   -0.0116
   -4.0351    0.0000    0.0000
# Travel time at depth = 300.00 km.
   -1.5029    1.2965   -1.3952
   -1.7000    1.4803   -1.2905
   -1.9214    1.6225   -1.1718
   -2.1605    1.7189   -1.0428
   -2.4107    1.7672   -0.9073
   -2.6640    1.7663   -0.7698
   -2.9135    1.7170   -0.6342
   -3.1541    1.6207   -0.5034
   -3.3767    1.4814   -0.3821
   -3.5765    1.3025   -0.2731
   -3.7493    1.0874   -0.1787
   -3.8891    0.8423   -0.1022
   -3.9916    0.5746   -0.0460
   -4.0543    0.2911   -0.0116
   -4.0754    0.0000    0.0000
# Travel time at depth = 500.00 km.
   -1.5772    1.2619   -1.3943
   -1.7743    1.4459   -1.2896
   -1.9959    1.5884   -1.1708
   -2.2350    1.6853   -1.0417
   -2.4851    1.7344   -0.9063
   -2.7381    1.7348   -0.7691
   -2.9878    1.6873   -0.6334
   -3.2282    1.5938   -0.5028
   -3.4508    1.4575   -0.3816
   -3.6506    1.2820   -0.2726
   -3.8231    1.0707   -0.1783
   -3.9627    0.8297   -0.1020
   -4.0651    0.5663   -0.0459
   -4.1278    0.2872   -0.0116
   -4.1489    0.0000    0.0000
# Travel time at depth = 700.00 km.
   -1.6431    1.2228   -1.3932
   -1.8398    1.4066   -1.2887
   -2.0615    1.5494   -1.1698
   -2.3006    1.6469   -1.0407
   -2.5507    1.6967   -0.9054
   -2.8036    1.6984   -0.7681
   -3.0534    1.6530   -0.6325
   -3.2927    1.5629   -0.5025
   -3.5161    1.4298   -0.3810
   -3.7159    1.2582   -0.2721
   -3.8883    1.0512   -0.1780
   -4.0276    0.8152   -0.1019
   -4.1299    0.5567   -0.0459
   -4.1925    0.2825   -0.0116
   -4.2136    0.0000    0.0000
#@(#)        ec_ak135.pSKSdf     2.2     06 Jun 1996
