# ak135 ellipticity correction table for phase: S 
  6   Number of depth samples at the following depths (km):
    0.00  100.00  200.00  300.00  500.00  700.00
 37   Number of distance samples at the following distances (deg):
    0.00    5.00   10.00   15.00   20.00   25.00   30.00   35.00   40.00   45.00
   50.00   55.00   60.00   65.00   70.00   75.00   80.00   85.00   90.00   95.00
  100.00  105.00  110.00  115.00  120.00  125.00  130.00  135.00  140.00  145.00
  150.00  155.00  160.00  165.00  170.00  175.00  180.00
# Travel time at depth =   0.00 km.
   -0.0001    0.0000    0.0000
   -0.3093   -0.0233   -0.0033
   -0.5677   -0.0856   -0.0126
   -0.8058   -0.1826   -0.0331
   -1.0139   -0.2986   -0.1142
   -1.1470   -0.4154   -0.2014
   -1.1855   -0.5121   -0.2799
   -1.2008   -0.5988   -0.3691
   -1.1929   -0.6690   -0.4719
   -1.1634   -0.7144   -0.5848
   -1.1152   -0.7298   -0.7071
   -1.0550   -0.7104   -0.8325
   -0.9887   -0.6533   -0.9583
   -0.9235   -0.5576   -1.0798
   -0.8670   -0.4249   -1.1922
   -0.8254   -0.2552   -1.2931
   -0.8061   -0.0583   -1.3755
   -0.8362    0.2881   -1.4991
   -0.8749    0.5317   -1.5152
   -0.9472    0.7699   -1.5071
   -1.0565    1.0048   -1.4748
   -1.1986    1.2204   -1.4203
   -1.3702    1.4105   -1.3460
   -1.5686    1.5705   -1.2539
   -1.7916    1.6961   -1.1457
   -2.0327    1.7811   -1.0252
   -2.2844    1.8212   -0.8966
   -2.5315    1.8062   -0.7710
   -2.7814    1.7544   -0.6353
   -3.0219    1.6548   -0.5044
   -3.2446    1.5113   -0.3830
   -3.4455    1.3271   -0.2733
   -3.6176    1.1082   -0.1791
   -3.7578    0.8579   -0.1024
   -3.8605    0.5850   -0.0461
   -3.9232    0.2966   -0.0116
   -3.9444    0.0000    0.0000
# Travel time at depth = 100.00 km.
   -0.0843    0.0000    0.0000
   -0.3056   -0.0746   -0.0054
   -0.5360   -0.1696   -0.0176
   -0.7664   -0.2646   -0.0406
   -0.9507   -0.3627   -0.1215
   -1.0705   -0.4648   -0.2070
   -1.1081   -0.5582   -0.2837
   -1.1225   -0.6438   -0.3743
   -1.1131   -0.7115   -0.4775
   -1.0818   -0.7546   -0.5918
   -1.0327   -0.7667   -0.7133
   -0.9711   -0.7444   -0.8392
   -0.9038   -0.6842   -0.9652
   -0.8382   -0.5859   -1.0860
   -0.7810   -0.4502   -1.1984
   -0.7392   -0.2779   -1.2989
   -0.7196   -0.0761   -1.3817
   -0.7504    0.2786   -1.5017
   -0.7887    0.5200   -1.5172
   -0.8623    0.7628   -1.5086
   -0.9708    0.9962   -1.4763
   -1.1127    1.2121   -1.4218
   -1.2844    1.4032   -1.3472
   -1.4829    1.5640   -1.2550
   -1.7069    1.6906   -1.1463
   -1.9476    1.7759   -1.0259
   -2.1995    1.8167   -0.8972
   -2.4469    1.8036   -0.7713
   -2.6969    1.7519   -0.6354
   -2.9373    1.6526   -0.5046
   -3.1600    1.5097   -0.3832
   -3.3611    1.3257   -0.2734
   -3.5332    1.1071   -0.1792
   -3.6734    0.8570   -0.1024
   -3.7761    0.5845   -0.0461
   -3.8389    0.2963   -0.0116
   -3.8600    0.0000    0.0000
# Travel time at depth = 200.00 km.
   -0.1609    0.0000    0.0000
   -0.3170   -0.0594    0.0802
   -0.5252   -0.2442   -0.0253
   -0.7357   -0.3374   -0.0612
   -0.8980   -0.4247   -0.1285
   -1.0134   -0.5131   -0.2136
   -1.0406   -0.6063   -0.2892
   -1.0532   -0.6899   -0.3809
   -1.0419   -0.7547   -0.4847
   -1.0088   -0.7945   -0.5990
   -0.9581   -0.8033   -0.7209
   -0.8956   -0.7779   -0.8461
   -0.8271   -0.7147   -0.9721
   -0.7607   -0.6134   -1.0929
   -0.7027   -0.4741   -1.2056
   -0.6608   -0.3003   -1.3049
   -0.6409   -0.0940   -1.3879
   -0.6721    0.2676   -1.5043
   -0.7102    0.5084   -1.5195
   -0.7846    0.7548   -1.5103
   -0.8927    0.9877   -1.4780
   -1.0343    1.2041   -1.4234
   -1.2062    1.3961   -1.3487
   -1.4056    1.5582   -1.2560
   -1.6296    1.6854   -1.1472
   -1.8701    1.7712   -1.0268
   -2.1222    1.8126   -0.8978
   -2.3701    1.8010   -0.7715
   -2.6201    1.7496   -0.6356
   -2.8605    1.6505   -0.5048
   -3.0833    1.5079   -0.3833
   -3.2845    1.3241   -0.2734
   -3.4565    1.1059   -0.1793
   -3.5968    0.8561   -0.1025
   -3.6995    0.5838   -0.0461
   -3.7623    0.2960   -0.0116
   -3.7835    0.0000    0.0000
# Travel time at depth = 300.00 km.
   -0.2352    0.0000    0.0000
   -0.3116   -0.2432    0.0136
   -0.5144   -0.3187   -0.0331
   -0.7172   -0.3942   -0.0798
   -0.8831   -0.4721   -0.1483
   -0.9455   -0.5635   -0.2165
   -0.9771   -0.6562   -0.2951
   -0.9875   -0.7363   -0.3867
   -0.9741   -0.7983   -0.4913
   -0.9392   -0.8347   -0.6056
   -0.8862   -0.8403   -0.7289
   -0.8224   -0.8116   -0.8540
   -0.7528   -0.7451   -0.9798
   -0.6855   -0.6406   -1.1004
   -0.6272   -0.4989   -1.2123
   -0.5849   -0.3225   -1.3112
   -0.5647   -0.1131   -1.3939
   -0.5960    0.2557   -1.5069
   -0.6343    0.4985   -1.5217
   -0.7088    0.7458   -1.5123
   -0.8167    0.9790   -1.4798
   -0.9581    1.1959   -1.4252
   -1.1302    1.3889   -1.3502
   -1.3317    1.5532   -1.2564
   -1.5544    1.6801   -1.1481
   -1.7949    1.7664   -1.0276
   -2.0473    1.8084   -0.8985
   -2.2955    1.7985   -0.7718
   -2.5457    1.7472   -0.6358
   -2.7859    1.6484   -0.5050
   -3.0088    1.5060   -0.3835
   -3.2101    1.3224   -0.2735
   -3.3821    1.1047   -0.1794
   -3.5224    0.8552   -0.1025
   -3.6252    0.5832   -0.0461
   -3.6881    0.2956   -0.0116
   -3.7092    0.0000    0.0000
# Travel time at depth = 500.00 km.
   -0.3706    0.0000    0.0000
   -0.1453   -0.1288   -0.0002
   -0.4071   -0.3250   -0.0441
   -0.6689   -0.5212   -0.0902
   -0.7871   -0.5761   -0.1561
   -0.8398   -0.6687   -0.2260
   -0.8687   -0.7551   -0.3049
   -0.8740   -0.8302   -0.3990
   -0.8553   -0.8857   -0.5053
   -0.8155   -0.9152   -0.6209
   -0.7582   -0.9140   -0.7449
   -0.6909   -0.8781   -0.8703
   -0.6187   -0.8049   -0.9958
   -0.5491   -0.6938   -1.1162
   -0.4892   -0.5455   -1.2277
   -0.4458   -0.3616   -1.3264
   -0.4253   -0.1493   -1.4068
   -0.4566    0.2308   -1.5124
   -0.4959    0.4822   -1.5266
   -0.5695    0.7271   -1.5167
   -0.6772    0.9615   -1.4839
   -0.8212    1.1838   -1.4278
   -0.9942    1.3783   -1.3521
   -1.1945    1.5424   -1.2585
   -1.4165    1.6699   -1.1503
   -1.6571    1.7575   -1.0297
   -1.9102    1.8007   -0.9000
   -2.1593    1.7937   -0.7724
   -2.4099    1.7427   -0.6362
   -2.6498    1.6445   -0.5056
   -2.8728    1.5027   -0.3839
   -3.0744    1.3195   -0.2737
   -3.2463    1.1026   -0.1796
   -3.3868    0.8535   -0.1026
   -3.4897    0.5821   -0.0461
   -3.5526    0.2951   -0.0116
   -3.5737    0.0000    0.0000
# Travel time at depth = 700.00 km.
   -0.4886    0.0000    0.0000
   -0.0770   -0.0687   -0.0001
   -0.3686   -0.3365   -0.0512
   -0.6602   -0.6043   -0.1030
   -0.7219   -0.6842   -0.1632
   -0.7678   -0.7744   -0.2341
   -0.7892   -0.8548   -0.3170
   -0.7862   -0.9232   -0.4140
   -0.7599   -0.9712   -0.5219
   -0.7137   -0.9929   -0.6385
   -0.6511   -0.9846   -0.7629
   -0.5787   -0.9410   -0.8897
   -0.5031   -0.8605   -1.0149
   -0.4311   -0.7428   -1.1346
   -0.3696   -0.5887   -1.2447
   -0.3247   -0.3988   -1.3424
   -0.3034   -0.1807   -1.4217
   -0.3348    0.2141   -1.5192
   -0.3735    0.4620   -1.5322
   -0.4480    0.7119   -1.5215
   -0.5573    0.9504   -1.4875
   -0.7005    1.1719   -1.4312
   -0.8733    1.3671   -1.3553
   -1.0736    1.5323   -1.2615
   -1.2955    1.6609   -1.1531
   -1.5374    1.7499   -1.0315
   -1.7903    1.7941   -0.9018
   -2.0405    1.7896   -0.7731
   -2.2916    1.7387   -0.6366
   -2.5311    1.6412   -0.5062
   -2.7542    1.4999   -0.3844
   -2.9562    1.3170   -0.2740
   -3.1280    1.1008   -0.1799
   -3.2687    0.8521   -0.1027
   -3.3717    0.5811   -0.0462
   -3.4346    0.2946   -0.0116
   -3.4557    0.0000    0.0000
