# ak135 ellipticity correction table for phase: SKiKP   
  6   Number of depth samples at the following depths (km):
    0.00  100.00  200.00  300.00  500.00  700.00
 30   Number of distance samples at the following distances (deg):
    0.00    5.00   10.00   15.00   20.00   25.00   30.00   35.00   40.00   45.00
   50.00   55.00   60.00   65.00   70.00   75.00   80.00   85.00   90.00   95.00
  100.00  105.00  110.00  115.00  120.00  125.00  130.00  135.00  140.00  145.00
# Travel time at depth =   0.00 km.
   -2.9691    0.0000    0.0000
   -2.9551   -0.1731   -0.0083
   -2.9135   -0.3403   -0.0331
   -2.8457   -0.4962   -0.0736
   -2.7538   -0.6354   -0.1284
   -2.6407   -0.7533   -0.1959
   -2.5103   -0.8458   -0.2740
   -2.3665   -0.9097   -0.3603
   -2.2140   -0.9428   -0.4521
   -2.0578   -0.9435   -0.5465
   -1.9027   -0.9117   -0.6406
   -1.7539   -0.8481   -0.7316
   -1.6161   -0.7543   -0.8167
   -1.4938   -0.6327   -0.8932
   -1.3909   -0.4874   -0.9589
   -1.3110   -0.3224   -1.0117
   -1.2565   -0.1425   -1.0502
   -1.2296    0.0470   -1.0731
   -1.2313    0.2403   -1.0798
   -1.2618    0.4317   -1.0702
   -1.3205    0.6155   -1.0445
   -1.4059    0.7860   -1.0037
   -1.5158    0.9382   -0.9490
   -1.6469    1.0673   -0.8822
   -1.7956    1.1694   -0.8054
   -1.9577    1.2413   -0.7211
   -2.1285    1.2807   -0.6319
   -2.3028    1.2864   -0.5408
   -2.4759    1.2580   -0.4505
   -2.6421    1.1962   -0.3642
# Travel time at depth = 100.00 km.
   -2.8848    0.0000    0.0000
   -2.8707   -0.1733   -0.0083
   -2.8291   -0.3407   -0.0331
   -2.7613   -0.4967   -0.0736
   -2.6694   -0.6361   -0.1284
   -2.5564   -0.7541   -0.1960
   -2.4259   -0.8468   -0.2741
   -2.2821   -0.9109   -0.3604
   -2.1296   -0.9440   -0.4521
   -1.9733   -0.9449   -0.5465
   -1.8183   -0.9133   -0.6407
   -1.6694   -0.8498   -0.7317
   -1.5316   -0.7561   -0.8168
   -1.4093   -0.6349   -0.8934
   -1.3064   -0.4897   -0.9591
   -1.2264   -0.3248   -1.0119
   -1.1719   -0.1450   -1.0504
   -1.1450    0.0444   -1.0733
   -1.1467    0.2377   -1.0800
   -1.1772    0.4290   -1.0704
   -1.2359    0.6127   -1.0448
   -1.3213    0.7832   -1.0040
   -1.4311    0.9353   -0.9493
   -1.5622    1.0644   -0.8825
   -1.7109    1.1664   -0.8057
   -1.8731    1.2383   -0.7214
   -2.0438    1.2778   -0.6322
   -2.2183    1.2834   -0.5410
   -2.3912    1.2549   -0.4508
   -2.5575    1.1932   -0.3644
# Travel time at depth = 200.00 km.
   -2.8082    0.0000    0.0000
   -2.7942   -0.1735   -0.0084
   -2.7526   -0.3411   -0.0331
   -2.6847   -0.4973   -0.0736
   -2.5928   -0.6368   -0.1284
   -2.4798   -0.7550   -0.1960
   -2.3493   -0.8479   -0.2741
   -2.2054   -0.9121   -0.3604
   -2.0529   -0.9454   -0.4522
   -1.8966   -0.9465   -0.5466
   -1.7416   -0.9150   -0.6408
   -1.5927   -0.8516   -0.7319
   -1.4549   -0.7581   -0.8169
   -1.3325   -0.6370   -0.8935
   -1.2296   -0.4919   -0.9593
   -1.1496   -0.3271   -1.0121
   -1.0951   -0.1473   -1.0506
   -1.0681    0.0419   -1.0736
   -1.0698    0.2351   -1.0803
   -1.1003    0.4264   -1.0707
   -1.1590    0.6100   -1.0450
   -1.2444    0.7804   -1.0042
   -1.3542    0.9325   -0.9496
   -1.4853    1.0615   -0.8828
   -1.6341    1.1636   -0.8060
   -1.7961    1.2354   -0.7217
   -1.9669    1.2748   -0.6325
   -2.1412    1.2805   -0.5414
   -2.3143    1.2520   -0.4511
   -2.4805    1.1903   -0.3648
# Travel time at depth = 300.00 km.
   -2.7339    0.0000    0.0000
   -2.7199   -0.1737   -0.0084
   -2.6783   -0.3415   -0.0331
   -2.6105   -0.4978   -0.0736
   -2.5185   -0.6376   -0.1285
   -2.4055   -0.7560   -0.1960
   -2.2749   -0.8490   -0.2742
   -2.1311   -0.9134   -0.3605
   -1.9786   -0.9468   -0.4523
   -1.8222   -0.9480   -0.5467
   -1.6672   -0.9167   -0.6409
   -1.5183   -0.8534   -0.7320
   -1.3804   -0.7600   -0.8171
   -1.2580   -0.6391   -0.8937
   -1.1551   -0.4941   -0.9594
   -1.0750   -0.3294   -1.0124
   -1.0206   -0.1498   -1.0509
   -0.9936    0.0394   -1.0738
   -0.9952    0.2325   -1.0806
   -1.0257    0.4237   -1.0710
   -1.0844    0.6073   -1.0453
   -1.1698    0.7777   -1.0045
   -1.2795    0.9297   -0.9499
   -1.4106    1.0587   -0.8831
   -1.5594    1.1607   -0.8064
   -1.7215    1.2325   -0.7220
   -1.8922    1.2719   -0.6329
   -2.0666    1.2775   -0.5417
   -2.2395    1.2490   -0.4515
   -2.4060    1.1872   -0.3650
# Travel time at depth = 500.00 km.
   -2.5985    0.0000    0.0000
   -2.5844   -0.1740   -0.0084
   -2.5428   -0.3421   -0.0332
   -2.4749   -0.4989   -0.0736
   -2.3830   -0.6390   -0.1285
   -2.2699   -0.7577   -0.1961
   -2.1393   -0.8510   -0.2743
   -1.9954   -0.9157   -0.3606
   -1.8428   -0.9495   -0.4525
   -1.6865   -0.9510   -0.5470
   -1.5313   -0.9199   -0.6412
   -1.3824   -0.8569   -0.7323
   -1.2445   -0.7638   -0.8175
   -1.1220   -0.6430   -0.8941
   -1.0191   -0.4983   -0.9599
   -0.9390   -0.3338   -1.0128
   -0.8844   -0.1543   -1.0514
   -0.8574    0.0347   -1.0744
   -0.8590    0.2277   -1.0812
   -0.8894    0.4187   -1.0716
   -0.9481    0.6022   -1.0460
   -1.0334    0.7724   -1.0052
   -1.1432    0.9244   -0.9506
   -1.2743    1.0533   -0.8839
   -1.4231    1.1553   -0.8071
   -1.5851    1.2270   -0.7228
   -1.7559    1.2664   -0.6336
   -1.9302    1.2719   -0.5425
   -2.1033    1.2434   -0.4522
   -2.2696    1.1816   -0.3659
# Travel time at depth = 700.00 km.
   -2.4805    0.0000    0.0000
   -2.4665   -0.1743   -0.0084
   -2.4248   -0.3428   -0.0332
   -2.3569   -0.4998   -0.0737
   -2.2649   -0.6402   -0.1286
   -2.1518   -0.7593   -0.1962
   -2.0212   -0.8529   -0.2744
   -1.8772   -0.9179   -0.3608
   -1.7246   -0.9519   -0.4527
   -1.5682   -0.9536   -0.5472
   -1.4130   -0.9228   -0.6415
   -1.2640   -0.8600   -0.7327
   -1.1260   -0.7671   -0.8179
   -1.0035   -0.6466   -0.8946
   -0.9004   -0.5020   -0.9604
   -0.8203   -0.3376   -1.0134
   -0.7657   -0.1583   -1.0520
   -0.7386    0.0306   -1.0750
   -0.7402    0.2234   -1.0819
   -0.7706    0.4144   -1.0723
   -0.8292    0.5977   -1.0468
   -0.9145    0.7679   -1.0060
   -1.0243    0.9198   -0.9514
   -1.1553    1.0486   -0.8847
   -1.3041    1.1505   -0.8080
   -1.4661    1.2223   -0.7237
   -1.6369    1.2616   -0.6345
   -1.8113    1.2671   -0.5434
   -1.9842    1.2386   -0.4531
   -2.1508    1.1767   -0.3666
#@(#)        ec_ak135.SKiKP     2.2     06 Jun 1996
