# ak135 ellipticity correction table for phase: SKPdf   
  6   Number of depth samples at the following depths (km):
    0.00  100.00  200.00  300.00  500.00  700.00
 15   Number of distance samples at the following distances (deg):
  110.00  115.00  120.00  125.00  130.00  135.00  140.00  145.00  150.00  155.00
  160.00  165.00  170.00  175.00  180.00
# Travel time at depth =   0.00 km.
   -1.5179    0.9422   -0.9445
   -1.6477    1.0673   -0.8819
   -1.7975    1.1688   -0.8045
   -1.9605    1.2394   -0.7195
   -2.1318    1.2769   -0.6297
   -2.3075    1.2800   -0.5372
   -2.4825    1.2482   -0.4451
   -2.6538    1.1814   -0.3549
   -2.8121    1.0835   -0.2714
   -2.9585    0.9532   -0.1942
   -3.0849    0.7966   -0.1273
   -3.1871    0.6184   -0.0731
   -3.2627    0.4223   -0.0329
   -3.3090    0.2143   -0.0083
   -3.3246    0.0000    0.0000
# Travel time at depth = 100.00 km.
   -1.4326    0.9381   -0.9461
   -1.5631    1.0645   -0.8821
   -1.7129    1.1660   -0.8048
   -1.8758    1.2366   -0.7198
   -2.0472    1.2741   -0.6299
   -2.2230    1.2772   -0.5374
   -2.3979    1.2456   -0.4453
   -2.5694    1.1789   -0.3550
   -2.7281    1.0809   -0.2714
   -2.8741    0.9516   -0.1943
   -3.0005    0.7953   -0.1273
   -3.1027    0.6174   -0.0731
   -3.1783    0.4216   -0.0330
   -3.2246    0.2140   -0.0083
   -3.2403    0.0000    0.0000
# Travel time at depth = 200.00 km.
   -1.3559    0.9345   -0.9487
   -1.4863    1.0617   -0.8824
   -1.6359    1.1632   -0.8051
   -1.7989    1.2338   -0.7201
   -1.9703    1.2714   -0.6302
   -2.1461    1.2746   -0.5377
   -2.3211    1.2430   -0.4455
   -2.4928    1.1765   -0.3551
   -2.6515    1.0787   -0.2714
   -2.7974    0.9498   -0.1944
   -2.9239    0.7938   -0.1274
   -3.0261    0.6163   -0.0732
   -3.1017    0.4209   -0.0330
   -3.1481    0.2136   -0.0083
   -3.1637    0.0000    0.0000
# Travel time at depth = 300.00 km.
   -1.2816    0.9330   -0.9462
   -1.4116    1.0589   -0.8827
   -1.5613    1.1604   -0.8054
   -1.7243    1.2311   -0.7204
   -1.8957    1.2686   -0.6305
   -2.0715    1.2719   -0.5380
   -2.2466    1.2405   -0.4458
   -2.4185    1.1740   -0.3552
   -2.5772    1.0766   -0.2715
   -2.7230    0.9481   -0.1945
   -2.8496    0.7924   -0.1275
   -2.9518    0.6152   -0.0732
   -3.0275    0.4202   -0.0330
   -3.0738    0.2132   -0.0083
   -3.0894    0.0000    0.0000
# Travel time at depth = 500.00 km.
   -1.1431    0.9243   -0.9506
   -1.2754    1.0537   -0.8834
   -1.4250    1.1551   -0.8061
   -1.5880    1.2259   -0.7211
   -1.7595    1.2635   -0.6311
   -1.9354    1.2669   -0.5386
   -2.1105    1.2357   -0.4463
   -2.2830    1.1695   -0.3554
   -2.4416    1.0726   -0.2718
   -2.5872    0.9448   -0.1948
   -2.7140    0.7897   -0.1276
   -2.8163    0.6132   -0.0733
   -2.8919    0.4188   -0.0330
   -2.9383    0.2126   -0.0083
   -2.9540    0.0000    0.0000
# Travel time at depth = 700.00 km.
   -1.0244    0.9199   -0.9514
   -1.1564    1.0491   -0.8842
   -1.3062    1.1506   -0.8069
   -1.4691    1.2214   -0.7219
   -1.6406    1.2591   -0.6319
   -1.8166    1.2626   -0.5393
   -1.9919    1.2317   -0.4469
   -2.1638    1.1660   -0.3563
   -2.3233    1.0692   -0.2721
   -2.4689    0.9420   -0.1951
   -2.5959    0.7873   -0.1278
   -2.6982    0.6115   -0.0734
   -2.7739    0.4177   -0.0331
   -2.8203    0.2120   -0.0084
   -2.8360    0.0000    0.0000
#@(#)        ec_ak135.SKPdf     2.2     06 Jun 1996
