# ak135 ellipticity correction table for phase: SKKSac  
  6   Number of depth samples at the following depths (km):
    0.00  100.00  200.00  300.00  500.00  700.00
 43   Number of distance samples at the following distances (deg):
   65.00   70.00   75.00   80.00   85.00   90.00   95.00  100.00  105.00  110.00
  115.00  120.00  125.00  130.00  135.00  140.00  145.00  150.00  155.00  160.00
  165.00  170.00  175.00  180.00  185.00  190.00  195.00  200.00  205.00  210.00
  215.00  220.00  225.00  230.00  235.00  240.00  245.00  250.00  255.00  260.00
  265.00  270.00  275.00
# Travel time at depth =   0.00 km.
   -1.0118   -0.5570   -1.2329
   -0.9204   -0.3724   -1.3233
   -0.8585   -0.1689   -1.3966
   -0.8285    0.0473   -1.4517
   -0.8316    0.2681   -1.4873
   -0.8693    0.4908   -1.5034
   -0.9388    0.7060   -1.5027
   -1.0430    0.9115   -1.4821
   -1.1714    1.0900   -1.4457
   -1.3279    1.2476   -1.3930
   -1.5061    1.3754   -1.3268
   -1.7009    1.4695   -1.2503
   -1.9071    1.5268   -1.1661
   -2.1201    1.5449   -1.0772
   -2.3321    1.5237   -0.9878
   -2.5372    1.4634   -0.9013
   -2.7292    1.3660   -0.8213
   -2.9025    1.2350   -0.7511
   -3.0527    1.0741   -0.6932
   -3.1788    0.8827   -0.6490
   -3.2715    0.6733   -0.6229
   -3.3291    0.4528   -0.6158
   -3.3509    0.2291   -0.6283
   -3.3360    0.0112   -0.6621
   -3.2846    0.5178   -0.7156
   -3.1994    0.9358   -0.7876
   -3.0834    1.3087   -0.8764
   -2.9394    1.6228   -0.9807
   -2.7679    1.8983   -1.1006
   -2.5811    2.1216   -1.2283
   -2.3844    2.2938   -1.3608
   -2.1779    2.4169   -1.4986
   -1.9757    2.4841   -1.6329
   -1.7832    2.4972   -1.7609
   -1.6026    2.4557   -1.8816
   -1.4476    2.3637   -1.9865
   -1.3187    2.2217   -2.0759
   -1.2262    2.0417   -2.1431
   -1.1690    1.8196   -2.1896
   -1.1546    1.5643   -2.2105
   -1.1834    1.2902   -2.2058
   -1.2563    1.0025   -2.1748
   -1.3745    0.7039   -2.1176
# Travel time at depth = 100.00 km.
   -0.9252   -0.5719   -1.2356
   -0.8339   -0.3872   -1.3260
   -0.7720   -0.1837   -1.3993
   -0.7421    0.0324   -1.4543
   -0.7451    0.2528   -1.4899
   -0.7831    0.4761   -1.5058
   -0.8534    0.6939   -1.5052
   -0.9563    0.8965   -1.4848
   -1.0833    1.0734   -1.4487
   -1.2418    1.2343   -1.3954
   -1.4200    1.3623   -1.3291
   -1.6148    1.4568   -1.2525
   -1.8183    1.5133   -1.1693
   -2.0350    1.5328   -1.0788
   -2.2465    1.5119   -0.9896
   -2.4513    1.4520   -0.9032
   -2.6431    1.3551   -0.8232
   -2.8163    1.2246   -0.7529
   -2.9665    1.0642   -0.6950
   -3.0935    0.8718   -0.6504
   -3.1857    0.6635   -0.6243
   -3.2434    0.4434   -0.6172
   -3.2652    0.2202   -0.6297
   -3.2501    0.0059   -0.6637
   -3.1988    0.5092   -0.7170
   -3.1137    0.9267   -0.7888
   -2.9978    1.2998   -0.8776
   -2.8527    1.6166   -0.9826
   -2.6820    1.8907   -1.1020
   -2.4954    2.1141   -1.2294
   -2.2988    2.2866   -1.3618
   -2.0920    2.4103   -1.4998
   -1.8898    2.4780   -1.6341
   -1.6960    2.4913   -1.7629
   -1.5166    2.4503   -1.8828
   -1.3618    2.3587   -1.9876
   -1.2328    2.2171   -2.0770
   -1.1404    2.0374   -2.1442
   -1.0841    1.8185   -2.1899
   -1.0688    1.5608   -2.2115
   -1.0976    1.2872   -2.2067
   -1.1706    0.9996   -2.1758
   -1.2888    0.7013   -2.1185
# Travel time at depth = 200.00 km.
   -0.8464   -0.5865   -1.2385
   -0.7551   -0.4019   -1.3289
   -0.6932   -0.1983   -1.4022
   -0.6632    0.0181   -1.4572
   -0.6662    0.2379   -1.4927
   -0.7047    0.4617   -1.5085
   -0.7743    0.6777   -1.5079
   -0.8771    0.8820   -1.4877
   -1.0055    1.0610   -1.4511
   -1.1618    1.2192   -1.3983
   -1.3416    1.3497   -1.3316
   -1.5327    1.4424   -1.2562
   -1.7424    1.5019   -1.1705
   -1.9573    1.5212   -1.0807
   -2.1684    1.5005   -0.9916
   -2.3729    1.4411   -0.9052
   -2.5646    1.3447   -0.8253
   -2.7377    1.2146   -0.7550
   -2.8879    1.0548   -0.6969
   -3.0158    0.8614   -0.6519
   -3.1077    0.6540   -0.6260
   -3.1652    0.4346   -0.6188
   -3.1871    0.2117   -0.6311
   -3.1723    0.0038   -0.6646
   -3.1207    0.5006   -0.7184
   -3.0361    0.9179   -0.7899
   -2.9199    1.2910   -0.8788
   -2.7739    1.6099   -0.9845
   -2.6037    1.8833   -1.1034
   -2.4174    2.1067   -1.2307
   -2.2197    2.2805   -1.3637
   -2.0137    2.4040   -1.5011
   -1.8116    2.4720   -1.6354
   -1.6168    2.4856   -1.7648
   -1.4383    2.4452   -1.8841
   -1.2836    2.3541   -1.9888
   -1.1545    2.2128   -2.0782
   -1.0622    2.0336   -2.1453
   -1.0057    1.8136   -2.1912
   -0.9906    1.5575   -2.2126
   -1.0193    1.2844   -2.2079
   -1.0940    0.9909   -2.1762
   -1.2107    0.6987   -2.1194
# Travel time at depth = 300.00 km.
   -0.7698   -0.6013   -1.2415
   -0.6785   -0.4165   -1.3319
   -0.6167   -0.2130   -1.4052
   -0.5867    0.0035   -1.4602
   -0.5897    0.2228   -1.4957
   -0.6287    0.4471   -1.5112
   -0.6981    0.6635   -1.5107
   -0.8003    0.8671   -1.4907
   -0.9298    1.0481   -1.4537
   -1.0871    1.2074   -1.4004
   -1.2639    1.3354   -1.3346
   -1.4594    1.4310   -1.2575
   -1.6678    1.4899   -1.1722
   -1.8816    1.5093   -1.0828
   -2.0929    1.4889   -0.9935
   -2.2966    1.4300   -0.9074
   -2.4882    1.3349   -0.8274
   -2.6613    1.2046   -0.7571
   -2.8138    1.0424   -0.6980
   -2.9402    0.8511   -0.6536
   -3.0319    0.6445   -0.6276
   -3.0894    0.4256   -0.6204
   -3.1114    0.2032   -0.6327
   -3.0965   -0.0034   -0.6662
   -3.0449    0.4918   -0.7199
   -2.9601    0.9085   -0.7915
   -2.8443    1.2820   -0.8801
   -2.6976    1.6026   -0.9862
   -2.5278    1.8757   -1.1048
   -2.3416    2.0993   -1.2319
   -2.1419    2.2750   -1.3663
   -1.9377    2.3975   -1.5025
   -1.7356    2.4661   -1.6367
   -1.5401    2.4800   -1.7666
   -1.3622    2.4400   -1.8854
   -1.2076    2.3494   -1.9900
   -1.0784    2.2084   -2.0795
   -0.9862    2.0299   -2.1465
   -0.9296    1.8090   -2.1925
   -0.9147    1.5542   -2.2138
   -0.9434    1.2814   -2.2089
   -1.0179    0.9886   -2.1773
   -1.1349    0.6961   -2.1205
# Travel time at depth = 500.00 km.
   -0.6296   -0.6304   -1.2481
   -0.5382   -0.4456   -1.3385
   -0.4765   -0.2420   -1.4118
   -0.4465   -0.0250   -1.4669
   -0.4495    0.1938   -1.5022
   -0.4900    0.4183   -1.5168
   -0.5585    0.6355   -1.5170
   -0.6593    0.8378   -1.4974
   -0.7908    1.0223   -1.4596
   -0.9490    1.1828   -1.4057
   -1.1264    1.3114   -1.3394
   -1.3224    1.4074   -1.2619
   -1.5300    1.4664   -1.1767
   -1.7422    1.4862   -1.0878
   -1.9528    1.4666   -0.9987
   -2.1566    1.4086   -0.9124
   -2.3481    1.3136   -0.8323
   -2.5250    1.1823   -0.7602
   -2.6776    1.0193   -0.7010
   -2.8016    0.8314   -0.6573
   -2.8929    0.6262   -0.6313
   -2.9505    0.4084   -0.6240
   -2.9727    0.1837   -0.6362
   -2.9577   -0.0205   -0.6696
   -2.9062    0.4736   -0.7232
   -2.8216    0.8899   -0.7944
   -2.7059    1.2639   -0.8829
   -2.5581    1.5878   -0.9897
   -2.3886    1.8605   -1.1079
   -2.2029    2.0845   -1.2347
   -2.0010    2.2627   -1.3704
   -1.7984    2.3849   -1.5055
   -1.5962    2.4544   -1.6397
   -1.3999    2.4691   -1.7701
   -1.2227    2.4301   -1.8884
   -1.0683    2.3406   -1.9927
   -0.9390    2.2003   -2.0823
   -0.8469    2.0227   -2.1491
   -0.7899    1.8008   -2.1954
   -0.7754    1.5484   -2.2163
   -0.8041    1.2764   -2.2115
   -0.8784    0.9848   -2.1799
   -0.9960    0.6914   -2.1228
# Travel time at depth = 700.00 km.
   -0.5063   -0.6582   -1.2558
   -0.4150   -0.4734   -1.3462
   -0.3533   -0.2699   -1.4194
   -0.3233   -0.0525   -1.4745
   -0.3264    0.1676   -1.5099
   -0.3618    0.3930   -1.5281
   -0.4356    0.6091   -1.5246
   -0.5353    0.8096   -1.5050
   -0.6682    0.9970   -1.4666
   -0.8268    1.1583   -1.4124
   -1.0045    1.2876   -1.3457
   -1.2007    1.3843   -1.2679
   -1.4081    1.4438   -1.1826
   -1.6189    1.4642   -1.0941
   -1.8293    1.4456   -1.0048
   -2.0329    1.3885   -0.9183
   -2.2286    1.2925   -0.8363
   -2.4040    1.1616   -0.7645
   -2.5568    0.9993   -0.7052
   -2.6797    0.8134   -0.6618
   -2.7709    0.6094   -0.6357
   -2.8285    0.3926   -0.6281
   -2.8512    0.1618   -0.6406
   -2.8357   -0.0450   -0.6741
   -2.7846    0.4549   -0.7268
   -2.7002    0.8712   -0.7978
   -2.5814    1.2545   -0.8884
   -2.4358    1.5727   -0.9935
   -2.2666    1.8457   -1.1115
   -2.0813    2.0700   -1.2379
   -1.8777    2.2504   -1.3746
   -1.6756    2.3731   -1.5092
   -1.4738    2.4434   -1.6431
   -1.2767    2.4590   -1.7739
   -1.1000    2.4209   -1.8918
   -0.9448    2.3317   -1.9967
   -0.8163    2.1930   -2.0856
   -0.7245    2.0167   -2.1523
   -0.6672    1.7939   -2.1987
   -0.6528    1.5439   -2.2194
   -0.6816    1.2725   -2.2145
   -0.7556    0.9823   -2.1830
   -0.8738    0.6878   -2.1255
#@(#)        ec_ak135.SKKSac     2.2     06 Jun 1996
