# ak135 ellipticity correction table for phase: Sdiff 
  6   Number of depth samples at the following depths (km):
    0.00  100.00  200.00  300.00  500.00  700.00
 11   Number of distance samples at the following distances (deg):
  100.00  105.00  110.00  115.00  120.00  125.00  130.00  135.00  140.00  145.00
  150.00
# Travel time at depth =   0.00 km.
   -1.0405    0.9019   -1.4803
   -1.1674    1.1440   -1.4070
   -1.3288    1.3569   -1.3138
   -1.5197    1.5342   -1.2036
   -1.7344    1.6705   -1.0796
   -1.9664    1.7618   -0.9457
   -2.2085    1.8051   -0.8059
   -2.4535    1.7992   -0.6645
   -2.6939    1.7443   -0.5257
   -2.9224    1.6420   -0.3938
   -3.1320    1.4955   -0.2728
# Travel time at depth = 100.00 km.
   -0.9529    0.8860   -1.4807
   -1.0798    1.1280   -1.4074
   -1.2412    1.3409   -1.3143
   -1.4321    1.5182   -1.2040
   -1.6468    1.6546   -1.0801
   -1.8788    1.7458   -0.9462
   -2.1209    1.7891   -0.8064
   -2.3659    1.7832   -0.6649
   -2.6063    1.7283   -0.5261
   -2.8348    1.6260   -0.3942
   -3.0444    1.4795   -0.2732
# Travel time at depth = 200.00 km.
   -0.8765    0.8823   -1.4816
   -1.0034    1.1244   -1.4084
   -1.1648    1.3373   -1.3152
   -1.3557    1.5146   -1.2049
   -1.5704    1.6509   -1.0810
   -1.8024    1.7422   -0.9471
   -2.0445    1.7855   -0.8073
   -2.2895    1.7796   -0.6658
   -2.5299    1.7247   -0.5271
   -2.7584    1.6224   -0.3952
   -2.9680    1.4759   -0.2741
# Travel time at depth = 300.00 km.
   -0.7963    0.8596   -1.4817
   -0.9232    1.1016   -1.4085
   -1.0845    1.3145   -1.3153
   -1.2755    1.4918   -1.2051
   -1.4902    1.6282   -1.0811
   -1.7221    1.7194   -0.9472
   -1.9643    1.7627   -0.8074
   -2.2093    1.7568   -0.6659
   -2.4497    1.7019   -0.5272
   -2.6781    1.5996   -0.3953
   -2.8878    1.4531   -0.2742
# Travel time at depth = 500.00 km.
   -0.6515    0.8235   -1.4826
   -0.7784    1.0655   -1.4094
   -0.9398    1.2784   -1.3162
   -1.1307    1.4557   -1.2060
   -1.3454    1.5921   -1.0820
   -1.5774    1.6833   -0.9481
   -1.8195    1.7266   -0.8083
   -2.0645    1.7207   -0.6668
   -2.3049    1.6658   -0.5281
   -2.5334    1.5636   -0.3962
   -2.7430    1.4170   -0.2751
# Travel time at depth = 700.00 km.
   -0.5277    0.8083   -1.4842
   -0.6546    1.0504   -1.4109
   -0.8160    1.2633   -1.3178
   -1.0069    1.4406   -1.2075
   -1.2217    1.5770   -1.0836
   -1.4536    1.6682   -0.9496
   -1.6958    1.7115   -0.8098
   -1.9407    1.7056   -0.6684
   -2.1811    1.6507   -0.5296
   -2.4096    1.5484   -0.3977
   -2.6192    1.4019   -0.2767
