# ak135 ellipticity correction table for phase: PKKSdf  
  6   Number of depth samples at the following depths (km):
    0.00  100.00  200.00  300.00  500.00  700.00
 32   Number of distance samples at the following distances (deg):
  205.00  210.00  215.00  220.00  225.00  230.00  235.00  240.00  245.00  250.00
  255.00  260.00  265.00  270.00  275.00  280.00  285.00  290.00  295.00  300.00
  305.00  310.00  315.00  320.00  325.00  330.00  335.00  340.00  345.00  350.00
  355.00  360.00
# Travel time at depth =   0.00 km.
   -2.1742    1.8676   -1.1584
   -2.0006    2.1059   -1.2689
   -1.8082    2.2979   -1.3891
   -1.6096    2.4341   -1.5129
   -1.4117    2.5124   -1.6362
   -1.2216    2.5320   -1.7550
   -1.0465    2.4820   -1.8652
   -0.8929    2.3745   -1.9628
   -0.7670    2.2184   -2.0445
   -0.6740    2.0196   -2.1070
   -0.6174    1.7816   -2.1486
   -0.6016    1.5166   -2.1665
   -0.6282    1.2302   -2.1597
   -0.6981    0.9323   -2.1279
   -0.8108    0.6312   -2.0710
   -0.9637    0.3369   -1.9907
   -1.1582    0.0513   -1.8862
   -1.3845   -0.2097   -1.7628
   -1.6410   -0.4438   -1.6215
   -1.9210   -0.6443   -1.4663
   -2.2174   -0.8063   -1.3012
   -2.5222   -0.9262   -1.1307
   -2.8348   -1.0037   -0.9554
   -3.1365   -1.0348   -0.7857
   -3.4252   -1.0221   -0.6230
   -3.6929   -0.9669   -0.4719
   -3.9344   -0.8716   -0.3354
   -4.1398   -0.7423   -0.2193
   -4.3054   -0.5841   -0.1256
   -4.4278   -0.4018   -0.0563
   -4.5021   -0.2050   -0.0142
   -4.5272    0.0000    0.0000
# Travel time at depth = 100.00 km.
   -2.1301    1.8587   -1.1573
   -1.9510    2.1024   -1.2699
   -1.7586    2.2944   -1.3900
   -1.5602    2.4305   -1.5136
   -1.3620    2.5090   -1.6372
   -1.1719    2.5288   -1.7560
   -0.9965    2.4789   -1.8663
   -0.8430    2.3716   -1.9639
   -0.7170    2.2157   -2.0456
   -0.6240    2.0173   -2.1081
   -0.5673    1.7793   -2.1498
   -0.5516    1.5146   -2.1676
   -0.5782    1.2284   -2.1609
   -0.6481    0.9308   -2.1290
   -0.7609    0.6297   -2.0720
   -0.9139    0.3358   -1.9917
   -1.1084    0.0503   -1.8871
   -1.3349   -0.2104   -1.7636
   -1.5915   -0.4443   -1.6223
   -1.8716   -0.6446   -1.4670
   -2.1681   -0.8065   -1.3019
   -2.4729   -0.9264   -1.1313
   -2.7858   -1.0038   -0.9558
   -3.0876   -1.0350   -0.7860
   -3.3764   -1.0220   -0.6233
   -3.6445   -0.9667   -0.4720
   -3.8859   -0.8715   -0.3356
   -4.0914   -0.7422   -0.2194
   -4.2570   -0.5840   -0.1257
   -4.3795   -0.4018   -0.0563
   -4.4538   -0.2050   -0.0142
   -4.4789    0.0000    0.0000
# Travel time at depth = 200.00 km.
   -2.0805    1.8612   -1.1603
   -1.9064    2.1000   -1.2713
   -1.7146    2.2911   -1.3911
   -1.5163    2.4273   -1.5147
   -1.3179    2.5059   -1.6383
   -1.1276    2.5258   -1.7573
   -0.9523    2.4761   -1.8675
   -0.7986    2.3690   -1.9652
   -0.6727    2.2134   -2.0469
   -0.5798    2.0154   -2.1094
   -0.5230    1.7775   -2.1511
   -0.5072    1.5130   -2.1689
   -0.5339    1.2270   -2.1621
   -0.6038    0.9297   -2.1302
   -0.7168    0.6285   -2.0732
   -0.8697    0.3352   -1.9929
   -1.0644    0.0498   -1.8882
   -1.2909   -0.2106   -1.7646
   -1.5477   -0.4444   -1.6232
   -1.8279   -0.6447   -1.4679
   -2.1245   -0.8065   -1.3026
   -2.4294   -0.9262   -1.1320
   -2.7426   -1.0037   -0.9563
   -3.0446   -1.0348   -0.7865
   -3.3335   -1.0218   -0.6236
   -3.6019   -0.9664   -0.4722
   -3.8432   -0.8713   -0.3358
   -4.0488   -0.7421   -0.2195
   -4.2145   -0.5840   -0.1257
   -4.3371   -0.4017   -0.0563
   -4.4114   -0.2049   -0.0142
   -4.4365    0.0000    0.0000
# Travel time at depth = 300.00 km.
   -2.0451    1.8512   -1.1590
   -1.8657    2.0953   -1.2717
   -1.6731    2.2875   -1.3920
   -1.4742    2.4241   -1.5159
   -1.2756    2.5030   -1.6396
   -1.0853    2.5229   -1.7585
   -0.9100    2.4734   -1.8688
   -0.7563    2.3665   -1.9666
   -0.6303    2.2111   -2.0482
   -0.5373    2.0136   -2.1107
   -0.4805    1.7757   -2.1525
   -0.4647    1.5116   -2.1703
   -0.4914    1.2258   -2.1635
   -0.5613    0.9289   -2.1315
   -0.6746    0.6275   -2.0744
   -0.8274    0.3346   -1.9941
   -1.0222    0.0496   -1.8893
   -1.2489   -0.2108   -1.7657
   -1.5058   -0.4444   -1.6242
   -1.7861   -0.6445   -1.4688
   -2.0829   -0.8063   -1.3034
   -2.3878   -0.9259   -1.1328
   -2.7013   -1.0034   -0.9569
   -3.0035   -1.0345   -0.7869
   -3.2925   -1.0215   -0.6240
   -3.5613   -0.9661   -0.4723
   -3.8026   -0.8711   -0.3359
   -4.0082   -0.7419   -0.2196
   -4.1740   -0.5838   -0.1258
   -4.2966   -0.4015   -0.0563
   -4.3710   -0.2049   -0.0142
   -4.3961    0.0000    0.0000
# Travel time at depth = 500.00 km.
   -1.9665    1.8479   -1.1625
   -1.7889    2.0887   -1.2740
   -1.5958    2.2813   -1.3946
   -1.3969    2.4180   -1.5185
   -1.1982    2.4971   -1.6423
   -1.0078    2.5175   -1.7613
   -0.8321    2.4683   -1.8718
   -0.6782    2.3620   -1.9696
   -0.5521    2.2071   -2.0513
   -0.4593    2.0106   -2.1138
   -0.4022    1.7728   -2.1556
   -0.3864    1.5094   -2.1734
   -0.4132    1.2240   -2.1666
   -0.4832    0.9278   -2.1346
   -0.5970    0.6262   -2.0771
   -0.7497    0.3345   -1.9969
   -0.9447    0.0499   -1.8919
   -1.1717   -0.2102   -1.7681
   -1.4289   -0.4436   -1.6264
   -1.7095   -0.6435   -1.4708
   -2.0066   -0.8051   -1.3052
   -2.3140   -0.9254   -1.1332
   -2.6258   -1.0022   -0.9582
   -2.9284   -1.0334   -0.7879
   -3.2178   -1.0205   -0.6248
   -3.4872   -0.9650   -0.4727
   -3.7285   -0.8702   -0.3364
   -3.9343   -0.7412   -0.2199
   -4.1006   -0.5829   -0.1258
   -4.2231   -0.4012   -0.0564
   -4.2975   -0.2047   -0.0142
   -4.3226    0.0000    0.0000
# Travel time at depth = 700.00 km.
   -1.9012    1.8368   -1.1631
   -1.7207    2.0819   -1.2765
   -1.5274    2.2748   -1.3972
   -1.3278    2.4122   -1.5215
   -1.1288    2.4918   -1.6455
   -0.9380    2.5126   -1.7647
   -0.7622    2.4638   -1.8752
   -0.6081    2.3581   -1.9732
   -0.4818    2.2038   -2.0550
   -0.3885    2.0066   -2.1178
   -0.3317    1.7708   -2.1594
   -0.3160    1.5081   -2.1772
   -0.3428    1.2233   -2.1702
   -0.4129    0.9280   -2.1382
   -0.5274    0.6256   -2.0803
   -0.6797    0.3358   -2.0002
   -0.8751    0.0515   -1.8951
   -1.1024   -0.2084   -1.7710
   -1.3600   -0.4415   -1.6290
   -1.6410   -0.6413   -1.4732
   -1.9385   -0.8028   -1.3073
   -2.2479   -0.9237   -1.1341
   -2.5587   -1.0001   -0.9597
   -2.8618   -1.0314   -0.7891
   -3.1514   -1.0186   -0.6258
   -3.4216   -0.9633   -0.4733
   -3.6629   -0.8688   -0.3368
   -3.8690   -0.7400   -0.2202
   -4.0356   -0.5818   -0.1259
   -4.1582   -0.4005   -0.0565
   -4.2327   -0.2043   -0.0142
   -4.2579    0.0000    0.0000
#@(#)        ec_ak135.PKKSdf     2.2     06 Jun 1996
