# ak135 ellipticity correction table for phase: PKiKP   
  6   Number of depth samples at the following depths (km):
    0.00  100.00  200.00  300.00  500.00  700.00
 32   Number of distance samples at the following distances (deg):
    0.00    5.00   10.00   15.00   20.00   25.00   30.00   35.00   40.00   45.00
   50.00   55.00   60.00   65.00   70.00   75.00   80.00   85.00   90.00   95.00
  100.00  105.00  110.00  115.00  120.00  125.00  130.00  135.00  140.00  145.00
  150.00  155.00
# Travel time at depth =   0.00 km.
   -2.3493    0.0000    0.0000
   -2.3354   -0.1766   -0.0083
   -2.2939   -0.3475   -0.0329
   -2.2264   -0.5070   -0.0731
   -2.1348   -0.6498   -0.1277
   -2.0222   -0.7714   -0.1948
   -1.8922   -0.8677   -0.2724
   -1.7490   -0.9354   -0.3582
   -1.5971   -0.9721   -0.4494
   -1.4414   -0.9767   -0.5432
   -1.2869   -0.9489   -0.6368
   -1.1386   -0.8892   -0.7272
   -1.0014   -0.7994   -0.8116
   -0.8795   -0.6820   -0.8875
   -0.7771   -0.5405   -0.9526
   -0.6975   -0.3792   -1.0049
   -0.6434   -0.2029   -1.0429
   -0.6168   -0.0171   -1.0653
   -0.6187    0.1727   -1.0715
   -0.6493    0.3607   -1.0615
   -0.7081    0.5412   -1.0355
   -0.7935    0.7088   -0.9944
   -0.9032    0.8582   -0.9394
   -1.0342    0.9847   -0.8725
   -1.1827    1.0845   -0.7956
   -1.3445    1.1544   -0.7113
   -1.5149    1.1922   -0.6221
   -1.6889    1.1965   -0.5310
   -1.8615    1.1670   -0.4408
   -2.0274    1.1046   -0.3546
   -2.1820    1.0108   -0.2750
   -2.3199    0.8891   -0.2051
# Travel time at depth = 100.00 km.
   -2.3010    0.0000    0.0000
   -2.2871   -0.1768   -0.0083
   -2.2456   -0.3477   -0.0329
   -2.1780   -0.5073   -0.0732
   -2.0865   -0.6503   -0.1277
   -1.9739   -0.7720   -0.1948
   -1.8439   -0.8684   -0.2725
   -1.7006   -0.9362   -0.3583
   -1.5486   -0.9732   -0.4495
   -1.3929   -0.9780   -0.5433
   -1.2384   -0.9502   -0.6369
   -1.0902   -0.8906   -0.7273
   -0.9529   -0.8009   -0.8118
   -0.8310   -0.6835   -0.8877
   -0.7286   -0.5422   -0.9528
   -0.6489   -0.3810   -1.0052
   -0.5948   -0.2049   -1.0431
   -0.5682   -0.0191   -1.0655
   -0.5701    0.1706   -1.0718
   -0.6007    0.3586   -1.0617
   -0.6595    0.5391   -1.0358
   -0.7449    0.7066   -0.9947
   -0.8546    0.8559   -0.9398
   -0.9856    0.9824   -0.8728
   -1.1341    1.0822   -0.7960
   -1.2959    1.1521   -0.7116
   -1.4662    1.1898   -0.6225
   -1.6403    1.1941   -0.5313
   -1.8128    1.1647   -0.4412
   -1.9789    1.1022   -0.3549
   -2.1334    1.0085   -0.2754
   -2.2716    0.8866   -0.2053
# Travel time at depth = 200.00 km.
   -2.2586    0.0000    0.0000
   -2.2447   -0.1769   -0.0083
   -2.2032   -0.3480   -0.0329
   -2.1356   -0.5077   -0.0732
   -2.0441   -0.6509   -0.1277
   -1.9314   -0.7727   -0.1949
   -1.8014   -0.8692   -0.2725
   -1.6581   -0.9371   -0.3583
   -1.5061   -0.9742   -0.4496
   -1.3504   -0.9791   -0.5434
   -1.1959   -0.9514   -0.6370
   -1.0476   -0.8919   -0.7275
   -0.9103   -0.8022   -0.8120
   -0.7884   -0.6850   -0.8879
   -0.6859   -0.5437   -0.9531
   -0.6063   -0.3826   -1.0054
   -0.5522   -0.2065   -1.0434
   -0.5255   -0.0208   -1.0658
   -0.5274    0.1689   -1.0721
   -0.5580    0.3568   -1.0621
   -0.6168    0.5373   -1.0361
   -0.7022    0.7048   -0.9950
   -0.8119    0.8541   -0.9401
   -0.9428    0.9806   -0.8732
   -1.0913    1.0803   -0.7963
   -1.2532    1.1502   -0.7120
   -1.4235    1.1880   -0.6228
   -1.5976    1.1923   -0.5317
   -1.7701    1.1628   -0.4416
   -1.9363    1.1003   -0.3553
   -2.0909    1.0065   -0.2757
   -2.2307    0.8828   -0.2047
# Travel time at depth = 300.00 km.
   -2.2183    0.0000    0.0000
   -2.2043   -0.1770   -0.0083
   -2.1628   -0.3482   -0.0330
   -2.0952   -0.5081   -0.0732
   -2.0036   -0.6514   -0.1277
   -1.8910   -0.7733   -0.1949
   -1.7609   -0.8699   -0.2726
   -1.6176   -0.9380   -0.3584
   -1.4656   -0.9752   -0.4497
   -1.3099   -0.9802   -0.5436
   -1.1554   -0.9526   -0.6372
   -1.0070   -0.8931   -0.7276
   -0.8697   -0.8035   -0.8122
   -0.7477   -0.6864   -0.8882
   -0.6453   -0.5452   -0.9533
   -0.5656   -0.3841   -1.0057
   -0.5115   -0.2081   -1.0436
   -0.4848   -0.0224   -1.0661
   -0.4867    0.1672   -1.0724
   -0.5173    0.3552   -1.0624
   -0.5761    0.5356   -1.0364
   -0.6614    0.7031   -0.9954
   -0.7711    0.8523   -0.9405
   -0.9021    0.9788   -0.8736
   -1.0506    1.0786   -0.7967
   -1.2124    1.1485   -0.7124
   -1.3828    1.1862   -0.6232
   -1.5569    1.1905   -0.5321
   -1.7295    1.1611   -0.4419
   -1.8956    1.0986   -0.3556
   -2.0502    1.0048   -0.2760
   -2.1860    0.8853   -0.2071
# Travel time at depth = 500.00 km.
   -2.1448    0.0000    0.0000
   -2.1308   -0.1773   -0.0083
   -2.0894   -0.3487   -0.0330
   -2.0217   -0.5088   -0.0732
   -1.9301   -0.6523   -0.1278
   -1.8174   -0.7744   -0.1950
   -1.6873   -0.8712   -0.2727
   -1.5440   -0.9395   -0.3586
   -1.3919   -0.9769   -0.4499
   -1.2361   -0.9820   -0.5438
   -1.0815   -0.9546   -0.6375
   -0.9331   -0.8952   -0.7280
   -0.7957   -0.8058   -0.8126
   -0.6737   -0.6887   -0.8886
   -0.5712   -0.5476   -0.9539
   -0.4915   -0.3866   -1.0063
   -0.4373   -0.2106   -1.0443
   -0.4106   -0.0251   -1.0668
   -0.4125    0.1646   -1.0731
   -0.4431    0.3525   -1.0632
   -0.5018    0.5329   -1.0372
   -0.5872    0.7003   -0.9962
   -0.6969    0.8496   -0.9413
   -0.8279    0.9761   -0.8744
   -0.9764    1.0759   -0.7976
   -1.1382    1.1458   -0.7133
   -1.3086    1.1835   -0.6241
   -1.4827    1.1878   -0.5330
   -1.6553    1.1584   -0.4428
   -1.8214    1.0959   -0.3565
   -1.9760    1.0022   -0.2770
   -2.1144    0.8812   -0.2067
# Travel time at depth = 700.00 km.
   -2.0800    0.0000    0.0000
   -2.0661   -0.1774   -0.0083
   -2.0246   -0.3491   -0.0330
   -1.9569   -0.5094   -0.0733
   -1.8652   -0.6530   -0.1279
   -1.7525   -0.7753   -0.1951
   -1.6224   -0.8723   -0.2729
   -1.4789   -0.9407   -0.3588
   -1.3268   -0.9782   -0.4502
   -1.1709   -0.9834   -0.5442
   -1.0163   -0.9561   -0.6379
   -0.8678   -0.8968   -0.7285
   -0.7304   -0.8074   -0.8131
   -0.6083   -0.6904   -0.8892
   -0.5058   -0.5493   -0.9545
   -0.4260   -0.3884   -1.0070
   -0.3718   -0.2125   -1.0450
   -0.3450   -0.0269   -1.0676
   -0.3468    0.1628   -1.0740
   -0.3774    0.3507   -1.0641
   -0.4361    0.5311   -1.0382
   -0.5215    0.6986   -0.9971
   -0.6312    0.8479   -0.9423
   -0.7622    0.9744   -0.8754
   -0.9107    1.0742   -0.7986
   -1.0726    1.1442   -0.7143
   -1.2430    1.1819   -0.6251
   -1.4171    1.1863   -0.5340
   -1.5897    1.1569   -0.4439
   -1.7558    1.0944   -0.3576
   -1.9104    1.0007   -0.2780
   -2.0496    0.8809   -0.2073
#@(#)        ec_ak135.PKiKP     2.2     06 Jun 1996
