# ak135 ellipticity correction table for phase: SSS      
  6   Number of depth samples at the following depths (km):
    0.00  100.00  200.00  300.00  500.00  700.00
 29   Number of distance samples at the following distances (deg):
   40.00   45.00   50.00   55.00   60.00   65.00   70.00   75.00   80.00   85.00
   90.00   95.00  100.00  105.00  110.00  115.00  120.00  125.00  130.00  135.00
  140.00  145.00  150.00  155.00  160.00  165.00  170.00  175.00  180.00
# Travel time at depth =   0.00 km.
   -2.0436   -1.2165   -0.2984
   -2.0251   -1.4195   -0.4534
   -1.9846   -1.5997   -0.6355
   -1.9314   -1.7657   -0.8250
   -1.8673   -1.9151   -1.0207
   -1.7877   -2.0234   -1.2130
   -1.7074   -2.1094   -1.4234
   -1.6290   -2.1729   -1.6504
   -1.4980   -2.1564   -1.8296
   -1.3717   -2.1143   -2.0033
   -1.2523   -2.0481   -2.1702
   -1.1485   -1.9484   -2.3275
   -1.0595   -1.8310   -2.4769
   -0.9862   -1.6986   -2.6177
   -0.9386   -1.5437   -2.7437
   -0.9101   -1.3813   -2.8584
   -0.9003   -1.2141   -2.9621
   -0.9202   -1.0430   -3.0472
   -0.9586   -0.8762   -3.1208
   -1.0140   -0.7158   -3.1839
   -1.0935   -0.5672   -3.2332
   -1.1858   -0.4319   -3.2745
   -1.2886   -0.3107   -3.3090
   -1.4039   -0.2139   -3.3338
   -1.5229   -0.1342   -3.3557
   -1.6435   -0.0710   -3.3759
   -1.7630   -0.0335   -3.3949
   -1.8777   -0.0105   -3.4161
   -1.9863    0.0001   -3.4405
# Travel time at depth = 100.00 km.
   -1.8343   -1.2128   -0.1849
   -1.8532   -1.4314   -0.3695
   -1.8500   -1.6272   -0.5812
   -1.8342   -1.8088   -0.8002
   -1.8074   -1.9738   -1.0254
   -1.7652   -2.0977   -1.2473
   -1.6810   -2.1790   -1.4580
   -1.5575   -2.2175   -1.6562
   -1.4262   -2.1990   -1.8322
   -1.3007   -2.1559   -2.0036
   -1.1829   -2.0900   -2.1691
   -1.0783   -1.9907   -2.3279
   -0.9889   -1.8734   -2.4779
   -0.9157   -1.7408   -2.6186
   -0.8681   -1.5856   -2.7443
   -0.8395   -1.4229   -2.8589
   -0.8295   -1.2554   -2.9626
   -0.8493   -1.0840   -3.0475
   -0.8877   -0.9170   -3.1209
   -0.9430   -0.7566   -3.1838
   -1.0218   -0.6069   -3.2340
   -1.1138   -0.4712   -3.2753
   -1.2166   -0.3503   -3.3092
   -1.3317   -0.2538   -3.3336
   -1.4504   -0.1738   -3.3556
   -1.5706   -0.1095   -3.3764
   -1.6896   -0.0723   -3.3952
   -1.8042   -0.0491   -3.4164
   -1.9129   -0.0379   -3.4409
# Travel time at depth = 200.00 km.
   -1.8129   -1.3127   -0.2017
   -1.8255   -1.5212   -0.3835
   -1.8160   -1.7069   -0.5924
   -1.7939   -1.8783   -0.8087
   -1.7609   -2.0332   -1.0312
   -1.7124   -2.1470   -1.2503
   -1.6245   -2.2232   -1.4597
   -1.4997   -2.2617   -1.6578
   -1.3666   -2.2420   -1.8334
   -1.2400   -2.1988   -2.0050
   -1.1218   -2.1338   -2.1715
   -1.0174   -2.0341   -2.3302
   -0.9284   -1.9162   -2.4795
   -0.8558   -1.7828   -2.6187
   -0.8081   -1.6274   -2.7443
   -0.7794   -1.4644   -2.8588
   -0.7692   -1.2966   -2.9625
   -0.7889   -1.1251   -3.0471
   -0.8264   -0.9571   -3.1215
   -0.8802   -0.7949   -3.1867
   -0.9597   -0.6461   -3.2351
   -1.0520   -0.5110   -3.2754
   -1.1547   -0.3903   -3.3088
   -1.2690   -0.2914   -3.3348
   -1.3873   -0.2111   -3.3569
   -1.5075   -0.1486   -3.3764
   -1.6261   -0.1119   -3.3948
   -1.7402   -0.0885   -3.4161
   -1.8483   -0.0765   -3.4412
# Travel time at depth = 300.00 km.
   -1.7978   -1.3979   -0.2051
   -1.8041   -1.5993   -0.3869
   -1.7884   -1.7779   -0.5958
   -1.7600   -1.9423   -0.8121
   -1.7207   -2.0901   -1.0346
   -1.6659   -2.1968   -1.2537
   -1.5735   -2.2691   -1.4621
   -1.4459   -2.3067   -1.6584
   -1.3115   -2.2860   -1.8338
   -1.1848   -2.2420   -2.0044
   -1.0676   -2.1761   -2.1691
   -0.9626   -2.0769   -2.3288
   -0.8728   -1.9592   -2.4794
   -0.7990   -1.8257   -2.6202
   -0.7521   -1.6699   -2.7442
   -0.7235   -1.5066   -2.8582
   -0.7129   -1.3385   -2.9622
   -0.7313   -1.1658   -3.0485
   -0.7683   -0.9973   -3.1231
   -0.8225   -0.8353   -3.1872
   -0.9021   -0.6867   -3.2350
   -0.9943   -0.5517   -3.2747
   -1.0968   -0.4312   -3.3078
   -1.2105   -0.3316   -3.3343
   -1.3284   -0.2510   -3.3565
   -1.4483   -0.1888   -3.3757
   -1.5666   -0.1501   -3.3951
   -1.6802   -0.1267   -3.4165
   -1.7876   -0.1164   -3.4408
# Travel time at depth = 500.00 km.
   -1.9976   -1.5714   -0.3687
   -1.9515   -1.7569   -0.5204
   -1.8833   -1.9196   -0.6992
   -1.8025   -2.0682   -0.8853
   -1.7107   -2.2001   -1.0777
   -1.6035   -2.2909   -1.2667
   -1.4858   -2.3556   -1.4603
   -1.3604   -2.3939   -1.6572
   -1.2245   -2.3744   -1.8333
   -1.0965   -2.3308   -2.0049
   -0.9785   -2.2647   -2.1709
   -0.8747   -2.1637   -2.3284
   -0.7849   -2.0449   -2.4781
   -0.7100   -1.9109   -2.6196
   -0.6614   -1.7542   -2.7452
   -0.6317   -1.5899   -2.8597
   -0.6207   -1.4209   -2.9632
   -0.6397   -1.2483   -3.0473
   -0.6769   -1.0798   -3.1207
   -0.7305   -0.9176   -3.1842
   -0.8092   -0.7684   -3.2322
   -0.9001   -0.6320   -3.2730
   -1.0009   -0.5092   -3.3080
   -1.1146   -0.4131   -3.3315
   -1.2319   -0.3334   -3.3529
   -1.3506   -0.2693   -3.3734
   -1.4677   -0.2318   -3.3924
   -1.5801   -0.2087   -3.4138
   -1.6864   -0.1979   -3.4386
# Travel time at depth = 700.00 km.
   -2.0515   -1.6347   -0.3410
   -1.9886   -1.8229   -0.4972
   -1.9036   -1.9883   -0.6805
   -1.8060   -2.1395   -0.8711
   -1.6974   -2.2741   -1.0679
   -1.5734   -2.3676   -1.2614
   -1.4455   -2.4324   -1.4551
   -1.3163   -2.4681   -1.6478
   -1.1838   -2.4496   -1.8216
   -1.0566   -2.4071   -1.9932
   -0.9368   -2.3423   -2.1616
   -0.8306   -2.2421   -2.3208
   -0.7392   -2.1238   -2.4712
   -0.6633   -1.9899   -2.6121
   -0.6141   -1.8332   -2.7363
   -0.5831   -1.6689   -2.8506
   -0.5699   -1.4999   -2.9553
   -0.5869   -1.3271   -3.0404
   -0.6222   -1.1585   -3.1144
   -0.6742   -0.9961   -3.1783
   -0.7517   -0.8477   -3.2256
   -0.8414   -0.7122   -3.2658
   -0.9409   -0.5903   -3.3003
   -1.0528   -0.4939   -3.3247
   -1.1685   -0.4148   -3.3463
   -1.2857   -0.3522   -3.3663
   -1.4010   -0.3142   -3.3863
   -1.5115   -0.2919   -3.4080
   -1.6157   -0.2833   -3.4324
