# ak135 ellipticity correction table for phase: pPdiff
  6   Number of depth samples at the following depths (km):
    0.00  100.00  200.00  300.00  500.00  700.00
 10   Number of distance samples at the following distances (deg):
  100.00  105.00  110.00  115.00  120.00  125.00  130.00  135.00  140.00  145.00
# Travel time at depth =   0.00 km.
   -0.5675    0.4958   -0.8078
   -0.6373    0.6270   -0.7675
   -0.7257    0.7423   -0.7164
   -0.8302    0.8380   -0.6561
   -0.9475    0.9114   -0.5884
   -1.0740    0.9601   -0.5154
   -1.2059    0.9827   -0.4392
   -1.3392    0.9786   -0.3622
   -1.4699    0.9477   -0.2868
   -1.5939    0.8911   -0.2152
# Travel time at depth = 100.00 km.
   -0.6161    0.4695   -0.8079
   -0.6859    0.6007   -0.7676
   -0.7743    0.7160   -0.7165
   -0.8788    0.8117   -0.6562
   -0.9961    0.8851   -0.5885
   -1.1226    0.9338   -0.5155
   -1.2545    0.9564   -0.4393
   -1.3878    0.9523   -0.3623
   -1.5185    0.9214   -0.2869
   -1.6425    0.8648   -0.2153
# Travel time at depth = 200.00 km.
   -0.6595    0.4461   -0.8065
   -0.7293    0.5773   -0.7662
   -0.8177    0.6926   -0.7151
   -0.9222    0.7883   -0.6548
   -1.0395    0.8617   -0.5871
   -1.1660    0.9104   -0.5141
   -1.2979    0.9330   -0.4379
   -1.4312    0.9289   -0.3609
   -1.5619    0.8980   -0.2855
   -1.6859    0.8414   -0.2139
# Travel time at depth = 300.00 km.
   -0.6989    0.4196   -0.8058
   -0.7687    0.5508   -0.7655
   -0.8571    0.6661   -0.7144
   -0.9616    0.7618   -0.6541
   -1.0789    0.8352   -0.5864
   -1.2054    0.8839   -0.5134
   -1.3373    0.9065   -0.4372
   -1.4706    0.9024   -0.3602
   -1.6013    0.8715   -0.2848
   -1.7253    0.8149   -0.2132
# Travel time at depth = 500.00 km.
   -0.7670    0.3611   -0.8059
   -0.8368    0.4923   -0.7656
   -0.9252    0.6076   -0.7145
   -1.0297    0.7033   -0.6542
   -1.1470    0.7767   -0.5865
   -1.2735    0.8254   -0.5135
   -1.4054    0.8480   -0.4373
   -1.5387    0.8439   -0.3603
   -1.6694    0.8130   -0.2849
   -1.7934    0.7564   -0.2133
# Travel time at depth = 700.00 km.
   -0.8199    0.2946   -0.8090
   -0.8897    0.4258   -0.7687
   -0.9781    0.5411   -0.7176
   -1.0826    0.6368   -0.6573
   -1.1999    0.7102   -0.5896
   -1.3264    0.7589   -0.5166
   -1.4583    0.7815   -0.4404
   -1.5916    0.7774   -0.3634
   -1.7223    0.7465   -0.2880
   -1.8463    0.6899   -0.2164
