# ak135 ellipticity correction table for phase: PPP_B    
  6   Number of depth samples at the following depths (km):
    0.00  100.00  200.00  300.00  500.00  700.00
 13   Number of distance samples at the following distances (deg):
  120.00  125.00  130.00  135.00  140.00  145.00  150.00  155.00  160.00  165.00
  170.00  175.00  180.00
# Travel time at depth =   0.00 km.
   -1.3259   -0.0056   -2.2899
   -1.3262   -0.0309   -2.2522
   -1.3278   -0.0507   -2.2132
   -1.3296   -0.0646   -2.1736
   -1.3265   -0.0688   -2.1346
   -1.3212   -0.0676   -2.0966
   -1.3126   -0.0615   -2.0604
   -1.2943   -0.0507   -2.0278
   -1.2709   -0.0378   -1.9978
   -1.2415   -0.0240   -1.9710
   -1.2012   -0.0136   -1.9484
   -1.1555   -0.0051   -1.9289
   -1.1042    0.0000   -1.9125
# Travel time at depth = 100.00 km.
   -1.2791   -0.0242   -2.2911
   -1.2797   -0.0498   -2.2532
   -1.2818   -0.0699   -2.2141
   -1.2840   -0.0839   -2.1744
   -1.2814   -0.0882   -2.1354
   -1.2765   -0.0871   -2.0972
   -1.2681   -0.0813   -2.0609
   -1.2501   -0.0707   -2.0282
   -1.2269   -0.0580   -1.9982
   -1.1978   -0.0444   -1.9713
   -1.1581   -0.0330   -1.9490
   -1.1127   -0.0244   -1.9296
   -1.0614   -0.0199   -1.9130
# Travel time at depth = 200.00 km.
   -1.2385   -0.0433   -2.2924
   -1.2395   -0.0692   -2.2543
   -1.2420   -0.0895   -2.2150
   -1.2447   -0.1037   -2.1751
   -1.2427   -0.1080   -2.1360
   -1.2382   -0.1071   -2.0978
   -1.2301   -0.1015   -2.0613
   -1.2125   -0.0910   -2.0285
   -1.1896   -0.0785   -1.9983
   -1.1608   -0.0651   -1.9713
   -1.1216   -0.0536   -1.9491
   -1.0766   -0.0449   -1.9297
   -1.0257   -0.0403   -1.9131
# Travel time at depth = 300.00 km.
   -1.2003   -0.0631   -2.2936
   -1.2016   -0.0892   -2.2553
   -1.2046   -0.1098   -2.2158
   -1.2078   -0.1242   -2.1758
   -1.2064   -0.1286   -2.1366
   -1.2024   -0.1278   -2.0982
   -1.1948   -0.1223   -2.0615
   -1.1775   -0.1119   -2.0286
   -1.1550   -0.0996   -1.9984
   -1.1266   -0.0864   -1.9712
   -1.0878   -0.0748   -1.9488
   -1.0431   -0.0660   -1.9294
   -0.9926   -0.0614   -1.9129
# Travel time at depth = 500.00 km.
   -1.1324   -0.1047   -2.2960
   -1.1347   -0.1314   -2.2571
   -1.1387   -0.1524   -2.2171
   -1.1430   -0.1672   -2.1767
   -1.1432   -0.1716   -2.1373
   -1.1406   -0.1709   -2.0986
   -1.1340   -0.1655   -2.0616
   -1.1180   -0.1549   -2.0285
   -1.0967   -0.1424   -1.9980
   -1.0691   -0.1292   -1.9706
   -1.0311   -0.1177   -1.9480
   -0.9872   -0.1093   -1.9283
   -0.9373   -0.1053   -1.9114
# Travel time at depth = 700.00 km.
   -1.0750   -0.1495   -2.2979
   -1.0795   -0.1765   -2.2587
   -1.0855   -0.1977   -2.2183
   -1.0917   -0.2124   -2.1774
   -1.0929   -0.2171   -2.1374
   -1.0914   -0.2167   -2.0982
   -1.0860   -0.2116   -2.0607
   -1.0714   -0.2009   -2.0271
   -1.0514   -0.1883   -1.9962
   -1.0252   -0.1749   -1.9684
   -0.9887   -0.1629   -1.9456
   -0.9460   -0.1542   -1.9256
   -0.8972   -0.1503   -1.9083
