# ak135 ellipticity correction table for phase: PPP    
  6   Number of depth samples at the following depths (km):
    0.00  100.00  200.00  300.00  500.00  700.00
 29   Number of distance samples at the following distances (deg):
   40.00   45.00   50.00   55.00   60.00   65.00   70.00   75.00   80.00   85.00
   90.00   95.00  100.00  105.00  110.00  115.00  120.00  125.00  130.00  135.00
  140.00  145.00  150.00  155.00  160.00  165.00  170.00  175.00  180.00
# Travel time at depth =   0.00 km.
   -1.1324   -0.6778   -0.1704
   -1.1206   -0.7902   -0.2554
   -1.0951   -0.8859   -0.3541
   -1.0633   -0.9737   -0.4564
   -1.0262   -1.0522   -0.5618
   -0.9811   -1.1114   -0.6662
   -0.9355   -1.1588   -0.7808
   -0.8910   -1.1943   -0.9046
   -0.8208   -1.1864   -1.0028
   -0.7534   -1.1651   -1.0991
   -0.6899   -1.1316   -1.1929
   -0.6334   -1.0773   -1.2814
   -0.5847   -1.0130   -1.3660
   -0.5445   -0.9400   -1.4464
   -0.5194   -0.8545   -1.5173
   -0.5047   -0.7646   -1.5821
   -0.5001   -0.6719   -1.6409
   -0.5119   -0.5764   -1.6896
   -0.5341   -0.4833   -1.7319
   -0.5657   -0.3938   -1.7681
   -0.6111   -0.3126   -1.7946
   -0.6630   -0.2379   -1.8177
   -0.7199   -0.1701   -1.8380
   -0.7841   -0.1177   -1.8514
   -0.8500   -0.0741   -1.8637
   -0.9165   -0.0390   -1.8755
   -0.9821   -0.0185   -1.8864
   -1.0449   -0.0060   -1.8985
   -1.1042    0.0000   -1.9125
# Travel time at depth = 100.00 km.
   -1.0979   -0.7128   -0.1719
   -1.0857   -0.8244   -0.2569
   -1.0599   -0.9193   -0.3557
   -1.0277   -1.0063   -0.4581
   -0.9903   -1.0840   -0.5635
   -0.9448   -1.1424   -0.6680
   -0.8979   -1.1875   -0.7822
   -0.8508   -1.2193   -0.9052
   -0.7803   -1.2111   -1.0038
   -0.7126   -1.1899   -1.1005
   -0.6486   -1.1566   -1.1947
   -0.5923   -1.1019   -1.2828
   -0.5448   -1.0376   -1.3664
   -0.5067   -0.9650   -1.4453
   -0.4797   -0.8785   -1.5171
   -0.4637   -0.7878   -1.5828
   -0.4584   -0.6945   -1.6425
   -0.4705   -0.5989   -1.6906
   -0.4928   -0.5057   -1.7324
   -0.5244   -0.4161   -1.7683
   -0.5692   -0.3337   -1.7958
   -0.6209   -0.2588   -1.8188
   -0.6782   -0.1918   -1.8381
   -0.7420   -0.1386   -1.8519
   -0.8078   -0.0948   -1.8642
   -0.8743   -0.0601   -1.8756
   -0.9396   -0.0396   -1.8865
   -1.0022   -0.0267   -1.8987
   -1.0614   -0.0199   -1.9130
# Travel time at depth = 200.00 km.
   -1.0747   -0.7484   -0.1727
   -1.0617   -0.8593   -0.2582
   -1.0351   -0.9535   -0.3574
   -1.0021   -1.0397   -0.4603
   -0.9639   -1.1167   -0.5662
   -0.9176   -1.1744   -0.6712
   -0.8687   -1.2167   -0.7845
   -0.8186   -1.2436   -0.9053
   -0.7478   -1.2356   -1.0043
   -0.6799   -1.2141   -1.1008
   -0.6159   -1.1801   -1.1942
   -0.5588   -1.1261   -1.2841
   -0.5115   -1.0619   -1.3678
   -0.4746   -0.9888   -1.4450
   -0.4468   -0.9018   -1.5174
   -0.4301   -0.8107   -1.5836
   -0.4243   -0.7169   -1.6438
   -0.4366   -0.6212   -1.6913
   -0.4591   -0.5280   -1.7325
   -0.4907   -0.4384   -1.7681
   -0.5351   -0.3554   -1.7960
   -0.5866   -0.2802   -1.8191
   -0.6438   -0.2134   -1.8380
   -0.7074   -0.1599   -1.8519
   -0.7729   -0.1160   -1.8641
   -0.8392   -0.0814   -1.8754
   -0.9043   -0.0595   -1.8869
   -0.9667   -0.0463   -1.8993
   -1.0257   -0.0403   -1.9131
# Travel time at depth = 300.00 km.
   -1.0004   -0.7758   -0.1215
   -1.0006   -0.8878   -0.2203
   -0.9871   -0.9831   -0.3328
   -0.9673   -1.0703   -0.4489
   -0.9422   -1.1484   -0.5681
   -0.9091   -1.2071   -0.6863
   -0.8577   -1.2475   -0.7994
   -0.7896   -1.2693   -0.9065
   -0.7190   -1.2609   -1.0052
   -0.6509   -1.2390   -1.1014
   -0.5865   -1.2047   -1.1945
   -0.5297   -1.1502   -1.2839
   -0.4809   -1.0853   -1.3687
   -0.4407   -1.0111   -1.4486
   -0.4148   -0.9246   -1.5198
   -0.3994   -0.8336   -1.5848
   -0.3941   -0.7397   -1.6439
   -0.4064   -0.6439   -1.6912
   -0.4284   -0.5502   -1.7328
   -0.4593   -0.4596   -1.7692
   -0.5039   -0.3770   -1.7963
   -0.5553   -0.3018   -1.8191
   -0.6122   -0.2344   -1.8383
   -0.6757   -0.1813   -1.8517
   -0.7410   -0.1370   -1.8641
   -0.8070   -0.1011   -1.8761
   -0.8719   -0.0801   -1.8871
   -0.9340   -0.0673   -1.8992
   -0.9926   -0.0614   -1.9129
# Travel time at depth = 500.00 km.
   -1.0417   -0.8453   -0.1312
   -1.0266   -0.9536   -0.2282
   -0.9978   -1.0452   -0.3389
   -0.9628   -1.1288   -0.4532
   -0.9224   -1.2032   -0.5706
   -0.8740   -1.2583   -0.6870
   -0.8148   -1.2965   -0.7993
   -0.7463   -1.3179   -0.9066
   -0.6753   -1.3096   -1.0047
   -0.6070   -1.2876   -1.1004
   -0.5424   -1.2529   -1.1930
   -0.4850   -1.1978   -1.2831
   -0.4356   -1.1323   -1.3683
   -0.3947   -1.0577   -1.4483
   -0.3684   -0.9706   -1.5194
   -0.3527   -0.8793   -1.5838
   -0.3476   -0.7853   -1.6416
   -0.3583   -0.6884   -1.6905
   -0.3794   -0.5941   -1.7325
   -0.4101   -0.5035   -1.7682
   -0.4541   -0.4207   -1.7953
   -0.5050   -0.3452   -1.8180
   -0.5612   -0.2774   -1.8373
   -0.6242   -0.2245   -1.8505
   -0.6889   -0.1802   -1.8627
   -0.7542   -0.1442   -1.8747
   -0.8183   -0.1235   -1.8855
   -0.8796   -0.1110   -1.8975
   -0.9373   -0.1053   -1.9114
# Travel time at depth = 700.00 km.
   -1.1130   -0.8876   -0.1946
   -1.0824   -0.9951   -0.2792
   -1.0382   -1.0859   -0.3775
   -0.9876   -1.1687   -0.4794
   -0.9318   -1.2423   -0.5844
   -0.8679   -1.2966   -0.6884
   -0.8003   -1.3360   -0.7948
   -0.7303   -1.3604   -0.9027
   -0.6573   -1.3517   -1.0001
   -0.5874   -1.3298   -1.0960
   -0.5217   -1.2956   -1.1898
   -0.4630   -1.2405   -1.2801
   -0.4122   -1.1749   -1.3655
   -0.3699   -1.1002   -1.4458
   -0.3422   -1.0129   -1.5172
   -0.3253   -0.9214   -1.5818
   -0.3190   -0.8272   -1.6397
   -0.3297   -0.7309   -1.6868
   -0.3499   -0.6366   -1.7286
   -0.3789   -0.5454   -1.7656
   -0.4222   -0.4630   -1.7921
   -0.4722   -0.3879   -1.8145
   -0.5275   -0.3206   -1.8336
   -0.5895   -0.2674   -1.8472
   -0.6532   -0.2235   -1.8594
   -0.7175   -0.1885   -1.8710
   -0.7805   -0.1676   -1.8823
   -0.8407   -0.1553   -1.8945
   -0.8972   -0.1503   -1.9083
