# ak135 ellipticity correction table for phase: pS      
  6   Number of depth samples at the following depths (km):
    0.00  100.00  200.00  300.00  500.00  700.00
 24   Number of distance samples at the following distances (deg):
   60.00   65.00   70.00   75.00   80.00   85.00   90.00   95.00  100.00  110.00
  115.00  120.00  125.00  130.00  135.00  140.00  145.00  150.00  155.00  160.00
  165.00  170.00  175.00  180.00
# Travel time at depth =   0.00 km.
   -0.9887   -0.6533   -0.9583
   -0.9235   -0.5576   -1.0798
   -0.8670   -0.4249   -1.1922
   -0.8254   -0.2552   -1.2931
   -0.8061   -0.0583   -1.3755
   -0.8140    0.1700   -1.4398
   -0.8554    0.4190   -1.4811
   -0.9309    0.6630   -1.4945
   -1.0395    0.8937   -1.4827
   -1.3702    1.3403   -1.3967
   -1.5671    1.5239   -1.2921
   -1.7887    1.6658   -1.1732
   -2.0277    1.7615   -1.0442
   -2.2780    1.8088   -0.9086
   -2.5315    1.8062   -0.7710
   -2.7814    1.7544   -0.6353
   -3.0219    1.6548   -0.5044
   -3.2446    1.5113   -0.3830
   -3.4455    1.3271   -0.2733
   -3.6176    1.1082   -0.1791
   -3.7578    0.8579   -0.1024
   -3.8605    0.5850   -0.0461
   -3.9232    0.2966   -0.0116
   -3.9444    0.0000    0.0000
# Travel time at depth = 100.00 km.
   -1.0623   -0.6755   -0.9270
   -0.9866   -0.5665   -1.0577
   -0.9266   -0.4305   -1.1741
   -0.8833   -0.2608   -1.2771
   -0.8623   -0.0607   -1.3631
   -0.8690    0.1644   -1.4283
   -0.9092    0.4131   -1.4713
   -0.9855    0.6670   -1.4878
   -1.0910    0.8904   -1.4764
   -1.4188    1.3267   -1.3963
   -1.6160    1.5105   -1.2916
   -1.8375    1.6526   -1.1728
   -2.0766    1.7486   -1.0437
   -2.3268    1.7959   -0.9082
   -2.5803    1.7940   -0.7706
   -2.8300    1.7431   -0.6350
   -3.0706    1.6443   -0.5041
   -3.2932    1.5023   -0.3827
   -3.4938    1.3194   -0.2732
   -3.6661    1.1016   -0.1790
   -3.8061    0.8534   -0.1023
   -3.9088    0.5818   -0.0460
   -3.9715    0.2977   -0.0116
   -3.9927    0.0000    0.0000
# Travel time at depth = 200.00 km.
   -1.1359   -0.6977   -0.8957
   -1.0497   -0.5754   -1.0356
   -0.9909   -0.4649   -1.1459
   -0.9408   -0.2846   -1.2555
   -0.9164   -0.0776   -1.3464
   -0.9209    0.1488   -1.4139
   -0.9580    0.3936   -1.4587
   -1.0327    0.6530   -1.4787
   -1.1393    0.8803   -1.4680
   -1.4620    1.3121   -1.3957
   -1.6589    1.4958   -1.2911
   -1.8805    1.6379   -1.1722
   -2.1195    1.7341   -1.0433
   -2.3698    1.7821   -0.9077
   -2.6232    1.7804   -0.7702
   -2.8727    1.7304   -0.6346
   -3.1134    1.6328   -0.5037
   -3.3360    1.4921   -0.3824
   -3.5359    1.3117   -0.2733
   -3.7087    1.0947   -0.1788
   -3.8486    0.8478   -0.1022
   -3.9512    0.5783   -0.0460
   -4.0139    0.2936   -0.0116
   -4.0351    0.0000    0.0000
# Travel time at depth = 300.00 km.
   -1.2095   -0.7199   -0.8644
   -1.1128   -0.5843   -1.0135
   -1.0552   -0.4913   -1.1177
   -1.0108   -0.3532   -1.2209
   -0.9739   -0.1208   -1.3219
   -0.9738    0.1178   -1.3957
   -1.0086    0.3724   -1.4447
   -1.0806    0.6333   -1.4671
   -1.1867    0.8640   -1.4583
   -1.5029    1.2965   -1.3952
   -1.7000    1.4803   -1.2905
   -1.9214    1.6225   -1.1718
   -2.1605    1.7189   -1.0428
   -2.4107    1.7672   -0.9073
   -2.6640    1.7663   -0.7698
   -2.9135    1.7170   -0.6342
   -3.1541    1.6207   -0.5034
   -3.3767    1.4814   -0.3821
   -3.5765    1.3025   -0.2731
   -3.7493    1.0874   -0.1787
   -3.8891    0.8423   -0.1022
   -3.9916    0.5746   -0.0460
   -4.0543    0.2911   -0.0116
   -4.0754    0.0000    0.0000
# Travel time at depth = 500.00 km.
   -1.3567   -0.7643   -0.8018
   -1.2390   -0.6021   -0.9693
   -1.1838   -0.5521   -1.0613
   -1.1508   -0.4904   -1.1517
   -1.0889   -0.2072   -1.3593
   -1.0796    0.0558   -1.3593
   -1.1195    0.2011   -1.3944
   -1.1743    0.5362   -1.4346
   -1.2763    0.8000   -1.4351
   -1.5772    1.2619   -1.3943
   -1.7743    1.4459   -1.2896
   -1.9959    1.5884   -1.1708
   -2.2350    1.6853   -1.0417
   -2.4851    1.7344   -0.9063
   -2.7381    1.7348   -0.7691
   -2.9878    1.6873   -0.6334
   -3.2282    1.5938   -0.5028
   -3.4508    1.4575   -0.3816
   -3.6506    1.2820   -0.2726
   -3.8231    1.0707   -0.1783
   -3.9627    0.8297   -0.1020
   -4.0651    0.5663   -0.0459
   -4.1278    0.2872   -0.0116
   -4.1489    0.0000    0.0000
# Travel time at depth = 700.00 km.
   -1.5039   -0.8087   -0.7392
   -1.3652   -0.6199   -0.9251
   -1.3124   -0.6129   -1.0049
   -1.2908   -0.6276   -1.0825
   -1.2039   -0.2936   -1.3229
   -1.1854   -0.0062   -1.3229
   -1.2304    0.0298   -1.3441
   -1.2680    0.4391   -1.4021
   -1.3659    0.7360   -1.4583
   -1.6431    1.2228   -1.3932
   -1.8398    1.4066   -1.2887
   -2.0615    1.5494   -1.1698
   -2.3006    1.6469   -1.0407
   -2.5507    1.6967   -0.9054
   -2.8036    1.6984   -0.7681
   -3.0534    1.6530   -0.6325
   -3.2927    1.5629   -0.5025
   -3.5161    1.4298   -0.3810
   -3.7159    1.2582   -0.2721
   -3.8883    1.0512   -0.1780
   -4.0276    0.8152   -0.1019
   -4.1299    0.5567   -0.0459
   -4.1925    0.2825   -0.0116
   -4.2136    0.0000    0.0000
#@(#)        ec_ak135.pS     2.2     06 Jun 1996
