# ak135 ellipticity correction table for phase: sSKSdf  
  6   Number of depth samples at the following depths (km):
    0.00  100.00  200.00  300.00  500.00  700.00
 15   Number of distance samples at the following distances (deg):
  110.00  115.00  120.00  125.00  130.00  135.00  140.00  145.00  150.00  155.00
  160.00  165.00  170.00  175.00  180.00
# Travel time at depth =   0.00 km.
   -1.3702    1.3403   -1.3967
   -1.5671    1.5239   -1.2921
   -1.7887    1.6658   -1.1732
   -2.0277    1.7615   -1.0442
   -2.2780    1.8088   -0.9086
   -2.5315    1.8062   -0.7710
   -2.7814    1.7544   -0.6353
   -3.0219    1.6548   -0.5044
   -3.2446    1.5113   -0.3830
   -3.4455    1.3271   -0.2733
   -3.6176    1.1082   -0.1791
   -3.7578    0.8579   -0.1024
   -3.8605    0.5850   -0.0461
   -3.9232    0.2966   -0.0116
   -3.9444    0.0000    0.0000
# Travel time at depth = 100.00 km.
   -1.4548    1.3296   -1.3964
   -1.6518    1.5132   -1.2917
   -1.8733    1.6553   -1.1729
   -2.1123    1.7512   -1.0440
   -2.3626    1.7988   -0.9084
   -2.6161    1.7964   -0.7708
   -2.8659    1.7451   -0.6351
   -3.1064    1.6467   -0.5042
   -3.3291    1.5037   -0.3829
   -3.5298    1.3212   -0.2732
   -3.7020    1.1024   -0.1791
   -3.8421    0.8530   -0.1023
   -3.9448    0.5840   -0.0460
   -4.0076    0.2928   -0.0116
   -4.0287    0.0000    0.0000
# Travel time at depth = 200.00 km.
   -1.5314    1.3180   -1.3963
   -1.7287    1.5022   -1.2915
   -1.9501    1.6441   -1.1727
   -2.1891    1.7401   -1.0438
   -2.4394    1.7880   -0.9082
   -2.6929    1.7861   -0.7706
   -2.9426    1.7358   -0.6349
   -3.1832    1.6379   -0.5041
   -3.4058    1.4963   -0.3827
   -3.6064    1.3148   -0.2732
   -3.7787    1.0980   -0.1790
   -3.9187    0.8498   -0.1023
   -4.0214    0.5802   -0.0460
   -4.0841    0.2943   -0.0116
   -4.1053    0.0000    0.0000
# Travel time at depth = 300.00 km.
   -1.6061    1.3067   -1.3960
   -1.8031    1.4904   -1.2913
   -2.0245    1.6325   -1.1725
   -2.2636    1.7288   -1.0435
   -2.5138    1.7769   -0.9080
   -2.7673    1.7755   -0.7705
   -3.0169    1.7257   -0.6348
   -3.2576    1.6287   -0.5039
   -3.4802    1.4883   -0.3826
   -3.6805    1.3081   -0.2733
   -3.8530    1.0921   -0.1789
   -3.9930    0.8458   -0.1023
   -4.0956    0.5772   -0.0460
   -4.1584    0.2928   -0.0116
   -4.1795    0.0000    0.0000
# Travel time at depth = 500.00 km.
   -1.7415    1.2810   -1.3958
   -1.9386    1.4649   -1.2911
   -2.1601    1.6072   -1.1723
   -2.3992    1.7038   -1.0433
   -2.6494    1.7525   -0.9077
   -2.9028    1.7523   -0.7702
   -3.1524    1.7038   -0.6346
   -3.3932    1.6088   -0.5037
   -3.6158    1.4706   -0.3824
   -3.8158    1.2933   -0.2733
   -3.9887    1.0798   -0.1788
   -4.1285    0.8366   -0.1022
   -4.2311    0.5707   -0.0460
   -4.2939    0.2899   -0.0116
   -4.3150    0.0000    0.0000
# Travel time at depth = 700.00 km.
   -1.8590    1.2520   -1.3958
   -2.0561    1.4360   -1.2911
   -2.2778    1.5786   -1.1722
   -2.5169    1.6757   -1.0432
   -2.7671    1.7250   -0.9076
   -3.0204    1.7257   -0.7702
   -3.2701    1.6788   -0.6346
   -3.5109    1.5861   -0.5037
   -3.7337    1.4505   -0.3823
   -3.9338    1.2761   -0.2732
   -4.1067    1.0659   -0.1787
   -4.2465    0.8261   -0.1022
   -4.3491    0.5639   -0.0460
   -4.4118    0.2859   -0.0116
   -4.4330    0.0000    0.0000
#@(#)        ec_ak135.sSKSdf     2.2     06 Jun 1996
