# ak135 ellipticity correction table for phase: PS      
  6   Number of depth samples at the following depths (km):
    0.00  100.00  200.00  300.00  500.00  700.00
 10   Number of distance samples at the following distances (deg):
   90.00   95.00  100.00  105.00  110.00  115.00  120.00  125.00  130.00  135.00
# Travel time at depth =   0.00 km.
   -1.1888   -0.3513   -1.3981
   -1.2388   -0.3454   -1.4400
   -1.3101   -0.2902   -1.4707
   -1.4056   -0.2241   -1.4884
   -1.5196   -0.1659   -1.4923
   -1.7880    0.0878   -1.4158
   -1.9026    0.0267   -1.4087
   -2.0026   -0.0636   -1.4084
   -2.1305   -0.1366   -1.3886
   -2.2513   -0.2358   -1.3724
# Travel time at depth = 100.00 km.
   -1.1515   -0.3829   -1.4004
   -1.2038   -0.3638   -1.4409
   -1.2784   -0.3032   -1.4710
   -1.3751   -0.2343   -1.4865
   -1.6449    0.1370   -1.4185
   -1.7484    0.0674   -1.4162
   -1.8666    0.0095   -1.4074
   -1.9644   -0.0842   -1.4079
   -2.0972   -0.1508   -1.3843
   -2.2180   -0.2518   -1.3682
# Travel time at depth = 200.00 km.
   -1.1238   -0.4088   -1.4028
   -1.1785   -0.3756   -1.4414
   -1.2544   -0.3112   -1.4695
   -1.3548   -0.2385   -1.4836
   -1.6114    0.1125   -1.4202
   -1.7174    0.0493   -1.4161
   -1.8379   -0.0046   -1.4055
   -1.9344   -0.1034   -1.4069
   -2.0730   -0.1632   -1.3790
   -2.1952   -0.2660   -1.3622
# Travel time at depth = 300.00 km.
   -1.1018   -0.4262   -1.4049
   -1.1616   -0.3752   -1.4422
   -1.2390   -0.3094   -1.4675
   -1.3401   -0.2392   -1.4802
   -1.5819    0.0894   -1.4212
   -1.6909    0.0326   -1.4153
   -1.8162   -0.0183   -1.4027
   -1.9143   -0.1146   -1.4012
   -2.0538   -0.1749   -1.3727
   -2.1761   -0.2802   -1.3559
# Travel time at depth = 500.00 km.
    0.0000    0.0000    0.0000
   -1.1496   -0.3172   -1.4389
   -1.2303   -0.2647   -1.4609
   -1.4266    0.1091   -1.4283
   -1.5380    0.0528   -1.4212
   -1.6591    0.0101   -1.4098
   -1.7701   -0.0633   -1.4026
   -1.9035   -0.1183   -1.3797
   -2.0344   -0.1957   -1.3569
   -2.1570   -0.3060   -1.3396
# Travel time at depth = 700.00 km.
    0.0000    0.0000    0.0000
    0.0000    0.0000    0.0000
    0.0000    0.0000    0.0000
   -1.4100    0.1086   -1.4255
   -1.5322    0.0614   -1.4125
   -1.6499    0.0002   -1.4008
   -1.7772   -0.0498   -1.3809
   -1.9147   -0.1034   -1.3538
   -2.0457   -0.1953   -1.3315
    0.0000    0.0000    0.0000
#@(#)        ec_ak135.PS     2.2     06 Jun 1996
