# ak135 ellipticity correction table for phase: P'P'df 
  6   Number of depth samples at the following depths (km):
    0.00  100.00  200.00  300.00  500.00  700.00
 26   Number of distance samples at the following distances (deg):
    0.00    5.00   10.00   15.00   20.00   25.00   30.00   35.00   40.00   45.00
   50.00   55.00   60.00   65.00   70.00   75.00   80.00   85.00   90.00   95.00
  100.00  105.00  110.00  115.00  120.00  125.00
# Travel time at depth =   0.00 km.
   -5.4097    0.0000    0.0000
   -1.3658    0.4074   -2.3343
   -1.4055    0.8088   -2.3101
   -1.4710    1.1988   -2.2702
   -1.5610    1.5714   -2.2153
   -1.6738    1.9215   -2.1463
   -1.8059    2.2412   -2.0655
   -1.9548    2.5269   -1.9741
   -2.1210    2.7805   -1.8720
   -2.2960    2.9904   -1.7642
   -2.4808    3.1594   -1.6500
   -2.6670    3.2817   -1.5346
   -2.8564    3.3596   -1.4168
   -3.0416    3.3859   -1.3011
   -3.0756    3.1719   -1.2342
   -3.3869    3.2858   -1.0838
   -3.5396    3.1667   -0.9866
   -3.6755    3.0022   -0.8990
   -3.7886    2.7983   -0.8246
   -3.8778    2.5559   -0.7640
   -3.9403    2.2773   -0.7188
   -3.9739    1.9623   -0.6904
   -3.9767    1.6702   -0.6796
   -3.9477    1.3678   -0.6872
   -3.8863    1.0133   -0.7136
   -3.7932    1.2662   -0.7582
# Travel time at depth = 100.00 km.
   -5.3614    0.0000    0.0000
   -5.3381    0.0015   -0.0130
   -5.2688    0.0075   -0.0517
   -5.1549    0.0224   -0.1154
   -4.9989    0.0502   -0.2025
   -4.8039    0.0946   -0.3113
   -4.5765    0.1578   -0.4380
   -4.3212    0.2418   -0.5801
   -4.0379    0.3503   -0.7375
   -3.7416    0.4801   -0.9018
   -3.4306    0.6343   -1.0738
   -3.1197    0.8072   -1.2455
   -2.8052    1.0015   -1.4185
   -2.5000    1.2108   -1.5860
   -2.1224    1.3560   -1.7602
   -1.9335    1.6597   -1.8952
   -1.6812    1.8894   -2.0319
   -1.4515    2.1180   -2.1553
   -1.2524    2.3344   -2.2612
   -1.0824    2.5360   -2.3503
   -0.9429    2.7165   -2.4217
   -0.8346    2.8699   -2.4751
   -0.7566    2.9909   -2.5110
   -0.7077    3.0738   -2.5301
   -0.6856    3.1074   -2.5338
   -0.6875    3.0847   -2.5236
# Travel time at depth = 200.00 km.
   -5.3190    0.0000    0.0000
   -5.2957    0.0018   -0.0130
   -5.2263    0.0081   -0.0518
   -5.1123    0.0232   -0.1155
   -4.9560    0.0513   -0.2028
   -4.7607    0.0958   -0.3118
   -4.5331    0.1592   -0.4386
   -4.2774    0.2433   -0.5809
   -3.9936    0.3519   -0.7386
   -3.6970    0.4817   -0.9031
   -3.3854    0.6359   -1.0756
   -3.0742    0.8086   -1.2474
   -2.7592    1.0028   -1.4208
   -2.4537    1.2116   -1.5884
   -2.0808    1.3604   -1.7622
   -1.8868    1.6597   -1.8978
   -1.6342    1.8890   -2.0346
   -1.4042    2.1174   -2.1583
   -1.2053    2.3331   -2.2641
   -1.0353    2.5341   -2.3531
   -0.8958    2.7143   -2.4246
   -0.7874    2.8672   -2.4780
   -0.7096    2.9876   -2.5138
   -0.6609    3.0698   -2.5329
   -0.6390    3.1030   -2.5364
   -0.6410    3.0801   -2.5261
# Travel time at depth = 300.00 km.
   -5.2786    0.0000    0.0000
   -1.2155   -0.1025   -2.3454
   -1.1984   -0.2014   -2.3540
   -1.1708   -0.2932   -2.3678
   -1.1343   -0.3748   -2.3860
   -1.0908   -0.4434   -2.4073
   -1.0434   -0.4959   -2.4302
   -0.9946   -0.5316   -2.4530
   -0.9464   -0.5496   -2.4747
   -0.9039   -0.5491   -2.4925
   -0.8688   -0.5308   -2.5053
   -0.8454   -0.4964   -2.5110
   -0.8356   -0.4468   -2.5082
   -0.8428   -0.3892   -2.4953
   -0.8588   -0.3254   -2.4461
   -0.9147   -0.2656   -2.4359
   -0.9820   -0.2015   -2.3880
   -1.0722   -0.1401   -2.3268
   -1.1824   -0.0872   -2.2542
   -1.3132   -0.0463   -2.1695
   -1.4629   -0.0226   -2.0740
   -1.6286   -0.0251   -1.9692
   -1.8074   -0.0006   -1.8569
   -1.9953    0.0066   -1.7393
   -2.1888   -0.0437   -1.6185
   -2.3816    0.1692   -1.4981
# Travel time at depth = 500.00 km.
   -5.2051    0.0000    0.0000
   -5.1817    0.0030   -0.0131
   -5.1120    0.0104   -0.0521
   -4.9974    0.0266   -0.1161
   -4.8404    0.0557   -0.2039
   -4.6444    0.1010   -0.3133
   -4.4158    0.1650   -0.4408
   -4.1587    0.2497   -0.5840
   -3.8730    0.3587   -0.7428
   -3.5755    0.4885   -0.9079
   -3.2618    0.6428   -1.0816
   -2.9492    0.8150   -1.2542
   -2.6328    1.0087   -1.4285
   -2.3263    1.2163   -1.5967
   -2.0342    1.4347   -1.7566
   -1.7576    1.6618   -1.9073
   -1.5044    1.8896   -2.0445
   -1.2734    2.1170   -2.1687
   -1.0748    2.3304   -2.2743
   -0.9047    2.5298   -2.3634
   -0.7654    2.7080   -2.4347
   -0.6572    2.8593   -2.4881
   -0.5797    2.9781   -2.5237
   -0.5315    3.0578   -2.5424
   -0.5102    3.0894   -2.5456
   -0.5130    3.0651   -2.5349
# Travel time at depth = 700.00 km.
   -5.1404    0.0000    0.0000
   -5.1169    0.0041   -0.0131
   -5.0469    0.0126   -0.0523
   -4.9319    0.0298   -0.1166
   -4.7741    0.0598   -0.2048
   -4.5782    0.1058   -0.3142
   -4.3481    0.1706   -0.4426
   -4.0900    0.2559   -0.5864
   -3.8033    0.3654   -0.7459
   -3.5044    0.4953   -0.9118
   -3.1889    0.6499   -1.0865
   -2.8753    0.8218   -1.2599
   -2.5580    1.0149   -1.4347
   -2.2506    1.2217   -1.6035
   -1.9576    1.4391   -1.7638
   -1.6802    1.6653   -1.9150
   -1.4266    1.8918   -2.0525
   -1.1964    2.1166   -2.1762
   -0.9964    2.3299   -2.2827
   -0.8262    2.5278   -2.3718
   -0.6869    2.7048   -2.4432
   -0.5789    2.8547   -2.4964
   -0.5018    2.9720   -2.5318
   -0.4539    3.0497   -2.5503
   -0.4332    3.0800   -2.5532
   -0.4368    3.0542   -2.5420
