# ak135 ellipticity correction table for phase: sPKPdf  
  6   Number of depth samples at the following depths (km):
    0.00  100.00  200.00  300.00  500.00  700.00
 14   Number of distance samples at the following distances (deg):
  115.00  120.00  125.00  130.00  135.00  140.00  145.00  150.00  155.00  160.00
  165.00  170.00  175.00  180.00
# Travel time at depth =   0.00 km.
   -1.0397    0.9887   -0.8659
   -1.1835    1.0861   -0.7954
   -1.3465    1.1574   -0.7104
   -1.5177    1.1958   -0.6207
   -1.6923    1.2007   -0.5290
   -1.8661    1.1720   -0.4377
   -2.0342    1.1108   -0.3497
   -2.1928    1.0193   -0.2669
   -2.3375    0.8994   -0.1916
   -2.4636    0.7537   -0.1259
   -2.5665    0.5859   -0.0723
   -2.6425    0.4005   -0.0326
   -2.6891    0.2031   -0.0082
   -2.7048    0.0000    0.0000
# Travel time at depth = 100.00 km.
   -1.1253    0.9935   -0.8643
   -1.2683    1.0901   -0.7950
   -1.4310    1.1612   -0.7102
   -1.6022    1.1996   -0.6205
   -1.7767    1.2044   -0.5288
   -1.9506    1.1756   -0.4375
   -2.1187    1.1143   -0.3495
   -2.2773    1.0224   -0.2668
   -2.4219    0.9023   -0.1915
   -2.5480    0.7558   -0.1258
   -2.6509    0.5875   -0.0723
   -2.7269    0.4017   -0.0326
   -2.7735    0.2035   -0.0082
   -2.7892    0.0000    0.0000
# Travel time at depth = 200.00 km.
   -1.2031    0.9982   -0.8625
   -1.3447    1.0936   -0.7950
   -1.5077    1.1648   -0.7100
   -1.6789    1.2032   -0.6203
   -1.8535    1.2079   -0.5286
   -2.0273    1.1790   -0.4374
   -2.1953    1.1175   -0.3494
   -2.3540    1.0252   -0.2666
   -2.4986    0.9048   -0.1914
   -2.6246    0.7578   -0.1258
   -2.7274    0.5892   -0.0722
   -2.8034    0.4027   -0.0326
   -2.8500    0.2042   -0.0082
   -2.8657    0.0000    0.0000
# Travel time at depth = 300.00 km.
   -1.2786    1.0026   -0.8605
   -1.4194    1.0971   -0.7947
   -1.5822    1.1681   -0.7098
   -1.7533    1.2065   -0.6201
   -1.9279    1.2112   -0.5284
   -2.1017    1.1821   -0.4372
   -2.2697    1.1204   -0.3492
   -2.4285    1.0278   -0.2664
   -2.5729    0.9071   -0.1913
   -2.6989    0.7597   -0.1257
   -2.8016    0.5907   -0.0722
   -2.8777    0.4037   -0.0325
   -2.9243    0.2048   -0.0082
   -2.9400    0.0000    0.0000
# Travel time at depth = 500.00 km.
   -1.4168    1.0106   -0.8561
   -1.5554    1.1027   -0.7941
   -1.7180    1.1737   -0.7093
   -1.8893    1.2121   -0.6196
   -2.0638    1.2166   -0.5279
   -2.2376    1.1874   -0.4368
   -2.4055    1.1254   -0.3488
   -2.5646    1.0320   -0.2659
   -2.7085    0.9109   -0.1910
   -2.8345    0.7629   -0.1255
   -2.9370    0.5934   -0.0722
   -3.0132    0.4053   -0.0325
   -3.0598    0.2056   -0.0082
   -3.0755    0.0000    0.0000
# Travel time at depth = 700.00 km.
   -1.5379    1.0174   -0.8508
   -1.6741    1.1067   -0.7935
   -1.8367    1.1776   -0.7087
   -2.0078    1.2159   -0.6190
   -2.1824    1.2204   -0.5274
   -2.3560    1.1910   -0.4362
   -2.5239    1.1288   -0.3484
   -2.6843    1.0340   -0.2647
   -2.8267    0.9135   -0.1907
   -2.9526    0.7650   -0.1254
   -3.0547    0.5957   -0.0723
   -3.1312    0.4064   -0.0325
   -3.1778    0.2062   -0.0082
   -3.1934    0.0000    0.0000
#@(#)        ec_ak135.sPKPdf     2.2     06 Jun 1996
