# ak135 ellipticity correction table for phase: pP      
  6   Number of depth samples at the following depths (km):
    0.00  100.00  200.00  300.00  500.00  700.00
 31   Number of distance samples at the following distances (deg):
   20.00   25.00   30.00   35.00   40.00   45.00   50.00   55.00   60.00   65.00
   70.00   75.00   80.00   85.00   90.00   95.00  100.00  115.00  120.00  125.00
  130.00  135.00  140.00  145.00  150.00  155.00  160.00  165.00  170.00  175.00
  180.00
# Travel time at depth =   0.00 km.
   -0.5572   -0.1641   -0.0631
   -0.6293   -0.2287   -0.1097
   -0.6535   -0.2816   -0.1524
   -0.6641   -0.3314   -0.2035
   -0.6605   -0.3699   -0.2619
   -0.6435   -0.3940   -0.3267
   -0.6160   -0.4002   -0.3956
   -0.5817   -0.3865   -0.4657
   -0.5438   -0.3514   -0.5360
   -0.5069   -0.2947   -0.6033
   -0.4752   -0.2173   -0.6650
   -0.4525   -0.1206   -0.7192
   -0.4421   -0.0072   -0.7632
   -0.4476    0.1213   -0.7962
   -0.4699    0.2557   -0.8164
   -0.5096    0.3734   -0.8175
   -0.5674    0.4946   -0.8096
   -1.0397    0.9887   -0.8659
   -1.1835    1.0861   -0.7954
   -1.3465    1.1574   -0.7104
   -1.5177    1.1958   -0.6207
   -1.6923    1.2007   -0.5290
   -1.8661    1.1720   -0.4377
   -2.0342    1.1108   -0.3497
   -2.1928    1.0193   -0.2669
   -2.3375    0.8994   -0.1916
   -2.4636    0.7537   -0.1259
   -2.5665    0.5859   -0.0723
   -2.6425    0.4005   -0.0326
   -2.6891    0.2031   -0.0082
   -2.7048    0.0000    0.0000
# Travel time at depth = 100.00 km.
   -0.5925   -0.2069   -0.0616
   -0.6709   -0.2654   -0.1079
   -0.6970   -0.3188   -0.1513
   -0.7076   -0.3672   -0.2011
   -0.7050   -0.4052   -0.2593
   -0.6891   -0.4286   -0.3238
   -0.6625   -0.4341   -0.3924
   -0.6289   -0.4196   -0.4626
   -0.5916   -0.3836   -0.5330
   -0.5552   -0.3259   -0.6003
   -0.5239   -0.2478   -0.6620
   -0.5013   -0.1496   -0.7166
   -0.4910   -0.0352   -0.7608
   -0.4965    0.0947   -0.7940
   -0.5193    0.2311   -0.8143
   -0.5584    0.3490   -0.8160
   -0.6161    0.4695   -0.8079
   -1.0904    0.9790   -0.8631
   -1.2320    1.0747   -0.7951
   -1.3950    1.1460   -0.7101
   -1.5662    1.1844   -0.6204
   -1.7407    1.1895   -0.5287
   -1.9146    1.1610   -0.4375
   -2.0826    1.1003   -0.3495
   -2.2413    1.0097   -0.2667
   -2.3859    0.8911   -0.1914
   -2.5120    0.7469   -0.1258
   -2.6148    0.5808   -0.0723
   -2.6908    0.3968   -0.0326
   -2.7375    0.2017   -0.0082
   -2.7531    0.0000    0.0000
# Travel time at depth = 200.00 km.
   -0.6115   -0.2521   -0.0641
   -0.6787   -0.3116   -0.0983
   -0.7287   -0.3578   -0.1519
   -0.7407   -0.4057   -0.2007
   -0.7397   -0.4428   -0.2578
   -0.7255   -0.4655   -0.3215
   -0.7003   -0.4704   -0.3900
   -0.6680   -0.4553   -0.4597
   -0.6315   -0.4184   -0.5303
   -0.5957   -0.3598   -0.5978
   -0.5649   -0.2803   -0.6598
   -0.5428   -0.1811   -0.7144
   -0.5329   -0.0654   -0.7587
   -0.5387    0.0651   -0.7919
   -0.5619    0.2044   -0.8124
   -0.6008    0.3236   -0.8147
   -0.6595    0.4461   -0.8065
   -1.1352    0.9686   -0.8599
   -1.2746    1.0624   -0.7948
   -1.4375    1.1337   -0.7099
   -1.6086    1.1723   -0.6202
   -1.7832    1.1775   -0.5285
   -1.9570    1.1494   -0.4373
   -2.1250    1.0892   -0.3493
   -2.2839    0.9992   -0.2665
   -2.4283    0.8820   -0.1913
   -2.5544    0.7393   -0.1257
   -2.6571    0.5753   -0.0723
   -2.7332    0.3930   -0.0326
   -2.7798    0.1995   -0.0082
   -2.7955    0.0000    0.0000
# Travel time at depth = 300.00 km.
   -0.6148   -0.2978   -0.0731
   -0.6859   -0.3588   -0.1045
   -0.7524   -0.3979   -0.1540
   -0.7664   -0.4449   -0.2017
   -0.7677   -0.4821   -0.2581
   -0.7555   -0.5047   -0.3218
   -0.7322   -0.5089   -0.3896
   -0.7014   -0.4929   -0.4592
   -0.6671   -0.4557   -0.5282
   -0.6319   -0.3955   -0.5964
   -0.6021   -0.3153   -0.6581
   -0.5807   -0.2150   -0.7127
   -0.5713   -0.0979   -0.7572
   -0.5773    0.0344   -0.7906
   -0.6016    0.1759   -0.8108
   -0.6406    0.2977   -0.8139
   -0.6989    0.4196   -0.8058
   -1.1780    0.9578   -0.8565
   -1.3151    1.0496   -0.7946
   -1.4777    1.1207   -0.7098
   -1.6489    1.1595   -0.6201
   -1.8235    1.1649   -0.5284
   -1.9973    1.1370   -0.4372
   -2.1653    1.0774   -0.3492
   -2.3245    0.9881   -0.2662
   -2.4686    0.8725   -0.1913
   -2.5947    0.7316   -0.1257
   -2.6973    0.5697   -0.0723
   -2.7736    0.3892   -0.0325
   -2.8202    0.1975   -0.0082
   -2.8359    0.0000    0.0000
# Travel time at depth = 500.00 km.
   -0.6214   -0.3892   -0.0591
   -0.7334   -0.4290   -0.1308
   -0.7644   -0.4827   -0.1707
   -0.7864   -0.5293   -0.2166
   -0.7939   -0.5679   -0.2693
   -0.7892   -0.5904   -0.3300
   -0.7729   -0.5936   -0.3951
   -0.7476   -0.5761   -0.4633
   -0.7178   -0.5369   -0.5313
   -0.6873   -0.4752   -0.5973
   -0.6607   -0.3927   -0.6584
   -0.6420   -0.2901   -0.7123
   -0.6348   -0.1687   -0.7570
   -0.6427   -0.0336   -0.7900
   -0.6691    0.1123   -0.8096
   -0.7091    0.2397   -0.8139
   -0.7670    0.3611   -0.8059
   -1.2561    0.9342   -0.8493
   -1.3877    1.0212   -0.7946
   -1.5505    1.0925   -0.7098
   -1.7217    1.1314   -0.6201
   -1.8963    1.1371   -0.5284
   -2.0700    1.1100   -0.4372
   -2.2380    1.0514   -0.3492
   -2.3985    0.9630   -0.2656
   -2.5415    0.8514   -0.1913
   -2.6677    0.7141   -0.1257
   -2.7702    0.5569   -0.0725
   -2.8469    0.3802   -0.0326
   -2.8936    0.1931   -0.0082
   -2.9094    0.0000    0.0000
# Travel time at depth = 700.00 km.
   -0.6280   -0.4806   -0.0591
   -0.7809   -0.2992   -0.1573
   -0.7764   -0.5675   -0.1874
   -0.8064   -0.6137   -0.2315
   -0.7424   -0.6583   -0.3140
   -0.7612   -0.6848   -0.3614
   -0.7640   -0.6896   -0.4184
   -0.7534   -0.6718   -0.4804
   -0.7345   -0.6313   -0.5445
   -0.7126   -0.5677   -0.6076
   -0.6928   -0.4824   -0.6664
   -0.6797   -0.3766   -0.7187
   -0.6774   -0.2531   -0.7616
   -0.6891   -0.1138   -0.7937
   -0.7179    0.0373   -0.8134
   -0.7618    0.1734   -0.8171
   -0.8199    0.2946   -0.8090
   -1.3253    0.9078   -0.8412
   -1.4504    0.9889   -0.7953
   -1.6134    1.0604   -0.7104
   -1.7846    1.0996   -0.6206
   -1.9593    1.1056   -0.5289
   -2.1330    1.0791   -0.4377
   -2.3011    1.0218   -0.3498
   -2.4608    0.9360   -0.2665
   -2.6051    0.8272   -0.1917
   -2.7316    0.6940   -0.1260
   -2.8346    0.5413   -0.0726
   -2.9114    0.3699   -0.0326
   -2.9583    0.1878   -0.0082
   -2.9741    0.0000    0.0000
#@(#)        ec_ak135.pP     2.2     06 Jun 1996
