# ak135 ellipticity correction table for phase: PKKSbc  
  6   Number of depth samples at the following depths (km):
    0.00  100.00  200.00  300.00  500.00  700.00
 14   Number of distance samples at the following distances (deg):
  215.00  220.00  225.00  230.00  235.00  240.00  245.00  250.00  255.00  260.00
  265.00  270.00  275.00  280.00
# Travel time at depth =   0.00 km.
   -1.8717    2.1442   -1.2635
   -1.6727    2.2784   -1.4013
   -1.4686    2.3502   -1.5407
   -1.2730    2.3631   -1.6738
   -1.0962    2.3219   -1.7945
   -0.9383    2.2287   -1.9036
   -0.8077    2.0866   -1.9960
   -0.7106    1.9026   -2.0681
   -0.6508    1.6848   -2.1176
   -0.6312    1.4355   -2.1431
   -0.6545    1.1615   -2.1430
   -0.7233    0.8722   -2.1157
   -0.8361    0.5773   -2.0622
   -0.9922    0.2813   -1.9833
# Travel time at depth = 100.00 km.
   -1.8222    2.1396   -1.2651
   -1.6186    2.2760   -1.4058
   -1.4184    2.3455   -1.5424
   -1.2224    2.3589   -1.6757
   -1.0449    2.3178   -1.7968
   -0.8877    2.2255   -1.9054
   -0.7569    2.0836   -1.9979
   -0.6594    1.8989   -2.0702
   -0.6000    1.6829   -2.1194
   -0.5805    1.4336   -2.1449
   -0.6038    1.1597   -2.1447
   -0.6731    0.8695   -2.1171
   -0.7857    0.5759   -2.0636
   -0.9419    0.2801   -1.9846
# Travel time at depth = 200.00 km.
   -1.7788    2.1354   -1.2666
   -1.5758    2.2698   -1.4067
   -1.3739    2.3415   -1.5443
   -1.1776    2.3554   -1.6778
   -0.9993    2.3145   -1.7994
   -0.8428    2.2232   -1.9074
   -0.7116    2.0814   -2.0000
   -0.6138    1.8962   -2.0725
   -0.5548    1.6817   -2.1214
   -0.5353    1.4325   -2.1468
   -0.5586    1.1585   -2.1467
   -0.6284    0.8676   -2.1187
   -0.7409    0.5750   -2.0653
   -0.8972    0.2795   -1.9862
# Travel time at depth = 300.00 km.
   -1.7377    2.1310   -1.2679
   -1.5304    2.2667   -1.4107
   -1.3315    2.3378   -1.5463
   -1.1347    2.3522   -1.6799
   -0.9556    2.3114   -1.8020
   -0.7980    2.2195   -1.9106
   -0.6682    2.0794   -2.0023
   -0.5702    1.8939   -2.0749
   -0.5114    1.6808   -2.1235
   -0.4919    1.4318   -2.1489
   -0.5153    1.1576   -2.1487
   -0.5855    0.8664   -2.1205
   -0.6979    0.5744   -2.0670
   -0.8543    0.2792   -1.9879
# Travel time at depth = 500.00 km.
   -1.6534    2.1290   -1.2773
   -1.4496    2.2607   -1.4172
   -1.2468    2.3320   -1.5551
   -1.0560    2.3470   -1.6844
   -0.8751    2.3071   -1.8076
   -0.7163    2.2144   -1.9169
   -0.5880    2.0771   -2.0074
   -0.4894    1.8910   -2.0803
   -0.4308    1.6769   -2.1288
   -0.4117    1.4321   -2.1536
   -0.4364    1.1557   -2.1525
   -0.5060    0.8655   -2.1246
   -0.6186    0.5743   -2.0711
   -0.7752    0.2799   -1.9917
# Travel time at depth = 700.00 km.
   -1.5837    2.1239   -1.2828
   -1.3784    2.2558   -1.4233
   -1.1740    2.3279   -1.5620
   -0.9807    2.3431   -1.6928
   -0.8024    2.3046   -1.8139
   -0.6431    2.2123   -1.9234
   -0.5145    2.0756   -2.0139
   -0.4162    1.8903   -2.0865
   -0.3577    1.6764   -2.1347
   -0.3386    1.4293   -2.1597
   -0.3645    1.1539   -2.1576
   -0.4338    0.8676   -2.1297
   -0.5486    0.5713   -2.0750
   -0.7037    0.2825   -1.9962
#@(#)        ec_ak135.PKKSbc     2.2     06 Jun 1996
