# ak135 ellipticity correction table for phase: PcS     
  6   Number of depth samples at the following depths (km):
    0.00  100.00  200.00  300.00  500.00  700.00
 13   Number of distance samples at the following distances (deg):
    0.00    5.00   10.00   15.00   20.00   25.00   30.00   35.00   40.00   45.00
   50.00   55.00   60.00
# Travel time at depth =   0.00 km.
   -2.1220    0.0000    0.0000
   -2.1039   -0.2058   -0.0114
   -2.0504   -0.4034   -0.0453
   -1.9638   -0.5857   -0.1001
   -1.8481   -0.7462   -0.1739
   -1.7081   -0.8790   -0.2637
   -1.5495   -0.9799   -0.3662
   -1.3783   -1.0458   -0.4781
   -1.2008   -1.0749   -0.5955
   -1.0231   -1.0666   -0.7149
   -0.8510   -1.0214   -0.8327
   -0.6898   -0.9406   -0.9456
   -0.5445   -0.8268   -1.0505
# Travel time at depth = 100.00 km.
   -2.0737    0.0000    0.0000
   -2.0556   -0.2070   -0.0115
   -2.0019   -0.4060   -0.0454
   -1.9151   -0.5896   -0.1004
   -1.7992   -0.7511   -0.1744
   -1.6590   -0.8849   -0.2643
   -1.5001   -0.9866   -0.3671
   -1.3288   -1.0532   -0.4791
   -1.1512   -1.0829   -0.5967
   -0.9735   -1.0750   -0.7162
   -0.8014   -1.0301   -0.8341
   -0.6403   -0.9496   -0.9471
   -0.4950   -0.8358   -1.0521
# Travel time at depth = 200.00 km.
   -2.0313    0.0000    0.0000
   -2.0131   -0.2083   -0.0115
   -1.9593   -0.4086   -0.0456
   -1.8723   -0.5934   -0.1008
   -1.7561   -0.7560   -0.1749
   -1.6156   -0.8907   -0.2651
   -1.4566   -0.9932   -0.3681
   -1.2851   -1.0604   -0.4804
   -1.1075   -1.0906   -0.5981
   -0.9297   -1.0831   -0.7177
   -0.7576   -1.0384   -0.8358
   -0.5965   -0.9581   -0.9488
   -0.4513   -0.8443   -1.0538
# Travel time at depth = 300.00 km.
   -1.9910    0.0000    0.0000
   -1.9727   -0.2096   -0.0116
   -1.9187   -0.4113   -0.0457
   -1.8315   -0.5973   -0.1011
   -1.7150   -0.7609   -0.1755
   -1.5743   -0.8966   -0.2660
   -1.4150   -0.9998   -0.3692
   -1.2434   -1.0677   -0.4816
   -1.0656   -1.0984   -0.5996
   -0.8879   -1.0913   -0.7193
   -0.7158   -1.0468   -0.8375
   -0.5547   -0.9666   -0.9506
   -0.4095   -0.8529   -1.0556
# Travel time at depth = 500.00 km.
   -1.9175    0.0000    0.0000
   -1.8991   -0.2125   -0.0117
   -1.8447   -0.4167   -0.0461
   -1.7570   -0.6052   -0.1020
   -1.6399   -0.7710   -0.1769
   -1.4986   -0.9085   -0.2679
   -1.3388   -1.0132   -0.3717
   -1.1669   -1.0823   -0.4845
   -0.9890   -1.1139   -0.6028
   -0.8112   -1.1074   -0.7229
   -0.6392   -1.0634   -0.8413
   -0.4783   -0.9834   -0.9545
   -0.3332   -0.8696   -1.0596
# Travel time at depth = 700.00 km.
   -1.8527    0.0000    0.0000
   -1.8342   -0.2154   -0.0118
   -1.7793   -0.4225   -0.0466
   -1.6910   -0.6135   -0.1030
   -1.5732   -0.7814   -0.1785
   -1.4312   -0.9206   -0.2702
   -1.2710   -1.0268   -0.3745
   -1.0987   -1.0969   -0.4880
   -0.9207   -1.1293   -0.6067
   -0.7430   -1.1233   -0.7271
   -0.5711   -1.0796   -0.8457
   -0.4103   -0.9996   -0.9591
   -0.2653   -0.8856   -1.0643
#@(#)        ec_ak135.PcS     2.2     06 Jun 1996
