# ak135 ellipticity correction table for phase: Pdiff 
  6   Number of depth samples at the following depths (km):
    0.00  100.00  200.00  300.00  500.00  700.00
 11   Number of distance samples at the following distances (deg):
  100.00  105.00  110.00  115.00  120.00  125.00  130.00  135.00  140.00  145.00
  150.00
# Travel time at depth =   0.00 km.
   -0.5675    0.4958   -0.8078
   -0.6373    0.6270   -0.7675
   -0.7257    0.7423   -0.7164
   -0.8302    0.8380   -0.6561
   -0.9475    0.9114   -0.5884
   -1.0740    0.9601   -0.5154
   -1.2059    0.9827   -0.4392
   -1.3392    0.9786   -0.3622
   -1.4699    0.9477   -0.2868
   -1.5939    0.8911   -0.2152
   -1.7076    0.8106   -0.1495
# Travel time at depth = 100.00 km.
   -0.5176    0.4888   -0.8083
   -0.5874    0.6200   -0.7680
   -0.6758    0.7353   -0.7169
   -0.7803    0.8310   -0.6566
   -0.8975    0.9044   -0.5889
   -1.0241    0.9531   -0.5159
   -1.1560    0.9757   -0.4397
   -1.2893    0.9715   -0.3627
   -1.4200    0.9407   -0.2873
   -1.5440    0.8841   -0.2157
   -1.6577    0.8035   -0.1501
# Travel time at depth = 200.00 km.
   -0.4735    0.4824   -0.8088
   -0.5433    0.6136   -0.7685
   -0.6318    0.7289   -0.7175
   -0.7363    0.8246   -0.6572
   -0.8535    0.8980   -0.5894
   -0.9800    0.9467   -0.5164
   -1.1120    0.9693   -0.4402
   -1.2453    0.9651   -0.3633
   -1.3760    0.9343   -0.2878
   -1.5000    0.8777   -0.2162
   -1.6137    0.7971   -0.1506
# Travel time at depth = 300.00 km.
   -0.4314    0.4761   -0.8093
   -0.5012    0.6074   -0.7690
   -0.5897    0.7226   -0.7180
   -0.6941    0.8184   -0.6577
   -0.8114    0.8917   -0.5900
   -0.9379    0.9405   -0.5169
   -1.0698    0.9631   -0.4407
   -1.2032    0.9589   -0.3638
   -1.3338    0.9281   -0.2883
   -1.4579    0.8715   -0.2167
   -1.5715    0.7909   -0.1511
# Travel time at depth = 500.00 km.
   -0.3541    0.4649   -0.8104
   -0.4239    0.5961   -0.7701
   -0.5124    0.7113   -0.7190
   -0.6168    0.8071   -0.6587
   -0.7341    0.8805   -0.5910
   -0.8606    0.9292   -0.5180
   -0.9925    0.9518   -0.4418
   -1.1258    0.9476   -0.3648
   -1.2565    0.9168   -0.2894
   -1.3806    0.8602   -0.2178
   -1.4942    0.7796   -0.1522
# Travel time at depth = 700.00 km.
   -0.2849    0.4554   -0.8115
   -0.3546    0.5866   -0.7712
   -0.4431    0.7019   -0.7202
   -0.5476    0.7976   -0.6599
   -0.6648    0.8710   -0.5922
   -0.7913    0.9197   -0.5191
   -0.9233    0.9423   -0.4430
   -1.0566    0.9382   -0.3660
   -1.1873    0.9073   -0.2905
   -1.3113    0.8507   -0.2189
   -1.4250    0.7702   -0.1533
