# ak135 ellipticity correction table for phase: SKKPbc  
  6   Number of depth samples at the following depths (km):
    0.00  100.00  200.00  300.00  500.00  700.00
 14   Number of distance samples at the following distances (deg):
  215.00  220.00  225.00  230.00  235.00  240.00  245.00  250.00  255.00  260.00
  265.00  270.00  275.00  280.00
# Travel time at depth =   0.00 km.
   -2.2124    1.2264   -1.0668
   -2.0589    1.5230   -1.1784
   -1.9108    1.6977   -1.2854
   -1.7722    1.8037   -1.3856
   -1.6493    1.8537   -1.4752
   -1.5422    1.8557   -1.5550
   -1.4570    1.8125   -1.6211
   -1.3981    1.7296   -1.6711
   -1.3684    1.6131   -1.7033
   -1.3697    1.4664   -1.7167
   -1.4036    1.2948   -1.7105
   -1.4706    1.1061   -1.6842
   -1.5697    0.9084   -1.6386
   -1.7006    0.7046   -1.5743
# Travel time at depth = 100.00 km.
   -2.1257    1.2253   -1.0687
   -1.9728    1.5170   -1.1798
   -1.8248    1.6914   -1.2867
   -1.6861    1.7976   -1.3869
   -1.5630    1.8478   -1.4767
   -1.4562    1.8501   -1.5562
   -1.3710    1.8071   -1.6223
   -1.3120    1.7243   -1.6724
   -1.2825    1.6086   -1.7044
   -1.2839    1.4621   -1.7178
   -1.3179    1.2911   -1.7115
   -1.3850    1.1024   -1.6851
   -1.4841    0.9052   -1.6395
   -1.6150    0.7018   -1.5751
# Travel time at depth = 200.00 km.
   -2.0466    1.2243   -1.0707
   -1.8910    1.5178   -1.1838
   -1.7464    1.6855   -1.2882
   -1.6071    1.7919   -1.3887
   -1.4843    1.8422   -1.4783
   -1.3779    1.8448   -1.5575
   -1.2926    1.8021   -1.6237
   -1.2335    1.7195   -1.6738
   -1.2042    1.6045   -1.7056
   -1.2057    1.4583   -1.7189
   -1.2397    1.2875   -1.7126
   -1.3071    1.0987   -1.6860
   -1.4061    0.9022   -1.6405
   -1.5371    0.6989   -1.5760
# Travel time at depth = 300.00 km.
   -1.9699    1.2230   -1.0726
   -1.8144    1.5123   -1.1856
   -1.6702    1.6794   -1.2897
   -1.5314    1.7858   -1.3899
   -1.4079    1.8366   -1.4799
   -1.3018    1.8395   -1.5589
   -1.2164    1.7971   -1.6251
   -1.1573    1.7146   -1.6752
   -1.1282    1.6003   -1.7069
   -1.1297    1.4544   -1.7201
   -1.1638    1.2838   -1.7138
   -1.2314    1.0950   -1.6871
   -1.3303    0.8991   -1.6415
   -1.4614    0.6962   -1.5770
# Travel time at depth = 500.00 km.
   -1.8296    1.2202   -1.0766
   -1.6744    1.4994   -1.1893
   -1.5306    1.6678   -1.2930
   -1.3917    1.7744   -1.3932
   -1.2677    1.8257   -1.4835
   -1.1612    1.8289   -1.5627
   -1.0767    1.7876   -1.6281
   -1.0175    1.7053   -1.6783
   -0.9887    1.5926   -1.7097
   -0.9904    1.4473   -1.7228
   -1.0245    1.2770   -1.7164
   -1.0926    1.0884   -1.6894
   -1.1914    0.8934   -1.6438
   -1.3226    0.6911   -1.5792
# Travel time at depth = 700.00 km.
   -1.7016    1.2256   -1.0844
   -1.5498    1.4917   -1.1945
   -1.4044    1.6596   -1.2993
   -1.2690    1.7639   -1.3969
   -1.1443    1.8158   -1.4876
   -1.0373    1.8191   -1.5670
   -0.9538    1.7793   -1.6318
   -0.8945    1.6969   -1.6820
   -0.8659    1.5849   -1.7131
   -0.8678    1.4411   -1.7260
   -0.9023    1.2715   -1.7192
   -0.9705    1.0828   -1.6922
   -1.0694    0.8886   -1.6465
   -1.2008    0.6870   -1.5818
#@(#)        ec_ak135.SKKPbc     2.2     06 Jun 1996
