# ak135 ellipticity correction table for phase: sP      
  6   Number of depth samples at the following depths (km):
    0.00  100.00  200.00  300.00  500.00  700.00
 34   Number of distance samples at the following distances (deg):
    5.00   10.00   15.00   20.00   25.00   30.00   35.00   40.00   45.00   50.00
   55.00   60.00   65.00   70.00   75.00   80.00   85.00   90.00   95.00  100.00
  115.00  120.00  125.00  130.00  135.00  140.00  145.00  150.00  155.00  160.00
  165.00  170.00  175.00  180.00
# Travel time at depth =   0.00 km.
   -0.1764   -0.0133   -0.0019
   -0.3206   -0.0484   -0.0069
   -0.4535   -0.1027   -0.0178
   -0.5572   -0.1641   -0.0631
   -0.6293   -0.2287   -0.1097
   -0.6535   -0.2816   -0.1524
   -0.6641   -0.3314   -0.2035
   -0.6605   -0.3699   -0.2619
   -0.6435   -0.3940   -0.3267
   -0.6160   -0.4002   -0.3956
   -0.5817   -0.3865   -0.4657
   -0.5438   -0.3514   -0.5360
   -0.5069   -0.2947   -0.6033
   -0.4752   -0.2173   -0.6650
   -0.4525   -0.1206   -0.7192
   -0.4421   -0.0072   -0.7632
   -0.4476    0.1213   -0.7962
   -0.4699    0.2557   -0.8164
   -0.5096    0.3734   -0.8175
   -0.5674    0.4946   -0.8096
   -1.0397    0.9887   -0.8659
   -1.1835    1.0861   -0.7954
   -1.3465    1.1574   -0.7104
   -1.5177    1.1958   -0.6207
   -1.6923    1.2007   -0.5290
   -1.8661    1.1720   -0.4377
   -2.0342    1.1108   -0.3497
   -2.1928    1.0193   -0.2669
   -2.3375    0.8994   -0.1916
   -2.4636    0.7537   -0.1259
   -2.5665    0.5859   -0.0723
   -2.6425    0.4005   -0.0326
   -2.6891    0.2031   -0.0082
   -2.7048    0.0000    0.0000
# Travel time at depth = 100.00 km.
   -0.2491    0.0340   -0.0015
   -0.3937   -0.0013   -0.0063
   -0.5276   -0.0562   -0.0170
   -0.6365   -0.1279   -0.0616
   -0.7110   -0.1993   -0.1083
   -0.7369   -0.2545   -0.1517
   -0.7466   -0.3040   -0.2019
   -0.7434   -0.3439   -0.2602
   -0.7269   -0.3696   -0.3249
   -0.6999   -0.3773   -0.3937
   -0.6659   -0.3652   -0.4638
   -0.6283   -0.3315   -0.5342
   -0.5916   -0.2763   -0.6015
   -0.5602   -0.2008   -0.6630
   -0.5374   -0.1052   -0.7175
   -0.5271    0.0067   -0.7617
   -0.5325    0.1340   -0.7949
   -0.5551    0.2673   -0.8151
   -0.5944    0.3849   -0.8165
   -0.6526    0.5058   -0.8085
   -1.1253    0.9935   -0.8643
   -1.2683    1.0901   -0.7950
   -1.4310    1.1612   -0.7102
   -1.6022    1.1996   -0.6205
   -1.7767    1.2044   -0.5288
   -1.9506    1.1756   -0.4375
   -2.1187    1.1143   -0.3495
   -2.2773    1.0224   -0.2668
   -2.4219    0.9023   -0.1915
   -2.5480    0.7558   -0.1258
   -2.6509    0.5875   -0.0723
   -2.7269    0.4017   -0.0326
   -2.7735    0.2035   -0.0082
   -2.7892    0.0000    0.0000
# Travel time at depth = 200.00 km.
   -0.3134    0.0804   -0.0005
   -0.4584    0.0450   -0.0052
   -0.5932   -0.0105   -0.0157
   -0.7077   -0.0923   -0.0597
   -0.7849   -0.1706   -0.1065
   -0.8109   -0.2268   -0.1499
   -0.8214   -0.2772   -0.1998
   -0.8187   -0.3186   -0.2580
   -0.8028   -0.3457   -0.3226
   -0.7762   -0.3551   -0.3912
   -0.7425   -0.3446   -0.4615
   -0.7052   -0.3125   -0.5319
   -0.6687   -0.2588   -0.5993
   -0.6374   -0.1846   -0.6611
   -0.6147   -0.0903   -0.7157
   -0.6044    0.0201   -0.7600
   -0.6098    0.1458   -0.7933
   -0.6325    0.2782   -0.8136
   -0.6716    0.3955   -0.8154
   -0.7298    0.5157   -0.8073
   -1.2031    0.9982   -0.8625
   -1.3447    1.0936   -0.7950
   -1.5077    1.1648   -0.7100
   -1.6789    1.2032   -0.6203
   -1.8535    1.2079   -0.5286
   -2.0273    1.1790   -0.4374
   -2.1953    1.1175   -0.3494
   -2.3540    1.0252   -0.2666
   -2.4986    0.9048   -0.1914
   -2.6246    0.7578   -0.1258
   -2.7274    0.5892   -0.0722
   -2.8034    0.4027   -0.0326
   -2.8500    0.2042   -0.0082
   -2.8657    0.0000    0.0000
# Travel time at depth = 300.00 km.
   -0.3754    0.1260    0.0010
   -0.5207    0.0905   -0.0036
   -0.6563    0.0346   -0.0138
   -0.7769   -0.0573   -0.0574
   -0.8566   -0.1424   -0.1044
   -0.8822   -0.1985   -0.1471
   -0.8940   -0.2509   -0.1974
   -0.8919   -0.2938   -0.2556
   -0.8766   -0.3223   -0.3196
   -0.8505   -0.3335   -0.3882
   -0.8172   -0.3246   -0.4586
   -0.7800   -0.2941   -0.5294
   -0.7438   -0.2420   -0.5968
   -0.7124   -0.1689   -0.6590
   -0.6899   -0.0761   -0.7137
   -0.6796    0.0329   -0.7582
   -0.6849    0.1567   -0.7915
   -0.7078    0.2886   -0.8120
   -0.7467    0.4059   -0.8142
   -0.8053    0.5263   -0.8061
   -1.2786    1.0026   -0.8605
   -1.4194    1.0971   -0.7947
   -1.5822    1.1681   -0.7098
   -1.7533    1.2065   -0.6201
   -1.9279    1.2112   -0.5284
   -2.1017    1.1821   -0.4372
   -2.2697    1.1204   -0.3492
   -2.4285    1.0278   -0.2664
   -2.5729    0.9071   -0.1913
   -2.6989    0.7597   -0.1257
   -2.8016    0.5907   -0.0722
   -2.8777    0.4037   -0.0325
   -2.9243    0.2048   -0.0082
   -2.9400    0.0000    0.0000
# Travel time at depth = 500.00 km.
   -0.4846    0.2154    0.0058
   -0.6305    0.1797    0.0015
   -0.7670    0.1234   -0.0080
   -0.8834    0.0396   -0.0381
   -0.9672   -0.0597   -0.0864
   -1.0127   -0.1456   -0.1420
   -1.0264   -0.2004   -0.1918
   -1.0256   -0.2455   -0.2488
   -1.0112   -0.2777   -0.3137
   -0.9860   -0.2921   -0.3824
   -0.9535   -0.2864   -0.4527
   -0.9170   -0.2593   -0.5238
   -0.8811   -0.2100   -0.5914
   -0.8501   -0.1400   -0.6537
   -0.8277   -0.0503   -0.7087
   -0.8174    0.0563   -0.7537
   -0.8225    0.1774   -0.7875
   -0.8462    0.3096   -0.8086
   -0.8846    0.4259   -0.8114
   -0.9427    0.5442   -0.8034
   -1.4168    1.0106   -0.8561
   -1.5554    1.1027   -0.7941
   -1.7180    1.1737   -0.7093
   -1.8893    1.2121   -0.6196
   -2.0638    1.2166   -0.5279
   -2.2376    1.1874   -0.4368
   -2.4055    1.1254   -0.3488
   -2.5646    1.0320   -0.2659
   -2.7085    0.9109   -0.1910
   -2.8345    0.7629   -0.1255
   -2.9370    0.5934   -0.0722
   -3.0132    0.4053   -0.0325
   -3.0598    0.2056   -0.0082
   -3.0755    0.0000    0.0000
# Travel time at depth = 700.00 km.
   -0.5938    0.3048    0.0106
   -0.7182    0.2674    0.0100
   -0.8562    0.2106    0.0011
   -0.9810    0.1357   -0.0152
   -1.0748    0.0054   -0.0765
   -1.1273   -0.0956   -0.1344
   -1.1414   -0.1521   -0.1842
   -1.1418   -0.2003   -0.2414
   -1.1290   -0.2354   -0.3052
   -1.1051   -0.2533   -0.3737
   -1.0733   -0.2512   -0.4447
   -1.0376   -0.2275   -0.5155
   -1.0025   -0.1820   -0.5833
   -0.9712   -0.1144   -0.6468
   -0.9488   -0.0274   -0.7025
   -0.9385    0.0766   -0.7481
   -0.9434    0.1954   -0.7826
   -0.9669    0.3233   -0.8036
   -1.0061    0.4440   -0.8078
   -1.0632    0.5591   -0.8000
   -1.5379    1.0174   -0.8508
   -1.6741    1.1067   -0.7935
   -1.8367    1.1776   -0.7087
   -2.0078    1.2159   -0.6190
   -2.1824    1.2204   -0.5274
   -2.3560    1.1910   -0.4362
   -2.5239    1.1288   -0.3484
   -2.6843    1.0340   -0.2647
   -2.8267    0.9135   -0.1907
   -2.9526    0.7650   -0.1254
   -3.0547    0.5957   -0.0723
   -3.1312    0.4064   -0.0325
   -3.1778    0.2062   -0.0082
   -3.1934    0.0000    0.0000
#@(#)        ec_ak135.sP     2.2     06 Jun 1996
