# ak135 ellipticity correction table for phase: PKKPdf  
  6   Number of depth samples at the following depths (km):
    0.00  100.00  200.00  300.00  500.00  700.00
 31   Number of distance samples at the following distances (deg):
  210.00  215.00  220.00  225.00  230.00  235.00  240.00  245.00  250.00  255.00
  260.00  265.00  270.00  275.00  280.00  285.00  290.00  295.00  300.00  305.00
  310.00  315.00  320.00  325.00  330.00  335.00  340.00  345.00  350.00  355.00
  360.00
# Travel time at depth =   0.00 km.
   -1.6491    1.4983   -1.1101
   -1.5224    1.6774   -1.1905
   -1.3992    1.8110   -1.2707
   -1.2773    1.9038   -1.3502
   -1.1617    1.9547   -1.4260
   -1.0567    1.9637   -1.4957
   -0.9670    1.9203   -1.5565
   -0.8967    1.8360   -1.6062
   -0.8495    1.7190   -1.6424
   -0.8282    1.5739   -1.6636
   -0.8351    1.4027   -1.6686
   -0.8717    1.2150   -1.6562
   -0.9391    1.0143   -1.6260
   -1.0366    0.8078   -1.5782
   -1.1647    0.5990   -1.5126
   -1.3173    0.3998   -1.4325
   -1.4982    0.2066   -1.3358
   -1.6979    0.0317   -1.2277
   -1.9147   -0.1234   -1.1094
   -2.1443   -0.2554   -0.9833
   -2.3816   -0.3611   -0.8522
   -2.6187   -0.4376   -0.7207
   -2.8464   -0.4838   -0.5941
   -3.0697   -0.5020   -0.4695
   -3.2738   -0.4913   -0.3554
   -3.4559   -0.4545   -0.2534
   -3.6134   -0.3937   -0.1651
   -3.7392   -0.3136   -0.0945
   -3.8319   -0.2178   -0.0424
   -3.8884   -0.1116   -0.0107
   -3.9074    0.0000    0.0000
# Travel time at depth = 100.00 km.
   -1.5906    1.5050   -1.1144
   -1.4727    1.6739   -1.1914
   -1.3496    1.8074   -1.2716
   -1.2278    1.9002   -1.3511
   -1.1119    1.9513   -1.4270
   -1.0069    1.9605   -1.4968
   -0.9171    1.9172   -1.5576
   -0.8468    1.8331   -1.6073
   -0.7995    1.7163   -1.6435
   -0.7781    1.5715   -1.6648
   -0.7850    1.4005   -1.6697
   -0.8217    1.2131   -1.6573
   -0.8892    1.0124   -1.6271
   -0.9867    0.8063   -1.5792
   -1.1150    0.5973   -1.5135
   -1.2675    0.3987   -1.4334
   -1.4485    0.2058   -1.3366
   -1.6483    0.0311   -1.2285
   -1.8652   -0.1238   -1.1102
   -2.0953   -0.2559   -0.9837
   -2.3325   -0.3614   -0.8527
   -2.5698   -0.4378   -0.7211
   -2.7974   -0.4840   -0.5945
   -3.0210   -0.5019   -0.4697
   -3.2251   -0.4912   -0.3556
   -3.4073   -0.4544   -0.2536
   -3.5649   -0.3936   -0.1652
   -3.6908   -0.3136   -0.0945
   -3.7836   -0.2177   -0.0424
   -3.8401   -0.1116   -0.0107
   -3.8591    0.0000    0.0000
# Travel time at depth = 200.00 km.
   -1.5501    1.4963   -1.1133
   -1.4294    1.6700   -1.1922
   -1.3057    1.8042   -1.2727
   -1.1838    1.8970   -1.3521
   -1.0679    1.9482   -1.4282
   -0.9626    1.9576   -1.4980
   -0.8728    1.9144   -1.5589
   -0.8025    1.8305   -1.6085
   -0.7552    1.7139   -1.6448
   -0.7338    1.5695   -1.6660
   -0.7407    1.3986   -1.6710
   -0.7774    1.2114   -1.6586
   -0.8449    1.0110   -1.6283
   -0.9424    0.8052   -1.5805
   -1.0711    0.5961   -1.5145
   -1.2234    0.3980   -1.4345
   -1.4045    0.2053   -1.3377
   -1.6045    0.0308   -1.2295
   -1.8215   -0.1240   -1.1110
   -2.0521   -0.2561   -0.9843
   -2.2893   -0.3614   -0.8533
   -2.5267   -0.4378   -0.7216
   -2.7543   -0.4839   -0.5949
   -2.9781   -0.5018   -0.4700
   -3.1824   -0.4910   -0.3558
   -3.3646   -0.4542   -0.2538
   -3.5224   -0.3934   -0.1653
   -3.6483   -0.3134   -0.0946
   -3.7412   -0.2177   -0.0425
   -3.7977   -0.1115   -0.0107
   -3.8167    0.0000    0.0000
# Travel time at depth = 300.00 km.
   -1.5055    1.4976   -1.1161
   -1.3873    1.6670   -1.1934
   -1.2640    1.8006   -1.2736
   -1.1417    1.8938   -1.3533
   -1.0256    1.9452   -1.4294
   -0.9204    1.9547   -1.4992
   -0.8305    1.9117   -1.5602
   -0.7601    1.8280   -1.6099
   -0.7127    1.7117   -1.6462
   -0.6913    1.5676   -1.6674
   -0.6982    1.3968   -1.6724
   -0.7349    1.2099   -1.6600
   -0.8025    1.0098   -1.6296
   -0.9000    0.8042   -1.5818
   -1.0291    0.5950   -1.5157
   -1.1811    0.3976   -1.4357
   -1.3625    0.2050   -1.3388
   -1.5626    0.0306   -1.2304
   -1.7797   -0.1240   -1.1119
   -2.0108   -0.2562   -0.9849
   -2.2479   -0.3612   -0.8539
   -2.4855   -0.4376   -0.7221
   -2.7132   -0.4836   -0.5954
   -2.9373   -0.5015   -0.4703
   -3.1416   -0.4908   -0.3561
   -3.3243   -0.4539   -0.2537
   -3.4818   -0.3932   -0.1654
   -3.6078   -0.3133   -0.0947
   -3.7007   -0.2175   -0.0425
   -3.7573   -0.1115   -0.0107
   -3.7763    0.0000    0.0000
# Travel time at depth = 500.00 km.
   -1.4319    1.4863   -1.1164
   -1.3104    1.6605   -1.1957
   -1.1867    1.7945   -1.2762
   -1.0645    1.8878   -1.3559
   -0.9482    1.9394   -1.4321
   -0.8427    1.9493   -1.5021
   -0.7527    1.9067   -1.5631
   -0.6820    1.8235   -1.6129
   -0.6346    1.7076   -1.6493
   -0.6131    1.5643   -1.6705
   -0.6200    1.3939   -1.6755
   -0.6567    1.2076   -1.6631
   -0.7244    1.0079   -1.6327
   -0.8220    0.8031   -1.5847
   -0.9519    0.5934   -1.5181
   -1.1035    0.3975   -1.4385
   -1.2851    0.2053   -1.3413
   -1.4857    0.0311   -1.2327
   -1.7031   -0.1233   -1.1139
   -1.9350   -0.2555   -0.9864
   -2.1722   -0.3603   -0.8553
   -2.4102   -0.4365   -0.7233
   -2.6380   -0.4825   -0.5965
   -2.8627   -0.5005   -0.4711
   -3.0672   -0.4898   -0.3567
   -3.2506   -0.4529   -0.2540
   -3.4080   -0.3924   -0.1657
   -3.5342   -0.3127   -0.0948
   -3.6272   -0.2171   -0.0425
   -3.6838   -0.1113   -0.0107
   -3.7029    0.0000    0.0000
# Travel time at depth = 700.00 km.
   -1.3614    1.4834   -1.1204
   -1.2420    1.6539   -1.1983
   -1.1181    1.7881   -1.2790
   -0.9953    1.8820   -1.3590
   -0.8786    1.9341   -1.4354
   -0.7729    1.9445   -1.5055
   -0.6827    1.9022   -1.5666
   -0.6119    1.8196   -1.6165
   -0.5643    1.7043   -1.6530
   -0.5427    1.5604   -1.6743
   -0.5496    1.3919   -1.6793
   -0.5863    1.2062   -1.6667
   -0.6541    1.0071   -1.6362
   -0.7521    0.8025   -1.5881
   -0.8801    0.5971   -1.5224
   -1.0336    0.3988   -1.4417
   -1.2158    0.2067   -1.3442
   -1.4167    0.0328   -1.2354
   -1.6346   -0.1213   -1.1163
   -1.8675   -0.2537   -0.9882
   -2.1048   -0.3583   -0.8570
   -2.3433   -0.4345   -0.7247
   -2.5728   -0.4807   -0.5969
   -2.7966   -0.4986   -0.4719
   -3.0013   -0.4881   -0.3574
   -3.1852   -0.4514   -0.2543
   -3.3427   -0.3912   -0.1660
   -3.4691   -0.3117   -0.0950
   -3.5623   -0.2164   -0.0426
   -3.6190   -0.1109   -0.0107
   -3.6381    0.0000    0.0000
#@(#)        ec_ak135.PKKPdf     2.2     06 Jun 1996
