# ak135 ellipticity correction table for phase: sSKSac  
  6   Number of depth samples at the following depths (km):
    0.00  100.00  200.00  300.00  500.00  700.00
 16   Number of distance samples at the following distances (deg):
   65.00   70.00   75.00   80.00   85.00   90.00   95.00  100.00  105.00  110.00
  115.00  120.00  125.00  130.00  135.00  140.00
# Travel time at depth =   0.00 km.
   -1.0116   -0.5567   -1.2331
   -0.9206   -0.3723   -1.3235
   -0.8596   -0.1716   -1.3964
   -0.8314    0.0538   -1.4590
   -0.8362    0.2881   -1.4991
   -0.8749    0.5317   -1.5152
   -0.9472    0.7699   -1.5071
   -1.0565    1.0048   -1.4748
   -1.1986    1.2204   -1.4203
   -1.3702    1.4105   -1.3460
   -1.5686    1.5705   -1.2539
   -1.7916    1.6961   -1.1457
   -2.0327    1.7811   -1.0252
   -2.2844    1.8212   -0.8966
   -2.5374    1.8151   -0.7653
   -2.7852    1.7625   -0.6347
# Travel time at depth = 100.00 km.
   -1.0976   -0.5956   -1.2307
   -1.0064   -0.4110   -1.3212
   -0.9444   -0.2067   -1.3954
   -0.9170    0.0180   -1.4565
   -0.9218    0.2535   -1.4968
   -0.9606    0.5016   -1.5133
   -1.0331    0.7426   -1.5053
   -1.1417    0.9779   -1.4735
   -1.2842    1.1964   -1.4190
   -1.4557    1.3881   -1.3448
   -1.6541    1.5499   -1.2528
   -1.8752    1.6766   -1.1457
   -2.1177    1.7640   -1.0245
   -2.3693    1.8054   -0.8961
   -2.6215    1.8011   -0.7652
   -2.8704    1.7496   -0.6341
# Travel time at depth = 200.00 km.
   -1.1746   -0.6367   -1.2289
   -1.0835   -0.4519   -1.3193
   -1.0214   -0.2476   -1.3935
   -0.9941   -0.0217   -1.4541
   -0.9991    0.2196   -1.4950
   -1.0379    0.4689   -1.5117
   -1.1108    0.7134   -1.5038
   -1.2177    0.9478   -1.4727
   -1.3615    1.1706   -1.4179
   -1.5331    1.3643   -1.3437
   -1.7316    1.5280   -1.2518
   -1.9529    1.6563   -1.1447
   -2.1947    1.7452   -1.0240
   -2.4462    1.7890   -0.8956
   -2.6973    1.7867   -0.7654
   -2.9478    1.7364   -0.6335
# Travel time at depth = 300.00 km.
   -1.2480   -0.6798   -1.2276
   -1.1568   -0.4947   -1.3181
   -1.0948   -0.2902   -1.3922
   -1.0678   -0.0664   -1.4517
   -1.0730    0.1834   -1.4937
   -1.1117    0.4333   -1.5104
   -1.1854    0.6824   -1.5026
   -1.2938    0.9174   -1.4707
   -1.4358    1.1433   -1.4171
   -1.6077    1.3393   -1.3429
   -1.8063    1.5050   -1.2510
   -2.0271    1.6356   -1.1443
   -2.2690    1.7258   -1.0236
   -2.5207    1.7717   -0.8952
   -2.7689    1.7716   -0.7666
   -3.0228    1.7223   -0.6330
# Travel time at depth = 500.00 km.
   -1.3765   -0.7728   -1.2279
   -1.2855   -0.5879   -1.3182
   -1.2246   -0.3853   -1.3911
   -1.1968   -0.1528   -1.4511
   -1.2037    0.0978   -1.4921
   -1.2438    0.3564   -1.5092
   -1.3185    0.6124   -1.5014
   -1.4269    0.8556   -1.4702
   -1.5680    1.0808   -1.4170
   -1.7415    1.2833   -1.3424
   -1.9410    1.4543   -1.2504
   -2.1639    1.5891   -1.1427
   -2.4024    1.6830   -1.0239
   -2.6558    1.7334   -0.8948
   -2.9056    1.7376   -0.7654
   -3.1594    1.6916   -0.6320
# Travel time at depth = 700.00 km.
   -1.4554   -0.8530   -1.2327
   -1.3874   -0.6937   -1.3227
   -1.3258   -0.4867   -1.3967
   -1.2994   -0.2532   -1.4546
   -1.3098    0.0030   -1.4940
   -1.3530    0.2700   -1.5105
   -1.4287    0.5296   -1.5025
   -1.5396    0.7814   -1.4708
   -1.6828    1.0136   -1.4169
   -1.8552    1.2189   -1.3431
   -2.0546    1.3942   -1.2513
   -2.2802    1.5356   -1.1425
   -2.5197    1.6345   -1.0234
   -2.7715    1.6895   -0.8953
   -3.0239    1.6986   -0.7647
   -3.2777    1.6564   -0.6314
#@(#)        ec_ak135.sSKSac     2.2     06 Jun 1996
