# ak135 ellipticity correction table for phase: sS      
  6   Number of depth samples at the following depths (km):
    0.00  100.00  200.00  300.00  500.00  700.00
 32   Number of distance samples at the following distances (deg):
   20.00   25.00   30.00   35.00   40.00   45.00   50.00   55.00   60.00   65.00
   70.00   75.00   80.00   85.00   90.00   95.00  100.00  110.00  115.00  120.00
  125.00  130.00  135.00  140.00  145.00  150.00  155.00  160.00  165.00  170.00
  175.00  180.00
# Travel time at depth =   0.00 km.
   -1.0139   -0.2986   -0.1142
   -1.1470   -0.4154   -0.2014
   -1.1855   -0.5121   -0.2799
   -1.2008   -0.5988   -0.3691
   -1.1929   -0.6690   -0.4719
   -1.1634   -0.7144   -0.5848
   -1.1152   -0.7298   -0.7071
   -1.0550   -0.7104   -0.8325
   -0.9887   -0.6533   -0.9583
   -0.9235   -0.5576   -1.0798
   -0.8670   -0.4249   -1.1922
   -0.8254   -0.2552   -1.2931
   -0.8061   -0.0583   -1.3755
   -0.8140    0.1700   -1.4398
   -0.8554    0.4190   -1.4811
   -0.9309    0.6630   -1.4945
   -1.0395    0.8937   -1.4827
   -1.3702    1.3403   -1.3967
   -1.5671    1.5239   -1.2921
   -1.7887    1.6658   -1.1732
   -2.0277    1.7615   -1.0442
   -2.2780    1.8088   -0.9086
   -2.5315    1.8062   -0.7710
   -2.7814    1.7544   -0.6353
   -3.0219    1.6548   -0.5044
   -3.2446    1.5113   -0.3830
   -3.4455    1.3271   -0.2733
   -3.6176    1.1082   -0.1791
   -3.7578    0.8579   -0.1024
   -3.8605    0.5850   -0.0461
   -3.9232    0.2966   -0.0116
   -3.9444    0.0000    0.0000
# Travel time at depth = 100.00 km.
   -1.0727   -0.3779   -0.1109
   -1.2214   -0.4816   -0.1985
   -1.2598   -0.5762   -0.2765
   -1.2765   -0.6628   -0.3649
   -1.2703   -0.7325   -0.4672
   -1.2423   -0.7775   -0.5801
   -1.1960   -0.7919   -0.7013
   -1.1374   -0.7718   -0.8262
   -1.0724   -0.7141   -0.9515
   -1.0077   -0.6171   -1.0738
   -0.9514   -0.4824   -1.1870
   -0.9107   -0.3130   -1.2872
   -0.8910   -0.1096   -1.3722
   -0.8992    0.1157   -1.4351
   -0.9408    0.3685   -1.4771
   -1.0166    0.6170   -1.4913
   -1.1237    0.8484   -1.4803
   -1.4548    1.3296   -1.3964
   -1.6518    1.5132   -1.2917
   -1.8733    1.6553   -1.1729
   -2.1123    1.7512   -1.0440
   -2.3626    1.7988   -0.9084
   -2.6161    1.7964   -0.7708
   -2.8659    1.7451   -0.6351
   -3.1064    1.6467   -0.5042
   -3.3291    1.5037   -0.3829
   -3.5298    1.3212   -0.2732
   -3.7020    1.1024   -0.1791
   -3.8421    0.8530   -0.1023
   -3.9448    0.5840   -0.0460
   -4.0076    0.2928   -0.0116
   -4.0287    0.0000    0.0000
# Travel time at depth = 200.00 km.
   -1.1038   -0.4612   -0.1159
   -1.2737   -0.5489   -0.1968
   -1.3183   -0.6437   -0.2764
   -1.3370   -0.7304   -0.3639
   -1.3334   -0.7990   -0.4639
   -1.3074   -0.8443   -0.5774
   -1.2636   -0.8581   -0.6975
   -1.2063   -0.8370   -0.8232
   -1.1430   -0.7782   -0.9481
   -1.0801   -0.6805   -1.0695
   -1.0250   -0.5447   -1.1826
   -0.9850   -0.3733   -1.2831
   -0.9664   -0.1701   -1.3674
   -0.9748    0.0600   -1.4316
   -1.0165    0.3139   -1.4738
   -1.0937    0.5728   -1.4896
   -1.1999    0.7997   -1.4779
   -1.5314    1.3180   -1.3963
   -1.7287    1.5022   -1.2915
   -1.9501    1.6441   -1.1727
   -2.1891    1.7401   -1.0438
   -2.4394    1.7880   -0.9082
   -2.6929    1.7861   -0.7706
   -2.9426    1.7358   -0.6349
   -3.1832    1.6379   -0.5041
   -3.4058    1.4963   -0.3827
   -3.6064    1.3148   -0.2732
   -3.7787    1.0980   -0.1790
   -3.9187    0.8498   -0.1023
   -4.0214    0.5802   -0.0460
   -4.0841    0.2943   -0.0116
   -4.1053    0.0000    0.0000
# Travel time at depth = 300.00 km.
   -1.1085   -0.5442   -0.1329
   -1.2436   -0.6546   -0.1906
   -1.3671   -0.7132   -0.2804
   -1.3868   -0.8019   -0.3683
   -1.3858   -0.8694   -0.4664
   -1.3633   -0.9137   -0.5773
   -1.3221   -0.9274   -0.6974
   -1.2674   -0.9052   -0.8223
   -1.2066   -0.8458   -0.9463
   -1.1455   -0.7468   -1.0675
   -1.0922   -0.6099   -1.1802
   -1.0534   -0.4365   -1.2809
   -1.0358   -0.2286   -1.3661
   -1.0453    0.0010   -1.4294
   -1.0874    0.2560   -1.4715
   -1.1644    0.5213   -1.4891
   -1.2721    0.7490   -1.4764
   -1.6061    1.3067   -1.3960
   -1.8031    1.4904   -1.2913
   -2.0245    1.6325   -1.1725
   -2.2636    1.7288   -1.0435
   -2.5138    1.7769   -0.9080
   -2.7673    1.7755   -0.7705
   -3.0169    1.7257   -0.6348
   -3.2576    1.6287   -0.5039
   -3.4802    1.4883   -0.3826
   -3.6805    1.3081   -0.2733
   -3.8530    1.0921   -0.1789
   -3.9930    0.8458   -0.1023
   -4.0956    0.5772   -0.0460
   -4.1584    0.2928   -0.0116
   -4.1795    0.0000    0.0000
# Travel time at depth = 500.00 km.
   -1.2716   -0.6911   -0.1640
   -1.3394   -0.7764   -0.2362
   -1.4072   -0.8617   -0.3076
   -1.4346   -0.9479   -0.3901
   -1.4420   -1.0191   -0.4857
   -1.4295   -1.0643   -0.5921
   -1.3980   -1.0783   -0.7086
   -1.3525   -1.0554   -0.8299
   -1.2991   -0.9949   -0.9517
   -1.2446   -0.8940   -1.0711
   -1.1970   -0.7547   -1.1820
   -1.1628   -0.5777   -1.2821
   -1.1494   -0.3674   -1.3660
   -1.1624   -0.1307   -1.4295
   -1.2067    0.1267   -1.4708
   -1.2876    0.4012   -1.4879
   -1.3963    0.6367   -1.4766
   -1.7415    1.2810   -1.3958
   -1.9386    1.4649   -1.2911
   -2.1601    1.6072   -1.1723
   -2.3992    1.7038   -1.0433
   -2.6494    1.7525   -0.9077
   -2.9028    1.7523   -0.7702
   -3.1524    1.7038   -0.6346
   -3.3932    1.6088   -0.5037
   -3.6158    1.4706   -0.3824
   -3.8158    1.2933   -0.2733
   -3.9887    1.0798   -0.1788
   -4.1285    0.8366   -0.1022
   -4.2311    0.5707   -0.0460
   -4.2939    0.2899   -0.0116
   -4.3150    0.0000    0.0000
# Travel time at depth = 700.00 km.
   -1.4347   -0.8380   -0.1967
   -1.4352   -0.8982   -0.2818
   -1.4473   -1.0102   -0.3348
   -1.4997   -1.2050   -0.5064
   -1.3788   -1.1785   -0.5533
   -1.3916   -1.2300   -0.6473
   -1.3848   -1.2475   -0.7510
   -1.3602   -1.2270   -0.8636
   -1.3240   -1.1664   -0.9790
   -1.2841   -1.0651   -1.0923
   -1.2479   -0.9226   -1.2002
   -1.2239   -0.7436   -1.2961
   -1.2190   -0.5299   -1.3772
   -1.2392   -0.2865   -1.4394
   -1.2906   -0.0204   -1.4790
   -1.3762    0.2589   -1.4943
   -1.4884    0.5049   -1.4833
   -1.8590    1.2520   -1.3958
   -2.0561    1.4360   -1.2911
   -2.2778    1.5786   -1.1722
   -2.5169    1.6757   -1.0432
   -2.7671    1.7250   -0.9076
   -3.0204    1.7257   -0.7702
   -3.2701    1.6788   -0.6346
   -3.5109    1.5861   -0.5037
   -3.7337    1.4505   -0.3823
   -3.9338    1.2761   -0.2732
   -4.1067    1.0659   -0.1787
   -4.2465    0.8261   -0.1022
   -4.3491    0.5639   -0.0460
   -4.4118    0.2859   -0.0116
   -4.4330    0.0000    0.0000
#@(#)        ec_ak135.sS     2.2     06 Jun 1996
