# ak135 ellipticity correction table for phase: sPdiff
  6   Number of depth samples at the following depths (km):
    0.00  100.00  200.00  300.00  500.00  700.00
 10   Number of distance samples at the following distances (deg):
  100.00  105.00  110.00  115.00  120.00  125.00  130.00  135.00  140.00  145.00
# Travel time at depth =   0.00 km.
   -0.5675    0.4958   -0.8078
   -0.6373    0.6270   -0.7675
   -0.7257    0.7423   -0.7164
   -0.8302    0.8380   -0.6561
   -0.9475    0.9114   -0.5884
   -1.0740    0.9601   -0.5154
   -1.2059    0.9827   -0.4392
   -1.3392    0.9786   -0.3622
   -1.4699    0.9477   -0.2868
   -1.5939    0.8911   -0.2152
# Travel time at depth = 100.00 km.
   -0.6526    0.5058   -0.8085
   -0.7224    0.6370   -0.7682
   -0.8108    0.7523   -0.7171
   -0.9153    0.8480   -0.6568
   -1.0326    0.9214   -0.5891
   -1.1591    0.9701   -0.5161
   -1.2910    0.9927   -0.4399
   -1.4243    0.9886   -0.3629
   -1.5550    0.9577   -0.2875
   -1.6790    0.9011   -0.2159
# Travel time at depth = 200.00 km.
   -0.7298    0.5157   -0.8073
   -0.7996    0.6469   -0.7670
   -0.8880    0.7622   -0.7159
   -0.9925    0.8579   -0.6556
   -1.1098    0.9313   -0.5879
   -1.2363    0.9800   -0.5149
   -1.3682    1.0026   -0.4387
   -1.5015    0.9985   -0.3617
   -1.6322    0.9676   -0.2863
   -1.7562    0.9110   -0.2147
# Travel time at depth = 300.00 km.
   -0.8053    0.5263   -0.8061
   -0.8751    0.6575   -0.7658
   -0.9635    0.7728   -0.7147
   -1.0680    0.8685   -0.6544
   -1.1853    0.9419   -0.5867
   -1.3118    0.9906   -0.5137
   -1.4437    1.0132   -0.4375
   -1.5770    1.0091   -0.3605
   -1.7077    0.9782   -0.2851
   -1.8317    0.9216   -0.2135
# Travel time at depth = 500.00 km.
   -0.9427    0.5442   -0.8034
   -1.0125    0.6754   -0.7631
   -1.1009    0.7907   -0.7120
   -1.2054    0.8864   -0.6517
   -1.3227    0.9598   -0.5840
   -1.4492    1.0085   -0.5110
   -1.5811    1.0311   -0.4348
   -1.7144    1.0270   -0.3578
   -1.8451    0.9961   -0.2824
   -1.9691    0.9395   -0.2108
# Travel time at depth = 700.00 km.
   -1.0632    0.5591   -0.8000
   -1.1330    0.6903   -0.7597
   -1.2214    0.8056   -0.7086
   -1.3259    0.9013   -0.6483
   -1.4432    0.9747   -0.5806
   -1.5697    1.0234   -0.5076
   -1.7016    1.0460   -0.4314
   -1.8349    1.0419   -0.3544
   -1.9656    1.0110   -0.2790
   -2.0896    0.9544   -0.2074
