# ak135 ellipticity correction table for phase: SKSac   
  6   Number of depth samples at the following depths (km):
    0.00  100.00  200.00  300.00  500.00  700.00
 16   Number of distance samples at the following distances (deg):
   65.00   70.00   75.00   80.00   85.00   90.00   95.00  100.00  105.00  110.00
  115.00  120.00  125.00  130.00  135.00  140.00
# Travel time at depth =   0.00 km.
   -1.0116   -0.5567   -1.2331
   -0.9206   -0.3723   -1.3235
   -0.8596   -0.1716   -1.3964
   -0.8314    0.0538   -1.4590
   -0.8362    0.2881   -1.4991
   -0.8749    0.5317   -1.5152
   -0.9472    0.7699   -1.5071
   -1.0565    1.0048   -1.4748
   -1.1986    1.2204   -1.4203
   -1.3702    1.4105   -1.3460
   -1.5686    1.5705   -1.2539
   -1.7916    1.6961   -1.1457
   -2.0327    1.7811   -1.0252
   -2.2844    1.8212   -0.8966
   -2.5374    1.8151   -0.7653
   -2.7852    1.7625   -0.6347
# Travel time at depth = 100.00 km.
   -0.9252   -0.5718   -1.2357
   -0.8341   -0.3873   -1.3262
   -0.7724   -0.1823   -1.4004
   -0.7453    0.0396   -1.4616
   -0.7504    0.2786   -1.5017
   -0.7887    0.5200   -1.5172
   -0.8623    0.7628   -1.5086
   -0.9708    0.9962   -1.4763
   -1.1127    1.2121   -1.4218
   -1.2844    1.4032   -1.3472
   -1.4829    1.5640   -1.2550
   -1.7069    1.6906   -1.1463
   -1.9476    1.7759   -1.0259
   -2.1995    1.8167   -0.8972
   -2.4529    1.8110   -0.7655
   -2.6999    1.7594   -0.6354
# Travel time at depth = 200.00 km.
   -0.8463   -0.5863   -1.2387
   -0.7553   -0.4017   -1.3291
   -0.6943   -0.1965   -1.4029
   -0.6670    0.0252   -1.4642
   -0.6721    0.2676   -1.5043
   -0.7102    0.5084   -1.5195
   -0.7846    0.7548   -1.5103
   -0.8927    0.9877   -1.4780
   -1.0343    1.2041   -1.4234
   -1.2062    1.3961   -1.3487
   -1.4056    1.5582   -1.2560
   -1.6296    1.6854   -1.1472
   -1.8701    1.7712   -1.0268
   -2.1222    1.8126   -0.8978
   -2.3761    1.8074   -0.7659
   -2.6260    1.7553   -0.6342
# Travel time at depth = 300.00 km.
   -0.7698   -0.6011   -1.2416
   -0.6787   -0.4162   -1.3322
   -0.6191   -0.2101   -1.4051
   -0.5907    0.0140   -1.4676
   -0.5960    0.2557   -1.5069
   -0.6343    0.4985   -1.5217
   -0.7088    0.7458   -1.5123
   -0.8167    0.9790   -1.4798
   -0.9581    1.1959   -1.4252
   -1.1302    1.3889   -1.3502
   -1.3317    1.5532   -1.2564
   -1.5544    1.6801   -1.1481
   -1.7949    1.7664   -1.0276
   -2.0473    1.8084   -0.8985
   -2.3015    1.8038   -0.7663
   -2.5539    1.7512   -0.6332
# Travel time at depth = 500.00 km.
   -0.6295   -0.6302   -1.2483
   -0.5381   -0.4439   -1.3393
   -0.4783   -0.2396   -1.4137
   -0.4512   -0.0088   -1.4746
   -0.4566    0.2308   -1.5124
   -0.4959    0.4822   -1.5266
   -0.5695    0.7271   -1.5167
   -0.6772    0.9615   -1.4839
   -0.8212    1.1838   -1.4278
   -0.9942    1.3783   -1.3521
   -1.1945    1.5424   -1.2585
   -1.4165    1.6699   -1.1503
   -1.6571    1.7575   -1.0297
   -1.9102    1.8007   -0.9000
   -2.1647    1.7971   -0.7675
   -2.4200    1.7445   -0.6327
# Travel time at depth = 700.00 km.
   -0.5063   -0.6579   -1.2560
   -0.4150   -0.4715   -1.3470
   -0.3549   -0.2594   -1.4237
   -0.3293   -0.0332   -1.4817
   -0.3348    0.2141   -1.5192
   -0.3735    0.4620   -1.5322
   -0.4480    0.7119   -1.5215
   -0.5573    0.9504   -1.4875
   -0.7005    1.1719   -1.4312
   -0.8733    1.3671   -1.3553
   -1.0736    1.5323   -1.2615
   -1.2955    1.6609   -1.1531
   -1.5374    1.7499   -1.0315
   -1.7903    1.7941   -0.9018
   -2.0445    1.7915   -0.7693
   -2.3020    1.7391   -0.6332
#@(#)        ec_ak135.SKSac     2.2     06 Jun 1996
