# ak135 ellipticity correction table for phase: SKSdf   
  6   Number of depth samples at the following depths (km):
    0.00  100.00  200.00  300.00  500.00  700.00
 16   Number of distance samples at the following distances (deg):
  105.00  110.00  115.00  120.00  125.00  130.00  135.00  140.00  145.00  150.00
  155.00  160.00  165.00  170.00  175.00  180.00
# Travel time at depth =   0.00 km.
   -1.2059    1.1252   -1.4797
   -1.3702    1.3403   -1.3967
   -1.5671    1.5239   -1.2921
   -1.7887    1.6658   -1.1732
   -2.0277    1.7615   -1.0442
   -2.2780    1.8088   -0.9086
   -2.5315    1.8062   -0.7710
   -2.7814    1.7544   -0.6353
   -3.0219    1.6548   -0.5044
   -3.2446    1.5113   -0.3830
   -3.4455    1.3271   -0.2733
   -3.6176    1.1082   -0.1791
   -3.7578    0.8579   -0.1024
   -3.8605    0.5850   -0.0461
   -3.9232    0.2966   -0.0116
   -3.9444    0.0000    0.0000
# Travel time at depth = 100.00 km.
   -1.1209    1.1207   -1.4830
   -1.2855    1.3375   -1.3969
   -1.4825    1.5210   -1.2923
   -1.7041    1.6629   -1.1734
   -1.9430    1.7587   -1.0445
   -2.1934    1.8060   -0.9089
   -2.4469    1.8036   -0.7713
   -2.6969    1.7519   -0.6354
   -2.9373    1.6526   -0.5046
   -3.1600    1.5097   -0.3832
   -3.3611    1.3257   -0.2734
   -3.5332    1.1071   -0.1792
   -3.6734    0.8570   -0.1024
   -3.7761    0.5845   -0.0461
   -3.8389    0.2963   -0.0116
   -3.8600    0.0000    0.0000
# Travel time at depth = 200.00 km.
   -1.0453    1.1209   -1.4792
   -1.2087    1.3348   -1.3972
   -1.4056    1.5183   -1.2926
   -1.6271    1.6601   -1.1738
   -1.8661    1.7560   -1.0448
   -2.1165    1.8034   -0.9092
   -2.3701    1.8010   -0.7715
   -2.6201    1.7496   -0.6356
   -2.8605    1.6505   -0.5048
   -3.0833    1.5079   -0.3833
   -3.2845    1.3241   -0.2734
   -3.4565    1.1059   -0.1793
   -3.5968    0.8561   -0.1025
   -3.6995    0.5838   -0.0461
   -3.7623    0.2960   -0.0116
   -3.7835    0.0000    0.0000
# Travel time at depth = 300.00 km.
   -0.9692    1.1153   -1.4818
   -1.1340    1.3318   -1.3976
   -1.3311    1.5155   -1.2928
   -1.5524    1.6573   -1.1741
   -1.7915    1.7532   -1.0451
   -2.0419    1.8007   -0.9095
   -2.2955    1.7985   -0.7718
   -2.5457    1.7472   -0.6358
   -2.7859    1.6484   -0.5050
   -3.0088    1.5060   -0.3835
   -3.2101    1.3224   -0.2735
   -3.3821    1.1047   -0.1794
   -3.5224    0.8552   -0.1025
   -3.6252    0.5832   -0.0461
   -3.6881    0.2956   -0.0116
   -3.7092    0.0000    0.0000
# Travel time at depth = 500.00 km.
   -0.8286    1.1028   -1.4866
   -0.9976    1.3265   -1.3983
   -1.1948    1.5103   -1.2935
   -1.4162    1.6521   -1.1748
   -1.6552    1.7481   -1.0458
   -1.9056    1.7957   -0.9101
   -2.1593    1.7937   -0.7724
   -2.4099    1.7427   -0.6362
   -2.6498    1.6445   -0.5056
   -2.8728    1.5027   -0.3839
   -3.0744    1.3195   -0.2737
   -3.2463    1.1026   -0.1796
   -3.3868    0.8535   -0.1026
   -3.4897    0.5821   -0.0461
   -3.5526    0.2951   -0.0116
   -3.5737    0.0000    0.0000
# Travel time at depth = 700.00 km.
   -0.7139    1.1048   -1.4853
   -0.8786    1.3218   -1.3992
   -1.0758    1.5056   -1.2944
   -1.2972    1.6476   -1.1756
   -1.5363    1.7436   -1.0466
   -1.7868    1.7914   -0.9109
   -2.0405    1.7896   -0.7731
   -2.2916    1.7387   -0.6366
   -2.5311    1.6412   -0.5062
   -2.7542    1.4999   -0.3844
   -2.9562    1.3170   -0.2740
   -3.1280    1.1008   -0.1799
   -3.2687    0.8521   -0.1027
   -3.3717    0.5811   -0.0462
   -3.4346    0.2946   -0.0116
   -3.4557    0.0000    0.0000
#@(#)        ec_ak135.SKSdf     2.2     06 Jun 1996
