# ak135 ellipticity correction table for phase: pSKSac  
  6   Number of depth samples at the following depths (km):
    0.00  100.00  200.00  300.00  500.00  700.00
 15   Number of distance samples at the following distances (deg):
   70.00   75.00   80.00   85.00   90.00   95.00  100.00  105.00  110.00  115.00
  120.00  125.00  130.00  135.00  140.00
# Travel time at depth =   0.00 km.
   -0.9206   -0.3723   -1.3235
   -0.8596   -0.1716   -1.3964
   -0.8314    0.0538   -1.4590
   -0.8362    0.2881   -1.4991
   -0.8749    0.5317   -1.5152
   -0.9472    0.7699   -1.5071
   -1.0565    1.0048   -1.4748
   -1.1986    1.2204   -1.4203
   -1.3702    1.4105   -1.3460
   -1.5686    1.5705   -1.2539
   -1.7916    1.6961   -1.1457
   -2.0327    1.7811   -1.0252
   -2.2844    1.8212   -0.8966
   -2.5374    1.8151   -0.7653
   -2.7852    1.7625   -0.6347
# Travel time at depth = 100.00 km.
   -0.9731   -0.4225   -1.3185
   -0.9109   -0.2184   -1.3927
   -0.8832    0.0064   -1.4536
   -0.8878    0.2451   -1.4947
   -0.9263    0.4929   -1.5115
   -0.9989    0.7354   -1.5037
   -1.1063    0.9693   -1.4724
   -1.2494    1.1897   -1.4178
   -1.4208    1.3820   -1.3437
   -1.6192    1.5443   -1.2519
   -1.8403    1.6713   -1.1448
   -2.0823    1.7589   -1.0240
   -2.3338    1.8012   -0.8956
   -2.5852    1.7973   -0.7652
   -2.8351    1.7463   -0.6336
# Travel time at depth = 200.00 km.
   -1.0196   -0.4784   -1.3131
   -0.9576   -0.2741   -1.3871
   -0.9294   -0.0495   -1.4472
   -0.9335    0.1987   -1.4899
   -0.9705    0.4436   -1.5074
   -1.0445    0.6962   -1.5000
   -1.1508    0.9313   -1.4695
   -1.2935    1.1546   -1.4155
   -1.4652    1.3503   -1.3415
   -1.6637    1.5152   -1.2498
   -1.8851    1.6447   -1.1427
   -2.1255    1.7343   -1.0229
   -2.3771    1.7792   -0.8946
   -2.6255    1.7783   -0.7659
   -2.8792    1.7286   -0.6324
# Travel time at depth = 300.00 km.
   -1.0636   -0.5388   -1.3077
   -1.0021   -0.3350   -1.3812
   -0.9725   -0.1044   -1.4418
   -0.9764    0.1410   -1.4843
   -1.0143    0.3994   -1.5031
   -1.0871    0.6518   -1.4965
   -1.1943    0.8928   -1.4661
   -1.3342    1.1154   -1.4136
   -1.5066    1.3153   -1.3397
   -1.7057    1.4838   -1.2479
   -1.9276    1.6164   -1.1408
   -2.1655    1.7078   -1.0224
   -2.4183    1.7558   -0.8936
   -2.6677    1.7574   -0.7645
   -2.9211    1.7097   -0.6313
# Travel time at depth = 500.00 km.
   -1.1414   -0.6790   -1.2976
   -1.0793   -0.4725   -1.3717
   -1.0498   -0.2468   -1.4290
   -1.0536    0.0157   -1.4736
   -1.0912    0.2856   -1.4944
   -1.1644    0.5506   -1.4892
   -1.2698    0.7977   -1.4605
   -1.4123    1.0327   -1.4077
   -1.5833    1.2380   -1.3351
   -1.7797    1.4112   -1.2451
   -2.0037    1.5516   -1.1374
   -2.2425    1.6494   -1.0189
   -2.4901    1.7028   -0.8932
   -2.7444    1.7106   -0.7618
   -2.9972    1.6676   -0.6291
# Travel time at depth = 700.00 km.
   -1.2027   -0.8580   -1.2905
   -1.1408   -0.6521   -1.3641
   -1.1104   -0.4295   -1.4200
   -1.1163   -0.1532   -1.4630
   -1.1560    0.1423   -1.4856
   -1.2294    0.4231   -1.4822
   -1.3366    0.6859   -1.4542
   -1.4775    0.9288   -1.4031
   -1.6472    1.1427   -1.3319
   -1.8475    1.3272   -1.2407
   -2.0688    1.4739   -1.1349
   -2.3077    1.5795   -1.0167
   -2.5575    1.6406   -0.8903
   -2.8106    1.6556   -0.7599
   -3.0629    1.6189   -0.6277
#@(#)        ec_ak135.pSKSac     2.2     06 Jun 1996
