# ak135 ellipticity correction table for phase: P 
  6   Number of depth samples at the following depths (km):
    0.00  100.00  200.00  300.00  500.00  700.00
 37   Number of distance samples at the following distances (deg):
    0.00    5.00   10.00   15.00   20.00   25.00   30.00   35.00   40.00   45.00
   50.00   55.00   60.00   65.00   70.00   75.00   80.00   85.00   90.00   95.00
  100.00  105.00  110.00  115.00  120.00  125.00  130.00  135.00  140.00  145.00
  150.00  155.00  160.00  165.00  170.00  175.00  180.00
# Travel time at depth =   0.00 km.
    0.0000    0.0000    0.0000
   -0.1764   -0.0133   -0.0019
   -0.3206   -0.0484   -0.0069
   -0.4535   -0.1027   -0.0178
   -0.5572   -0.1641   -0.0631
   -0.6293   -0.2287   -0.1097
   -0.6535   -0.2816   -0.1524
   -0.6641   -0.3314   -0.2035
   -0.6605   -0.3699   -0.2619
   -0.6435   -0.3940   -0.3267
   -0.6160   -0.4002   -0.3956
   -0.5817   -0.3865   -0.4657
   -0.5438   -0.3514   -0.5360
   -0.5069   -0.2947   -0.6033
   -0.4752   -0.2173   -0.6650
   -0.4525   -0.1206   -0.7192
   -0.4421   -0.0072   -0.7632
   -0.4476    0.1213   -0.7962
   -0.4699    0.2557   -0.8164
   -0.5096    0.3734   -0.8175
   -0.5675    0.4958   -0.8078
   -0.6373    0.6270   -0.7675
   -0.7257    0.7423   -0.7164
   -1.0397    0.9887   -0.8659
   -1.1835    1.0861   -0.7954
   -1.3465    1.1574   -0.7104
   -1.5177    1.1958   -0.6207
   -1.6923    1.2007   -0.5290
   -1.8661    1.1720   -0.4377
   -2.0342    1.1108   -0.3497
   -2.1928    1.0193   -0.2669
   -2.3375    0.8994   -0.1916
   -2.4636    0.7537   -0.1259
   -2.5665    0.5859   -0.0723
   -2.6425    0.4005   -0.0326
   -2.6891    0.2031   -0.0082
   -2.7048    0.0000    0.0000
# Travel time at depth = 100.00 km.
   -0.0483    0.0000    0.0000
   -0.1808   -0.0472    0.0110
   -0.3013   -0.0953   -0.0097
   -0.4218   -0.1434   -0.0304
   -0.5194   -0.1991   -0.0664
   -0.5859   -0.2563   -0.1120
   -0.6099   -0.3103   -0.1567
   -0.6192   -0.3567   -0.2065
   -0.6144   -0.3940   -0.2659
   -0.5968   -0.4159   -0.3300
   -0.5685   -0.4204   -0.3990
   -0.5336   -0.4049   -0.4691
   -0.4949   -0.3678   -0.5399
   -0.4580   -0.3099   -0.6064
   -0.4260   -0.2307   -0.6682
   -0.4031   -0.1326   -0.7220
   -0.3927   -0.0176   -0.7659
   -0.3982    0.1118   -0.7985
   -0.4202    0.2474   -0.8187
   -0.4604    0.3651   -0.8192
   -0.5176    0.4888   -0.8083
   -0.5874    0.6200   -0.7680
   -0.6758    0.7353   -0.7169
   -0.9890    0.9848   -0.8688
   -1.1351    1.0840   -0.7956
   -1.2979    1.1551   -0.7107
   -1.4691    1.1936   -0.6210
   -1.6437    1.1985   -0.5293
   -1.8176    1.1699   -0.4380
   -1.9857    1.1088   -0.3499
   -2.1443    1.0176   -0.2672
   -2.2891    0.8981   -0.1917
   -2.4153    0.7527   -0.1260
   -2.5182    0.5850   -0.0723
   -2.5942    0.4001   -0.0326
   -2.6408    0.2029   -0.0082
   -2.6565    0.0000    0.0000
# Travel time at depth = 200.00 km.
   -0.0907    0.0000    0.0000
   -0.1827   -0.0937    0.0048
   -0.2934   -0.1389   -0.0156
   -0.4041   -0.1841   -0.0360
   -0.4900   -0.2338   -0.0700
   -0.5497   -0.2840   -0.1146
   -0.5727   -0.3369   -0.1593
   -0.5811   -0.3825   -0.2104
   -0.5751   -0.4175   -0.2696
   -0.5562   -0.4377   -0.3345
   -0.5269   -0.4401   -0.4035
   -0.4911   -0.4226   -0.4738
   -0.4523   -0.3838   -0.5438
   -0.4150   -0.3242   -0.6102
   -0.3828   -0.2437   -0.6716
   -0.3597   -0.1442   -0.7251
   -0.3491   -0.0273   -0.7689
   -0.3545    0.1023   -0.8010
   -0.3763    0.2400   -0.8214
   -0.4169    0.3572   -0.8211
   -0.4735    0.4824   -0.8088
   -0.5433    0.6136   -0.7685
   -0.6318    0.7289   -0.7175
   -0.9441    0.9815   -0.8726
   -1.0924    1.0822   -0.7960
   -1.2553    1.1534   -0.7110
   -1.4264    1.1919   -0.6213
   -1.6010    1.1968   -0.5296
   -1.7749    1.1683   -0.4383
   -1.9432    1.1073   -0.3502
   -2.1017    1.0163   -0.2674
   -2.2466    0.8971   -0.1919
   -2.3728    0.7517   -0.1261
   -2.4759    0.5842   -0.0723
   -2.5518    0.3997   -0.0326
   -2.5985    0.2027   -0.0082
   -2.6141    0.0000    0.0000
# Travel time at depth = 300.00 km.
   -0.1311    0.0000    0.0000
   -0.1856   -0.1405    0.0055
   -0.2889   -0.1784   -0.0192
   -0.3922   -0.2163   -0.0439
   -0.4644   -0.2682   -0.0736
   -0.5175   -0.3137   -0.1184
   -0.5384   -0.3638   -0.1617
   -0.5456   -0.4081   -0.2139
   -0.5384   -0.4409   -0.2729
   -0.5182   -0.4594   -0.3385
   -0.4880   -0.4598   -0.4075
   -0.4514   -0.4404   -0.4778
   -0.4120   -0.3999   -0.5476
   -0.3741   -0.3385   -0.6141
   -0.3415   -0.2561   -0.6753
   -0.3182   -0.1551   -0.7285
   -0.3076   -0.0371   -0.7719
   -0.3129    0.0925   -0.8034
   -0.3344    0.2331   -0.8242
   -0.3754    0.3492   -0.8231
   -0.4314    0.4761   -0.8093
   -0.5012    0.6074   -0.7690
   -0.5897    0.7226   -0.7180
   -0.9043    0.9807   -0.8724
   -1.0518    1.0806   -0.7963
   -1.2145    1.1517   -0.7114
   -1.3857    1.1903   -0.6217
   -1.5604    1.1953   -0.5300
   -1.7343    1.1668   -0.4386
   -1.9026    1.1060   -0.3504
   -2.0612    1.0152   -0.2676
   -2.2061    0.8961   -0.1921
   -2.3324    0.7510   -0.1262
   -2.4355    0.5835   -0.0724
   -2.5114    0.3993   -0.0327
   -2.5581    0.2025   -0.0082
   -2.5738    0.0000    0.0000
# Travel time at depth = 500.00 km.
   -0.2045    0.0000    0.0000
   -0.2253   -0.1954    0.0035
   -0.2959   -0.2408   -0.0229
   -0.3665   -0.2862   -0.0493
   -0.4309   -0.3211   -0.0852
   -0.4636   -0.3708   -0.1234
   -0.4812   -0.4192   -0.1685
   -0.4847   -0.4596   -0.2219
   -0.4741   -0.4882   -0.2816
   -0.4508   -0.5023   -0.3476
   -0.4184   -0.4986   -0.4163
   -0.3801   -0.4754   -0.4862
   -0.3393   -0.4315   -0.5556
   -0.2997   -0.3657   -0.6227
   -0.2665   -0.2803   -0.6833
   -0.2426   -0.1754   -0.7361
   -0.2319   -0.0564   -0.7782
   -0.2370    0.0786   -0.8099
   -0.2599    0.2097   -0.8252
   -0.2993    0.3334   -0.8276
   -0.3541    0.4649   -0.8104
   -0.4239    0.5961   -0.7701
   -0.5124    0.7113   -0.7190
   -0.8270    0.9755   -0.8749
   -0.9774    1.0779   -0.7972
   -1.1403    1.1492   -0.7123
   -1.3116    1.1878   -0.6225
   -1.4863    1.1929   -0.5307
   -1.6603    1.1645   -0.4393
   -1.8287    1.1039   -0.3511
   -1.9875    1.0135   -0.2681
   -2.1328    0.8943   -0.1923
   -2.2592    0.7494   -0.1263
   -2.3621    0.5826   -0.0725
   -2.4379    0.3987   -0.0327
   -2.4846    0.2021   -0.0082
   -2.5003    0.0000    0.0000
# Travel time at depth = 700.00 km.
   -0.2693    0.0000    0.0000
   -0.2799   -0.2382    0.0104
   -0.3198   -0.2857   -0.0229
   -0.3597   -0.3332   -0.0562
   -0.3996   -0.3807   -0.0895
   -0.4258   -0.4301   -0.1292
   -0.4383   -0.4733   -0.1760
   -0.4365   -0.5094   -0.2307
   -0.4210   -0.5342   -0.2923
   -0.3942   -0.5436   -0.3581
   -0.3588   -0.5357   -0.4269
   -0.3175   -0.5081   -0.4977
   -0.2746   -0.4598   -0.5670
   -0.2344   -0.3909   -0.6326
   -0.2002   -0.3018   -0.6927
   -0.1760   -0.1953   -0.7440
   -0.1647   -0.0706   -0.7863
   -0.1710    0.0657   -0.8158
   -0.1923    0.1936   -0.8303
   -0.2318    0.3193   -0.8327
   -0.2849    0.4554   -0.8115
   -0.3546    0.5866   -0.7712
   -0.4431    0.7019   -0.7202
   -0.7620    0.9745   -0.8755
   -0.9120    1.0765   -0.7981
   -1.0747    1.1477   -0.7132
   -1.2461    1.1864   -0.6234
   -1.4209    1.1915   -0.5316
   -1.5949    1.1633   -0.4402
   -1.7635    1.1028   -0.3518
   -1.9223    1.0128   -0.2688
   -2.0682    0.8934   -0.1925
   -2.1946    0.7486   -0.1264
   -2.2973    0.5822   -0.0726
   -2.3731    0.3986   -0.0328
   -2.4198    0.2020   -0.0082
   -2.4355    0.0000    0.0000
