# UNCLASSIFIED
#
# Response info for I42PT IDC infrasound site(s).
#
# Effective: 9 Nov 2010
# Response Created: 05 Jan 2011
# File name: I42PT.BDF.1289290286
# Inid: 7547 7552 7554 7556 7558 7560 7562 7564 
# Source:  James Neely (TTD), TSgt Gregory Swindle
# System equipment:  MB2005 INFRASONIC MICROBAROMETER sensor and EUROPA-TRIDENT digitizer
#
# This response file was derived from equations of state.
# Pressure response relative to 1.0 at 1.0 Hz.
#
# The calib values for this configuration are as follows:
#
# I42H1 BDF is 0.000100 Pa/count at 1.0 Hz.
# I42H2 BDF is 0.000100 Pa/count at 1.0 Hz.
# I42H3 BDF is 0.000100 Pa/count at 1.0 Hz.
# I42H4 BDF is 0.000100 Pa/count at 1.0 Hz.
# I42H5 BDF is 0.000100 Pa/count at 1.0 Hz.
# I42H6 BDF is 0.000100 Pa/count at 1.0 Hz.
# I42H7 BDF is 0.000100 Pa/count at 1.0 Hz.
# I42H8 BDF is 0.000100 Pa/count at 1.0 Hz.
#
# Freq(Hz)     Amp(counts/Pa)   Phase(deg)  Error(amp)  Error(phase)
#
 theoretical  0       system    fap   J.Neely
2048
0.010000	0.707645198	44.948123	0.0	0.0
0.014880	0.830542867	33.833213	0.0	0.0
0.019761	0.892800258	26.756495	0.0	0.0
0.024641	0.927139399	21.986571	0.0	0.0
0.029521	0.947666184	18.594158	0.0	0.0
0.034402	0.960778204	16.072052	0.0	0.0
0.039282	0.969612780	14.128772	0.0	0.0
0.044162	0.975827028	12.587581	0.0	0.0
0.049043	0.980354351	11.336032	0.0	0.0
0.053923	0.983749900	10.299552	0.0	0.0
0.058803	0.986359377	9.426900	0.0	0.0
0.063683	0.988406627	8.681786	0.0	0.0
0.068564	0.990041514	8.037828	0.0	0.0
0.073444	0.991367309	7.475405	0.0	0.0
0.078324	0.992456986	6.979638	0.0	0.0
0.083205	0.993363256	6.539042	0.0	0.0
0.088085	0.994124943	6.144618	0.0	0.0
0.092965	0.994771145	5.789215	0.0	0.0
0.097846	0.995324006	5.467080	0.0	0.0
0.102726	0.995800617	5.173537	0.0	0.0
0.107606	0.996214337	4.904743	0.0	0.0
0.112487	0.996575726	4.657513	0.0	0.0
0.117367	0.996893221	4.429184	0.0	0.0
0.122247	0.997173626	4.217514	0.0	0.0
0.127128	0.997422478	4.020602	0.0	0.0
0.132008	0.997644319	3.836823	0.0	0.0
0.136888	0.997842902	3.664783	0.0	0.0
0.141768	0.998021350	3.503279	0.0	0.0
0.146649	0.998182279	3.351266	0.0	0.0
0.151529	0.998327897	3.207831	0.0	0.0
0.156409	0.998460069	3.072177	0.0	0.0
0.161290	0.998580388	2.943602	0.0	0.0
0.166170	0.998690218	2.821484	0.0	0.0
0.171050	0.998790730	2.705273	0.0	0.0
0.175931	0.998882937	2.594480	0.0	0.0
0.180811	0.998967718	2.488669	0.0	0.0
0.185691	0.999045838	2.387448	0.0	0.0
0.190572	0.999117966	2.290465	0.0	0.0
0.195452	0.999184688	2.197405	0.0	0.0
0.200332	0.999246522	2.107982	0.0	0.0
0.205213	0.999303923	2.021937	0.0	0.0
0.210093	0.999357296	1.939035	0.0	0.0
0.214973	0.999406998	1.859063	0.0	0.0
0.219853	0.999453349	1.781827	0.0	0.0
0.224734	0.999496636	1.707148	0.0	0.0
0.229614	0.999537112	1.634864	0.0	0.0
0.234494	0.999575007	1.564826	0.0	0.0
0.239375	0.999610527	1.496897	0.0	0.0
0.244255	0.999643859	1.430951	0.0	0.0
0.249135	0.999675169	1.366871	0.0	0.0
0.254016	0.999704610	1.304550	0.0	0.0
0.258896	0.999732319	1.243889	0.0	0.0
0.263776	0.999758421	1.184796	0.0	0.0
0.268657	0.999783031	1.127185	0.0	0.0
0.273537	0.999806252	1.070978	0.0	0.0
0.278417	0.999828179	1.016101	0.0	0.0
0.283298	0.999848899	0.962485	0.0	0.0
0.288178	0.999868491	0.910066	0.0	0.0
0.293058	0.999887029	0.858784	0.0	0.0
0.297938	0.999904579	0.808584	0.0	0.0
0.302819	0.999921202	0.759413	0.0	0.0
0.307699	0.999936956	0.711223	0.0	0.0
0.312579	0.999951894	0.663968	0.0	0.0
0.317460	0.999966063	0.617604	0.0	0.0
0.322340	0.999979509	0.572091	0.0	0.0
0.327220	0.999992272	0.527391	0.0	0.0
0.332101	1.000004392	0.483469	0.0	0.0
0.336981	1.000015905	0.440290	0.0	0.0
0.341861	1.000026842	0.397823	0.0	0.0
0.346742	1.000037236	0.356038	0.0	0.0
0.351622	1.000047114	0.314906	0.0	0.0
0.356502	1.000056505	0.274401	0.0	0.0
0.361383	1.000065432	0.234497	0.0	0.0
0.366263	1.000073919	0.195171	0.0	0.0
0.371143	1.000081988	0.156398	0.0	0.0
0.376023	1.000089659	0.118159	0.0	0.0
0.380904	1.000096952	0.080432	0.0	0.0
0.385784	1.000103884	0.043198	0.0	0.0
0.390664	1.000110472	0.006439	0.0	0.0
0.395545	1.000116732	-0.029864	0.0	0.0
0.400425	1.000122679	-0.065726	0.0	0.0
0.405305	1.000128327	-0.101163	0.0	0.0
0.410186	1.000133688	-0.136192	0.0	0.0
0.415066	1.000138776	-0.170825	0.0	0.0
0.419946	1.000143601	-0.205077	0.0	0.0
0.424827	1.000148175	-0.238962	0.0	0.0
0.429707	1.000152509	-0.272491	0.0	0.0
0.434587	1.000156611	-0.305676	0.0	0.0
0.439468	1.000160491	-0.338530	0.0	0.0
0.444348	1.000164159	-0.371062	0.0	0.0
0.449228	1.000167621	-0.403284	0.0	0.0
0.454108	1.000170886	-0.435204	0.0	0.0
0.458989	1.000173962	-0.466834	0.0	0.0
0.463869	1.000176855	-0.498182	0.0	0.0
0.468749	1.000179572	-0.529257	0.0	0.0
0.473630	1.000182119	-0.560068	0.0	0.0
0.478510	1.000184503	-0.590621	0.0	0.0
0.483390	1.000186729	-0.620926	0.0	0.0
0.488271	1.000188802	-0.650990	0.0	0.0
0.493151	1.000190728	-0.680820	0.0	0.0
0.498031	1.000192511	-0.710422	0.0	0.0
0.502912	1.000194156	-0.739803	0.0	0.0
0.507792	1.000195668	-0.768970	0.0	0.0
0.512672	1.000197041	-0.797929	0.0	0.0
0.517553	1.000198299	-0.826686	0.0	0.0
0.522433	1.000199435	-0.855246	0.0	0.0
0.527313	1.000200454	-0.883615	0.0	0.0
0.532193	1.000201358	-0.911798	0.0	0.0
0.537074	1.000202152	-0.939800	0.0	0.0
0.541954	1.000202838	-0.967626	0.0	0.0
0.546834	1.000203419	-0.995280	0.0	0.0
0.551715	1.000203899	-1.022768	0.0	0.0
0.556595	1.000204280	-1.050094	0.0	0.0
0.561475	1.000204564	-1.077261	0.0	0.0
0.566356	1.000204755	-1.104275	0.0	0.0
0.571236	1.000204855	-1.131138	0.0	0.0
0.576116	1.000204866	-1.157855	0.0	0.0
0.580997	1.000204790	-1.184430	0.0	0.0
0.585877	1.000204629	-1.210865	0.0	0.0
0.590757	1.000204387	-1.237165	0.0	0.0
0.595638	1.000204063	-1.263333	0.0	0.0
0.600518	1.000203661	-1.289371	0.0	0.0
0.605398	1.000203183	-1.315284	0.0	0.0
0.610278	1.000202629	-1.341074	0.0	0.0
0.615159	1.000202002	-1.366744	0.0	0.0
0.620039	1.000201303	-1.392297	0.0	0.0
0.624919	1.000200535	-1.417735	0.0	0.0
0.629800	1.000199707	-1.443061	0.0	0.0
0.634680	1.000198802	-1.468279	0.0	0.0
0.639560	1.000197832	-1.493390	0.0	0.0
0.644441	1.000196796	-1.518396	0.0	0.0
0.649321	1.000195698	-1.543301	0.0	0.0
0.654201	1.000194538	-1.568106	0.0	0.0
0.659082	1.000193316	-1.592813	0.0	0.0
0.663962	1.000192035	-1.617426	0.0	0.0
0.668842	1.000190696	-1.641945	0.0	0.0
0.673723	1.000189299	-1.666373	0.0	0.0
0.678603	1.000187845	-1.690712	0.0	0.0
0.683483	1.000186336	-1.714963	0.0	0.0
0.688363	1.000184772	-1.739129	0.0	0.0
0.693244	1.000183155	-1.763212	0.0	0.0
0.698124	1.000181485	-1.787213	0.0	0.0
0.703004	1.000179763	-1.811133	0.0	0.0
0.707885	1.000177990	-1.834975	0.0	0.0
0.712765	1.000176166	-1.858740	0.0	0.0
0.717645	1.000174293	-1.882430	0.0	0.0
0.722526	1.000172371	-1.906046	0.0	0.0
0.727406	1.000170402	-1.929590	0.0	0.0
0.732286	1.000168384	-1.953063	0.0	0.0
0.737167	1.000166311	-1.976466	0.0	0.0
0.742047	1.000164201	-1.999802	0.0	0.0
0.746927	1.000162045	-2.023070	0.0	0.0
0.751808	1.000159845	-2.046273	0.0	0.0
0.756688	1.000157601	-2.069412	0.0	0.0
0.761568	1.000155313	-2.092488	0.0	0.0
0.766448	1.000152982	-2.115502	0.0	0.0
0.771329	1.000150608	-2.138456	0.0	0.0
0.776209	1.000148193	-2.161350	0.0	0.0
0.781089	1.000145726	-2.184186	0.0	0.0
0.785970	1.000143227	-2.206965	0.0	0.0
0.790850	1.000140689	-2.229687	0.0	0.0
0.795730	1.000138110	-2.252355	0.0	0.0
0.800611	1.000135491	-2.274968	0.0	0.0
0.805491	1.000132834	-2.297528	0.0	0.0
0.810371	1.000130127	-2.320036	0.0	0.0
0.815252	1.000127392	-2.342492	0.0	0.0
0.820132	1.000124619	-2.364898	0.0	0.0
0.825012	1.000121808	-2.387255	0.0	0.0
0.829893	1.000118960	-2.409563	0.0	0.0
0.834773	1.000116076	-2.431824	0.0	0.0
0.839653	1.000113144	-2.454037	0.0	0.0
0.844533	1.000110186	-2.476205	0.0	0.0
0.849414	1.000107193	-2.498327	0.0	0.0
0.854294	1.000104164	-2.520405	0.0	0.0
0.859174	1.000101100	-2.542439	0.0	0.0
0.864055	1.000098000	-2.564430	0.0	0.0
0.868935	1.000094856	-2.586378	0.0	0.0
0.873815	1.000091688	-2.608285	0.0	0.0
0.878696	1.000088485	-2.630151	0.0	0.0
0.883576	1.000085249	-2.651977	0.0	0.0
0.888456	1.000081979	-2.673764	0.0	0.0
0.893337	1.000078676	-2.695511	0.0	0.0
0.898217	1.000075340	-2.717220	0.0	0.0
0.903097	1.000071971	-2.738892	0.0	0.0
0.907978	1.000068569	-2.760527	0.0	0.0
0.912858	1.000065135	-2.782125	0.0	0.0
0.917738	1.000061669	-2.803687	0.0	0.0
0.922618	1.000058161	-2.825214	0.0	0.0
0.927499	1.000054631	-2.846706	0.0	0.0
0.932379	1.000051070	-2.868164	0.0	0.0
0.937259	1.000047477	-2.889588	0.0	0.0
0.942140	1.000043854	-2.910979	0.0	0.0
0.947020	1.000040199	-2.932338	0.0	0.0
0.951900	1.000036514	-2.953664	0.0	0.0
0.956781	1.000032798	-2.974959	0.0	0.0
0.961661	1.000029052	-2.996223	0.0	0.0
0.966541	1.000025275	-3.017456	0.0	0.0
0.971422	1.000021469	-3.038658	0.0	0.0
0.976302	1.000017633	-3.059831	0.0	0.0
0.981182	1.000013767	-3.080975	0.0	0.0
0.986063	1.000009871	-3.102090	0.0	0.0
0.990943	1.000005946	-3.123176	0.0	0.0
0.995823	1.000001992	-3.144234	0.0	0.0
1.000704	0.999998008	-3.165265	0.0	0.0
1.005584	0.999993996	-3.186268	0.0	0.0
1.010464	0.999989955	-3.207245	0.0	0.0
1.015344	0.999985885	-3.228195	0.0	0.0
1.020225	0.999981787	-3.249119	0.0	0.0
1.025105	0.999977660	-3.270017	0.0	0.0
1.029985	0.999973505	-3.290890	0.0	0.0
1.034866	0.999969321	-3.311738	0.0	0.0
1.039746	0.999965110	-3.332562	0.0	0.0
1.044626	0.999960871	-3.353361	0.0	0.0
1.049507	0.999956603	-3.374136	0.0	0.0
1.054387	0.999952308	-3.394887	0.0	0.0
1.059267	0.999947986	-3.415615	0.0	0.0
1.064148	0.999943636	-3.436321	0.0	0.0
1.069028	0.999939258	-3.457003	0.0	0.0
1.073908	0.999934853	-3.477664	0.0	0.0
1.078789	0.999930421	-3.498302	0.0	0.0
1.083669	0.999925962	-3.518919	0.0	0.0
1.088549	0.999921476	-3.539514	0.0	0.0
1.093429	0.999916953	-3.560087	0.0	0.0
1.098310	0.999912413	-3.580640	0.0	0.0
1.103190	0.999907847	-3.601173	0.0	0.0
1.108070	0.999903253	-3.621685	0.0	0.0
1.112951	0.999898633	-3.642177	0.0	0.0
1.117831	0.999893987	-3.662649	0.0	0.0
1.122711	0.999889314	-3.683102	0.0	0.0
1.127592	0.999884605	-3.703535	0.0	0.0
1.132472	0.999879880	-3.723950	0.0	0.0
1.137352	0.999875128	-3.744345	0.0	0.0
1.142233	0.999870351	-3.764722	0.0	0.0
1.147113	0.999865547	-3.785081	0.0	0.0
1.151993	0.999860707	-3.805422	0.0	0.0
1.156874	0.999855852	-3.825744	0.0	0.0
1.161754	0.999850970	-3.846049	0.0	0.0
1.166634	0.999846063	-3.866337	0.0	0.0
1.171514	0.999841130	-3.886607	0.0	0.0
1.176395	0.999836162	-3.906861	0.0	0.0
1.181275	0.999831178	-3.927098	0.0	0.0
1.186155	0.999826168	-3.947318	0.0	0.0
1.191036	0.999821133	-3.967522	0.0	0.0
1.195916	0.999816073	-3.987709	0.0	0.0
1.200796	0.999810977	-4.007881	0.0	0.0
1.205677	0.999805867	-4.028037	0.0	0.0
1.210557	0.999800730	-4.048177	0.0	0.0
1.215437	0.999795569	-4.068302	0.0	0.0
1.220318	0.999790383	-4.088412	0.0	0.0
1.225198	0.999785171	-4.108507	0.0	0.0
1.230078	0.999779925	-4.128586	0.0	0.0
1.234959	0.999774663	-4.148652	0.0	0.0
1.239839	0.999769377	-4.168702	0.0	0.0
1.244719	0.999764066	-4.188738	0.0	0.0
1.249599	0.999758730	-4.208761	0.0	0.0
1.254480	0.999753369	-4.228769	0.0	0.0
1.259360	0.999747974	-4.248763	0.0	0.0
1.264240	0.999742564	-4.268744	0.0	0.0
1.269121	0.999737129	-4.288711	0.0	0.0
1.274001	0.999731670	-4.308665	0.0	0.0
1.278881	0.999726186	-4.328605	0.0	0.0
1.283762	0.999720678	-4.348533	0.0	0.0
1.288642	0.999715145	-4.368447	0.0	0.0
1.293522	0.999709588	-4.388349	0.0	0.0
1.298403	0.999704006	-4.408238	0.0	0.0
1.303283	0.999698400	-4.428115	0.0	0.0
1.308163	0.999692760	-4.447980	0.0	0.0
1.313044	0.999687106	-4.467832	0.0	0.0
1.317924	0.999681427	-4.487672	0.0	0.0
1.322804	0.999675724	-4.507500	0.0	0.0
1.327684	0.999669997	-4.527316	0.0	0.0
1.332565	0.999664246	-4.547121	0.0	0.0
1.337445	0.999658471	-4.566914	0.0	0.0
1.342325	0.999652671	-4.586696	0.0	0.0
1.347206	0.999646848	-4.606466	0.0	0.0
1.352086	0.999641001	-4.626226	0.0	0.0
1.356966	0.999635130	-4.645974	0.0	0.0
1.361847	0.999629235	-4.665711	0.0	0.0
1.366727	0.999623316	-4.685437	0.0	0.0
1.371607	0.999617373	-4.705153	0.0	0.0
1.376488	0.999611406	-4.724858	0.0	0.0
1.381368	0.999605415	-4.744553	0.0	0.0
1.386248	0.999599401	-4.764237	0.0	0.0
1.391129	0.999593363	-4.783911	0.0	0.0
1.396009	0.999587301	-4.803575	0.0	0.0
1.400889	0.999581205	-4.823229	0.0	0.0
1.405769	0.999575096	-4.842873	0.0	0.0
1.410650	0.999568964	-4.862507	0.0	0.0
1.415530	0.999562807	-4.882131	0.0	0.0
1.420410	0.999556627	-4.901746	0.0	0.0
1.425291	0.999550423	-4.921351	0.0	0.0
1.430171	0.999544196	-4.940947	0.0	0.0
1.435051	0.999537946	-4.960533	0.0	0.0
1.439932	0.999531671	-4.980110	0.0	0.0
1.444812	0.999525364	-4.999678	0.0	0.0
1.449692	0.999519043	-5.019237	0.0	0.0
1.454573	0.999512698	-5.038787	0.0	0.0
1.459453	0.999506330	-5.058328	0.0	0.0
1.464333	0.999499939	-5.077860	0.0	0.0
1.469214	0.999493524	-5.097384	0.0	0.0
1.474094	0.999487076	-5.116898	0.0	0.0
1.478974	0.999480615	-5.136405	0.0	0.0
1.483854	0.999474131	-5.155902	0.0	0.0
1.488735	0.999467623	-5.175392	0.0	0.0
1.493615	0.999461082	-5.194873	0.0	0.0
1.498495	0.999454527	-5.214346	0.0	0.0
1.503376	0.999447949	-5.233811	0.0	0.0
1.508256	0.999441349	-5.253268	0.0	0.0
1.513136	0.999434715	-5.272717	0.0	0.0
1.518017	0.999428067	-5.292158	0.0	0.0
1.522897	0.999421397	-5.311591	0.0	0.0
1.527777	0.999414704	-5.331016	0.0	0.0
1.532658	0.999407977	-5.350434	0.0	0.0
1.537538	0.999401237	-5.369844	0.0	0.0
1.542418	0.999394475	-5.389247	0.0	0.0
1.547299	0.999387689	-5.408642	0.0	0.0
1.552179	0.999380870	-5.428030	0.0	0.0
1.557059	0.999374038	-5.447410	0.0	0.0
1.561939	0.999367183	-5.466783	0.0	0.0
1.566820	0.999360296	-5.486149	0.0	0.0
1.571700	0.999353395	-5.505508	0.0	0.0
1.576580	0.999346471	-5.524860	0.0	0.0
1.581461	0.999339524	-5.544205	0.0	0.0
1.586341	0.999332544	-5.563543	0.0	0.0
1.591221	0.999325552	-5.582874	0.0	0.0
1.596102	0.999318536	-5.602198	0.0	0.0
1.600982	0.999311498	-5.621515	0.0	0.0
1.605862	0.999304436	-5.640826	0.0	0.0
1.610743	0.999297342	-5.660131	0.0	0.0
1.615623	0.999290235	-5.679428	0.0	0.0
1.620503	0.999283105	-5.698720	0.0	0.0
1.625384	0.999275952	-5.718004	0.0	0.0
1.630264	0.999268767	-5.737283	0.0	0.0
1.635144	0.999261569	-5.756555	0.0	0.0
1.640024	0.999254348	-5.775820	0.0	0.0
1.644905	0.999247104	-5.795080	0.0	0.0
1.649785	0.999239837	-5.814334	0.0	0.0
1.654665	0.999232547	-5.833581	0.0	0.0
1.659546	0.999225225	-5.852822	0.0	0.0
1.664426	0.999217890	-5.872058	0.0	0.0
1.669306	0.999210533	-5.891287	0.0	0.0
1.674187	0.999203153	-5.910510	0.0	0.0
1.679067	0.999195750	-5.929728	0.0	0.0
1.683947	0.999188324	-5.948940	0.0	0.0
1.688828	0.999180875	-5.968146	0.0	0.0
1.693708	0.999173404	-5.987346	0.0	0.0
1.698588	0.999165901	-6.006541	0.0	0.0
1.703469	0.999158384	-6.025730	0.0	0.0
1.708349	0.999150846	-6.044914	0.0	0.0
1.713229	0.999143284	-6.064092	0.0	0.0
1.718109	0.999135700	-6.083265	0.0	0.0
1.722990	0.999128093	-6.102432	0.0	0.0
1.727870	0.999120464	-6.121594	0.0	0.0
1.732750	0.999112812	-6.140751	0.0	0.0
1.737631	0.999105137	-6.159902	0.0	0.0
1.742511	0.999097430	-6.179048	0.0	0.0
1.747391	0.999089710	-6.198189	0.0	0.0
1.752272	0.999081968	-6.217325	0.0	0.0
1.757152	0.999074204	-6.236455	0.0	0.0
1.762032	0.999066416	-6.255581	0.0	0.0
1.766913	0.999058606	-6.274702	0.0	0.0
1.771793	0.999050774	-6.293818	0.0	0.0
1.776673	0.999042909	-6.312928	0.0	0.0
1.781554	0.999035032	-6.332034	0.0	0.0
1.786434	0.999027133	-6.351135	0.0	0.0
1.791314	0.999019210	-6.370231	0.0	0.0
1.796194	0.999011266	-6.389322	0.0	0.0
1.801075	0.999003289	-6.408409	0.0	0.0
1.805955	0.998995299	-6.427491	0.0	0.0
1.810835	0.998987287	-6.446569	0.0	0.0
1.815716	0.998979252	-6.465641	0.0	0.0
1.820596	0.998971195	-6.484709	0.0	0.0
1.825476	0.998963106	-6.503773	0.0	0.0
1.830357	0.998955005	-6.522832	0.0	0.0
1.835237	0.998946880	-6.541886	0.0	0.0
1.840117	0.998938734	-6.560936	0.0	0.0
1.844998	0.998930555	-6.579982	0.0	0.0
1.849878	0.998922364	-6.599024	0.0	0.0
1.854758	0.998914150	-6.618061	0.0	0.0
1.859639	0.998905904	-6.637093	0.0	0.0
1.864519	0.998897646	-6.656122	0.0	0.0
1.869399	0.998889365	-6.675146	0.0	0.0
1.874279	0.998881052	-6.694166	0.0	0.0
1.879160	0.998872726	-6.713182	0.0	0.0
1.884040	0.998864378	-6.732194	0.0	0.0
1.888920	0.998855998	-6.751201	0.0	0.0
1.893801	0.998847606	-6.770205	0.0	0.0
1.898681	0.998839191	-6.789204	0.0	0.0
1.903561	0.998830744	-6.808199	0.0	0.0
1.908442	0.998822285	-6.827191	0.0	0.0
1.913322	0.998813803	-6.846178	0.0	0.0
1.918202	0.998805299	-6.865162	0.0	0.0
1.923083	0.998796763	-6.884142	0.0	0.0
1.927963	0.998788215	-6.903118	0.0	0.0
1.932843	0.998779644	-6.922090	0.0	0.0
1.937724	0.998771041	-6.941058	0.0	0.0
1.942604	0.998762426	-6.960022	0.0	0.0
1.947484	0.998753788	-6.978983	0.0	0.0
1.952364	0.998745118	-6.997939	0.0	0.0
1.957245	0.998736436	-7.016893	0.0	0.0
1.962125	0.998727732	-7.035843	0.0	0.0
1.967005	0.998719005	-7.054788	0.0	0.0
1.971886	0.998710247	-7.073731	0.0	0.0
1.976766	0.998701476	-7.092669	0.0	0.0
1.981646	0.998692683	-7.111604	0.0	0.0
1.986527	0.998683867	-7.130536	0.0	0.0
1.991407	0.998675020	-7.149464	0.0	0.0
1.996287	0.998666160	-7.168389	0.0	0.0
2.001168	0.998657278	-7.187310	0.0	0.0
2.006048	0.998648374	-7.206228	0.0	0.0
2.010928	0.998639437	-7.225142	0.0	0.0
2.015809	0.998630489	-7.244053	0.0	0.0
2.020689	0.998621518	-7.262960	0.0	0.0
2.025569	0.998612525	-7.281865	0.0	0.0
2.030449	0.998603510	-7.300766	0.0	0.0
2.035330	0.998594473	-7.319663	0.0	0.0
2.040210	0.998585403	-7.338558	0.0	0.0
2.045090	0.998576322	-7.357449	0.0	0.0
2.049971	0.998567218	-7.376337	0.0	0.0
2.054851	0.998558092	-7.395221	0.0	0.0
2.059731	0.998548945	-7.414103	0.0	0.0
2.064612	0.998539774	-7.432981	0.0	0.0
2.069492	0.998530582	-7.451856	0.0	0.0
2.074372	0.998521358	-7.470729	0.0	0.0
2.079253	0.998512121	-7.489598	0.0	0.0
2.084133	0.998502863	-7.508464	0.0	0.0
2.089013	0.998493582	-7.527327	0.0	0.0
2.093894	0.998484279	-7.546187	0.0	0.0
2.098774	0.998474954	-7.565043	0.0	0.0
2.103654	0.998465607	-7.583897	0.0	0.0
2.108534	0.998456228	-7.602748	0.0	0.0
2.113415	0.998446837	-7.621597	0.0	0.0
2.118295	0.998437424	-7.640442	0.0	0.0
2.123175	0.998427988	-7.659284	0.0	0.0
2.128056	0.998418531	-7.678123	0.0	0.0
2.132936	0.998409051	-7.696959	0.0	0.0
2.137816	0.998399540	-7.715793	0.0	0.0
2.142697	0.998390016	-7.734624	0.0	0.0
2.147577	0.998380471	-7.753452	0.0	0.0
2.152457	0.998370903	-7.772277	0.0	0.0
2.157338	0.998361313	-7.791099	0.0	0.0
2.162218	0.998351691	-7.809919	0.0	0.0
2.167098	0.998342057	-7.828736	0.0	0.0
2.171979	0.998332401	-7.847550	0.0	0.0
2.176859	0.998322723	-7.866362	0.0	0.0
2.181739	0.998313013	-7.885170	0.0	0.0
2.186619	0.998303291	-7.903977	0.0	0.0
2.191500	0.998293547	-7.922780	0.0	0.0
2.196380	0.998283770	-7.941581	0.0	0.0
2.201260	0.998273982	-7.960380	0.0	0.0
2.206141	0.998264172	-7.979175	0.0	0.0
2.211021	0.998254340	-7.997968	0.0	0.0
2.215901	0.998244476	-8.016759	0.0	0.0
2.220782	0.998234599	-8.035547	0.0	0.0
2.225662	0.998224701	-8.054332	0.0	0.0
2.230542	0.998214771	-8.073116	0.0	0.0
2.235423	0.998204828	-8.091896	0.0	0.0
2.240303	0.998194864	-8.110674	0.0	0.0
2.245183	0.998184868	-8.129450	0.0	0.0
2.250064	0.998174860	-8.148223	0.0	0.0
2.254944	0.998164830	-8.166994	0.0	0.0
2.259824	0.998154767	-8.185762	0.0	0.0
2.264704	0.998144693	-8.204528	0.0	0.0
2.269585	0.998134597	-8.223292	0.0	0.0
2.274465	0.998124469	-8.242053	0.0	0.0
2.279345	0.998114329	-8.260811	0.0	0.0
2.284226	0.998104166	-8.279568	0.0	0.0
2.289106	0.998093972	-8.298322	0.0	0.0
2.293986	0.998083766	-8.317074	0.0	0.0
2.298867	0.998073538	-8.335823	0.0	0.0
2.303747	0.998063278	-8.354570	0.0	0.0
2.308627	0.998053006	-8.373316	0.0	0.0
2.313508	0.998042713	-8.392058	0.0	0.0
2.318388	0.998032387	-8.410799	0.0	0.0
2.323268	0.998022049	-8.429537	0.0	0.0
2.328149	0.998011689	-8.448273	0.0	0.0
2.333029	0.998001308	-8.467007	0.0	0.0
2.337909	0.997990894	-8.485738	0.0	0.0
2.342789	0.997980469	-8.504468	0.0	0.0
2.347670	0.997970021	-8.523196	0.0	0.0
2.352550	0.997959542	-8.541921	0.0	0.0
2.357430	0.997949050	-8.560644	0.0	0.0
2.362311	0.997938537	-8.579365	0.0	0.0
2.367191	0.997928002	-8.598084	0.0	0.0
2.372071	0.997917445	-8.616800	0.0	0.0
2.376952	0.997906856	-8.635515	0.0	0.0
2.381832	0.997896255	-8.654227	0.0	0.0
2.386712	0.997885632	-8.672938	0.0	0.0
2.391593	0.997874987	-8.691647	0.0	0.0
2.396473	0.997864321	-8.710353	0.0	0.0
2.401353	0.997853622	-8.729058	0.0	0.0
2.406234	0.997842912	-8.747760	0.0	0.0
2.411114	0.997832180	-8.766461	0.0	0.0
2.415994	0.997821425	-8.785159	0.0	0.0
2.420875	0.997810649	-8.803856	0.0	0.0
2.425755	0.997799851	-8.822550	0.0	0.0
2.430635	0.997789021	-8.841243	0.0	0.0
2.435515	0.997778179	-8.859933	0.0	0.0
2.440396	0.997767316	-8.878622	0.0	0.0
2.445276	0.997756430	-8.897309	0.0	0.0
2.450156	0.997745523	-8.915994	0.0	0.0
2.455037	0.997734594	-8.934677	0.0	0.0
2.459917	0.997723632	-8.953358	0.0	0.0
2.464797	0.997712659	-8.972038	0.0	0.0
2.469678	0.997701664	-8.990715	0.0	0.0
2.474558	0.997690647	-9.009390	0.0	0.0
2.479438	0.997679609	-9.028064	0.0	0.0
2.484319	0.997668548	-9.046736	0.0	0.0
2.489199	0.997657456	-9.065406	0.0	0.0
2.494079	0.997646352	-9.084074	0.0	0.0
2.498960	0.997635225	-9.102741	0.0	0.0
2.503840	0.997624078	-9.121406	0.0	0.0
2.508720	0.997612898	-9.140069	0.0	0.0
2.513600	0.997601706	-9.158730	0.0	0.0
2.518481	0.997590493	-9.177389	0.0	0.0
2.523361	0.997579257	-9.196047	0.0	0.0
2.528241	0.997567990	-9.214703	0.0	0.0
2.533122	0.997556711	-9.233357	0.0	0.0
2.538002	0.997545410	-9.252010	0.0	0.0
2.542882	0.997534087	-9.270660	0.0	0.0
2.547763	0.997522733	-9.289309	0.0	0.0
2.552643	0.997511367	-9.307957	0.0	0.0
2.557523	0.997499978	-9.326602	0.0	0.0
2.562404	0.997488558	-9.345246	0.0	0.0
2.567284	0.997477127	-9.363889	0.0	0.0
2.572164	0.997465673	-9.382529	0.0	0.0
2.577045	0.997454187	-9.401169	0.0	0.0
2.581925	0.997442690	-9.419806	0.0	0.0
2.586805	0.997431171	-9.438442	0.0	0.0
2.591685	0.997419620	-9.457076	0.0	0.0
2.596566	0.997408057	-9.475709	0.0	0.0
2.601446	0.997396473	-9.494340	0.0	0.0
2.606326	0.997384856	-9.512969	0.0	0.0
2.611207	0.997373228	-9.531597	0.0	0.0
2.616087	0.997361578	-9.550223	0.0	0.0
2.620967	0.997349896	-9.568848	0.0	0.0
2.625848	0.997338203	-9.587471	0.0	0.0
2.630728	0.997326477	-9.606093	0.0	0.0
2.635608	0.997314740	-9.624713	0.0	0.0
2.640489	0.997302981	-9.643331	0.0	0.0
2.645369	0.997291191	-9.661948	0.0	0.0
2.650249	0.997279388	-9.680564	0.0	0.0
2.655130	0.997267563	-9.699178	0.0	0.0
2.660010	0.997255707	-9.717790	0.0	0.0
2.664890	0.997243839	-9.736401	0.0	0.0
2.669770	0.997231950	-9.755011	0.0	0.0
2.674651	0.997220028	-9.773619	0.0	0.0
2.679531	0.997208095	-9.792225	0.0	0.0
2.684411	0.997196140	-9.810830	0.0	0.0
2.689292	0.997184153	-9.829434	0.0	0.0
2.694172	0.997172154	-9.848037	0.0	0.0
2.699052	0.997160134	-9.866637	0.0	0.0
2.703933	0.997148082	-9.885237	0.0	0.0
2.708813	0.997136018	-9.903835	0.0	0.0
2.713693	0.997123932	-9.922431	0.0	0.0
2.718574	0.997111825	-9.941026	0.0	0.0
2.723454	0.997099686	-9.959620	0.0	0.0
2.728334	0.997087535	-9.978212	0.0	0.0
2.733215	0.997075362	-9.996803	0.0	0.0
2.738095	0.997063167	-10.015393	0.0	0.0
2.742975	0.997050941	-10.033981	0.0	0.0
2.747855	0.997038703	-10.052568	0.0	0.0
2.752736	0.997026444	-10.071153	0.0	0.0
2.757616	0.997014162	-10.089737	0.0	0.0
2.762496	0.997001849	-10.108320	0.0	0.0
2.767377	0.996989524	-10.126902	0.0	0.0
2.772257	0.996977177	-10.145482	0.0	0.0
2.777137	0.996964808	-10.164061	0.0	0.0
2.782018	0.996952418	-10.182638	0.0	0.0
2.786898	0.996939996	-10.201214	0.0	0.0
2.791778	0.996927563	-10.219789	0.0	0.0
2.796659	0.996915107	-10.238363	0.0	0.0
2.801539	0.996902630	-10.256935	0.0	0.0
2.806419	0.996890131	-10.275506	0.0	0.0
2.811300	0.996877600	-10.294076	0.0	0.0
2.816180	0.996865058	-10.312644	0.0	0.0
2.821060	0.996852494	-10.331212	0.0	0.0
2.825940	0.996839908	-10.349777	0.0	0.0
2.830821	0.996827301	-10.368342	0.0	0.0
2.835701	0.996814661	-10.386905	0.0	0.0
2.840581	0.996802010	-10.405468	0.0	0.0
2.845462	0.996789337	-10.424029	0.0	0.0
2.850342	0.996776643	-10.442589	0.0	0.0
2.855222	0.996763917	-10.461147	0.0	0.0
2.860103	0.996751179	-10.479704	0.0	0.0
2.864983	0.996738420	-10.498260	0.0	0.0
2.869863	0.996725638	-10.516815	0.0	0.0
2.874744	0.996712825	-10.535369	0.0	0.0
2.879624	0.996700001	-10.553921	0.0	0.0
2.884504	0.996687154	-10.572473	0.0	0.0
2.889385	0.996674286	-10.591023	0.0	0.0
2.894265	0.996661386	-10.609572	0.0	0.0
2.899145	0.996648475	-10.628120	0.0	0.0
2.904025	0.996635541	-10.646666	0.0	0.0
2.908906	0.996622576	-10.665212	0.0	0.0
2.913786	0.996609600	-10.683756	0.0	0.0
2.918666	0.996596602	-10.702299	0.0	0.0
2.923547	0.996583571	-10.720842	0.0	0.0
2.928427	0.996570530	-10.739382	0.0	0.0
2.933307	0.996557466	-10.757922	0.0	0.0
2.938188	0.996544371	-10.776461	0.0	0.0
2.943068	0.996531265	-10.794998	0.0	0.0
2.947948	0.996518126	-10.813535	0.0	0.0
2.952829	0.996504976	-10.832070	0.0	0.0
2.957709	0.996491804	-10.850604	0.0	0.0
2.962589	0.996478601	-10.869137	0.0	0.0
2.967470	0.996465385	-10.887669	0.0	0.0
2.972350	0.996452139	-10.906200	0.0	0.0
2.977230	0.996438880	-10.924730	0.0	0.0
2.982110	0.996425600	-10.943259	0.0	0.0
2.986991	0.996412288	-10.961786	0.0	0.0
2.991871	0.996398964	-10.980313	0.0	0.0
2.996751	0.996385609	-10.998838	0.0	0.0
3.001632	0.996372242	-11.017363	0.0	0.0
3.006512	0.996358854	-11.035887	0.0	0.0
3.011392	0.996345433	-11.054409	0.0	0.0
3.016273	0.996332002	-11.072930	0.0	0.0
3.021153	0.996318538	-11.091451	0.0	0.0
3.026033	0.996305063	-11.109970	0.0	0.0
3.030914	0.996291566	-11.128488	0.0	0.0
3.035794	0.996278038	-11.147005	0.0	0.0
3.040674	0.996264497	-11.165522	0.0	0.0
3.045555	0.996250935	-11.184037	0.0	0.0
3.050435	0.996237342	-11.202551	0.0	0.0
3.055315	0.996223737	-11.221064	0.0	0.0
3.060195	0.996210110	-11.239576	0.0	0.0
3.065076	0.996196451	-11.258087	0.0	0.0
3.069956	0.996182781	-11.276597	0.0	0.0
3.074836	0.996169090	-11.295107	0.0	0.0
3.079717	0.996155366	-11.313615	0.0	0.0
3.084597	0.996141631	-11.332122	0.0	0.0
3.089477	0.996127874	-11.350628	0.0	0.0
3.094358	0.996114096	-11.369134	0.0	0.0
3.099238	0.996100286	-11.387638	0.0	0.0
3.104118	0.996086465	-11.406141	0.0	0.0
3.108999	0.996072621	-11.424643	0.0	0.0
3.113879	0.996058747	-11.443145	0.0	0.0
3.118759	0.996044860	-11.461646	0.0	0.0
3.123640	0.996030952	-11.480145	0.0	0.0
3.128520	0.996017022	-11.498644	0.0	0.0
3.133400	0.996003061	-11.517141	0.0	0.0
3.138280	0.995989088	-11.535638	0.0	0.0
3.143161	0.995975093	-11.554134	0.0	0.0
3.148041	0.995961077	-11.572628	0.0	0.0
3.152921	0.995947039	-11.591122	0.0	0.0
3.157802	0.995932969	-11.609616	0.0	0.0
3.162682	0.995918888	-11.628108	0.0	0.0
3.167562	0.995904785	-11.646599	0.0	0.0
3.172443	0.995890661	-11.665089	0.0	0.0
3.177323	0.995876505	-11.683578	0.0	0.0
3.182203	0.995862338	-11.702067	0.0	0.0
3.187084	0.995848148	-11.720554	0.0	0.0
3.191964	0.995833938	-11.739041	0.0	0.0
3.196844	0.995819695	-11.757527	0.0	0.0
3.201725	0.995805441	-11.776012	0.0	0.0
3.206605	0.995791165	-11.794496	0.0	0.0
3.211485	0.995776868	-11.812979	0.0	0.0
3.216365	0.995762539	-11.831462	0.0	0.0
3.221246	0.995748199	-11.849943	0.0	0.0
3.226126	0.995733837	-11.868423	0.0	0.0
3.231006	0.995719453	-11.886904	0.0	0.0
3.235887	0.995705038	-11.905382	0.0	0.0
3.240767	0.995690611	-11.923860	0.0	0.0
3.245647	0.995676162	-11.942337	0.0	0.0
3.250528	0.995661683	-11.960814	0.0	0.0
3.255408	0.995647191	-11.979289	0.0	0.0
3.260288	0.995632678	-11.997764	0.0	0.0
3.265169	0.995618133	-12.016237	0.0	0.0
3.270049	0.995603576	-12.034711	0.0	0.0
3.274929	0.995588988	-12.053183	0.0	0.0
3.279810	0.995574389	-12.071654	0.0	0.0
3.284690	0.995559768	-12.090124	0.0	0.0
3.289570	0.995545115	-12.108594	0.0	0.0
3.294450	0.995530451	-12.127063	0.0	0.0
3.299331	0.995515755	-12.145531	0.0	0.0
3.304211	0.995501047	-12.163998	0.0	0.0
3.309091	0.995486318	-12.182465	0.0	0.0
3.313972	0.995471557	-12.200930	0.0	0.0
3.318852	0.995456785	-12.219395	0.0	0.0
3.323732	0.995441982	-12.237859	0.0	0.0
3.328613	0.995427166	-12.256322	0.0	0.0
3.333493	0.995412319	-12.274785	0.0	0.0
3.338373	0.995397461	-12.293246	0.0	0.0
3.343254	0.995382581	-12.311707	0.0	0.0
3.348134	0.995367669	-12.330167	0.0	0.0
3.353014	0.995352746	-12.348627	0.0	0.0
3.357895	0.995337791	-12.367085	0.0	0.0
3.362775	0.995322825	-12.385543	0.0	0.0
3.367655	0.995307827	-12.404000	0.0	0.0
3.372535	0.995292818	-12.422456	0.0	0.0
3.377416	0.995277777	-12.440912	0.0	0.0
3.382296	0.995262724	-12.459366	0.0	0.0
3.387176	0.995247650	-12.477820	0.0	0.0
3.392057	0.995232544	-12.496274	0.0	0.0
3.396937	0.995217427	-12.514726	0.0	0.0
3.401817	0.995202278	-12.533178	0.0	0.0
3.406698	0.995187118	-12.551629	0.0	0.0
3.411578	0.995171936	-12.570079	0.0	0.0
3.416458	0.995156723	-12.588528	0.0	0.0
3.421339	0.995141498	-12.606977	0.0	0.0
3.426219	0.995126241	-12.625425	0.0	0.0
3.431099	0.995110973	-12.643873	0.0	0.0
3.435980	0.995095684	-12.662319	0.0	0.0
3.440860	0.995080363	-12.680765	0.0	0.0
3.445740	0.995065030	-12.699210	0.0	0.0
3.450620	0.995049676	-12.717654	0.0	0.0
3.455501	0.995034290	-12.736098	0.0	0.0
3.460381	0.995018893	-12.754541	0.0	0.0
3.465261	0.995003474	-12.772983	0.0	0.0
3.470142	0.994988033	-12.791425	0.0	0.0
3.475022	0.994972562	-12.809866	0.0	0.0
3.479902	0.994957078	-12.828306	0.0	0.0
3.484783	0.994941573	-12.846745	0.0	0.0
3.489663	0.994926037	-12.865184	0.0	0.0
3.494543	0.994910489	-12.883622	0.0	0.0
3.499424	0.994894920	-12.902059	0.0	0.0
3.504304	0.994879328	-12.920496	0.0	0.0
3.509184	0.994863706	-12.938932	0.0	0.0
3.514065	0.994848072	-12.957368	0.0	0.0
3.518945	0.994832416	-12.975802	0.0	0.0
3.523825	0.994816729	-12.994236	0.0	0.0
3.528705	0.994801031	-13.012669	0.0	0.0
3.533586	0.994785311	-13.031102	0.0	0.0
3.538466	0.994769569	-13.049534	0.0	0.0
3.543346	0.994753795	-13.067965	0.0	0.0
3.548227	0.994738011	-13.086396	0.0	0.0
3.553107	0.994722205	-13.104826	0.0	0.0
3.557987	0.994706367	-13.123255	0.0	0.0
3.562868	0.994690518	-13.141684	0.0	0.0
3.567748	0.994674647	-13.160112	0.0	0.0
3.572628	0.994658745	-13.178539	0.0	0.0
3.577509	0.994642832	-13.196965	0.0	0.0
3.582389	0.994626896	-13.215392	0.0	0.0
3.587269	0.994610929	-13.233817	0.0	0.0
3.592150	0.994594951	-13.252242	0.0	0.0
3.597030	0.994578952	-13.270666	0.0	0.0
3.601910	0.994562920	-13.289089	0.0	0.0
3.606790	0.994546878	-13.307512	0.0	0.0
3.611671	0.994530814	-13.325934	0.0	0.0
3.616551	0.994514718	-13.344356	0.0	0.0
3.621431	0.994498611	-13.362777	0.0	0.0
3.626312	0.994482472	-13.381197	0.0	0.0
3.631192	0.994466322	-13.399617	0.0	0.0
3.636072	0.994450150	-13.418036	0.0	0.0
3.640953	0.994433947	-13.436454	0.0	0.0
3.645833	0.994417733	-13.454872	0.0	0.0
3.650713	0.994401487	-13.473289	0.0	0.0
3.655594	0.994385229	-13.491706	0.0	0.0
3.660474	0.994368940	-13.510122	0.0	0.0
3.665354	0.994352640	-13.528537	0.0	0.0
3.670235	0.994336308	-13.546951	0.0	0.0
3.675115	0.994319964	-13.565366	0.0	0.0
3.679995	0.994303589	-13.583779	0.0	0.0
3.684875	0.994287203	-13.602192	0.0	0.0
3.689756	0.994270785	-13.620604	0.0	0.0
3.694636	0.994254356	-13.639016	0.0	0.0
3.699516	0.994237905	-13.657427	0.0	0.0
3.704397	0.994221423	-13.675838	0.0	0.0
3.709277	0.994204929	-13.694248	0.0	0.0
3.714157	0.994188404	-13.712657	0.0	0.0
3.719038	0.994171867	-13.731066	0.0	0.0
3.723918	0.994155299	-13.749474	0.0	0.0
3.728798	0.994138720	-13.767881	0.0	0.0
3.733679	0.994122108	-13.786289	0.0	0.0
3.738559	0.994105486	-13.804695	0.0	0.0
3.743439	0.994088832	-13.823101	0.0	0.0
3.748320	0.994072167	-13.841506	0.0	0.0
3.753200	0.994055470	-13.859911	0.0	0.0
3.758080	0.994038762	-13.878315	0.0	0.0
3.762960	0.994022022	-13.896718	0.0	0.0
3.767841	0.994005271	-13.915121	0.0	0.0
3.772721	0.993988498	-13.933524	0.0	0.0
3.777601	0.993971694	-13.951926	0.0	0.0
3.782482	0.993954878	-13.970327	0.0	0.0
3.787362	0.993938031	-13.988728	0.0	0.0
3.792242	0.993921173	-14.007128	0.0	0.0
3.797123	0.993904283	-14.025527	0.0	0.0
3.802003	0.993887382	-14.043926	0.0	0.0
3.806883	0.993870459	-14.062325	0.0	0.0
3.811764	0.993853504	-14.080723	0.0	0.0
3.816644	0.993836539	-14.099121	0.0	0.0
3.821524	0.993819552	-14.117517	0.0	0.0
3.826405	0.993802533	-14.135914	0.0	0.0
3.831285	0.993785503	-14.154309	0.0	0.0
3.836165	0.993768452	-14.172705	0.0	0.0
3.841045	0.993751369	-14.191099	0.0	0.0
3.845926	0.993734275	-14.209493	0.0	0.0
3.850806	0.993717159	-14.227887	0.0	0.0
3.855686	0.993700012	-14.246280	0.0	0.0
3.860567	0.993682854	-14.264673	0.0	0.0
3.865447	0.993665674	-14.283065	0.0	0.0
3.870327	0.993648463	-14.301456	0.0	0.0
3.875208	0.993631240	-14.319847	0.0	0.0
3.880088	0.993613996	-14.338238	0.0	0.0
3.884968	0.993596720	-14.356628	0.0	0.0
3.889849	0.993579433	-14.375017	0.0	0.0
3.894729	0.993562124	-14.393406	0.0	0.0
3.899609	0.993544785	-14.411794	0.0	0.0
3.904490	0.993527434	-14.430182	0.0	0.0
3.909370	0.993510061	-14.448570	0.0	0.0
3.914250	0.993492657	-14.466956	0.0	0.0
3.919130	0.993475241	-14.485343	0.0	0.0
3.924011	0.993457805	-14.503728	0.0	0.0
3.928891	0.993440336	-14.522114	0.0	0.0
3.933771	0.993422856	-14.540499	0.0	0.0
3.938652	0.993405355	-14.558883	0.0	0.0
3.943532	0.993387823	-14.577267	0.0	0.0
3.948412	0.993370279	-14.595650	0.0	0.0
3.953293	0.993352704	-14.614033	0.0	0.0
3.958173	0.993335117	-14.632415	0.0	0.0
3.963053	0.993317509	-14.650796	0.0	0.0
3.967934	0.993299869	-14.669178	0.0	0.0
3.972814	0.993282218	-14.687559	0.0	0.0
3.977694	0.993264536	-14.705939	0.0	0.0
3.982575	0.993246843	-14.724319	0.0	0.0
3.987455	0.993229118	-14.742698	0.0	0.0
3.992335	0.993211381	-14.761077	0.0	0.0
3.997215	0.993193614	-14.779455	0.0	0.0
4.002096	0.993175834	-14.797833	0.0	0.0
4.006976	0.993158024	-14.816210	0.0	0.0
4.011856	0.993140202	-14.834587	0.0	0.0
4.016737	0.993122348	-14.852964	0.0	0.0
4.021617	0.993104484	-14.871340	0.0	0.0
4.026497	0.993086588	-14.889715	0.0	0.0
4.031378	0.993068680	-14.908090	0.0	0.0
4.036258	0.993050741	-14.926464	0.0	0.0
4.041138	0.993032791	-14.944839	0.0	0.0
4.046019	0.993014809	-14.963212	0.0	0.0
4.050899	0.992996816	-14.981585	0.0	0.0
4.055779	0.992978792	-14.999958	0.0	0.0
4.060660	0.992960756	-15.018330	0.0	0.0
4.065540	0.992942689	-15.036701	0.0	0.0
4.070420	0.992924611	-15.055072	0.0	0.0
4.075300	0.992906501	-15.073443	0.0	0.0
4.080181	0.992888380	-15.091814	0.0	0.0
4.085061	0.992870227	-15.110183	0.0	0.0
4.089941	0.992852054	-15.128553	0.0	0.0
4.094822	0.992833868	-15.146922	0.0	0.0
4.099702	0.992815652	-15.165290	0.0	0.0
4.104582	0.992797424	-15.183658	0.0	0.0
4.109463	0.992779165	-15.202025	0.0	0.0
4.114343	0.992760894	-15.220392	0.0	0.0
4.119223	0.992742592	-15.238759	0.0	0.0
4.124104	0.992724278	-15.257125	0.0	0.0
4.128984	0.992705934	-15.275491	0.0	0.0
4.133864	0.992687578	-15.293856	0.0	0.0
4.138745	0.992669190	-15.312221	0.0	0.0
4.143625	0.992650792	-15.330585	0.0	0.0
4.148505	0.992632372	-15.348949	0.0	0.0
4.153385	0.992613920	-15.367313	0.0	0.0
4.158266	0.992595457	-15.385676	0.0	0.0
4.163146	0.992576963	-15.404039	0.0	0.0
4.168026	0.992558458	-15.422401	0.0	0.0
4.172907	0.992539921	-15.440762	0.0	0.0
4.177787	0.992521373	-15.459124	0.0	0.0
4.182667	0.992502803	-15.477484	0.0	0.0
4.187548	0.992484203	-15.495845	0.0	0.0
4.192428	0.992465591	-15.514205	0.0	0.0
4.197308	0.992446947	-15.532565	0.0	0.0
4.202189	0.992428292	-15.550924	0.0	0.0
4.207069	0.992409616	-15.569282	0.0	0.0
4.211949	0.992390909	-15.587641	0.0	0.0
4.216830	0.992372190	-15.605998	0.0	0.0
4.221710	0.992353440	-15.624356	0.0	0.0
4.226590	0.992334678	-15.642713	0.0	0.0
4.231470	0.992315896	-15.661069	0.0	0.0
4.236351	0.992297081	-15.679426	0.0	0.0
4.241231	0.992278256	-15.697781	0.0	0.0
4.246111	0.992259409	-15.716137	0.0	0.0
4.250992	0.992240531	-15.734492	0.0	0.0
4.255872	0.992221642	-15.752846	0.0	0.0
4.260752	0.992202722	-15.771200	0.0	0.0
4.265633	0.992183790	-15.789554	0.0	0.0
4.270513	0.992164836	-15.807907	0.0	0.0
4.275393	0.992145852	-15.826260	0.0	0.0
4.280274	0.992126856	-15.844612	0.0	0.0
4.285154	0.992107829	-15.862964	0.0	0.0
4.290034	0.992088790	-15.881316	0.0	0.0
4.294915	0.992069731	-15.899667	0.0	0.0
4.299795	0.992050640	-15.918018	0.0	0.0
4.304675	0.992031537	-15.936368	0.0	0.0
4.309555	0.992012404	-15.954718	0.0	0.0
4.314436	0.991993258	-15.973068	0.0	0.0
4.319316	0.991974082	-15.991417	0.0	0.0
4.324196	0.991954895	-16.009766	0.0	0.0
4.329077	0.991935676	-16.028114	0.0	0.0
4.333957	0.991916446	-16.046462	0.0	0.0
4.338837	0.991897184	-16.064809	0.0	0.0
4.343718	0.991877912	-16.083156	0.0	0.0
4.348598	0.991858608	-16.101503	0.0	0.0
4.353478	0.991839292	-16.119850	0.0	0.0
4.358359	0.991819946	-16.138196	0.0	0.0
4.363239	0.991800588	-16.156541	0.0	0.0
4.368119	0.991781199	-16.174887	0.0	0.0
4.373000	0.991761798	-16.193231	0.0	0.0
4.377880	0.991742367	-16.211576	0.0	0.0
4.382760	0.991722914	-16.229920	0.0	0.0
4.387640	0.991703450	-16.248263	0.0	0.0
4.392521	0.991683954	-16.266607	0.0	0.0
4.397401	0.991664447	-16.284950	0.0	0.0
4.402281	0.991644909	-16.303292	0.0	0.0
4.407162	0.991625350	-16.321634	0.0	0.0
4.412042	0.991605779	-16.339976	0.0	0.0
4.416922	0.991586177	-16.358317	0.0	0.0
4.421803	0.991566564	-16.376658	0.0	0.0
4.426683	0.991546920	-16.394999	0.0	0.0
4.431563	0.991527254	-16.413339	0.0	0.0
4.436444	0.991507577	-16.431679	0.0	0.0
4.441324	0.991487869	-16.450018	0.0	0.0
4.446204	0.991468150	-16.468357	0.0	0.0
4.451085	0.991448399	-16.486696	0.0	0.0
4.455965	0.991428637	-16.505034	0.0	0.0
4.460845	0.991408844	-16.523372	0.0	0.0
4.465726	0.991389029	-16.541710	0.0	0.0
4.470606	0.991369203	-16.560047	0.0	0.0
4.475486	0.991349347	-16.578384	0.0	0.0
4.480366	0.991329478	-16.596720	0.0	0.0
4.485247	0.991309579	-16.615056	0.0	0.0
4.490127	0.991289668	-16.633392	0.0	0.0
4.495007	0.991269726	-16.651727	0.0	0.0
4.499888	0.991249773	-16.670062	0.0	0.0
4.504768	0.991229788	-16.688397	0.0	0.0
4.509648	0.991209793	-16.706732	0.0	0.0
4.514529	0.991189766	-16.725065	0.0	0.0
4.519409	0.991169728	-16.743399	0.0	0.0
4.524289	0.991149658	-16.761732	0.0	0.0
4.529170	0.991129578	-16.780065	0.0	0.0
4.534050	0.991109466	-16.798397	0.0	0.0
4.538930	0.991089343	-16.816729	0.0	0.0
4.543811	0.991069188	-16.835061	0.0	0.0
4.548691	0.991049023	-16.853393	0.0	0.0
4.553571	0.991028826	-16.871724	0.0	0.0
4.558451	0.991008618	-16.890054	0.0	0.0
4.563332	0.990988389	-16.908385	0.0	0.0
4.568212	0.990968128	-16.926715	0.0	0.0
4.573092	0.990947857	-16.945044	0.0	0.0
4.577973	0.990927554	-16.963373	0.0	0.0
4.582853	0.990907239	-16.981703	0.0	0.0
4.587733	0.990886894	-17.000031	0.0	0.0
4.592614	0.990866538	-17.018359	0.0	0.0
4.597494	0.990846160	-17.036687	0.0	0.0
4.602374	0.990825751	-17.055015	0.0	0.0
4.607255	0.990805331	-17.073342	0.0	0.0
4.612135	0.990784879	-17.091669	0.0	0.0
4.617015	0.990764417	-17.109995	0.0	0.0
4.621896	0.990743923	-17.128322	0.0	0.0
4.626776	0.990723418	-17.146647	0.0	0.0
4.631656	0.990702882	-17.164973	0.0	0.0
4.636536	0.990682334	-17.183298	0.0	0.0
4.641417	0.990661765	-17.201623	0.0	0.0
4.646297	0.990641166	-17.219947	0.0	0.0
4.651177	0.990620555	-17.238271	0.0	0.0
4.656058	0.990599912	-17.256595	0.0	0.0
4.660938	0.990579259	-17.274918	0.0	0.0
4.665818	0.990558574	-17.293242	0.0	0.0
4.670699	0.990537878	-17.311564	0.0	0.0
4.675579	0.990517151	-17.329887	0.0	0.0
4.680459	0.990496403	-17.348209	0.0	0.0
4.685340	0.990475644	-17.366530	0.0	0.0
4.690220	0.990454853	-17.384852	0.0	0.0
4.695100	0.990434052	-17.403173	0.0	0.0
4.699981	0.990413218	-17.421494	0.0	0.0
4.704861	0.990392374	-17.439814	0.0	0.0
4.709741	0.990371499	-17.458134	0.0	0.0
4.714621	0.990350602	-17.476454	0.0	0.0
4.719502	0.990329695	-17.494774	0.0	0.0
4.724382	0.990308756	-17.513093	0.0	0.0
4.729262	0.990287806	-17.531411	0.0	0.0
4.734143	0.990266825	-17.549730	0.0	0.0
4.739023	0.990245822	-17.568048	0.0	0.0
4.743903	0.990224809	-17.586366	0.0	0.0
4.748784	0.990203764	-17.604683	0.0	0.0
4.753664	0.990182698	-17.623001	0.0	0.0
4.758544	0.990161621	-17.641317	0.0	0.0
4.763425	0.990140513	-17.659634	0.0	0.0
4.768305	0.990119394	-17.677950	0.0	0.0
4.773185	0.990098243	-17.696266	0.0	0.0
4.778066	0.990077071	-17.714582	0.0	0.0
4.782946	0.990055888	-17.732897	0.0	0.0
4.787826	0.990034674	-17.751212	0.0	0.0
4.792706	0.990013439	-17.769527	0.0	0.0
4.797587	0.989992193	-17.787841	0.0	0.0
4.802467	0.989970915	-17.806155	0.0	0.0
4.807347	0.989949617	-17.824468	0.0	0.0
4.812228	0.989928307	-17.842782	0.0	0.0
4.817108	0.989906966	-17.861095	0.0	0.0
4.821988	0.989885604	-17.879408	0.0	0.0
4.826869	0.989864230	-17.897720	0.0	0.0
4.831749	0.989842826	-17.916032	0.0	0.0
4.836629	0.989821411	-17.934344	0.0	0.0
4.841510	0.989799964	-17.952655	0.0	0.0
4.846390	0.989778496	-17.970967	0.0	0.0
4.851270	0.989757017	-17.989278	0.0	0.0
4.856151	0.989735507	-18.007588	0.0	0.0
4.861031	0.989713985	-18.025898	0.0	0.0
4.865911	0.989692433	-18.044208	0.0	0.0
4.870791	0.989670870	-18.062518	0.0	0.0
4.875672	0.989649275	-18.080827	0.0	0.0
4.880552	0.989627669	-18.099136	0.0	0.0
4.885432	0.989606033	-18.117445	0.0	0.0
4.890313	0.989584384	-18.135754	0.0	0.0
4.895193	0.989562705	-18.154062	0.0	0.0
4.900073	0.989541005	-18.172370	0.0	0.0
4.904954	0.989519293	-18.190677	0.0	0.0
4.909834	0.989497551	-18.208984	0.0	0.0
4.914714	0.989475797	-18.227291	0.0	0.0
4.919595	0.989454013	-18.245598	0.0	0.0
4.924475	0.989432217	-18.263904	0.0	0.0
4.929355	0.989410399	-18.282210	0.0	0.0
4.934236	0.989388551	-18.300516	0.0	0.0
4.939116	0.989366692	-18.318821	0.0	0.0
4.943996	0.989344802	-18.337126	0.0	0.0
4.948876	0.989322900	-18.355431	0.0	0.0
4.953757	0.989300968	-18.373736	0.0	0.0
4.958637	0.989279024	-18.392040	0.0	0.0
4.963517	0.989257049	-18.410344	0.0	0.0
4.968398	0.989235063	-18.428648	0.0	0.0
4.973278	0.989213046	-18.446951	0.0	0.0
4.978158	0.989191018	-18.465254	0.0	0.0
4.983039	0.989168959	-18.483557	0.0	0.0
4.987919	0.989146889	-18.501859	0.0	0.0
4.992799	0.989124787	-18.520161	0.0	0.0
4.997680	0.989102675	-18.538463	0.0	0.0
5.002560	0.989080531	-18.556765	0.0	0.0
5.007440	0.989058376	-18.575066	0.0	0.0
5.012321	0.989036190	-18.593367	0.0	0.0
5.017201	0.989013994	-18.611668	0.0	0.0
5.022081	0.988991766	-18.629969	0.0	0.0
5.026961	0.988969517	-18.648269	0.0	0.0
5.031842	0.988947257	-18.666569	0.0	0.0
5.036722	0.988924966	-18.684868	0.0	0.0
5.041602	0.988902663	-18.703167	0.0	0.0
5.046483	0.988880330	-18.721467	0.0	0.0
5.051363	0.988857975	-18.739765	0.0	0.0
5.056243	0.988835610	-18.758064	0.0	0.0
5.061124	0.988813213	-18.776362	0.0	0.0
5.066004	0.988790806	-18.794660	0.0	0.0
5.070884	0.988768367	-18.812957	0.0	0.0
5.075765	0.988745907	-18.831255	0.0	0.0
5.080645	0.988723436	-18.849552	0.0	0.0
5.085525	0.988700934	-18.867849	0.0	0.0
5.090406	0.988678411	-18.886145	0.0	0.0
5.095286	0.988655877	-18.904442	0.0	0.0
5.100166	0.988633312	-18.922737	0.0	0.0
5.105046	0.988610726	-18.941033	0.0	0.0
5.109927	0.988588128	-18.959328	0.0	0.0
5.114807	0.988565500	-18.977623	0.0	0.0
5.119687	0.988542851	-18.995918	0.0	0.0
5.124568	0.988520190	-19.014213	0.0	0.0
5.129448	0.988497499	-19.032507	0.0	0.0
5.134328	0.988474786	-19.050801	0.0	0.0
5.139209	0.988452053	-19.069095	0.0	0.0
5.144089	0.988429308	-19.087389	0.0	0.0
5.148969	0.988406532	-19.105682	0.0	0.0
5.153850	0.988383736	-19.123975	0.0	0.0
5.158730	0.988360928	-19.142267	0.0	0.0
5.163610	0.988338089	-19.160560	0.0	0.0
5.168491	0.988315229	-19.178852	0.0	0.0
5.173371	0.988292358	-19.197144	0.0	0.0
5.178251	0.988269456	-19.215435	0.0	0.0
5.183131	0.988246533	-19.233726	0.0	0.0
5.188012	0.988223599	-19.252017	0.0	0.0
5.192892	0.988200634	-19.270308	0.0	0.0
5.197772	0.988177658	-19.288599	0.0	0.0
5.202653	0.988154650	-19.306889	0.0	0.0
5.207533	0.988131622	-19.325179	0.0	0.0
5.212413	0.988108583	-19.343469	0.0	0.0
5.217294	0.988085513	-19.361758	0.0	0.0
5.222174	0.988062432	-19.380047	0.0	0.0
5.227054	0.988039319	-19.398336	0.0	0.0
5.231935	0.988016186	-19.416625	0.0	0.0
5.236815	0.987993041	-19.434913	0.0	0.0
5.241695	0.987969866	-19.453201	0.0	0.0
5.246576	0.987946680	-19.471489	0.0	0.0
5.251456	0.987923462	-19.489777	0.0	0.0
5.256336	0.987900234	-19.508064	0.0	0.0
5.261216	0.987876975	-19.526351	0.0	0.0
5.266097	0.987853704	-19.544638	0.0	0.0
5.270977	0.987830403	-19.562924	0.0	0.0
5.275857	0.987807090	-19.581211	0.0	0.0
5.280738	0.987783747	-19.599497	0.0	0.0
5.285618	0.987760392	-19.617783	0.0	0.0
5.290498	0.987737007	-19.636068	0.0	0.0
5.295379	0.987713610	-19.654353	0.0	0.0
5.300259	0.987690183	-19.672638	0.0	0.0
5.305139	0.987666744	-19.690923	0.0	0.0
5.310020	0.987643275	-19.709207	0.0	0.0
5.314900	0.987619794	-19.727492	0.0	0.0
5.319780	0.987596283	-19.745776	0.0	0.0
5.324661	0.987572760	-19.764059	0.0	0.0
5.329541	0.987549207	-19.782343	0.0	0.0
5.334421	0.987525642	-19.800626	0.0	0.0
5.339301	0.987502047	-19.818909	0.0	0.0
5.344182	0.987478440	-19.837191	0.0	0.0
5.349062	0.987454803	-19.855474	0.0	0.0
5.353942	0.987431154	-19.873756	0.0	0.0
5.358823	0.987407475	-19.892038	0.0	0.0
5.363703	0.987383785	-19.910320	0.0	0.0
5.368583	0.987360063	-19.928601	0.0	0.0
5.373464	0.987336321	-19.946882	0.0	0.0
5.378344	0.987312568	-19.965163	0.0	0.0
5.383224	0.987288784	-19.983444	0.0	0.0
5.388105	0.987264988	-20.001724	0.0	0.0
5.392985	0.987241162	-20.020004	0.0	0.0
5.397865	0.987217315	-20.038284	0.0	0.0
5.402746	0.987193456	-20.056564	0.0	0.0
5.407626	0.987169567	-20.074843	0.0	0.0
5.412506	0.987145667	-20.093122	0.0	0.0
5.417386	0.987121736	-20.111401	0.0	0.0
5.422267	0.987097784	-20.129680	0.0	0.0
5.427147	0.987073821	-20.147958	0.0	0.0
5.432027	0.987049827	-20.166237	0.0	0.0
5.436908	0.987025812	-20.184515	0.0	0.0
5.441788	0.987001786	-20.202792	0.0	0.0
5.446668	0.986977730	-20.221070	0.0	0.0
5.451549	0.986953652	-20.239347	0.0	0.0
5.456429	0.986929563	-20.257624	0.0	0.0
5.461309	0.986905444	-20.275900	0.0	0.0
5.466190	0.986881303	-20.294177	0.0	0.0
5.471070	0.986857151	-20.312453	0.0	0.0
5.475950	0.986832968	-20.330729	0.0	0.0
5.480831	0.986808765	-20.349005	0.0	0.0
5.485711	0.986784541	-20.367281	0.0	0.0
5.490591	0.986760305	-20.385556	0.0	0.0
5.495471	0.986736039	-20.403831	0.0	0.0
5.500352	0.986711752	-20.422105	0.0	0.0
5.505232	0.986687454	-20.440380	0.0	0.0
5.510112	0.986663124	-20.458655	0.0	0.0
5.514993	0.986638774	-20.476929	0.0	0.0
5.519873	0.986614413	-20.495202	0.0	0.0
5.524753	0.986590022	-20.513476	0.0	0.0
5.529634	0.986565609	-20.531749	0.0	0.0
5.534514	0.986541185	-20.550022	0.0	0.0
5.539394	0.986516730	-20.568295	0.0	0.0
5.544275	0.986492255	-20.586568	0.0	0.0
5.549155	0.986467768	-20.604840	0.0	0.0
5.554035	0.986443251	-20.623112	0.0	0.0
5.558916	0.986418722	-20.641384	0.0	0.0
5.563796	0.986394163	-20.659656	0.0	0.0
5.568676	0.986369583	-20.677927	0.0	0.0
5.573556	0.986344992	-20.696198	0.0	0.0
5.578437	0.986320370	-20.714469	0.0	0.0
5.583317	0.986295737	-20.732740	0.0	0.0
5.588197	0.986271073	-20.751011	0.0	0.0
5.593078	0.986246388	-20.769281	0.0	0.0
5.597958	0.986221692	-20.787551	0.0	0.0
5.602838	0.986196966	-20.805821	0.0	0.0
5.607719	0.986172228	-20.824090	0.0	0.0
5.612599	0.986147460	-20.842360	0.0	0.0
5.617479	0.986122681	-20.860629	0.0	0.0
5.622360	0.986097870	-20.878898	0.0	0.0
5.627240	0.986073049	-20.897166	0.0	0.0
5.632120	0.986048197	-20.915435	0.0	0.0
5.637001	0.986023334	-20.933703	0.0	0.0
5.641881	0.985998440	-20.951971	0.0	0.0
5.646761	0.985973536	-20.970238	0.0	0.0
5.651641	0.985948600	-20.988506	0.0	0.0
5.656522	0.985923654	-21.006773	0.0	0.0
5.661402	0.985898676	-21.025040	0.0	0.0
5.666282	0.985873688	-21.043307	0.0	0.0
5.671163	0.985848669	-21.061574	0.0	0.0
5.676043	0.985823639	-21.079840	0.0	0.0
5.680923	0.985798578	-21.098106	0.0	0.0
5.685804	0.985773506	-21.116372	0.0	0.0
5.690684	0.985748404	-21.134638	0.0	0.0
5.695564	0.985723290	-21.152903	0.0	0.0
5.700445	0.985698145	-21.171169	0.0	0.0
5.705325	0.985672980	-21.189433	0.0	0.0
5.710205	0.985647804	-21.207698	0.0	0.0
5.715086	0.985622597	-21.225963	0.0	0.0
5.719966	0.985597379	-21.244227	0.0	0.0
5.724846	0.985572131	-21.262491	0.0	0.0
5.729726	0.985546871	-21.280755	0.0	0.0
5.734607	0.985521581	-21.299018	0.0	0.0
5.739487	0.985496269	-21.317282	0.0	0.0
5.744367	0.985470947	-21.335545	0.0	0.0
5.749248	0.985445594	-21.353808	0.0	0.0
5.754128	0.985420220	-21.372071	0.0	0.0
5.759008	0.985394836	-21.390333	0.0	0.0
5.763889	0.985369420	-21.408596	0.0	0.0
5.768769	0.985343984	-21.426858	0.0	0.0
5.773649	0.985318537	-21.445119	0.0	0.0
5.778530	0.985293058	-21.463381	0.0	0.0
5.783410	0.985267559	-21.481643	0.0	0.0
5.788290	0.985242049	-21.499904	0.0	0.0
5.793171	0.985216509	-21.518165	0.0	0.0
5.798051	0.985190947	-21.536425	0.0	0.0
5.802931	0.985165375	-21.554686	0.0	0.0
5.807811	0.985139772	-21.572946	0.0	0.0
5.812692	0.985114148	-21.591206	0.0	0.0
5.817572	0.985088503	-21.609466	0.0	0.0
5.822452	0.985062847	-21.627726	0.0	0.0
5.827333	0.985037161	-21.645985	0.0	0.0
5.832213	0.985011453	-21.664245	0.0	0.0
5.837093	0.984985725	-21.682504	0.0	0.0
5.841974	0.984959986	-21.700762	0.0	0.0
5.846854	0.984934216	-21.719021	0.0	0.0
5.851734	0.984908426	-21.737279	0.0	0.0
5.856615	0.984882624	-21.755538	0.0	0.0
5.861495	0.984856792	-21.773795	0.0	0.0
5.866375	0.984830939	-21.792053	0.0	0.0
5.871256	0.984805065	-21.810311	0.0	0.0
5.876136	0.984779180	-21.828568	0.0	0.0
5.881016	0.984753265	-21.846825	0.0	0.0
5.885896	0.984727328	-21.865082	0.0	0.0
5.890777	0.984701381	-21.883338	0.0	0.0
5.895657	0.984675403	-21.901595	0.0	0.0
5.900537	0.984649404	-21.919851	0.0	0.0
5.905418	0.984623394	-21.938107	0.0	0.0
5.910298	0.984597354	-21.956363	0.0	0.0
5.915178	0.984571293	-21.974618	0.0	0.0
5.920059	0.984545221	-21.992874	0.0	0.0
5.924939	0.984519118	-22.011129	0.0	0.0
5.929819	0.984492995	-22.029383	0.0	0.0
5.934700	0.984466860	-22.047639	0.0	0.0
5.939580	0.984440695	-22.065893	0.0	0.0
5.944460	0.984414519	-22.084147	0.0	0.0
5.949341	0.984388312	-22.102401	0.0	0.0
5.954221	0.984362084	-22.120655	0.0	0.0
5.959101	0.984335846	-22.138909	0.0	0.0
5.963981	0.984309577	-22.157162	0.0	0.0
5.968862	0.984283297	-22.175415	0.0	0.0
5.973742	0.984256986	-22.193669	0.0	0.0
5.978622	0.984230664	-22.211921	0.0	0.0
5.983503	0.984204312	-22.230174	0.0	0.0
5.988383	0.984177939	-22.248426	0.0	0.0
5.993263	0.984151555	-22.266678	0.0	0.0
5.998144	0.984125141	-22.284930	0.0	0.0
6.003024	0.984098715	-22.303182	0.0	0.0
6.007904	0.984072259	-22.321434	0.0	0.0
6.012785	0.984045792	-22.339685	0.0	0.0
6.017665	0.984019294	-22.357936	0.0	0.0
6.022545	0.983992786	-22.376187	0.0	0.0
6.027426	0.983966246	-22.394438	0.0	0.0
6.032306	0.983939687	-22.412688	0.0	0.0
6.037186	0.983913116	-22.430939	0.0	0.0
6.042066	0.983886514	-22.449189	0.0	0.0
6.046947	0.983859901	-22.467439	0.0	0.0
6.051827	0.983833259	-22.485689	0.0	0.0
6.056707	0.983806595	-22.503938	0.0	0.0
6.061588	0.983779920	-22.522187	0.0	0.0
6.066468	0.983753215	-22.540436	0.0	0.0
6.071348	0.983726499	-22.558685	0.0	0.0
6.076229	0.983699752	-22.576934	0.0	0.0
6.081109	0.983672985	-22.595182	0.0	0.0
6.085989	0.983646206	-22.613431	0.0	0.0
6.090870	0.983619397	-22.631679	0.0	0.0
6.095750	0.983592567	-22.649927	0.0	0.0
6.100630	0.983565727	-22.668174	0.0	0.0
6.105511	0.983538856	-22.686422	0.0	0.0
6.110391	0.983511964	-22.704669	0.0	0.0
6.115271	0.983485061	-22.722916	0.0	0.0
6.120151	0.983458128	-22.741163	0.0	0.0
6.125032	0.983431173	-22.759410	0.0	0.0
6.129912	0.983404198	-22.777656	0.0	0.0
6.134792	0.983377213	-22.795902	0.0	0.0
6.139673	0.983350196	-22.814148	0.0	0.0
6.144553	0.983323159	-22.832394	0.0	0.0
6.149433	0.983296102	-22.850640	0.0	0.0
6.154314	0.983269033	-22.868885	0.0	0.0
6.159194	0.983241934	-22.887130	0.0	0.0
6.164074	0.983214813	-22.905376	0.0	0.0
6.168955	0.983187673	-22.923620	0.0	0.0
6.173835	0.983160511	-22.941865	0.0	0.0
6.178715	0.983133339	-22.960109	0.0	0.0
6.183596	0.983106136	-22.978354	0.0	0.0
6.188476	0.983078913	-22.996598	0.0	0.0
6.193356	0.983051669	-23.014841	0.0	0.0
6.198236	0.983024414	-23.033085	0.0	0.0
6.203117	0.982997128	-23.051329	0.0	0.0
6.207997	0.982969821	-23.069572	0.0	0.0
6.212877	0.982942494	-23.087815	0.0	0.0
6.217758	0.982915157	-23.106058	0.0	0.0
6.222638	0.982887788	-23.124300	0.0	0.0
6.227518	0.982860399	-23.142543	0.0	0.0
6.232399	0.982832989	-23.160785	0.0	0.0
6.237279	0.982805569	-23.179027	0.0	0.0
6.242159	0.982778117	-23.197269	0.0	0.0
6.247040	0.982750645	-23.215511	0.0	0.0
6.251920	0.982723162	-23.233752	0.0	0.0
6.256800	0.982695649	-23.251993	0.0	0.0
6.261681	0.982668115	-23.270234	0.0	0.0
6.266561	0.982640570	-23.288475	0.0	0.0
6.271441	0.982612995	-23.306716	0.0	0.0
6.276321	0.982585399	-23.324956	0.0	0.0
6.281202	0.982557792	-23.343197	0.0	0.0
6.286082	0.982530155	-23.361437	0.0	0.0
6.290962	0.982502497	-23.379677	0.0	0.0
6.295843	0.982474828	-23.397917	0.0	0.0
6.300723	0.982447128	-23.416156	0.0	0.0
6.305603	0.982419418	-23.434395	0.0	0.0
6.310484	0.982391677	-23.452634	0.0	0.0
6.315364	0.982363916	-23.470873	0.0	0.0
6.320244	0.982336143	-23.489112	0.0	0.0
6.325125	0.982308341	-23.507351	0.0	0.0
6.330005	0.982280527	-23.525589	0.0	0.0
6.334885	0.982252683	-23.543827	0.0	0.0
6.339766	0.982224828	-23.562065	0.0	0.0
6.344646	0.982196943	-23.580303	0.0	0.0
6.349526	0.982169037	-23.598541	0.0	0.0
6.354406	0.982141120	-23.616778	0.0	0.0
6.359287	0.982113172	-23.635015	0.0	0.0
6.364167	0.982085214	-23.653252	0.0	0.0
6.369047	0.982057226	-23.671489	0.0	0.0
6.373928	0.982029216	-23.689726	0.0	0.0
6.378808	0.982001196	-23.707962	0.0	0.0
6.383688	0.981973146	-23.726198	0.0	0.0
6.388569	0.981945085	-23.744434	0.0	0.0
6.393449	0.981916993	-23.762670	0.0	0.0
6.398329	0.981888880	-23.780906	0.0	0.0
6.403210	0.981860757	-23.799142	0.0	0.0
6.408090	0.981832603	-23.817377	0.0	0.0
6.412970	0.981804428	-23.835612	0.0	0.0
6.417851	0.981776243	-23.853847	0.0	0.0
6.422731	0.981748028	-23.872081	0.0	0.0
6.427611	0.981719791	-23.890316	0.0	0.0
6.432492	0.981691544	-23.908551	0.0	0.0
6.437372	0.981663266	-23.926785	0.0	0.0
6.442252	0.981634968	-23.945019	0.0	0.0
6.447132	0.981606659	-23.963252	0.0	0.0
6.452013	0.981578320	-23.981486	0.0	0.0
6.456893	0.981549960	-23.999719	0.0	0.0
6.461773	0.981521579	-24.017953	0.0	0.0
6.466654	0.981493188	-24.036186	0.0	0.0
6.471534	0.981464766	-24.054419	0.0	0.0
6.476414	0.981436323	-24.072651	0.0	0.0
6.481295	0.981407860	-24.090884	0.0	0.0
6.486175	0.981379386	-24.109116	0.0	0.0
6.491055	0.981350882	-24.127348	0.0	0.0
6.495936	0.981322357	-24.145580	0.0	0.0
6.500816	0.981293812	-24.163812	0.0	0.0
6.505696	0.981265246	-24.182043	0.0	0.0
6.510577	0.981236668	-24.200275	0.0	0.0
6.515457	0.981208061	-24.218506	0.0	0.0
6.520337	0.981179433	-24.236737	0.0	0.0
6.525217	0.981150785	-24.254968	0.0	0.0
6.530098	0.981122116	-24.273198	0.0	0.0
6.534978	0.981093436	-24.291428	0.0	0.0
6.539858	0.981064726	-24.309659	0.0	0.0
6.544739	0.981035995	-24.327889	0.0	0.0
6.549619	0.981007243	-24.346119	0.0	0.0
6.554499	0.980978471	-24.364349	0.0	0.0
6.559380	0.980949688	-24.382578	0.0	0.0
6.564260	0.980920875	-24.400807	0.0	0.0
6.569140	0.980892041	-24.419036	0.0	0.0
6.574021	0.980863187	-24.437265	0.0	0.0
6.578901	0.980834322	-24.455494	0.0	0.0
6.583781	0.980805426	-24.473723	0.0	0.0
6.588662	0.980776510	-24.491951	0.0	0.0
6.593542	0.980747583	-24.510179	0.0	0.0
6.598422	0.980718626	-24.528407	0.0	0.0
6.603302	0.980689648	-24.546635	0.0	0.0
6.608183	0.980660650	-24.564863	0.0	0.0
6.613063	0.980631641	-24.583090	0.0	0.0
6.617943	0.980602601	-24.601318	0.0	0.0
6.622824	0.980573541	-24.619545	0.0	0.0
6.627704	0.980544470	-24.637772	0.0	0.0
6.632584	0.980515369	-24.655999	0.0	0.0
6.637465	0.980486257	-24.674225	0.0	0.0
6.642345	0.980457115	-24.692452	0.0	0.0
6.647225	0.980427952	-24.710678	0.0	0.0
6.652106	0.980398779	-24.728904	0.0	0.0
6.656986	0.980369575	-24.747129	0.0	0.0
6.661866	0.980340350	-24.765355	0.0	0.0
6.666747	0.980311115	-24.783581	0.0	0.0
6.671627	0.980281849	-24.801806	0.0	0.0
6.676507	0.980252573	-24.820031	0.0	0.0
6.681387	0.980223266	-24.838256	0.0	0.0
6.686268	0.980193939	-24.856481	0.0	0.0
6.691148	0.980164601	-24.874705	0.0	0.0
6.696028	0.980135233	-24.892930	0.0	0.0
6.700909	0.980105854	-24.911154	0.0	0.0
6.705789	0.980076444	-24.929378	0.0	0.0
6.710669	0.980047015	-24.947602	0.0	0.0
6.715550	0.980017574	-24.965826	0.0	0.0
6.720430	0.979988103	-24.984049	0.0	0.0
6.725310	0.979958612	-25.002273	0.0	0.0
6.730191	0.979929110	-25.020496	0.0	0.0
6.735071	0.979899578	-25.038719	0.0	0.0
6.739951	0.979870025	-25.056941	0.0	0.0
6.744832	0.979840460	-25.075164	0.0	0.0
6.749712	0.979810866	-25.093387	0.0	0.0
6.754592	0.979781252	-25.111609	0.0	0.0
6.759472	0.979751627	-25.129831	0.0	0.0
6.764353	0.979721971	-25.148053	0.0	0.0
6.769233	0.979692295	-25.166275	0.0	0.0
6.774113	0.979662599	-25.184496	0.0	0.0
6.778994	0.979632892	-25.202717	0.0	0.0
6.783874	0.979603153	-25.220939	0.0	0.0
6.788754	0.979573395	-25.239160	0.0	0.0
6.793635	0.979543617	-25.257381	0.0	0.0
6.798515	0.979513828	-25.275601	0.0	0.0
6.803395	0.979484008	-25.293822	0.0	0.0
6.808276	0.979454168	-25.312042	0.0	0.0
6.813156	0.979424308	-25.330262	0.0	0.0
6.818036	0.979394426	-25.348482	0.0	0.0
6.822917	0.979364525	-25.366702	0.0	0.0
6.827797	0.979334612	-25.384922	0.0	0.0
6.832677	0.979304670	-25.403141	0.0	0.0
6.837557	0.979274707	-25.421360	0.0	0.0
6.842438	0.979244724	-25.439579	0.0	0.0
6.847318	0.979214720	-25.457798	0.0	0.0
6.852198	0.979184695	-25.476017	0.0	0.0
6.857079	0.979154660	-25.494236	0.0	0.0
6.861959	0.979124594	-25.512454	0.0	0.0
6.866839	0.979094509	-25.530672	0.0	0.0
6.871720	0.979064402	-25.548890	0.0	0.0
6.876600	0.979034276	-25.567108	0.0	0.0
6.881480	0.979004128	-25.585326	0.0	0.0
6.886361	0.978973970	-25.603543	0.0	0.0
6.891241	0.978943782	-25.621761	0.0	0.0
6.896121	0.978913573	-25.639978	0.0	0.0
6.901002	0.978883344	-25.658195	0.0	0.0
6.905882	0.978853104	-25.676412	0.0	0.0
6.910762	0.978822834	-25.694628	0.0	0.0
6.915642	0.978792544	-25.712845	0.0	0.0
6.920523	0.978762233	-25.731061	0.0	0.0
6.925403	0.978731911	-25.749277	0.0	0.0
6.930283	0.978701559	-25.767493	0.0	0.0
6.935164	0.978671187	-25.785709	0.0	0.0
6.940044	0.978640794	-25.803925	0.0	0.0
6.944924	0.978610391	-25.822140	0.0	0.0
6.949805	0.978579957	-25.840355	0.0	0.0
6.954685	0.978549503	-25.858570	0.0	0.0
6.959565	0.978519038	-25.876785	0.0	0.0
6.964446	0.978488543	-25.895000	0.0	0.0
6.969326	0.978458028	-25.913214	0.0	0.0
6.974206	0.978427501	-25.931429	0.0	0.0
6.979087	0.978396945	-25.949643	0.0	0.0
6.983967	0.978366368	-25.967857	0.0	0.0
6.988847	0.978335781	-25.986071	0.0	0.0
6.993727	0.978305164	-26.004285	0.0	0.0
6.998608	0.978274526	-26.022498	0.0	0.0
7.003488	0.978243877	-26.040712	0.0	0.0
7.008368	0.978213198	-26.058925	0.0	0.0
7.013249	0.978182508	-26.077138	0.0	0.0
7.018129	0.978151789	-26.095351	0.0	0.0
7.023009	0.978121049	-26.113564	0.0	0.0
7.027890	0.978090298	-26.131776	0.0	0.0
7.032770	0.978059517	-26.149989	0.0	0.0
7.037650	0.978028716	-26.168201	0.0	0.0
7.042531	0.977997904	-26.186413	0.0	0.0
7.047411	0.977967062	-26.204624	0.0	0.0
7.052291	0.977936199	-26.222836	0.0	0.0
7.057172	0.977905316	-26.241048	0.0	0.0
7.062052	0.977874422	-26.259259	0.0	0.0
7.066932	0.977843498	-26.277470	0.0	0.0
7.071812	0.977812554	-26.295681	0.0	0.0
7.076693	0.977781599	-26.313892	0.0	0.0
7.081573	0.977750615	-26.332103	0.0	0.0
7.086453	0.977719609	-26.350313	0.0	0.0
7.091334	0.977688583	-26.368524	0.0	0.0
7.096214	0.977657537	-26.386734	0.0	0.0
7.101094	0.977626480	-26.404944	0.0	0.0
7.105975	0.977595393	-26.423153	0.0	0.0
7.110855	0.977564286	-26.441363	0.0	0.0
7.115735	0.977533158	-26.459572	0.0	0.0
7.120616	0.977502010	-26.477782	0.0	0.0
7.125496	0.977470852	-26.495991	0.0	0.0
7.130376	0.977439662	-26.514200	0.0	0.0
7.135257	0.977408453	-26.532409	0.0	0.0
7.140137	0.977377223	-26.550617	0.0	0.0
7.145017	0.977345973	-26.568826	0.0	0.0
7.149897	0.977314703	-26.587034	0.0	0.0
7.154778	0.977283412	-26.605242	0.0	0.0
7.159658	0.977252101	-26.623450	0.0	0.0
7.164538	0.977220780	-26.641658	0.0	0.0
7.169419	0.977189427	-26.659866	0.0	0.0
7.174299	0.977158055	-26.678073	0.0	0.0
7.179179	0.977126663	-26.696280	0.0	0.0
7.184060	0.977095250	-26.714488	0.0	0.0
7.188940	0.977063817	-26.732694	0.0	0.0
7.193820	0.977032363	-26.750901	0.0	0.0
7.198701	0.977000889	-26.769108	0.0	0.0
7.203581	0.976969404	-26.787315	0.0	0.0
7.208461	0.976937889	-26.805521	0.0	0.0
7.213342	0.976906354	-26.823727	0.0	0.0
7.218222	0.976874799	-26.841933	0.0	0.0
7.223102	0.976843223	-26.860139	0.0	0.0
7.227982	0.976811627	-26.878344	0.0	0.0
7.232863	0.976780021	-26.896550	0.0	0.0
7.237743	0.976748384	-26.914755	0.0	0.0
7.242623	0.976716727	-26.932960	0.0	0.0
7.247504	0.976685049	-26.951165	0.0	0.0
7.252384	0.976653361	-26.969370	0.0	0.0
7.257264	0.976621643	-26.987574	0.0	0.0
7.262145	0.976589905	-27.005779	0.0	0.0
7.267025	0.976558146	-27.023983	0.0	0.0
7.271905	0.976526377	-27.042187	0.0	0.0
7.276786	0.976494578	-27.060391	0.0	0.0
7.281666	0.976462757	-27.078595	0.0	0.0
7.286546	0.976430927	-27.096799	0.0	0.0
7.291427	0.976399067	-27.115002	0.0	0.0
7.296307	0.976367186	-27.133206	0.0	0.0
7.301187	0.976335295	-27.151409	0.0	0.0
7.306067	0.976303374	-27.169612	0.0	0.0
7.310948	0.976271432	-27.187814	0.0	0.0
7.315828	0.976239480	-27.206017	0.0	0.0
7.320708	0.976207497	-27.224220	0.0	0.0
7.325589	0.976175495	-27.242422	0.0	0.0
7.330469	0.976143472	-27.260624	0.0	0.0
7.335349	0.976111438	-27.278826	0.0	0.0
7.340230	0.976079375	-27.297028	0.0	0.0
7.345110	0.976047291	-27.315230	0.0	0.0
7.349990	0.976015197	-27.333431	0.0	0.0
7.354871	0.975983073	-27.351632	0.0	0.0
7.359751	0.975950927	-27.369834	0.0	0.0
7.364631	0.975918762	-27.388035	0.0	0.0
7.369512	0.975886587	-27.406236	0.0	0.0
7.374392	0.975854381	-27.424436	0.0	0.0
7.379272	0.975822156	-27.442637	0.0	0.0
7.384152	0.975789910	-27.460837	0.0	0.0
7.389033	0.975757643	-27.479037	0.0	0.0
7.393913	0.975725366	-27.497237	0.0	0.0
7.398793	0.975693059	-27.515437	0.0	0.0
7.403674	0.975660732	-27.533637	0.0	0.0
7.408554	0.975628384	-27.551837	0.0	0.0
7.413434	0.975596016	-27.570036	0.0	0.0
7.418315	0.975563628	-27.588235	0.0	0.0
7.423195	0.975531220	-27.606434	0.0	0.0
7.428075	0.975498792	-27.624633	0.0	0.0
7.432956	0.975466343	-27.642832	0.0	0.0
7.437836	0.975433883	-27.661031	0.0	0.0
7.442716	0.975401393	-27.679229	0.0	0.0
7.447597	0.975368884	-27.697427	0.0	0.0
7.452477	0.975336354	-27.715625	0.0	0.0
7.457357	0.975303804	-27.733823	0.0	0.0
7.462237	0.975271233	-27.752021	0.0	0.0
7.467118	0.975238643	-27.770219	0.0	0.0
7.471998	0.975206032	-27.788416	0.0	0.0
7.476878	0.975173400	-27.806614	0.0	0.0
7.481759	0.975140748	-27.824811	0.0	0.0
7.486639	0.975108077	-27.843008	0.0	0.0
7.491519	0.975075385	-27.861204	0.0	0.0
7.496400	0.975042673	-27.879401	0.0	0.0
7.501280	0.975009940	-27.897597	0.0	0.0
7.506160	0.974977197	-27.915794	0.0	0.0
7.511041	0.974944424	-27.933990	0.0	0.0
7.515921	0.974911631	-27.952186	0.0	0.0
7.520801	0.974878817	-27.970382	0.0	0.0
7.525682	0.974845984	-27.988578	0.0	0.0
7.530562	0.974813130	-28.006773	0.0	0.0
7.535442	0.974780266	-28.024968	0.0	0.0
7.540322	0.974747371	-28.043163	0.0	0.0
7.545203	0.974714457	-28.061358	0.0	0.0
7.550083	0.974681522	-28.079553	0.0	0.0
7.554963	0.974648576	-28.097748	0.0	0.0
7.559844	0.974615601	-28.115943	0.0	0.0
7.564724	0.974582606	-28.134137	0.0	0.0
7.569604	0.974549590	-28.152331	0.0	0.0
7.574485	0.974516564	-28.170526	0.0	0.0
7.579365	0.974483508	-28.188719	0.0	0.0
7.584245	0.974450431	-28.206913	0.0	0.0
7.589126	0.974417345	-28.225107	0.0	0.0
7.594006	0.974384227	-28.243300	0.0	0.0
7.598886	0.974351090	-28.261494	0.0	0.0
7.603767	0.974317933	-28.279687	0.0	0.0
7.608647	0.974284766	-28.297880	0.0	0.0
7.613527	0.974251568	-28.316072	0.0	0.0
7.618407	0.974218351	-28.334265	0.0	0.0
7.623288	0.974185122	-28.352458	0.0	0.0
7.628168	0.974151864	-28.370650	0.0	0.0
7.633048	0.974118585	-28.388842	0.0	0.0
7.637929	0.974085287	-28.407034	0.0	0.0
7.642809	0.974051968	-28.425226	0.0	0.0
7.647689	0.974018639	-28.443418	0.0	0.0
7.652570	0.973985280	-28.461609	0.0	0.0
7.657450	0.973951901	-28.479801	0.0	0.0
7.662330	0.973918501	-28.497992	0.0	0.0
7.667211	0.973885081	-28.516183	0.0	0.0
7.672091	0.973851641	-28.534374	0.0	0.0
7.676971	0.973818181	-28.552565	0.0	0.0
7.681852	0.973784701	-28.570755	0.0	0.0
7.686732	0.973751201	-28.588946	0.0	0.0
7.691612	0.973717680	-28.607136	0.0	0.0
7.696492	0.973684140	-28.625326	0.0	0.0
7.701373	0.973650579	-28.643516	0.0	0.0
7.706253	0.973616997	-28.661706	0.0	0.0
7.711133	0.973583396	-28.679896	0.0	0.0
7.716014	0.973549775	-28.698085	0.0	0.0
7.720894	0.973516133	-28.716274	0.0	0.0
7.725774	0.973482471	-28.734464	0.0	0.0
7.730655	0.973448790	-28.752653	0.0	0.0
7.735535	0.973415097	-28.770841	0.0	0.0
7.740415	0.973381375	-28.789030	0.0	0.0
7.745296	0.973347632	-28.807219	0.0	0.0
7.750176	0.973313870	-28.825407	0.0	0.0
7.755056	0.973280087	-28.843595	0.0	0.0
7.759937	0.973246285	-28.861783	0.0	0.0
7.764817	0.973212462	-28.879971	0.0	0.0
7.769697	0.973178619	-28.898159	0.0	0.0
7.774577	0.973144756	-28.916347	0.0	0.0
7.779458	0.973110882	-28.934534	0.0	0.0
7.784338	0.973076978	-28.952722	0.0	0.0
7.789218	0.973043054	-28.970909	0.0	0.0
7.794099	0.973009111	-28.989096	0.0	0.0
7.798979	0.972975157	-29.007283	0.0	0.0
7.803859	0.972941173	-29.025469	0.0	0.0
7.808740	0.972907168	-29.043656	0.0	0.0
7.813620	0.972873154	-29.061842	0.0	0.0
7.818500	0.972839110	-29.080028	0.0	0.0
7.823381	0.972805044	-29.098214	0.0	0.0
7.828261	0.972770970	-29.116400	0.0	0.0
7.833141	0.972736865	-29.134586	0.0	0.0
7.838022	0.972702740	-29.152772	0.0	0.0
7.842902	0.972668605	-29.170957	0.0	0.0
7.847782	0.972634440	-29.189142	0.0	0.0
7.852662	0.972600255	-29.207327	0.0	0.0
7.857543	0.972566049	-29.225512	0.0	0.0
7.862423	0.972531823	-29.243697	0.0	0.0
7.867303	0.972497578	-29.261882	0.0	0.0
7.872184	0.972463322	-29.280066	0.0	0.0
7.877064	0.972429036	-29.298251	0.0	0.0
7.881944	0.972394730	-29.316435	0.0	0.0
7.886825	0.972360404	-29.334619	0.0	0.0
7.891705	0.972326058	-29.352803	0.0	0.0
7.896585	0.972291692	-29.370986	0.0	0.0
7.901466	0.972257295	-29.389170	0.0	0.0
7.906346	0.972222889	-29.407354	0.0	0.0
7.911226	0.972188463	-29.425537	0.0	0.0
7.916107	0.972154016	-29.443720	0.0	0.0
7.920987	0.972119550	-29.461903	0.0	0.0
7.925867	0.972085063	-29.480085	0.0	0.0
7.930747	0.972050556	-29.498268	0.0	0.0
7.935628	0.972016030	-29.516451	0.0	0.0
7.940508	0.971981492	-29.534633	0.0	0.0
7.945388	0.971946925	-29.552815	0.0	0.0
7.950269	0.971912338	-29.570997	0.0	0.0
7.955149	0.971877730	-29.589179	0.0	0.0
7.960029	0.971843113	-29.607361	0.0	0.0
7.964910	0.971808466	-29.625542	0.0	0.0
7.969790	0.971773808	-29.643724	0.0	0.0
7.974670	0.971739130	-29.661905	0.0	0.0
7.979551	0.971704422	-29.680086	0.0	0.0
7.984431	0.971669695	-29.698267	0.0	0.0
7.989311	0.971634947	-29.716448	0.0	0.0
7.994192	0.971600179	-29.734629	0.0	0.0
7.999072	0.971565382	-29.752809	0.0	0.0
8.003952	0.971530555	-29.770989	0.0	0.0
8.008832	0.971495698	-29.789169	0.0	0.0
8.013713	0.971460801	-29.807350	0.0	0.0
8.018593	0.971425884	-29.825530	0.0	0.0
8.023473	0.971390909	-29.843709	0.0	0.0
8.028354	0.971355904	-29.861889	0.0	0.0
8.033234	0.971320830	-29.880068	0.0	0.0
8.038114	0.971285707	-29.898247	0.0	0.0
8.042995	0.971250525	-29.916426	0.0	0.0
8.047875	0.971215255	-29.934605	0.0	0.0
8.052755	0.971179906	-29.952784	0.0	0.0
8.057636	0.971144461	-29.970963	0.0	0.0
8.062516	0.971108907	-29.989141	0.0	0.0
8.067396	0.971073227	-30.007320	0.0	0.0
8.072277	0.971037411	-30.025498	0.0	0.0
8.077157	0.971001429	-30.043676	0.0	0.0
8.082037	0.970965271	-30.061854	0.0	0.0
8.086917	0.970928909	-30.080031	0.0	0.0
8.091798	0.970892313	-30.098209	0.0	0.0
8.096678	0.970855455	-30.116387	0.0	0.0
8.101558	0.970818315	-30.134564	0.0	0.0
8.106439	0.970780844	-30.152741	0.0	0.0
8.111319	0.970743004	-30.170918	0.0	0.0
8.116199	0.970704756	-30.189095	0.0	0.0
8.121080	0.970666051	-30.207271	0.0	0.0
8.125960	0.970626842	-30.225448	0.0	0.0
8.130840	0.970587068	-30.243625	0.0	0.0
8.135721	0.970546654	-30.261801	0.0	0.0
8.140601	0.970505560	-30.279977	0.0	0.0
8.145481	0.970463690	-30.298153	0.0	0.0
8.150362	0.970420966	-30.316328	0.0	0.0
8.155242	0.970377310	-30.334504	0.0	0.0
8.160122	0.970332625	-30.352679	0.0	0.0
8.165002	0.970286815	-30.370854	0.0	0.0
8.169883	0.970239753	-30.389030	0.0	0.0
8.174763	0.970191333	-30.407205	0.0	0.0
8.179643	0.970141439	-30.425380	0.0	0.0
8.184524	0.970089905	-30.443554	0.0	0.0
8.189404	0.970036606	-30.461729	0.0	0.0
8.194284	0.969981388	-30.479903	0.0	0.0
8.199165	0.969924064	-30.498077	0.0	0.0
8.204045	0.969864472	-30.516251	0.0	0.0
8.208925	0.969802407	-30.534426	0.0	0.0
8.213806	0.969737676	-30.552599	0.0	0.0
8.218686	0.969670046	-30.570773	0.0	0.0
8.223566	0.969599305	-30.588946	0.0	0.0
8.228447	0.969525180	-30.607120	0.0	0.0
8.233327	0.969447431	-30.625293	0.0	0.0
8.238207	0.969365776	-30.643466	0.0	0.0
8.243087	0.969279924	-30.661639	0.0	0.0
8.247968	0.969189555	-30.679812	0.0	0.0
8.252848	0.969094342	-30.697984	0.0	0.0
8.257728	0.968993945	-30.716157	0.0	0.0
8.262609	0.968887996	-30.734329	0.0	0.0
8.267489	0.968776118	-30.752501	0.0	0.0
8.272369	0.968657894	-30.770673	0.0	0.0
8.277250	0.968532907	-30.788845	0.0	0.0
8.282130	0.968400704	-30.807016	0.0	0.0
8.287010	0.968260829	-30.825188	0.0	0.0
8.291891	0.968112779	-30.843359	0.0	0.0
8.296771	0.967956051	-30.861531	0.0	0.0
8.301651	0.967790103	-30.879702	0.0	0.0
8.306532	0.967614374	-30.897873	0.0	0.0
8.311412	0.967428274	-30.916043	0.0	0.0
8.316292	0.967231202	-30.934214	0.0	0.0
8.321172	0.967022521	-30.952384	0.0	0.0
8.326053	0.966801562	-30.970555	0.0	0.0
8.330933	0.966567649	-30.988725	0.0	0.0
8.335813	0.966320048	-31.006895	0.0	0.0
8.340694	0.966058041	-31.025065	0.0	0.0
8.345574	0.965780837	-31.043234	0.0	0.0
8.350454	0.965487643	-31.061404	0.0	0.0
8.355335	0.965177645	-31.079573	0.0	0.0
8.360215	0.964849975	-31.097743	0.0	0.0
8.365095	0.964503761	-31.115912	0.0	0.0
8.369976	0.964138087	-31.134081	0.0	0.0
8.374856	0.963752014	-31.152250	0.0	0.0
8.379736	0.963344576	-31.170418	0.0	0.0
8.384617	0.962914777	-31.188587	0.0	0.0
8.389497	0.962461583	-31.206755	0.0	0.0
8.394377	0.961983951	-31.224923	0.0	0.0
8.399257	0.961480799	-31.243091	0.0	0.0
8.404138	0.960951005	-31.261260	0.0	0.0
8.409018	0.960393441	-31.279427	0.0	0.0
8.413898	0.959806937	-31.297595	0.0	0.0
8.418779	0.959190305	-31.315762	0.0	0.0
8.423659	0.958542319	-31.333930	0.0	0.0
8.428539	0.957861742	-31.352097	0.0	0.0
8.433420	0.957147291	-31.370264	0.0	0.0
8.438300	0.956397690	-31.388431	0.0	0.0
8.443180	0.955611599	-31.406598	0.0	0.0
8.448061	0.954787695	-31.424764	0.0	0.0
8.452941	0.953924606	-31.442931	0.0	0.0
8.457821	0.953020935	-31.461097	0.0	0.0
8.462702	0.952075291	-31.479263	0.0	0.0
8.467582	0.951086246	-31.497429	0.0	0.0
8.472462	0.950052353	-31.515595	0.0	0.0
8.477343	0.948972154	-31.533761	0.0	0.0
8.482223	0.947844167	-31.551926	0.0	0.0
8.487103	0.946666914	-31.570091	0.0	0.0
8.491983	0.945438891	-31.588257	0.0	0.0
8.496864	0.944158576	-31.606422	0.0	0.0
8.501744	0.942824463	-31.624587	0.0	0.0
8.506624	0.941435001	-31.642751	0.0	0.0
8.511505	0.939988667	-31.660916	0.0	0.0
8.516385	0.938483909	-31.679081	0.0	0.0
8.521265	0.936919197	-31.697245	0.0	0.0
8.526146	0.935292978	-31.715409	0.0	0.0
8.531026	0.933603722	-31.733573	0.0	0.0
8.535906	0.931849868	-31.751737	0.0	0.0
8.540787	0.930029904	-31.769901	0.0	0.0
8.545667	0.928142281	-31.788064	0.0	0.0
8.550547	0.926185507	-31.806228	0.0	0.0
8.555428	0.924158060	-31.824391	0.0	0.0
8.560308	0.922058460	-31.842555	0.0	0.0
8.565188	0.919885226	-31.860718	0.0	0.0
8.570068	0.917636904	-31.878880	0.0	0.0
8.574949	0.915312064	-31.897043	0.0	0.0
8.579829	0.912909291	-31.915206	0.0	0.0
8.584709	0.910427192	-31.933368	0.0	0.0
8.589590	0.907864432	-31.951530	0.0	0.0
8.594470	0.905219676	-31.969693	0.0	0.0
8.599350	0.902491629	-31.987855	0.0	0.0
8.604231	0.899679033	-32.006016	0.0	0.0
8.609111	0.896780670	-32.024178	0.0	0.0
8.613991	0.893795371	-32.042339	0.0	0.0
8.618872	0.890721984	-32.060501	0.0	0.0
8.623752	0.887559439	-32.078662	0.0	0.0
8.628632	0.884306680	-32.096823	0.0	0.0
8.633513	0.880962724	-32.114984	0.0	0.0
8.638393	0.877526624	-32.133145	0.0	0.0
8.643273	0.873997501	-32.151306	0.0	0.0
8.648153	0.870374536	-32.169466	0.0	0.0
8.653034	0.866656946	-32.187626	0.0	0.0
8.657914	0.862844027	-32.205787	0.0	0.0
8.662794	0.858935143	-32.223947	0.0	0.0
8.667675	0.854929717	-32.242106	0.0	0.0
8.672555	0.850827236	-32.260267	0.0	0.0
8.677435	0.846627259	-32.278426	0.0	0.0
8.682316	0.842329421	-32.296586	0.0	0.0
8.687196	0.837933433	-32.314745	0.0	0.0
8.692076	0.833439067	-32.332904	0.0	0.0
8.696957	0.828846187	-32.351063	0.0	0.0
8.701837	0.824154721	-32.369222	0.0	0.0
8.706717	0.819364688	-32.387380	0.0	0.0
8.711598	0.814476187	-32.405539	0.0	0.0
8.716478	0.809489386	-32.423698	0.0	0.0
8.721358	0.804404557	-32.441856	0.0	0.0
8.726238	0.799222040	-32.460014	0.0	0.0
8.731119	0.793942273	-32.478172	0.0	0.0
8.735999	0.788565759	-32.496330	0.0	0.0
8.740879	0.783093109	-32.514487	0.0	0.0
8.745760	0.777525012	-32.532645	0.0	0.0
8.750640	0.771862251	-32.550803	0.0	0.0
8.755520	0.766105689	-32.568960	0.0	0.0
8.760401	0.760256282	-32.587117	0.0	0.0
8.765281	0.754315067	-32.605274	0.0	0.0
8.770161	0.748283166	-32.623431	0.0	0.0
8.775042	0.742161815	-32.641587	0.0	0.0
8.779922	0.735952311	-32.659744	0.0	0.0
8.784802	0.729656044	-32.677900	0.0	0.0
8.789683	0.723274484	-32.696057	0.0	0.0
8.794563	0.716809207	-32.714213	0.0	0.0
8.799443	0.710261854	-32.732369	0.0	0.0
8.804323	0.703634153	-32.750524	0.0	0.0
8.809204	0.696927921	-32.768680	0.0	0.0
8.814084	0.690145050	-32.786835	0.0	0.0
8.818964	0.683287509	-32.804991	0.0	0.0
8.823845	0.676357354	-32.823146	0.0	0.0
8.828725	0.669356708	-32.841301	0.0	0.0
8.833605	0.662287773	-32.859456	0.0	0.0
8.838486	0.655152814	-32.877611	0.0	0.0
8.843366	0.647954187	-32.895765	0.0	0.0
8.848246	0.640694302	-32.913920	0.0	0.0
8.853127	0.633375618	-32.932074	0.0	0.0
8.858007	0.626000692	-32.950228	0.0	0.0
8.862887	0.618572117	-32.968383	0.0	0.0
8.867768	0.611092553	-32.986537	0.0	0.0
8.872648	0.603564710	-33.004690	0.0	0.0
8.877528	0.595991364	-33.022844	0.0	0.0
8.882408	0.588375317	-33.040997	0.0	0.0
8.887289	0.580719434	-33.059150	0.0	0.0
8.892169	0.573026622	-33.077304	0.0	0.0
8.897049	0.565299819	-33.095457	0.0	0.0
8.901930	0.557542013	-33.113610	0.0	0.0
8.906810	0.549756226	-33.131762	0.0	0.0
8.911690	0.541945492	-33.149915	0.0	0.0
8.916571	0.534112892	-33.168067	0.0	0.0
8.921451	0.526261516	-33.186220	0.0	0.0
8.926331	0.518394481	-33.204372	0.0	0.0
8.931212	0.510514927	-33.222524	0.0	0.0
8.936092	0.502625988	-33.240675	0.0	0.0
8.940972	0.494730821	-33.258827	0.0	0.0
8.945853	0.486832600	-33.276979	0.0	0.0
8.950733	0.478934470	-33.295130	0.0	0.0
8.955613	0.471039595	-33.313282	0.0	0.0
8.960493	0.463151147	-33.331433	0.0	0.0
8.965374	0.455272251	-33.349584	0.0	0.0
8.970254	0.447406059	-33.367734	0.0	0.0
8.975134	0.439555685	-33.385885	0.0	0.0
8.980015	0.431724221	-33.404036	0.0	0.0
8.984895	0.423914762	-33.422186	0.0	0.0
8.989775	0.416130352	-33.440336	0.0	0.0
8.994656	0.408374006	-33.458486	0.0	0.0
8.999536	0.400648719	-33.476636	0.0	0.0
9.004416	0.392957448	-33.494786	0.0	0.0
9.009297	0.385303099	-33.512936	0.0	0.0
9.014177	0.377688551	-33.531085	0.0	0.0
9.019057	0.370116633	-33.549235	0.0	0.0
9.023938	0.362590108	-33.567384	0.0	0.0
9.028818	0.355111717	-33.585533	0.0	0.0
9.033698	0.347684134	-33.603682	0.0	0.0
9.038578	0.340309974	-33.621831	0.0	0.0
9.043459	0.332991775	-33.639979	0.0	0.0
9.048339	0.325732057	-33.658128	0.0	0.0
9.053219	0.318533250	-33.676276	0.0	0.0
9.058100	0.311397698	-33.694425	0.0	0.0
9.062980	0.304327707	-33.712573	0.0	0.0
9.067860	0.297325515	-33.730721	0.0	0.0
9.072741	0.290393261	-33.748868	0.0	0.0
9.077621	0.283533019	-33.767016	0.0	0.0
9.082501	0.276746813	-33.785163	0.0	0.0
9.087382	0.270036542	-33.803311	0.0	0.0
9.092262	0.263404076	-33.821458	0.0	0.0
9.097142	0.256851168	-33.839605	0.0	0.0
9.102023	0.250379504	-33.857752	0.0	0.0
9.106903	0.243990684	-33.875899	0.0	0.0
9.111783	0.237686229	-33.894045	0.0	0.0
9.116663	0.231467582	-33.912192	0.0	0.0
9.121544	0.225336084	-33.930338	0.0	0.0
9.126424	0.219292994	-33.948484	0.0	0.0
9.131304	0.213339505	-33.966630	0.0	0.0
9.136185	0.207476715	-33.984776	0.0	0.0
9.141065	0.201705615	-34.002922	0.0	0.0
9.145945	0.196027136	-34.021068	0.0	0.0
9.150826	0.190442106	-34.039213	0.0	0.0
9.155706	0.184951293	-34.057358	0.0	0.0
9.160586	0.179555341	-34.075503	0.0	0.0
9.165467	0.174254855	-34.093648	0.0	0.0
9.170347	0.169050314	-34.111793	0.0	0.0
9.175227	0.163942140	-34.129938	0.0	0.0
9.180108	0.158930668	-34.148083	0.0	0.0
9.184988	0.154016136	-34.166227	0.0	0.0
9.189868	0.149198726	-34.184371	0.0	0.0
9.194748	0.144478532	-34.202515	0.0	0.0
9.199629	0.139855562	-34.220659	0.0	0.0
9.204509	0.135329745	-34.238803	0.0	0.0
9.209389	0.130900954	-34.256947	0.0	0.0
9.214270	0.126568977	-34.275091	0.0	0.0
9.219150	0.122333522	-34.293234	0.0	0.0
9.224030	0.118194251	-34.311377	0.0	0.0
9.228911	0.114150718	-34.329520	0.0	0.0
9.233791	0.110202460	-34.347663	0.0	0.0
9.238671	0.106348918	-34.365806	0.0	0.0
9.243552	0.102589463	-34.383949	0.0	0.0
9.248432	0.098923430	-34.402092	0.0	0.0
9.253312	0.095350081	-34.420234	0.0	0.0
9.258193	0.091868624	-34.438376	0.0	0.0
9.263073	0.088478214	-34.456518	0.0	0.0
9.267953	0.085177953	-34.474660	0.0	0.0
9.272833	0.081966894	-34.492802	0.0	0.0
9.277714	0.078844039	-34.510944	0.0	0.0
9.282594	0.075808347	-34.529085	0.0	0.0
9.287474	0.072858736	-34.547227	0.0	0.0
9.292355	0.069994080	-34.565368	0.0	0.0
9.297235	0.067213215	-34.583509	0.0	0.0
9.302115	0.064514941	-34.601650	0.0	0.0
9.306996	0.061898024	-34.619791	0.0	0.0
9.311876	0.059361199	-34.637932	0.0	0.0
9.316756	0.056903172	-34.656072	0.0	0.0
9.321637	0.054522621	-34.674213	0.0	0.0
9.326517	0.052218198	-34.692353	0.0	0.0
9.331397	0.049988536	-34.710493	0.0	0.0
9.336278	0.047832243	-34.728633	0.0	0.0
9.341158	0.045747914	-34.746773	0.0	0.0
9.346038	0.043734125	-34.764913	0.0	0.0
9.350918	0.041789437	-34.783052	0.0	0.0
9.355799	0.039912404	-34.801191	0.0	0.0
9.360679	0.038101564	-34.819331	0.0	0.0
9.365559	0.036355453	-34.837470	0.0	0.0
9.370440	0.034672599	-34.855609	0.0	0.0
9.375320	0.033051524	-34.873748	0.0	0.0
9.380200	0.031490754	-34.891886	0.0	0.0
9.385081	0.029988807	-34.910025	0.0	0.0
9.389961	0.028544210	-34.928163	0.0	0.0
9.394841	0.027155489	-34.946301	0.0	0.0
9.399722	0.025821177	-34.964439	0.0	0.0
9.404602	0.024539811	-34.982578	0.0	0.0
9.409482	0.023309939	-35.000715	0.0	0.0
9.414363	0.022130119	-35.018853	0.0	0.0
9.419243	0.020998917	-35.036990	0.0	0.0
9.424123	0.019914913	-35.055128	0.0	0.0
9.429003	0.018876702	-35.073265	0.0	0.0
9.433884	0.017882892	-35.091402	0.0	0.0
9.438764	0.016932106	-35.109539	0.0	0.0
9.443644	0.016022986	-35.127676	0.0	0.0
9.448525	0.015154194	-35.145813	0.0	0.0
9.453405	0.014324406	-35.163949	0.0	0.0
9.458285	0.013532323	-35.182085	0.0	0.0
9.463166	0.012776664	-35.200222	0.0	0.0
9.468046	0.012056168	-35.218358	0.0	0.0
9.472926	0.011369602	-35.236493	0.0	0.0
9.477807	0.010715749	-35.254629	0.0	0.0
9.482687	0.010093422	-35.272765	0.0	0.0
9.487567	0.009501454	-35.290901	0.0	0.0
9.492448	0.008938702	-35.309036	0.0	0.0
9.497328	0.008404052	-35.327171	0.0	0.0
9.502208	0.007896410	-35.345306	0.0	0.0
9.507088	0.007414713	-35.363441	0.0	0.0
9.511969	0.006957920	-35.381576	0.0	0.0
9.516849	0.006525017	-35.399710	0.0	0.0
9.521729	0.006115016	-35.417845	0.0	0.0
9.526610	0.005726958	-35.435979	0.0	0.0
9.531490	0.005359905	-35.454114	0.0	0.0
9.536370	0.005012951	-35.472248	0.0	0.0
9.541251	0.004685212	-35.490381	0.0	0.0
9.546131	0.004375832	-35.508515	0.0	0.0
9.551011	0.004083982	-35.526649	0.0	0.0
9.555892	0.003808858	-35.544782	0.0	0.0
9.560772	0.003549680	-35.562916	0.0	0.0
9.565652	0.003305697	-35.581049	0.0	0.0
9.570533	0.003076181	-35.599182	0.0	0.0
9.575413	0.002860430	-35.617315	0.0	0.0
9.580293	0.002657766	-35.635448	0.0	0.0
9.585173	0.002467534	-35.653580	0.0	0.0
9.590054	0.002289106	-35.671713	0.0	0.0
9.594934	0.002121877	-35.689845	0.0	0.0
9.599814	0.001965262	-35.707978	0.0	0.0
9.604695	0.001818702	-35.726110	0.0	0.0
9.609575	0.001681659	-35.744241	0.0	0.0
9.614455	0.001553618	-35.762373	0.0	0.0
9.619336	0.001434083	-35.780505	0.0	0.0
9.624216	0.001322581	-35.798636	0.0	0.0
9.629096	0.001218658	-35.816767	0.0	0.0
9.633977	0.001121881	-35.834899	0.0	0.0
9.638857	0.001031836	-35.853030	0.0	0.0
9.643737	0.000948126	-35.871161	0.0	0.0
9.648618	0.000870375	-35.889291	0.0	0.0
9.653498	0.000798223	-35.907422	0.0	0.0
9.658378	0.000731327	-35.925553	0.0	0.0
9.663258	0.000669363	-35.943683	0.0	0.0
9.668139	0.000612020	-35.961813	0.0	0.0
9.673019	0.000559004	-35.979943	0.0	0.0
9.677899	0.000510036	-35.998073	0.0	0.0
9.682780	0.000464853	-36.016203	0.0	0.0
9.687660	0.000423202	-36.034332	0.0	0.0
9.692540	0.000384848	-36.052462	0.0	0.0
9.697421	0.000349566	-36.070591	0.0	0.0
9.702301	0.000317145	-36.088720	0.0	0.0
9.707181	0.000287384	-36.106849	0.0	0.0
9.712062	0.000260096	-36.124979	0.0	0.0
9.716942	0.000235103	-36.143107	0.0	0.0
9.721822	0.000212239	-36.161236	0.0	0.0
9.726703	0.000191346	-36.179364	0.0	0.0
9.731583	0.000172278	-36.197492	0.0	0.0
9.736463	0.000154896	-36.215621	0.0	0.0
9.741343	0.000139071	-36.233749	0.0	0.0
9.746224	0.000124682	-36.251876	0.0	0.0
9.751104	0.000111616	-36.270005	0.0	0.0
9.755984	0.000099766	-36.288132	0.0	0.0
9.760865	0.000089035	-36.306260	0.0	0.0
9.765745	0.000079331	-36.324387	0.0	0.0
9.770625	0.000070567	-36.342514	0.0	0.0
9.775506	0.000062664	-36.360641	0.0	0.0
9.780386	0.000055549	-36.378768	0.0	0.0
9.785266	0.000049153	-36.396894	0.0	0.0
9.790147	0.000043412	-36.415021	0.0	0.0
9.795027	0.000038268	-36.433148	0.0	0.0
9.799907	0.000033667	-36.451274	0.0	0.0
9.804788	0.000029558	-36.469400	0.0	0.0
9.809668	0.000025895	-36.487526	0.0	0.0
9.814548	0.000022636	-36.505652	0.0	0.0
9.819428	0.000019742	-36.523778	0.0	0.0
9.824309	0.000017178	-36.541903	0.0	0.0
9.829189	0.000014909	-36.560029	0.0	0.0
9.834069	0.000012907	-36.578154	0.0	0.0
9.838950	0.000011144	-36.596280	0.0	0.0
9.843830	0.000009595	-36.614405	0.0	0.0
9.848710	0.000008237	-36.632529	0.0	0.0
9.853591	0.000007049	-36.650654	0.0	0.0
9.858471	0.000006014	-36.668779	0.0	0.0
9.863351	0.000005113	-36.686903	0.0	0.0
9.868232	0.000004332	-36.705028	0.0	0.0
9.873112	0.000003656	-36.723152	0.0	0.0
9.877992	0.000003073	-36.741276	0.0	0.0
9.882873	0.000002572	-36.759400	0.0	0.0
9.887753	0.000002143	-36.777523	0.0	0.0
9.892633	0.000001777	-36.795647	0.0	0.0
9.897513	0.000001466	-36.813770	0.0	0.0
9.902394	0.000001202	-36.831894	0.0	0.0
9.907274	0.000000980	-36.850017	0.0	0.0
9.912154	0.000000793	-36.868140	0.0	0.0
9.917035	0.000000637	-36.886263	0.0	0.0
9.921915	0.000000508	-36.904386	0.0	0.0
9.926795	0.000000401	-36.922508	0.0	0.0
9.931676	0.000000313	-36.940631	0.0	0.0
9.936556	0.000000241	-36.958753	0.0	0.0
9.941436	0.000000183	-36.976875	0.0	0.0
9.946317	0.000000136	-36.994997	0.0	0.0
9.951197	0.000000099	-37.013119	0.0	0.0
9.956077	0.000000070	-37.031241	0.0	0.0
9.960958	0.000000047	-37.049362	0.0	0.0
9.965838	0.000000029	-37.067484	0.0	0.0
9.970718	0.000000016	-37.085605	0.0	0.0
9.975598	0.000000006	-37.103727	0.0	0.0
9.980479	0.000000002	-37.121850	0.0	0.0
9.985359	0.000000007	-37.139964	0.0	0.0
9.990239	0.000000011	-37.158087	0.0	0.0
9.995120	0.000000013	-37.176210	0.0	0.0
10.000000	0.000000014	-37.194333	0.0	0.0

