# UNCLASSIFIED
#
# Response info for I39PW infrasound channels.
#
# Effective: 10 Aug 2005
# Created: 19 Oct 2009  
# File name: I39PW.BDF.1123666388
#
# Source: James	Neely 
# System equipment: MB2000 microbarometer sensor and DR-24 Geotech DIGITIZER.
#
# The response file was	derived	from equations of state.
# Pressure response normalized to 1.0 at 1.0 Hz.
#
# The Ncalib values are as follows:
#
# I39H1 BDF is 0.000050 Pa/count at 1.0 sec.
# I39H2 BDF is 0.000050 Pa/count at 1.0 sec.
# I39H3 BDF is 0.000050 Pa/count at 1.0 sec.
# I39H4 BDF is 0.000050 Pa/count at 1.0 sec.
# I39H5 BDF is 0.000050 Pa/count at 1.0 sec.
# I39H6 BDF is 0.000050 Pa/count at 1.0 sec.
# I39H7 BDF is 0.000050 Pa/count at 1.0 sec.
#
# Freq(Hz)     Amp(counts/Pa)   Phase(deg)   Error(amp)  Error(phase)
#
 theoretical   0   instrument   fap
73
0.001000	0.099590237	84.282737	0.0	0.0	
0.001500	0.148468523	81.459282	0.0	0.0	
0.002000	0.196283814	78.676894	0.0	0.0	
0.002500	0.242740484	75.947437	0.0	0.0	
0.003000	0.287587419	73.281380	0.0	0.0	
0.003500	0.330621349	70.687618	0.0	0.0	
0.004000	0.371689827	68.173400	0.0	0.0	
0.004500	0.410688873	65.744314	0.0	0.0	
0.005000	0.447559727	63.404363	0.0	0.0	
0.005500	0.482283853	61.156076	0.0	0.0	
0.006000	0.514877061	59.000668	0.0	0.0	
0.006500	0.545383317	56.938203	0.0	0.0	
0.007000	0.573868675	54.967781	0.0	0.0	
0.007500	0.600415649	53.087711	0.0	0.0	
0.008000	0.625118839	51.295677	0.0	0.0	
0.008500	0.648078182	49.588889	0.0	0.0	
0.009000	0.669399109	47.964207	0.0	0.0	
0.009500	0.689187295	46.418263	0.0	0.0	
0.010000	0.707547086	44.947547	0.0	0.0	
0.015000	0.832488840	33.619771	0.0	0.0	
0.020000	0.894851476	26.477580	0.0	0.0	
0.025000	0.928890592	21.696578	0.0	0.0	
0.030000	0.949091636	18.312457	0.0	0.0	
0.035000	0.961929557	15.804982	0.0	0.0	
0.040000	0.970548242	13.877705	0.0	0.0	
0.045000	0.976594199	12.351990	0.0	0.0	
0.050000	0.980991045	11.114716	0.0	0.0	
0.055000	0.984285086	10.091141	0.0	0.0	
0.060000	0.986814326	9.230057	0.0	0.0	
0.065000	0.988798612	8.495278	0.0	0.0	
0.070000	0.990384130	7.860554	0.0	0.0	
0.075000	0.991670421	7.306393	0.0	0.0	
0.080000	0.992728400	6.818034	0.0	0.0	
0.085000	0.993610211	6.384096	0.0	0.0	
0.090000	0.994353486	5.995670	0.0	0.0	
0.095000	0.994985397	5.645685	0.0	0.0	
0.100000	0.995528358	5.328458	0.0	0.0	
0.150000	0.998410938	3.243258	0.0	0.0	
0.200000	0.999536592	2.102438	0.0	0.0	
0.250000	1.000145725	1.341303	0.0	0.0	
0.300000	1.000526013	0.770409	0.0	0.0	
0.350000	1.000764275	0.308343	0.0	0.0	
0.400000	1.000888624	-0.085662	0.0	0.0	
0.450000	1.000913632	-0.434274	0.0	0.0	
0.500000	1.000853675	-0.751103	0.0	0.0	
0.550000	1.000725215	-1.044812	0.0	0.0	
0.600000	1.000549144	-1.321177	0.0	0.0	
0.650000	1.000353927	-1.584201	0.0	0.0	
0.700000	1.000163181	-1.836740	0.0	0.0	
0.750000	1.000003006	-2.080890	0.0	0.0	
0.800000	0.999890163	-2.318225	0.0	0.0	
0.850000	0.999837198	-2.549945	0.0	0.0	
0.900000	0.999843501	-2.776987	0.0	0.0	
0.950000	0.999903363	-3.000088	0.0	0.0	
1.000000	1.000000000	-3.219840	0.0	0.0	
1.500000	0.999198176	-5.306755	0.0	0.0	
2.000000	0.998590263	-7.297993	0.0	0.0	
2.500000	0.996328938	-9.250732	0.0	0.0	
3.000000	0.995305911	-11.183983	0.0	0.0	
3.500000	0.992782553	-13.105853	0.0	0.0	
4.000000	0.990301290	-15.020359	0.0	0.0	
4.500000	0.988039186	-16.929705	0.0	0.0	
5.000000	0.984333696	-18.835188	0.0	0.0	
5.500000	0.981498416	-20.737613	0.0	0.0	
6.000000	0.977690110	-22.637500	0.0	0.0	
6.500000	0.973421687	-24.535193	0.0	0.0	
7.000000	0.969544266	-26.430925	0.0	0.0	
7.500000	0.964605828	-28.324858	0.0	0.0	
8.000000	0.855700809	-30.217102	0.0	0.0	
8.500000	0.431380296	-32.107732	0.0	0.0	
9.000000	0.078292841	-33.996801	0.0	0.0	
9.500000	0.002773252	-35.884342	0.0	0.0	
10.000000	0.000000956	-37.770373	0.0	0.0	

