# UNCLASSIFIED
#
# Response info for KLR broad-band site.
# 
# Effective: 17 Nov 2010
# Created: 09 MAY 2011
# File name: KLR.BB.1289987209
# Source:  James Neely (TTD), TSgt Swindle (TTD)
# System equipment: Strekeisen STS-2,3d generation and Nanometrics Europa-T digitizer.
# INID 7618 7619 7620
# 
# The response file was derived from equations of state.
# Displacement response relative to 1.0 at 1.0 Hz.
# 
# The calib values for this configuration are as follows:
# 
# KLR BHZ is 0.015115 nm/count at 1.00 Hz.
# KLR BHN is 0.015115 nm/count at 1.00 Hz.
# KLR BHE is 0.015115 nm/count at 1.00 Hz.
# 
# Freq(Hz)    Ampl(counts/nm)   Phase(deg)  Error(amp) Error(phase)
#
 theoretical   0   instrument   fap
1000
0.001000	0.000014360	260.223902	0.0	0.0
0.001010	0.000014793	260.125573	0.0	0.0
0.001020	0.000015239	260.026240	0.0	0.0
0.001030	0.000015699	259.925892	0.0	0.0
0.001040	0.000016173	259.824516	0.0	0.0
0.001051	0.000016661	259.722093	0.0	0.0
0.001061	0.000017164	259.618621	0.0	0.0
0.001072	0.000017682	259.514089	0.0	0.0
0.001083	0.000018216	259.408477	0.0	0.0
0.001093	0.000018766	259.301782	0.0	0.0
0.001104	0.000019332	259.193993	0.0	0.0
0.001115	0.000019916	259.085090	0.0	0.0
0.001126	0.000020517	258.975061	0.0	0.0
0.001138	0.000021136	258.863904	0.0	0.0
0.001149	0.000021774	258.751599	0.0	0.0
0.001160	0.000022431	258.638134	0.0	0.0
0.001172	0.000023108	258.523497	0.0	0.0
0.001184	0.000023805	258.407676	0.0	0.0
0.001195	0.000024523	258.290651	0.0	0.0
0.001207	0.000025263	258.172420	0.0	0.0
0.001219	0.000026026	258.052970	0.0	0.0
0.001231	0.000026811	257.932271	0.0	0.0
0.001244	0.000027620	257.810330	0.0	0.0
0.001256	0.000028454	257.687116	0.0	0.0
0.001269	0.000029312	257.562626	0.0	0.0
0.001281	0.000030197	257.436839	0.0	0.0
0.001294	0.000031108	257.309752	0.0	0.0
0.001307	0.000032047	257.181334	0.0	0.0
0.001320	0.000033014	257.051582	0.0	0.0
0.001333	0.000034010	256.920474	0.0	0.0
0.001346	0.000035036	256.787997	0.0	0.0
0.001360	0.000036093	256.654131	0.0	0.0
0.001373	0.000037182	256.518871	0.0	0.0
0.001387	0.000038304	256.382195	0.0	0.0
0.001401	0.000039460	256.244092	0.0	0.0
0.001415	0.000040650	256.104537	0.0	0.0
0.001429	0.000041877	255.963518	0.0	0.0
0.001443	0.000043140	255.821024	0.0	0.0
0.001457	0.000044442	255.677029	0.0	0.0
0.001472	0.000045782	255.531512	0.0	0.0
0.001487	0.000047163	255.384469	0.0	0.0
0.001501	0.000048586	255.235878	0.0	0.0
0.001516	0.000050052	255.085714	0.0	0.0
0.001532	0.000051561	254.933965	0.0	0.0
0.001547	0.000053117	254.780616	0.0	0.0
0.001562	0.000054719	254.625645	0.0	0.0
0.001578	0.000056369	254.469027	0.0	0.0
0.001593	0.000058069	254.310748	0.0	0.0
0.001609	0.000059820	254.150786	0.0	0.0
0.001625	0.000061625	253.989135	0.0	0.0
0.001642	0.000063483	253.825751	0.0	0.0
0.001658	0.000065397	253.660630	0.0	0.0
0.001674	0.000067369	253.493758	0.0	0.0
0.001691	0.000069401	253.325090	0.0	0.0
0.001708	0.000071493	253.154632	0.0	0.0
0.001725	0.000073649	252.982348	0.0	0.0
0.001742	0.000075869	252.808213	0.0	0.0
0.001760	0.000078156	252.632213	0.0	0.0
0.001777	0.000080512	252.454322	0.0	0.0
0.001795	0.000082939	252.274515	0.0	0.0
0.001813	0.000085439	252.092776	0.0	0.0
0.001831	0.000088014	251.909079	0.0	0.0
0.001849	0.000090667	251.723399	0.0	0.0
0.001867	0.000093399	251.535710	0.0	0.0
0.001886	0.000096214	251.345995	0.0	0.0
0.001905	0.000099113	251.154217	0.0	0.0
0.001924	0.000102099	250.960371	0.0	0.0
0.001943	0.000105175	250.764410	0.0	0.0
0.001962	0.000108344	250.566316	0.0	0.0
0.001982	0.000111607	250.366063	0.0	0.0
0.002002	0.000114969	250.163633	0.0	0.0
0.002022	0.000118432	249.958979	0.0	0.0
0.002042	0.000121998	249.752103	0.0	0.0
0.002062	0.000125672	249.542947	0.0	0.0
0.002083	0.000129456	249.331504	0.0	0.0
0.002103	0.000133353	249.117734	0.0	0.0
0.002124	0.000137367	248.901619	0.0	0.0
0.002145	0.000141502	248.683110	0.0	0.0
0.002167	0.000145760	248.462200	0.0	0.0
0.002188	0.000150147	248.238847	0.0	0.0
0.002210	0.000154664	248.013024	0.0	0.0
0.002232	0.000159317	247.784700	0.0	0.0
0.002254	0.000164109	247.553835	0.0	0.0
0.002277	0.000169045	247.320409	0.0	0.0
0.002300	0.000174128	247.084382	0.0	0.0
0.002322	0.000179364	246.845723	0.0	0.0
0.002346	0.000184756	246.604401	0.0	0.0
0.002369	0.000190309	246.360375	0.0	0.0
0.002393	0.000196028	246.113614	0.0	0.0
0.002416	0.000201918	245.864096	0.0	0.0
0.002441	0.000207983	245.611758	0.0	0.0
0.002465	0.000214230	245.356590	0.0	0.0
0.002489	0.000220663	245.098548	0.0	0.0
0.002514	0.000227288	244.837589	0.0	0.0
0.002539	0.000234110	244.573680	0.0	0.0
0.002565	0.000241135	244.306778	0.0	0.0
0.002590	0.000248370	244.036861	0.0	0.0
0.002616	0.000255819	243.763872	0.0	0.0
0.002642	0.000263490	243.487779	0.0	0.0
0.002668	0.000271389	243.208536	0.0	0.0
0.002695	0.000279523	242.926110	0.0	0.0
0.002722	0.000287897	242.640454	0.0	0.0
0.002749	0.000296520	242.351524	0.0	0.0
0.002776	0.000305399	242.059295	0.0	0.0
0.002804	0.000314540	241.763698	0.0	0.0
0.002832	0.000323952	241.464710	0.0	0.0
0.002860	0.000333642	241.162284	0.0	0.0
0.002888	0.000343618	240.856372	0.0	0.0
0.002917	0.000353889	240.546928	0.0	0.0
0.002946	0.000364463	240.233904	0.0	0.0
0.002976	0.000375348	239.917252	0.0	0.0
0.003005	0.000386553	239.596946	0.0	0.0
0.003035	0.000398087	239.272905	0.0	0.0
0.003066	0.000409961	238.945114	0.0	0.0
0.003096	0.000422182	238.613503	0.0	0.0
0.003127	0.000434762	238.278032	0.0	0.0
0.003158	0.000447709	237.938654	0.0	0.0
0.003190	0.000461035	237.595309	0.0	0.0
0.003221	0.000474750	237.247957	0.0	0.0
0.003253	0.000488865	236.896539	0.0	0.0
0.003286	0.000503391	236.541017	0.0	0.0
0.003319	0.000518339	236.181317	0.0	0.0
0.003352	0.000533720	235.817414	0.0	0.0
0.003385	0.000549548	235.449234	0.0	0.0
0.003419	0.000565833	235.076728	0.0	0.0
0.003453	0.000582588	234.699858	0.0	0.0
0.003487	0.000599826	234.318551	0.0	0.0
0.003522	0.000617561	233.932758	0.0	0.0
0.003557	0.000635805	233.542441	0.0	0.0
0.003592	0.000654571	233.147515	0.0	0.0
0.003628	0.000673875	232.747955	0.0	0.0
0.003664	0.000693729	232.343689	0.0	0.0
0.003701	0.000714149	231.934668	0.0	0.0
0.003738	0.000735149	231.520844	0.0	0.0
0.003775	0.000756744	231.102145	0.0	0.0
0.003813	0.000778950	230.678525	0.0	0.0
0.003851	0.000801782	230.249924	0.0	0.0
0.003889	0.000825256	229.816295	0.0	0.0
0.003928	0.000849389	229.377571	0.0	0.0
0.003967	0.000874196	228.933717	0.0	0.0
0.004006	0.000899695	228.484664	0.0	0.0
0.004046	0.000925902	228.030359	0.0	0.0
0.004087	0.000952836	227.570746	0.0	0.0
0.004127	0.000980513	227.105783	0.0	0.0
0.004168	0.001008950	226.635417	0.0	0.0
0.004210	0.001038170	226.159576	0.0	0.0
0.004252	0.001068180	225.678230	0.0	0.0
0.004294	0.001099020	225.191320	0.0	0.0
0.004337	0.001130680	224.698799	0.0	0.0
0.004380	0.001163200	224.200620	0.0	0.0
0.004424	0.001196600	223.696728	0.0	0.0
0.004468	0.001230880	223.187081	0.0	0.0
0.004512	0.001266080	222.671649	0.0	0.0
0.004557	0.001302210	222.150372	0.0	0.0
0.004603	0.001339300	221.623212	0.0	0.0
0.004649	0.001377350	221.090135	0.0	0.0
0.004695	0.001416400	220.551099	0.0	0.0
0.004742	0.001456450	220.006063	0.0	0.0
0.004789	0.001497540	219.455001	0.0	0.0
0.004837	0.001539680	218.897890	0.0	0.0
0.004885	0.001582890	218.334698	0.0	0.0
0.004934	0.001627190	217.765384	0.0	0.0
0.004983	0.001672610	217.189947	0.0	0.0
0.005032	0.001719150	216.608354	0.0	0.0
0.005082	0.001766850	216.020586	0.0	0.0
0.005133	0.001815720	215.426642	0.0	0.0
0.005184	0.001865780	214.826501	0.0	0.0
0.005236	0.001917040	214.220169	0.0	0.0
0.005288	0.001969540	213.607632	0.0	0.0
0.005341	0.002023280	212.988908	0.0	0.0
0.005394	0.002078280	212.363992	0.0	0.0
0.005448	0.002134560	211.732900	0.0	0.0
0.005502	0.002192150	211.095637	0.0	0.0
0.005557	0.002251050	210.452229	0.0	0.0
0.005612	0.002311280	209.802718	0.0	0.0
0.005668	0.002372860	209.147117	0.0	0.0
0.005725	0.002435800	208.485467	0.0	0.0
0.005782	0.002500120	207.817806	0.0	0.0
0.005839	0.002565830	207.144187	0.0	0.0
0.005897	0.002632940	206.464672	0.0	0.0
0.005956	0.002701460	205.779294	0.0	0.0
0.006015	0.002771410	205.088152	0.0	0.0
0.006075	0.002842790	204.391290	0.0	0.0
0.006136	0.002915620	203.688799	0.0	0.0
0.006197	0.002989900	202.980763	0.0	0.0
0.006259	0.003065640	202.267273	0.0	0.0
0.006321	0.003142850	201.548427	0.0	0.0
0.006384	0.003221530	200.824333	0.0	0.0
0.006448	0.003301680	200.095092	0.0	0.0
0.006512	0.003383300	199.360838	0.0	0.0
0.006577	0.003466410	198.621688	0.0	0.0
0.006642	0.003550990	197.877767	0.0	0.0
0.006708	0.003637060	197.129229	0.0	0.0
0.006775	0.003724590	196.376205	0.0	0.0
0.006843	0.003813600	195.618864	0.0	0.0
0.006911	0.003904080	194.857348	0.0	0.0
0.006980	0.003996020	194.091833	0.0	0.0
0.007049	0.004089410	193.322485	0.0	0.0
0.007120	0.004184240	192.549483	0.0	0.0
0.007191	0.004280510	191.773007	0.0	0.0
0.007262	0.004378210	190.993258	0.0	0.0
0.007335	0.004477320	190.210421	0.0	0.0
0.007408	0.004577820	189.424698	0.0	0.0
0.007481	0.004679720	188.636305	0.0	0.0
0.007556	0.004782980	187.845434	0.0	0.0
0.007631	0.004887590	187.052303	0.0	0.0
0.007707	0.004993550	186.257145	0.0	0.0
0.007784	0.005100820	185.460166	0.0	0.0
0.007862	0.005209380	184.661596	0.0	0.0
0.007940	0.005319230	183.861661	0.0	0.0
0.008019	0.005430340	183.060597	0.0	0.0
0.008099	0.005542680	182.258635	0.0	0.0
0.008180	0.005656240	181.456007	0.0	0.0
0.008261	0.005770990	180.652960	0.0	0.0
0.008343	0.005886920	179.849708	0.0	0.0
0.008426	0.006003990	179.046511	0.0	0.0
0.008510	0.006122190	178.243585	0.0	0.0
0.008595	0.006241490	177.441181	0.0	0.0
0.008681	0.006361870	176.639526	0.0	0.0
0.008767	0.006483310	175.838858	0.0	0.0
0.008855	0.006605780	175.039413	0.0	0.0
0.008943	0.006729260	174.241410	0.0	0.0
0.009032	0.006853720	173.445080	0.0	0.0
0.009122	0.006979160	172.650654	0.0	0.0
0.009213	0.007105540	171.858343	0.0	0.0
0.009305	0.007232840	171.068372	0.0	0.0
0.009397	0.007361040	170.280953	0.0	0.0
0.009491	0.007490130	169.496287	0.0	0.0
0.009586	0.007620080	168.714579	0.0	0.0
0.009681	0.007750880	167.936030	0.0	0.0
0.009777	0.007882500	167.160837	0.0	0.0
0.009875	0.008014940	166.389181	0.0	0.0
0.009973	0.008148170	165.621241	0.0	0.0
0.010073	0.008282180	164.857167	0.0	0.0
0.010173	0.008416970	164.097197	0.0	0.0
0.010274	0.008552500	163.341453	0.0	0.0
0.010377	0.008688780	162.590091	0.0	0.0
0.010480	0.008825790	161.843262	0.0	0.0
0.010584	0.008963530	161.101110	0.0	0.0
0.010690	0.009101990	160.363773	0.0	0.0
0.010796	0.009241150	159.631383	0.0	0.0
0.010904	0.009381020	158.904067	0.0	0.0
0.011013	0.009521580	158.181942	0.0	0.0
0.011122	0.009662850	157.465058	0.0	0.0
0.011233	0.009804800	156.753588	0.0	0.0
0.011345	0.009947450	156.047632	0.0	0.0
0.011458	0.010090800	155.347223	0.0	0.0
0.011572	0.010234800	154.652511	0.0	0.0
0.011688	0.010379500	153.963519	0.0	0.0
0.011804	0.010525000	153.280324	0.0	0.0
0.011922	0.010671100	152.602999	0.0	0.0
0.012040	0.010817900	151.931610	0.0	0.0
0.012160	0.010965500	151.266161	0.0	0.0
0.012281	0.011113700	150.606764	0.0	0.0
0.012404	0.011262700	149.953467	0.0	0.0
0.012527	0.011412500	149.306209	0.0	0.0
0.012652	0.011563000	148.665135	0.0	0.0
0.012778	0.011714200	148.030176	0.0	0.0
0.012906	0.011866200	147.401367	0.0	0.0
0.013034	0.012019000	146.778781	0.0	0.0
0.013164	0.012172600	146.162344	0.0	0.0
0.013295	0.012327000	145.552122	0.0	0.0
0.013428	0.012482200	144.948130	0.0	0.0
0.013561	0.012638300	144.350285	0.0	0.0
0.013696	0.012795200	143.758642	0.0	0.0
0.013833	0.012953000	143.173202	0.0	0.0
0.013971	0.013111700	142.593922	0.0	0.0
0.014110	0.013271200	142.020759	0.0	0.0
0.014250	0.013431700	141.453748	0.0	0.0
0.014392	0.013593200	140.892801	0.0	0.0
0.014536	0.013755600	140.337985	0.0	0.0
0.014681	0.013919000	139.789170	0.0	0.0
0.014827	0.014083400	139.246380	0.0	0.0
0.014975	0.014248800	138.709560	0.0	0.0
0.015124	0.014415200	138.178725	0.0	0.0
0.015275	0.014582700	137.653748	0.0	0.0
0.015427	0.014751300	137.134675	0.0	0.0
0.015580	0.014921000	136.621412	0.0	0.0
0.015736	0.015091800	136.113901	0.0	0.0
0.015892	0.015263700	135.612148	0.0	0.0
0.016051	0.015436900	135.116090	0.0	0.0
0.016211	0.015611200	134.625665	0.0	0.0
0.016372	0.015786700	134.140844	0.0	0.0
0.016535	0.015963500	133.661563	0.0	0.0
0.016700	0.016141500	133.187790	0.0	0.0
0.016866	0.016320800	132.719433	0.0	0.0
0.017034	0.016501400	132.256488	0.0	0.0
0.017204	0.016683300	131.798862	0.0	0.0
0.017375	0.016866600	131.346523	0.0	0.0
0.017549	0.017051300	130.899408	0.0	0.0
0.017723	0.017237300	130.457480	0.0	0.0
0.017900	0.017424800	130.020677	0.0	0.0
0.018078	0.017613700	129.588938	0.0	0.0
0.018258	0.017804100	129.162203	0.0	0.0
0.018440	0.017996000	128.740411	0.0	0.0
0.018624	0.018189400	128.323549	0.0	0.0
0.018810	0.018384400	127.911511	0.0	0.0
0.018997	0.018580900	127.504282	0.0	0.0
0.019186	0.018779100	127.101782	0.0	0.0
0.019377	0.018978800	126.703953	0.0	0.0
0.019570	0.019180200	126.310760	0.0	0.0
0.019765	0.019383200	125.922144	0.0	0.0
0.019962	0.019588000	125.538030	0.0	0.0
0.020161	0.019794400	125.158382	0.0	0.0
0.020362	0.020002700	124.783146	0.0	0.0
0.020565	0.020212600	124.412268	0.0	0.0
0.020770	0.020424400	124.045693	0.0	0.0
0.020977	0.020638000	123.683353	0.0	0.0
0.021186	0.020853400	123.325230	0.0	0.0
0.021397	0.021070800	122.971238	0.0	0.0
0.021610	0.021290000	122.621345	0.0	0.0
0.021825	0.021511100	122.275501	0.0	0.0
0.022043	0.021734200	121.933640	0.0	0.0
0.022262	0.021959200	121.595716	0.0	0.0
0.022484	0.022186300	121.261696	0.0	0.0
0.022708	0.022415400	120.931519	0.0	0.0
0.022934	0.022646500	120.605124	0.0	0.0
0.023163	0.022879700	120.282496	0.0	0.0
0.023394	0.023115100	119.963547	0.0	0.0
0.023627	0.023352500	119.648263	0.0	0.0
0.023862	0.023592200	119.336574	0.0	0.0
0.024100	0.023834000	119.028451	0.0	0.0
0.024340	0.024078000	118.723853	0.0	0.0
0.024582	0.024324300	118.422702	0.0	0.0
0.024827	0.024572800	118.124995	0.0	0.0
0.025075	0.024823700	117.830657	0.0	0.0
0.025324	0.025076800	117.539663	0.0	0.0
0.025577	0.025332400	117.251963	0.0	0.0
0.025832	0.025590300	116.967520	0.0	0.0
0.026089	0.025850600	116.686287	0.0	0.0
0.026349	0.026113400	116.408219	0.0	0.0
0.026611	0.026378600	116.133292	0.0	0.0
0.026876	0.026646300	115.861449	0.0	0.0
0.027144	0.026916600	115.592650	0.0	0.0
0.027415	0.027189400	115.326871	0.0	0.0
0.027688	0.027464800	115.064070	0.0	0.0
0.027964	0.027742800	114.804206	0.0	0.0
0.028242	0.028023400	114.547230	0.0	0.0
0.028524	0.028306700	114.293131	0.0	0.0
0.028808	0.028592800	114.041843	0.0	0.0
0.029095	0.028881500	113.793355	0.0	0.0
0.029385	0.029173000	113.547622	0.0	0.0
0.029677	0.029467300	113.304608	0.0	0.0
0.029973	0.029764500	113.064277	0.0	0.0
0.030272	0.030064500	112.826603	0.0	0.0
0.030573	0.030367400	112.591545	0.0	0.0
0.030878	0.030673200	112.359078	0.0	0.0
0.031185	0.030981900	112.129167	0.0	0.0
0.031496	0.031293700	111.901776	0.0	0.0
0.031810	0.031608500	111.676872	0.0	0.0
0.032127	0.031926300	111.454433	0.0	0.0
0.032447	0.032247100	111.234422	0.0	0.0
0.032770	0.032571200	111.016809	0.0	0.0
0.033097	0.032898300	110.801567	0.0	0.0
0.033426	0.033228600	110.588668	0.0	0.0
0.033759	0.033562200	110.378077	0.0	0.0
0.034096	0.033899000	110.169776	0.0	0.0
0.034435	0.034239100	109.963724	0.0	0.0
0.034778	0.034582500	109.759903	0.0	0.0
0.035125	0.034929300	109.558288	0.0	0.0
0.035475	0.035279400	109.358843	0.0	0.0
0.035828	0.035633000	109.161543	0.0	0.0
0.036185	0.035990000	108.966372	0.0	0.0
0.036546	0.036350600	108.773290	0.0	0.0
0.036910	0.036714600	108.582285	0.0	0.0
0.037278	0.037082300	108.393324	0.0	0.0
0.037649	0.037453500	108.206383	0.0	0.0
0.038024	0.037828400	108.021444	0.0	0.0
0.038403	0.038207000	107.838472	0.0	0.0
0.038785	0.038589300	107.657457	0.0	0.0
0.039172	0.038975400	107.478365	0.0	0.0
0.039562	0.039365200	107.301177	0.0	0.0
0.039956	0.039758900	107.125874	0.0	0.0
0.040354	0.040156500	106.952430	0.0	0.0
0.040756	0.040558000	106.780821	0.0	0.0
0.041162	0.040963500	106.611026	0.0	0.0
0.041572	0.041372900	106.443032	0.0	0.0
0.041987	0.041786400	106.276806	0.0	0.0
0.042405	0.042204000	106.112335	0.0	0.0
0.042827	0.042625700	105.949596	0.0	0.0
0.043254	0.043051600	105.788573	0.0	0.0
0.043685	0.043481700	105.629239	0.0	0.0
0.044120	0.043916000	105.471579	0.0	0.0
0.044560	0.044354600	105.315571	0.0	0.0
0.045004	0.044797600	105.161198	0.0	0.0
0.045452	0.045244900	105.008441	0.0	0.0
0.045905	0.045696700	104.857285	0.0	0.0
0.046362	0.046152900	104.707704	0.0	0.0
0.046824	0.046613700	104.559687	0.0	0.0
0.047291	0.047079000	104.413210	0.0	0.0
0.047762	0.047548900	104.268261	0.0	0.0
0.048238	0.048023500	104.124819	0.0	0.0
0.048718	0.048502800	103.982871	0.0	0.0
0.049204	0.048986800	103.842394	0.0	0.0
0.049694	0.049475700	103.703376	0.0	0.0
0.050189	0.049969300	103.565801	0.0	0.0
0.050689	0.050467900	103.429649	0.0	0.0
0.051194	0.050971400	103.294907	0.0	0.0
0.051704	0.051480000	103.161558	0.0	0.0
0.052219	0.051993500	103.029588	0.0	0.0
0.052739	0.052512200	102.898980	0.0	0.0
0.053265	0.053036000	102.769719	0.0	0.0
0.053795	0.053565000	102.641791	0.0	0.0
0.054331	0.054099300	102.515179	0.0	0.0
0.054873	0.054638800	102.389873	0.0	0.0
0.055419	0.055183800	102.265854	0.0	0.0
0.055971	0.055734100	102.143109	0.0	0.0
0.056529	0.056289900	102.021627	0.0	0.0
0.057092	0.056851300	101.901390	0.0	0.0
0.057661	0.057418100	101.782384	0.0	0.0
0.058235	0.057990700	101.664599	0.0	0.0
0.058816	0.058568900	101.548020	0.0	0.0
0.059402	0.059152900	101.432635	0.0	0.0
0.059993	0.059742700	101.318429	0.0	0.0
0.060591	0.060338300	101.205390	0.0	0.0
0.061195	0.060939900	101.093505	0.0	0.0
0.061804	0.061547400	100.982764	0.0	0.0
0.062420	0.062161000	100.873150	0.0	0.0
0.063042	0.062780700	100.764654	0.0	0.0
0.063670	0.063406600	100.657263	0.0	0.0
0.064304	0.064038700	100.550967	0.0	0.0
0.064945	0.064677000	100.445751	0.0	0.0
0.065592	0.065321700	100.341605	0.0	0.0
0.066246	0.065972900	100.238518	0.0	0.0
0.066906	0.066630500	100.136478	0.0	0.0
0.067572	0.067294600	100.035474	0.0	0.0
0.068245	0.067965400	99.935495	0.0	0.0
0.068925	0.068642800	99.836531	0.0	0.0
0.069612	0.069327000	99.738568	0.0	0.0
0.070305	0.070018000	99.641598	0.0	0.0
0.071006	0.070715800	99.545611	0.0	0.0
0.071713	0.071420600	99.450595	0.0	0.0
0.072428	0.072132500	99.356539	0.0	0.0
0.073149	0.072851400	99.263436	0.0	0.0
0.073878	0.073577400	99.171272	0.0	0.0
0.074614	0.074310700	99.080040	0.0	0.0
0.075357	0.075051300	98.989729	0.0	0.0
0.076108	0.075799200	98.900329	0.0	0.0
0.076866	0.076554600	98.811832	0.0	0.0
0.077632	0.077317600	98.724226	0.0	0.0
0.078406	0.078088100	98.637505	0.0	0.0
0.079187	0.078866300	98.551655	0.0	0.0
0.079976	0.079652200	98.466672	0.0	0.0
0.080773	0.080446000	98.382544	0.0	0.0
0.081577	0.081247600	98.299261	0.0	0.0
0.082390	0.082057300	98.216817	0.0	0.0
0.083211	0.082875000	98.135202	0.0	0.0
0.084040	0.083700800	98.054407	0.0	0.0
0.084877	0.084534900	97.974424	0.0	0.0
0.085723	0.085377300	97.895244	0.0	0.0
0.086577	0.086228100	97.816860	0.0	0.0
0.087439	0.087087300	97.739262	0.0	0.0
0.088310	0.087955100	97.662443	0.0	0.0
0.089190	0.088831600	97.586394	0.0	0.0
0.090079	0.089716700	97.511107	0.0	0.0
0.090976	0.090610700	97.436576	0.0	0.0
0.091883	0.091513600	97.362790	0.0	0.0
0.092798	0.092425500	97.289744	0.0	0.0
0.093722	0.093346500	97.217430	0.0	0.0
0.094656	0.094276600	97.145839	0.0	0.0
0.095599	0.095216000	97.074965	0.0	0.0
0.096552	0.096164800	97.004800	0.0	0.0
0.097514	0.097123000	96.935337	0.0	0.0
0.098485	0.098090800	96.866568	0.0	0.0
0.099466	0.099068200	96.798487	0.0	0.0
0.100457	0.100055000	96.731084	0.0	0.0
0.101458	0.101052000	96.664358	0.0	0.0
0.102469	0.102059000	96.598296	0.0	0.0
0.103490	0.103076000	96.532893	0.0	0.0
0.104521	0.104103000	96.468146	0.0	0.0
0.105562	0.105140000	96.404044	0.0	0.0
0.106614	0.106188000	96.340580	0.0	0.0
0.107676	0.107246000	96.277754	0.0	0.0
0.108749	0.108315000	96.215547	0.0	0.0
0.109832	0.109394000	96.153965	0.0	0.0
0.110926	0.110484000	96.092997	0.0	0.0
0.112031	0.111585000	96.032631	0.0	0.0
0.113148	0.112697000	95.972873	0.0	0.0
0.114275	0.113820000	95.913705	0.0	0.0
0.115413	0.114954000	95.855133	0.0	0.0
0.116563	0.116099000	95.797137	0.0	0.0
0.117724	0.117256000	95.739725	0.0	0.0
0.118897	0.118424000	95.682879	0.0	0.0
0.120082	0.119604000	95.626602	0.0	0.0
0.121278	0.120796000	95.570880	0.0	0.0
0.122486	0.122000000	95.515718	0.0	0.0
0.123707	0.123215000	95.461101	0.0	0.0
0.124939	0.124443000	95.407026	0.0	0.0
0.126184	0.125683000	95.353491	0.0	0.0
0.127441	0.126935000	95.300488	0.0	0.0
0.128711	0.128200000	95.248009	0.0	0.0
0.129993	0.129477000	95.196053	0.0	0.0
0.131288	0.130767000	95.144612	0.0	0.0
0.132596	0.132070000	95.093682	0.0	0.0
0.133917	0.133386000	95.043259	0.0	0.0
0.135251	0.134715000	94.993335	0.0	0.0
0.136599	0.136058000	94.943909	0.0	0.0
0.137960	0.137413000	94.894972	0.0	0.0
0.139334	0.138782000	94.846518	0.0	0.0
0.140722	0.140165000	94.798548	0.0	0.0
0.142124	0.141562000	94.751051	0.0	0.0
0.143540	0.142972000	94.704027	0.0	0.0
0.144970	0.144397000	94.657467	0.0	0.0
0.146414	0.145836000	94.611369	0.0	0.0
0.147873	0.147289000	94.565731	0.0	0.0
0.149346	0.148757000	94.520540	0.0	0.0
0.150834	0.150239000	94.475802	0.0	0.0
0.152337	0.151736000	94.431502	0.0	0.0
0.153855	0.153248000	94.387642	0.0	0.0
0.155387	0.154775000	94.344218	0.0	0.0
0.156935	0.156317000	94.301225	0.0	0.0
0.158499	0.157874000	94.258655	0.0	0.0
0.160078	0.159448000	94.216506	0.0	0.0
0.161673	0.161036000	94.174775	0.0	0.0
0.163284	0.162641000	94.133456	0.0	0.0
0.164910	0.164262000	94.092545	0.0	0.0
0.166553	0.165898000	94.052040	0.0	0.0
0.168213	0.167551000	94.011935	0.0	0.0
0.169888	0.169221000	93.972225	0.0	0.0
0.171581	0.170907000	93.932910	0.0	0.0
0.173290	0.172610000	93.893982	0.0	0.0
0.175017	0.174330000	93.855438	0.0	0.0
0.176760	0.176067000	93.817276	0.0	0.0
0.178521	0.177822000	93.779490	0.0	0.0
0.180300	0.179594000	93.742076	0.0	0.0
0.182096	0.181383000	93.705032	0.0	0.0
0.183910	0.183191000	93.668355	0.0	0.0
0.185743	0.185016000	93.632038	0.0	0.0
0.187593	0.186860000	93.596080	0.0	0.0
0.189462	0.188722000	93.560477	0.0	0.0
0.191350	0.190602000	93.525224	0.0	0.0
0.193256	0.192502000	93.490320	0.0	0.0
0.195181	0.194420000	93.455759	0.0	0.0
0.197126	0.196357000	93.421539	0.0	0.0
0.199090	0.198314000	93.387656	0.0	0.0
0.201073	0.200290000	93.354106	0.0	0.0
0.203077	0.202286000	93.320888	0.0	0.0
0.205100	0.204302000	93.287996	0.0	0.0
0.207143	0.206338000	93.255427	0.0	0.0
0.209207	0.208394000	93.223179	0.0	0.0
0.211291	0.210471000	93.191249	0.0	0.0
0.213396	0.212568000	93.159632	0.0	0.0
0.215522	0.214686000	93.128326	0.0	0.0
0.217669	0.216826000	93.097327	0.0	0.0
0.219838	0.218987000	93.066635	0.0	0.0
0.222028	0.221169000	93.036243	0.0	0.0
0.224240	0.223373000	93.006149	0.0	0.0
0.226474	0.225599000	92.976352	0.0	0.0
0.228730	0.227847000	92.946846	0.0	0.0
0.231009	0.230118000	92.917630	0.0	0.0
0.233311	0.232411000	92.888700	0.0	0.0
0.235635	0.234728000	92.860054	0.0	0.0
0.237983	0.237067000	92.831689	0.0	0.0
0.240354	0.239429000	92.803602	0.0	0.0
0.242748	0.241816000	92.775789	0.0	0.0
0.245167	0.244226000	92.748250	0.0	0.0
0.247609	0.246660000	92.720979	0.0	0.0
0.250076	0.249118000	92.693975	0.0	0.0
0.252567	0.251601000	92.667236	0.0	0.0
0.255084	0.254108000	92.640759	0.0	0.0
0.257625	0.256641000	92.614538	0.0	0.0
0.260192	0.259199000	92.588575	0.0	0.0
0.262784	0.261782000	92.562865	0.0	0.0
0.265402	0.264391000	92.537406	0.0	0.0
0.268046	0.267026000	92.512195	0.0	0.0
0.270716	0.269688000	92.487230	0.0	0.0
0.273413	0.272376000	92.462508	0.0	0.0
0.276137	0.275091000	92.438027	0.0	0.0
0.278888	0.277833000	92.413783	0.0	0.0
0.281667	0.280602000	92.389776	0.0	0.0
0.284473	0.283399000	92.366001	0.0	0.0
0.287307	0.286224000	92.342458	0.0	0.0
0.290170	0.289077000	92.319144	0.0	0.0
0.293060	0.291958000	92.296055	0.0	0.0
0.295980	0.294868000	92.273190	0.0	0.0
0.298929	0.297808000	92.250547	0.0	0.0
0.301907	0.300776000	92.228122	0.0	0.0
0.304915	0.303774000	92.205915	0.0	0.0
0.307953	0.306803000	92.183922	0.0	0.0
0.311021	0.309861000	92.162142	0.0	0.0
0.314119	0.312950000	92.140571	0.0	0.0
0.317249	0.316070000	92.119208	0.0	0.0
0.320409	0.319221000	92.098052	0.0	0.0
0.323602	0.322403000	92.077098	0.0	0.0
0.326825	0.325617000	92.056346	0.0	0.0
0.330082	0.328863000	92.035793	0.0	0.0
0.333370	0.332142000	92.015437	0.0	0.0
0.336691	0.335453000	91.995276	0.0	0.0
0.340046	0.338798000	91.975308	0.0	0.0
0.343433	0.342176000	91.955531	0.0	0.0
0.346855	0.345587000	91.935943	0.0	0.0
0.350311	0.349033000	91.916541	0.0	0.0
0.353801	0.352513000	91.897324	0.0	0.0
0.357325	0.356028000	91.878289	0.0	0.0
0.360885	0.359578000	91.859436	0.0	0.0
0.364481	0.363163000	91.840761	0.0	0.0
0.368112	0.366784000	91.822262	0.0	0.0
0.371779	0.370442000	91.803939	0.0	0.0
0.375483	0.374136000	91.785788	0.0	0.0
0.379224	0.377867000	91.767808	0.0	0.0
0.383002	0.381635000	91.749997	0.0	0.0
0.386818	0.385440000	91.732353	0.0	0.0
0.390672	0.389284000	91.714875	0.0	0.0
0.394564	0.393167000	91.697559	0.0	0.0
0.398495	0.397088000	91.680405	0.0	0.0
0.402465	0.401048000	91.663411	0.0	0.0
0.406474	0.405048000	91.646575	0.0	0.0
0.410524	0.409088000	91.629894	0.0	0.0
0.414614	0.413168000	91.613368	0.0	0.0
0.418745	0.417289000	91.596994	0.0	0.0
0.422916	0.421451000	91.580770	0.0	0.0
0.427130	0.425655000	91.564695	0.0	0.0
0.431385	0.429901000	91.548767	0.0	0.0
0.435683	0.434190000	91.532984	0.0	0.0
0.440024	0.438521000	91.517345	0.0	0.0
0.444407	0.442896000	91.501847	0.0	0.0
0.448835	0.447315000	91.486490	0.0	0.0
0.453307	0.451777000	91.471270	0.0	0.0
0.457823	0.456285000	91.456187	0.0	0.0
0.462384	0.460837000	91.441238	0.0	0.0
0.466990	0.465435000	91.426424	0.0	0.0
0.471643	0.470080000	91.411740	0.0	0.0
0.476342	0.474771000	91.397185	0.0	0.0
0.481087	0.479508000	91.382759	0.0	0.0
0.485880	0.484293000	91.368459	0.0	0.0
0.490721	0.489126000	91.354283	0.0	0.0
0.495610	0.494008000	91.340231	0.0	0.0
0.500547	0.498939000	91.326299	0.0	0.0
0.505534	0.503919000	91.312487	0.0	0.0
0.510571	0.508948000	91.298794	0.0	0.0
0.515657	0.514029000	91.285216	0.0	0.0
0.520795	0.519160000	91.271753	0.0	0.0
0.525983	0.524343000	91.258403	0.0	0.0
0.531224	0.529577000	91.245164	0.0	0.0
0.536516	0.534864000	91.232035	0.0	0.0
0.541861	0.540205000	91.219013	0.0	0.0
0.547260	0.545599000	91.206099	0.0	0.0
0.552712	0.551047000	91.193289	0.0	0.0
0.558218	0.556550000	91.180582	0.0	0.0
0.563780	0.562108000	91.167976	0.0	0.0
0.569396	0.567722000	91.155470	0.0	0.0
0.575069	0.573392000	91.143063	0.0	0.0
0.580798	0.579119000	91.130752	0.0	0.0
0.586585	0.584904000	91.118536	0.0	0.0
0.592429	0.590747000	91.106413	0.0	0.0
0.598331	0.596649000	91.094382	0.0	0.0
0.604292	0.602610000	91.082440	0.0	0.0
0.610312	0.608631000	91.070587	0.0	0.0
0.616392	0.614713000	91.058821	0.0	0.0
0.622533	0.620856000	91.047139	0.0	0.0
0.628736	0.627060000	91.035541	0.0	0.0
0.634999	0.633328000	91.024025	0.0	0.0
0.641326	0.639658000	91.012589	0.0	0.0
0.647715	0.646052000	91.001231	0.0	0.0
0.654168	0.652511000	90.989950	0.0	0.0
0.660685	0.659035000	90.978744	0.0	0.0
0.667268	0.665624000	90.967611	0.0	0.0
0.673915	0.672280000	90.956550	0.0	0.0
0.680629	0.679003000	90.945558	0.0	0.0
0.687410	0.685795000	90.934635	0.0	0.0
0.694259	0.692654000	90.923779	0.0	0.0
0.701175	0.699583000	90.912987	0.0	0.0
0.708161	0.706582000	90.902258	0.0	0.0
0.715216	0.713652000	90.891591	0.0	0.0
0.722342	0.720793000	90.880983	0.0	0.0
0.729538	0.728006000	90.870433	0.0	0.0
0.736806	0.735293000	90.859939	0.0	0.0
0.744147	0.742653000	90.849500	0.0	0.0
0.751561	0.750087000	90.839112	0.0	0.0
0.759048	0.757597000	90.828776	0.0	0.0
0.766610	0.765183000	90.818489	0.0	0.0
0.774248	0.772846000	90.808248	0.0	0.0
0.781961	0.780586000	90.798053	0.0	0.0
0.789752	0.788405000	90.787901	0.0	0.0
0.797620	0.796304000	90.777791	0.0	0.0
0.805566	0.804282000	90.767720	0.0	0.0
0.813592	0.812342000	90.757688	0.0	0.0
0.821698	0.820483000	90.747691	0.0	0.0
0.829884	0.828707000	90.737728	0.0	0.0
0.838152	0.837015000	90.727797	0.0	0.0
0.846502	0.845407000	90.717896	0.0	0.0
0.854936	0.853885000	90.708024	0.0	0.0
0.863453	0.862448000	90.698177	0.0	0.0
0.872055	0.871099000	90.688355	0.0	0.0
0.880743	0.879839000	90.678555	0.0	0.0
0.889518	0.888667000	90.668775	0.0	0.0
0.898380	0.897585000	90.659013	0.0	0.0
0.907330	0.906594000	90.649267	0.0	0.0
0.916370	0.915695000	90.639536	0.0	0.0
0.925499	0.924889000	90.629816	0.0	0.0
0.934720	0.934176000	90.620106	0.0	0.0
0.944032	0.943559000	90.610403	0.0	0.0
0.953437	0.953038000	90.600706	0.0	0.0
0.962936	0.962613000	90.591012	0.0	0.0
0.972529	0.972286000	90.581320	0.0	0.0
0.982218	0.982058000	90.571626	0.0	0.0
0.992004	0.991930000	90.561930	0.0	0.0
1.001887	1.001900000	90.552227	0.0	0.0
1.011868	1.011980000	90.542517	0.0	0.0
1.021949	1.022160000	90.532797	0.0	0.0
1.032131	1.032440000	90.523064	0.0	0.0
1.042414	1.042830000	90.513316	0.0	0.0
1.052799	1.053320000	90.503552	0.0	0.0
1.063288	1.063930000	90.493768	0.0	0.0
1.073881	1.074640000	90.483962	0.0	0.0
1.084580	1.085460000	90.474132	0.0	0.0
1.095385	1.096390000	90.464276	0.0	0.0
1.106298	1.107430000	90.454390	0.0	0.0
1.117320	1.118590000	90.444473	0.0	0.0
1.128451	1.129860000	90.434522	0.0	0.0
1.139694	1.141250000	90.424534	0.0	0.0
1.151048	1.152760000	90.414507	0.0	0.0
1.162516	1.164380000	90.404438	0.0	0.0
1.174097	1.176120000	90.394326	0.0	0.0
1.185794	1.187990000	90.384167	0.0	0.0
1.197608	1.199970000	90.373958	0.0	0.0
1.209540	1.212080000	90.363696	0.0	0.0
1.221590	1.224320000	90.353381	0.0	0.0
1.233760	1.236670000	90.343008	0.0	0.0
1.246052	1.249160000	90.332575	0.0	0.0
1.258466	1.261770000	90.322079	0.0	0.0
1.271004	1.274520000	90.311518	0.0	0.0
1.283666	1.287390000	90.300889	0.0	0.0
1.296455	1.300400000	90.290189	0.0	0.0
1.309371	1.313540000	90.279416	0.0	0.0
1.322416	1.326820000	90.268565	0.0	0.0
1.335591	1.340230000	90.257636	0.0	0.0
1.348897	1.353780000	90.246624	0.0	0.0
1.362336	1.367470000	90.235527	0.0	0.0
1.375908	1.381300000	90.224344	0.0	0.0
1.389616	1.395270000	90.213069	0.0	0.0
1.403460	1.409380000	90.201701	0.0	0.0
1.417443	1.423640000	90.190235	0.0	0.0
1.431564	1.438040000	90.178672	0.0	0.0
1.445826	1.452590000	90.167006	0.0	0.0
1.460231	1.467290000	90.155235	0.0	0.0
1.474779	1.482140000	90.143355	0.0	0.0
1.489471	1.497150000	90.131366	0.0	0.0
1.504310	1.512300000	90.119263	0.0	0.0
1.519297	1.527610000	90.107042	0.0	0.0
1.534434	1.543080000	90.094701	0.0	0.0
1.549721	1.558700000	90.082238	0.0	0.0
1.565160	1.574480000	90.069650	0.0	0.0
1.580753	1.590420000	90.056933	0.0	0.0
1.596502	1.606530000	90.044084	0.0	0.0
1.612408	1.622800000	90.031100	0.0	0.0
1.628471	1.639230000	90.017980	0.0	0.0
1.644695	1.655830000	90.004719	0.0	0.0
1.661081	1.672590000	89.991314	0.0	0.0
1.677630	1.689530000	89.977763	0.0	0.0
1.694344	1.706640000	89.964063	0.0	0.0
1.711224	1.723920000	89.950210	0.0	0.0
1.728272	1.741370000	89.936203	0.0	0.0
1.745491	1.759000000	89.922036	0.0	0.0
1.762880	1.776810000	89.907709	0.0	0.0
1.780443	1.794790000	89.893218	0.0	0.0
1.798181	1.812960000	89.878560	0.0	0.0
1.816096	1.831310000	89.863732	0.0	0.0
1.834189	1.849850000	89.848731	0.0	0.0
1.852463	1.868570000	89.833554	0.0	0.0
1.870918	1.887480000	89.818199	0.0	0.0
1.889558	1.906580000	89.802662	0.0	0.0
1.908383	1.925870000	89.786942	0.0	0.0
1.927396	1.945350000	89.771034	0.0	0.0
1.946598	1.965030000	89.754936	0.0	0.0
1.965991	1.984910000	89.738646	0.0	0.0
1.985578	2.004990000	89.722159	0.0	0.0
2.005359	2.025270000	89.705476	0.0	0.0
2.025338	2.045760000	89.688590	0.0	0.0
2.045516	2.066450000	89.671501	0.0	0.0
2.065895	2.087350000	89.654206	0.0	0.0
2.086477	2.108460000	89.636701	0.0	0.0
2.107264	2.129780000	89.618985	0.0	0.0
2.128258	2.151320000	89.601054	0.0	0.0
2.149461	2.173080000	89.582907	0.0	0.0
2.170875	2.195050000	89.564540	0.0	0.0
2.192503	2.217260000	89.545950	0.0	0.0
2.214346	2.239690000	89.527136	0.0	0.0
2.236407	2.262340000	89.508094	0.0	0.0
2.258688	2.285230000	89.488822	0.0	0.0
2.281191	2.308360000	89.469318	0.0	0.0
2.303917	2.331720000	89.449580	0.0	0.0
2.326871	2.355330000	89.429604	0.0	0.0
2.350052	2.379180000	89.409390	0.0	0.0
2.373465	2.403280000	89.388932	0.0	0.0
2.397111	2.427620000	89.368231	0.0	0.0
2.420993	2.452230000	89.347282	0.0	0.0
2.445113	2.477090000	89.326085	0.0	0.0
2.469473	2.502210000	89.304636	0.0	0.0
2.494075	2.527590000	89.282935	0.0	0.0
2.518923	2.553250000	89.260977	0.0	0.0
2.544018	2.579170000	89.238761	0.0	0.0
2.569364	2.605370000	89.216284	0.0	0.0
2.594961	2.631850000	89.193547	0.0	0.0
2.620814	2.658610000	89.170544	0.0	0.0
2.646925	2.685650000	89.147274	0.0	0.0
2.673295	2.712980000	89.123736	0.0	0.0
2.699928	2.740610000	89.099927	0.0	0.0
2.726827	2.768530000	89.075844	0.0	0.0
2.753994	2.796740000	89.051486	0.0	0.0
2.781431	2.825260000	89.026852	0.0	0.0
2.809141	2.854080000	89.001939	0.0	0.0
2.837128	2.883210000	88.976744	0.0	0.0
2.865393	2.912650000	88.951267	0.0	0.0
2.893941	2.942400000	88.925503	0.0	0.0
2.922772	2.972460000	88.899454	0.0	0.0
2.951891	3.002840000	88.873115	0.0	0.0
2.981300	3.033530000	88.846484	0.0	0.0
3.011001	3.064550000	88.819562	0.0	0.0
3.040999	3.095890000	88.792343	0.0	0.0
3.071296	3.127550000	88.764828	0.0	0.0
3.101894	3.159530000	88.737014	0.0	0.0
3.132797	3.191840000	88.708899	0.0	0.0
3.164008	3.224470000	88.680481	0.0	0.0
3.195530	3.257440000	88.651759	0.0	0.0
3.227367	3.290730000	88.622728	0.0	0.0
3.259520	3.324350000	88.593391	0.0	0.0
3.291993	3.358300000	88.563742	0.0	0.0
3.324791	3.392590000	88.533780	0.0	0.0
3.357915	3.427200000	88.503504	0.0	0.0
3.391368	3.462150000	88.472912	0.0	0.0
3.425156	3.497430000	88.441999	0.0	0.0
3.459279	3.533050000	88.410768	0.0	0.0
3.493743	3.569010000	88.379212	0.0	0.0
3.528550	3.605310000	88.347332	0.0	0.0
3.563704	3.641960000	88.315125	0.0	0.0
3.599208	3.678950000	88.282589	0.0	0.0
3.635066	3.716300000	88.249721	0.0	0.0
3.671281	3.754000000	88.216520	0.0	0.0
3.707857	3.792060000	88.182983	0.0	0.0
3.744797	3.830480000	88.149108	0.0	0.0
3.782106	3.869290000	88.114893	0.0	0.0
3.819786	3.908470000	88.080335	0.0	0.0
3.857841	3.948040000	88.045433	0.0	0.0
3.896276	3.988020000	88.010183	0.0	0.0
3.935093	4.028390000	87.974584	0.0	0.0
3.974297	4.069190000	87.938633	0.0	0.0
4.013892	4.110410000	87.902326	0.0	0.0
4.053881	4.152070000	87.865663	0.0	0.0
4.094269	4.194180000	87.828639	0.0	0.0
4.135059	4.236750000	87.791253	0.0	0.0
4.176255	4.279790000	87.753502	0.0	0.0
4.217862	4.323310000	87.715382	0.0	0.0
4.259883	4.367320000	87.676892	0.0	0.0
4.302323	4.411830000	87.638028	0.0	0.0
4.345186	4.456850000	87.598787	0.0	0.0
4.388476	4.502390000	87.559166	0.0	0.0
4.432197	4.548450000	87.519163	0.0	0.0
4.476353	4.595030000	87.478774	0.0	0.0
4.520950	4.642150000	87.437995	0.0	0.0
4.565991	4.689810000	87.396824	0.0	0.0
4.611480	4.737990000	87.355258	0.0	0.0
4.657423	4.786710000	87.313291	0.0	0.0
4.703824	4.835960000	87.270922	0.0	0.0
4.750687	4.885740000	87.228146	0.0	0.0
4.798016	4.936030000	87.184961	0.0	0.0
4.845817	4.986830000	87.141362	0.0	0.0
4.894095	5.038140000	87.097344	0.0	0.0
4.942853	5.089940000	87.052906	0.0	0.0
4.992097	5.142240000	87.008041	0.0	0.0
5.041832	5.195020000	86.962747	0.0	0.0
5.092062	5.248270000	86.917020	0.0	0.0
5.142793	5.302000000	86.870853	0.0	0.0
5.194029	5.356200000	86.824245	0.0	0.0
5.245776	5.410870000	86.777189	0.0	0.0
5.298038	5.466030000	86.729682	0.0	0.0
5.350821	5.521670000	86.681718	0.0	0.0
5.404129	5.577820000	86.633294	0.0	0.0
5.457969	5.634480000	86.584403	0.0	0.0
5.512345	5.691680000	86.535042	0.0	0.0
5.567263	5.749450000	86.485204	0.0	0.0
5.622728	5.807810000	86.434885	0.0	0.0
5.678746	5.866790000	86.384079	0.0	0.0
5.735321	5.926430000	86.332782	0.0	0.0
5.792460	5.986750000	86.280987	0.0	0.0
5.850169	6.047800000	86.228689	0.0	0.0
5.908453	6.109590000	86.175881	0.0	0.0
5.967317	6.172160000	86.122558	0.0	0.0
6.026767	6.235530000	86.068716	0.0	0.0
6.086810	6.299720000	86.014345	0.0	0.0
6.147451	6.364720000	85.959441	0.0	0.0
6.208696	6.430560000	85.903997	0.0	0.0
6.270552	6.497210000	85.848006	0.0	0.0
6.333023	6.564660000	85.791463	0.0	0.0
6.396117	6.632890000	85.734359	0.0	0.0
6.459840	6.701870000	85.676688	0.0	0.0
6.524198	6.771570000	85.618443	0.0	0.0
6.589196	6.841960000	85.559617	0.0	0.0
6.654842	6.912990000	85.500202	0.0	0.0
6.721143	6.984630000	85.440190	0.0	0.0
6.788103	7.056870000	85.379575	0.0	0.0
6.855731	7.129670000	85.318348	0.0	0.0
6.924033	7.203050000	85.256500	0.0	0.0
6.993015	7.276990000	85.194025	0.0	0.0
7.062684	7.351540000	85.130913	0.0	0.0
7.133048	7.426730000	85.067156	0.0	0.0
7.204112	7.502620000	85.002746	0.0	0.0
7.275884	7.579260000	84.937673	0.0	0.0
7.348372	7.656750000	84.871928	0.0	0.0
7.421582	7.735170000	84.805503	0.0	0.0
7.495521	7.814590000	84.738388	0.0	0.0
7.570196	7.895090000	84.670574	0.0	0.0
7.645616	7.976740000	84.602050	0.0	0.0
7.721787	8.059570000	84.532807	0.0	0.0
7.798717	8.143620000	84.462835	0.0	0.0
7.876413	8.228880000	84.392124	0.0	0.0
7.954883	8.315320000	84.320663	0.0	0.0
8.034135	8.402870000	84.248441	0.0	0.0
8.114177	8.491460000	84.175447	0.0	0.0
8.195016	8.580990000	84.101671	0.0	0.0
8.276661	8.671370000	84.027100	0.0	0.0
8.359119	8.762490000	83.951725	0.0	0.0
8.442398	8.854280000	83.875533	0.0	0.0
8.526507	8.946680000	83.798512	0.0	0.0
8.611454	9.039690000	83.720650	0.0	0.0
8.697247	9.133320000	83.641935	0.0	0.0
8.783896	9.227670000	83.562353	0.0	0.0
8.871407	9.322860000	83.481894	0.0	0.0
8.959790	9.419030000	83.400542	0.0	0.0
9.049054	9.516370000	83.318286	0.0	0.0
9.139207	9.615050000	83.235111	0.0	0.0
9.230258	9.715250000	83.151004	0.0	0.0
9.322216	9.817090000	83.065951	0.0	0.0
9.415091	9.920640000	82.979937	0.0	0.0
9.508890	10.025900000	82.892950	0.0	0.0
9.603625	10.132800000	82.804972	0.0	0.0
9.699303	10.241200000	82.715990	0.0	0.0
9.795934	10.351000000	82.625989	0.0	0.0
9.893528	10.461800000	82.534952	0.0	0.0
9.992094	10.573500000	82.442864	0.0	0.0
10.091640	10.685800000	82.349712	0.0	0.0
10.192180	10.798800000	82.255474	0.0	0.0
10.293720	10.912300000	82.160138	0.0	0.0
10.396280	11.026400000	82.063677	0.0	0.0
10.499850	11.141500000	81.966094	0.0	0.0
10.604460	11.257700000	81.867352	0.0	0.0
10.710110	11.375500000	81.767442	0.0	0.0
10.816810	11.495200000	81.666348	0.0	0.0
10.924570	11.617100000	81.564052	0.0	0.0
11.033410	11.741300000	81.460526	0.0	0.0
11.143340	11.867900000	81.355751	0.0	0.0
11.254350	11.996700000	81.249728	0.0	0.0
11.366480	12.127400000	81.142411	0.0	0.0
11.479720	12.259600000	81.033799	0.0	0.0
11.594090	12.392700000	80.923863	0.0	0.0
11.709600	12.526600000	80.812584	0.0	0.0
11.826250	12.660800000	80.699953	0.0	0.0
11.944080	12.795400000	80.585920	0.0	0.0
12.063070	12.930800000	80.470495	0.0	0.0
12.183250	13.067300000	80.353638	0.0	0.0
12.304630	13.205700000	80.235329	0.0	0.0
12.427220	13.346500000	80.115546	0.0	0.0
12.551030	13.490300000	79.994270	0.0	0.0
12.676070	13.637300000	79.871478	0.0	0.0
12.802360	13.787500000	79.747141	0.0	0.0
12.929900	13.940300000	79.621245	0.0	0.0
13.058720	14.095000000	79.493750	0.0	0.0
13.188820	14.250700000	79.364643	0.0	0.0
13.320220	14.406700000	79.233893	0.0	0.0
13.452920	14.562700000	79.101486	0.0	0.0
13.586950	14.719000000	78.967380	0.0	0.0
13.722310	14.876200000	78.831562	0.0	0.0
13.859020	15.035500000	78.693998	0.0	0.0
13.997100	15.198300000	78.554656	0.0	0.0
14.136540	15.365300000	78.413532	0.0	0.0
14.277380	15.536800000	78.270571	0.0	0.0
14.419620	15.712100000	78.125759	0.0	0.0
14.563280	15.889800000	77.979062	0.0	0.0
14.708370	16.067900000	77.830455	0.0	0.0
14.854910	16.245200000	77.679902	0.0	0.0
15.002900	16.421300000	77.527390	0.0	0.0
15.152370	16.597800000	77.372871	0.0	0.0
15.303330	16.777700000	77.216320	0.0	0.0
15.455790	16.964400000	77.057712	0.0	0.0
15.609770	17.159300000	76.897010	0.0	0.0
15.765290	17.358700000	76.734176	0.0	0.0
15.922350	17.549900000	76.569194	0.0	0.0
16.080980	17.708500000	76.402018	0.0	0.0
16.241190	17.796500000	76.232619	0.0	0.0
16.403000	17.764100000	76.060959	0.0	0.0
16.566420	17.554100000	75.887011	0.0	0.0
16.731460	17.109800000	75.710746	0.0	0.0
16.898160	16.385400000	75.532105	0.0	0.0
17.066510	15.356200000	75.351080	0.0	0.0
17.236540	14.027700000	75.167622	0.0	0.0
17.408260	12.439700000	74.981700	0.0	0.0
17.581690	10.665000000	74.793275	0.0	0.0
17.756850	8.801430000	74.602307	0.0	0.0
17.933760	6.959000000	74.408755	0.0	0.0
18.112430	5.243670000	74.212588	0.0	0.0
18.292880	3.742080000	74.013765	0.0	0.0
18.475120	2.510000000	73.812255	0.0	0.0
18.659180	1.567140000	73.608006	0.0	0.0
18.845080	0.899083000	73.400974	0.0	0.0
19.032830	0.465448000	73.191129	0.0	0.0
19.222450	0.211580000	72.978426	0.0	0.0
19.413950	0.080732400	72.762834	0.0	0.0
19.607370	0.023723100	72.544287	0.0	0.0
19.802710	0.004317400	72.322761	0.0	0.0
20.000000	0.000106098	72.098202	0.0	0.0

