# UNCLASSIFIED                                                          
#                                                                       
# Response info for BVAR short period sites.     
#                                               
# Effective: 06 July 2002                                       
# Creation date: 26 May 2005
# File name: BVAR_SP_rsp.txt
#                       
# Source: James Neely (CTI)                                     
# System equipment: GS21 seismometer and Nanometrics_HRD24 digitizer. 
#                                                                       
# The response file was derived from equations of state.
# Displacement response normalized to 1.0 at 1.0 Hz.   
#                                                                       
# The calib values for this configuration are:
#
# BVA1 SHZ is 0.021450 nm/count at 1.0 Hz.
# BVA2 SHZ is 0.022860 nm/count at 1.0 Hz.
# BVA3 SHZ is 0.022820 nm/count at 1.0 Hz.
# BVA4 SHZ is 0.021690 nm/count at 1.0 Hz.
# BVB5 SHZ is 0.021720 nm/count at 1.0 Hz.
# BVB6 SHZ is 0.021840 nm/count at 1.0 Hz.
# BVB7 SHZ is 0.021220 nm/count at 1.0 Hz.
# BVB8 SHZ is 0.021900 nm/count at 1.0 Hz.
# BVB9 SHZ is 0.022030 nm/count at 1.0 Hz.
#                                                                       
# Freq(Hz)      Amp(cnts/nm)    Phase(deg)   Error(amp) Error(phase)    
#                               
	theoretical     0       instrument      fap
1000
0.001000	0.00000000010	354.208310	0.0	0.0
0.001010	0.00000000010	354.150991	0.0	0.0
0.001020	0.00000000020	354.093112	0.0	0.0
0.001030	0.00000000020	354.034669	0.0	0.0
0.001040	0.00000000020	353.975654	0.0	0.0
0.001051	0.00000000020	353.916065	0.0	0.0
0.001061	0.00000000020	353.855895	0.0	0.0
0.001072	0.00000000020	353.795138	0.0	0.0
0.001083	0.00000000020	353.733790	0.0	0.0
0.001093	0.00000000020	353.671845	0.0	0.0
0.001104	0.00000000020	353.609297	0.0	0.0
0.001115	0.00000000020	353.546140	0.0	0.0
0.001126	0.00000000020	353.482370	0.0	0.0
0.001138	0.00000000020	353.417982	0.0	0.0
0.001149	0.00000000020	353.352966	0.0	0.0
0.001160	0.00000000030	353.287320	0.0	0.0
0.001172	0.00000000030	353.221037	0.0	0.0
0.001184	0.00000000030	353.154112	0.0	0.0
0.001195	0.00000000030	353.086538	0.0	0.0
0.001207	0.00000000030	353.018310	0.0	0.0
0.001219	0.00000000030	352.949421	0.0	0.0
0.001231	0.00000000030	352.879867	0.0	0.0
0.001244	0.00000000030	352.809639	0.0	0.0
0.001256	0.00000000030	352.738733	0.0	0.0
0.001269	0.00000000040	352.667142	0.0	0.0
0.001281	0.00000000040	352.594861	0.0	0.0
0.001294	0.00000000040	352.521882	0.0	0.0
0.001307	0.00000000040	352.448199	0.0	0.0
0.001320	0.00000000040	352.373808	0.0	0.0
0.001333	0.00000000040	352.298700	0.0	0.0
0.001346	0.00000000050	352.222870	0.0	0.0
0.001360	0.00000000050	352.146312	0.0	0.0
0.001373	0.00000000050	352.069017	0.0	0.0
0.001387	0.00000000050	351.990981	0.0	0.0
0.001401	0.00000000050	351.912197	0.0	0.0
0.001415	0.00000000060	351.832657	0.0	0.0
0.001429	0.00000000060	351.752356	0.0	0.0
0.001443	0.00000000060	351.671287	0.0	0.0
0.001457	0.00000000060	351.589443	0.0	0.0
0.001472	0.00000000070	351.506817	0.0	0.0
0.001487	0.00000000070	351.423402	0.0	0.0
0.001501	0.00000000070	351.339191	0.0	0.0
0.001516	0.00000000070	351.254179	0.0	0.0
0.001532	0.00000000080	351.168357	0.0	0.0
0.001547	0.00000000080	351.081720	0.0	0.0
0.001562	0.00000000080	350.994259	0.0	0.0
0.001578	0.00000000090	350.905968	0.0	0.0
0.001593	0.00000000090	350.816839	0.0	0.0
0.001609	0.00000000090	350.726865	0.0	0.0
0.001625	0.00000000100	350.636041	0.0	0.0
0.001642	0.00000000100	350.544358	0.0	0.0
0.001658	0.00000000110	350.451809	0.0	0.0
0.001674	0.00000000110	350.358391	0.0	0.0
0.001691	0.00000000110	350.264088	0.0	0.0
0.001708	0.00000000120	350.168897	0.0	0.0
0.001725	0.00000000120	350.072806	0.0	0.0
0.001742	0.00000000130	349.975818	0.0	0.0
0.001760	0.00000000130	349.877923	0.0	0.0
0.001777	0.00000000140	349.779110	0.0	0.0
0.001795	0.00000000140	349.679360	0.0	0.0
0.001813	0.00000000150	349.578694	0.0	0.0
0.001831	0.00000000160	349.477082	0.0	0.0
0.001849	0.00000000160	349.374525	0.0	0.0
0.001867	0.00000000170	349.271002	0.0	0.0
0.001886	0.00000000180	349.166525	0.0	0.0
0.001905	0.00000000180	349.061084	0.0	0.0
0.001924	0.00000000190	348.954659	0.0	0.0
0.001943	0.00000000200	348.847251	0.0	0.0
0.001962	0.00000000210	348.738840	0.0	0.0
0.001982	0.00000000210	348.629437	0.0	0.0
0.002002	0.00000000220	348.519031	0.0	0.0
0.002022	0.00000000230	348.407595	0.0	0.0
0.002042	0.00000000240	348.295148	0.0	0.0
0.002062	0.00000000250	348.181660	0.0	0.0
0.002083	0.00000000260	348.067143	0.0	0.0
0.002103	0.00000000270	347.951566	0.0	0.0
0.002124	0.00000000280	347.834950	0.0	0.0
0.002145	0.00000000290	347.717257	0.0	0.0
0.002167	0.00000000300	347.598505	0.0	0.0
0.002188	0.00000000320	347.478666	0.0	0.0
0.002210	0.00000000330	347.357740	0.0	0.0
0.002232	0.00000000340	347.235727	0.0	0.0
0.002254	0.00000000360	347.112610	0.0	0.0
0.002277	0.00000000370	346.988386	0.0	0.0
0.002300	0.00000000390	346.863039	0.0	0.0
0.002322	0.00000000400	346.736577	0.0	0.0
0.002346	0.00000000420	346.608971	0.0	0.0
0.002369	0.00000000430	346.480233	0.0	0.0
0.002393	0.00000000450	346.350352	0.0	0.0
0.002416	0.00000000470	346.219310	0.0	0.0
0.002441	0.00000000490	346.087096	0.0	0.0
0.002465	0.00000000510	345.953722	0.0	0.0
0.002489	0.00000000530	345.819167	0.0	0.0
0.002514	0.00000000550	345.683433	0.0	0.0
0.002539	0.00000000570	345.546500	0.0	0.0
0.002565	0.00000000590	345.408359	0.0	0.0
0.002590	0.00000000620	345.269020	0.0	0.0
0.002616	0.00000000640	345.128464	0.0	0.0
0.002642	0.00000000670	344.986682	0.0	0.0
0.002668	0.00000000690	344.843674	0.0	0.0
0.002695	0.00000000720	344.699421	0.0	0.0
0.002722	0.00000000750	344.553934	0.0	0.0
0.002749	0.00000000780	344.407182	0.0	0.0
0.002776	0.00000000810	344.259178	0.0	0.0
0.002804	0.00000000840	344.109911	0.0	0.0
0.002832	0.00000000880	343.959372	0.0	0.0
0.002860	0.00000000910	343.807552	0.0	0.0
0.002888	0.00000000950	343.654441	0.0	0.0
0.002917	0.00000000980	343.500041	0.0	0.0
0.002946	0.00000001020	343.344342	0.0	0.0
0.002976	0.00000001060	343.187334	0.0	0.0
0.003005	0.00000001110	343.029019	0.0	0.0
0.003035	0.00000001150	342.869377	0.0	0.0
0.003066	0.00000001190	342.708418	0.0	0.0
0.003096	0.00000001240	342.546124	0.0	0.0
0.003127	0.00000001290	342.382496	0.0	0.0
0.003158	0.00000001340	342.217523	0.0	0.0
0.003190	0.00000001400	342.051197	0.0	0.0
0.003221	0.00000001450	341.883519	0.0	0.0
0.003253	0.00000001510	341.714479	0.0	0.0
0.003286	0.00000001570	341.544078	0.0	0.0
0.003319	0.00000001630	341.372307	0.0	0.0
0.003352	0.00000001690	341.199157	0.0	0.0
0.003385	0.00000001760	341.024628	0.0	0.0
0.003419	0.00000001830	340.848712	0.0	0.0
0.003453	0.00000001900	340.671408	0.0	0.0
0.003487	0.00000001980	340.492709	0.0	0.0
0.003522	0.00000002050	340.312605	0.0	0.0
0.003557	0.00000002130	340.131105	0.0	0.0
0.003592	0.00000002220	339.948193	0.0	0.0
0.003628	0.00000002310	339.763878	0.0	0.0
0.003664	0.00000002400	339.578141	0.0	0.0
0.003701	0.00000002490	339.390993	0.0	0.0
0.003738	0.00000002590	339.202425	0.0	0.0
0.003775	0.00000002690	339.012428	0.0	0.0
0.003813	0.00000002790	338.821003	0.0	0.0
0.003851	0.00000002900	338.628151	0.0	0.0
0.003889	0.00000003020	338.433872	0.0	0.0
0.003928	0.00000003140	338.238158	0.0	0.0
0.003967	0.00000003260	338.041009	0.0	0.0
0.004006	0.00000003380	337.842417	0.0	0.0
0.004046	0.00000003520	337.642392	0.0	0.0
0.004087	0.00000003650	337.440925	0.0	0.0
0.004127	0.00000003800	337.238028	0.0	0.0
0.004168	0.00000003940	337.033681	0.0	0.0
0.004210	0.00000004100	336.827896	0.0	0.0
0.004252	0.00000004260	336.620673	0.0	0.0
0.004294	0.00000004420	336.412003	0.0	0.0
0.004337	0.00000004590	336.201898	0.0	0.0
0.004380	0.00000004770	335.990348	0.0	0.0
0.004424	0.00000004960	335.777364	0.0	0.0
0.004468	0.00000005150	335.562939	0.0	0.0
0.004512	0.00000005350	335.347082	0.0	0.0
0.004557	0.00000005560	335.129794	0.0	0.0
0.004603	0.00000005770	334.911078	0.0	0.0
0.004649	0.00000005990	334.690933	0.0	0.0
0.004695	0.00000006220	334.469361	0.0	0.0
0.004742	0.00000006460	334.246374	0.0	0.0
0.004789	0.00000006710	334.021962	0.0	0.0
0.004837	0.00000006970	333.796136	0.0	0.0
0.004885	0.00000007240	333.568907	0.0	0.0
0.004934	0.00000007520	333.340268	0.0	0.0
0.004983	0.00000007810	333.110239	0.0	0.0
0.005032	0.00000008110	332.878810	0.0	0.0
0.005082	0.00000008420	332.645994	0.0	0.0
0.005133	0.00000008740	332.411802	0.0	0.0
0.005184	0.00000009080	332.176235	0.0	0.0
0.005236	0.00000009420	331.939293	0.0	0.0
0.005288	0.00000009780	331.700999	0.0	0.0
0.005341	0.00000010160	331.461353	0.0	0.0
0.005394	0.00000010540	331.220357	0.0	0.0
0.005448	0.00000010950	330.978033	0.0	0.0
0.005502	0.00000011360	330.734371	0.0	0.0
0.005557	0.00000011800	330.489402	0.0	0.0
0.005612	0.00000012240	330.243129	0.0	0.0
0.005668	0.00000012710	329.995552	0.0	0.0
0.005725	0.00000013190	329.746693	0.0	0.0
0.005782	0.00000013690	329.496554	0.0	0.0
0.005839	0.00000014210	329.245154	0.0	0.0
0.005897	0.00000014750	328.992507	0.0	0.0
0.005956	0.00000015300	328.738623	0.0	0.0
0.006015	0.00000015880	328.483504	0.0	0.0
0.006075	0.00000016480	328.227171	0.0	0.0
0.006136	0.00000017100	327.969646	0.0	0.0
0.006197	0.00000017740	327.710931	0.0	0.0
0.006259	0.00000018410	327.451045	0.0	0.0
0.006321	0.00000019100	327.190002	0.0	0.0
0.006384	0.00000019820	326.927813	0.0	0.0
0.006448	0.00000020560	326.664509	0.0	0.0
0.006512	0.00000021330	326.400082	0.0	0.0
0.006577	0.00000022120	326.134573	0.0	0.0
0.006642	0.00000022950	325.867984	0.0	0.0
0.006708	0.00000023800	325.600336	0.0	0.0
0.006775	0.00000024690	325.331642	0.0	0.0
0.006843	0.00000025610	325.061932	0.0	0.0
0.006911	0.00000026560	324.791209	0.0	0.0
0.006980	0.00000027550	324.519503	0.0	0.0
0.007049	0.00000028570	324.246838	0.0	0.0
0.007120	0.00000029620	323.973213	0.0	0.0
0.007191	0.00000030720	323.698672	0.0	0.0
0.007262	0.00000031850	323.423216	0.0	0.0
0.007335	0.00000033030	323.146877	0.0	0.0
0.007408	0.00000034240	322.869675	0.0	0.0
0.007481	0.00000035500	322.591624	0.0	0.0
0.007556	0.00000036810	322.312755	0.0	0.0
0.007631	0.00000038160	322.033089	0.0	0.0
0.007707	0.00000039550	321.752639	0.0	0.0
0.007784	0.00000041000	321.471436	0.0	0.0
0.007862	0.00000042500	321.189503	0.0	0.0
0.007940	0.00000044050	320.906861	0.0	0.0
0.008019	0.00000045660	320.623532	0.0	0.0
0.008099	0.00000047320	320.339548	0.0	0.0
0.008180	0.00000049040	320.054920	0.0	0.0
0.008261	0.00000050820	319.769682	0.0	0.0
0.008343	0.00000052660	319.483854	0.0	0.0
0.008426	0.00000054570	319.197470	0.0	0.0
0.008510	0.00000056540	318.910540	0.0	0.0
0.008595	0.00000058580	318.623107	0.0	0.0
0.008681	0.00000060690	318.335183	0.0	0.0
0.008767	0.00000062880	318.046791	0.0	0.0
0.008855	0.00000065140	317.757971	0.0	0.0
0.008943	0.00000067480	317.468747	0.0	0.0
0.009032	0.00000069900	317.179130	0.0	0.0
0.009122	0.00000072400	316.889163	0.0	0.0
0.009213	0.00000074990	316.598867	0.0	0.0
0.009305	0.00000077660	316.308266	0.0	0.0
0.009397	0.00000080430	316.017390	0.0	0.0
0.009491	0.00000083300	315.726264	0.0	0.0
0.009586	0.00000086260	315.434918	0.0	0.0
0.009681	0.00000089320	315.143375	0.0	0.0
0.009777	0.00000092490	314.851657	0.0	0.0
0.009875	0.00000095760	314.559808	0.0	0.0
0.009973	0.00000099140	314.267838	0.0	0.0
0.010073	0.00000102640	313.975782	0.0	0.0
0.010173	0.00000106260	313.683669	0.0	0.0
0.010274	0.00000110000	313.391524	0.0	0.0
0.010377	0.00000113870	313.099369	0.0	0.0
0.010480	0.00000117860	312.807237	0.0	0.0
0.010584	0.00000121990	312.515149	0.0	0.0
0.010690	0.00000126260	312.223148	0.0	0.0
0.010796	0.00000130670	311.931237	0.0	0.0
0.010904	0.00000135230	311.639459	0.0	0.0
0.011013	0.00000139940	311.347835	0.0	0.0
0.011122	0.00000144810	311.056391	0.0	0.0
0.011233	0.00000149840	310.765166	0.0	0.0
0.011345	0.00000155040	310.474164	0.0	0.0
0.011458	0.00000160410	310.183419	0.0	0.0
0.011572	0.00000165950	309.892970	0.0	0.0
0.011688	0.00000171680	309.602824	0.0	0.0
0.011804	0.00000177610	309.313023	0.0	0.0
0.011922	0.00000183720	309.023578	0.0	0.0
0.012040	0.00000190040	308.734523	0.0	0.0
0.012160	0.00000196570	308.445882	0.0	0.0
0.012281	0.00000203310	308.157676	0.0	0.0
0.012404	0.00000210270	307.869937	0.0	0.0
0.012527	0.00000217460	307.582672	0.0	0.0
0.012652	0.00000224880	307.295918	0.0	0.0
0.012778	0.00000232550	307.009694	0.0	0.0
0.012906	0.00000240470	306.724032	0.0	0.0
0.013034	0.00000248650	306.438942	0.0	0.0
0.013164	0.00000257090	306.154460	0.0	0.0
0.013295	0.00000265810	305.870598	0.0	0.0
0.013428	0.00000274810	305.587368	0.0	0.0
0.013561	0.00000284100	305.304816	0.0	0.0
0.013696	0.00000293690	305.022954	0.0	0.0
0.013833	0.00000303600	304.741783	0.0	0.0
0.013971	0.00000313820	304.461358	0.0	0.0
0.014110	0.00000324370	304.181665	0.0	0.0
0.014250	0.00000335270	303.902754	0.0	0.0
0.014392	0.00000346510	303.624621	0.0	0.0
0.014536	0.00000358120	303.347295	0.0	0.0
0.014681	0.00000370100	303.070795	0.0	0.0
0.014827	0.00000382460	302.795131	0.0	0.0
0.014975	0.00000395220	302.520338	0.0	0.0
0.015124	0.00000408390	302.246417	0.0	0.0
0.015275	0.00000421980	301.973387	0.0	0.0
0.015427	0.00000436000	301.701265	0.0	0.0
0.015580	0.00000450480	301.430069	0.0	0.0
0.015736	0.00000465410	301.159825	0.0	0.0
0.015892	0.00000480820	300.890531	0.0	0.0
0.016051	0.00000496720	300.622204	0.0	0.0
0.016211	0.00000513120	300.354867	0.0	0.0
0.016372	0.00000530050	300.088534	0.0	0.0
0.016535	0.00000547510	299.823209	0.0	0.0
0.016700	0.00000565520	299.558915	0.0	0.0
0.016866	0.00000584110	299.295659	0.0	0.0
0.017034	0.00000603290	299.033441	0.0	0.0
0.017204	0.00000623070	298.772299	0.0	0.0
0.017375	0.00000643470	298.512225	0.0	0.0
0.017549	0.00000664520	298.253234	0.0	0.0
0.017723	0.00000686230	297.995349	0.0	0.0
0.017900	0.00000708630	297.738554	0.0	0.0
0.018078	0.00000731730	297.482875	0.0	0.0
0.018258	0.00000755560	297.228326	0.0	0.0
0.018440	0.00000780140	296.974912	0.0	0.0
0.018624	0.00000805490	296.722624	0.0	0.0
0.018810	0.00000831630	296.471491	0.0	0.0
0.018997	0.00000858600	296.221513	0.0	0.0
0.019186	0.00000886400	295.972698	0.0	0.0
0.019377	0.00000915080	295.725060	0.0	0.0
0.019570	0.00000944660	295.478583	0.0	0.0
0.019765	0.00000975160	295.233290	0.0	0.0
0.019962	0.00001006610	294.989190	0.0	0.0
0.020161	0.00001039040	294.746275	0.0	0.0
0.020362	0.00001072490	294.504560	0.0	0.0
0.020565	0.00001106980	294.264039	0.0	0.0
0.020770	0.00001142540	294.024719	0.0	0.0
0.020977	0.00001179210	293.786615	0.0	0.0
0.021186	0.00001217020	293.549709	0.0	0.0
0.021397	0.00001256010	293.314030	0.0	0.0
0.021610	0.00001296210	293.079550	0.0	0.0
0.021825	0.00001337650	292.846295	0.0	0.0
0.022043	0.00001380390	292.614262	0.0	0.0
0.022262	0.00001424440	292.383446	0.0	0.0
0.022484	0.00001469870	292.153849	0.0	0.0
0.022708	0.00001516700	291.925469	0.0	0.0
0.022934	0.00001564980	291.698313	0.0	0.0
0.023163	0.00001614760	291.472381	0.0	0.0
0.023394	0.00001666070	291.247666	0.0	0.0
0.023627	0.00001718970	291.024167	0.0	0.0
0.023862	0.00001773510	290.801885	0.0	0.0
0.024100	0.00001829730	290.580832	0.0	0.0
0.024340	0.00001887690	290.360982	0.0	0.0
0.024582	0.00001947440	290.142349	0.0	0.0
0.024827	0.00002009020	289.924930	0.0	0.0
0.025075	0.00002072510	289.708717	0.0	0.0
0.025324	0.00002137960	289.493712	0.0	0.0
0.025577	0.00002205420	289.279904	0.0	0.0
0.025832	0.00002274950	289.067296	0.0	0.0
0.026089	0.00002346630	288.855887	0.0	0.0
0.026349	0.00002420520	288.645674	0.0	0.0
0.026611	0.00002496670	288.436639	0.0	0.0
0.026876	0.00002575170	288.228783	0.0	0.0
0.027144	0.00002656070	288.022122	0.0	0.0
0.027415	0.00002739470	287.816619	0.0	0.0
0.027688	0.00002825420	287.612291	0.0	0.0
0.027964	0.00002914010	287.409117	0.0	0.0
0.028242	0.00003005330	287.207115	0.0	0.0
0.028524	0.00003099440	287.006247	0.0	0.0
0.028808	0.00003196440	286.806536	0.0	0.0
0.029095	0.00003296410	286.607962	0.0	0.0
0.029385	0.00003399440	286.410516	0.0	0.0
0.029677	0.00003505640	286.214206	0.0	0.0
0.029973	0.00003615080	286.019007	0.0	0.0
0.030272	0.00003727870	285.824927	0.0	0.0
0.030573	0.00003844120	285.631943	0.0	0.0
0.030878	0.00003963930	285.440062	0.0	0.0
0.031185	0.00004087390	285.249270	0.0	0.0
0.031496	0.00004214640	285.059558	0.0	0.0
0.031810	0.00004345770	284.870922	0.0	0.0
0.032127	0.00004480920	284.683359	0.0	0.0
0.032447	0.00004620190	284.496848	0.0	0.0
0.032770	0.00004763710	284.311395	0.0	0.0
0.033097	0.00004911620	284.126980	0.0	0.0
0.033426	0.00005064050	283.943588	0.0	0.0
0.033759	0.00005221130	283.761241	0.0	0.0
0.034096	0.00005383000	283.579892	0.0	0.0
0.034435	0.00005549810	283.399555	0.0	0.0
0.034778	0.00005721710	283.220224	0.0	0.0
0.035125	0.00005898860	283.041876	0.0	0.0
0.035475	0.00006081400	282.864505	0.0	0.0
0.035828	0.00006269510	282.688107	0.0	0.0
0.036185	0.00006463350	282.512668	0.0	0.0
0.036546	0.00006663100	282.338182	0.0	0.0
0.036910	0.00006868940	282.164641	0.0	0.0
0.037278	0.00007081050	281.992029	0.0	0.0
0.037649	0.00007299610	281.820334	0.0	0.0
0.038024	0.00007524830	281.649553	0.0	0.0
0.038403	0.00007756910	281.479679	0.0	0.0
0.038785	0.00007996050	281.310686	0.0	0.0
0.039172	0.00008242470	281.142577	0.0	0.0
0.039562	0.00008496390	280.975342	0.0	0.0
0.039956	0.00008758030	280.808966	0.0	0.0
0.040354	0.00009027630	280.643442	0.0	0.0
0.040756	0.00009305430	280.478751	0.0	0.0
0.041162	0.00009591680	280.314902	0.0	0.0
0.041572	0.00009886630	280.151860	0.0	0.0
0.041987	0.00010190500	279.989622	0.0	0.0
0.042405	0.00010503700	279.828194	0.0	0.0
0.042827	0.00010826400	279.667537	0.0	0.0
0.043254	0.00011158900	279.507659	0.0	0.0
0.043685	0.00011501400	279.348556	0.0	0.0
0.044120	0.00011854400	279.190194	0.0	0.0
0.044560	0.00012218100	279.032575	0.0	0.0
0.045004	0.00012592900	278.875690	0.0	0.0
0.045452	0.00012979000	278.719519	0.0	0.0
0.045905	0.00013376900	278.564061	0.0	0.0
0.046362	0.00013786800	278.409292	0.0	0.0
0.046824	0.00014209200	278.255218	0.0	0.0
0.047291	0.00014644400	278.101815	0.0	0.0
0.047762	0.00015092800	277.949069	0.0	0.0
0.048238	0.00015554800	277.796987	0.0	0.0
0.048718	0.00016030800	277.645535	0.0	0.0
0.049204	0.00016521300	277.494710	0.0	0.0
0.049694	0.00017026700	277.344511	0.0	0.0
0.050189	0.00017547300	277.194908	0.0	0.0
0.050689	0.00018083800	277.045898	0.0	0.0
0.051194	0.00018636600	276.897480	0.0	0.0
0.051704	0.00019206000	276.749627	0.0	0.0
0.052219	0.00019792800	276.602330	0.0	0.0
0.052739	0.00020397400	276.455583	0.0	0.0
0.053265	0.00021020300	276.309369	0.0	0.0
0.053795	0.00021662000	276.163680	0.0	0.0
0.054331	0.00022323300	276.018509	0.0	0.0
0.054873	0.00023004500	275.873827	0.0	0.0
0.055419	0.00023706400	275.729642	0.0	0.0
0.055971	0.00024429600	275.585924	0.0	0.0
0.056529	0.00025174700	275.442675	0.0	0.0
0.057092	0.00025942400	275.299881	0.0	0.0
0.057661	0.00026733300	275.157528	0.0	0.0
0.058235	0.00027548200	275.015595	0.0	0.0
0.058816	0.00028387700	274.874087	0.0	0.0
0.059402	0.00029252700	274.732980	0.0	0.0
0.059993	0.00030143900	274.592267	0.0	0.0
0.060591	0.00031062100	274.451944	0.0	0.0
0.061195	0.00032008100	274.311993	0.0	0.0
0.061804	0.00032982700	274.172329	0.0	0.0
0.062420	0.00033986800	274.033069	0.0	0.0
0.063042	0.00035021400	273.894129	0.0	0.0
0.063670	0.00036087200	273.755519	0.0	0.0
0.064304	0.00037185400	273.617257	0.0	0.0
0.064945	0.00038316700	273.479260	0.0	0.0
0.065592	0.00039482400	273.341541	0.0	0.0
0.066246	0.00040683300	273.204116	0.0	0.0
0.066906	0.00041920500	273.066905	0.0	0.0
0.067572	0.00043195200	272.929918	0.0	0.0
0.068245	0.00044508400	272.793175	0.0	0.0
0.068925	0.00045861400	272.656689	0.0	0.0
0.069612	0.00047255400	272.520483	0.0	0.0
0.070305	0.00048691500	272.384366	0.0	0.0
0.071006	0.00050171100	272.248460	0.0	0.0
0.071713	0.00051695400	272.112780	0.0	0.0
0.072428	0.00053265900	271.977145	0.0	0.0
0.073149	0.00054883800	271.841768	0.0	0.0
0.073878	0.00056550700	271.706473	0.0	0.0
0.074614	0.00058268100	271.571372	0.0	0.0
0.075357	0.00060037300	271.436287	0.0	0.0
0.076108	0.00061860100	271.301335	0.0	0.0
0.076866	0.00063738000	271.166431	0.0	0.0
0.077632	0.00065672800	271.031697	0.0	0.0
0.078406	0.00067666000	270.896949	0.0	0.0
0.079187	0.00069719500	270.762311	0.0	0.0
0.079976	0.00071835100	270.627595	0.0	0.0
0.080773	0.00074014700	270.493024	0.0	0.0
0.081577	0.00076260100	270.358420	0.0	0.0
0.082390	0.00078573500	270.223798	0.0	0.0
0.083211	0.00080956800	270.089177	0.0	0.0
0.084040	0.00083412200	269.954482	0.0	0.0
0.084877	0.00085941800	269.819828	0.0	0.0
0.085723	0.00088547900	269.685041	0.0	0.0
0.086577	0.00091232800	269.550234	0.0	0.0
0.087439	0.00093998800	269.415335	0.0	0.0
0.088310	0.00096848500	269.280261	0.0	0.0
0.089190	0.00099784300	269.145235	0.0	0.0
0.090079	0.00102809000	269.009979	0.0	0.0
0.090976	0.00105925000	268.874609	0.0	0.0
0.091883	0.00109135000	268.739154	0.0	0.0
0.092798	0.00112442000	268.603433	0.0	0.0
0.093722	0.00115849000	268.467569	0.0	0.0
0.094656	0.00119359000	268.331583	0.0	0.0
0.095599	0.00122975000	268.195398	0.0	0.0
0.096552	0.00126701000	268.058939	0.0	0.0
0.097514	0.00130539000	267.922325	0.0	0.0
0.098485	0.00134493000	267.785384	0.0	0.0
0.099466	0.00138566000	267.648237	0.0	0.0
0.100457	0.00142763000	267.510816	0.0	0.0
0.101458	0.00147086000	267.373124	0.0	0.0
0.102469	0.00151540000	267.235106	0.0	0.0
0.103490	0.00156129000	267.096887	0.0	0.0
0.104521	0.00160856000	266.958266	0.0	0.0
0.105562	0.00165726000	266.819294	0.0	0.0
0.106614	0.00170743000	266.679996	0.0	0.0
0.107676	0.00175912000	266.540270	0.0	0.0
0.108749	0.00181236000	266.400191	0.0	0.0
0.109832	0.00186722000	266.259835	0.0	0.0
0.110926	0.00192373000	266.118951	0.0	0.0
0.112031	0.00198196000	265.977689	0.0	0.0
0.113148	0.00204194000	265.836023	0.0	0.0
0.114275	0.00210373000	265.693828	0.0	0.0
0.115413	0.00216738000	265.551180	0.0	0.0
0.116563	0.00223296000	265.408177	0.0	0.0
0.117724	0.00230053000	265.264569	0.0	0.0
0.118897	0.00237013000	265.120456	0.0	0.0
0.120082	0.00244183000	264.975813	0.0	0.0
0.121278	0.00251570000	264.830715	0.0	0.0
0.122486	0.00259180000	264.684935	0.0	0.0
0.123707	0.00267020000	264.538650	0.0	0.0
0.124939	0.00275096000	264.391783	0.0	0.0
0.126184	0.00283416000	264.244334	0.0	0.0
0.127441	0.00291988000	264.096253	0.0	0.0
0.128711	0.00300819000	263.947590	0.0	0.0
0.129993	0.00309916000	263.798243	0.0	0.0
0.131288	0.00319287000	263.648264	0.0	0.0
0.132596	0.00328942000	263.497576	0.0	0.0
0.133917	0.00338888000	263.346105	0.0	0.0
0.135251	0.00349134000	263.194099	0.0	0.0
0.136599	0.00359690000	263.041260	0.0	0.0
0.137960	0.00370564000	262.887660	0.0	0.0
0.139334	0.00381767000	262.733325	0.0	0.0
0.140722	0.00393308000	262.578255	0.0	0.0
0.142124	0.00405197000	262.422424	0.0	0.0
0.143540	0.00417445000	262.265631	0.0	0.0
0.144970	0.00430062000	262.108152	0.0	0.0
0.146414	0.00443061000	261.949787	0.0	0.0
0.147873	0.00456451000	261.790559	0.0	0.0
0.149346	0.00470246000	261.630468	0.0	0.0
0.150834	0.00484457000	261.469465	0.0	0.0
0.152337	0.00499097000	261.307572	0.0	0.0
0.153855	0.00514179000	261.144767	0.0	0.0
0.155387	0.00529715000	260.980997	0.0	0.0
0.156935	0.00545721000	260.816187	0.0	0.0
0.158499	0.00562209000	260.650413	0.0	0.0
0.160078	0.00579195000	260.483698	0.0	0.0
0.161673	0.00596693000	260.315967	0.0	0.0
0.163284	0.00614719000	260.147171	0.0	0.0
0.164910	0.00633289000	259.977257	0.0	0.0
0.166553	0.00652419000	259.806327	0.0	0.0
0.168213	0.00672125000	259.634255	0.0	0.0
0.169888	0.00692427000	259.461189	0.0	0.0
0.171581	0.00713340000	259.286830	0.0	0.0
0.173290	0.00734884000	259.111353	0.0	0.0
0.175017	0.00757077000	258.934806	0.0	0.0
0.176760	0.00779940000	258.756991	0.0	0.0
0.178521	0.00803492000	258.577880	0.0	0.0
0.180300	0.00827754000	258.397623	0.0	0.0
0.182096	0.00852747000	258.216046	0.0	0.0
0.183910	0.00878494000	258.033272	0.0	0.0
0.185743	0.00905017000	257.849101	0.0	0.0
0.187593	0.00932339000	257.663734	0.0	0.0
0.189462	0.00960485000	257.476918	0.0	0.0
0.191350	0.00989478000	257.288729	0.0	0.0
0.193256	0.01019350000	257.099167	0.0	0.0
0.195181	0.01050110000	256.908230	0.0	0.0
0.197126	0.01081810000	256.715819	0.0	0.0
0.199090	0.01114450000	256.521907	0.0	0.0
0.201073	0.01148090000	256.326645	0.0	0.0
0.203077	0.01182730000	256.129757	0.0	0.0
0.205100	0.01218420000	255.931417	0.0	0.0
0.207143	0.01255180000	255.731474	0.0	0.0
0.209207	0.01293050000	255.529954	0.0	0.0
0.211291	0.01332060000	255.326806	0.0	0.0
0.213396	0.01372240000	255.122129	0.0	0.0
0.215522	0.01413630000	254.915723	0.0	0.0
0.217669	0.01456270000	254.707662	0.0	0.0
0.219838	0.01500190000	254.497870	0.0	0.0
0.222028	0.01545430000	254.286447	0.0	0.0
0.224240	0.01592030000	254.073118	0.0	0.0
0.226474	0.01640030000	253.858132	0.0	0.0
0.228730	0.01689480000	253.641264	0.0	0.0
0.231009	0.01740410000	253.422561	0.0	0.0
0.233311	0.01792870000	253.202076	0.0	0.0
0.235635	0.01846910000	252.979555	0.0	0.0
0.237983	0.01902580000	252.755250	0.0	0.0
0.240354	0.01959910000	252.528959	0.0	0.0
0.242748	0.02018970000	252.300607	0.0	0.0
0.245167	0.02079800000	252.070344	0.0	0.0
0.247609	0.02142450000	251.837943	0.0	0.0
0.250076	0.02206990000	251.603578	0.0	0.0
0.252567	0.02273460000	251.367076	0.0	0.0
0.255084	0.02341930000	251.128409	0.0	0.0
0.257625	0.02412450000	250.887577	0.0	0.0
0.260192	0.02485080000	250.644579	0.0	0.0
0.262784	0.02559890000	250.399315	0.0	0.0
0.265402	0.02636940000	250.151859	0.0	0.0
0.268046	0.02716300000	249.902036	0.0	0.0
0.270716	0.02798030000	249.649920	0.0	0.0
0.273413	0.02882210000	249.395409	0.0	0.0
0.276137	0.02968910000	249.138529	0.0	0.0
0.278888	0.03058210000	248.879279	0.0	0.0
0.281667	0.03150170000	248.617508	0.0	0.0
0.284473	0.03244880000	248.353290	0.0	0.0
0.287307	0.03342430000	248.086474	0.0	0.0
0.290170	0.03442880000	247.817036	0.0	0.0
0.293060	0.03546330000	247.545074	0.0	0.0
0.295980	0.03652870000	247.270437	0.0	0.0
0.298929	0.03762590000	246.993074	0.0	0.0
0.301907	0.03875580000	246.713011	0.0	0.0
0.304915	0.03991930000	246.430171	0.0	0.0
0.307953	0.04111750000	246.144553	0.0	0.0
0.311021	0.04235130000	245.856007	0.0	0.0
0.314119	0.04362190000	245.564631	0.0	0.0
0.317249	0.04493020000	245.270301	0.0	0.0
0.320409	0.04627740000	244.973065	0.0	0.0
0.323602	0.04766450000	244.672747	0.0	0.0
0.326825	0.04909290000	244.369372	0.0	0.0
0.330082	0.05056350000	244.062964	0.0	0.0
0.333370	0.05207780000	243.753372	0.0	0.0
0.336691	0.05363680000	243.440595	0.0	0.0
0.340046	0.05524200000	243.124582	0.0	0.0
0.343433	0.05689460000	242.805257	0.0	0.0
0.346855	0.05859610000	242.482671	0.0	0.0
0.350311	0.06034770000	242.156621	0.0	0.0
0.353801	0.06215090000	241.827306	0.0	0.0
0.357325	0.06400730000	241.494377	0.0	0.0
0.360885	0.06591830000	241.158032	0.0	0.0
0.364481	0.06788540000	240.818070	0.0	0.0
0.368112	0.06991030000	240.474465	0.0	0.0
0.371779	0.07199460000	240.127217	0.0	0.0
0.375483	0.07413990000	239.776299	0.0	0.0
0.379224	0.07634800000	239.421510	0.0	0.0
0.383002	0.07862060000	239.063050	0.0	0.0
0.386818	0.08095950000	238.700617	0.0	0.0
0.390672	0.08336660000	238.334361	0.0	0.0
0.394564	0.08584380000	237.964030	0.0	0.0
0.398495	0.08839290000	237.589674	0.0	0.0
0.402465	0.09101600000	237.211316	0.0	0.0
0.406474	0.09371510000	236.828831	0.0	0.0
0.410524	0.09649220000	236.442043	0.0	0.0
0.414614	0.09934950000	236.051125	0.0	0.0
0.418745	0.10228900000	235.655901	0.0	0.0
0.422916	0.10531300000	235.256247	0.0	0.0
0.427130	0.10842400000	234.852284	0.0	0.0
0.431385	0.11162500000	234.443812	0.0	0.0
0.435683	0.11491600000	234.030706	0.0	0.0
0.440024	0.11830200000	233.613214	0.0	0.0
0.444407	0.12178400000	233.190910	0.0	0.0
0.448835	0.12536500000	232.764018	0.0	0.0
0.453307	0.12904800000	232.332461	0.0	0.0
0.457823	0.13283400000	231.895989	0.0	0.0
0.462384	0.13672700000	231.454676	0.0	0.0
0.466990	0.14073000000	231.008470	0.0	0.0
0.471643	0.14484500000	230.557245	0.0	0.0
0.476342	0.14907500000	230.101000	0.0	0.0
0.481087	0.15342300000	229.639709	0.0	0.0
0.485880	0.15789200000	229.173345	0.0	0.0
0.490721	0.16248400000	228.701658	0.0	0.0
0.495610	0.16720300000	228.224721	0.0	0.0
0.500547	0.17205200000	227.742632	0.0	0.0
0.505534	0.17703400000	227.255041	0.0	0.0
0.510571	0.18215200000	226.762097	0.0	0.0
0.515657	0.18740900000	226.263697	0.0	0.0
0.520795	0.19280800000	225.759817	0.0	0.0
0.525983	0.19835300000	225.250328	0.0	0.0
0.531224	0.20404700000	224.735306	0.0	0.0
0.536516	0.20989300000	224.214499	0.0	0.0
0.541861	0.21589400000	223.688155	0.0	0.0
0.547260	0.22205500000	223.155973	0.0	0.0
0.552712	0.22837700000	222.617977	0.0	0.0
0.558218	0.23486500000	222.074240	0.0	0.0
0.563780	0.24152200000	221.524586	0.0	0.0
0.569396	0.24835200000	220.969039	0.0	0.0
0.575069	0.25535700000	220.407621	0.0	0.0
0.580798	0.26254100000	219.840183	0.0	0.0
0.586585	0.26990800000	219.266771	0.0	0.0
0.592429	0.27746200000	218.687235	0.0	0.0
0.598331	0.28520400000	218.101798	0.0	0.0
0.604292	0.29314000000	217.510209	0.0	0.0
0.610312	0.30127100000	216.912617	0.0	0.0
0.616392	0.30960300000	216.308844	0.0	0.0
0.622533	0.31813700000	215.698988	0.0	0.0
0.628736	0.32687700000	215.083050	0.0	0.0
0.634999	0.33582600000	214.461002	0.0	0.0
0.641326	0.34498800000	213.832791	0.0	0.0
0.647715	0.35436500000	213.198468	0.0	0.0
0.654168	0.36396100000	212.558105	0.0	0.0
0.660685	0.37377800000	211.911550	0.0	0.0
0.667268	0.38381900000	211.259052	0.0	0.0
0.673915	0.39408800000	210.600484	0.0	0.0
0.680629	0.40458600000	209.935895	0.0	0.0
0.687410	0.41531600000	209.265258	0.0	0.0
0.694259	0.42628100000	208.588845	0.0	0.0
0.701175	0.43748300000	207.906406	0.0	0.0
0.708161	0.44892400000	207.218213	0.0	0.0
0.715216	0.46060600000	206.524240	0.0	0.0
0.722342	0.47253100000	205.824460	0.0	0.0
0.729538	0.48470000000	205.119121	0.0	0.0
0.736806	0.49711600000	204.408247	0.0	0.0
0.744147	0.50978000000	203.691885	0.0	0.0
0.751561	0.52269200000	202.970108	0.0	0.0
0.759048	0.53585500000	202.243015	0.0	0.0
0.766610	0.54926800000	201.510754	0.0	0.0
0.774248	0.56293300000	200.773448	0.0	0.0
0.781961	0.57684900000	200.031170	0.0	0.0
0.789752	0.59101700000	199.284118	0.0	0.0
0.797620	0.60543800000	198.532264	0.0	0.0
0.805566	0.62011100000	197.775883	0.0	0.0
0.813592	0.63503500000	197.015097	0.0	0.0
0.821698	0.65021100000	196.250103	0.0	0.0
0.829884	0.66563700000	195.480876	0.0	0.0
0.838152	0.68131200000	194.707837	0.0	0.0
0.846502	0.69723500000	193.930885	0.0	0.0
0.854936	0.71340500000	193.150492	0.0	0.0
0.863453	0.72982000000	192.366607	0.0	0.0
0.872055	0.74647800000	191.579502	0.0	0.0
0.880743	0.76337700000	190.789300	0.0	0.0
0.889518	0.78051500000	189.996324	0.0	0.0
0.898380	0.79789000000	189.200771	0.0	0.0
0.907330	0.81549800000	188.402765	0.0	0.0
0.916370	0.83333800000	187.602627	0.0	0.0
0.925499	0.85140600000	186.800357	0.0	0.0
0.934720	0.86970000000	185.996501	0.0	0.0
0.944032	0.88821500000	185.190957	0.0	0.0
0.953437	0.90694900000	184.384173	0.0	0.0
0.962936	0.92589800000	183.576271	0.0	0.0
0.972529	0.94505900000	182.767599	0.0	0.0
0.982218	0.96442800000	181.958254	0.0	0.0
0.992004	0.98400100000	181.148485	0.0	0.0
1.001887	1.00378000000	180.338663	0.0	0.0
1.011868	1.02375000000	179.528762	0.0	0.0
1.021949	1.04391000000	178.719402	0.0	0.0
1.032131	1.06426000000	177.910631	0.0	0.0
1.042414	1.08480000000	177.102648	0.0	0.0
1.052799	1.10552000000	176.295501	0.0	0.0
1.063288	1.12641000000	175.489784	0.0	0.0
1.073881	1.14748000000	174.685498	0.0	0.0
1.084580	1.16872000000	173.883038	0.0	0.0
1.095385	1.19012000000	173.082303	0.0	0.0
1.106298	1.21169000000	172.283888	0.0	0.0
1.117320	1.23342000000	171.487841	0.0	0.0
1.128451	1.25530000000	170.694262	0.0	0.0
1.139694	1.27733000000	169.903693	0.0	0.0
1.151048	1.29951000000	169.115986	0.0	0.0
1.162516	1.32184000000	168.331584	0.0	0.0
1.174097	1.34431000000	167.550339	0.0	0.0
1.185794	1.36691000000	166.772794	0.0	0.0
1.197608	1.38966000000	165.999095	0.0	0.0
1.209540	1.41254000000	165.229391	0.0	0.0
1.221590	1.43555000000	164.463682	0.0	0.0
1.233760	1.45870000000	163.702162	0.0	0.0
1.246052	1.48197000000	162.945225	0.0	0.0
1.258466	1.50537000000	162.192773	0.0	0.0
1.271004	1.52889000000	161.445100	0.0	0.0
1.283666	1.55254000000	160.702105	0.0	0.0
1.296455	1.57631000000	159.964332	0.0	0.0
1.309371	1.60020000000	159.231479	0.0	0.0
1.322416	1.62421000000	158.503943	0.0	0.0
1.335591	1.64834000000	157.781669	0.0	0.0
1.348897	1.67259000000	157.064907	0.0	0.0
1.362336	1.69696000000	156.353650	0.0	0.0
1.375908	1.72144000000	155.647798	0.0	0.0
1.389616	1.74605000000	154.947895	0.0	0.0
1.403460	1.77078000000	154.253639	0.0	0.0
1.417443	1.79562000000	153.565373	0.0	0.0
1.431564	1.82059000000	152.882849	0.0	0.0
1.445826	1.84568000000	152.206211	0.0	0.0
1.460231	1.87089000000	151.535852	0.0	0.0
1.474779	1.89622000000	150.871472	0.0	0.0
1.489471	1.92167000000	150.212920	0.0	0.0
1.504310	1.94726000000	149.560637	0.0	0.0
1.519297	1.97297000000	148.914471	0.0	0.0
1.534434	1.99880000000	148.274716	0.0	0.0
1.549721	2.02477000000	147.640973	0.0	0.0
1.565160	2.05087000000	147.013436	0.0	0.0
1.580753	2.07711000000	146.392100	0.0	0.0
1.596502	2.10348000000	145.777060	0.0	0.0
1.612408	2.12999000000	145.168363	0.0	0.0
1.628471	2.15664000000	144.565510	0.0	0.0
1.644695	2.18343000000	143.969090	0.0	0.0
1.661081	2.21038000000	143.379050	0.0	0.0
1.677630	2.23746000000	142.795038	0.0	0.0
1.694344	2.26471000000	142.217249	0.0	0.0
1.711224	2.29210000000	141.645430	0.0	0.0
1.728272	2.31965000000	141.079776	0.0	0.0
1.745491	2.34736000000	140.520428	0.0	0.0
1.762880	2.37523000000	139.966841	0.0	0.0
1.780443	2.40327000000	139.419403	0.0	0.0
1.798181	2.43148000000	138.878061	0.0	0.0
1.816096	2.45986000000	138.342711	0.0	0.0
1.834189	2.48842000000	137.813100	0.0	0.0
1.852463	2.51715000000	137.289571	0.0	0.0
1.870918	2.54607000000	136.771722	0.0	0.0
1.889558	2.57517000000	136.259845	0.0	0.0
1.908383	2.60447000000	135.753638	0.0	0.0
1.927396	2.63395000000	135.253144	0.0	0.0
1.946598	2.66364000000	134.758311	0.0	0.0
1.965991	2.69352000000	134.268933	0.0	0.0
1.985578	2.72361000000	133.785353	0.0	0.0
2.005359	2.75390000000	133.306970	0.0	0.0
2.025338	2.78441000000	132.834275	0.0	0.0
2.045516	2.81514000000	132.366914	0.0	0.0
2.065895	2.84608000000	131.904982	0.0	0.0
2.086477	2.87725000000	131.448375	0.0	0.0
2.107264	2.90866000000	130.996886	0.0	0.0
2.128258	2.94029000000	130.550612	0.0	0.0
2.149461	2.97216000000	130.109446	0.0	0.0
2.170875	3.00428000000	129.673284	0.0	0.0
2.192503	3.03664000000	129.242267	0.0	0.0
2.214346	3.06926000000	128.816144	0.0	0.0
2.236407	3.10213000000	128.394956	0.0	0.0
2.258688	3.13527000000	127.978798	0.0	0.0
2.281191	3.16867000000	127.567365	0.0	0.0
2.303917	3.20234000000	127.160405	0.0	0.0
2.326871	3.23629000000	126.758454	0.0	0.0
2.350052	3.27053000000	126.360765	0.0	0.0
2.373465	3.30505000000	125.967976	0.0	0.0
2.397111	3.33987000000	125.579633	0.0	0.0
2.420993	3.37498000000	125.195778	0.0	0.0
2.445113	3.41040000000	124.816407	0.0	0.0
2.469473	3.44613000000	124.441315	0.0	0.0
2.494075	3.48218000000	124.070396	0.0	0.0
2.518923	3.51854000000	123.703839	0.0	0.0
2.544018	3.55523000000	123.341493	0.0	0.0
2.569364	3.59226000000	122.983447	0.0	0.0
2.594961	3.62962000000	122.629101	0.0	0.0
2.620814	3.66732000000	122.279092	0.0	0.0
2.646925	3.70537000000	121.933214	0.0	0.0
2.673295	3.74377000000	121.590916	0.0	0.0
2.699928	3.78254000000	121.252586	0.0	0.0
2.726827	3.82166000000	120.918368	0.0	0.0
2.753994	3.86115000000	120.587856	0.0	0.0
2.781431	3.90102000000	120.260944	0.0	0.0
2.809141	3.94126000000	119.937675	0.0	0.0
2.837128	3.98189000000	119.618238	0.0	0.0
2.865393	4.02290000000	119.302182	0.0	0.0
2.893941	4.06429000000	118.990143	0.0	0.0
2.922772	4.10609000000	118.681121	0.0	0.0
2.951891	4.14827000000	118.375852	0.0	0.0
2.981300	4.19086000000	118.073933	0.0	0.0
3.011001	4.23385000000	117.775157	0.0	0.0
3.040999	4.27724000000	117.480063	0.0	0.0
3.071296	4.32104000000	117.188343	0.0	0.0
3.101894	4.36525000000	116.899595	0.0	0.0
3.132797	4.40987000000	116.614306	0.0	0.0
3.164008	4.45491000000	116.331219	0.0	0.0
3.195530	4.50036000000	116.052077	0.0	0.0
3.227367	4.54622000000	115.775869	0.0	0.0
3.259520	4.59250000000	115.502843	0.0	0.0
3.291993	4.63920000000	115.232988	0.0	0.0
3.324791	4.68632000000	114.965541	0.0	0.0
3.357915	4.73386000000	114.701750	0.0	0.0
3.391368	4.78183000000	114.440357	0.0	0.0
3.425156	4.83022000000	114.181846	0.0	0.0
3.459279	4.87904000000	113.926217	0.0	0.0
3.493743	4.92829000000	113.673956	0.0	0.0
3.528550	4.97797000000	113.423556	0.0	0.0
3.563704	5.02809000000	113.176007	0.0	0.0
3.599208	5.07866000000	112.931051	0.0	0.0
3.635066	5.12967000000	112.689679	0.0	0.0
3.671281	5.18114000000	112.449632	0.0	0.0
3.707857	5.23307000000	112.212900	0.0	0.0
3.744797	5.28547000000	111.978226	0.0	0.0
3.782106	5.33834000000	111.746845	0.0	0.0
3.819786	5.39171000000	111.517254	0.0	0.0
3.857841	5.44558000000	111.290442	0.0	0.0
3.896276	5.49995000000	111.065645	0.0	0.0
3.935093	5.55485000000	110.843359	0.0	0.0
3.974297	5.61029000000	110.623821	0.0	0.0
4.013892	5.66627000000	110.406020	0.0	0.0
4.053881	5.72282000000	110.190698	0.0	0.0
4.094269	5.77995000000	109.978093	0.0	0.0
4.135059	5.83767000000	109.767947	0.0	0.0
4.176255	5.89600000000	109.559250	0.0	0.0
4.217862	5.95496000000	109.353237	0.0	0.0
4.259883	6.01454000000	109.148653	0.0	0.0
4.302323	6.07478000000	108.946733	0.0	0.0
4.345186	6.13567000000	108.746468	0.0	0.0
4.388476	6.19724000000	108.548847	0.0	0.0
4.432197	6.25948000000	108.353860	0.0	0.0
4.476353	6.32241000000	108.159496	0.0	0.0
4.520950	6.38602000000	107.968240	0.0	0.0
4.565991	6.45032000000	107.777833	0.0	0.0
4.611480	6.51530000000	107.590267	0.0	0.0
4.657423	6.58098000000	107.404024	0.0	0.0
4.703824	6.64733000000	107.220096	0.0	0.0
4.750687	6.71436000000	107.038471	0.0	0.0
4.798016	6.78205000000	106.858139	0.0	0.0
4.845817	6.85039000000	106.679584	0.0	0.0
4.894095	6.91938000000	106.503044	0.0	0.0
4.942853	6.98900000000	106.328261	0.0	0.0
4.992097	7.05923000000	106.154719	0.0	0.0
5.041832	7.13008000000	105.983655	0.0	0.0
5.092062	7.20153000000	105.814059	0.0	0.0
5.142793	7.27357000000	105.646416	0.0	0.0
5.194029	7.34620000000	105.479715	0.0	0.0
5.245776	7.41943000000	105.315440	0.0	0.0
5.298038	7.49325000000	105.152582	0.0	0.0
5.350821	7.56769000000	104.991624	0.0	0.0
5.404129	7.64275000000	104.831556	0.0	0.0
5.457969	7.71846000000	104.674110	0.0	0.0
5.512345	7.79484000000	104.517276	0.0	0.0
5.567263	7.87194000000	104.362539	0.0	0.0
5.622728	7.94977000000	104.209134	0.0	0.0
5.678746	8.02839000000	104.056548	0.0	0.0
5.735321	8.10784000000	103.905769	0.0	0.0
5.792460	8.18816000000	103.757529	0.0	0.0
5.850169	8.26939000000	103.609312	0.0	0.0
5.908453	8.35157000000	103.463357	0.0	0.0
5.967317	8.43473000000	103.318899	0.0	0.0
6.026767	8.51891000000	103.175423	0.0	0.0
6.086810	8.60411000000	103.033662	0.0	0.0
6.147451	8.69036000000	102.892852	0.0	0.0
6.208696	8.77765000000	102.754477	0.0	0.0
6.270552	8.86597000000	102.616270	0.0	0.0
6.333023	8.95530000000	102.480220	0.0	0.0
6.396117	9.04559000000	102.344307	0.0	0.0
6.459840	9.13682000000	102.211014	0.0	0.0
6.524198	9.22893000000	102.078827	0.0	0.0
6.589196	9.32187000000	101.946982	0.0	0.0
6.654842	9.41559000000	101.816459	0.0	0.0
6.721143	9.51004000000	101.687990	0.0	0.0
6.788103	9.60519000000	101.560563	0.0	0.0
6.855731	9.70101000000	101.433407	0.0	0.0
6.924033	9.79748000000	101.309005	0.0	0.0
6.993015	9.89463000000	101.184841	0.0	0.0
7.062684	9.99247000000	101.061648	0.0	0.0
7.133048	10.09110000000	100.939406	0.0	0.0
7.204112	10.19050000000	100.819350	0.0	0.0
7.275884	10.29080000000	100.699460	0.0	0.0
7.348372	10.39220000000	100.580717	0.0	0.0
7.421582	10.49460000000	100.463603	0.0	0.0
7.495521	10.59830000000	100.347851	0.0	0.0
7.570196	10.70330000000	100.232192	0.0	0.0
7.645616	10.80970000000	100.117855	0.0	0.0
7.721787	10.91760000000	100.005322	0.0	0.0
7.798717	11.02700000000	99.892573	0.0	0.0
7.876413	11.13790000000	99.781340	0.0	0.0
7.954883	11.25020000000	99.671603	0.0	0.0
8.034135	11.36380000000	99.562340	0.0	0.0
8.114177	11.47870000000	99.454532	0.0	0.0
8.195016	11.59460000000	99.346909	0.0	0.0
8.276661	11.71160000000	99.240698	0.0	0.0
8.359119	11.82930000000	99.135632	0.0	0.0
8.442398	11.94780000000	99.031689	0.0	0.0
8.526507	12.06690000000	98.928097	0.0	0.0
8.611454	12.18660000000	98.825834	0.0	0.0
8.697247	12.30690000000	98.723880	0.0	0.0
8.783896	12.42800000000	98.623709	0.0	0.0
8.871407	12.55010000000	98.523806	0.0	0.0
8.959790	12.67320000000	98.424644	0.0	0.0
9.049054	12.79770000000	98.326450	0.0	0.0
9.139207	12.92370000000	98.229204	0.0	0.0
9.230258	13.05160000000	98.133132	0.0	0.0
9.322216	13.18140000000	98.037461	0.0	0.0
9.415091	13.31320000000	97.942664	0.0	0.0
9.508890	13.44710000000	97.848475	0.0	0.0
9.603625	13.58300000000	97.755861	0.0	0.0
9.699303	13.72060000000	97.663555	0.0	0.0
9.795934	13.85960000000	97.572031	0.0	0.0
9.893528	13.99990000000	97.480762	0.0	0.0
9.992094	14.14090000000	97.390977	0.0	0.0
10.091640	14.28260000000	97.300652	0.0	0.0
10.192180	14.42480000000	97.212254	0.0	0.0
10.293720	14.56740000000	97.124265	0.0	0.0
10.396280	14.71050000000	97.038635	0.0	0.0
10.499850	14.85460000000	96.950889	0.0	0.0
10.604460	14.99980000000	96.866449	0.0	0.0
10.710110	15.14680000000	96.781315	0.0	0.0
10.816810	15.29590000000	96.695962	0.0	0.0
10.924570	15.44760000000	96.611864	0.0	0.0
11.033410	15.60200000000	96.528968	0.0	0.0
11.143340	15.75920000000	96.448749	0.0	0.0
11.254350	15.91890000000	96.364734	0.0	0.0
11.366480	16.08070000000	96.285817	0.0	0.0
11.479720	16.24400000000	96.204525	0.0	0.0
11.594090	16.40830000000	96.124807	0.0	0.0
11.709600	16.57290000000	96.046136	0.0	0.0
11.826250	16.73760000000	95.965512	0.0	0.0
11.944080	16.90240000000	95.889833	0.0	0.0
12.063070	17.06770000000	95.811149	0.0	0.0
12.183250	17.23400000000	95.733882	0.0	0.0
12.304630	17.40230000000	95.658508	0.0	0.0
12.427220	17.57330000000	95.583500	0.0	0.0
12.551030	17.74770000000	95.508332	0.0	0.0
12.676070	17.92580000000	95.433479	0.0	0.0
12.802360	18.10740000000	95.359888	0.0	0.0
12.929900	18.29200000000	95.284559	0.0	0.0
13.058720	18.47840000000	95.212915	0.0	0.0
13.188820	18.66550000000	95.139956	0.0	0.0
13.320220	18.85250000000	95.069630	0.0	0.0
13.452920	19.03880000000	94.996937	0.0	0.0
13.586950	19.22480000000	94.926299	0.0	0.0
13.722310	19.41140000000	94.855717	0.0	0.0
13.859020	19.60010000000	94.785138	0.0	0.0
13.997100	19.79260000000	94.717511	0.0	0.0
14.136540	19.98990000000	94.646361	0.0	0.0
14.277380	20.19230000000	94.577586	0.0	0.0
14.419620	20.39890000000	94.510184	0.0	0.0
14.563280	20.60780000000	94.442105	0.0	0.0
14.708370	20.81650000000	94.375822	0.0	0.0
14.854910	21.02330000000	94.310283	0.0	0.0
15.002900	21.22780000000	94.242489	0.0	0.0
15.152370	21.43200000000	94.176862	0.0	0.0
15.303330	21.63970000000	94.111875	0.0	0.0
15.455790	21.85520000000	94.046004	0.0	0.0
15.609770	22.08050000000	93.981196	0.0	0.0
15.765290	22.31060000000	93.917399	0.0	0.0
15.922350	22.52920000000	93.852614	0.0	0.0
16.080980	22.70500000000	93.789262	0.0	0.0
16.241190	22.78950000000	93.725818	0.0	0.0
16.403000	22.71940000000	93.664230	0.0	0.0
16.566420	22.42220000000	93.602972	0.0	0.0
16.731460	21.82650000000	93.538519	0.0	0.0
16.898160	20.87490000000	93.479766	0.0	0.0
17.066510	19.53770000000	93.418239	0.0	0.0
17.236540	17.82340000000	93.357361	0.0	0.0
17.408260	15.78400000000	93.296607	0.0	0.0
17.581690	13.51340000000	93.234923	0.0	0.0
17.756850	11.13640000000	93.175259	0.0	0.0
17.933760	8.79260000000	93.116562	0.0	0.0
18.112430	6.61570000000	93.057306	0.0	0.0
18.292880	4.71427000000	92.998441	0.0	0.0
18.475120	3.15738000000	92.938439	0.0	0.0
18.659180	1.96835000000	92.878724	0.0	0.0
18.845080	1.12753000000	92.822243	0.0	0.0
19.032830	0.58280800000	92.764470	0.0	0.0
19.222450	0.26451100000	92.707354	0.0	0.0
19.413950	0.10076800000	92.648369	0.0	0.0
19.607370	0.02956250000	92.592412	0.0	0.0
19.802710	0.00537126000	92.534481	0.0	0.0
20.000000	0.00013177700	92.478000	0.0	0.0
