# UNCLASSIFIED                                                          
#                                                                       
# Response info for BVAR broadband BVA0 site.     
#                                               
# Effective: 06 July 2002                                       
# Creation date: 26 May 2005
# File name: BVAR_BB_rsp.txt
#                       
# Source: James Neely (CTI)                                     
# System equipment: Guralp CMG-3TB seismometer and Nanometrics_HRD24 digitizer. 
#                                                                       
# The response file was derived from equations of state.
# Displacement response normalized to 1.0 at 1.0 Hz.   
#                                                                       
# The calib values for this configuration are:
#
# BVA0 BHZ is 0.016390 nm/count at 1.0 Hz.
# BVA0 BHN is 0.016160 nm/count at 1.0 Hz.
# BVA0 BHE is 0.016140 nm/count at 1.0 Hz.
#                                                                       
# Freq(Hz)      Amp(cnts/nm)    Phase(deg)   Error(amp) Error(phase)    
#                               
	theoretical     0       instrument      fap
1000
0.001000	0.000001435	344.513980	0.0	0.0
0.001010	0.000001493	344.359155	0.0	0.0
0.001020	0.000001554	344.202764	0.0	0.0
0.001030	0.000001616	344.044799	0.0	0.0
0.001040	0.000001681	343.885248	0.0	0.0
0.001051	0.000001749	343.724082	0.0	0.0
0.001061	0.000001820	343.561303	0.0	0.0
0.001072	0.000001893	343.396878	0.0	0.0
0.001083	0.000001970	343.230790	0.0	0.0
0.001093	0.000002049	343.063039	0.0	0.0
0.001104	0.000002132	342.893584	0.0	0.0
0.001115	0.000002218	342.722425	0.0	0.0
0.001126	0.000002307	342.549544	0.0	0.0
0.001138	0.000002400	342.374911	0.0	0.0
0.001149	0.000002497	342.198524	0.0	0.0
0.001160	0.000002597	342.020346	0.0	0.0
0.001172	0.000002702	341.840376	0.0	0.0
0.001184	0.000002811	341.658585	0.0	0.0
0.001195	0.000002924	341.474952	0.0	0.0
0.001207	0.000003042	341.289469	0.0	0.0
0.001219	0.000003165	341.102114	0.0	0.0
0.001231	0.000003292	340.912860	0.0	0.0
0.001244	0.000003425	340.721685	0.0	0.0
0.001256	0.000003563	340.528581	0.0	0.0
0.001269	0.000003706	340.333527	0.0	0.0
0.001281	0.000003855	340.136494	0.0	0.0
0.001294	0.000004011	339.937472	0.0	0.0
0.001307	0.000004172	339.736421	0.0	0.0
0.001320	0.000004340	339.533343	0.0	0.0
0.001333	0.000004515	339.328206	0.0	0.0
0.001346	0.000004697	339.120992	0.0	0.0
0.001360	0.000004886	338.911671	0.0	0.0
0.001373	0.000005082	338.700222	0.0	0.0
0.001387	0.000005287	338.486627	0.0	0.0
0.001401	0.000005499	338.270876	0.0	0.0
0.001415	0.000005721	338.052919	0.0	0.0
0.001429	0.000005951	337.832756	0.0	0.0
0.001443	0.000006190	337.610358	0.0	0.0
0.001457	0.000006439	337.385695	0.0	0.0
0.001472	0.000006698	337.158748	0.0	0.0
0.001487	0.000006967	336.929486	0.0	0.0
0.001501	0.000007248	336.697900	0.0	0.0
0.001516	0.000007539	336.463951	0.0	0.0
0.001532	0.000007842	336.227619	0.0	0.0
0.001547	0.000008157	335.988884	0.0	0.0
0.001562	0.000008485	335.747707	0.0	0.0
0.001578	0.000008826	335.504078	0.0	0.0
0.001593	0.000009180	335.257957	0.0	0.0
0.001609	0.000009549	335.009324	0.0	0.0
0.001625	0.000009932	334.758161	0.0	0.0
0.001642	0.000010331	334.504428	0.0	0.0
0.001658	0.000010746	334.248094	0.0	0.0
0.001674	0.000011177	333.989151	0.0	0.0
0.001691	0.000011626	333.727558	0.0	0.0
0.001708	0.000012092	333.463287	0.0	0.0
0.001725	0.000012577	333.196306	0.0	0.0
0.001742	0.000013082	332.926588	0.0	0.0
0.001760	0.000013607	332.654123	0.0	0.0
0.001777	0.000014152	332.378850	0.0	0.0
0.001795	0.000014720	332.100760	0.0	0.0
0.001813	0.000015309	331.819814	0.0	0.0
0.001831	0.000015923	331.535982	0.0	0.0
0.001849	0.000016561	331.249235	0.0	0.0
0.001867	0.000017224	330.959552	0.0	0.0
0.001886	0.000017914	330.666875	0.0	0.0
0.001905	0.000018631	330.371204	0.0	0.0
0.001924	0.000019377	330.072479	0.0	0.0
0.001943	0.000020152	329.770681	0.0	0.0
0.001962	0.000020959	329.465770	0.0	0.0
0.001982	0.000021797	329.157727	0.0	0.0
0.002002	0.000022669	328.846501	0.0	0.0
0.002022	0.000023575	328.532055	0.0	0.0
0.002042	0.000024517	328.214378	0.0	0.0
0.002062	0.000025497	327.893410	0.0	0.0
0.002083	0.000026515	327.569133	0.0	0.0
0.002103	0.000027574	327.241496	0.0	0.0
0.002124	0.000028675	326.910470	0.0	0.0
0.002145	0.000029820	326.576017	0.0	0.0
0.002167	0.000031010	326.238105	0.0	0.0
0.002188	0.000032246	325.896686	0.0	0.0
0.002210	0.000033532	325.551730	0.0	0.0
0.002232	0.000034869	325.203197	0.0	0.0
0.002254	0.000036258	324.851050	0.0	0.0
0.002277	0.000037703	324.495236	0.0	0.0
0.002300	0.000039204	324.135729	0.0	0.0
0.002322	0.000040765	323.772487	0.0	0.0
0.002346	0.000042387	323.405461	0.0	0.0
0.002369	0.000044073	323.034623	0.0	0.0
0.002393	0.000045825	322.659912	0.0	0.0
0.002416	0.000047646	322.281310	0.0	0.0
0.002441	0.000049539	321.898756	0.0	0.0
0.002465	0.000051506	321.512202	0.0	0.0
0.002489	0.000053551	321.121627	0.0	0.0
0.002514	0.000055676	320.726963	0.0	0.0
0.002539	0.000057884	320.328180	0.0	0.0
0.002565	0.000060178	319.925229	0.0	0.0
0.002590	0.000062562	319.518070	0.0	0.0
0.002616	0.000065040	319.106644	0.0	0.0
0.002642	0.000067614	318.690912	0.0	0.0
0.002668	0.000070289	318.270824	0.0	0.0
0.002695	0.000073068	317.846331	0.0	0.0
0.002722	0.000075956	317.417394	0.0	0.0
0.002749	0.000078956	316.983962	0.0	0.0
0.002776	0.000082073	316.545968	0.0	0.0
0.002804	0.000085310	316.103391	0.0	0.0
0.002832	0.000088674	315.656162	0.0	0.0
0.002860	0.000092167	315.204232	0.0	0.0
0.002888	0.000095797	314.747551	0.0	0.0
0.002917	0.000099566	314.286081	0.0	0.0
0.002946	0.000103481	313.819752	0.0	0.0
0.002976	0.000107548	313.348514	0.0	0.0
0.003005	0.000111771	312.872319	0.0	0.0
0.003035	0.000116156	312.391117	0.0	0.0
0.003066	0.000120711	311.904848	0.0	0.0
0.003096	0.000125440	311.413464	0.0	0.0
0.003127	0.000130350	310.916906	0.0	0.0
0.003158	0.000135449	310.415113	0.0	0.0
0.003190	0.000140743	309.908037	0.0	0.0
0.003221	0.000146238	309.395629	0.0	0.0
0.003253	0.000151943	308.877819	0.0	0.0
0.003286	0.000157866	308.354558	0.0	0.0
0.003319	0.000164013	307.825797	0.0	0.0
0.003352	0.000170393	307.291457	0.0	0.0
0.003385	0.000177016	306.751508	0.0	0.0
0.003419	0.000183888	306.205872	0.0	0.0
0.003453	0.000191019	305.654498	0.0	0.0
0.003487	0.000198420	305.097329	0.0	0.0
0.003522	0.000206098	304.534305	0.0	0.0
0.003557	0.000214064	303.965375	0.0	0.0
0.003592	0.000222328	303.390473	0.0	0.0
0.003628	0.000230901	302.809538	0.0	0.0
0.003664	0.000239793	302.222521	0.0	0.0
0.003701	0.000249016	301.629363	0.0	0.0
0.003738	0.000258581	301.030005	0.0	0.0
0.003775	0.000268500	300.424378	0.0	0.0
0.003813	0.000278784	299.812443	0.0	0.0
0.003851	0.000289447	299.194131	0.0	0.0
0.003889	0.000300501	298.569382	0.0	0.0
0.003928	0.000311960	297.938148	0.0	0.0
0.003967	0.000323837	297.300369	0.0	0.0
0.004006	0.000336146	296.655987	0.0	0.0
0.004046	0.000348902	296.004952	0.0	0.0
0.004087	0.000362119	295.347205	0.0	0.0
0.004127	0.000375812	294.682698	0.0	0.0
0.004168	0.000389997	294.011371	0.0	0.0
0.004210	0.000404690	293.333176	0.0	0.0
0.004252	0.000419906	292.648063	0.0	0.0
0.004294	0.000435664	291.955983	0.0	0.0
0.004337	0.000451979	291.256888	0.0	0.0
0.004380	0.000468869	290.550718	0.0	0.0
0.004424	0.000486352	289.837444	0.0	0.0
0.004468	0.000504447	289.117019	0.0	0.0
0.004512	0.000523172	288.389402	0.0	0.0
0.004557	0.000542545	287.654544	0.0	0.0
0.004603	0.000562587	286.912408	0.0	0.0
0.004649	0.000583316	286.162963	0.0	0.0
0.004695	0.000604754	285.406171	0.0	0.0
0.004742	0.000626921	284.642004	0.0	0.0
0.004789	0.000649836	283.870432	0.0	0.0
0.004837	0.000673523	283.091436	0.0	0.0
0.004885	0.000698001	282.304977	0.0	0.0
0.004934	0.000723293	281.511038	0.0	0.0
0.004983	0.000749421	280.709609	0.0	0.0
0.005032	0.000776407	279.900680	0.0	0.0
0.005082	0.000804273	279.084224	0.0	0.0
0.005133	0.000833043	278.260252	0.0	0.0
0.005184	0.000862739	277.428755	0.0	0.0
0.005236	0.000893385	276.589733	0.0	0.0
0.005288	0.000925004	275.743189	0.0	0.0
0.005341	0.000957620	274.889143	0.0	0.0
0.005394	0.000991255	274.027607	0.0	0.0
0.005448	0.001025930	273.158603	0.0	0.0
0.005502	0.001061680	272.282141	0.0	0.0
0.005557	0.001098520	271.398272	0.0	0.0
0.005612	0.001136470	270.507019	0.0	0.0
0.005668	0.001175560	269.608422	0.0	0.0
0.005725	0.001215810	268.702543	0.0	0.0
0.005782	0.001257250	267.789424	0.0	0.0
0.005839	0.001299890	266.869124	0.0	0.0
0.005897	0.001343770	265.941707	0.0	0.0
0.005956	0.001388890	265.007253	0.0	0.0
0.006015	0.001435300	264.065844	0.0	0.0
0.006075	0.001483000	263.117551	0.0	0.0
0.006136	0.001532020	262.162476	0.0	0.0
0.006197	0.001582380	261.200701	0.0	0.0
0.006259	0.001634100	260.232375	0.0	0.0
0.006321	0.001687200	259.257602	0.0	0.0
0.006384	0.001741700	258.276383	0.0	0.0
0.006448	0.001797620	257.289019	0.0	0.0
0.006512	0.001854980	256.295612	0.0	0.0
0.006577	0.001913790	255.296163	0.0	0.0
0.006642	0.001974060	254.290974	0.0	0.0
0.006708	0.002035830	253.280146	0.0	0.0
0.006775	0.002099090	252.263882	0.0	0.0
0.006843	0.002163870	251.242282	0.0	0.0
0.006911	0.002230170	250.215549	0.0	0.0
0.006980	0.002298020	249.183983	0.0	0.0
0.007049	0.002367410	248.147588	0.0	0.0
0.007120	0.002438360	247.106563	0.0	0.0
0.007191	0.002510890	246.061312	0.0	0.0
0.007262	0.002584980	245.011836	0.0	0.0
0.007335	0.002660660	243.958537	0.0	0.0
0.007408	0.002737930	242.901515	0.0	0.0
0.007481	0.002816790	241.840974	0.0	0.0
0.007556	0.002897250	240.777215	0.0	0.0
0.007631	0.002979310	239.710439	0.0	0.0
0.007707	0.003062960	238.640949	0.0	0.0
0.007784	0.003148220	237.568946	0.0	0.0
0.007862	0.003235080	236.494633	0.0	0.0
0.007940	0.003323530	235.418311	0.0	0.0
0.008019	0.003413580	234.340282	0.0	0.0
0.008099	0.003505220	233.260648	0.0	0.0
0.008180	0.003598440	232.179810	0.0	0.0
0.008261	0.003693250	231.098072	0.0	0.0
0.008343	0.003789630	230.015534	0.0	0.0
0.008426	0.003887570	228.932600	0.0	0.0
0.008510	0.003987070	227.849370	0.0	0.0
0.008595	0.004088120	226.766247	0.0	0.0
0.008681	0.004190710	225.683533	0.0	0.0
0.008767	0.004294830	224.601331	0.0	0.0
0.008855	0.004400470	223.519941	0.0	0.0
0.008943	0.004507620	222.439767	0.0	0.0
0.009032	0.004616260	221.360910	0.0	0.0
0.009122	0.004726380	220.283573	0.0	0.0
0.009213	0.004837970	219.208157	0.0	0.0
0.009305	0.004951030	218.134866	0.0	0.0
0.009397	0.005065530	217.063900	0.0	0.0
0.009491	0.005181460	215.995464	0.0	0.0
0.009586	0.005298810	214.929858	0.0	0.0
0.009681	0.005417570	213.867385	0.0	0.0
0.009777	0.005537720	212.808047	0.0	0.0
0.009875	0.005659260	211.752248	0.0	0.0
0.009973	0.005782160	210.700088	0.0	0.0
0.010073	0.005906420	209.651772	0.0	0.0
0.010173	0.006032020	208.607599	0.0	0.0
0.010274	0.006158960	207.567674	0.0	0.0
0.010377	0.006287210	206.532199	0.0	0.0
0.010480	0.006416780	205.501377	0.0	0.0
0.010584	0.006547650	204.475409	0.0	0.0
0.010690	0.006679800	203.454298	0.0	0.0
0.010796	0.006813240	202.438347	0.0	0.0
0.010904	0.006947940	201.427759	0.0	0.0
0.011013	0.007083910	200.422535	0.0	0.0
0.011122	0.007221130	199.422881	0.0	0.0
0.011233	0.007359600	198.428896	0.0	0.0
0.011345	0.007499310	197.440684	0.0	0.0
0.011458	0.007640260	196.458449	0.0	0.0
0.011572	0.007782430	195.482190	0.0	0.0
0.011688	0.007925830	194.512114	0.0	0.0
0.011804	0.008070450	193.548223	0.0	0.0
0.011922	0.008216290	192.590718	0.0	0.0
0.012040	0.008363340	191.639603	0.0	0.0
0.012160	0.008511600	190.694982	0.0	0.0
0.012281	0.008661080	189.756856	0.0	0.0
0.012404	0.008811770	188.825427	0.0	0.0
0.012527	0.008963660	187.900602	0.0	0.0
0.012652	0.009116780	186.982578	0.0	0.0
0.012778	0.009271100	186.071364	0.0	0.0
0.012906	0.009426640	185.166862	0.0	0.0
0.013034	0.009583400	184.269272	0.0	0.0
0.013164	0.009741380	183.378600	0.0	0.0
0.013295	0.009900580	182.494848	0.0	0.0
0.013428	0.010061000	181.618018	0.0	0.0
0.013561	0.010222700	180.748116	0.0	0.0
0.013696	0.010385600	179.885244	0.0	0.0
0.013833	0.010549800	179.029403	0.0	0.0
0.013971	0.010715200	178.180498	0.0	0.0
0.014110	0.010881800	177.338635	0.0	0.0
0.014250	0.011049800	176.503714	0.0	0.0
0.014392	0.011219000	175.675841	0.0	0.0
0.014536	0.011389500	174.855015	0.0	0.0
0.014681	0.011561300	174.041045	0.0	0.0
0.014827	0.011734500	173.234131	0.0	0.0
0.014975	0.011908900	172.434178	0.0	0.0
0.015124	0.012084700	171.641187	0.0	0.0
0.015275	0.012261800	170.855067	0.0	0.0
0.015427	0.012440200	170.075815	0.0	0.0
0.015580	0.012620100	169.303439	0.0	0.0
0.015736	0.012801200	168.537945	0.0	0.0
0.015892	0.012983800	167.779331	0.0	0.0
0.016051	0.013167800	167.027404	0.0	0.0
0.016211	0.013353200	166.282267	0.0	0.0
0.016372	0.013540100	165.543824	0.0	0.0
0.016535	0.013728300	164.812079	0.0	0.0
0.016700	0.013918100	164.087035	0.0	0.0
0.016866	0.014109300	163.368599	0.0	0.0
0.017034	0.014302000	162.656671	0.0	0.0
0.017204	0.014496200	161.951259	0.0	0.0
0.017375	0.014692000	161.252465	0.0	0.0
0.017549	0.014889200	160.559994	0.0	0.0
0.017723	0.015088100	159.874049	0.0	0.0
0.017900	0.015288500	159.194334	0.0	0.0
0.018078	0.015490400	158.521055	0.0	0.0
0.018258	0.015694000	157.854016	0.0	0.0
0.018440	0.015899200	157.193222	0.0	0.0
0.018624	0.016106100	156.538574	0.0	0.0
0.018810	0.016314600	155.890081	0.0	0.0
0.018997	0.016524800	155.247643	0.0	0.0
0.019186	0.016736700	154.611368	0.0	0.0
0.019377	0.016950300	153.980960	0.0	0.0
0.019570	0.017165700	153.356623	0.0	0.0
0.019765	0.017382700	152.738160	0.0	0.0
0.019962	0.017601600	152.125480	0.0	0.0
0.020161	0.017822300	151.518685	0.0	0.0
0.020362	0.018044800	150.917680	0.0	0.0
0.020565	0.018269100	150.322369	0.0	0.0
0.020770	0.018495200	149.732659	0.0	0.0
0.020977	0.018723300	149.148655	0.0	0.0
0.021186	0.018953200	148.570159	0.0	0.0
0.021397	0.019185100	147.997180	0.0	0.0
0.021610	0.019418900	147.429720	0.0	0.0
0.021825	0.019654600	146.867685	0.0	0.0
0.022043	0.019892400	146.310982	0.0	0.0
0.022262	0.020132100	145.759716	0.0	0.0
0.022484	0.020373900	145.213689	0.0	0.0
0.022708	0.020617700	144.672909	0.0	0.0
0.022934	0.020863600	144.137283	0.0	0.0
0.023163	0.021111600	143.606811	0.0	0.0
0.023394	0.021361800	143.081506	0.0	0.0
0.023627	0.021614000	142.561167	0.0	0.0
0.023862	0.021868400	142.045905	0.0	0.0
0.024100	0.022125100	141.535622	0.0	0.0
0.024340	0.022383900	141.030222	0.0	0.0
0.024582	0.022645000	140.529719	0.0	0.0
0.024827	0.022908300	140.034010	0.0	0.0
0.025075	0.023173900	139.543107	0.0	0.0
0.025324	0.023441900	139.056912	0.0	0.0
0.025577	0.023712200	138.575434	0.0	0.0
0.025832	0.023984800	138.098576	0.0	0.0
0.026089	0.024259900	137.626447	0.0	0.0
0.026349	0.024537300	137.158754	0.0	0.0
0.026611	0.024817300	136.695699	0.0	0.0
0.026876	0.025099600	136.236993	0.0	0.0
0.027144	0.025384500	135.782842	0.0	0.0
0.027415	0.025671900	135.333049	0.0	0.0
0.027688	0.025961900	134.887621	0.0	0.0
0.027964	0.026254400	134.446467	0.0	0.0
0.028242	0.026549600	134.009695	0.0	0.0
0.028524	0.026847400	133.577107	0.0	0.0
0.028808	0.027147800	133.148616	0.0	0.0
0.029095	0.027451000	132.724422	0.0	0.0
0.029385	0.027756900	132.304236	0.0	0.0
0.029677	0.028065500	131.888266	0.0	0.0
0.029973	0.028377000	131.476217	0.0	0.0
0.030272	0.028691200	131.068197	0.0	0.0
0.030573	0.029008300	130.664113	0.0	0.0
0.030878	0.029328200	130.263972	0.0	0.0
0.031185	0.029651100	129.867780	0.0	0.0
0.031496	0.029976900	129.475348	0.0	0.0
0.031810	0.030305600	129.086782	0.0	0.0
0.032127	0.030637400	128.701989	0.0	0.0
0.032447	0.030972200	128.320978	0.0	0.0
0.032770	0.031310100	127.943655	0.0	0.0
0.033097	0.031651000	127.569930	0.0	0.0
0.033426	0.031995100	127.199908	0.0	0.0
0.033759	0.032342400	126.833401	0.0	0.0
0.034096	0.032692900	126.470512	0.0	0.0
0.034435	0.033046500	126.111255	0.0	0.0
0.034778	0.033403500	125.755334	0.0	0.0
0.035125	0.033763800	125.402956	0.0	0.0
0.035475	0.034127300	125.054035	0.0	0.0
0.035828	0.034494300	124.708477	0.0	0.0
0.036185	0.034864700	124.366288	0.0	0.0
0.036546	0.035238500	124.027382	0.0	0.0
0.036910	0.035615800	123.691861	0.0	0.0
0.037278	0.035996600	123.359539	0.0	0.0
0.037649	0.036380900	123.030524	0.0	0.0
0.038024	0.036768900	122.704623	0.0	0.0
0.038403	0.037160500	122.381949	0.0	0.0
0.038785	0.037555700	122.062406	0.0	0.0
0.039172	0.037954700	121.746007	0.0	0.0
0.039562	0.038357300	121.432662	0.0	0.0
0.039956	0.038763800	121.122376	0.0	0.0
0.040354	0.039174100	120.815162	0.0	0.0
0.040756	0.039588300	120.510831	0.0	0.0
0.041162	0.040006300	120.209592	0.0	0.0
0.041572	0.040428300	119.911250	0.0	0.0
0.041987	0.040854300	119.615722	0.0	0.0
0.042405	0.041284300	119.323214	0.0	0.0
0.042827	0.041718400	119.033437	0.0	0.0
0.043254	0.042156600	118.746599	0.0	0.0
0.043685	0.042599000	118.462516	0.0	0.0
0.044120	0.043045500	118.181194	0.0	0.0
0.044560	0.043496300	117.902545	0.0	0.0
0.045004	0.043951400	117.626680	0.0	0.0
0.045452	0.044410700	117.353509	0.0	0.0
0.045905	0.044874500	117.083041	0.0	0.0
0.046362	0.045342700	116.815092	0.0	0.0
0.046824	0.045815400	116.549868	0.0	0.0
0.047291	0.046292500	116.287185	0.0	0.0
0.047762	0.046774200	116.027049	0.0	0.0
0.048238	0.047260600	115.769477	0.0	0.0
0.048718	0.047751600	115.514375	0.0	0.0
0.049204	0.048247200	115.261860	0.0	0.0
0.049694	0.048747700	115.011741	0.0	0.0
0.050189	0.049252900	114.764028	0.0	0.0
0.050689	0.049763000	114.518738	0.0	0.0
0.051194	0.050277900	114.275880	0.0	0.0
0.051704	0.050797800	114.035367	0.0	0.0
0.052219	0.051322800	113.797210	0.0	0.0
0.052739	0.051852700	113.561423	0.0	0.0
0.053265	0.052387800	113.327819	0.0	0.0
0.053795	0.052928000	113.096610	0.0	0.0
0.054331	0.053473400	112.867609	0.0	0.0
0.054873	0.054024100	112.640827	0.0	0.0
0.055419	0.054580100	112.416282	0.0	0.0
0.055971	0.055141500	112.193884	0.0	0.0
0.056529	0.055708300	111.973645	0.0	0.0
0.057092	0.056280600	111.755581	0.0	0.0
0.057661	0.056858400	111.539708	0.0	0.0
0.058235	0.057441800	111.325835	0.0	0.0
0.058816	0.058030800	111.114077	0.0	0.0
0.059402	0.058625600	110.904350	0.0	0.0
0.059993	0.059226100	110.696767	0.0	0.0
0.060591	0.059832500	110.491144	0.0	0.0
0.061195	0.060444700	110.287493	0.0	0.0
0.061804	0.061062900	110.085829	0.0	0.0
0.062420	0.061687100	109.886169	0.0	0.0
0.063042	0.062317300	109.688429	0.0	0.0
0.063670	0.062953700	109.492719	0.0	0.0
0.064304	0.063596200	109.298757	0.0	0.0
0.064945	0.064245100	109.106760	0.0	0.0
0.065592	0.064900200	108.916641	0.0	0.0
0.066246	0.065561700	108.728316	0.0	0.0
0.066906	0.066229700	108.541905	0.0	0.0
0.067572	0.066904100	108.357218	0.0	0.0
0.068245	0.067585200	108.174375	0.0	0.0
0.068925	0.068272900	107.993289	0.0	0.0
0.069612	0.068967300	107.813983	0.0	0.0
0.070305	0.069668500	107.636466	0.0	0.0
0.071006	0.070376500	107.460560	0.0	0.0
0.071713	0.071091500	107.286480	0.0	0.0
0.072428	0.071813400	107.114045	0.0	0.0
0.073149	0.072542400	106.943268	0.0	0.0
0.073878	0.073278500	106.774173	0.0	0.0
0.074614	0.074021900	106.606672	0.0	0.0
0.075357	0.074772500	106.440787	0.0	0.0
0.076108	0.075530400	106.276635	0.0	0.0
0.076866	0.076295800	106.113931	0.0	0.0
0.077632	0.077068700	105.952897	0.0	0.0
0.078406	0.077849200	105.793449	0.0	0.0
0.079187	0.078637300	105.635511	0.0	0.0
0.079976	0.079433100	105.479095	0.0	0.0
0.080773	0.080236800	105.324124	0.0	0.0
0.081577	0.081048300	105.170720	0.0	0.0
0.082390	0.081867800	105.018798	0.0	0.0
0.083211	0.082695300	104.868377	0.0	0.0
0.084040	0.083531000	104.719382	0.0	0.0
0.084877	0.084374900	104.571828	0.0	0.0
0.085723	0.085227000	104.425741	0.0	0.0
0.086577	0.086087600	104.281034	0.0	0.0
0.087439	0.086956600	104.137735	0.0	0.0
0.088310	0.087834200	103.995861	0.0	0.0
0.089190	0.088720400	103.855335	0.0	0.0
0.090079	0.089615200	103.716079	0.0	0.0
0.090976	0.090519000	103.578309	0.0	0.0
0.091883	0.091431600	103.441754	0.0	0.0
0.092798	0.092353200	103.306533	0.0	0.0
0.093722	0.093283800	103.172669	0.0	0.0
0.094656	0.094223700	103.040083	0.0	0.0
0.095599	0.095172800	102.908798	0.0	0.0
0.096552	0.096131200	102.778739	0.0	0.0
0.097514	0.097099100	102.649925	0.0	0.0
0.098485	0.098076500	102.522384	0.0	0.0
0.099466	0.099063600	102.396037	0.0	0.0
0.100457	0.100060000	102.270916	0.0	0.0
0.101458	0.101067000	102.147024	0.0	0.0
0.102469	0.102084000	102.024206	0.0	0.0
0.103490	0.103110000	101.902687	0.0	0.0
0.104521	0.104147000	101.782366	0.0	0.0
0.105562	0.105194000	101.663094	0.0	0.0
0.106614	0.106251000	101.544996	0.0	0.0
0.107676	0.107319000	101.428070	0.0	0.0
0.108749	0.108397000	101.312291	0.0	0.0
0.109832	0.109486000	101.197535	0.0	0.0
0.110926	0.110586000	101.083951	0.0	0.0
0.112031	0.111696000	100.971389	0.0	0.0
0.113148	0.112818000	100.859923	0.0	0.0
0.114275	0.113951000	100.749628	0.0	0.0
0.115413	0.115094000	100.640280	0.0	0.0
0.116563	0.116250000	100.531977	0.0	0.0
0.117724	0.117416000	100.424669	0.0	0.0
0.118897	0.118594000	100.318456	0.0	0.0
0.120082	0.119784000	100.213213	0.0	0.0
0.121278	0.120985000	100.109015	0.0	0.0
0.122486	0.122199000	100.005835	0.0	0.0
0.123707	0.123424000	99.903550	0.0	0.0
0.124939	0.124662000	99.802283	0.0	0.0
0.126184	0.125911000	99.702034	0.0	0.0
0.127441	0.127174000	99.602653	0.0	0.0
0.128711	0.128448000	99.504190	0.0	0.0
0.129993	0.129735000	99.406743	0.0	0.0
0.131288	0.131035000	99.310164	0.0	0.0
0.132596	0.132348000	99.214576	0.0	0.0
0.133917	0.133674000	99.119805	0.0	0.0
0.135251	0.135013000	99.025999	0.0	0.0
0.136599	0.136365000	98.932960	0.0	0.0
0.137960	0.137731000	98.840960	0.0	0.0
0.139334	0.139110000	98.749725	0.0	0.0
0.140722	0.140503000	98.659355	0.0	0.0
0.142124	0.141910000	98.569824	0.0	0.0
0.143540	0.143330000	98.481131	0.0	0.0
0.144970	0.144765000	98.393352	0.0	0.0
0.146414	0.146214000	98.306387	0.0	0.0
0.147873	0.147677000	98.220159	0.0	0.0
0.149346	0.149155000	98.134768	0.0	0.0
0.150834	0.150647000	98.050165	0.0	0.0
0.152337	0.152155000	97.966372	0.0	0.0
0.153855	0.153677000	97.883367	0.0	0.0
0.155387	0.155214000	97.801097	0.0	0.0
0.156935	0.156767000	97.719687	0.0	0.0
0.158499	0.158334000	97.638913	0.0	0.0
0.160078	0.159918000	97.558998	0.0	0.0
0.161673	0.161517000	97.479767	0.0	0.0
0.163284	0.163132000	97.401271	0.0	0.0
0.164910	0.164763000	97.323557	0.0	0.0
0.166553	0.166410000	97.246427	0.0	0.0
0.168213	0.168074000	97.170155	0.0	0.0
0.169888	0.169754000	97.094489	0.0	0.0
0.171581	0.171451000	97.019530	0.0	0.0
0.173290	0.173164000	96.945353	0.0	0.0
0.175017	0.174895000	96.871806	0.0	0.0
0.176760	0.176643000	96.798891	0.0	0.0
0.178521	0.178408000	96.726680	0.0	0.0
0.180300	0.180190000	96.655123	0.0	0.0
0.182096	0.181991000	96.584246	0.0	0.0
0.183910	0.183809000	96.513972	0.0	0.0
0.185743	0.185645000	96.444301	0.0	0.0
0.187593	0.187500000	96.375334	0.0	0.0
0.189462	0.189373000	96.307018	0.0	0.0
0.191350	0.191264000	96.239229	0.0	0.0
0.193256	0.193174000	96.172167	0.0	0.0
0.195181	0.195104000	96.105630	0.0	0.0
0.197126	0.197052000	96.039719	0.0	0.0
0.199090	0.199020000	95.974407	0.0	0.0
0.201073	0.201007000	95.909645	0.0	0.0
0.203077	0.203014000	95.845457	0.0	0.0
0.205100	0.205041000	95.781917	0.0	0.0
0.207143	0.207088000	95.718874	0.0	0.0
0.209207	0.209156000	95.656454	0.0	0.0
0.211291	0.211244000	95.594506	0.0	0.0
0.213396	0.213352000	95.533229	0.0	0.0
0.215522	0.215482000	95.472423	0.0	0.0
0.217669	0.217633000	95.412062	0.0	0.0
0.219838	0.219805000	95.352370	0.0	0.0
0.222028	0.221999000	95.293147	0.0	0.0
0.224240	0.224214000	95.234418	0.0	0.0
0.226474	0.226452000	95.176232	0.0	0.0
0.228730	0.228712000	95.118564	0.0	0.0
0.231009	0.230994000	95.061461	0.0	0.0
0.233311	0.233299000	95.004776	0.0	0.0
0.235635	0.235627000	94.948655	0.0	0.0
0.237983	0.237978000	94.892950	0.0	0.0
0.240354	0.240352000	94.837659	0.0	0.0
0.242748	0.242750000	94.783007	0.0	0.0
0.245167	0.245172000	94.728744	0.0	0.0
0.247609	0.247617000	94.674943	0.0	0.0
0.250076	0.250087000	94.621578	0.0	0.0
0.252567	0.252582000	94.568676	0.0	0.0
0.255084	0.255101000	94.516209	0.0	0.0
0.257625	0.257646000	94.464277	0.0	0.0
0.260192	0.260216000	94.412679	0.0	0.0
0.262784	0.262811000	94.361515	0.0	0.0
0.265402	0.265432000	94.310859	0.0	0.0
0.268046	0.268079000	94.260636	0.0	0.0
0.270716	0.270753000	94.210720	0.0	0.0
0.273413	0.273453000	94.161309	0.0	0.0
0.276137	0.276180000	94.112229	0.0	0.0
0.278888	0.278934000	94.063679	0.0	0.0
0.281667	0.281715000	94.015408	0.0	0.0
0.284473	0.284524000	93.967590	0.0	0.0
0.287307	0.287361000	93.920174	0.0	0.0
0.290170	0.290226000	93.873036	0.0	0.0
0.293060	0.293120000	93.826374	0.0	0.0
0.295980	0.296042000	93.780137	0.0	0.0
0.298929	0.298993000	93.734174	0.0	0.0
0.301907	0.301974000	93.688611	0.0	0.0
0.304915	0.304984000	93.643471	0.0	0.0
0.307953	0.308025000	93.598553	0.0	0.0
0.311021	0.311095000	93.554107	0.0	0.0
0.314119	0.314196000	93.509931	0.0	0.0
0.317249	0.317328000	93.466201	0.0	0.0
0.320409	0.320491000	93.422665	0.0	0.0
0.323602	0.323685000	93.379547	0.0	0.0
0.326825	0.326912000	93.336772	0.0	0.0
0.330082	0.330170000	93.294364	0.0	0.0
0.333370	0.333460000	93.252172	0.0	0.0
0.336691	0.336784000	93.210395	0.0	0.0
0.340046	0.340140000	93.168882	0.0	0.0
0.343433	0.343530000	93.127757	0.0	0.0
0.346855	0.346953000	93.086871	0.0	0.0
0.350311	0.350411000	93.046221	0.0	0.0
0.353801	0.353902000	93.006006	0.0	0.0
0.357325	0.357429000	92.965977	0.0	0.0
0.360885	0.360991000	92.926332	0.0	0.0
0.364481	0.364587000	92.886870	0.0	0.0
0.368112	0.368220000	92.847765	0.0	0.0
0.371779	0.371889000	92.808917	0.0	0.0
0.375483	0.375594000	92.770399	0.0	0.0
0.379224	0.379337000	92.732110	0.0	0.0
0.383002	0.383116000	92.694050	0.0	0.0
0.386818	0.386933000	92.656317	0.0	0.0
0.390672	0.390788000	92.618761	0.0	0.0
0.394564	0.394681000	92.581530	0.0	0.0
0.398495	0.398613000	92.544574	0.0	0.0
0.402465	0.402584000	92.507816	0.0	0.0
0.406474	0.406594000	92.471331	0.0	0.0
0.410524	0.410645000	92.435143	0.0	0.0
0.414614	0.414735000	92.399125	0.0	0.0
0.418745	0.418866000	92.363301	0.0	0.0
0.422916	0.423039000	92.327747	0.0	0.0
0.427130	0.427253000	92.292484	0.0	0.0
0.431385	0.431508000	92.257412	0.0	0.0
0.435683	0.435806000	92.222506	0.0	0.0
0.440024	0.440147000	92.187914	0.0	0.0
0.444407	0.444531000	92.153410	0.0	0.0
0.448835	0.448958000	92.119218	0.0	0.0
0.453307	0.453430000	92.085261	0.0	0.0
0.457823	0.457946000	92.051389	0.0	0.0
0.462384	0.462507000	92.017776	0.0	0.0
0.466990	0.467113000	91.984370	0.0	0.0
0.471643	0.471765000	91.951145	0.0	0.0
0.476342	0.476463000	91.918200	0.0	0.0
0.481087	0.481208000	91.885309	0.0	0.0
0.485880	0.486000000	91.852745	0.0	0.0
0.490721	0.490840000	91.820258	0.0	0.0
0.495610	0.495728000	91.787921	0.0	0.0
0.500547	0.500664000	91.755832	0.0	0.0
0.505534	0.505650000	91.723941	0.0	0.0
0.510571	0.510685000	91.692097	0.0	0.0
0.515657	0.515771000	91.660497	0.0	0.0
0.520795	0.520906000	91.629117	0.0	0.0
0.525983	0.526093000	91.597828	0.0	0.0
0.531224	0.531332000	91.566706	0.0	0.0
0.536516	0.536622000	91.535699	0.0	0.0
0.541861	0.541966000	91.504955	0.0	0.0
0.547260	0.547362000	91.474273	0.0	0.0
0.552712	0.552812000	91.443677	0.0	0.0
0.558218	0.558316000	91.413340	0.0	0.0
0.563780	0.563876000	91.383086	0.0	0.0
0.569396	0.569490000	91.353039	0.0	0.0
0.575069	0.575160000	91.323021	0.0	0.0
0.580798	0.580887000	91.293183	0.0	0.0
0.586585	0.586670000	91.263471	0.0	0.0
0.592429	0.592512000	91.233835	0.0	0.0
0.598331	0.598411000	91.204398	0.0	0.0
0.604292	0.604369000	91.175009	0.0	0.0
0.610312	0.610386000	91.145817	0.0	0.0
0.616392	0.616464000	91.116644	0.0	0.0
0.622533	0.622601000	91.087688	0.0	0.0
0.628736	0.628800000	91.058750	0.0	0.0
0.634999	0.635061000	91.030002	0.0	0.0
0.641326	0.641384000	91.001291	0.0	0.0
0.647715	0.647769000	90.972668	0.0	0.0
0.654168	0.654219000	90.944105	0.0	0.0
0.660685	0.660733000	90.915750	0.0	0.0
0.667268	0.667311000	90.887452	0.0	0.0
0.673915	0.673955000	90.859184	0.0	0.0
0.680629	0.680666000	90.830995	0.0	0.0
0.687410	0.687443000	90.802958	0.0	0.0
0.694259	0.694288000	90.774945	0.0	0.0
0.701175	0.701201000	90.747006	0.0	0.0
0.708161	0.708183000	90.719213	0.0	0.0
0.715216	0.715234000	90.691440	0.0	0.0
0.722342	0.722356000	90.663760	0.0	0.0
0.729538	0.729549000	90.636021	0.0	0.0
0.736806	0.736813000	90.608447	0.0	0.0
0.744147	0.744150000	90.580985	0.0	0.0
0.751561	0.751561000	90.553508	0.0	0.0
0.759048	0.759045000	90.526115	0.0	0.0
0.766610	0.766604000	90.498754	0.0	0.0
0.774248	0.774238000	90.471448	0.0	0.0
0.781961	0.781948000	90.444170	0.0	0.0
0.789752	0.789736000	90.417018	0.0	0.0
0.797620	0.797601000	90.389764	0.0	0.0
0.805566	0.805545000	90.362683	0.0	0.0
0.813592	0.813568000	90.335597	0.0	0.0
0.821698	0.821671000	90.308503	0.0	0.0
0.829884	0.829856000	90.281476	0.0	0.0
0.838152	0.838122000	90.254437	0.0	0.0
0.846502	0.846470000	90.227485	0.0	0.0
0.854936	0.854902000	90.200492	0.0	0.0
0.863453	0.863419000	90.173607	0.0	0.0
0.872055	0.872021000	90.146602	0.0	0.0
0.880743	0.880708000	90.119700	0.0	0.0
0.889518	0.889483000	90.092824	0.0	0.0
0.898380	0.898345000	90.065971	0.0	0.0
0.907330	0.907296000	90.039065	0.0	0.0
0.916370	0.916337000	90.012227	0.0	0.0
0.925499	0.925468000	89.985257	0.0	0.0
0.934720	0.934691000	89.958401	0.0	0.0
0.944032	0.944005000	89.931557	0.0	0.0
0.953437	0.953414000	89.904673	0.0	0.0
0.962936	0.962916000	89.877771	0.0	0.0
0.972529	0.972514000	89.850799	0.0	0.0
0.982218	0.982208000	89.823954	0.0	0.0
0.992004	0.991999000	89.796985	0.0	0.0
1.001887	1.001890000	89.769963	0.0	0.0
1.011868	1.011880000	89.742862	0.0	0.0
1.021949	1.021960000	89.715902	0.0	0.0
1.032131	1.032150000	89.689031	0.0	0.0
1.042414	1.042450000	89.661948	0.0	0.0
1.052799	1.052840000	89.634801	0.0	0.0
1.063288	1.063340000	89.607784	0.0	0.0
1.073881	1.073940000	89.580498	0.0	0.0
1.084580	1.084650000	89.553338	0.0	0.0
1.095385	1.095470000	89.526003	0.0	0.0
1.106298	1.106400000	89.498688	0.0	0.0
1.117320	1.117440000	89.471441	0.0	0.0
1.128451	1.128580000	89.443862	0.0	0.0
1.139694	1.139840000	89.416593	0.0	0.0
1.151048	1.151210000	89.388986	0.0	0.0
1.162516	1.162700000	89.361484	0.0	0.0
1.174097	1.174300000	89.333639	0.0	0.0
1.185794	1.186020000	89.305894	0.0	0.0
1.197608	1.197850000	89.278195	0.0	0.0
1.209540	1.209800000	89.250491	0.0	0.0
1.221590	1.221880000	89.222482	0.0	0.0
1.233760	1.234070000	89.194362	0.0	0.0
1.246052	1.246390000	89.166425	0.0	0.0
1.258466	1.258830000	89.138273	0.0	0.0
1.271004	1.271390000	89.110100	0.0	0.0
1.283666	1.284080000	89.081605	0.0	0.0
1.296455	1.296900000	89.053232	0.0	0.0
1.309371	1.309840000	89.024679	0.0	0.0
1.322416	1.322910000	88.996043	0.0	0.0
1.335591	1.336120000	88.967369	0.0	0.0
1.348897	1.349460000	88.938607	0.0	0.0
1.362336	1.362920000	88.909750	0.0	0.0
1.375908	1.376530000	88.880598	0.0	0.0
1.389616	1.390270000	88.851495	0.0	0.0
1.403460	1.404140000	88.822139	0.0	0.0
1.417443	1.418160000	88.792973	0.0	0.0
1.431564	1.432310000	88.763349	0.0	0.0
1.445826	1.446600000	88.733711	0.0	0.0
1.460231	1.461040000	88.704152	0.0	0.0
1.474779	1.475620000	88.674372	0.0	0.0
1.489471	1.490340000	88.644220	0.0	0.0
1.504310	1.505210000	88.614037	0.0	0.0
1.519297	1.520230000	88.583771	0.0	0.0
1.534434	1.535390000	88.553516	0.0	0.0
1.549721	1.550710000	88.522973	0.0	0.0
1.565160	1.566170000	88.492236	0.0	0.0
1.580753	1.581790000	88.461300	0.0	0.0
1.596502	1.597560000	88.430460	0.0	0.0
1.612408	1.613490000	88.399463	0.0	0.0
1.628471	1.629570000	88.367910	0.0	0.0
1.644695	1.645810000	88.336490	0.0	0.0
1.661081	1.662210000	88.304950	0.0	0.0
1.677630	1.678780000	88.273238	0.0	0.0
1.694344	1.695500000	88.241349	0.0	0.0
1.711224	1.712390000	88.209230	0.0	0.0
1.728272	1.729440000	88.176776	0.0	0.0
1.745491	1.746660000	88.144528	0.0	0.0
1.762880	1.764040000	88.111641	0.0	0.0
1.780443	1.781600000	88.078803	0.0	0.0
1.798181	1.799330000	88.045761	0.0	0.0
1.816096	1.817230000	88.012611	0.0	0.0
1.834189	1.835300000	87.979100	0.0	0.0
1.852463	1.853550000	87.945671	0.0	0.0
1.870918	1.871980000	87.911722	0.0	0.0
1.889558	1.890580000	87.877845	0.0	0.0
1.908383	1.909370000	87.843538	0.0	0.0
1.927396	1.928340000	87.809144	0.0	0.0
1.946598	1.947490000	87.774511	0.0	0.0
1.965991	1.966830000	87.739533	0.0	0.0
1.985578	1.986360000	87.704553	0.0	0.0
2.005359	2.006080000	87.669070	0.0	0.0
2.025338	2.025990000	87.633575	0.0	0.0
2.045516	2.046100000	87.597814	0.0	0.0
2.065895	2.066400000	87.561782	0.0	0.0
2.086477	2.086900000	87.525575	0.0	0.0
2.107264	2.107600000	87.489086	0.0	0.0
2.128258	2.128500000	87.452312	0.0	0.0
2.149461	2.149610000	87.415246	0.0	0.0
2.170875	2.170930000	87.377884	0.0	0.0
2.192503	2.192450000	87.340467	0.0	0.0
2.214346	2.214190000	87.302644	0.0	0.0
2.236407	2.236150000	87.264656	0.0	0.0
2.258688	2.258320000	87.226398	0.0	0.0
2.281191	2.280710000	87.187965	0.0	0.0
2.303917	2.303330000	87.148905	0.0	0.0
2.326871	2.326180000	87.109954	0.0	0.0
2.350052	2.349250000	87.070265	0.0	0.0
2.373465	2.372550000	87.030576	0.0	0.0
2.397111	2.396090000	86.990633	0.0	0.0
2.420993	2.419870000	86.950378	0.0	0.0
2.445113	2.443890000	86.909907	0.0	0.0
2.469473	2.468160000	86.869015	0.0	0.0
2.494075	2.492670000	86.827596	0.0	0.0
2.518923	2.517440000	86.786239	0.0	0.0
2.544018	2.542460000	86.744293	0.0	0.0
2.569364	2.567730000	86.702347	0.0	0.0
2.594961	2.593270000	86.659701	0.0	0.0
2.620814	2.619070000	86.616892	0.0	0.0
2.646925	2.645140000	86.573914	0.0	0.0
2.673295	2.671470000	86.530316	0.0	0.0
2.699928	2.698090000	86.486486	0.0	0.0
2.726827	2.724970000	86.442468	0.0	0.0
2.753994	2.752140000	86.398056	0.0	0.0
2.781431	2.779580000	86.353144	0.0	0.0
2.809141	2.807310000	86.307775	0.0	0.0
2.837128	2.835330000	86.262338	0.0	0.0
2.865393	2.863630000	86.216282	0.0	0.0
2.893941	2.892230000	86.170143	0.0	0.0
2.922772	2.921110000	86.123421	0.0	0.0
2.951891	2.950300000	86.076352	0.0	0.0
2.981300	2.979780000	86.029433	0.0	0.0
3.011001	3.009550000	85.980757	0.0	0.0
3.040999	3.039630000	85.932563	0.0	0.0
3.071296	3.070000000	85.884343	0.0	0.0
3.101894	3.100680000	85.835595	0.0	0.0
3.132797	3.131650000	85.785306	0.0	0.0
3.164008	3.162930000	85.736219	0.0	0.0
3.195530	3.194520000	85.685077	0.0	0.0
3.227367	3.226400000	85.634869	0.0	0.0
3.259520	3.258600000	85.583843	0.0	0.0
3.291993	3.291090000	85.531988	0.0	0.0
3.324791	3.323890000	85.480541	0.0	0.0
3.357915	3.357000000	85.427750	0.0	0.0
3.391368	3.390420000	85.374357	0.0	0.0
3.425156	3.424140000	85.321846	0.0	0.0
3.459279	3.458170000	85.267217	0.0	0.0
3.493743	3.492520000	85.212956	0.0	0.0
3.528550	3.527170000	85.158555	0.0	0.0
3.563704	3.562150000	85.103007	0.0	0.0
3.599208	3.597430000	85.048051	0.0	0.0
3.635066	3.633050000	84.991679	0.0	0.0
3.671281	3.668990000	84.934632	0.0	0.0
3.707857	3.705250000	84.877900	0.0	0.0
3.744797	3.741860000	84.820226	0.0	0.0
3.782106	3.778800000	84.761845	0.0	0.0
3.819786	3.816090000	84.703254	0.0	0.0
3.857841	3.853740000	84.644442	0.0	0.0
3.896276	3.891750000	84.584645	0.0	0.0
3.935093	3.930140000	84.524359	0.0	0.0
3.974297	3.968900000	84.463821	0.0	0.0
4.013892	4.008050000	84.402020	0.0	0.0
4.053881	4.047610000	84.339698	0.0	0.0
4.094269	4.087570000	84.278093	0.0	0.0
4.135059	4.127950000	84.214947	0.0	0.0
4.176255	4.168760000	84.151250	0.0	0.0
4.217862	4.210010000	84.087237	0.0	0.0
4.259883	4.251710000	84.022653	0.0	0.0
4.302323	4.293860000	83.956733	0.0	0.0
4.345186	4.336480000	83.891468	0.0	0.0
4.388476	4.379570000	83.824847	0.0	0.0
4.432197	4.423130000	83.757860	0.0	0.0
4.476353	4.467170000	83.689496	0.0	0.0
4.520950	4.511700000	83.621240	0.0	0.0
4.565991	4.556710000	83.552833	0.0	0.0
4.611480	4.602190000	83.483267	0.0	0.0
4.657423	4.648160000	83.413024	0.0	0.0
4.703824	4.694600000	83.342096	0.0	0.0
4.750687	4.741520000	83.270471	0.0	0.0
4.798016	4.788890000	83.198139	0.0	0.0
4.845817	4.836730000	83.125584	0.0	0.0
4.894095	4.885000000	83.052044	0.0	0.0
4.942853	4.933720000	82.978261	0.0	0.0
4.992097	4.982870000	82.902719	0.0	0.0
5.041832	5.032440000	82.827655	0.0	0.0
5.092062	5.082420000	82.751059	0.0	0.0
5.142793	5.132820000	82.674416	0.0	0.0
5.194029	5.183620000	82.596715	0.0	0.0
5.245776	5.234830000	82.518440	0.0	0.0
5.298038	5.286460000	82.439582	0.0	0.0
5.350821	5.338500000	82.359624	0.0	0.0
5.404129	5.390980000	82.278556	0.0	0.0
5.457969	5.443900000	82.197110	0.0	0.0
5.512345	5.497280000	82.115276	0.0	0.0
5.567263	5.551160000	82.032539	0.0	0.0
5.622728	5.605540000	81.949134	0.0	0.0
5.678746	5.660470000	81.864548	0.0	0.0
5.735321	5.715960000	81.778769	0.0	0.0
5.792460	5.772050000	81.692529	0.0	0.0
5.850169	5.828770000	81.606312	0.0	0.0
5.908453	5.886150000	81.518357	0.0	0.0
5.967317	5.944200000	81.429899	0.0	0.0
6.026767	6.002950000	81.340423	0.0	0.0
6.086810	6.062400000	81.250662	0.0	0.0
6.147451	6.122580000	81.159852	0.0	0.0
6.208696	6.183470000	81.067477	0.0	0.0
6.270552	6.245060000	80.975270	0.0	0.0
6.333023	6.307340000	80.881220	0.0	0.0
6.396117	6.370290000	80.786307	0.0	0.0
6.459840	6.433860000	80.691014	0.0	0.0
6.524198	6.498040000	80.594827	0.0	0.0
6.589196	6.562780000	80.497982	0.0	0.0
6.654842	6.628050000	80.399459	0.0	0.0
6.721143	6.693800000	80.299990	0.0	0.0
6.788103	6.760020000	80.200563	0.0	0.0
6.855731	6.826690000	80.099407	0.0	0.0
6.924033	6.893790000	79.997005	0.0	0.0
6.993015	6.961340000	79.894841	0.0	0.0
7.062684	7.029340000	79.790648	0.0	0.0
7.133048	7.097850000	79.685406	0.0	0.0
7.204112	7.166910000	79.579350	0.0	0.0
7.275884	7.236570000	79.472460	0.0	0.0
7.348372	7.306910000	79.364717	0.0	0.0
7.421582	7.378010000	79.255603	0.0	0.0
7.495521	7.449940000	79.145851	0.0	0.0
7.570196	7.522760000	79.035192	0.0	0.0
7.645616	7.596540000	78.922855	0.0	0.0
7.721787	7.671310000	78.809322	0.0	0.0
7.798717	7.747080000	78.695573	0.0	0.0
7.876413	7.823860000	78.580340	0.0	0.0
7.954883	7.901590000	78.463603	0.0	0.0
8.034135	7.980230000	78.345340	0.0	0.0
8.114177	8.059690000	78.227532	0.0	0.0
8.195016	8.139880000	78.106909	0.0	0.0
8.276661	8.220690000	77.986698	0.0	0.0
8.359119	8.302020000	77.864632	0.0	0.0
8.442398	8.383810000	77.740689	0.0	0.0
8.526507	8.465990000	77.616097	0.0	0.0
8.611454	8.548550000	77.490834	0.0	0.0
8.697247	8.631520000	77.363880	0.0	0.0
8.783896	8.714950000	77.235709	0.0	0.0
8.871407	8.798960000	77.105806	0.0	0.0
8.959790	8.883690000	76.975644	0.0	0.0
9.049054	8.969300000	76.843450	0.0	0.0
9.139207	9.055960000	76.710204	0.0	0.0
9.230258	9.143820000	76.576132	0.0	0.0
9.322216	9.232980000	76.440461	0.0	0.0
9.415091	9.323500000	76.303664	0.0	0.0
9.508890	9.415380000	76.164475	0.0	0.0
9.603625	9.508550000	76.025861	0.0	0.0
9.699303	9.602860000	75.884555	0.0	0.0
9.795934	9.698120000	75.742031	0.0	0.0
9.893528	9.794120000	75.598762	0.0	0.0
9.992094	9.890630000	75.452977	0.0	0.0
10.091640	9.987490000	75.305652	0.0	0.0
10.192180	10.084600000	75.158254	0.0	0.0
10.293720	10.181900000	75.008265	0.0	0.0
10.396280	10.279500000	74.859635	0.0	0.0
10.499850	10.377600000	74.705889	0.0	0.0
10.604460	10.476500000	74.552449	0.0	0.0
10.710110	10.576500000	74.398315	0.0	0.0
10.816810	10.677800000	74.240962	0.0	0.0
10.924570	10.780900000	74.081864	0.0	0.0
11.033410	10.885800000	73.921968	0.0	0.0
11.143340	10.992400000	73.762749	0.0	0.0
11.254350	11.100700000	73.598734	0.0	0.0
11.366480	11.210400000	73.435817	0.0	0.0
11.479720	11.321000000	73.269525	0.0	0.0
11.594090	11.432000000	73.101807	0.0	0.0
11.709600	11.543300000	72.933136	0.0	0.0
11.826250	11.654400000	72.760513	0.0	0.0
11.944080	11.765500000	72.589833	0.0	0.0
12.063070	11.876800000	72.415149	0.0	0.0
12.183250	11.988600000	72.238882	0.0	0.0
12.304630	12.101600000	72.062508	0.0	0.0
12.427220	12.216400000	71.883500	0.0	0.0
12.551030	12.333400000	71.703332	0.0	0.0
12.676070	12.452800000	71.520479	0.0	0.0
12.802360	12.574500000	71.336888	0.0	0.0
12.929900	12.698000000	71.149559	0.0	0.0
13.058720	12.822700000	70.961915	0.0	0.0
13.188820	12.947600000	70.772956	0.0	0.0
13.320220	13.072300000	70.581630	0.0	0.0
13.452920	13.196300000	70.387937	0.0	0.0
13.586950	13.319800000	70.193300	0.0	0.0
13.722310	13.443600000	69.995717	0.0	0.0
13.859020	13.568600000	69.796138	0.0	0.0
13.997100	13.696000000	69.597511	0.0	0.0
14.136540	13.826600000	69.392361	0.0	0.0
14.277380	13.960400000	69.188586	0.0	0.0
14.419620	14.096900000	68.981184	0.0	0.0
14.563280	14.234700000	68.773105	0.0	0.0
14.708370	14.372100000	68.562822	0.0	0.0
14.854910	14.507900000	68.352283	0.0	0.0
15.002900	14.641900000	68.136489	0.0	0.0
15.152370	14.775400000	67.919862	0.0	0.0
15.303330	14.911100000	67.701875	0.0	0.0
15.455790	15.051800000	67.481004	0.0	0.0
15.609770	15.199000000	67.257196	0.0	0.0
15.765290	15.349100000	67.033399	0.0	0.0
15.922350	15.491000000	66.805614	0.0	0.0
16.080980	15.603200000	66.576262	0.0	0.0
16.241190	15.652400000	66.345818	0.0	0.0
16.403000	15.595200000	66.113230	0.0	0.0
16.566420	15.382100000	65.877972	0.0	0.0
16.731460	14.964400000	65.638519	0.0	0.0
16.898160	14.303200000	65.400766	0.0	0.0
17.066510	13.378600000	65.158239	0.0	0.0
17.236540	12.196900000	64.913361	0.0	0.0
17.408260	10.794300000	64.666607	0.0	0.0
17.581690	9.235370000	64.415923	0.0	0.0
17.756850	7.605750000	64.164259	0.0	0.0
17.933760	6.000890000	63.911562	0.0	0.0
18.112430	4.512010000	63.655306	0.0	0.0
18.292880	3.212900000	63.397441	0.0	0.0
18.475120	2.150270000	63.134439	0.0	0.0
18.659180	1.339510000	62.870724	0.0	0.0
18.845080	0.766735000	62.605243	0.0	0.0
19.032830	0.396010000	62.337470	0.0	0.0
19.222450	0.179590000	62.067354	0.0	0.0
19.413950	0.068361600	61.791369	0.0	0.0
19.607370	0.020039000	61.516412	0.0	0.0
19.802710	0.003637890	61.237481	0.0	0.0
20.000000	0.000089175	60.956000	0.0	0.0
