# UNCLASSIFIED
#
# Response info for NEW IDC broadband site(s).
#
# Effective: 25 Jan 2006
# Response Created: 03 Mar 2011
# File name: NEW.BB.1138147200
# Inid: 4987 4988 4989 
# Source:  James Neely (TTD), TSgt Gregory Swindle
# System equipment:  STS-2 sensor and Quanterra Q330 digitizer
#
# This response file was derived from equations of state.
# Displacement response relative to 1.0 at 1.0 Hz.
#
# The calib values for this configuration are as follows:
#
# NEW BHZ is 0.252970 nm/count at 1.0 Hz.
# NEW BHN is 0.252970 nm/count at 1.0 Hz.
# NEW BHE is 0.252970 nm/count at 1.0 Hz.
#
# Freq(Hz)     Amp(counts/nm)   Phase(deg)  Error(amp)  Error(phase)
#
 theoretical  0       system    fap   J.Neely
1000
0.001000	0.000014305	260.228437	0.0	0.0
0.001010	0.000014737	260.130156	0.0	0.0
0.001020	0.000015182	260.030871	0.0	0.0
0.001030	0.000015640	259.930570	0.0	0.0
0.001040	0.000016112	259.829243	0.0	0.0
0.001051	0.000016598	259.726869	0.0	0.0
0.001061	0.000017099	259.623447	0.0	0.0
0.001072	0.000017615	259.518965	0.0	0.0
0.001083	0.000018147	259.413403	0.0	0.0
0.001093	0.000018695	259.306759	0.0	0.0
0.001104	0.000019259	259.199023	0.0	0.0
0.001115	0.000019840	259.090172	0.0	0.0
0.001126	0.000020439	258.980196	0.0	0.0
0.001138	0.000021056	258.869093	0.0	0.0
0.001149	0.000021691	258.756842	0.0	0.0
0.001160	0.000022346	258.643432	0.0	0.0
0.001172	0.000023020	258.528850	0.0	0.0
0.001184	0.000023715	258.413086	0.0	0.0
0.001195	0.000024431	258.296118	0.0	0.0
0.001207	0.000025168	258.177944	0.0	0.0
0.001219	0.000025928	258.058553	0.0	0.0
0.001231	0.000026710	257.937912	0.0	0.0
0.001244	0.000027516	257.816031	0.0	0.0
0.001256	0.000028346	257.692876	0.0	0.0
0.001269	0.000029202	257.568447	0.0	0.0
0.001281	0.000030083	257.442722	0.0	0.0
0.001294	0.000030991	257.315697	0.0	0.0
0.001307	0.000031926	257.187342	0.0	0.0
0.001320	0.000032889	257.057654	0.0	0.0
0.001333	0.000033881	256.926610	0.0	0.0
0.001346	0.000034904	256.794199	0.0	0.0
0.001360	0.000035957	256.660399	0.0	0.0
0.001373	0.000037042	256.525206	0.0	0.0
0.001387	0.000038159	256.388598	0.0	0.0
0.001401	0.000039311	256.250562	0.0	0.0
0.001415	0.000040497	256.111077	0.0	0.0
0.001429	0.000041719	255.970129	0.0	0.0
0.001443	0.000042977	255.827704	0.0	0.0
0.001457	0.000044274	255.683782	0.0	0.0
0.001472	0.000045609	255.538337	0.0	0.0
0.001487	0.000046985	255.391368	0.0	0.0
0.001501	0.000048402	255.242851	0.0	0.0
0.001516	0.000049863	255.092762	0.0	0.0
0.001532	0.000051367	254.941089	0.0	0.0
0.001547	0.000052916	254.787818	0.0	0.0
0.001562	0.000054512	254.632924	0.0	0.0
0.001578	0.000056156	254.476385	0.0	0.0
0.001593	0.000057850	254.318187	0.0	0.0
0.001609	0.000059595	254.158305	0.0	0.0
0.001625	0.000061392	253.996736	0.0	0.0
0.001642	0.000063243	253.833435	0.0	0.0
0.001658	0.000065150	253.668399	0.0	0.0
0.001674	0.000067115	253.501612	0.0	0.0
0.001691	0.000069139	253.333030	0.0	0.0
0.001708	0.000071223	253.162659	0.0	0.0
0.001725	0.000073371	252.990463	0.0	0.0
0.001742	0.000075583	252.816418	0.0	0.0
0.001760	0.000077861	252.640509	0.0	0.0
0.001777	0.000080208	252.462709	0.0	0.0
0.001795	0.000082626	252.282995	0.0	0.0
0.001813	0.000085117	252.101350	0.0	0.0
0.001831	0.000087682	251.917749	0.0	0.0
0.001849	0.000090325	251.732165	0.0	0.0
0.001867	0.000093047	251.544573	0.0	0.0
0.001886	0.000095851	251.354957	0.0	0.0
0.001905	0.000098739	251.163280	0.0	0.0
0.001924	0.000101714	250.969535	0.0	0.0
0.001943	0.000104778	250.773677	0.0	0.0
0.001962	0.000107935	250.575687	0.0	0.0
0.001982	0.000111186	250.375540	0.0	0.0
0.002002	0.000114535	250.173217	0.0	0.0
0.002022	0.000117985	249.968671	0.0	0.0
0.002042	0.000121538	249.761905	0.0	0.0
0.002062	0.000125198	249.552860	0.0	0.0
0.002083	0.000128967	249.341529	0.0	0.0
0.002103	0.000132850	249.127874	0.0	0.0
0.002124	0.000136849	248.911875	0.0	0.0
0.002145	0.000140968	248.693484	0.0	0.0
0.002167	0.000145211	248.472692	0.0	0.0
0.002188	0.000149580	248.249460	0.0	0.0
0.002210	0.000154081	248.023758	0.0	0.0
0.002232	0.000158716	247.795558	0.0	0.0
0.002254	0.000163490	247.564818	0.0	0.0
0.002277	0.000168408	247.331519	0.0	0.0
0.002300	0.000173472	247.095621	0.0	0.0
0.002322	0.000178688	246.857093	0.0	0.0
0.002346	0.000184059	246.615903	0.0	0.0
0.002369	0.000189592	246.372011	0.0	0.0
0.002393	0.000195289	246.125386	0.0	0.0
0.002416	0.000201157	245.876006	0.0	0.0
0.002441	0.000207200	245.623808	0.0	0.0
0.002465	0.000213423	245.368781	0.0	0.0
0.002489	0.000219832	245.110882	0.0	0.0
0.002514	0.000226432	244.850069	0.0	0.0
0.002539	0.000233228	244.586308	0.0	0.0
0.002565	0.000240227	244.319556	0.0	0.0
0.002590	0.000247434	244.049790	0.0	0.0
0.002616	0.000254856	243.776955	0.0	0.0
0.002642	0.000262498	243.501018	0.0	0.0
0.002668	0.000270367	243.221933	0.0	0.0
0.002695	0.000278470	242.939667	0.0	0.0
0.002722	0.000286814	242.654174	0.0	0.0
0.002749	0.000295405	242.365408	0.0	0.0
0.002776	0.000304250	242.073346	0.0	0.0
0.002804	0.000313357	241.777919	0.0	0.0
0.002832	0.000322734	241.479102	0.0	0.0
0.002860	0.000332388	241.176850	0.0	0.0
0.002888	0.000342327	240.871114	0.0	0.0
0.002917	0.000352559	240.561849	0.0	0.0
0.002946	0.000363093	240.249006	0.0	0.0
0.002976	0.000373938	239.932538	0.0	0.0
0.003005	0.000385101	239.612418	0.0	0.0
0.003035	0.000396593	239.288566	0.0	0.0
0.003066	0.000408422	238.960967	0.0	0.0
0.003096	0.000420598	238.629549	0.0	0.0
0.003127	0.000433130	238.294276	0.0	0.0
0.003158	0.000446030	237.955097	0.0	0.0
0.003190	0.000459307	237.611953	0.0	0.0
0.003221	0.000472971	237.264807	0.0	0.0
0.003253	0.000487033	236.913596	0.0	0.0
0.003286	0.000501505	236.558284	0.0	0.0
0.003319	0.000516397	236.198798	0.0	0.0
0.003352	0.000531722	235.835110	0.0	0.0
0.003385	0.000547491	235.467149	0.0	0.0
0.003419	0.000563716	235.094865	0.0	0.0
0.003453	0.000580409	234.718219	0.0	0.0
0.003487	0.000597584	234.337140	0.0	0.0
0.003522	0.000615254	233.951577	0.0	0.0
0.003557	0.000633430	233.561492	0.0	0.0
0.003592	0.000652128	233.166803	0.0	0.0
0.003628	0.000671361	232.767482	0.0	0.0
0.003664	0.000691142	232.363458	0.0	0.0
0.003701	0.000711487	231.954682	0.0	0.0
0.003738	0.000732410	231.541105	0.0	0.0
0.003775	0.000753927	231.122657	0.0	0.0
0.003813	0.000776052	230.699290	0.0	0.0
0.003851	0.000798800	230.270946	0.0	0.0
0.003889	0.000822189	229.837577	0.0	0.0
0.003928	0.000846234	229.399115	0.0	0.0
0.003967	0.000870951	228.955526	0.0	0.0
0.004006	0.000896357	228.506741	0.0	0.0
0.004046	0.000922470	228.052706	0.0	0.0
0.004087	0.000949306	227.593367	0.0	0.0
0.004127	0.000976883	227.128680	0.0	0.0
0.004168	0.001005220	226.658594	0.0	0.0
0.004210	0.001034330	226.183033	0.0	0.0
0.004252	0.001064240	225.701972	0.0	0.0
0.004294	0.001094960	225.215349	0.0	0.0
0.004337	0.001126510	224.723116	0.0	0.0
0.004380	0.001158920	224.225229	0.0	0.0
0.004424	0.001192200	223.721631	0.0	0.0
0.004468	0.001226360	223.212279	0.0	0.0
0.004512	0.001261430	222.697145	0.0	0.0
0.004557	0.001297440	222.176167	0.0	0.0
0.004603	0.001334390	221.649308	0.0	0.0
0.004649	0.001372310	221.116535	0.0	0.0
0.004695	0.001411220	220.577804	0.0	0.0
0.004742	0.001451130	220.033074	0.0	0.0
0.004789	0.001492080	219.482319	0.0	0.0
0.004837	0.001534070	218.925516	0.0	0.0
0.004885	0.001577130	218.362632	0.0	0.0
0.004934	0.001621280	217.793629	0.0	0.0
0.004983	0.001666540	217.218502	0.0	0.0
0.005032	0.001712930	216.637219	0.0	0.0
0.005082	0.001760460	216.049762	0.0	0.0
0.005133	0.001809160	215.456129	0.0	0.0
0.005184	0.001859050	214.856298	0.0	0.0
0.005236	0.001910140	214.250275	0.0	0.0
0.005288	0.001962460	213.638047	0.0	0.0
0.005341	0.002016020	213.019630	0.0	0.0
0.005394	0.002070840	212.395020	0.0	0.0
0.005448	0.002126940	211.764230	0.0	0.0
0.005502	0.002184330	211.127269	0.0	0.0
0.005557	0.002243040	210.484161	0.0	0.0
0.005612	0.002303070	209.834946	0.0	0.0
0.005668	0.002364450	209.179637	0.0	0.0
0.005725	0.002427190	208.518277	0.0	0.0
0.005782	0.002491300	207.850901	0.0	0.0
0.005839	0.002556790	207.177563	0.0	0.0
0.005897	0.002623690	206.498325	0.0	0.0
0.005956	0.002691990	205.813218	0.0	0.0
0.006015	0.002761720	205.122341	0.0	0.0
0.006075	0.002832880	204.425739	0.0	0.0
0.006136	0.002905480	203.723501	0.0	0.0
0.006197	0.002979530	203.015711	0.0	0.0
0.006259	0.003055040	202.302460	0.0	0.0
0.006321	0.003132010	201.583845	0.0	0.0
0.006384	0.003210450	200.859974	0.0	0.0
0.006448	0.003290350	200.130948	0.0	0.0
0.006512	0.003371740	199.396899	0.0	0.0
0.006577	0.003454590	198.657944	0.0	0.0
0.006642	0.003538930	197.914208	0.0	0.0
0.006708	0.003624740	197.165846	0.0	0.0
0.006775	0.003712020	196.412986	0.0	0.0
0.006843	0.003800770	195.655797	0.0	0.0
0.006911	0.003890980	194.894422	0.0	0.0
0.006980	0.003982660	194.129035	0.0	0.0
0.007049	0.004075780	193.359804	0.0	0.0
0.007120	0.004170350	192.586904	0.0	0.0
0.007191	0.004266350	191.810517	0.0	0.0
0.007262	0.004363780	191.030844	0.0	0.0
0.007335	0.004462610	190.248068	0.0	0.0
0.007408	0.004562840	189.462391	0.0	0.0
0.007481	0.004664460	188.674030	0.0	0.0
0.007556	0.004767440	187.883175	0.0	0.0
0.007631	0.004871780	187.090045	0.0	0.0
0.007707	0.004977450	186.294872	0.0	0.0
0.007784	0.005084440	185.497862	0.0	0.0
0.007862	0.005192730	184.699245	0.0	0.0
0.007940	0.005302290	183.899246	0.0	0.0
0.008019	0.005413110	183.098101	0.0	0.0
0.008099	0.005525170	182.296042	0.0	0.0
0.008180	0.005638440	181.493301	0.0	0.0
0.008261	0.005752910	180.690123	0.0	0.0
0.008343	0.005868550	179.886723	0.0	0.0
0.008426	0.005985330	179.083361	0.0	0.0
0.008510	0.006103240	178.280254	0.0	0.0
0.008595	0.006222250	177.477650	0.0	0.0
0.008681	0.006342350	176.675779	0.0	0.0
0.008767	0.006463490	175.874879	0.0	0.0
0.008855	0.006585670	175.075186	0.0	0.0
0.008943	0.006708860	174.276916	0.0	0.0
0.009032	0.006833040	173.480304	0.0	0.0
0.009122	0.006958180	172.685580	0.0	0.0
0.009213	0.007084260	171.892954	0.0	0.0
0.009305	0.007211270	171.102653	0.0	0.0
0.009397	0.007339190	170.314888	0.0	0.0
0.009491	0.007467980	169.529862	0.0	0.0
0.009586	0.007597640	168.747778	0.0	0.0
0.009681	0.007728140	167.968839	0.0	0.0
0.009777	0.007859470	167.193241	0.0	0.0
0.009875	0.007991610	166.421166	0.0	0.0
0.009973	0.008124540	165.652795	0.0	0.0
0.010073	0.008258270	164.888276	0.0	0.0
0.010173	0.008392750	164.127848	0.0	0.0
0.010274	0.008527990	163.371634	0.0	0.0
0.010377	0.008663970	162.619790	0.0	0.0
0.010480	0.008800690	161.872468	0.0	0.0
0.010584	0.008938130	161.129811	0.0	0.0
0.010690	0.009076280	160.391959	0.0	0.0
0.010796	0.009215140	159.659044	0.0	0.0
0.010904	0.009354710	158.931192	0.0	0.0
0.011013	0.009494970	158.208523	0.0	0.0
0.011122	0.009635930	157.491086	0.0	0.0
0.011233	0.009777580	156.779054	0.0	0.0
0.011345	0.009919910	156.072528	0.0	0.0
0.011458	0.010062900	155.371541	0.0	0.0
0.011572	0.010206700	154.676244	0.0	0.0
0.011688	0.010351100	153.986659	0.0	0.0
0.011804	0.010496200	153.302866	0.0	0.0
0.011922	0.010642000	152.624937	0.0	0.0
0.012040	0.010788500	151.952937	0.0	0.0
0.012160	0.010935800	151.286873	0.0	0.0
0.012281	0.011083700	150.626855	0.0	0.0
0.012404	0.011232400	149.972933	0.0	0.0
0.012527	0.011381800	149.325045	0.0	0.0
0.012652	0.011531900	148.683337	0.0	0.0
0.012778	0.011682900	148.047741	0.0	0.0
0.012906	0.011834500	147.418290	0.0	0.0
0.013034	0.011987000	146.795060	0.0	0.0
0.013164	0.012140300	146.177977	0.0	0.0
0.013295	0.012294300	145.567106	0.0	0.0
0.013428	0.012449200	144.962461	0.0	0.0
0.013561	0.012604900	144.363963	0.0	0.0
0.013696	0.012761500	143.771663	0.0	0.0
0.013833	0.012918900	143.185566	0.0	0.0
0.013971	0.013077300	142.605627	0.0	0.0
0.014110	0.013236500	142.031804	0.0	0.0
0.014250	0.013396600	141.464131	0.0	0.0
0.014392	0.013557700	140.902522	0.0	0.0
0.014536	0.013719800	140.347042	0.0	0.0
0.014681	0.013882800	139.797563	0.0	0.0
0.014827	0.014046800	139.254109	0.0	0.0
0.014975	0.014211800	138.716623	0.0	0.0
0.015124	0.014377900	138.185124	0.0	0.0
0.015275	0.014545000	137.659481	0.0	0.0
0.015427	0.014713200	137.139742	0.0	0.0
0.015580	0.014882500	136.625814	0.0	0.0
0.015736	0.015053000	136.117637	0.0	0.0
0.015892	0.015224500	135.615218	0.0	0.0
0.016051	0.015397200	135.118495	0.0	0.0
0.016211	0.015571200	134.627405	0.0	0.0
0.016372	0.015746300	134.141919	0.0	0.0
0.016535	0.015922600	133.661974	0.0	0.0
0.016700	0.016100300	133.187536	0.0	0.0
0.016866	0.016279100	132.718516	0.0	0.0
0.017034	0.016459300	132.254906	0.0	0.0
0.017204	0.016640800	131.796618	0.0	0.0
0.017375	0.016823700	131.343616	0.0	0.0
0.017549	0.017007900	130.895837	0.0	0.0
0.017723	0.017193600	130.453247	0.0	0.0
0.017900	0.017380600	130.015783	0.0	0.0
0.018078	0.017569100	129.583383	0.0	0.0
0.018258	0.017759000	129.155986	0.0	0.0
0.018440	0.017950500	128.733533	0.0	0.0
0.018624	0.018143400	128.316010	0.0	0.0
0.018810	0.018338000	127.903311	0.0	0.0
0.018997	0.018534000	127.495422	0.0	0.0
0.019186	0.018731700	127.092262	0.0	0.0
0.019377	0.018930900	126.693773	0.0	0.0
0.019570	0.019131900	126.299920	0.0	0.0
0.019765	0.019334400	125.910643	0.0	0.0
0.019962	0.019538700	125.525869	0.0	0.0
0.020161	0.019744700	125.145561	0.0	0.0
0.020362	0.019952400	124.769665	0.0	0.0
0.020565	0.020161800	124.398126	0.0	0.0
0.020770	0.020373100	124.030890	0.0	0.0
0.020977	0.020586200	123.667888	0.0	0.0
0.021186	0.020801100	123.309103	0.0	0.0
0.021397	0.021017900	122.954449	0.0	0.0
0.021610	0.021236600	122.603893	0.0	0.0
0.021825	0.021457200	122.257386	0.0	0.0
0.022043	0.021679700	121.914861	0.0	0.0
0.022262	0.021904300	121.576272	0.0	0.0
0.022484	0.022130800	121.241586	0.0	0.0
0.022708	0.022359300	120.910742	0.0	0.0
0.022934	0.022589900	120.583680	0.0	0.0
0.023163	0.022822500	120.260383	0.0	0.0
0.023394	0.023057300	119.940764	0.0	0.0
0.023627	0.023294200	119.624809	0.0	0.0
0.023862	0.023533200	119.312447	0.0	0.0
0.024100	0.023774500	119.003650	0.0	0.0
0.024340	0.024017900	118.698377	0.0	0.0
0.024582	0.024263600	118.396549	0.0	0.0
0.024827	0.024511500	118.098164	0.0	0.0
0.025075	0.024761800	117.803146	0.0	0.0
0.025324	0.025014300	117.511470	0.0	0.0
0.025577	0.025269200	117.223086	0.0	0.0
0.025832	0.025526500	116.937957	0.0	0.0
0.026089	0.025786200	116.656037	0.0	0.0
0.026349	0.026048300	116.377279	0.0	0.0
0.026611	0.026312900	116.101660	0.0	0.0
0.026876	0.026580000	115.829123	0.0	0.0
0.027144	0.026849600	115.559627	0.0	0.0
0.027415	0.027121700	115.293149	0.0	0.0
0.027688	0.027396400	115.029646	0.0	0.0
0.027964	0.027673700	114.769078	0.0	0.0
0.028242	0.027953700	114.511395	0.0	0.0
0.028524	0.028236300	114.256587	0.0	0.0
0.028808	0.028521700	114.004586	0.0	0.0
0.029095	0.028809700	113.755383	0.0	0.0
0.029385	0.029100500	113.508931	0.0	0.0
0.029677	0.029394100	113.265195	0.0	0.0
0.029973	0.029690500	113.024140	0.0	0.0
0.030272	0.029989800	112.785738	0.0	0.0
0.030573	0.030291900	112.549949	0.0	0.0
0.030878	0.030597000	112.316746	0.0	0.0
0.031185	0.030905000	112.086097	0.0	0.0
0.031496	0.031216000	111.857964	0.0	0.0
0.031810	0.031530000	111.632314	0.0	0.0
0.032127	0.031847000	111.409125	0.0	0.0
0.032447	0.032167100	111.188361	0.0	0.0
0.032770	0.032490300	110.969991	0.0	0.0
0.033097	0.032816700	110.753987	0.0	0.0
0.033426	0.033146200	110.540322	0.0	0.0
0.033759	0.033478900	110.328962	0.0	0.0
0.034096	0.033814900	110.119885	0.0	0.0
0.034435	0.034154200	109.913055	0.0	0.0
0.034778	0.034496700	109.708451	0.0	0.0
0.035125	0.034842600	109.506048	0.0	0.0
0.035475	0.035191900	109.305810	0.0	0.0
0.035828	0.035544600	109.107714	0.0	0.0
0.036185	0.035900800	108.911740	0.0	0.0
0.036546	0.036260500	108.717851	0.0	0.0
0.036910	0.036623700	108.526034	0.0	0.0
0.037278	0.036990400	108.336256	0.0	0.0
0.037649	0.037360700	108.148492	0.0	0.0
0.038024	0.037734700	107.962725	0.0	0.0
0.038403	0.038112400	107.778920	0.0	0.0
0.038785	0.038493700	107.597067	0.0	0.0
0.039172	0.038878900	107.417131	0.0	0.0
0.039562	0.039267800	107.239093	0.0	0.0
0.039956	0.039660500	107.062934	0.0	0.0
0.040354	0.040057100	106.888628	0.0	0.0
0.040756	0.040457600	106.716152	0.0	0.0
0.041162	0.040862100	106.545483	0.0	0.0
0.041572	0.041270500	106.376610	0.0	0.0
0.041987	0.041683000	106.209498	0.0	0.0
0.042405	0.042099600	106.044135	0.0	0.0
0.042827	0.042520200	105.880497	0.0	0.0
0.043254	0.042945100	105.718569	0.0	0.0
0.043685	0.043374100	105.558323	0.0	0.0
0.044120	0.043807400	105.399745	0.0	0.0
0.044560	0.044244900	105.242812	0.0	0.0
0.045004	0.044686800	105.087506	0.0	0.0
0.045452	0.045133000	104.933811	0.0	0.0
0.045905	0.045583700	104.781708	0.0	0.0
0.046362	0.046038800	104.631174	0.0	0.0
0.046824	0.046498400	104.482196	0.0	0.0
0.047291	0.046962600	104.334751	0.0	0.0
0.047762	0.047431400	104.188826	0.0	0.0
0.048238	0.047904800	104.044400	0.0	0.0
0.048718	0.048383000	103.901462	0.0	0.0
0.049204	0.048865800	103.759986	0.0	0.0
0.049694	0.049353500	103.619962	0.0	0.0
0.050189	0.049846000	103.481372	0.0	0.0
0.050689	0.050343300	103.344197	0.0	0.0
0.051194	0.050845600	103.208424	0.0	0.0
0.051704	0.051352900	103.074036	0.0	0.0
0.052219	0.051865200	102.941018	0.0	0.0
0.052739	0.052382600	102.809354	0.0	0.0
0.053265	0.052905200	102.679028	0.0	0.0
0.053795	0.053432900	102.550026	0.0	0.0
0.054331	0.053965800	102.422332	0.0	0.0
0.054873	0.054504100	102.295935	0.0	0.0
0.055419	0.055047700	102.170815	0.0	0.0
0.055971	0.055596700	102.046960	0.0	0.0
0.056529	0.056151200	101.924358	0.0	0.0
0.057092	0.056711100	101.802993	0.0	0.0
0.057661	0.057276700	101.682849	0.0	0.0
0.058235	0.057847800	101.563916	0.0	0.0
0.058816	0.058424700	101.446181	0.0	0.0
0.059402	0.059007200	101.329628	0.0	0.0
0.059993	0.059595600	101.214245	0.0	0.0
0.060591	0.060189800	101.100018	0.0	0.0
0.061195	0.060789900	100.986936	0.0	0.0
0.061804	0.061396000	100.874986	0.0	0.0
0.062420	0.062008100	100.764154	0.0	0.0
0.063042	0.062626300	100.654428	0.0	0.0
0.063670	0.063250600	100.545798	0.0	0.0
0.064304	0.063881200	100.438251	0.0	0.0
0.064945	0.064518000	100.331773	0.0	0.0
0.065592	0.065161200	100.226355	0.0	0.0
0.066246	0.065810700	100.121985	0.0	0.0
0.066906	0.066466800	100.018649	0.0	0.0
0.067572	0.067129300	99.916338	0.0	0.0
0.068245	0.067798500	99.815041	0.0	0.0
0.068925	0.068474300	99.714746	0.0	0.0
0.069612	0.069156800	99.615441	0.0	0.0
0.070305	0.069846200	99.517118	0.0	0.0
0.071006	0.070542300	99.419764	0.0	0.0
0.071713	0.071245400	99.323370	0.0	0.0
0.072428	0.071955600	99.227924	0.0	0.0
0.073149	0.072672800	99.133417	0.0	0.0
0.073878	0.073397100	99.039837	0.0	0.0
0.074614	0.074128600	98.947177	0.0	0.0
0.075357	0.074867400	98.855424	0.0	0.0
0.076108	0.075613600	98.764569	0.0	0.0
0.076866	0.076367200	98.674603	0.0	0.0
0.077632	0.077128300	98.585516	0.0	0.0
0.078406	0.077897000	98.497300	0.0	0.0
0.079187	0.078673400	98.409941	0.0	0.0
0.079976	0.079457400	98.323435	0.0	0.0
0.080773	0.080249300	98.237771	0.0	0.0
0.081577	0.081049100	98.152938	0.0	0.0
0.082390	0.081856800	98.068928	0.0	0.0
0.083211	0.082672600	97.985734	0.0	0.0
0.084040	0.083496500	97.903345	0.0	0.0
0.084877	0.084328700	97.821754	0.0	0.0
0.085723	0.085169000	97.740950	0.0	0.0
0.086577	0.086017800	97.660927	0.0	0.0
0.087439	0.086875100	97.581675	0.0	0.0
0.088310	0.087740800	97.503186	0.0	0.0
0.089190	0.088615200	97.425453	0.0	0.0
0.090079	0.089498300	97.348465	0.0	0.0
0.090976	0.090390200	97.272218	0.0	0.0
0.091883	0.091291000	97.196700	0.0	0.0
0.092798	0.092200800	97.121905	0.0	0.0
0.093722	0.093119600	97.047825	0.0	0.0
0.094656	0.094047600	96.974453	0.0	0.0
0.095599	0.094984800	96.901781	0.0	0.0
0.096552	0.095931400	96.829800	0.0	0.0
0.097514	0.096887300	96.758505	0.0	0.0
0.098485	0.097852900	96.687886	0.0	0.0
0.099466	0.098828000	96.617938	0.0	0.0
0.100457	0.099812900	96.548650	0.0	0.0
0.101458	0.100808000	96.480022	0.0	0.0
0.102469	0.101812000	96.412040	0.0	0.0
0.103490	0.102827000	96.344697	0.0	0.0
0.104521	0.103851000	96.277994	0.0	0.0
0.105562	0.104886000	96.211916	0.0	0.0
0.106614	0.105932000	96.146458	0.0	0.0
0.107676	0.106987000	96.081618	0.0	0.0
0.108749	0.108053000	96.017379	0.0	0.0
0.109832	0.109130000	95.953746	0.0	0.0
0.110926	0.110218000	95.890706	0.0	0.0
0.112031	0.111316000	95.828249	0.0	0.0
0.113148	0.112426000	95.766379	0.0	0.0
0.114275	0.113546000	95.705081	0.0	0.0
0.115413	0.114677000	95.644358	0.0	0.0
0.116563	0.115820000	95.584189	0.0	0.0
0.117724	0.116974000	95.524585	0.0	0.0
0.118897	0.118140000	95.465524	0.0	0.0
0.120082	0.119318000	95.407012	0.0	0.0
0.121278	0.120507000	95.349034	0.0	0.0
0.122486	0.121708000	95.291594	0.0	0.0
0.123707	0.122921000	95.234678	0.0	0.0
0.124939	0.124146000	95.178281	0.0	0.0
0.126184	0.125383000	95.122402	0.0	0.0
0.127441	0.126632000	95.067033	0.0	0.0
0.128711	0.127894000	95.012164	0.0	0.0
0.129993	0.129169000	94.957796	0.0	0.0
0.131288	0.130456000	94.903920	0.0	0.0
0.132596	0.131756000	94.850531	0.0	0.0
0.133917	0.133069000	94.797625	0.0	0.0
0.135251	0.134396000	94.745194	0.0	0.0
0.136599	0.135735000	94.693238	0.0	0.0
0.137960	0.137088000	94.641745	0.0	0.0
0.139334	0.138454000	94.590712	0.0	0.0
0.140722	0.139834000	94.540137	0.0	0.0
0.142124	0.141228000	94.490011	0.0	0.0
0.143540	0.142635000	94.440333	0.0	0.0
0.144970	0.144057000	94.391091	0.0	0.0
0.146414	0.145492000	94.342287	0.0	0.0
0.147873	0.146943000	94.293917	0.0	0.0
0.149346	0.148407000	94.245967	0.0	0.0
0.150834	0.149886000	94.198443	0.0	0.0
0.152337	0.151380000	94.151330	0.0	0.0
0.153855	0.152889000	94.104631	0.0	0.0
0.155387	0.154413000	94.058339	0.0	0.0
0.156935	0.155952000	94.012451	0.0	0.0
0.158499	0.157506000	93.966959	0.0	0.0
0.160078	0.159076000	93.921859	0.0	0.0
0.161673	0.160662000	93.877148	0.0	0.0
0.163284	0.162263000	93.832820	0.0	0.0
0.164910	0.163880000	93.788871	0.0	0.0
0.166553	0.165514000	93.745300	0.0	0.0
0.168213	0.167164000	93.702098	0.0	0.0
0.169888	0.168830000	93.659262	0.0	0.0
0.171581	0.170513000	93.616789	0.0	0.0
0.173290	0.172212000	93.574674	0.0	0.0
0.175017	0.173929000	93.532911	0.0	0.0
0.176760	0.175663000	93.491499	0.0	0.0
0.178521	0.177414000	93.450432	0.0	0.0
0.180300	0.179182000	93.409705	0.0	0.0
0.182096	0.180969000	93.369316	0.0	0.0
0.183910	0.182773000	93.329262	0.0	0.0
0.185743	0.184595000	93.289535	0.0	0.0
0.187593	0.186435000	93.250133	0.0	0.0
0.189462	0.188293000	93.211054	0.0	0.0
0.191350	0.190170000	93.172291	0.0	0.0
0.193256	0.192066000	93.133843	0.0	0.0
0.195181	0.193981000	93.095703	0.0	0.0
0.197126	0.195915000	93.057870	0.0	0.0
0.199090	0.197868000	93.020339	0.0	0.0
0.201073	0.199841000	92.983105	0.0	0.0
0.203077	0.201833000	92.946168	0.0	0.0
0.205100	0.203845000	92.909520	0.0	0.0
0.207143	0.205878000	92.873159	0.0	0.0
0.209207	0.207930000	92.837083	0.0	0.0
0.211291	0.210004000	92.801288	0.0	0.0
0.213396	0.212097000	92.765768	0.0	0.0
0.215522	0.214212000	92.730522	0.0	0.0
0.217669	0.216348000	92.695544	0.0	0.0
0.219838	0.218505000	92.660835	0.0	0.0
0.222028	0.220684000	92.626387	0.0	0.0
0.224240	0.222884000	92.592198	0.0	0.0
0.226474	0.225107000	92.558265	0.0	0.0
0.228730	0.227352000	92.524585	0.0	0.0
0.231009	0.229619000	92.491153	0.0	0.0
0.233311	0.231908000	92.457967	0.0	0.0
0.235635	0.234221000	92.425024	0.0	0.0
0.237983	0.236557000	92.392322	0.0	0.0
0.240354	0.238916000	92.359853	0.0	0.0
0.242748	0.241299000	92.327618	0.0	0.0
0.245167	0.243705000	92.295613	0.0	0.0
0.247609	0.246135000	92.263834	0.0	0.0
0.250076	0.248590000	92.232278	0.0	0.0
0.252567	0.251070000	92.200943	0.0	0.0
0.255084	0.253574000	92.169826	0.0	0.0
0.257625	0.256103000	92.138920	0.0	0.0
0.260192	0.258657000	92.108227	0.0	0.0
0.262784	0.261237000	92.077742	0.0	0.0
0.265402	0.263843000	92.047461	0.0	0.0
0.268046	0.266475000	92.017382	0.0	0.0
0.270716	0.269133000	91.987503	0.0	0.0
0.273413	0.271817000	91.957818	0.0	0.0
0.276137	0.274529000	91.928328	0.0	0.0
0.278888	0.277267000	91.899027	0.0	0.0
0.281667	0.280033000	91.869913	0.0	0.0
0.284473	0.282827000	91.840983	0.0	0.0
0.287307	0.285649000	91.812236	0.0	0.0
0.290170	0.288499000	91.783667	0.0	0.0
0.293060	0.291377000	91.755273	0.0	0.0
0.295980	0.294284000	91.727053	0.0	0.0
0.298929	0.297220000	91.699003	0.0	0.0
0.301907	0.300186000	91.671120	0.0	0.0
0.304915	0.303181000	91.643402	0.0	0.0
0.307953	0.306206000	91.615845	0.0	0.0
0.311021	0.309262000	91.588449	0.0	0.0
0.314119	0.312348000	91.561208	0.0	0.0
0.317249	0.315465000	91.534122	0.0	0.0
0.320409	0.318613000	91.507187	0.0	0.0
0.323602	0.321793000	91.480399	0.0	0.0
0.326825	0.325005000	91.453758	0.0	0.0
0.330082	0.328248000	91.427260	0.0	0.0
0.333370	0.331525000	91.400903	0.0	0.0
0.336691	0.334834000	91.374684	0.0	0.0
0.340046	0.338176000	91.348600	0.0	0.0
0.343433	0.341551000	91.322649	0.0	0.0
0.346855	0.344961000	91.296829	0.0	0.0
0.350311	0.348404000	91.271136	0.0	0.0
0.353801	0.351883000	91.245568	0.0	0.0
0.357325	0.355396000	91.220123	0.0	0.0
0.360885	0.358944000	91.194798	0.0	0.0
0.364481	0.362527000	91.169591	0.0	0.0
0.368112	0.366147000	91.144499	0.0	0.0
0.371779	0.369803000	91.119520	0.0	0.0
0.375483	0.373496000	91.094651	0.0	0.0
0.379224	0.377225000	91.069890	0.0	0.0
0.383002	0.380992000	91.045235	0.0	0.0
0.386818	0.384797000	91.020682	0.0	0.0
0.390672	0.388640000	90.996230	0.0	0.0
0.394564	0.392522000	90.971875	0.0	0.0
0.398495	0.396442000	90.947617	0.0	0.0
0.402465	0.400402000	90.923452	0.0	0.0
0.406474	0.404402000	90.899378	0.0	0.0
0.410524	0.408441000	90.875392	0.0	0.0
0.414614	0.412522000	90.851493	0.0	0.0
0.418745	0.416643000	90.827678	0.0	0.0
0.422916	0.420806000	90.803944	0.0	0.0
0.427130	0.425010000	90.780289	0.0	0.0
0.431385	0.429257000	90.756711	0.0	0.0
0.435683	0.433546000	90.733208	0.0	0.0
0.440024	0.437878000	90.709777	0.0	0.0
0.444407	0.442254000	90.686416	0.0	0.0
0.448835	0.446674000	90.663122	0.0	0.0
0.453307	0.451138000	90.639894	0.0	0.0
0.457823	0.455647000	90.616729	0.0	0.0
0.462384	0.460202000	90.593624	0.0	0.0
0.466990	0.464802000	90.570578	0.0	0.0
0.471643	0.469449000	90.547589	0.0	0.0
0.476342	0.474142000	90.524652	0.0	0.0
0.481087	0.478882000	90.501769	0.0	0.0
0.485880	0.483671000	90.478933	0.0	0.0
0.490721	0.488506000	90.456146	0.0	0.0
0.495610	0.493391000	90.433404	0.0	0.0
0.500547	0.498326000	90.410704	0.0	0.0
0.505534	0.503309000	90.388044	0.0	0.0
0.510571	0.508344000	90.365424	0.0	0.0
0.515657	0.513428000	90.342838	0.0	0.0
0.520795	0.518564000	90.320287	0.0	0.0
0.525983	0.523751000	90.297767	0.0	0.0
0.531224	0.528991000	90.275277	0.0	0.0
0.536516	0.534284000	90.252814	0.0	0.0
0.541861	0.539629000	90.230376	0.0	0.0
0.547260	0.545029000	90.207960	0.0	0.0
0.552712	0.550483000	90.185566	0.0	0.0
0.558218	0.555992000	90.163189	0.0	0.0
0.563780	0.561557000	90.140828	0.0	0.0
0.569396	0.567178000	90.118482	0.0	0.0
0.575069	0.572855000	90.096147	0.0	0.0
0.580798	0.578590000	90.073822	0.0	0.0
0.586585	0.584382000	90.051504	0.0	0.0
0.592429	0.590233000	90.029191	0.0	0.0
0.598331	0.596143000	90.006882	0.0	0.0
0.604292	0.602113000	89.984573	0.0	0.0
0.610312	0.608143000	89.962262	0.0	0.0
0.616392	0.614234000	89.939948	0.0	0.0
0.622533	0.620386000	89.917628	0.0	0.0
0.628736	0.626601000	89.895301	0.0	0.0
0.634999	0.632877000	89.872963	0.0	0.0
0.641326	0.639218000	89.850612	0.0	0.0
0.647715	0.645623000	89.828247	0.0	0.0
0.654168	0.652092000	89.805866	0.0	0.0
0.660685	0.658626000	89.783465	0.0	0.0
0.667268	0.665227000	89.761043	0.0	0.0
0.673915	0.671894000	89.738597	0.0	0.0
0.680629	0.678629000	89.716127	0.0	0.0
0.687410	0.685432000	89.693628	0.0	0.0
0.694259	0.692303000	89.671099	0.0	0.0
0.701175	0.699244000	89.648538	0.0	0.0
0.708161	0.706256000	89.625942	0.0	0.0
0.715216	0.713338000	89.603310	0.0	0.0
0.722342	0.720491000	89.580639	0.0	0.0
0.729538	0.727717000	89.557927	0.0	0.0
0.736806	0.735017000	89.535172	0.0	0.0
0.744147	0.742390000	89.512371	0.0	0.0
0.751561	0.749837000	89.489522	0.0	0.0
0.759048	0.757360000	89.466623	0.0	0.0
0.766610	0.764959000	89.443672	0.0	0.0
0.774248	0.772635000	89.420666	0.0	0.0
0.781961	0.780389000	89.397603	0.0	0.0
0.789752	0.788221000	89.374482	0.0	0.0
0.797620	0.796132000	89.351298	0.0	0.0
0.805566	0.804123000	89.328052	0.0	0.0
0.813592	0.812195000	89.304739	0.0	0.0
0.821698	0.820350000	89.281358	0.0	0.0
0.829884	0.828586000	89.257907	0.0	0.0
0.838152	0.836906000	89.234383	0.0	0.0
0.846502	0.845309000	89.210783	0.0	0.0
0.854936	0.853798000	89.187107	0.0	0.0
0.863453	0.862373000	89.163350	0.0	0.0
0.872055	0.871035000	89.139511	0.0	0.0
0.880743	0.879784000	89.115588	0.0	0.0
0.889518	0.888621000	89.091578	0.0	0.0
0.898380	0.897549000	89.067480	0.0	0.0
0.907330	0.906566000	89.043289	0.0	0.0
0.916370	0.915675000	89.019005	0.0	0.0
0.925499	0.924875000	88.994624	0.0	0.0
0.934720	0.934169000	88.970145	0.0	0.0
0.944032	0.943556000	88.945564	0.0	0.0
0.953437	0.953038000	88.920881	0.0	0.0
0.962936	0.962616000	88.896091	0.0	0.0
0.972529	0.972291000	88.871193	0.0	0.0
0.982218	0.982063000	88.846184	0.0	0.0
0.992004	0.991934000	88.821062	0.0	0.0
1.001887	1.001900000	88.795824	0.0	0.0
1.011868	1.011980000	88.770470	0.0	0.0
1.021949	1.022150000	88.744993	0.0	0.0
1.032131	1.032420000	88.719392	0.0	0.0
1.042414	1.042800000	88.693666	0.0	0.0
1.052799	1.053290000	88.667813	0.0	0.0
1.063288	1.063870000	88.641828	0.0	0.0
1.073881	1.074570000	88.615712	0.0	0.0
1.084580	1.085370000	88.589458	0.0	0.0
1.095385	1.096280000	88.563067	0.0	0.0
1.106298	1.107300000	88.536534	0.0	0.0
1.117320	1.118440000	88.509857	0.0	0.0
1.128451	1.129680000	88.483036	0.0	0.0
1.139694	1.141030000	88.456064	0.0	0.0
1.151048	1.152500000	88.428942	0.0	0.0
1.162516	1.164090000	88.401664	0.0	0.0
1.174097	1.175790000	88.374232	0.0	0.0
1.185794	1.187600000	88.346639	0.0	0.0
1.197608	1.199540000	88.318883	0.0	0.0
1.209540	1.211590000	88.290962	0.0	0.0
1.221590	1.223770000	88.262874	0.0	0.0
1.233760	1.236060000	88.234617	0.0	0.0
1.246052	1.248480000	88.206185	0.0	0.0
1.258466	1.261020000	88.177577	0.0	0.0
1.271004	1.273690000	88.148790	0.0	0.0
1.283666	1.286480000	88.119824	0.0	0.0
1.296455	1.299390000	88.090671	0.0	0.0
1.309371	1.312440000	88.061332	0.0	0.0
1.322416	1.325610000	88.031802	0.0	0.0
1.335591	1.338920000	88.002079	0.0	0.0
1.348897	1.352350000	87.972161	0.0	0.0
1.362336	1.365920000	87.942043	0.0	0.0
1.375908	1.379620000	87.911725	0.0	0.0
1.389616	1.393460000	87.881200	0.0	0.0
1.403460	1.407430000	87.850469	0.0	0.0
1.417443	1.421530000	87.819525	0.0	0.0
1.431564	1.435780000	87.788370	0.0	0.0
1.445826	1.450160000	87.756997	0.0	0.0
1.460231	1.464680000	87.725403	0.0	0.0
1.474779	1.479350000	87.693586	0.0	0.0
1.489471	1.494160000	87.661546	0.0	0.0
1.504310	1.509110000	87.629275	0.0	0.0
1.519297	1.524200000	87.596771	0.0	0.0
1.534434	1.539440000	87.564030	0.0	0.0
1.549721	1.554830000	87.531052	0.0	0.0
1.565160	1.570360000	87.497832	0.0	0.0
1.580753	1.586050000	87.464367	0.0	0.0
1.596502	1.601880000	87.430652	0.0	0.0
1.612408	1.617870000	87.396685	0.0	0.0
1.628471	1.634010000	87.362466	0.0	0.0
1.644695	1.650300000	87.327987	0.0	0.0
1.661081	1.666750000	87.293245	0.0	0.0
1.677630	1.683350000	87.258238	0.0	0.0
1.694344	1.700110000	87.222962	0.0	0.0
1.711224	1.717030000	87.187415	0.0	0.0
1.728272	1.734110000	87.151593	0.0	0.0
1.745491	1.751340000	87.115490	0.0	0.0
1.762880	1.768740000	87.079107	0.0	0.0
1.780443	1.786310000	87.042437	0.0	0.0
1.798181	1.804040000	87.005477	0.0	0.0
1.816096	1.821930000	86.968222	0.0	0.0
1.834189	1.839990000	86.930672	0.0	0.0
1.852463	1.858220000	86.892820	0.0	0.0
1.870918	1.876620000	86.854666	0.0	0.0
1.889558	1.895190000	86.816201	0.0	0.0
1.908383	1.913930000	86.777426	0.0	0.0
1.927396	1.932850000	86.738335	0.0	0.0
1.946598	1.951940000	86.698925	0.0	0.0
1.965991	1.971210000	86.659193	0.0	0.0
1.985578	1.990660000	86.619132	0.0	0.0
2.005359	2.010280000	86.578742	0.0	0.0
2.025338	2.030090000	86.538016	0.0	0.0
2.045516	2.050080000	86.496951	0.0	0.0
2.065895	2.070250000	86.455543	0.0	0.0
2.086477	2.090620000	86.413788	0.0	0.0
2.107264	2.111170000	86.371683	0.0	0.0
2.128258	2.131910000	86.329222	0.0	0.0
2.149461	2.152840000	86.286403	0.0	0.0
2.170875	2.173970000	86.243221	0.0	0.0
2.192503	2.195290000	86.199671	0.0	0.0
2.214346	2.216820000	86.155749	0.0	0.0
2.236407	2.238540000	86.111451	0.0	0.0
2.258688	2.260470000	86.066772	0.0	0.0
2.281191	2.282600000	86.021709	0.0	0.0
2.303917	2.304940000	85.976259	0.0	0.0
2.326871	2.327500000	85.930412	0.0	0.0
2.350052	2.350260000	85.884171	0.0	0.0
2.373465	2.373250000	85.837525	0.0	0.0
2.397111	2.396460000	85.790474	0.0	0.0
2.420993	2.419890000	85.743010	0.0	0.0
2.445113	2.443550000	85.695130	0.0	0.0
2.469473	2.467430000	85.646830	0.0	0.0
2.494075	2.491560000	85.598106	0.0	0.0
2.518923	2.515920000	85.548950	0.0	0.0
2.544018	2.540530000	85.499360	0.0	0.0
2.569364	2.565380000	85.449329	0.0	0.0
2.594961	2.590490000	85.398857	0.0	0.0
2.620814	2.615850000	85.347934	0.0	0.0
2.646925	2.641470000	85.296555	0.0	0.0
2.673295	2.667360000	85.244720	0.0	0.0
2.699928	2.693520000	85.192420	0.0	0.0
2.726827	2.719960000	85.139650	0.0	0.0
2.753994	2.746680000	85.086405	0.0	0.0
2.781431	2.773690000	85.032682	0.0	0.0
2.809141	2.800990000	84.978475	0.0	0.0
2.837128	2.828600000	84.923777	0.0	0.0
2.865393	2.856510000	84.868585	0.0	0.0
2.893941	2.884740000	84.812890	0.0	0.0
2.922772	2.913280000	84.756693	0.0	0.0
2.951891	2.942150000	84.699982	0.0	0.0
2.981300	2.971360000	84.642756	0.0	0.0
3.011001	3.000900000	84.585009	0.0	0.0
3.040999	3.030790000	84.526732	0.0	0.0
3.071296	3.061040000	84.467922	0.0	0.0
3.101894	3.091650000	84.408575	0.0	0.0
3.132797	3.122630000	84.348683	0.0	0.0
3.164008	3.153980000	84.288241	0.0	0.0
3.195530	3.185710000	84.227242	0.0	0.0
3.227367	3.217840000	84.165680	0.0	0.0
3.259520	3.250350000	84.103552	0.0	0.0
3.291993	3.283280000	84.040852	0.0	0.0
3.324791	3.316610000	83.977568	0.0	0.0
3.357915	3.350350000	83.913701	0.0	0.0
3.391368	3.384510000	83.849243	0.0	0.0
3.425156	3.419100000	83.784184	0.0	0.0
3.459279	3.454120000	83.718525	0.0	0.0
3.493743	3.489570000	83.652253	0.0	0.0
3.528550	3.525460000	83.585364	0.0	0.0
3.563704	3.561790000	83.517853	0.0	0.0
3.599208	3.598560000	83.449712	0.0	0.0
3.635066	3.635770000	83.380934	0.0	0.0
3.671281	3.673430000	83.311515	0.0	0.0
3.707857	3.711540000	83.241446	0.0	0.0
3.744797	3.750090000	83.170723	0.0	0.0
3.782106	3.789080000	83.099335	0.0	0.0
3.819786	3.828510000	83.027279	0.0	0.0
3.857841	3.868370000	82.954547	0.0	0.0
3.896276	3.908670000	82.881132	0.0	0.0
3.935093	3.949390000	82.807028	0.0	0.0
3.974297	3.990520000	82.732227	0.0	0.0
4.013892	4.032070000	82.656721	0.0	0.0
4.053881	4.074020000	82.580506	0.0	0.0
4.094269	4.116360000	82.503571	0.0	0.0
4.135059	4.159080000	82.425911	0.0	0.0
4.176255	4.202180000	82.347519	0.0	0.0
4.217862	4.245630000	82.268387	0.0	0.0
4.259883	4.289420000	82.188507	0.0	0.0
4.302323	4.333550000	82.107873	0.0	0.0
4.345186	4.378000000	82.026475	0.0	0.0
4.388476	4.422760000	81.944307	0.0	0.0
4.432197	4.467820000	81.861363	0.0	0.0
4.476353	4.513150000	81.777633	0.0	0.0
4.520950	4.558760000	81.693109	0.0	0.0
4.565991	4.604630000	81.607784	0.0	0.0
4.611480	4.650750000	81.521651	0.0	0.0
4.657423	4.697110000	81.434699	0.0	0.0
4.703824	4.743710000	81.346922	0.0	0.0
4.750687	4.790550000	81.258312	0.0	0.0
4.798016	4.837620000	81.168862	0.0	0.0
4.845817	4.884930000	81.078561	0.0	0.0
4.894095	4.932470000	80.987401	0.0	0.0
4.942853	4.980270000	80.895376	0.0	0.0
4.992097	5.028330000	80.802476	0.0	0.0
5.041832	5.076670000	80.708691	0.0	0.0
5.092062	5.125310000	80.614015	0.0	0.0
5.142793	5.174270000	80.518437	0.0	0.0
5.194029	5.223580000	80.421950	0.0	0.0
5.245776	5.273280000	80.324543	0.0	0.0
5.298038	5.323410000	80.226210	0.0	0.0
5.350821	5.374010000	80.126940	0.0	0.0
5.404129	5.425120000	80.026727	0.0	0.0
5.457969	5.476780000	79.925557	0.0	0.0
5.512345	5.529070000	79.823424	0.0	0.0
5.567263	5.582020000	79.720317	0.0	0.0
5.622728	5.635710000	79.616228	0.0	0.0
5.678746	5.690170000	79.511147	0.0	0.0
5.735321	5.745470000	79.405066	0.0	0.0
5.792460	5.801670000	79.297974	0.0	0.0
5.850169	5.858820000	79.189860	0.0	0.0
5.908453	5.916960000	79.080716	0.0	0.0
5.967317	5.976140000	78.970532	0.0	0.0
6.026767	6.036390000	78.859300	0.0	0.0
6.086810	6.097760000	78.747007	0.0	0.0
6.147451	6.160240000	78.633644	0.0	0.0
6.208696	6.223860000	78.519201	0.0	0.0
6.270552	6.288620000	78.403666	0.0	0.0
6.333023	6.354490000	78.287034	0.0	0.0
6.396117	6.421450000	78.169290	0.0	0.0
6.459840	6.489460000	78.050423	0.0	0.0
6.524198	6.558460000	77.930425	0.0	0.0
6.589196	6.628380000	77.809287	0.0	0.0
6.654842	6.699140000	77.686995	0.0	0.0
6.721143	6.770640000	77.563538	0.0	0.0
6.788103	6.842780000	77.438909	0.0	0.0
6.855731	6.915450000	77.313093	0.0	0.0
6.924033	6.988520000	77.186080	0.0	0.0
6.993015	7.061880000	77.057862	0.0	0.0
7.062684	7.135390000	76.928425	0.0	0.0
7.133048	7.208950000	76.797757	0.0	0.0
7.204112	7.282460000	76.665849	0.0	0.0
7.275884	7.355800000	76.532690	0.0	0.0
7.348372	7.428900000	76.398265	0.0	0.0
7.421582	7.501720000	76.262566	0.0	0.0
7.495521	7.574210000	76.125580	0.0	0.0
7.570196	7.646390000	75.987297	0.0	0.0
7.645616	7.718270000	75.847702	0.0	0.0
7.721787	7.789940000	75.706785	0.0	0.0
7.798717	7.861490000	75.564534	0.0	0.0
7.876413	7.933060000	75.420938	0.0	0.0
7.954883	8.004830000	75.275984	0.0	0.0
8.034135	8.077000000	75.129660	0.0	0.0
8.114177	8.149800000	74.981952	0.0	0.0
8.195016	8.223470000	74.832850	0.0	0.0
8.276661	8.298290000	74.682340	0.0	0.0
8.359119	8.374520000	74.530411	0.0	0.0
8.442398	8.452390000	74.377050	0.0	0.0
8.526507	8.532160000	74.222245	0.0	0.0
8.611454	8.614020000	74.065981	0.0	0.0
8.697247	8.698120000	73.908248	0.0	0.0
8.783896	8.784570000	73.749029	0.0	0.0
8.871407	8.873410000	73.588316	0.0	0.0
8.959790	8.964580000	73.426094	0.0	0.0
9.049054	9.057960000	73.262349	0.0	0.0
9.139207	9.153380000	73.097068	0.0	0.0
9.230258	9.250530000	72.930239	0.0	0.0
9.322216	9.349070000	72.761849	0.0	0.0
9.415091	9.448590000	72.591881	0.0	0.0
9.508890	9.548630000	72.420326	0.0	0.0
9.603625	9.648720000	72.247166	0.0	0.0
9.699303	9.748360000	72.072391	0.0	0.0
9.795934	9.847120000	71.895987	0.0	0.0
9.893528	9.944590000	71.717938	0.0	0.0
9.992094	10.040500000	71.538232	0.0	0.0
10.091640	10.134600000	71.356857	0.0	0.0
10.192180	10.226800000	71.173793	0.0	0.0
10.293720	10.317300000	70.989032	0.0	0.0
10.396280	10.406300000	70.802542	0.0	0.0
10.499850	10.494300000	70.614345	0.0	0.0
10.604460	10.581800000	70.424390	0.0	0.0
10.710110	10.669500000	70.232682	0.0	0.0
10.816810	10.758200000	70.039207	0.0	0.0
10.924570	10.848800000	69.843952	0.0	0.0
11.033410	10.942100000	69.646884	0.0	0.0
11.143340	11.038900000	69.447990	0.0	0.0
11.254350	11.139800000	69.247293	0.0	0.0
11.366480	11.245100000	69.044725	0.0	0.0
11.479720	11.355100000	68.840311	0.0	0.0
11.594090	11.469600000	68.634017	0.0	0.0
11.709600	11.588100000	68.425832	0.0	0.0
11.826250	11.709900000	68.215761	0.0	0.0
11.944080	11.833900000	68.003737	0.0	0.0
12.063070	11.958800000	67.789802	0.0	0.0
12.183250	12.083100000	67.573907	0.0	0.0
12.304630	12.205500000	67.356040	0.0	0.0
12.427220	12.324800000	67.136189	0.0	0.0
12.551030	12.439800000	66.914342	0.0	0.0
12.676070	12.550000000	66.690487	0.0	0.0
12.802360	12.655600000	66.464595	0.0	0.0
12.929900	12.756900000	66.236671	0.0	0.0
13.058720	12.855500000	66.006669	0.0	0.0
13.188820	12.953200000	65.774595	0.0	0.0
13.320220	13.052500000	65.540420	0.0	0.0
13.452920	13.156100000	65.304150	0.0	0.0
13.586950	13.266800000	65.065740	0.0	0.0
13.722310	13.386700000	64.825196	0.0	0.0
13.859020	13.517500000	64.582490	0.0	0.0
13.997100	13.659200000	64.337593	0.0	0.0
14.136540	13.810300000	64.090531	0.0	0.0
14.277380	13.966900000	63.841240	0.0	0.0
14.419620	14.122700000	63.589727	0.0	0.0
14.563280	14.268900000	63.335965	0.0	0.0
14.708370	14.393900000	63.079945	0.0	0.0
14.854910	14.484300000	62.821638	0.0	0.0
15.002900	14.524600000	62.561052	0.0	0.0
15.152370	14.498500000	62.298144	0.0	0.0
15.303330	14.390000000	62.032903	0.0	0.0
15.455790	14.184300000	61.765320	0.0	0.0
15.609770	13.869000000	61.495368	0.0	0.0
15.765290	13.435500000	61.223021	0.0	0.0
15.922350	12.880100000	60.948287	0.0	0.0
16.080980	12.204300000	60.671123	0.0	0.0
16.241190	11.416200000	60.391519	0.0	0.0
16.403000	10.529400000	60.109450	0.0	0.0
16.566420	9.563450000	59.824906	0.0	0.0
16.731460	8.542340000	59.537880	0.0	0.0
16.898160	7.493400000	59.248310	0.0	0.0
17.066510	6.445520000	58.956223	0.0	0.0
17.236540	5.427310000	58.661575	0.0	0.0
17.408260	4.465190000	58.364359	0.0	0.0
17.581690	3.581690000	58.064549	0.0	0.0
17.756850	2.794090000	57.762118	0.0	0.0
17.933760	2.113510000	57.457042	0.0	0.0
18.112430	1.544580000	57.149312	0.0	0.0
18.292880	1.085720000	56.838903	0.0	0.0
18.475120	0.729897000	56.525806	0.0	0.0
18.659180	0.465838000	56.209979	0.0	0.0
18.845080	0.279460000	55.891395	0.0	0.0
19.032830	0.155395000	55.570047	0.0	0.0
19.222450	0.078406000	55.245908	0.0	0.0
19.413950	0.034568900	54.918970	0.0	0.0
19.607370	0.012183400	54.589172	0.0	0.0
19.802710	0.002413970	54.256523	0.0	0.0
20.000000	0.000237369	53.920979	0.0	0.0

