# UNCLASSIFIED
#
# Response info for STKA broadband site.
#
# Effective: 11 Nov 2003
# Response Created: 06 May 2004
# File name: stka_bb_1068508800.txt
# Inid:  
# Source:  James Neely (CTI)
# System equipment:  Guralp CMG-3TB sensor and Nanometrics Europa-T digitizer
#
# This response file was derived from equations of state.
# 
# Displacement response relative to 1.0 at 1.0 Hz. The nominal calib value
# for this configuration is 0.0063662 nm/count at 1.0 Hz.
#
# Freq(Hz)     Amp(counts/nm)   Phase(deg)  Error(amp)  Error(phase)
#
 theoretical  0       system    fap   J.Neely
1000
0.001000	0.000001434	344.514036	0.0	0.0
0.001010	0.000001492	344.359208	0.0	0.0
0.001020	0.000001552	344.202815	0.0	0.0
0.001030	0.000001615	344.044858	0.0	0.0
0.001040	0.000001680	343.885307	0.0	0.0
0.001051	0.000001748	343.724144	0.0	0.0
0.001061	0.000001818	343.561357	0.0	0.0
0.001072	0.000001892	343.396929	0.0	0.0
0.001083	0.000001968	343.230850	0.0	0.0
0.001093	0.000002047	343.063090	0.0	0.0
0.001104	0.000002130	342.893650	0.0	0.0
0.001115	0.000002216	342.722490	0.0	0.0
0.001126	0.000002305	342.549602	0.0	0.0
0.001138	0.000002398	342.374975	0.0	0.0
0.001149	0.000002495	342.198580	0.0	0.0
0.001160	0.000002595	342.020409	0.0	0.0
0.001172	0.000002700	341.840431	0.0	0.0
0.001184	0.000002808	341.658646	0.0	0.0
0.001195	0.000002922	341.475018	0.0	0.0
0.001207	0.000003039	341.289534	0.0	0.0
0.001219	0.000003162	341.102176	0.0	0.0
0.001231	0.000003289	340.912926	0.0	0.0
0.001244	0.000003422	340.721752	0.0	0.0
0.001256	0.000003560	340.528647	0.0	0.0
0.001269	0.000003703	340.333591	0.0	0.0
0.001281	0.000003852	340.136564	0.0	0.0
0.001294	0.000004007	339.937537	0.0	0.0
0.001307	0.000004169	339.736491	0.0	0.0
0.001320	0.000004336	339.533416	0.0	0.0
0.001333	0.000004511	339.328274	0.0	0.0
0.001346	0.000004693	339.121055	0.0	0.0
0.001360	0.000004881	338.911740	0.0	0.0
0.001373	0.000005078	338.700299	0.0	0.0
0.001387	0.000005282	338.486704	0.0	0.0
0.001401	0.000005495	338.270944	0.0	0.0
0.001415	0.000005716	338.053001	0.0	0.0
0.001429	0.000005946	337.832835	0.0	0.0
0.001443	0.000006185	337.610438	0.0	0.0
0.001457	0.000006434	337.385769	0.0	0.0
0.001472	0.000006692	337.158821	0.0	0.0
0.001487	0.000006961	336.929564	0.0	0.0
0.001501	0.000007241	336.697977	0.0	0.0
0.001516	0.000007532	336.464033	0.0	0.0
0.001532	0.000007835	336.227702	0.0	0.0
0.001547	0.000008150	335.988965	0.0	0.0
0.001562	0.000008477	335.747792	0.0	0.0
0.001578	0.000008818	335.504155	0.0	0.0
0.001593	0.000009172	335.258045	0.0	0.0
0.001609	0.000009541	335.009412	0.0	0.0
0.001625	0.000009924	334.758246	0.0	0.0
0.001642	0.000010322	334.504510	0.0	0.0
0.001658	0.000010737	334.248184	0.0	0.0
0.001674	0.000011168	333.989238	0.0	0.0
0.001691	0.000011616	333.727645	0.0	0.0
0.001708	0.000012082	333.463374	0.0	0.0
0.001725	0.000012567	333.196396	0.0	0.0
0.001742	0.000013071	332.926683	0.0	0.0
0.001760	0.000013595	332.654215	0.0	0.0
0.001777	0.000014140	332.378944	0.0	0.0
0.001795	0.000014707	332.100850	0.0	0.0
0.001813	0.000015296	331.819905	0.0	0.0
0.001831	0.000015909	331.536078	0.0	0.0
0.001849	0.000016547	331.249342	0.0	0.0
0.001867	0.000017209	330.959647	0.0	0.0
0.001886	0.000017898	330.666984	0.0	0.0
0.001905	0.000018615	330.371305	0.0	0.0
0.001924	0.000019360	330.072580	0.0	0.0
0.001943	0.000020135	329.770780	0.0	0.0
0.001962	0.000020941	329.465877	0.0	0.0
0.001982	0.000021778	329.157831	0.0	0.0
0.002002	0.000022649	328.846604	0.0	0.0
0.002022	0.000023555	328.532166	0.0	0.0
0.002042	0.000024496	328.214489	0.0	0.0
0.002062	0.000025475	327.893524	0.0	0.0
0.002083	0.000026492	327.569242	0.0	0.0
0.002103	0.000027550	327.241604	0.0	0.0
0.002124	0.000028650	326.910581	0.0	0.0
0.002145	0.000029794	326.576134	0.0	0.0
0.002167	0.000030983	326.238225	0.0	0.0
0.002188	0.000032218	325.896805	0.0	0.0
0.002210	0.000033503	325.551854	0.0	0.0
0.002232	0.000034839	325.203314	0.0	0.0
0.002254	0.000036227	324.851167	0.0	0.0
0.002277	0.000037670	324.495363	0.0	0.0
0.002300	0.000039170	324.135854	0.0	0.0
0.002322	0.000040729	323.772610	0.0	0.0
0.002346	0.000042350	323.405584	0.0	0.0
0.002369	0.000044034	323.034747	0.0	0.0
0.002393	0.000045785	322.660049	0.0	0.0
0.002416	0.000047605	322.281432	0.0	0.0
0.002441	0.000049496	321.898878	0.0	0.0
0.002465	0.000051462	321.512337	0.0	0.0
0.002489	0.000053505	321.121761	0.0	0.0
0.002514	0.000055627	320.727101	0.0	0.0
0.002539	0.000057834	320.328319	0.0	0.0
0.002565	0.000060126	319.925367	0.0	0.0
0.002590	0.000062508	319.518204	0.0	0.0
0.002616	0.000064984	319.106784	0.0	0.0
0.002642	0.000067556	318.691046	0.0	0.0
0.002668	0.000070228	318.270964	0.0	0.0
0.002695	0.000073005	317.846477	0.0	0.0
0.002722	0.000075890	317.417539	0.0	0.0
0.002749	0.000078887	316.984099	0.0	0.0
0.002776	0.000082001	316.546120	0.0	0.0
0.002804	0.000085236	316.103543	0.0	0.0
0.002832	0.000088597	315.656309	0.0	0.0
0.002860	0.000092088	315.204380	0.0	0.0
0.002888	0.000095714	314.747708	0.0	0.0
0.002917	0.000099480	314.286235	0.0	0.0
0.002946	0.000103392	313.819911	0.0	0.0
0.002976	0.000107454	313.348668	0.0	0.0
0.003005	0.000111674	312.872478	0.0	0.0
0.003035	0.000116056	312.391284	0.0	0.0
0.003066	0.000120606	311.905014	0.0	0.0
0.003096	0.000125331	311.413624	0.0	0.0
0.003127	0.000130237	310.917072	0.0	0.0
0.003158	0.000135332	310.415282	0.0	0.0
0.003190	0.000140621	309.908215	0.0	0.0
0.003221	0.000146112	309.395802	0.0	0.0
0.003253	0.000151812	308.877996	0.0	0.0
0.003286	0.000157729	308.354738	0.0	0.0
0.003319	0.000163871	307.825970	0.0	0.0
0.003352	0.000170246	307.291644	0.0	0.0
0.003385	0.000176862	306.751691	0.0	0.0
0.003419	0.000183729	306.206054	0.0	0.0
0.003453	0.000190854	305.654683	0.0	0.0
0.003487	0.000198248	305.097513	0.0	0.0
0.003522	0.000205919	304.534493	0.0	0.0
0.003557	0.000213878	303.965565	0.0	0.0
0.003592	0.000222136	303.390663	0.0	0.0
0.003628	0.000230701	302.809737	0.0	0.0
0.003664	0.000239586	302.222720	0.0	0.0
0.003701	0.000248800	301.629564	0.0	0.0
0.003738	0.000258357	301.030200	0.0	0.0
0.003775	0.000268267	300.424581	0.0	0.0
0.003813	0.000278542	299.812649	0.0	0.0
0.003851	0.000289196	299.194336	0.0	0.0
0.003889	0.000300241	298.569593	0.0	0.0
0.003928	0.000311690	297.938354	0.0	0.0
0.003967	0.000323557	297.300580	0.0	0.0
0.004006	0.000335855	296.656203	0.0	0.0
0.004046	0.000348600	296.005165	0.0	0.0
0.004087	0.000361805	295.347419	0.0	0.0
0.004127	0.000375486	294.682917	0.0	0.0
0.004168	0.000389659	294.011590	0.0	0.0
0.004210	0.000404339	293.333402	0.0	0.0
0.004252	0.000419543	292.648294	0.0	0.0
0.004294	0.000435286	291.956210	0.0	0.0
0.004337	0.000451587	291.257110	0.0	0.0
0.004380	0.000468463	290.550948	0.0	0.0
0.004424	0.000485931	289.837686	0.0	0.0
0.004468	0.000504010	289.117257	0.0	0.0
0.004512	0.000522718	288.389641	0.0	0.0
0.004557	0.000542075	287.654783	0.0	0.0
0.004603	0.000562099	286.912655	0.0	0.0
0.004649	0.000582811	286.163209	0.0	0.0
0.004695	0.000604230	285.406427	0.0	0.0
0.004742	0.000626377	284.642263	0.0	0.0
0.004789	0.000649273	283.870688	0.0	0.0
0.004837	0.000672939	283.091685	0.0	0.0
0.004885	0.000697396	282.305237	0.0	0.0
0.004934	0.000722666	281.511297	0.0	0.0
0.004983	0.000748771	280.709877	0.0	0.0
0.005032	0.000775734	279.900949	0.0	0.0
0.005082	0.000803576	279.084498	0.0	0.0
0.005133	0.000832321	278.260525	0.0	0.0
0.005184	0.000861992	277.429033	0.0	0.0
0.005236	0.000892611	276.590014	0.0	0.0
0.005288	0.000924203	275.743473	0.0	0.0
0.005341	0.000956790	274.889431	0.0	0.0
0.005394	0.000990396	274.027892	0.0	0.0
0.005448	0.001025040	273.158887	0.0	0.0
0.005502	0.001060760	272.282432	0.0	0.0
0.005557	0.001097570	271.398568	0.0	0.0
0.005612	0.001135480	270.507318	0.0	0.0
0.005668	0.001174540	269.608725	0.0	0.0
0.005725	0.001214760	268.702843	0.0	0.0
0.005782	0.001256160	267.789734	0.0	0.0
0.005839	0.001298760	266.869432	0.0	0.0
0.005897	0.001342600	265.942029	0.0	0.0
0.005956	0.001387690	265.007570	0.0	0.0
0.006015	0.001434050	264.066167	0.0	0.0
0.006075	0.001481710	263.117923	0.0	0.0
0.006136	0.001530690	262.162752	0.0	0.0
0.006197	0.001581010	261.201017	0.0	0.0
0.006259	0.001632690	260.232722	0.0	0.0
0.006321	0.001685740	259.257869	0.0	0.0
0.006384	0.001740190	258.276762	0.0	0.0
0.006448	0.001796060	257.289405	0.0	0.0
0.006512	0.001853370	256.295901	0.0	0.0
0.006577	0.001912130	255.296553	0.0	0.0
0.006642	0.001972350	254.291367	0.0	0.0
0.006708	0.002034060	253.280543	0.0	0.0
0.006775	0.002097270	252.264287	0.0	0.0
0.006843	0.002162000	251.242702	0.0	0.0
0.006911	0.002228240	250.215992	0.0	0.0
0.006980	0.002296030	249.184360	0.0	0.0
0.007049	0.002365360	248.147910	0.0	0.0
0.007120	0.002436250	247.106947	0.0	0.0
0.007191	0.002508710	246.061674	0.0	0.0
0.007262	0.002582740	245.012294	0.0	0.0
0.007335	0.002658360	243.958912	0.0	0.0
0.007408	0.002735560	242.901832	0.0	0.0
0.007481	0.002814350	241.841357	0.0	0.0
0.007556	0.002894740	240.777592	0.0	0.0
0.007631	0.002976730	239.710841	0.0	0.0
0.007707	0.003060310	238.641307	0.0	0.0
0.007784	0.003145490	237.569296	0.0	0.0
0.007862	0.003232270	236.495012	0.0	0.0
0.007940	0.003320650	235.418757	0.0	0.0
0.008019	0.003410620	234.340638	0.0	0.0
0.008099	0.003502180	233.261058	0.0	0.0
0.008180	0.003595330	232.180321	0.0	0.0
0.008261	0.003690050	231.098532	0.0	0.0
0.008343	0.003786340	230.015996	0.0	0.0
0.008426	0.003884200	228.933016	0.0	0.0
0.008510	0.003983620	227.849898	0.0	0.0
0.008595	0.004084580	226.766746	0.0	0.0
0.008681	0.004187080	225.683965	0.0	0.0
0.008767	0.004291110	224.601760	0.0	0.0
0.008855	0.004396660	223.520434	0.0	0.0
0.008943	0.004503710	222.440193	0.0	0.0
0.009032	0.004612260	221.361342	0.0	0.0
0.009122	0.004722280	220.284086	0.0	0.0
0.009213	0.004833780	219.208629	0.0	0.0
0.009305	0.004946740	218.135377	0.0	0.0
0.009397	0.005061140	217.064434	0.0	0.0
0.009491	0.005176970	215.996006	0.0	0.0
0.009586	0.005294220	214.930398	0.0	0.0
0.009681	0.005412880	213.867815	0.0	0.0
0.009777	0.005532920	212.808562	0.0	0.0
0.009875	0.005654350	211.752744	0.0	0.0
0.009973	0.005777150	210.700567	0.0	0.0
0.010073	0.005901300	209.652339	0.0	0.0
0.010173	0.006026800	208.608160	0.0	0.0
0.010274	0.006153620	207.568238	0.0	0.0
0.010377	0.006281770	206.532778	0.0	0.0
0.010480	0.006411220	205.501987	0.0	0.0
0.010584	0.006541970	204.475971	0.0	0.0
0.010690	0.006674020	203.454933	0.0	0.0
0.010796	0.006807340	202.438981	0.0	0.0
0.010904	0.006941920	201.428319	0.0	0.0
0.011013	0.007077770	200.423054	0.0	0.0
0.011122	0.007214880	199.423396	0.0	0.0
0.011233	0.007353230	198.429446	0.0	0.0
0.011345	0.007492820	197.441308	0.0	0.0
0.011458	0.007633640	196.458995	0.0	0.0
0.011572	0.007775690	195.482806	0.0	0.0
0.011688	0.007918970	194.512752	0.0	0.0
0.011804	0.008063460	193.548939	0.0	0.0
0.011922	0.008209170	192.591372	0.0	0.0
0.012040	0.008356100	191.640257	0.0	0.0
0.012160	0.008504230	190.695606	0.0	0.0
0.012281	0.008653580	189.757517	0.0	0.0
0.012404	0.008804130	188.826098	0.0	0.0
0.012527	0.008955900	187.901363	0.0	0.0
0.012652	0.009108880	186.983309	0.0	0.0
0.012778	0.009263070	186.071951	0.0	0.0
0.012906	0.009418480	185.167595	0.0	0.0
0.013034	0.009575090	184.269942	0.0	0.0
0.013164	0.009732940	183.379307	0.0	0.0
0.013295	0.009892010	182.495491	0.0	0.0
0.013428	0.010052300	181.618700	0.0	0.0
0.013561	0.010213800	180.748849	0.0	0.0
0.013696	0.010376600	179.886040	0.0	0.0
0.013833	0.010540600	179.030078	0.0	0.0
0.013971	0.010705900	178.181273	0.0	0.0
0.014110	0.010872400	177.339338	0.0	0.0
0.014250	0.011040200	176.504471	0.0	0.0
0.014392	0.011209300	175.676590	0.0	0.0
0.014536	0.011379700	174.855790	0.0	0.0
0.014681	0.011551300	174.041891	0.0	0.0
0.014827	0.011724300	173.234996	0.0	0.0
0.014975	0.011898600	172.435014	0.0	0.0
0.015124	0.012074200	171.641945	0.0	0.0
0.015275	0.012251200	170.855812	0.0	0.0
0.015427	0.012429500	170.076610	0.0	0.0
0.015580	0.012609100	169.304355	0.0	0.0
0.015736	0.012790200	168.538858	0.0	0.0
0.015892	0.012972600	167.780119	0.0	0.0
0.016051	0.013156400	167.028249	0.0	0.0
0.016211	0.013341700	166.283160	0.0	0.0
0.016372	0.013528300	165.544757	0.0	0.0
0.016535	0.013716500	164.813051	0.0	0.0
0.016700	0.013906000	164.087947	0.0	0.0
0.016866	0.014097100	163.369464	0.0	0.0
0.017034	0.014289600	162.657599	0.0	0.0
0.017204	0.014483700	161.952271	0.0	0.0
0.017375	0.014679200	161.253385	0.0	0.0
0.017549	0.014876300	160.560951	0.0	0.0
0.017723	0.015075000	159.874977	0.0	0.0
0.017900	0.015275200	159.195271	0.0	0.0
0.018078	0.015477000	158.522047	0.0	0.0
0.018258	0.015680400	157.855014	0.0	0.0
0.018440	0.015885500	157.194185	0.0	0.0
0.018624	0.016092200	156.539558	0.0	0.0
0.018810	0.016300500	155.891057	0.0	0.0
0.018997	0.016510500	155.248681	0.0	0.0
0.019186	0.016722200	154.612347	0.0	0.0
0.019377	0.016935600	153.982067	0.0	0.0
0.019570	0.017150800	153.357645	0.0	0.0
0.019765	0.017367700	152.739193	0.0	0.0
0.019962	0.017586400	152.126528	0.0	0.0
0.020161	0.017806900	151.519755	0.0	0.0
0.020362	0.018029100	150.918786	0.0	0.0
0.020565	0.018253300	150.323431	0.0	0.0
0.020770	0.018479200	149.733801	0.0	0.0
0.020977	0.018707100	149.149714	0.0	0.0
0.021186	0.018936800	148.571270	0.0	0.0
0.021397	0.019168500	147.998290	0.0	0.0
0.021610	0.019402100	147.430880	0.0	0.0
0.021825	0.019637600	146.868852	0.0	0.0
0.022043	0.019875200	146.312221	0.0	0.0
0.022262	0.020114700	145.760900	0.0	0.0
0.022484	0.020356300	145.214894	0.0	0.0
0.022708	0.020599900	144.674119	0.0	0.0
0.022934	0.020845600	144.138493	0.0	0.0
0.023163	0.021093400	143.608015	0.0	0.0
0.023394	0.021343300	143.082713	0.0	0.0
0.023627	0.021595300	142.562487	0.0	0.0
0.023862	0.021849500	142.047159	0.0	0.0
0.024100	0.022105900	141.536836	0.0	0.0
0.024340	0.022364500	141.031527	0.0	0.0
0.024582	0.022625400	140.530962	0.0	0.0
0.024827	0.022888500	140.035334	0.0	0.0
0.025075	0.023153900	139.544371	0.0	0.0
0.025324	0.023421600	139.058279	0.0	0.0
0.025577	0.023691700	138.576775	0.0	0.0
0.025832	0.023964100	138.099970	0.0	0.0
0.026089	0.024238900	137.627779	0.0	0.0
0.026349	0.024516100	137.160221	0.0	0.0
0.026611	0.024795800	136.697101	0.0	0.0
0.026876	0.025077900	136.238441	0.0	0.0
0.027144	0.025362600	135.784257	0.0	0.0
0.027415	0.025649700	135.334556	0.0	0.0
0.027688	0.025939500	134.889054	0.0	0.0
0.027964	0.026231800	134.447967	0.0	0.0
0.028242	0.026526700	134.011219	0.0	0.0
0.028524	0.026824200	133.578608	0.0	0.0
0.028808	0.027124400	133.150169	0.0	0.0
0.029095	0.027427300	132.726002	0.0	0.0
0.029385	0.027732900	132.305828	0.0	0.0
0.029677	0.028041300	131.889765	0.0	0.0
0.029973	0.028352400	131.477829	0.0	0.0
0.030272	0.028666400	131.069831	0.0	0.0
0.030573	0.028983200	130.665794	0.0	0.0
0.030878	0.029302900	130.265628	0.0	0.0
0.031185	0.029625500	129.869451	0.0	0.0
0.031496	0.029951000	129.477085	0.0	0.0
0.031810	0.030279500	129.088546	0.0	0.0
0.032127	0.030611000	128.703746	0.0	0.0
0.032447	0.030945500	128.322707	0.0	0.0
0.032770	0.031283000	127.945346	0.0	0.0
0.033097	0.031623700	127.571679	0.0	0.0
0.033426	0.031967500	127.201623	0.0	0.0
0.033759	0.032314500	126.835200	0.0	0.0
0.034096	0.032664600	126.472422	0.0	0.0
0.034435	0.033018000	126.113017	0.0	0.0
0.034778	0.033374700	125.757194	0.0	0.0
0.035125	0.033734600	125.404872	0.0	0.0
0.035475	0.034097900	125.055879	0.0	0.0
0.035828	0.034464500	124.710330	0.0	0.0
0.036185	0.034834600	124.368237	0.0	0.0
0.036546	0.035208100	124.029333	0.0	0.0
0.036910	0.035585100	123.693824	0.0	0.0
0.037278	0.035965500	123.361538	0.0	0.0
0.037649	0.036349600	123.032498	0.0	0.0
0.038024	0.036737200	122.706613	0.0	0.0
0.038403	0.037128400	122.384019	0.0	0.0
0.038785	0.037523300	122.064519	0.0	0.0
0.039172	0.037921900	121.748048	0.0	0.0
0.039562	0.038324300	121.434823	0.0	0.0
0.039956	0.038730400	121.124560	0.0	0.0
0.040354	0.039140400	120.817287	0.0	0.0
0.040756	0.039554200	120.513026	0.0	0.0
0.041162	0.039971900	120.211800	0.0	0.0
0.041572	0.040393500	119.913419	0.0	0.0
0.041987	0.040819100	119.618024	0.0	0.0
0.042405	0.041248800	119.325424	0.0	0.0
0.042827	0.041682500	119.035748	0.0	0.0
0.043254	0.042120300	118.748912	0.0	0.0
0.043685	0.042562300	118.464851	0.0	0.0
0.044120	0.043008500	118.183480	0.0	0.0
0.044560	0.043458900	117.904927	0.0	0.0
0.045004	0.043913500	117.629115	0.0	0.0
0.045452	0.044372500	117.355967	0.0	0.0
0.045905	0.044835900	117.085403	0.0	0.0
0.046362	0.045303700	116.817559	0.0	0.0
0.046824	0.045776000	116.552350	0.0	0.0
0.047291	0.046252700	116.289710	0.0	0.0
0.047762	0.046734000	116.029655	0.0	0.0
0.048238	0.047219900	115.772020	0.0	0.0
0.048718	0.047710500	115.517020	0.0	0.0
0.049204	0.048205800	115.264496	0.0	0.0
0.049694	0.048705800	115.014363	0.0	0.0
0.050189	0.049210600	114.766749	0.0	0.0
0.050689	0.049720200	114.521488	0.0	0.0
0.051194	0.050234700	114.278602	0.0	0.0
0.051704	0.050754200	114.038120	0.0	0.0
0.052219	0.051278700	113.799968	0.0	0.0
0.052739	0.051808200	113.564175	0.0	0.0
0.053265	0.052342800	113.330674	0.0	0.0
0.053795	0.052882600	113.099487	0.0	0.0
0.054331	0.053427600	112.870448	0.0	0.0
0.054873	0.053977800	112.643780	0.0	0.0
0.055419	0.054533300	112.419221	0.0	0.0
0.055971	0.055094200	112.196898	0.0	0.0
0.056529	0.055660500	111.976636	0.0	0.0
0.057092	0.056232300	111.758671	0.0	0.0
0.057661	0.056809700	111.542738	0.0	0.0
0.058235	0.057392600	111.328959	0.0	0.0
0.058816	0.057981100	111.117168	0.0	0.0
0.059402	0.058575400	110.907598	0.0	0.0
0.059993	0.059175400	110.699982	0.0	0.0
0.060591	0.059781300	110.494354	0.0	0.0
0.061195	0.060393000	110.290742	0.0	0.0
0.061804	0.061010700	110.089178	0.0	0.0
0.062420	0.061634300	109.889503	0.0	0.0
0.063042	0.062264000	109.691849	0.0	0.0
0.063670	0.062899900	109.496045	0.0	0.0
0.064304	0.063541900	109.302224	0.0	0.0
0.064945	0.064190200	109.110230	0.0	0.0
0.065592	0.064844800	108.920091	0.0	0.0
0.066246	0.065505800	108.731841	0.0	0.0
0.066906	0.066173100	108.545425	0.0	0.0
0.067572	0.066847100	108.360869	0.0	0.0
0.068245	0.067527500	108.178014	0.0	0.0
0.068925	0.068214700	107.996992	0.0	0.0
0.069612	0.068908500	107.817655	0.0	0.0
0.070305	0.069609100	107.640123	0.0	0.0
0.071006	0.070316600	107.464342	0.0	0.0
0.071713	0.071030900	107.290250	0.0	0.0
0.072428	0.071752300	107.117887	0.0	0.0
0.073149	0.072480700	106.947186	0.0	0.0
0.073878	0.073216200	106.778098	0.0	0.0
0.074614	0.073958900	106.610649	0.0	0.0
0.075357	0.074708900	106.444891	0.0	0.0
0.076108	0.075466300	106.280662	0.0	0.0
0.076866	0.076231000	106.118096	0.0	0.0
0.077632	0.077003300	105.957043	0.0	0.0
0.078406	0.077783100	105.797636	0.0	0.0
0.079187	0.078570600	105.639731	0.0	0.0
0.079976	0.079365800	105.483355	0.0	0.0
0.080773	0.080168800	105.328460	0.0	0.0
0.081577	0.080979600	105.175095	0.0	0.0
0.082390	0.081798500	105.023194	0.0	0.0
0.083211	0.082625400	104.872801	0.0	0.0
0.084040	0.083460400	104.723872	0.0	0.0
0.084877	0.084303600	104.576440	0.0	0.0
0.085723	0.085155100	104.430361	0.0	0.0
0.086577	0.086014900	104.285669	0.0	0.0
0.087439	0.086883200	104.142424	0.0	0.0
0.088310	0.087760100	104.000567	0.0	0.0
0.089190	0.088645500	103.860046	0.0	0.0
0.090079	0.089539700	103.720913	0.0	0.0
0.090976	0.090442700	103.583105	0.0	0.0
0.091883	0.091354600	103.446686	0.0	0.0
0.092798	0.092275500	103.311498	0.0	0.0
0.093722	0.093205400	103.177692	0.0	0.0
0.094656	0.094144500	103.045119	0.0	0.0
0.095599	0.095092800	102.913828	0.0	0.0
0.096552	0.096050500	102.783875	0.0	0.0
0.097514	0.097017700	102.655105	0.0	0.0
0.098485	0.097994300	102.527579	0.0	0.0
0.099466	0.098980600	102.401348	0.0	0.0
0.100457	0.099976700	102.276277	0.0	0.0
0.101458	0.100983000	102.152379	0.0	0.0
0.102469	0.101998000	102.029754	0.0	0.0
0.103490	0.103024000	101.908256	0.0	0.0
0.104521	0.104060000	101.787887	0.0	0.0
0.105562	0.105106000	101.668758	0.0	0.0
0.106614	0.106163000	101.550724	0.0	0.0
0.107676	0.107230000	101.433786	0.0	0.0
0.108749	0.108307000	101.318110	0.0	0.0
0.109832	0.109395000	101.203441	0.0	0.0
0.110926	0.110494000	101.089790	0.0	0.0
0.112031	0.111604000	100.977370	0.0	0.0
0.113148	0.112724000	100.866023	0.0	0.0
0.114275	0.113856000	100.755718	0.0	0.0
0.115413	0.114999000	100.646398	0.0	0.0
0.116563	0.116153000	100.538187	0.0	0.0
0.117724	0.117319000	100.430973	0.0	0.0
0.118897	0.118496000	100.324778	0.0	0.0
0.120082	0.119685000	100.219648	0.0	0.0
0.121278	0.120886000	100.115549	0.0	0.0
0.122486	0.122098000	100.012326	0.0	0.0
0.123707	0.123323000	99.910145	0.0	0.0
0.124939	0.124559000	99.808963	0.0	0.0
0.126184	0.125808000	99.708680	0.0	0.0
0.127441	0.127069000	99.609406	0.0	0.0
0.128711	0.128343000	99.511054	0.0	0.0
0.129993	0.129629000	99.413623	0.0	0.0
0.131288	0.130928000	99.317226	0.0	0.0
0.132596	0.132240000	99.221617	0.0	0.0
0.133917	0.133565000	99.126952	0.0	0.0
0.135251	0.134903000	99.033143	0.0	0.0
0.136599	0.136255000	98.940289	0.0	0.0
0.137960	0.137619000	98.848259	0.0	0.0
0.139334	0.138998000	98.757107	0.0	0.0
0.140722	0.140389000	98.666835	0.0	0.0
0.142124	0.141795000	98.577407	0.0	0.0
0.143540	0.143215000	98.488826	0.0	0.0
0.144970	0.144648000	98.401058	0.0	0.0
0.146414	0.146096000	98.314203	0.0	0.0
0.147873	0.147559000	98.228016	0.0	0.0
0.149346	0.149035000	98.142722	0.0	0.0
0.150834	0.150527000	98.058207	0.0	0.0
0.152337	0.152033000	97.974552	0.0	0.0
0.153855	0.153554000	97.891599	0.0	0.0
0.155387	0.155090000	97.809461	0.0	0.0
0.156935	0.156642000	97.727993	0.0	0.0
0.158499	0.158209000	97.647363	0.0	0.0
0.160078	0.159791000	97.567526	0.0	0.0
0.161673	0.161389000	97.488338	0.0	0.0
0.163284	0.163003000	97.409910	0.0	0.0
0.164910	0.164633000	97.332254	0.0	0.0
0.166553	0.166279000	97.255270	0.0	0.0
0.168213	0.167942000	97.179025	0.0	0.0
0.169888	0.169621000	97.103530	0.0	0.0
0.171581	0.171317000	97.028686	0.0	0.0
0.173290	0.173029000	96.954559	0.0	0.0
0.175017	0.174759000	96.881062	0.0	0.0
0.176760	0.176505000	96.808293	0.0	0.0
0.178521	0.178270000	96.736121	0.0	0.0
0.180300	0.180051000	96.664757	0.0	0.0
0.182096	0.181850000	96.593956	0.0	0.0
0.183910	0.183668000	96.523774	0.0	0.0
0.185743	0.185503000	96.454234	0.0	0.0
0.187593	0.187356000	96.385336	0.0	0.0
0.189462	0.189228000	96.317092	0.0	0.0
0.191350	0.191118000	96.249468	0.0	0.0
0.193256	0.193028000	96.182366	0.0	0.0
0.195181	0.194956000	96.116006	0.0	0.0
0.197126	0.196903000	96.050191	0.0	0.0
0.199090	0.198870000	95.984986	0.0	0.0
0.201073	0.200856000	95.920303	0.0	0.0
0.203077	0.202862000	95.856298	0.0	0.0
0.205100	0.204888000	95.792838	0.0	0.0
0.207143	0.206934000	95.729935	0.0	0.0
0.209207	0.209000000	95.667545	0.0	0.0
0.211291	0.211087000	95.605777	0.0	0.0
0.213396	0.213195000	95.544557	0.0	0.0
0.215522	0.215324000	95.483883	0.0	0.0
0.217669	0.217473000	95.423723	0.0	0.0
0.219838	0.219645000	95.364033	0.0	0.0
0.222028	0.221837000	95.304935	0.0	0.0
0.224240	0.224052000	95.246385	0.0	0.0
0.226474	0.226288000	95.188295	0.0	0.0
0.228730	0.228547000	95.130732	0.0	0.0
0.231009	0.230828000	95.073707	0.0	0.0
0.233311	0.233132000	95.017232	0.0	0.0
0.235635	0.235459000	94.961118	0.0	0.0
0.237983	0.237809000	94.905576	0.0	0.0
0.240354	0.240182000	94.850530	0.0	0.0
0.242748	0.242579000	94.795935	0.0	0.0
0.245167	0.245000000	94.741803	0.0	0.0
0.247609	0.247445000	94.688101	0.0	0.0
0.250076	0.249914000	94.634896	0.0	0.0
0.252567	0.252408000	94.582143	0.0	0.0
0.255084	0.254927000	94.529811	0.0	0.0
0.257625	0.257470000	94.477921	0.0	0.0
0.260192	0.260039000	94.426574	0.0	0.0
0.262784	0.262634000	94.375493	0.0	0.0
0.265402	0.265254000	94.325045	0.0	0.0
0.268046	0.267900000	94.274886	0.0	0.0
0.270716	0.270573000	94.225082	0.0	0.0
0.273413	0.273272000	94.175858	0.0	0.0
0.276137	0.275998000	94.126967	0.0	0.0
0.278888	0.278751000	94.078534	0.0	0.0
0.281667	0.281532000	94.030370	0.0	0.0
0.284473	0.284340000	93.982742	0.0	0.0
0.287307	0.287177000	93.935461	0.0	0.0
0.290170	0.290041000	93.888495	0.0	0.0
0.293060	0.292934000	93.841966	0.0	0.0
0.295980	0.295856000	93.795887	0.0	0.0
0.298929	0.298807000	93.750067	0.0	0.0
0.301907	0.301787000	93.704687	0.0	0.0
0.304915	0.304797000	93.659702	0.0	0.0
0.307953	0.307836000	93.615034	0.0	0.0
0.311021	0.310906000	93.570595	0.0	0.0
0.314119	0.314007000	93.526709	0.0	0.0
0.317249	0.317138000	93.483042	0.0	0.0
0.320409	0.320301000	93.439705	0.0	0.0
0.323602	0.323495000	93.396777	0.0	0.0
0.326825	0.326721000	93.354215	0.0	0.0
0.330082	0.329979000	93.311896	0.0	0.0
0.333370	0.333269000	93.269933	0.0	0.0
0.336691	0.336592000	93.228347	0.0	0.0
0.340046	0.339949000	93.186951	0.0	0.0
0.343433	0.343338000	93.146023	0.0	0.0
0.346855	0.346762000	93.105274	0.0	0.0
0.350311	0.350219000	93.064928	0.0	0.0
0.353801	0.353711000	93.024807	0.0	0.0
0.357325	0.357238000	92.985023	0.0	0.0
0.360885	0.360799000	92.945499	0.0	0.0
0.364481	0.364397000	92.906257	0.0	0.0
0.368112	0.368030000	92.867365	0.0	0.0
0.371779	0.371699000	92.828746	0.0	0.0
0.375483	0.375404000	92.790366	0.0	0.0
0.379224	0.379147000	92.752249	0.0	0.0
0.383002	0.382927000	92.714418	0.0	0.0
0.386818	0.386744000	92.676896	0.0	0.0
0.390672	0.390600000	92.639593	0.0	0.0
0.394564	0.394493000	92.602545	0.0	0.0
0.398495	0.398426000	92.565762	0.0	0.0
0.402465	0.402398000	92.529325	0.0	0.0
0.406474	0.406409000	92.492998	0.0	0.0
0.410524	0.410460000	92.456962	0.0	0.0
0.414614	0.414552000	92.421183	0.0	0.0
0.418745	0.418684000	92.385641	0.0	0.0
0.422916	0.422857000	92.350301	0.0	0.0
0.427130	0.427072000	92.315244	0.0	0.0
0.431385	0.431329000	92.280391	0.0	0.0
0.435683	0.435629000	92.245710	0.0	0.0
0.440024	0.439971000	92.211335	0.0	0.0
0.444407	0.444356000	92.177034	0.0	0.0
0.448835	0.448785000	92.143085	0.0	0.0
0.453307	0.453258000	92.109367	0.0	0.0
0.457823	0.457776000	92.075791	0.0	0.0
0.462384	0.462339000	92.042447	0.0	0.0
0.466990	0.466947000	92.009247	0.0	0.0
0.471643	0.471601000	91.976280	0.0	0.0
0.476342	0.476301000	91.943570	0.0	0.0
0.481087	0.481048000	91.910984	0.0	0.0
0.485880	0.485842000	91.878612	0.0	0.0
0.490721	0.490684000	91.846366	0.0	0.0
0.495610	0.495575000	91.814335	0.0	0.0
0.500547	0.500514000	91.782442	0.0	0.0
0.505534	0.505502000	91.750822	0.0	0.0
0.510571	0.510540000	91.719286	0.0	0.0
0.515657	0.515628000	91.687980	0.0	0.0
0.520795	0.520766000	91.656771	0.0	0.0
0.525983	0.525956000	91.625850	0.0	0.0
0.531224	0.531198000	91.594983	0.0	0.0
0.536516	0.536491000	91.564304	0.0	0.0
0.541861	0.541838000	91.533749	0.0	0.0
0.547260	0.547237000	91.503440	0.0	0.0
0.552712	0.552691000	91.473155	0.0	0.0
0.558218	0.558198000	91.443085	0.0	0.0
0.563780	0.563761000	91.413109	0.0	0.0
0.569396	0.569379000	91.383304	0.0	0.0
0.575069	0.575053000	91.353651	0.0	0.0
0.580798	0.580783000	91.324082	0.0	0.0
0.586585	0.586571000	91.294632	0.0	0.0
0.592429	0.592416000	91.265436	0.0	0.0
0.598331	0.598319000	91.236272	0.0	0.0
0.604292	0.604281000	91.207176	0.0	0.0
0.610312	0.610302000	91.178280	0.0	0.0
0.616392	0.616384000	91.149463	0.0	0.0
0.622533	0.622526000	91.120872	0.0	0.0
0.628736	0.628729000	91.092230	0.0	0.0
0.634999	0.634994000	91.063726	0.0	0.0
0.641326	0.641321000	91.035394	0.0	0.0
0.647715	0.647711000	91.007070	0.0	0.0
0.654168	0.654165000	90.978943	0.0	0.0
0.660685	0.660683000	90.950947	0.0	0.0
0.667268	0.667266000	90.922918	0.0	0.0
0.673915	0.673914000	90.895044	0.0	0.0
0.680629	0.680629000	90.867261	0.0	0.0
0.687410	0.687411000	90.839558	0.0	0.0
0.694259	0.694260000	90.811926	0.0	0.0
0.701175	0.701178000	90.784399	0.0	0.0
0.708161	0.708164000	90.756866	0.0	0.0
0.715216	0.715220000	90.729519	0.0	0.0
0.722342	0.722346000	90.702146	0.0	0.0
0.729538	0.729543000	90.674883	0.0	0.0
0.736806	0.736812000	90.647731	0.0	0.0
0.744147	0.744153000	90.620625	0.0	0.0
0.751561	0.751566000	90.593554	0.0	0.0
0.759048	0.759055000	90.566564	0.0	0.0
0.766610	0.766617000	90.539489	0.0	0.0
0.774248	0.774255000	90.512632	0.0	0.0
0.781961	0.781969000	90.485782	0.0	0.0
0.789752	0.789760000	90.458985	0.0	0.0
0.797620	0.797628000	90.432231	0.0	0.0
0.805566	0.805574000	90.405510	0.0	0.0
0.813592	0.813600000	90.378823	0.0	0.0
0.821698	0.821706000	90.352218	0.0	0.0
0.829884	0.829892000	90.325582	0.0	0.0
0.838152	0.838160000	90.299019	0.0	0.0
0.846502	0.846510000	90.272574	0.0	0.0
0.854936	0.854943000	90.246037	0.0	0.0
0.863453	0.863461000	90.219565	0.0	0.0
0.872055	0.872063000	90.193048	0.0	0.0
0.880743	0.880750000	90.166588	0.0	0.0
0.889518	0.889525000	90.140187	0.0	0.0
0.898380	0.898386000	90.113689	0.0	0.0
0.907330	0.907336000	90.087298	0.0	0.0
0.916370	0.916375000	90.060913	0.0	0.0
0.925499	0.925504000	90.034582	0.0	0.0
0.934720	0.934724000	90.008161	0.0	0.0
0.944032	0.944035000	89.981796	0.0	0.0
0.953437	0.953440000	89.955344	0.0	0.0
0.962936	0.962938000	89.929008	0.0	0.0
0.972529	0.972530000	89.902643	0.0	0.0
0.982218	0.982218000	89.876197	0.0	0.0
0.992004	0.992002000	89.849725	0.0	0.0
1.001887	1.001880000	89.823342	0.0	0.0
1.011868	1.011860000	89.796614	0.0	0.0
1.021949	1.021940000	89.770212	0.0	0.0
1.032131	1.032120000	89.743992	0.0	0.0
1.042414	1.042400000	89.717556	0.0	0.0
1.052799	1.052790000	89.690859	0.0	0.0
1.063288	1.063280000	89.664518	0.0	0.0
1.073881	1.073870000	89.637730	0.0	0.0
1.084580	1.084560000	89.611212	0.0	0.0
1.095385	1.095370000	89.584363	0.0	0.0
1.106298	1.106280000	89.557598	0.0	0.0
1.117320	1.117300000	89.530974	0.0	0.0
1.128451	1.128430000	89.503890	0.0	0.0
1.139694	1.139670000	89.477320	0.0	0.0
1.151048	1.151020000	89.450204	0.0	0.0
1.162516	1.162480000	89.423516	0.0	0.0
1.174097	1.174060000	89.395998	0.0	0.0
1.185794	1.185750000	89.368821	0.0	0.0
1.197608	1.197560000	89.341844	0.0	0.0
1.209540	1.209490000	89.314922	0.0	0.0
1.221590	1.221540000	89.287557	0.0	0.0
1.233760	1.233710000	89.259962	0.0	0.0
1.246052	1.245990000	89.232753	0.0	0.0
1.258466	1.258400000	89.205229	0.0	0.0
1.271004	1.270940000	89.177805	0.0	0.0
1.283666	1.283590000	89.149880	0.0	0.0
1.296455	1.296380000	89.122227	0.0	0.0
1.309371	1.309290000	89.093846	0.0	0.0
1.322416	1.322330000	89.066250	0.0	0.0
1.335591	1.335500000	89.038098	0.0	0.0
1.348897	1.348800000	89.009946	0.0	0.0
1.362336	1.362230000	88.981910	0.0	0.0
1.375908	1.375800000	88.953988	0.0	0.0
1.389616	1.389500000	88.925854	0.0	0.0
1.403460	1.403340000	88.896506	0.0	0.0
1.417443	1.417310000	88.868616	0.0	0.0
1.431564	1.431430000	88.839628	0.0	0.0
1.445826	1.445680000	88.810213	0.0	0.0
1.460231	1.460080000	88.781486	0.0	0.0
1.474779	1.474620000	88.753446	0.0	0.0
1.489471	1.489300000	88.723651	0.0	0.0
1.504310	1.504130000	88.693773	0.0	0.0
1.519297	1.519110000	88.664369	0.0	0.0
1.534434	1.534240000	88.635553	0.0	0.0
1.549721	1.549520000	88.605325	0.0	0.0
1.565160	1.564950000	88.575801	0.0	0.0
1.580753	1.580530000	88.545094	0.0	0.0
1.596502	1.596270000	88.515318	0.0	0.0
1.612408	1.612160000	88.485032	0.0	0.0
1.628471	1.628210000	88.454235	0.0	0.0
1.644695	1.644430000	88.424157	0.0	0.0
1.661081	1.660800000	88.393354	0.0	0.0
1.677630	1.677330000	88.362383	0.0	0.0
1.694344	1.694040000	88.331360	0.0	0.0
1.711224	1.710900000	88.299841	0.0	0.0
1.728272	1.727940000	88.268941	0.0	0.0
1.745491	1.745140000	88.237332	0.0	0.0
1.762880	1.762510000	88.205457	0.0	0.0
1.780443	1.780060000	88.173544	0.0	0.0
1.798181	1.797780000	88.141151	0.0	0.0
1.816096	1.815680000	88.109392	0.0	0.0
1.834189	1.833760000	88.076825	0.0	0.0
1.852463	1.852010000	88.044121	0.0	0.0
1.870918	1.870450000	88.011281	0.0	0.0
1.889558	1.889070000	87.978533	0.0	0.0
1.908383	1.907880000	87.944877	0.0	0.0
1.927396	1.926870000	87.911985	0.0	0.0
1.946598	1.946050000	87.878415	0.0	0.0
1.965991	1.965420000	87.844280	0.0	0.0
1.985578	1.984990000	87.810254	0.0	0.0
2.005359	2.004740000	87.775335	0.0	0.0
2.025338	2.024700000	87.741752	0.0	0.0
2.045516	2.044850000	87.707064	0.0	0.0
2.065895	2.065200000	87.671384	0.0	0.0
2.086477	2.085760000	87.636827	0.0	0.0
2.107264	2.106520000	87.601507	0.0	0.0
2.128258	2.127480000	87.565540	0.0	0.0
2.149461	2.148660000	87.530039	0.0	0.0
2.170875	2.170040000	87.493119	0.0	0.0
2.192503	2.191640000	87.457452	0.0	0.0
2.214346	2.213450000	87.420594	0.0	0.0
2.236407	2.235480000	87.383219	0.0	0.0
2.258688	2.257720000	87.346440	0.0	0.0
2.281191	2.280190000	87.309372	0.0	0.0
2.303917	2.302880000	87.271571	0.0	0.0
2.326871	2.325800000	87.233826	0.0	0.0
2.350052	2.348940000	87.195577	0.0	0.0
2.373465	2.372310000	87.156612	0.0	0.0
2.397111	2.395920000	87.118487	0.0	0.0
2.420993	2.419760000	87.078875	0.0	0.0
2.445113	2.443830000	87.039890	0.0	0.0
2.469473	2.468150000	87.000646	0.0	0.0
2.494075	2.492700000	86.960258	0.0	0.0
2.518923	2.517500000	86.919955	0.0	0.0
2.544018	2.542540000	86.879294	0.0	0.0
2.569364	2.567840000	86.839505	0.0	0.0
2.594961	2.593380000	86.797587	0.0	0.0
2.620814	2.619180000	86.756326	0.0	0.0
2.646925	2.645230000	86.714837	0.0	0.0
2.673295	2.671540000	86.672678	0.0	0.0
2.699928	2.698120000	86.630077	0.0	0.0
2.726827	2.724950000	86.587706	0.0	0.0
2.753994	2.752060000	86.544680	0.0	0.0
2.781431	2.779430000	86.501113	0.0	0.0
2.809141	2.807070000	86.456677	0.0	0.0
2.837128	2.834980000	86.413600	0.0	0.0
2.865393	2.863180000	86.368441	0.0	0.0
2.893941	2.891650000	86.323986	0.0	0.0
2.922772	2.920400000	86.279233	0.0	0.0
2.951891	2.949440000	86.233971	0.0	0.0
2.981300	2.978760000	86.187312	0.0	0.0
3.011001	3.008380000	86.141373	0.0	0.0
3.040999	3.038290000	86.094938	0.0	0.0
3.071296	3.068500000	86.048123	0.0	0.0
3.101894	3.099000000	86.000042	0.0	0.0
3.132797	3.129810000	85.951925	0.0	0.0
3.164008	3.160920000	85.904442	0.0	0.0
3.195530	3.192340000	85.855265	0.0	0.0
3.227367	3.224070000	85.806625	0.0	0.0
3.259520	3.256110000	85.757077	0.0	0.0
3.291993	3.288470000	85.706851	0.0	0.0
3.324791	3.321150000	85.657733	0.0	0.0
3.357915	3.354160000	85.606281	0.0	0.0
3.391368	3.387490000	85.555166	0.0	0.0
3.425156	3.421150000	85.503732	0.0	0.0
3.459279	3.455140000	85.451978	0.0	0.0
3.493743	3.489470000	85.399249	0.0	0.0
3.528550	3.524140000	85.346658	0.0	0.0
3.563704	3.559150000	85.293436	0.0	0.0
3.599208	3.594500000	85.239253	0.0	0.0
3.635066	3.630210000	85.185338	0.0	0.0
3.671281	3.666260000	85.130364	0.0	0.0
3.707857	3.702680000	85.075560	0.0	0.0
3.744797	3.739450000	85.019597	0.0	0.0
3.782106	3.776580000	84.963261	0.0	0.0
3.819786	3.814090000	84.906667	0.0	0.0
3.857841	3.851960000	84.849044	0.0	0.0
3.896276	3.890200000	84.792178	0.0	0.0
3.935093	3.928830000	84.733184	0.0	0.0
3.974297	3.967830000	84.674849	0.0	0.0
4.013892	4.007220000	84.615400	0.0	0.0
4.053881	4.046990000	84.555510	0.0	0.0
4.094269	4.087160000	84.495965	0.0	0.0
4.135059	4.127720000	84.435438	0.0	0.0
4.176255	4.168680000	84.373156	0.0	0.0
4.217862	4.210050000	84.311906	0.0	0.0
4.259883	4.251820000	84.249361	0.0	0.0
4.302323	4.294010000	84.186305	0.0	0.0
4.345186	4.336600000	84.122969	0.0	0.0
4.388476	4.379620000	84.058581	0.0	0.0
4.432197	4.423060000	83.993371	0.0	0.0
4.476353	4.466930000	83.927567	0.0	0.0
4.520950	4.511230000	83.862513	0.0	0.0
4.565991	4.555960000	83.795880	0.0	0.0
4.611480	4.601130000	83.727898	0.0	0.0
4.657423	4.646750000	83.660911	0.0	0.0
4.703824	4.692820000	83.592146	0.0	0.0
4.750687	4.739330000	83.523834	0.0	0.0
4.798016	4.786300000	83.454204	0.0	0.0
4.845817	4.833740000	83.383598	0.0	0.0
4.894095	4.881640000	83.312803	0.0	0.0
4.942853	4.930000000	83.240491	0.0	0.0
4.992097	4.978840000	83.169005	0.0	0.0
5.041832	5.028160000	83.096132	0.0	0.0
5.092062	5.077970000	83.022101	0.0	0.0
5.142793	5.128260000	82.948255	0.0	0.0
5.194029	5.179040000	82.872824	0.0	0.0
5.245776	5.230320000	82.797150	0.0	0.0
5.298038	5.282100000	82.721463	0.0	0.0
5.350821	5.334380000	82.644107	0.0	0.0
5.404129	5.387180000	82.566309	0.0	0.0
5.457969	5.440490000	82.487972	0.0	0.0
5.512345	5.494320000	82.408325	0.0	0.0
5.567263	5.548680000	82.328710	0.0	0.0
5.622728	5.603570000	82.247914	0.0	0.0
5.678746	5.658990000	82.166280	0.0	0.0
5.735321	5.714950000	82.084038	0.0	0.0
5.792460	5.771460000	82.001089	0.0	0.0
5.850169	5.828520000	81.917776	0.0	0.0
5.908453	5.886130000	81.832884	0.0	0.0
5.967317	5.944310000	81.748201	0.0	0.0
6.026767	6.003050000	81.661071	0.0	0.0
6.086810	6.062360000	81.574393	0.0	0.0
6.147451	6.122240000	81.486954	0.0	0.0
6.208696	6.182710000	81.398097	0.0	0.0
6.270552	6.243760000	81.308725	0.0	0.0
6.333023	6.305410000	81.218064	0.0	0.0
6.396117	6.367650000	81.126574	0.0	0.0
6.459840	6.430500000	81.034598	0.0	0.0
6.524198	6.493950000	80.942480	0.0	0.0
6.589196	6.558020000	80.848005	0.0	0.0
6.654842	6.622710000	80.753633	0.0	0.0
6.721143	6.688020000	80.658263	0.0	0.0
6.788103	6.753960000	80.561125	0.0	0.0
6.855731	6.820540000	80.464233	0.0	0.0
6.924033	6.887760000	80.365933	0.0	0.0
6.993015	6.955630000	80.266566	0.0	0.0
7.062684	7.024160000	80.166034	0.0	0.0
7.133048	7.093340000	80.065795	0.0	0.0
7.204112	7.163180000	79.963636	0.0	0.0
7.275884	7.233700000	79.860013	0.0	0.0
7.348372	7.304900000	79.756386	0.0	0.0
7.421582	7.376780000	79.651098	0.0	0.0
7.495521	7.449350000	79.545049	0.0	0.0
7.570196	7.522610000	79.438141	0.0	0.0
7.645616	7.596580000	79.329389	0.0	0.0
7.721787	7.671250000	79.221136	0.0	0.0
7.798717	7.746640000	79.110840	0.0	0.0
7.876413	7.822740000	78.999402	0.0	0.0
7.954883	7.899580000	78.886280	0.0	0.0
8.034135	7.977140000	78.772933	0.0	0.0
8.114177	8.055450000	78.658817	0.0	0.0
8.195016	8.134490000	78.542835	0.0	0.0
8.276661	8.214300000	78.427001	0.0	0.0
8.359119	8.294860000	78.309216	0.0	0.0
8.442398	8.376180000	78.189939	0.0	0.0
8.526507	8.458270000	78.070184	0.0	0.0
8.611454	8.541140000	77.948409	0.0	0.0
8.697247	8.624800000	77.826073	0.0	0.0
8.783896	8.709250000	77.702748	0.0	0.0
8.871407	8.794490000	77.578778	0.0	0.0
8.959790	8.880540000	77.452735	0.0	0.0
9.049054	8.967400000	77.325635	0.0	0.0
9.139207	9.055070000	77.196935	0.0	0.0
9.230258	9.143570000	77.067651	0.0	0.0
9.322216	9.232900000	76.936798	0.0	0.0
9.415091	9.323070000	76.804949	0.0	0.0
9.508890	9.414080000	76.671005	0.0	0.0
9.603625	9.505940000	76.536652	0.0	0.0
9.699303	9.598660000	76.400791	0.0	0.0
9.795934	9.692250000	76.262996	0.0	0.0
9.893528	9.786700000	76.124838	0.0	0.0
9.992094	9.882030000	75.984333	0.0	0.0
10.091640	9.978260000	75.841939	0.0	0.0
10.192180	10.075400000	75.699457	0.0	0.0
10.293720	10.173400000	75.555231	0.0	0.0
10.396280	10.272300000	75.413406	0.0	0.0
10.499850	10.372100000	75.263410	0.0	0.0
10.604460	10.472900000	75.116960	0.0	0.0
10.710110	10.574600000	74.968057	0.0	0.0
10.816810	10.677200000	74.816272	0.0	0.0
10.924570	10.780700000	74.661179	0.0	0.0
11.033410	10.885200000	74.508922	0.0	0.0
11.143340	10.990700000	74.357074	0.0	0.0
11.254350	11.097100000	74.196062	0.0	0.0
11.366480	11.204500000	74.041178	0.0	0.0
11.479720	11.312900000	73.880847	0.0	0.0
11.594090	11.422200000	73.720216	0.0	0.0
11.709600	11.532500000	73.557856	0.0	0.0
11.826250	11.643900000	73.388769	0.0	0.0
11.944080	11.756200000	73.227243	0.0	0.0
12.063070	11.869600000	73.056134	0.0	0.0
12.183250	11.983900000	72.887161	0.0	0.0
12.304630	12.099300000	72.716894	0.0	0.0
12.427220	12.215700000	72.545907	0.0	0.0
12.551030	12.333200000	72.372772	0.0	0.0
12.676070	12.451700000	72.195062	0.0	0.0
12.802360	12.571300000	72.018923	0.0	0.0
12.929900	12.691900000	71.836353	0.0	0.0
13.058720	12.813600000	71.657071	0.0	0.0
13.188820	12.936300000	71.475076	0.0	0.0
13.320220	13.060200000	71.292515	0.0	0.0
13.452920	13.185100000	71.103386	0.0	0.0
13.586950	13.311100000	70.916408	0.0	0.0
13.722310	13.438200000	70.725580	0.0	0.0
13.859020	13.566400000	70.533047	0.0	0.0
13.997100	13.695700000	70.343956	0.0	0.0
14.136540	13.826200000	70.143733	0.0	0.0
14.277380	13.957800000	69.947668	0.0	0.0
14.419620	14.090500000	69.747761	0.0	0.0
14.563280	14.224300000	69.548158	0.0	0.0
14.708370	14.359300000	69.345431	0.0	0.0
14.854910	14.495400000	69.143725	0.0	0.0
15.002900	14.632700000	68.934041	0.0	0.0
15.152370	14.771100000	68.726095	0.0	0.0
15.303330	14.910700000	68.516461	0.0	0.0
15.455790	15.051500000	68.302710	0.0	0.0
15.609770	15.193500000	68.086989	0.0	0.0
15.765290	15.336600000	67.873442	0.0	0.0
15.922350	15.480900000	67.652070	0.0	0.0
16.080980	15.626400000	67.431589	0.0	0.0
16.241190	15.772800000	67.208573	0.0	0.0
16.403000	15.917600000	66.986166	0.0	0.0
16.566420	16.051300000	66.759942	0.0	0.0
16.731460	16.146200000	66.527472	0.0	0.0
16.898160	16.141000000	66.301047	0.0	0.0
17.066510	15.930100000	66.067095	0.0	0.0
17.236540	15.369900000	65.832332	0.0	0.0
17.408260	14.318200000	65.593332	0.0	0.0
17.581690	12.698800000	65.352241	0.0	0.0
17.756850	10.566300000	65.111201	0.0	0.0
17.933760	8.127770000	64.865360	0.0	0.0
18.112430	5.694800000	64.620290	0.0	0.0
18.292880	3.578670000	64.367135	0.0	0.0
18.475120	1.982680000	64.121469	0.0	0.0
18.659180	0.948888000	63.860008	0.0	0.0
18.845080	0.382214000	63.603898	0.0	0.0
19.032830	0.125038000	63.348712	0.0	0.0
19.222450	0.031510100	63.095595	0.0	0.0
19.413950	0.005608890	62.820119	0.0	0.0
19.607370	0.000597671	62.564574	0.0	0.0
19.802710	0.000024878	62.288961	0.0	0.0
20.000000	0.000000289	62.019998	0.0	0.0
