# UNCLASSIFIED
#
# Response info for NNA broad-band site.
#
# Effective: 13 Jul 2006
# Creation date: 29 Jan 2009
# File name: NNA.BB.1152792986
#
# Source: James Neely (TTD), TSgt Swindle
# System equipment: Streckeisen STS-2/VBB seismometer and IDA MK-8
# digitizer.
#
# The response file was derived from equations of state.
# Displacement response normalized to 1.0 at 1.0 Hz.
#
# The calib values for this configuration are as follows:
#
# NNA BHZ is 0.197487 nm/count at 1.0 Hz.
# NNA BHN is 0.197487 nm/count at 1.0 Hz.
# NNA BHE is 0.197487 nm/count at 1.0 Hz.
#
# Freq(Hz)     Amp(counts/nm)    Phase(deg)   Error(amp) Error(phase)
#
 theoretical  0       system    fap   J.Neely
1000
0.001000	0.000014401	260.228474	0.0	0.0
0.001010	0.000014835	260.130193	0.0	0.0
0.001020	0.000015283	260.030908	0.0	0.0
0.001030	0.000015744	259.930608	0.0	0.0
0.001040	0.000016220	259.829281	0.0	0.0
0.001051	0.000016709	259.726908	0.0	0.0
0.001061	0.000017213	259.623486	0.0	0.0
0.001072	0.000017733	259.519005	0.0	0.0
0.001083	0.000018268	259.413443	0.0	0.0
0.001093	0.000018819	259.306800	0.0	0.0
0.001104	0.000019387	259.199063	0.0	0.0
0.001115	0.000019973	259.090213	0.0	0.0
0.001126	0.000020575	258.980238	0.0	0.0
0.001138	0.000021196	258.869135	0.0	0.0
0.001149	0.000021836	258.756885	0.0	0.0
0.001160	0.000022495	258.643475	0.0	0.0
0.001172	0.000023174	258.528894	0.0	0.0
0.001184	0.000023873	258.413130	0.0	0.0
0.001195	0.000024594	258.296162	0.0	0.0
0.001207	0.000025336	258.177989	0.0	0.0
0.001219	0.000026100	258.058598	0.0	0.0
0.001231	0.000026888	257.937958	0.0	0.0
0.001244	0.000027700	257.816077	0.0	0.0
0.001256	0.000028535	257.692923	0.0	0.0
0.001269	0.000029396	257.568494	0.0	0.0
0.001281	0.000030284	257.442769	0.0	0.0
0.001294	0.000031197	257.315745	0.0	0.0
0.001307	0.000032139	257.187390	0.0	0.0
0.001320	0.000033108	257.057702	0.0	0.0
0.001333	0.000034107	256.926660	0.0	0.0
0.001346	0.000035137	256.794249	0.0	0.0
0.001360	0.000036197	256.660449	0.0	0.0
0.001373	0.000037289	256.525256	0.0	0.0
0.001387	0.000038414	256.388649	0.0	0.0
0.001401	0.000039573	256.250614	0.0	0.0
0.001415	0.000040767	256.111129	0.0	0.0
0.001429	0.000041997	255.970181	0.0	0.0
0.001443	0.000043264	255.827758	0.0	0.0
0.001457	0.000044569	255.683836	0.0	0.0
0.001472	0.000045913	255.538392	0.0	0.0
0.001487	0.000047299	255.391423	0.0	0.0
0.001501	0.000048725	255.242907	0.0	0.0
0.001516	0.000050195	255.092819	0.0	0.0
0.001532	0.000051709	254.941146	0.0	0.0
0.001547	0.000053269	254.787875	0.0	0.0
0.001562	0.000054876	254.632982	0.0	0.0
0.001578	0.000056531	254.476444	0.0	0.0
0.001593	0.000058236	254.318246	0.0	0.0
0.001609	0.000059992	254.158365	0.0	0.0
0.001625	0.000061801	253.996797	0.0	0.0
0.001642	0.000063665	253.833496	0.0	0.0
0.001658	0.000065585	253.668460	0.0	0.0
0.001674	0.000067563	253.501674	0.0	0.0
0.001691	0.000069600	253.333093	0.0	0.0
0.001708	0.000071698	253.162722	0.0	0.0
0.001725	0.000073860	252.990527	0.0	0.0
0.001742	0.000076087	252.816483	0.0	0.0
0.001760	0.000078381	252.640574	0.0	0.0
0.001777	0.000080743	252.462775	0.0	0.0
0.001795	0.000083177	252.283062	0.0	0.0
0.001813	0.000085684	252.101417	0.0	0.0
0.001831	0.000088267	251.917817	0.0	0.0
0.001849	0.000090927	251.732234	0.0	0.0
0.001867	0.000093667	251.544643	0.0	0.0
0.001886	0.000096490	251.355027	0.0	0.0
0.001905	0.000099398	251.163351	0.0	0.0
0.001924	0.000102392	250.969607	0.0	0.0
0.001943	0.000105477	250.773749	0.0	0.0
0.001962	0.000108655	250.575761	0.0	0.0
0.001982	0.000111928	250.375614	0.0	0.0
0.002002	0.000115299	250.173292	0.0	0.0
0.002022	0.000118772	249.968747	0.0	0.0
0.002042	0.000122348	249.761981	0.0	0.0
0.002062	0.000126033	249.552937	0.0	0.0
0.002083	0.000129827	249.341607	0.0	0.0
0.002103	0.000133736	249.127952	0.0	0.0
0.002124	0.000137762	248.911954	0.0	0.0
0.002145	0.000141908	248.693564	0.0	0.0
0.002167	0.000146179	248.472773	0.0	0.0
0.002188	0.000150578	248.249542	0.0	0.0
0.002210	0.000155108	248.023841	0.0	0.0
0.002232	0.000159775	247.795642	0.0	0.0
0.002254	0.000164581	247.564903	0.0	0.0
0.002277	0.000169531	247.331605	0.0	0.0
0.002300	0.000174629	247.095708	0.0	0.0
0.002322	0.000179879	246.857180	0.0	0.0
0.002346	0.000185287	246.615992	0.0	0.0
0.002369	0.000190856	246.372101	0.0	0.0
0.002393	0.000196592	246.125476	0.0	0.0
0.002416	0.000202498	245.876097	0.0	0.0
0.002441	0.000208581	245.623900	0.0	0.0
0.002465	0.000214846	245.368874	0.0	0.0
0.002489	0.000221298	245.110977	0.0	0.0
0.002514	0.000227942	244.850164	0.0	0.0
0.002539	0.000234784	244.586404	0.0	0.0
0.002565	0.000241829	244.319653	0.0	0.0
0.002590	0.000249084	244.049888	0.0	0.0
0.002616	0.000256555	243.777054	0.0	0.0
0.002642	0.000264249	243.501118	0.0	0.0
0.002668	0.000272170	243.222034	0.0	0.0
0.002695	0.000280328	242.939769	0.0	0.0
0.002722	0.000288727	242.654277	0.0	0.0
0.002749	0.000297375	242.365513	0.0	0.0
0.002776	0.000306279	242.073451	0.0	0.0
0.002804	0.000315447	241.778025	0.0	0.0
0.002832	0.000324886	241.479210	0.0	0.0
0.002860	0.000334604	241.176959	0.0	0.0
0.002888	0.000344610	240.871225	0.0	0.0
0.002917	0.000354910	240.561960	0.0	0.0
0.002946	0.000365514	240.249119	0.0	0.0
0.002976	0.000376431	239.932652	0.0	0.0
0.003005	0.000387669	239.612533	0.0	0.0
0.003035	0.000399237	239.288683	0.0	0.0
0.003066	0.000411145	238.961085	0.0	0.0
0.003096	0.000423402	238.629668	0.0	0.0
0.003127	0.000436019	238.294396	0.0	0.0
0.003158	0.000449004	237.955219	0.0	0.0
0.003190	0.000462369	237.612077	0.0	0.0
0.003221	0.000476124	237.264931	0.0	0.0
0.003253	0.000490281	236.913722	0.0	0.0
0.003286	0.000504849	236.558411	0.0	0.0
0.003319	0.000519841	236.198926	0.0	0.0
0.003352	0.000535267	235.835240	0.0	0.0
0.003385	0.000551141	235.467280	0.0	0.0
0.003419	0.000567475	235.094998	0.0	0.0
0.003453	0.000584279	234.718354	0.0	0.0
0.003487	0.000601569	234.337276	0.0	0.0
0.003522	0.000619356	233.951714	0.0	0.0
0.003557	0.000637653	233.561631	0.0	0.0
0.003592	0.000656476	233.166944	0.0	0.0
0.003628	0.000675836	232.767624	0.0	0.0
0.003664	0.000695750	232.363602	0.0	0.0
0.003701	0.000716231	231.954827	0.0	0.0
0.003738	0.000737293	231.541252	0.0	0.0
0.003775	0.000758953	231.122806	0.0	0.0
0.003813	0.000781225	230.699441	0.0	0.0
0.003851	0.000804125	230.271098	0.0	0.0
0.003889	0.000827670	229.837731	0.0	0.0
0.003928	0.000851875	229.399271	0.0	0.0
0.003967	0.000876757	228.955683	0.0	0.0
0.004006	0.000902333	228.506900	0.0	0.0
0.004046	0.000928619	228.052868	0.0	0.0
0.004087	0.000955634	227.593530	0.0	0.0
0.004127	0.000983395	227.128845	0.0	0.0
0.004168	0.001011920	226.658761	0.0	0.0
0.004210	0.001041230	226.183202	0.0	0.0
0.004252	0.001071330	225.702143	0.0	0.0
0.004294	0.001102260	225.215521	0.0	0.0
0.004337	0.001134020	224.723291	0.0	0.0
0.004380	0.001166640	224.225406	0.0	0.0
0.004424	0.001200140	223.721809	0.0	0.0
0.004468	0.001234530	223.212460	0.0	0.0
0.004512	0.001269840	222.697328	0.0	0.0
0.004557	0.001306090	222.176352	0.0	0.0
0.004603	0.001343280	221.649496	0.0	0.0
0.004649	0.001381460	221.116724	0.0	0.0
0.004695	0.001420620	220.577995	0.0	0.0
0.004742	0.001460810	220.033268	0.0	0.0
0.004789	0.001502020	219.482515	0.0	0.0
0.004837	0.001544300	218.925715	0.0	0.0
0.004885	0.001587640	218.362834	0.0	0.0
0.004934	0.001632090	217.793832	0.0	0.0
0.004983	0.001677650	217.218708	0.0	0.0
0.005032	0.001724340	216.637428	0.0	0.0
0.005082	0.001772190	216.049974	0.0	0.0
0.005133	0.001821220	215.456343	0.0	0.0
0.005184	0.001871440	214.856514	0.0	0.0
0.005236	0.001922870	214.250494	0.0	0.0
0.005288	0.001975540	213.638268	0.0	0.0
0.005341	0.002029450	213.019854	0.0	0.0
0.005394	0.002084640	212.395247	0.0	0.0
0.005448	0.002141110	211.764460	0.0	0.0
0.005502	0.002198890	211.127502	0.0	0.0
0.005557	0.002257980	210.484396	0.0	0.0
0.005612	0.002318420	209.835184	0.0	0.0
0.005668	0.002380200	209.179878	0.0	0.0
0.005725	0.002443360	208.518521	0.0	0.0
0.005782	0.002507890	207.851148	0.0	0.0
0.005839	0.002573830	207.177813	0.0	0.0
0.005897	0.002641170	206.498578	0.0	0.0
0.005956	0.002709930	205.813474	0.0	0.0
0.006015	0.002780120	205.122600	0.0	0.0
0.006075	0.002851750	204.426002	0.0	0.0
0.006136	0.002924840	203.723767	0.0	0.0
0.006197	0.002999380	203.015980	0.0	0.0
0.006259	0.003075390	202.302732	0.0	0.0
0.006321	0.003152870	201.584121	0.0	0.0
0.006384	0.003231830	200.860253	0.0	0.0
0.006448	0.003312270	200.131230	0.0	0.0
0.006512	0.003394190	199.397185	0.0	0.0
0.006577	0.003477600	198.658233	0.0	0.0
0.006642	0.003562500	197.914501	0.0	0.0
0.006708	0.003648880	197.166142	0.0	0.0
0.006775	0.003736740	196.413286	0.0	0.0
0.006843	0.003826080	195.656100	0.0	0.0
0.006911	0.003916900	194.894729	0.0	0.0
0.006980	0.004009180	194.129346	0.0	0.0
0.007049	0.004102930	193.360118	0.0	0.0
0.007120	0.004198130	192.587222	0.0	0.0
0.007191	0.004294760	191.810839	0.0	0.0
0.007262	0.004392840	191.031170	0.0	0.0
0.007335	0.004492330	190.248398	0.0	0.0
0.007408	0.004593230	189.462724	0.0	0.0
0.007481	0.004695530	188.674367	0.0	0.0
0.007556	0.004799200	187.883517	0.0	0.0
0.007631	0.004904230	187.090390	0.0	0.0
0.007707	0.005010600	186.295222	0.0	0.0
0.007784	0.005118300	185.498215	0.0	0.0
0.007862	0.005227310	184.699603	0.0	0.0
0.007940	0.005337600	183.899607	0.0	0.0
0.008019	0.005449160	183.098467	0.0	0.0
0.008099	0.005561970	182.296412	0.0	0.0
0.008180	0.005675990	181.493675	0.0	0.0
0.008261	0.005791220	180.690501	0.0	0.0
0.008343	0.005907630	179.887106	0.0	0.0
0.008426	0.006025190	179.083747	0.0	0.0
0.008510	0.006143880	178.280644	0.0	0.0
0.008595	0.006263690	177.478045	0.0	0.0
0.008681	0.006384580	176.676179	0.0	0.0
0.008767	0.006506530	175.875283	0.0	0.0
0.008855	0.006629520	175.075594	0.0	0.0
0.008943	0.006753530	174.277328	0.0	0.0
0.009032	0.006878540	173.480720	0.0	0.0
0.009122	0.007004510	172.686001	0.0	0.0
0.009213	0.007131440	171.893380	0.0	0.0
0.009305	0.007259290	171.103083	0.0	0.0
0.009397	0.007388050	170.315323	0.0	0.0
0.009491	0.007517710	169.530301	0.0	0.0
0.009586	0.007648230	168.748222	0.0	0.0
0.009681	0.007779600	167.969287	0.0	0.0
0.009777	0.007911810	167.193693	0.0	0.0
0.009875	0.008044830	166.421624	0.0	0.0
0.009973	0.008178650	165.653257	0.0	0.0
0.010073	0.008313260	164.888743	0.0	0.0
0.010173	0.008448640	164.128319	0.0	0.0
0.010274	0.008584780	163.372110	0.0	0.0
0.010377	0.008721670	162.620271	0.0	0.0
0.010480	0.008859290	161.872953	0.0	0.0
0.010584	0.008997650	161.130301	0.0	0.0
0.010690	0.009136720	160.392454	0.0	0.0
0.010796	0.009276510	159.659544	0.0	0.0
0.010904	0.009417000	158.931697	0.0	0.0
0.011013	0.009558200	158.209033	0.0	0.0
0.011122	0.009700100	157.491600	0.0	0.0
0.011233	0.009842690	156.779573	0.0	0.0
0.011345	0.009985980	156.073052	0.0	0.0
0.011458	0.010130000	155.372069	0.0	0.0
0.011572	0.010274600	154.676777	0.0	0.0
0.011688	0.010420000	153.987198	0.0	0.0
0.011804	0.010566100	153.303410	0.0	0.0
0.011922	0.010712900	152.625486	0.0	0.0
0.012040	0.010860400	151.953491	0.0	0.0
0.012160	0.011008600	151.287432	0.0	0.0
0.012281	0.011157500	150.627419	0.0	0.0
0.012404	0.011307200	149.973502	0.0	0.0
0.012527	0.011457600	149.325619	0.0	0.0
0.012652	0.011608800	148.683917	0.0	0.0
0.012778	0.011760700	148.048326	0.0	0.0
0.012906	0.011913400	147.418881	0.0	0.0
0.013034	0.012066800	146.795656	0.0	0.0
0.013164	0.012221100	146.178578	0.0	0.0
0.013295	0.012376200	145.567712	0.0	0.0
0.013428	0.012532100	144.963073	0.0	0.0
0.013561	0.012688900	144.364580	0.0	0.0
0.013696	0.012846500	143.772287	0.0	0.0
0.013833	0.013005000	143.186195	0.0	0.0
0.013971	0.013164400	142.606262	0.0	0.0
0.014110	0.013324700	142.032444	0.0	0.0
0.014250	0.013485900	141.464777	0.0	0.0
0.014392	0.013648000	140.903173	0.0	0.0
0.014536	0.013811200	140.347700	0.0	0.0
0.014681	0.013975300	139.798227	0.0	0.0
0.014827	0.014140400	139.254778	0.0	0.0
0.014975	0.014306500	138.717299	0.0	0.0
0.015124	0.014473700	138.185805	0.0	0.0
0.015275	0.014641900	137.660169	0.0	0.0
0.015427	0.014811200	137.140436	0.0	0.0
0.015580	0.014981700	136.626514	0.0	0.0
0.015736	0.015153200	136.118344	0.0	0.0
0.015892	0.015325900	135.615931	0.0	0.0
0.016051	0.015499800	135.119214	0.0	0.0
0.016211	0.015674900	134.628131	0.0	0.0
0.016372	0.015851200	134.142651	0.0	0.0
0.016535	0.016028700	133.662713	0.0	0.0
0.016700	0.016207500	133.188282	0.0	0.0
0.016866	0.016387600	132.719268	0.0	0.0
0.017034	0.016569000	132.255665	0.0	0.0
0.017204	0.016751700	131.797384	0.0	0.0
0.017375	0.016935800	131.344388	0.0	0.0
0.017549	0.017121200	130.896617	0.0	0.0
0.017723	0.017308100	130.454034	0.0	0.0
0.017900	0.017496400	130.016577	0.0	0.0
0.018078	0.017686100	129.584184	0.0	0.0
0.018258	0.017877400	129.156794	0.0	0.0
0.018440	0.018070100	128.734349	0.0	0.0
0.018624	0.018264300	128.316833	0.0	0.0
0.018810	0.018460100	127.904142	0.0	0.0
0.018997	0.018657500	127.496260	0.0	0.0
0.019186	0.018856500	127.093108	0.0	0.0
0.019377	0.019057100	126.694627	0.0	0.0
0.019570	0.019259300	126.300781	0.0	0.0
0.019765	0.019463200	125.911512	0.0	0.0
0.019962	0.019668900	125.526746	0.0	0.0
0.020161	0.019876200	125.146446	0.0	0.0
0.020362	0.020085300	124.770558	0.0	0.0
0.020565	0.020296200	124.399027	0.0	0.0
0.020770	0.020508800	124.031800	0.0	0.0
0.020977	0.020723300	123.668806	0.0	0.0
0.021186	0.020939700	123.310030	0.0	0.0
0.021397	0.021157900	122.955384	0.0	0.0
0.021610	0.021378100	122.604837	0.0	0.0
0.021825	0.021600100	122.258338	0.0	0.0
0.022043	0.021824200	121.915822	0.0	0.0
0.022262	0.022050200	121.577242	0.0	0.0
0.022484	0.022278200	121.242565	0.0	0.0
0.022708	0.022508300	120.911730	0.0	0.0
0.022934	0.022740400	120.584677	0.0	0.0
0.023163	0.022974600	120.261389	0.0	0.0
0.023394	0.023210900	119.941780	0.0	0.0
0.023627	0.023449400	119.625834	0.0	0.0
0.023862	0.023690000	119.313482	0.0	0.0
0.024100	0.023932800	119.004695	0.0	0.0
0.024340	0.024177900	118.699431	0.0	0.0
0.024582	0.024425200	118.397613	0.0	0.0
0.024827	0.024674800	118.099238	0.0	0.0
0.025075	0.024926700	117.804230	0.0	0.0
0.025324	0.025180900	117.512564	0.0	0.0
0.025577	0.025437500	117.224190	0.0	0.0
0.025832	0.025696600	116.939072	0.0	0.0
0.026089	0.025958000	116.657163	0.0	0.0
0.026349	0.026221800	116.378415	0.0	0.0
0.026611	0.026488200	116.102806	0.0	0.0
0.026876	0.026757000	115.830281	0.0	0.0
0.027144	0.027028400	115.560796	0.0	0.0
0.027415	0.027302400	115.294328	0.0	0.0
0.027688	0.027578900	115.030837	0.0	0.0
0.027964	0.027858100	114.770280	0.0	0.0
0.028242	0.028139900	114.512609	0.0	0.0
0.028524	0.028424400	114.257811	0.0	0.0
0.028808	0.028711600	114.005822	0.0	0.0
0.029095	0.029001600	113.756631	0.0	0.0
0.029385	0.029294300	113.510191	0.0	0.0
0.029677	0.029589900	113.266467	0.0	0.0
0.029973	0.029888300	113.025424	0.0	0.0
0.030272	0.030189500	112.787035	0.0	0.0
0.030573	0.030493700	112.551257	0.0	0.0
0.030878	0.030800700	112.318067	0.0	0.0
0.031185	0.031110800	112.087431	0.0	0.0
0.031496	0.031423800	111.859310	0.0	0.0
0.031810	0.031739900	111.633674	0.0	0.0
0.032127	0.032059100	111.410498	0.0	0.0
0.032447	0.032381300	111.189746	0.0	0.0
0.032770	0.032706600	110.971390	0.0	0.0
0.033097	0.033035200	110.755399	0.0	0.0
0.033426	0.033366900	110.541748	0.0	0.0
0.033759	0.033701800	110.330401	0.0	0.0
0.034096	0.034040000	110.121339	0.0	0.0
0.034435	0.034381600	109.914522	0.0	0.0
0.034778	0.034726400	109.709933	0.0	0.0
0.035125	0.035074600	109.507544	0.0	0.0
0.035475	0.035426200	109.307321	0.0	0.0
0.035828	0.035781300	109.109238	0.0	0.0
0.036185	0.036139800	108.913280	0.0	0.0
0.036546	0.036501800	108.719405	0.0	0.0
0.036910	0.036867400	108.527603	0.0	0.0
0.037278	0.037236600	108.337841	0.0	0.0
0.037649	0.037609400	108.150092	0.0	0.0
0.038024	0.037985800	107.964341	0.0	0.0
0.038403	0.038366000	107.780551	0.0	0.0
0.038785	0.038749900	107.598713	0.0	0.0
0.039172	0.039137600	107.418793	0.0	0.0
0.039562	0.039529100	107.240772	0.0	0.0
0.039956	0.039924400	107.064630	0.0	0.0
0.040354	0.040323600	106.890340	0.0	0.0
0.040756	0.040726800	106.717880	0.0	0.0
0.041162	0.041133900	106.547228	0.0	0.0
0.041572	0.041545100	106.378372	0.0	0.0
0.041987	0.041960300	106.211277	0.0	0.0
0.042405	0.042379600	106.045931	0.0	0.0
0.042827	0.042803100	105.882311	0.0	0.0
0.043254	0.043230700	105.720401	0.0	0.0
0.043685	0.043662600	105.560173	0.0	0.0
0.044120	0.044098700	105.401612	0.0	0.0
0.044560	0.044539200	105.244698	0.0	0.0
0.045004	0.044984000	105.089410	0.0	0.0
0.045452	0.045433200	104.935734	0.0	0.0
0.045905	0.045886800	104.783649	0.0	0.0
0.046362	0.046345000	104.633134	0.0	0.0
0.046824	0.046807600	104.484175	0.0	0.0
0.047291	0.047274900	104.336749	0.0	0.0
0.047762	0.047746700	104.190844	0.0	0.0
0.048238	0.048223300	104.046439	0.0	0.0
0.048718	0.048704600	103.903520	0.0	0.0
0.049204	0.049190600	103.762064	0.0	0.0
0.049694	0.049681500	103.622060	0.0	0.0
0.050189	0.050177200	103.483491	0.0	0.0
0.050689	0.050677900	103.346337	0.0	0.0
0.051194	0.051183500	103.210585	0.0	0.0
0.051704	0.051694100	103.076218	0.0	0.0
0.052219	0.052209800	102.943221	0.0	0.0
0.052739	0.052730600	102.811579	0.0	0.0
0.053265	0.053256600	102.681274	0.0	0.0
0.053795	0.053787800	102.552295	0.0	0.0
0.054331	0.054324300	102.424623	0.0	0.0
0.054873	0.054866100	102.298248	0.0	0.0
0.055419	0.055413300	102.173151	0.0	0.0
0.055971	0.055965900	102.049319	0.0	0.0
0.056529	0.056524000	101.926741	0.0	0.0
0.057092	0.057087700	101.805399	0.0	0.0
0.057661	0.057656900	101.685279	0.0	0.0
0.058235	0.058231800	101.566370	0.0	0.0
0.058816	0.058812500	101.448658	0.0	0.0
0.059402	0.059398900	101.332130	0.0	0.0
0.059993	0.059991100	101.216771	0.0	0.0
0.060591	0.060589200	101.102569	0.0	0.0
0.061195	0.061193200	100.989512	0.0	0.0
0.061804	0.061803300	100.877588	0.0	0.0
0.062420	0.062419400	100.766782	0.0	0.0
0.063042	0.063041700	100.657082	0.0	0.0
0.063670	0.063670100	100.548478	0.0	0.0
0.064304	0.064304800	100.440957	0.0	0.0
0.064945	0.064945800	100.334506	0.0	0.0
0.065592	0.065593200	100.229115	0.0	0.0
0.066246	0.066247100	100.124772	0.0	0.0
0.066906	0.066907400	100.021463	0.0	0.0
0.067572	0.067574300	99.919180	0.0	0.0
0.068245	0.068247800	99.817911	0.0	0.0
0.068925	0.068928000	99.717645	0.0	0.0
0.069612	0.069615000	99.618368	0.0	0.0
0.070305	0.070308900	99.520074	0.0	0.0
0.071006	0.071009600	99.422750	0.0	0.0
0.071713	0.071717300	99.326385	0.0	0.0
0.072428	0.072432100	99.230968	0.0	0.0
0.073149	0.073153900	99.136492	0.0	0.0
0.073878	0.073883000	99.042942	0.0	0.0
0.074614	0.074619300	98.950313	0.0	0.0
0.075357	0.075362900	98.858591	0.0	0.0
0.076108	0.076114000	98.767767	0.0	0.0
0.076866	0.076872500	98.677833	0.0	0.0
0.077632	0.077638500	98.588778	0.0	0.0
0.078406	0.078412200	98.500594	0.0	0.0
0.079187	0.079193600	98.413268	0.0	0.0
0.079976	0.079982800	98.326795	0.0	0.0
0.080773	0.080779800	98.241164	0.0	0.0
0.081577	0.081584800	98.156364	0.0	0.0
0.082390	0.082397800	98.072389	0.0	0.0
0.083211	0.083218800	97.989229	0.0	0.0
0.084040	0.084048100	97.906874	0.0	0.0
0.084877	0.084885600	97.825318	0.0	0.0
0.085723	0.085731400	97.744549	0.0	0.0
0.086577	0.086585700	97.664562	0.0	0.0
0.087439	0.087448500	97.585346	0.0	0.0
0.088310	0.088319800	97.506894	0.0	0.0
0.089190	0.089199900	97.429197	0.0	0.0
0.090079	0.090088700	97.352246	0.0	0.0
0.090976	0.090986300	97.276036	0.0	0.0
0.091883	0.091892900	97.200556	0.0	0.0
0.092798	0.092808600	97.125800	0.0	0.0
0.093722	0.093733300	97.051759	0.0	0.0
0.094656	0.094667200	96.978425	0.0	0.0
0.095599	0.095610500	96.905792	0.0	0.0
0.096552	0.096563100	96.833852	0.0	0.0
0.097514	0.097525300	96.762597	0.0	0.0
0.098485	0.098497000	96.692019	0.0	0.0
0.099466	0.099478400	96.622111	0.0	0.0
0.100457	0.100470000	96.552865	0.0	0.0
0.101458	0.101471000	96.484278	0.0	0.0
0.102469	0.102482000	96.416338	0.0	0.0
0.103490	0.103503000	96.349039	0.0	0.0
0.104521	0.104534000	96.282378	0.0	0.0
0.105562	0.105575000	96.216344	0.0	0.0
0.106614	0.106627000	96.150930	0.0	0.0
0.107676	0.107690000	96.086134	0.0	0.0
0.108749	0.108763000	96.021940	0.0	0.0
0.109832	0.109846000	95.958352	0.0	0.0
0.110926	0.110941000	95.895358	0.0	0.0
0.112031	0.112046000	95.832947	0.0	0.0
0.113148	0.113162000	95.771124	0.0	0.0
0.114275	0.114290000	95.709873	0.0	0.0
0.115413	0.115429000	95.649197	0.0	0.0
0.116563	0.116579000	95.589077	0.0	0.0
0.117724	0.117740000	95.529521	0.0	0.0
0.118897	0.118913000	95.470510	0.0	0.0
0.120082	0.120098000	95.412047	0.0	0.0
0.121278	0.121294000	95.354119	0.0	0.0
0.122486	0.122503000	95.296730	0.0	0.0
0.123707	0.123723000	95.239864	0.0	0.0
0.124939	0.124956000	95.183518	0.0	0.0
0.126184	0.126201000	95.127692	0.0	0.0
0.127441	0.127458000	95.072375	0.0	0.0
0.128711	0.128728000	95.017560	0.0	0.0
0.129993	0.130011000	94.963245	0.0	0.0
0.131288	0.131306000	94.909423	0.0	0.0
0.132596	0.132614000	94.856089	0.0	0.0
0.133917	0.133936000	94.803238	0.0	0.0
0.135251	0.135270000	94.750863	0.0	0.0
0.136599	0.136618000	94.698964	0.0	0.0
0.137960	0.137979000	94.647528	0.0	0.0
0.139334	0.139353000	94.596552	0.0	0.0
0.140722	0.140742000	94.546035	0.0	0.0
0.142124	0.142144000	94.495968	0.0	0.0
0.143540	0.143560000	94.446348	0.0	0.0
0.144970	0.144990000	94.397167	0.0	0.0
0.146414	0.146435000	94.348423	0.0	0.0
0.147873	0.147894000	94.300114	0.0	0.0
0.149346	0.149367000	94.252225	0.0	0.0
0.150834	0.150855000	94.204764	0.0	0.0
0.152337	0.152358000	94.157714	0.0	0.0
0.153855	0.153876000	94.111078	0.0	0.0
0.155387	0.155409000	94.064850	0.0	0.0
0.156935	0.156958000	94.019027	0.0	0.0
0.158499	0.158521000	93.973600	0.0	0.0
0.160078	0.160101000	93.928566	0.0	0.0
0.161673	0.161696000	93.883922	0.0	0.0
0.163284	0.163307000	93.839662	0.0	0.0
0.164910	0.164934000	93.795781	0.0	0.0
0.166553	0.166577000	93.752278	0.0	0.0
0.168213	0.168236000	93.709146	0.0	0.0
0.169888	0.169913000	93.666379	0.0	0.0
0.171581	0.171605000	93.623978	0.0	0.0
0.173290	0.173315000	93.581934	0.0	0.0
0.175017	0.175042000	93.540243	0.0	0.0
0.176760	0.176786000	93.498904	0.0	0.0
0.178521	0.178547000	93.457911	0.0	0.0
0.180300	0.180326000	93.417259	0.0	0.0
0.182096	0.182122000	93.376945	0.0	0.0
0.183910	0.183937000	93.336967	0.0	0.0
0.185743	0.185769000	93.297316	0.0	0.0
0.187593	0.187620000	93.257992	0.0	0.0
0.189462	0.189489000	93.218991	0.0	0.0
0.191350	0.191377000	93.180307	0.0	0.0
0.193256	0.193284000	93.141938	0.0	0.0
0.195181	0.195209000	93.103879	0.0	0.0
0.197126	0.197154000	93.066127	0.0	0.0
0.199090	0.199118000	93.028678	0.0	0.0
0.201073	0.201102000	92.991528	0.0	0.0
0.203077	0.203106000	92.954674	0.0	0.0
0.205100	0.205129000	92.918111	0.0	0.0
0.207143	0.207173000	92.881836	0.0	0.0
0.209207	0.209237000	92.845846	0.0	0.0
0.211291	0.211321000	92.810139	0.0	0.0
0.213396	0.213426000	92.774706	0.0	0.0
0.215522	0.215553000	92.739549	0.0	0.0
0.217669	0.217700000	92.704661	0.0	0.0
0.219838	0.219869000	92.670043	0.0	0.0
0.222028	0.222060000	92.635686	0.0	0.0
0.224240	0.224272000	92.601590	0.0	0.0
0.226474	0.226506000	92.567751	0.0	0.0
0.228730	0.228763000	92.534165	0.0	0.0
0.231009	0.231042000	92.500828	0.0	0.0
0.233311	0.233344000	92.467739	0.0	0.0
0.235635	0.235668000	92.434893	0.0	0.0
0.237983	0.238016000	92.402289	0.0	0.0
0.240354	0.240388000	92.369919	0.0	0.0
0.242748	0.242782000	92.337784	0.0	0.0
0.245167	0.245201000	92.305881	0.0	0.0
0.247609	0.247644000	92.274204	0.0	0.0
0.250076	0.250111000	92.242751	0.0	0.0
0.252567	0.252603000	92.211521	0.0	0.0
0.255084	0.255119000	92.180508	0.0	0.0
0.257625	0.257661000	92.149709	0.0	0.0
0.260192	0.260228000	92.119124	0.0	0.0
0.262784	0.262821000	92.088747	0.0	0.0
0.265402	0.265439000	92.058575	0.0	0.0
0.268046	0.268083000	92.028607	0.0	0.0
0.270716	0.270754000	91.998840	0.0	0.0
0.273413	0.273452000	91.969268	0.0	0.0
0.276137	0.276176000	91.939892	0.0	0.0
0.278888	0.278927000	91.910706	0.0	0.0
0.281667	0.281706000	91.881709	0.0	0.0
0.284473	0.284513000	91.852896	0.0	0.0
0.287307	0.287347000	91.824267	0.0	0.0
0.290170	0.290210000	91.795818	0.0	0.0
0.293060	0.293101000	91.767546	0.0	0.0
0.295980	0.296021000	91.739447	0.0	0.0
0.298929	0.298970000	91.711521	0.0	0.0
0.301907	0.301949000	91.683762	0.0	0.0
0.304915	0.304957000	91.656170	0.0	0.0
0.307953	0.307995000	91.628741	0.0	0.0
0.311021	0.311064000	91.601473	0.0	0.0
0.314119	0.314162000	91.574362	0.0	0.0
0.317249	0.317292000	91.547407	0.0	0.0
0.320409	0.320453000	91.520604	0.0	0.0
0.323602	0.323646000	91.493950	0.0	0.0
0.326825	0.326870000	91.467444	0.0	0.0
0.330082	0.330127000	91.441083	0.0	0.0
0.333370	0.333415000	91.414863	0.0	0.0
0.336691	0.336737000	91.388783	0.0	0.0
0.340046	0.340092000	91.362840	0.0	0.0
0.343433	0.343480000	91.337030	0.0	0.0
0.346855	0.346902000	91.311353	0.0	0.0
0.350311	0.350358000	91.285805	0.0	0.0
0.353801	0.353848000	91.260383	0.0	0.0
0.357325	0.357373000	91.235086	0.0	0.0
0.360885	0.360934000	91.209910	0.0	0.0
0.364481	0.364530000	91.184853	0.0	0.0
0.368112	0.368161000	91.159914	0.0	0.0
0.371779	0.371829000	91.135088	0.0	0.0
0.375483	0.375533000	91.110374	0.0	0.0
0.379224	0.379274000	91.085770	0.0	0.0
0.383002	0.383053000	91.061272	0.0	0.0
0.386818	0.386869000	91.036879	0.0	0.0
0.390672	0.390723000	91.012588	0.0	0.0
0.394564	0.394615000	90.988397	0.0	0.0
0.398495	0.398547000	90.964303	0.0	0.0
0.402465	0.402517000	90.940304	0.0	0.0
0.406474	0.406527000	90.916398	0.0	0.0
0.410524	0.410577000	90.892582	0.0	0.0
0.414614	0.414668000	90.868855	0.0	0.0
0.418745	0.418799000	90.845212	0.0	0.0
0.422916	0.422971000	90.821653	0.0	0.0
0.427130	0.427185000	90.798175	0.0	0.0
0.431385	0.431440000	90.774775	0.0	0.0
0.435683	0.435738000	90.751452	0.0	0.0
0.440024	0.440079000	90.728202	0.0	0.0
0.444407	0.444463000	90.705025	0.0	0.0
0.448835	0.448891000	90.681916	0.0	0.0
0.453307	0.453363000	90.658875	0.0	0.0
0.457823	0.457880000	90.635899	0.0	0.0
0.462384	0.462441000	90.612985	0.0	0.0
0.466990	0.467048000	90.590133	0.0	0.0
0.471643	0.471701000	90.567338	0.0	0.0
0.476342	0.476400000	90.544598	0.0	0.0
0.481087	0.481146000	90.521913	0.0	0.0
0.485880	0.485939000	90.499279	0.0	0.0
0.490721	0.490780000	90.476694	0.0	0.0
0.495610	0.495669000	90.454157	0.0	0.0
0.500547	0.500607000	90.431664	0.0	0.0
0.505534	0.505594000	90.409213	0.0	0.0
0.510571	0.510631000	90.386803	0.0	0.0
0.515657	0.515718000	90.364431	0.0	0.0
0.520795	0.520856000	90.342095	0.0	0.0
0.525983	0.526044000	90.319792	0.0	0.0
0.531224	0.531285000	90.297521	0.0	0.0
0.536516	0.536578000	90.275280	0.0	0.0
0.541861	0.541923000	90.253065	0.0	0.0
0.547260	0.547321000	90.230876	0.0	0.0
0.552712	0.552774000	90.208710	0.0	0.0
0.558218	0.558280000	90.186564	0.0	0.0
0.563780	0.563842000	90.164436	0.0	0.0
0.569396	0.569459000	90.142325	0.0	0.0
0.575069	0.575132000	90.120228	0.0	0.0
0.580798	0.580861000	90.098142	0.0	0.0
0.586585	0.586647000	90.076067	0.0	0.0
0.592429	0.592491000	90.053999	0.0	0.0
0.598331	0.598394000	90.031936	0.0	0.0
0.604292	0.604355000	90.009877	0.0	0.0
0.610312	0.610375000	89.987819	0.0	0.0
0.616392	0.616455000	89.965760	0.0	0.0
0.622533	0.622596000	89.943697	0.0	0.0
0.628736	0.628798000	89.921629	0.0	0.0
0.634999	0.635062000	89.899553	0.0	0.0
0.641326	0.641388000	89.877468	0.0	0.0
0.647715	0.647778000	89.855371	0.0	0.0
0.654168	0.654230000	89.833259	0.0	0.0
0.660685	0.660747000	89.811131	0.0	0.0
0.667268	0.667329000	89.788985	0.0	0.0
0.673915	0.673977000	89.766818	0.0	0.0
0.680629	0.680691000	89.744629	0.0	0.0
0.687410	0.687471000	89.722414	0.0	0.0
0.694259	0.694319000	89.700172	0.0	0.0
0.701175	0.701235000	89.677901	0.0	0.0
0.708161	0.708220000	89.655598	0.0	0.0
0.715216	0.715275000	89.633261	0.0	0.0
0.722342	0.722400000	89.610889	0.0	0.0
0.729538	0.729596000	89.588478	0.0	0.0
0.736806	0.736864000	89.566027	0.0	0.0
0.744147	0.744204000	89.543534	0.0	0.0
0.751561	0.751617000	89.520996	0.0	0.0
0.759048	0.759103000	89.498410	0.0	0.0
0.766610	0.766665000	89.475776	0.0	0.0
0.774248	0.774301000	89.453090	0.0	0.0
0.781961	0.782014000	89.430351	0.0	0.0
0.789752	0.789803000	89.407556	0.0	0.0
0.797620	0.797670000	89.384702	0.0	0.0
0.805566	0.805615000	89.361788	0.0	0.0
0.813592	0.813640000	89.338812	0.0	0.0
0.821698	0.821744000	89.315771	0.0	0.0
0.829884	0.829929000	89.292663	0.0	0.0
0.838152	0.838195000	89.269485	0.0	0.0
0.846502	0.846544000	89.246235	0.0	0.0
0.854936	0.854976000	89.222912	0.0	0.0
0.863453	0.863492000	89.199512	0.0	0.0
0.872055	0.872092000	89.176034	0.0	0.0
0.880743	0.880778000	89.152475	0.0	0.0
0.889518	0.889551000	89.128833	0.0	0.0
0.898380	0.898411000	89.105106	0.0	0.0
0.907330	0.907359000	89.081290	0.0	0.0
0.916370	0.916396000	89.057385	0.0	0.0
0.925499	0.925523000	89.033387	0.0	0.0
0.934720	0.934741000	89.009294	0.0	0.0
0.944032	0.944051000	88.985104	0.0	0.0
0.953437	0.953453000	88.960815	0.0	0.0
0.962936	0.962949000	88.936423	0.0	0.0
0.972529	0.972539000	88.911927	0.0	0.0
0.982218	0.982225000	88.887325	0.0	0.0
0.992004	0.992007000	88.862613	0.0	0.0
1.001887	1.001890000	88.837790	0.0	0.0
1.011868	1.011860000	88.812854	0.0	0.0
1.021949	1.021940000	88.787800	0.0	0.0
1.032131	1.032120000	88.762625	0.0	0.0
1.042414	1.042400000	88.737331	0.0	0.0
1.052799	1.052780000	88.711913	0.0	0.0
1.063288	1.063260000	88.686368	0.0	0.0
1.073881	1.073850000	88.660696	0.0	0.0
1.084580	1.084550000	88.634891	0.0	0.0
1.095385	1.095350000	88.608953	0.0	0.0
1.106298	1.106250000	88.582878	0.0	0.0
1.117320	1.117270000	88.556663	0.0	0.0
1.128451	1.128400000	88.530309	0.0	0.0
1.139694	1.139630000	88.503808	0.0	0.0
1.151048	1.150980000	88.477163	0.0	0.0
1.162516	1.162440000	88.450366	0.0	0.0
1.174097	1.174020000	88.423420	0.0	0.0
1.185794	1.185710000	88.396318	0.0	0.0
1.197608	1.197510000	88.369057	0.0	0.0
1.209540	1.209440000	88.341636	0.0	0.0
1.221590	1.221480000	88.314055	0.0	0.0
1.233760	1.233640000	88.286308	0.0	0.0
1.246052	1.245930000	88.258391	0.0	0.0
1.258466	1.258330000	88.230305	0.0	0.0
1.271004	1.270860000	88.202044	0.0	0.0
1.283666	1.283510000	88.173609	0.0	0.0
1.296455	1.296290000	88.144993	0.0	0.0
1.309371	1.309200000	88.116196	0.0	0.0
1.322416	1.322240000	88.087214	0.0	0.0
1.335591	1.335400000	88.058044	0.0	0.0
1.348897	1.348690000	88.028684	0.0	0.0
1.362336	1.362120000	87.999130	0.0	0.0
1.375908	1.375680000	87.969382	0.0	0.0
1.389616	1.389380000	87.939433	0.0	0.0
1.403460	1.403210000	87.909283	0.0	0.0
1.417443	1.417180000	87.878926	0.0	0.0
1.431564	1.431290000	87.848364	0.0	0.0
1.445826	1.445540000	87.817590	0.0	0.0
1.460231	1.459930000	87.786601	0.0	0.0
1.474779	1.474460000	87.755395	0.0	0.0
1.489471	1.489140000	87.723972	0.0	0.0
1.504310	1.503960000	87.692324	0.0	0.0
1.519297	1.518930000	87.660449	0.0	0.0
1.534434	1.534050000	87.628344	0.0	0.0
1.549721	1.549320000	87.596009	0.0	0.0
1.565160	1.564750000	87.563438	0.0	0.0
1.580753	1.580320000	87.530628	0.0	0.0
1.596502	1.596050000	87.497575	0.0	0.0
1.612408	1.611940000	87.464277	0.0	0.0
1.628471	1.627980000	87.430733	0.0	0.0
1.644695	1.644190000	87.396935	0.0	0.0
1.661081	1.660550000	87.362882	0.0	0.0
1.677630	1.677080000	87.328571	0.0	0.0
1.694344	1.693770000	87.293998	0.0	0.0
1.711224	1.710630000	87.259161	0.0	0.0
1.728272	1.727650000	87.224056	0.0	0.0
1.745491	1.744850000	87.188676	0.0	0.0
1.762880	1.762210000	87.153025	0.0	0.0
1.780443	1.779750000	87.117093	0.0	0.0
1.798181	1.797460000	87.080879	0.0	0.0
1.816096	1.815350000	87.044379	0.0	0.0
1.834189	1.833420000	87.007590	0.0	0.0
1.852463	1.851660000	86.970507	0.0	0.0
1.870918	1.870090000	86.933129	0.0	0.0
1.889558	1.888700000	86.895449	0.0	0.0
1.908383	1.907490000	86.857467	0.0	0.0
1.927396	1.926470000	86.819176	0.0	0.0
1.946598	1.945640000	86.780574	0.0	0.0
1.965991	1.965000000	86.741658	0.0	0.0
1.985578	1.984560000	86.702422	0.0	0.0
2.005359	2.004300000	86.662866	0.0	0.0
2.025338	2.024250000	86.622981	0.0	0.0
2.045516	2.044390000	86.582766	0.0	0.0
2.065895	2.064730000	86.542216	0.0	0.0
2.086477	2.085270000	86.501329	0.0	0.0
2.107264	2.106010000	86.460099	0.0	0.0
2.128258	2.126960000	86.418524	0.0	0.0
2.149461	2.148120000	86.376599	0.0	0.0
2.170875	2.169490000	86.334320	0.0	0.0
2.192503	2.191070000	86.291681	0.0	0.0
2.214346	2.212870000	86.248681	0.0	0.0
2.236407	2.234880000	86.205313	0.0	0.0
2.258688	2.257110000	86.161574	0.0	0.0
2.281191	2.279560000	86.117460	0.0	0.0
2.303917	2.302230000	86.072969	0.0	0.0
2.326871	2.325130000	86.028091	0.0	0.0
2.350052	2.348250000	85.982828	0.0	0.0
2.373465	2.371610000	85.937171	0.0	0.0
2.397111	2.395190000	85.891118	0.0	0.0
2.420993	2.419010000	85.844663	0.0	0.0
2.445113	2.443060000	85.797801	0.0	0.0
2.469473	2.467350000	85.750530	0.0	0.0
2.494075	2.491880000	85.702846	0.0	0.0
2.518923	2.516660000	85.654740	0.0	0.0
2.544018	2.541680000	85.606212	0.0	0.0
2.569364	2.566940000	85.557252	0.0	0.0
2.594961	2.592460000	85.507862	0.0	0.0
2.620814	2.618230000	85.458032	0.0	0.0
2.646925	2.644250000	85.407759	0.0	0.0
2.673295	2.670530000	85.357039	0.0	0.0
2.699928	2.697070000	85.305866	0.0	0.0
2.726827	2.723880000	85.254234	0.0	0.0
2.753994	2.750940000	85.202140	0.0	0.0
2.781431	2.778280000	85.149579	0.0	0.0
2.809141	2.805880000	85.096546	0.0	0.0
2.837128	2.833760000	85.043034	0.0	0.0
2.865393	2.861910000	84.989040	0.0	0.0
2.893941	2.890340000	84.934555	0.0	0.0
2.922772	2.919050000	84.879580	0.0	0.0
2.951891	2.948040000	84.824104	0.0	0.0
2.981300	2.977320000	84.768125	0.0	0.0
3.011001	3.006890000	84.711639	0.0	0.0
3.040999	3.036750000	84.654636	0.0	0.0
3.071296	3.066910000	84.597112	0.0	0.0
3.101894	3.097360000	84.539064	0.0	0.0
3.132797	3.128120000	84.480485	0.0	0.0
3.164008	3.159170000	84.421369	0.0	0.0
3.195530	3.190530000	84.361710	0.0	0.0
3.227367	3.222210000	84.301502	0.0	0.0
3.259520	3.254190000	84.240741	0.0	0.0
3.291993	3.286490000	84.179422	0.0	0.0
3.324791	3.319110000	84.117535	0.0	0.0
3.357915	3.352050000	84.055077	0.0	0.0
3.391368	3.385320000	83.992045	0.0	0.0
3.425156	3.418910000	83.928425	0.0	0.0
3.459279	3.452830000	83.864220	0.0	0.0
3.493743	3.487100000	83.799417	0.0	0.0
3.528550	3.521690000	83.734013	0.0	0.0
3.563704	3.556630000	83.668001	0.0	0.0
3.599208	3.591910000	83.601376	0.0	0.0
3.635066	3.627550000	83.534129	0.0	0.0
3.671281	3.663530000	83.466257	0.0	0.0
3.707857	3.699860000	83.397751	0.0	0.0
3.744797	3.736560000	83.328606	0.0	0.0
3.782106	3.773610000	83.258813	0.0	0.0
3.819786	3.811030000	83.188370	0.0	0.0
3.857841	3.848820000	83.117267	0.0	0.0
3.896276	3.886980000	83.045497	0.0	0.0
3.935093	3.925510000	82.973057	0.0	0.0
3.974297	3.964420000	82.899936	0.0	0.0
4.013892	4.003720000	82.826128	0.0	0.0
4.053881	4.043400000	82.751628	0.0	0.0
4.094269	4.083460000	82.676426	0.0	0.0
4.135059	4.123920000	82.600518	0.0	0.0
4.176255	4.164780000	82.523896	0.0	0.0
4.217862	4.206030000	82.446552	0.0	0.0
4.259883	4.247690000	82.368480	0.0	0.0
4.302323	4.289750000	82.289672	0.0	0.0
4.345186	4.332220000	82.210119	0.0	0.0
4.388476	4.375110000	82.129817	0.0	0.0
4.432197	4.418420000	82.048756	0.0	0.0
4.476353	4.462140000	81.966932	0.0	0.0
4.520950	4.506290000	81.884332	0.0	0.0
4.565991	4.550880000	81.800951	0.0	0.0
4.611480	4.595890000	81.716784	0.0	0.0
4.657423	4.641340000	81.631819	0.0	0.0
4.703824	4.687240000	81.546049	0.0	0.0
4.750687	4.733580000	81.459467	0.0	0.0
4.798016	4.780370000	81.372068	0.0	0.0
4.845817	4.827620000	81.283839	0.0	0.0
4.894095	4.875330000	81.194773	0.0	0.0
4.942853	4.923500000	81.104865	0.0	0.0
4.992097	4.972140000	81.014103	0.0	0.0
5.041832	5.021260000	80.922480	0.0	0.0
5.092062	5.070850000	80.829990	0.0	0.0
5.142793	5.120930000	80.736620	0.0	0.0
5.194029	5.171500000	80.642366	0.0	0.0
5.245776	5.222560000	80.547216	0.0	0.0
5.298038	5.274110000	80.451163	0.0	0.0
5.350821	5.326170000	80.354199	0.0	0.0
5.404129	5.378740000	80.256315	0.0	0.0
5.457969	5.431820000	80.157501	0.0	0.0
5.512345	5.485410000	80.057749	0.0	0.0
5.567263	5.539520000	79.957049	0.0	0.0
5.622728	5.594160000	79.855394	0.0	0.0
5.678746	5.649330000	79.752772	0.0	0.0
5.735321	5.705030000	79.649178	0.0	0.0
5.792460	5.761270000	79.544599	0.0	0.0
5.850169	5.818050000	79.439027	0.0	0.0
5.908453	5.875370000	79.332451	0.0	0.0
5.967317	5.933240000	79.224866	0.0	0.0
6.026767	5.991670000	79.116259	0.0	0.0
6.086810	6.050650000	79.006621	0.0	0.0
6.147451	6.110200000	78.895942	0.0	0.0
6.208696	6.170310000	78.784213	0.0	0.0
6.270552	6.231000000	78.671423	0.0	0.0
6.333023	6.292260000	78.557566	0.0	0.0
6.396117	6.354110000	78.442627	0.0	0.0
6.459840	6.416550000	78.326597	0.0	0.0
6.524198	6.479580000	78.209468	0.0	0.0
6.589196	6.543220000	78.091231	0.0	0.0
6.654842	6.607460000	77.971872	0.0	0.0
6.721143	6.672320000	77.851381	0.0	0.0
6.788103	6.737800000	77.729752	0.0	0.0
6.855731	6.803910000	77.606971	0.0	0.0
6.924033	6.870650000	77.483026	0.0	0.0
6.993015	6.938040000	77.357911	0.0	0.0
7.062684	7.006070000	77.231613	0.0	0.0
7.133048	7.074760000	77.104119	0.0	0.0
7.204112	7.144110000	76.975423	0.0	0.0
7.275884	7.214120000	76.845511	0.0	0.0
7.348372	7.284800000	76.714371	0.0	0.0
7.421582	7.356150000	76.581995	0.0	0.0
7.495521	7.428170000	76.448370	0.0	0.0
7.570196	7.500880000	76.313487	0.0	0.0
7.645616	7.574260000	76.177332	0.0	0.0
7.721787	7.648330000	76.039896	0.0	0.0
7.798717	7.723090000	75.901166	0.0	0.0
7.876413	7.798540000	75.761132	0.0	0.0
7.954883	7.874690000	75.619782	0.0	0.0
8.034135	7.951540000	75.477104	0.0	0.0
8.114177	8.029100000	75.333086	0.0	0.0
8.195016	8.107380000	75.187717	0.0	0.0
8.276661	8.186400000	75.040985	0.0	0.0
8.359119	8.266140000	74.892879	0.0	0.0
8.442398	8.346640000	74.743388	0.0	0.0
8.526507	8.427900000	74.592497	0.0	0.0
8.611454	8.509930000	74.440197	0.0	0.0
8.697247	8.592740000	74.286474	0.0	0.0
8.783896	8.676330000	74.131314	0.0	0.0
8.871407	8.760720000	73.974711	0.0	0.0
8.959790	8.845900000	73.816647	0.0	0.0
9.049054	8.931890000	73.657112	0.0	0.0
9.139207	9.018680000	73.496093	0.0	0.0
9.230258	9.106260000	73.333579	0.0	0.0
9.322216	9.194650000	73.169556	0.0	0.0
9.415091	9.283840000	73.004011	0.0	0.0
9.508890	9.373830000	72.836934	0.0	0.0
9.603625	9.464610000	72.668308	0.0	0.0
9.699303	9.556200000	72.498124	0.0	0.0
9.795934	9.648610000	72.326369	0.0	0.0
9.893528	9.741850000	72.153028	0.0	0.0
9.992094	9.835920000	71.978090	0.0	0.0
10.091640	9.930860000	71.801545	0.0	0.0
10.192180	10.026700000	71.623372	0.0	0.0
10.293720	10.123400000	71.443565	0.0	0.0
10.396280	10.221000000	71.262094	0.0	0.0
10.499850	10.319600000	71.078980	0.0	0.0
10.604460	10.419100000	70.894176	0.0	0.0
10.710110	10.519500000	70.707686	0.0	0.0
10.816810	10.620900000	70.519498	0.0	0.0
10.924570	10.723100000	70.329599	0.0	0.0
11.033410	10.826300000	70.137959	0.0	0.0
11.143340	10.930300000	69.944567	0.0	0.0
11.254350	11.035200000	69.749444	0.0	0.0
11.366480	11.140900000	69.552527	0.0	0.0
11.479720	11.247600000	69.353839	0.0	0.0
11.594090	11.355200000	69.153351	0.0	0.0
11.709600	11.463700000	68.951050	0.0	0.0
11.826250	11.573300000	68.746944	0.0	0.0
11.944080	11.683900000	68.540969	0.0	0.0
12.063070	11.795600000	68.333166	0.0	0.0
12.183250	11.908300000	68.123489	0.0	0.0
12.304630	12.022200000	67.911928	0.0	0.0
12.427220	12.137100000	67.698472	0.0	0.0
12.551030	12.252900000	67.483111	0.0	0.0
12.676070	12.369600000	67.265835	0.0	0.0
12.802360	12.487200000	67.046616	0.0	0.0
12.929900	12.605600000	66.825461	0.0	0.0
13.058720	12.724900000	66.602327	0.0	0.0
13.188820	12.845300000	66.377221	0.0	0.0
13.320220	12.967000000	66.150117	0.0	0.0
13.452920	13.090200000	65.921023	0.0	0.0
13.586950	13.214900000	65.689896	0.0	0.0
13.722310	13.340700000	65.456743	0.0	0.0
13.859020	13.466500000	65.221539	0.0	0.0
13.997100	13.590100000	64.984259	0.0	0.0
14.136540	13.708000000	64.744929	0.0	0.0
14.277380	13.814600000	64.503489	0.0	0.0
14.419620	13.902200000	64.259949	0.0	0.0
14.563280	13.960800000	64.014283	0.0	0.0
14.708370	13.977800000	63.766485	0.0	0.0
14.854910	13.939100000	63.516531	0.0	0.0
15.002900	13.828900000	63.264430	0.0	0.0
15.152370	13.631500000	63.010141	0.0	0.0
15.303330	13.332200000	62.753658	0.0	0.0
15.455790	12.919100000	62.494974	0.0	0.0
15.609770	12.384500000	62.234067	0.0	0.0
15.765290	11.726700000	61.970913	0.0	0.0
15.922350	10.950600000	61.705523	0.0	0.0
16.080980	10.068600000	61.437858	0.0	0.0
16.241190	9.100630000	61.167912	0.0	0.0
16.403000	8.072630000	60.895664	0.0	0.0
16.566420	7.015380000	60.621108	0.0	0.0
16.731460	5.962050000	60.344239	0.0	0.0
16.898160	4.945520000	60.065002	0.0	0.0
17.066510	3.995760000	59.783427	0.0	0.0
17.236540	3.137380000	59.499475	0.0	0.0
17.408260	2.387880000	59.213143	0.0	0.0
17.581690	1.756640000	58.924409	0.0	0.0
17.756850	1.244900000	58.633253	0.0	0.0
17.933760	0.846573000	58.339655	0.0	0.0
18.112430	0.549841000	58.043610	0.0	0.0
18.292880	0.339122000	57.745100	0.0	0.0
18.475120	0.197190000	57.444121	0.0	0.0
18.659180	0.107096000	57.140637	0.0	0.0
18.845080	0.053651900	56.834627	0.0	0.0
19.032830	0.024360600	56.526090	0.0	0.0
19.222450	0.009765050	56.215006	0.0	0.0
19.413950	0.003310340	55.901371	0.0	0.0
19.607370	0.000874779	55.585136	0.0	0.0
19.802710	0.000146512	55.266312	0.0	0.0
20.000000	0.000002399	54.944865	0.0	0.0

