# UNCLASSIFIED
#
# Response info for NNA IDC broadband site.
#
# Effective: 02 MAR 2011
# Response Created: 07 FEB 2012 
# File name: NNA.BB.1299110399
# Inid: 5642 5643 5644
# Source:  James Neely (TTD), TSgt Gregory Swindle
#
# Sensor: Streckeisen STS-2
# Digitiser: Quanterra 330
#
# This response file was derived from equations of state.
# Displacement response relative to 1.0 at 1.0 Hz.
#
# The calib values for this configuration are as follows:
#
# NNA BHZ is 0.063800 nm/count at 1.0 Hz.
# NNA BHN is 0.063700 nm/count at 1.0 Hz.
# NNA BHE is 0.063800 nm/count at 1.0 Hz.
#
# Freq(Hz)     Amp(counts/nm)   Phase(deg)  Error(amp)  Error(phase)
#
 theoretical  0       system    fap   J.Neely
1000
0.001000	0.000014392	260.113169	0.0	0.0
0.001010	0.000014827	260.013746	0.0	0.0
0.001020	0.000015274	259.913308	0.0	0.0
0.001030	0.000015735	259.811843	0.0	0.0
0.001040	0.000016210	259.709340	0.0	0.0
0.001051	0.000016699	259.605779	0.0	0.0
0.001061	0.000017203	259.501158	0.0	0.0
0.001072	0.000017722	259.395466	0.0	0.0
0.001083	0.000018257	259.288682	0.0	0.0
0.001093	0.000018808	259.180804	0.0	0.0
0.001104	0.000019375	259.071822	0.0	0.0
0.001115	0.000019960	258.961713	0.0	0.0
0.001126	0.000020562	258.850467	0.0	0.0
0.001138	0.000021183	258.738081	0.0	0.0
0.001149	0.000021822	258.624535	0.0	0.0
0.001160	0.000022480	258.509817	0.0	0.0
0.001172	0.000023159	258.393915	0.0	0.0
0.001184	0.000023857	258.276818	0.0	0.0
0.001195	0.000024577	258.158504	0.0	0.0
0.001207	0.000025319	258.038971	0.0	0.0
0.001219	0.000026083	257.918207	0.0	0.0
0.001231	0.000026870	257.796181	0.0	0.0
0.001244	0.000027680	257.672901	0.0	0.0
0.001256	0.000028515	257.548334	0.0	0.0
0.001269	0.000029376	257.422479	0.0	0.0
0.001281	0.000030262	257.295314	0.0	0.0
0.001294	0.000031175	257.166836	0.0	0.0
0.001307	0.000032115	257.037014	0.0	0.0
0.001320	0.000033084	256.905844	0.0	0.0
0.001333	0.000034082	256.773305	0.0	0.0
0.001346	0.000035110	256.639384	0.0	0.0
0.001360	0.000036169	256.504059	0.0	0.0
0.001373	0.000037260	256.367327	0.0	0.0
0.001387	0.000038384	256.229165	0.0	0.0
0.001401	0.000039542	256.089562	0.0	0.0
0.001415	0.000040735	255.948493	0.0	0.0
0.001429	0.000041963	255.805946	0.0	0.0
0.001443	0.000043229	255.661909	0.0	0.0
0.001457	0.000044532	255.516357	0.0	0.0
0.001472	0.000045875	255.369268	0.0	0.0
0.001487	0.000047259	255.220639	0.0	0.0
0.001501	0.000048684	255.070447	0.0	0.0
0.001516	0.000050152	254.918667	0.0	0.0
0.001532	0.000051664	254.765287	0.0	0.0
0.001547	0.000053222	254.610292	0.0	0.0
0.001562	0.000054827	254.453660	0.0	0.0
0.001578	0.000056480	254.295365	0.0	0.0
0.001593	0.000058183	254.135395	0.0	0.0
0.001609	0.000059937	253.973725	0.0	0.0
0.001625	0.000061744	253.810351	0.0	0.0
0.001642	0.000063605	253.645228	0.0	0.0
0.001658	0.000065522	253.478353	0.0	0.0
0.001674	0.000067498	253.309711	0.0	0.0
0.001691	0.000069532	253.139256	0.0	0.0
0.001708	0.000071628	252.966995	0.0	0.0
0.001725	0.000073786	252.792892	0.0	0.0
0.001742	0.000076010	252.616922	0.0	0.0
0.001760	0.000078300	252.439071	0.0	0.0
0.001777	0.000080660	252.259312	0.0	0.0
0.001795	0.000083090	252.077620	0.0	0.0
0.001813	0.000085593	251.893979	0.0	0.0
0.001831	0.000088172	251.708364	0.0	0.0
0.001849	0.000090828	251.520749	0.0	0.0
0.001867	0.000093564	251.331107	0.0	0.0
0.001886	0.000096382	251.139423	0.0	0.0
0.001905	0.000099284	250.945660	0.0	0.0
0.001924	0.000102274	250.749810	0.0	0.0
0.001943	0.000105354	250.551828	0.0	0.0
0.001962	0.000108526	250.351697	0.0	0.0
0.001982	0.000111793	250.149388	0.0	0.0
0.002002	0.000115158	249.944886	0.0	0.0
0.002022	0.000118625	249.738141	0.0	0.0
0.002042	0.000122195	249.529158	0.0	0.0
0.002062	0.000125872	249.317876	0.0	0.0
0.002083	0.000129660	249.104290	0.0	0.0
0.002103	0.000133561	248.888359	0.0	0.0
0.002124	0.000137578	248.670066	0.0	0.0
0.002145	0.000141717	248.449361	0.0	0.0
0.002167	0.000145979	248.226237	0.0	0.0
0.002188	0.000150368	248.000653	0.0	0.0
0.002210	0.000154889	247.772580	0.0	0.0
0.002232	0.000159546	247.541989	0.0	0.0
0.002254	0.000164341	247.308838	0.0	0.0
0.002277	0.000169280	247.073110	0.0	0.0
0.002300	0.000174367	246.834762	0.0	0.0
0.002322	0.000179605	246.593765	0.0	0.0
0.002346	0.000185000	246.350088	0.0	0.0
0.002369	0.000190556	246.103689	0.0	0.0
0.002393	0.000196278	245.854536	0.0	0.0
0.002416	0.000202170	245.602610	0.0	0.0
0.002441	0.000208238	245.347846	0.0	0.0
0.002465	0.000214487	245.090235	0.0	0.0
0.002489	0.000220921	244.829732	0.0	0.0
0.002514	0.000227548	244.566296	0.0	0.0
0.002539	0.000234371	244.299893	0.0	0.0
0.002565	0.000241397	244.030480	0.0	0.0
0.002590	0.000248632	243.758034	0.0	0.0
0.002616	0.000256082	243.482501	0.0	0.0
0.002642	0.000263753	243.203847	0.0	0.0
0.002668	0.000271651	242.922028	0.0	0.0
0.002695	0.000279784	242.637008	0.0	0.0
0.002722	0.000288157	242.348745	0.0	0.0
0.002749	0.000296778	242.057190	0.0	0.0
0.002776	0.000305654	241.762322	0.0	0.0
0.002804	0.000314793	241.464072	0.0	0.0
0.002832	0.000324201	241.162416	0.0	0.0
0.002860	0.000333886	240.857307	0.0	0.0
0.002888	0.000343857	240.548699	0.0	0.0
0.002917	0.000354122	240.236545	0.0	0.0
0.002946	0.000364688	239.920798	0.0	0.0
0.002976	0.000375565	239.601411	0.0	0.0
0.003005	0.000386762	239.278358	0.0	0.0
0.003035	0.000398286	238.951558	0.0	0.0
0.003066	0.000410149	238.620997	0.0	0.0
0.003096	0.000422358	238.286605	0.0	0.0
0.003127	0.000434924	237.948344	0.0	0.0
0.003158	0.000447857	237.606166	0.0	0.0
0.003190	0.000461166	237.260012	0.0	0.0
0.003221	0.000474864	236.909844	0.0	0.0
0.003253	0.000488959	236.555603	0.0	0.0
0.003286	0.000503463	236.197250	0.0	0.0
0.003319	0.000518388	235.834714	0.0	0.0
0.003352	0.000533745	235.467970	0.0	0.0
0.003385	0.000549545	235.096946	0.0	0.0
0.003419	0.000565800	234.721592	0.0	0.0
0.003453	0.000582524	234.341872	0.0	0.0
0.003487	0.000599728	233.957715	0.0	0.0
0.003522	0.000617426	233.569071	0.0	0.0
0.003557	0.000635630	233.175903	0.0	0.0
0.003592	0.000654354	232.778131	0.0	0.0
0.003628	0.000673612	232.375727	0.0	0.0
0.003664	0.000693417	231.968622	0.0	0.0
0.003701	0.000713784	231.556768	0.0	0.0
0.003738	0.000734728	231.140119	0.0	0.0
0.003775	0.000756263	230.718604	0.0	0.0
0.003813	0.000778405	230.292178	0.0	0.0
0.003851	0.000801169	229.860784	0.0	0.0
0.003889	0.000824569	229.424376	0.0	0.0
0.003928	0.000848624	228.982888	0.0	0.0
0.003967	0.000873348	228.536287	0.0	0.0
0.004006	0.000898758	228.084507	0.0	0.0
0.004046	0.000924871	227.627495	0.0	0.0
0.004087	0.000951705	227.165199	0.0	0.0
0.004127	0.000979276	226.697578	0.0	0.0
0.004168	0.001007600	226.224582	0.0	0.0
0.004210	0.001036700	225.746138	0.0	0.0
0.004252	0.001066590	225.262223	0.0	0.0
0.004294	0.001097290	224.772778	0.0	0.0
0.004337	0.001128810	224.277758	0.0	0.0
0.004380	0.001161180	223.777119	0.0	0.0
0.004424	0.001194420	223.270809	0.0	0.0
0.004468	0.001228530	222.758788	0.0	0.0
0.004512	0.001263550	222.241030	0.0	0.0
0.004557	0.001299500	221.717475	0.0	0.0
0.004603	0.001336380	221.188091	0.0	0.0
0.004649	0.001374230	220.652847	0.0	0.0
0.004695	0.001413050	220.111701	0.0	0.0
0.004742	0.001452870	219.564618	0.0	0.0
0.004789	0.001493720	219.011574	0.0	0.0
0.004837	0.001535600	218.452548	0.0	0.0
0.004885	0.001578540	217.887513	0.0	0.0
0.004934	0.001622560	217.316432	0.0	0.0
0.004983	0.001667670	216.739306	0.0	0.0
0.005032	0.001713900	216.156105	0.0	0.0
0.005082	0.001761270	215.566816	0.0	0.0
0.005133	0.001809790	214.971440	0.0	0.0
0.005184	0.001859480	214.369958	0.0	0.0
0.005236	0.001910370	213.762381	0.0	0.0
0.005288	0.001962460	213.148700	0.0	0.0
0.005341	0.002015780	212.528935	0.0	0.0
0.005394	0.002070350	211.903085	0.0	0.0
0.005448	0.002126180	211.271169	0.0	0.0
0.005502	0.002183290	210.633197	0.0	0.0
0.005557	0.002241690	209.989198	0.0	0.0
0.005612	0.002301400	209.339218	0.0	0.0
0.005668	0.002362440	208.683272	0.0	0.0
0.005725	0.002424810	208.021406	0.0	0.0
0.005782	0.002488540	207.353660	0.0	0.0
0.005839	0.002553630	206.680093	0.0	0.0
0.005897	0.002620100	206.000769	0.0	0.0
0.005956	0.002687970	205.315723	0.0	0.0
0.006015	0.002757230	204.625057	0.0	0.0
0.006075	0.002827900	203.928820	0.0	0.0
0.006136	0.002899980	203.227104	0.0	0.0
0.006197	0.002973500	202.519995	0.0	0.0
0.006259	0.003048440	201.807589	0.0	0.0
0.006321	0.003124820	201.089985	0.0	0.0
0.006384	0.003202650	200.367292	0.0	0.0
0.006448	0.003281920	199.639615	0.0	0.0
0.006512	0.003362640	198.907087	0.0	0.0
0.006577	0.003444810	198.169828	0.0	0.0
0.006642	0.003528430	197.427964	0.0	0.0
0.006708	0.003613500	196.681651	0.0	0.0
0.006775	0.003700010	195.931018	0.0	0.0
0.006843	0.003787960	195.176236	0.0	0.0
0.006911	0.003877360	194.417447	0.0	0.0
0.006980	0.003968180	193.654826	0.0	0.0
0.007049	0.004060440	192.888540	0.0	0.0
0.007120	0.004154100	192.118764	0.0	0.0
0.007191	0.004249180	191.345681	0.0	0.0
0.007262	0.004345650	190.569487	0.0	0.0
0.007335	0.004443510	189.790367	0.0	0.0
0.007408	0.004542740	189.008519	0.0	0.0
0.007481	0.004643330	188.224158	0.0	0.0
0.007556	0.004745270	187.437473	0.0	0.0
0.007631	0.004848530	186.648679	0.0	0.0
0.007707	0.004953110	185.858004	0.0	0.0
0.007784	0.005058980	185.065651	0.0	0.0
0.007862	0.005166120	184.271847	0.0	0.0
0.007940	0.005274530	183.476811	0.0	0.0
0.008019	0.005384170	182.680777	0.0	0.0
0.008099	0.005495040	181.883970	0.0	0.0
0.008180	0.005607100	181.086617	0.0	0.0
0.008261	0.005720340	180.288959	0.0	0.0
0.008343	0.005834730	179.491205	0.0	0.0
0.008426	0.005950260	178.693607	0.0	0.0
0.008510	0.006066900	177.896378	0.0	0.0
0.008595	0.006184630	177.099761	0.0	0.0
0.008681	0.006303430	176.303976	0.0	0.0
0.008767	0.006423280	175.509257	0.0	0.0
0.008855	0.006544150	174.715832	0.0	0.0
0.008943	0.006666030	173.923911	0.0	0.0
0.009032	0.006788890	173.133721	0.0	0.0
0.009122	0.006912700	172.345486	0.0	0.0
0.009213	0.007037470	171.559410	0.0	0.0
0.009305	0.007163150	170.775710	0.0	0.0
0.009397	0.007289740	169.994593	0.0	0.0
0.009491	0.007417210	169.216252	0.0	0.0
0.009586	0.007545550	168.440885	0.0	0.0
0.009681	0.007674730	167.668688	0.0	0.0
0.009777	0.007804760	166.899849	0.0	0.0
0.009875	0.007935590	166.134545	0.0	0.0
0.009973	0.008067220	165.372948	0.0	0.0
0.010073	0.008199660	164.615202	0.0	0.0
0.010173	0.008332860	163.861539	0.0	0.0
0.010274	0.008466830	163.112075	0.0	0.0
0.010377	0.008601550	162.366960	0.0	0.0
0.010480	0.008737020	161.626341	0.0	0.0
0.010584	0.008873220	160.890356	0.0	0.0
0.010690	0.009010150	160.159139	0.0	0.0
0.010796	0.009147800	159.432816	0.0	0.0
0.010904	0.009286180	158.711510	0.0	0.0
0.011013	0.009425260	157.995334	0.0	0.0
0.011122	0.009565050	157.284335	0.0	0.0
0.011233	0.009705550	156.578680	0.0	0.0
0.011345	0.009846760	155.878467	0.0	0.0
0.011458	0.009988670	155.183726	0.0	0.0
0.011572	0.010131300	154.494603	0.0	0.0
0.011688	0.010274600	153.811118	0.0	0.0
0.011804	0.010418700	153.133348	0.0	0.0
0.011922	0.010563400	152.461361	0.0	0.0
0.012040	0.010708900	151.795221	0.0	0.0
0.012160	0.010855100	151.134932	0.0	0.0
0.012281	0.011002100	150.480603	0.0	0.0
0.012404	0.011149800	149.832280	0.0	0.0
0.012527	0.011298200	149.189903	0.0	0.0
0.012652	0.011447500	148.553613	0.0	0.0
0.012778	0.011597400	147.923343	0.0	0.0
0.012906	0.011748200	147.299125	0.0	0.0
0.013034	0.011899800	146.681033	0.0	0.0
0.013164	0.012052200	146.068992	0.0	0.0
0.013295	0.012205400	145.463069	0.0	0.0
0.013428	0.012359400	144.863277	0.0	0.0
0.013561	0.012514300	144.269535	0.0	0.0
0.013696	0.012670000	143.681896	0.0	0.0
0.013833	0.012826700	143.100364	0.0	0.0
0.013971	0.012984200	142.524895	0.0	0.0
0.014110	0.013142700	141.955447	0.0	0.0
0.014250	0.013302100	141.392055	0.0	0.0
0.014392	0.013462400	140.834633	0.0	0.0
0.014536	0.013623700	140.283247	0.0	0.0
0.014681	0.013786000	139.737771	0.0	0.0
0.014827	0.013949300	139.198228	0.0	0.0
0.014975	0.014113600	138.664564	0.0	0.0
0.015124	0.014279000	138.136796	0.0	0.0
0.015275	0.014445400	137.614797	0.0	0.0
0.015427	0.014612900	137.098616	0.0	0.0
0.015580	0.014781600	136.588160	0.0	0.0
0.015736	0.014951300	136.083372	0.0	0.0
0.015892	0.015122300	135.584258	0.0	0.0
0.016051	0.015294300	135.090758	0.0	0.0
0.016211	0.015467600	134.602813	0.0	0.0
0.016372	0.015642100	134.120392	0.0	0.0
0.016535	0.015817800	133.643435	0.0	0.0
0.016700	0.015994800	133.171910	0.0	0.0
0.016866	0.016173100	132.705728	0.0	0.0
0.017034	0.016352700	132.244885	0.0	0.0
0.017204	0.016533600	131.789292	0.0	0.0
0.017375	0.016715800	131.338915	0.0	0.0
0.017549	0.016899500	130.893695	0.0	0.0
0.017723	0.017084500	130.453596	0.0	0.0
0.017900	0.017270900	130.018558	0.0	0.0
0.018078	0.017458800	129.588521	0.0	0.0
0.018258	0.017648200	129.163427	0.0	0.0
0.018440	0.017839000	128.743215	0.0	0.0
0.018624	0.018031400	128.327875	0.0	0.0
0.018810	0.018225300	127.917301	0.0	0.0
0.018997	0.018420800	127.511481	0.0	0.0
0.019186	0.018617900	127.110337	0.0	0.0
0.019377	0.018816500	126.713810	0.0	0.0
0.019570	0.019016800	126.321868	0.0	0.0
0.019765	0.019218800	125.934453	0.0	0.0
0.019962	0.019422500	125.551491	0.0	0.0
0.020161	0.019627900	125.172948	0.0	0.0
0.020362	0.019835000	124.798771	0.0	0.0
0.020565	0.020043800	124.428907	0.0	0.0
0.020770	0.020254500	124.063303	0.0	0.0
0.020977	0.020467000	123.701891	0.0	0.0
0.021186	0.020681300	123.344656	0.0	0.0
0.021397	0.020897400	122.991512	0.0	0.0
0.021610	0.021115500	122.642428	0.0	0.0
0.021825	0.021335400	122.297355	0.0	0.0
0.022043	0.021557400	121.956229	0.0	0.0
0.022262	0.021781200	121.619004	0.0	0.0
0.022484	0.022007100	121.285650	0.0	0.0
0.022708	0.022235000	120.956104	0.0	0.0
0.022934	0.022464900	120.630309	0.0	0.0
0.023163	0.022696900	120.308250	0.0	0.0
0.023394	0.022931000	119.989839	0.0	0.0
0.023627	0.023167200	119.675064	0.0	0.0
0.023862	0.023405500	119.363855	0.0	0.0
0.024100	0.023646100	119.056185	0.0	0.0
0.024340	0.023888800	118.752013	0.0	0.0
0.024582	0.024133800	118.451261	0.0	0.0
0.024827	0.024381000	118.153930	0.0	0.0
0.025075	0.024630500	117.859943	0.0	0.0
0.025324	0.024882300	117.569277	0.0	0.0
0.025577	0.025136500	117.281881	0.0	0.0
0.025832	0.025393000	116.997722	0.0	0.0
0.026089	0.025651900	116.716751	0.0	0.0
0.026349	0.025913300	116.438924	0.0	0.0
0.026611	0.026177000	116.164218	0.0	0.0
0.026876	0.026443300	115.892579	0.0	0.0
0.027144	0.026712100	115.623963	0.0	0.0
0.027415	0.026983400	115.358350	0.0	0.0
0.027688	0.027257300	115.095698	0.0	0.0
0.027964	0.027533800	114.835966	0.0	0.0
0.028242	0.027812900	114.579107	0.0	0.0
0.028524	0.028094700	114.325108	0.0	0.0
0.028808	0.028379100	114.073906	0.0	0.0
0.029095	0.028666300	113.825489	0.0	0.0
0.029385	0.028956200	113.579814	0.0	0.0
0.029677	0.029248900	113.336843	0.0	0.0
0.029973	0.029544400	113.096543	0.0	0.0
0.030272	0.029842800	112.858888	0.0	0.0
0.030573	0.030144000	112.623837	0.0	0.0
0.030878	0.030448100	112.391364	0.0	0.0
0.031185	0.030755100	112.161437	0.0	0.0
0.031496	0.031065100	111.934019	0.0	0.0
0.031810	0.031378100	111.709077	0.0	0.0
0.032127	0.031694100	111.486591	0.0	0.0
0.032447	0.032013200	111.266522	0.0	0.0
0.032770	0.032335400	111.048844	0.0	0.0
0.033097	0.032660700	110.833526	0.0	0.0
0.033426	0.032989200	110.620543	0.0	0.0
0.033759	0.033320900	110.409861	0.0	0.0
0.034096	0.033655700	110.201460	0.0	0.0
0.034435	0.033993900	109.995301	0.0	0.0
0.034778	0.034335400	109.791365	0.0	0.0
0.035125	0.034680100	109.589629	0.0	0.0
0.035475	0.035028300	109.390055	0.0	0.0
0.035828	0.035379900	109.192621	0.0	0.0
0.036185	0.035734800	108.997309	0.0	0.0
0.036546	0.036093300	108.804080	0.0	0.0
0.036910	0.036455300	108.612922	0.0	0.0
0.037278	0.036820800	108.423805	0.0	0.0
0.037649	0.037189900	108.236700	0.0	0.0
0.038024	0.037562700	108.051593	0.0	0.0
0.038403	0.037939100	107.868448	0.0	0.0
0.038785	0.038319100	107.687256	0.0	0.0
0.039172	0.038703000	107.507983	0.0	0.0
0.039562	0.039090600	107.330609	0.0	0.0
0.039956	0.039482000	107.155117	0.0	0.0
0.040354	0.039877200	106.981479	0.0	0.0
0.040756	0.040276400	106.809673	0.0	0.0
0.041162	0.040679500	106.639678	0.0	0.0
0.041572	0.041086500	106.471480	0.0	0.0
0.041987	0.041497600	106.305047	0.0	0.0
0.042405	0.041912700	106.140367	0.0	0.0
0.042827	0.042332000	105.977416	0.0	0.0
0.043254	0.042755300	105.816177	0.0	0.0
0.043685	0.043182900	105.656626	0.0	0.0
0.044120	0.043614600	105.498746	0.0	0.0
0.044560	0.044050700	105.342516	0.0	0.0
0.045004	0.044491000	105.187918	0.0	0.0
0.045452	0.044935700	105.034935	0.0	0.0
0.045905	0.045384800	104.883550	0.0	0.0
0.046362	0.045838300	104.733740	0.0	0.0
0.046824	0.046296400	104.585490	0.0	0.0
0.047291	0.046758900	104.438780	0.0	0.0
0.047762	0.047226000	104.293596	0.0	0.0
0.048238	0.047697800	104.149918	0.0	0.0
0.048718	0.048174200	104.007732	0.0	0.0
0.049204	0.048655400	103.867017	0.0	0.0
0.049694	0.049141300	103.727759	0.0	0.0
0.050189	0.049632000	103.589943	0.0	0.0
0.050689	0.050127600	103.453549	0.0	0.0
0.051194	0.050628200	103.318564	0.0	0.0
0.051704	0.051133600	103.184972	0.0	0.0
0.052219	0.051644100	103.052758	0.0	0.0
0.052739	0.052159700	102.921905	0.0	0.0
0.053265	0.052680400	102.792398	0.0	0.0
0.053795	0.053206200	102.664224	0.0	0.0
0.054331	0.053737200	102.537366	0.0	0.0
0.054873	0.054273600	102.411813	0.0	0.0
0.055419	0.054815200	102.287546	0.0	0.0
0.055971	0.055362200	102.164553	0.0	0.0
0.056529	0.055914700	102.042822	0.0	0.0
0.057092	0.056472700	101.922337	0.0	0.0
0.057661	0.057036100	101.803083	0.0	0.0
0.058235	0.057605200	101.685049	0.0	0.0
0.058816	0.058180000	101.568222	0.0	0.0
0.059402	0.058760400	101.452587	0.0	0.0
0.059993	0.059346600	101.338132	0.0	0.0
0.060591	0.059938700	101.224844	0.0	0.0
0.061195	0.060536600	101.112710	0.0	0.0
0.061804	0.061140500	101.001720	0.0	0.0
0.062420	0.061750400	100.891858	0.0	0.0
0.063042	0.062366300	100.783112	0.0	0.0
0.063670	0.062988400	100.675473	0.0	0.0
0.064304	0.063616700	100.568928	0.0	0.0
0.064945	0.064251100	100.463464	0.0	0.0
0.065592	0.064891900	100.359070	0.0	0.0
0.066246	0.065539100	100.255736	0.0	0.0
0.066906	0.066192800	100.153448	0.0	0.0
0.067572	0.066852900	100.052196	0.0	0.0
0.068245	0.067519600	99.951970	0.0	0.0
0.068925	0.068192900	99.852760	0.0	0.0
0.069612	0.068872900	99.754550	0.0	0.0
0.070305	0.069559700	99.657335	0.0	0.0
0.071006	0.070253300	99.561102	0.0	0.0
0.071713	0.070953900	99.465840	0.0	0.0
0.072428	0.071661400	99.371540	0.0	0.0
0.073149	0.072375900	99.278192	0.0	0.0
0.073878	0.073097600	99.185784	0.0	0.0
0.074614	0.073826400	99.094308	0.0	0.0
0.075357	0.074562500	99.003754	0.0	0.0
0.076108	0.075305900	98.914110	0.0	0.0
0.076866	0.076056700	98.825370	0.0	0.0
0.077632	0.076815100	98.737523	0.0	0.0
0.078406	0.077580900	98.650559	0.0	0.0
0.079187	0.078354300	98.564468	0.0	0.0
0.079976	0.079135600	98.479244	0.0	0.0
0.080773	0.079924500	98.394876	0.0	0.0
0.081577	0.080721300	98.311353	0.0	0.0
0.082390	0.081526000	98.228669	0.0	0.0
0.083211	0.082338800	98.146815	0.0	0.0
0.084040	0.083159600	98.065781	0.0	0.0
0.084877	0.083988700	97.985560	0.0	0.0
0.085723	0.084826000	97.906142	0.0	0.0
0.086577	0.085671600	97.827520	0.0	0.0
0.087439	0.086525700	97.749685	0.0	0.0
0.088310	0.087388200	97.672629	0.0	0.0
0.089190	0.088259400	97.596344	0.0	0.0
0.090079	0.089139200	97.520821	0.0	0.0
0.090976	0.090027800	97.446054	0.0	0.0
0.091883	0.090925300	97.372034	0.0	0.0
0.092798	0.091831600	97.298753	0.0	0.0
0.093722	0.092747000	97.226205	0.0	0.0
0.094656	0.093671600	97.154380	0.0	0.0
0.095599	0.094605400	97.083272	0.0	0.0
0.096552	0.095548400	97.012874	0.0	0.0
0.097514	0.096500900	96.943178	0.0	0.0
0.098485	0.097462800	96.874177	0.0	0.0
0.099466	0.098434300	96.805863	0.0	0.0
0.100457	0.099415600	96.738228	0.0	0.0
0.101458	0.100407000	96.671271	0.0	0.0
0.102469	0.101407000	96.604978	0.0	0.0
0.103490	0.102418000	96.539343	0.0	0.0
0.104521	0.103439000	96.474366	0.0	0.0
0.105562	0.104470000	96.410034	0.0	0.0
0.106614	0.105512000	96.346339	0.0	0.0
0.107676	0.106563000	96.283283	0.0	0.0
0.108749	0.107626000	96.220847	0.0	0.0
0.109832	0.108698000	96.159036	0.0	0.0
0.110926	0.109782000	96.097838	0.0	0.0
0.112031	0.110876000	96.037243	0.0	0.0
0.113148	0.111982000	95.977256	0.0	0.0
0.114275	0.113098000	95.917859	0.0	0.0
0.115413	0.114225000	95.859059	0.0	0.0
0.116563	0.115364000	95.800834	0.0	0.0
0.117724	0.116514000	95.743194	0.0	0.0
0.118897	0.117675000	95.686120	0.0	0.0
0.120082	0.118848000	95.629615	0.0	0.0
0.121278	0.120033000	95.573665	0.0	0.0
0.122486	0.121230000	95.518275	0.0	0.0
0.123707	0.122438000	95.463430	0.0	0.0
0.124939	0.123658000	95.409127	0.0	0.0
0.126184	0.124891000	95.355365	0.0	0.0
0.127441	0.126136000	95.302135	0.0	0.0
0.128711	0.127394000	95.249428	0.0	0.0
0.129993	0.128664000	95.197244	0.0	0.0
0.131288	0.129946000	95.145576	0.0	0.0
0.132596	0.131242000	95.094418	0.0	0.0
0.133917	0.132550000	95.043767	0.0	0.0
0.135251	0.133871000	94.993615	0.0	0.0
0.136599	0.135206000	94.943961	0.0	0.0
0.137960	0.136554000	94.894795	0.0	0.0
0.139334	0.137915000	94.846113	0.0	0.0
0.140722	0.139290000	94.797915	0.0	0.0
0.142124	0.140678000	94.750190	0.0	0.0
0.143540	0.142081000	94.702938	0.0	0.0
0.144970	0.143497000	94.656148	0.0	0.0
0.146414	0.144928000	94.609822	0.0	0.0
0.147873	0.146373000	94.563954	0.0	0.0
0.149346	0.147832000	94.518534	0.0	0.0
0.150834	0.149306000	94.473566	0.0	0.0
0.152337	0.150794000	94.429036	0.0	0.0
0.153855	0.152298000	94.384946	0.0	0.0
0.155387	0.153816000	94.341291	0.0	0.0
0.156935	0.155350000	94.298067	0.0	0.0
0.158499	0.156899000	94.255266	0.0	0.0
0.160078	0.158463000	94.212886	0.0	0.0
0.161673	0.160043000	94.170923	0.0	0.0
0.163284	0.161639000	94.129372	0.0	0.0
0.164910	0.163250000	94.088227	0.0	0.0
0.166553	0.164878000	94.047490	0.0	0.0
0.168213	0.166522000	94.007152	0.0	0.0
0.169888	0.168182000	93.967208	0.0	0.0
0.171581	0.169859000	93.927658	0.0	0.0
0.173290	0.171553000	93.888495	0.0	0.0
0.175017	0.173264000	93.849715	0.0	0.0
0.176760	0.174991000	93.811317	0.0	0.0
0.178521	0.176736000	93.773295	0.0	0.0
0.180300	0.178499000	93.735644	0.0	0.0
0.182096	0.180279000	93.698362	0.0	0.0
0.183910	0.182077000	93.661448	0.0	0.0
0.185743	0.183892000	93.624891	0.0	0.0
0.187593	0.185726000	93.588694	0.0	0.0
0.189462	0.187578000	93.552851	0.0	0.0
0.191350	0.189449000	93.517357	0.0	0.0
0.193256	0.191338000	93.482212	0.0	0.0
0.195181	0.193247000	93.447409	0.0	0.0
0.197126	0.195174000	93.412946	0.0	0.0
0.199090	0.197121000	93.378820	0.0	0.0
0.201073	0.199087000	93.345025	0.0	0.0
0.203077	0.201072000	93.311562	0.0	0.0
0.205100	0.203078000	93.278424	0.0	0.0
0.207143	0.205103000	93.245608	0.0	0.0
0.209207	0.207149000	93.213113	0.0	0.0
0.211291	0.209215000	93.180935	0.0	0.0
0.213396	0.211302000	93.149068	0.0	0.0
0.215522	0.213410000	93.117513	0.0	0.0
0.217669	0.215539000	93.086263	0.0	0.0
0.219838	0.217689000	93.055319	0.0	0.0
0.222028	0.219861000	93.024674	0.0	0.0
0.224240	0.222054000	92.994327	0.0	0.0
0.226474	0.224269000	92.964275	0.0	0.0
0.228730	0.226507000	92.934514	0.0	0.0
0.231009	0.228767000	92.905041	0.0	0.0
0.233311	0.231049000	92.875854	0.0	0.0
0.235635	0.233354000	92.846949	0.0	0.0
0.237983	0.235683000	92.818325	0.0	0.0
0.240354	0.238034000	92.789977	0.0	0.0
0.242748	0.240409000	92.761903	0.0	0.0
0.245167	0.242808000	92.734101	0.0	0.0
0.247609	0.245231000	92.706567	0.0	0.0
0.250076	0.247678000	92.679298	0.0	0.0
0.252567	0.250150000	92.652293	0.0	0.0
0.255084	0.252647000	92.625548	0.0	0.0
0.257625	0.255168000	92.599059	0.0	0.0
0.260192	0.257715000	92.572827	0.0	0.0
0.262784	0.260287000	92.546846	0.0	0.0
0.265402	0.262885000	92.521115	0.0	0.0
0.268046	0.265509000	92.495631	0.0	0.0
0.270716	0.268159000	92.470392	0.0	0.0
0.273413	0.270836000	92.445394	0.0	0.0
0.276137	0.273539000	92.420636	0.0	0.0
0.278888	0.276270000	92.396115	0.0	0.0
0.281667	0.279028000	92.371828	0.0	0.0
0.284473	0.281814000	92.347773	0.0	0.0
0.287307	0.284627000	92.323948	0.0	0.0
0.290170	0.287469000	92.300350	0.0	0.0
0.293060	0.290340000	92.276977	0.0	0.0
0.295980	0.293239000	92.253826	0.0	0.0
0.298929	0.296167000	92.230895	0.0	0.0
0.301907	0.299124000	92.208182	0.0	0.0
0.304915	0.302112000	92.185685	0.0	0.0
0.307953	0.305129000	92.163400	0.0	0.0
0.311021	0.308176000	92.141327	0.0	0.0
0.314119	0.311254000	92.119463	0.0	0.0
0.317249	0.314363000	92.097804	0.0	0.0
0.320409	0.317503000	92.076351	0.0	0.0
0.323602	0.320675000	92.055098	0.0	0.0
0.326825	0.323878000	92.034047	0.0	0.0
0.330082	0.327114000	92.013192	0.0	0.0
0.333370	0.330382000	91.992534	0.0	0.0
0.336691	0.333683000	91.972069	0.0	0.0
0.340046	0.337017000	91.951795	0.0	0.0
0.343433	0.340385000	91.931711	0.0	0.0
0.346855	0.343786000	91.911814	0.0	0.0
0.350311	0.347222000	91.892102	0.0	0.0
0.353801	0.350692000	91.872573	0.0	0.0
0.357325	0.354197000	91.853225	0.0	0.0
0.360885	0.357737000	91.834057	0.0	0.0
0.364481	0.361313000	91.815066	0.0	0.0
0.368112	0.364925000	91.796250	0.0	0.0
0.371779	0.368573000	91.777607	0.0	0.0
0.375483	0.372258000	91.759136	0.0	0.0
0.379224	0.375980000	91.740834	0.0	0.0
0.383002	0.379739000	91.722700	0.0	0.0
0.386818	0.383536000	91.704731	0.0	0.0
0.390672	0.387372000	91.686926	0.0	0.0
0.394564	0.391246000	91.669282	0.0	0.0
0.398495	0.395159000	91.651799	0.0	0.0
0.402465	0.399112000	91.634474	0.0	0.0
0.406474	0.403104000	91.617305	0.0	0.0
0.410524	0.407137000	91.600290	0.0	0.0
0.414614	0.411210000	91.583429	0.0	0.0
0.418745	0.415324000	91.566717	0.0	0.0
0.422916	0.419480000	91.550156	0.0	0.0
0.427130	0.423678000	91.533741	0.0	0.0
0.431385	0.427918000	91.517472	0.0	0.0
0.435683	0.432201000	91.501347	0.0	0.0
0.440024	0.436527000	91.485364	0.0	0.0
0.444407	0.440896000	91.469521	0.0	0.0
0.448835	0.445310000	91.453816	0.0	0.0
0.453307	0.449769000	91.438248	0.0	0.0
0.457823	0.454272000	91.422816	0.0	0.0
0.462384	0.458821000	91.407517	0.0	0.0
0.466990	0.463416000	91.392350	0.0	0.0
0.471643	0.468057000	91.377313	0.0	0.0
0.476342	0.472746000	91.362404	0.0	0.0
0.481087	0.477481000	91.347623	0.0	0.0
0.485880	0.482265000	91.332966	0.0	0.0
0.490721	0.487097000	91.318432	0.0	0.0
0.495610	0.491978000	91.304021	0.0	0.0
0.500547	0.496908000	91.289729	0.0	0.0
0.505534	0.501888000	91.275556	0.0	0.0
0.510571	0.506919000	91.261500	0.0	0.0
0.515657	0.512001000	91.247560	0.0	0.0
0.520795	0.517134000	91.233732	0.0	0.0
0.525983	0.522319000	91.220017	0.0	0.0
0.531224	0.527557000	91.206413	0.0	0.0
0.536516	0.532847000	91.192917	0.0	0.0
0.541861	0.538192000	91.179528	0.0	0.0
0.547260	0.543590000	91.166245	0.0	0.0
0.552712	0.549044000	91.153066	0.0	0.0
0.558218	0.554553000	91.139990	0.0	0.0
0.563780	0.560117000	91.127014	0.0	0.0
0.569396	0.565739000	91.114138	0.0	0.0
0.575069	0.571417000	91.101360	0.0	0.0
0.580798	0.577153000	91.088677	0.0	0.0
0.586585	0.582947000	91.076090	0.0	0.0
0.592429	0.588801000	91.063595	0.0	0.0
0.598331	0.594713000	91.051191	0.0	0.0
0.604292	0.600686000	91.038878	0.0	0.0
0.610312	0.606720000	91.026652	0.0	0.0
0.616392	0.612815000	91.014514	0.0	0.0
0.622533	0.618972000	91.002460	0.0	0.0
0.628736	0.625192000	90.990491	0.0	0.0
0.634999	0.631475000	90.978603	0.0	0.0
0.641326	0.637822000	90.966795	0.0	0.0
0.647715	0.644234000	90.955067	0.0	0.0
0.654168	0.650711000	90.943415	0.0	0.0
0.660685	0.657255000	90.931839	0.0	0.0
0.667268	0.663865000	90.920338	0.0	0.0
0.673915	0.670542000	90.908909	0.0	0.0
0.680629	0.677288000	90.897550	0.0	0.0
0.687410	0.684102000	90.886261	0.0	0.0
0.694259	0.690986000	90.875040	0.0	0.0
0.701175	0.697940000	90.863885	0.0	0.0
0.708161	0.704966000	90.852794	0.0	0.0
0.715216	0.712063000	90.841766	0.0	0.0
0.722342	0.719233000	90.830800	0.0	0.0
0.729538	0.726476000	90.819893	0.0	0.0
0.736806	0.733793000	90.809044	0.0	0.0
0.744147	0.741185000	90.798252	0.0	0.0
0.751561	0.748653000	90.787514	0.0	0.0
0.759048	0.756197000	90.776829	0.0	0.0
0.766610	0.763818000	90.766196	0.0	0.0
0.774248	0.771517000	90.755613	0.0	0.0
0.781961	0.779294000	90.745078	0.0	0.0
0.789752	0.787152000	90.734589	0.0	0.0
0.797620	0.795090000	90.724144	0.0	0.0
0.805566	0.803109000	90.713743	0.0	0.0
0.813592	0.811211000	90.703384	0.0	0.0
0.821698	0.819396000	90.693063	0.0	0.0
0.829884	0.827665000	90.682781	0.0	0.0
0.838152	0.836018000	90.672535	0.0	0.0
0.846502	0.844457000	90.662323	0.0	0.0
0.854936	0.852982000	90.652144	0.0	0.0
0.863453	0.861595000	90.641996	0.0	0.0
0.872055	0.870296000	90.631877	0.0	0.0
0.880743	0.879087000	90.621785	0.0	0.0
0.889518	0.887968000	90.611719	0.0	0.0
0.898380	0.896939000	90.601676	0.0	0.0
0.907330	0.906003000	90.591655	0.0	0.0
0.916370	0.915160000	90.581654	0.0	0.0
0.925499	0.924411000	90.571672	0.0	0.0
0.934720	0.933756000	90.561706	0.0	0.0
0.944032	0.943198000	90.551754	0.0	0.0
0.953437	0.952736000	90.541815	0.0	0.0
0.962936	0.962373000	90.531886	0.0	0.0
0.972529	0.972108000	90.521966	0.0	0.0
0.982218	0.981943000	90.512053	0.0	0.0
0.992004	0.991879000	90.502145	0.0	0.0
1.001887	1.001920000	90.492240	0.0	0.0
1.011868	1.012060000	90.482336	0.0	0.0
1.021949	1.022300000	90.472430	0.0	0.0
1.032131	1.032650000	90.462521	0.0	0.0
1.042414	1.043110000	90.452607	0.0	0.0
1.052799	1.053670000	90.442686	0.0	0.0
1.063288	1.064340000	90.432756	0.0	0.0
1.073881	1.075120000	90.422815	0.0	0.0
1.084580	1.086010000	90.412860	0.0	0.0
1.095385	1.097010000	90.402891	0.0	0.0
1.106298	1.108130000	90.392903	0.0	0.0
1.117320	1.119360000	90.382896	0.0	0.0
1.128451	1.130700000	90.372867	0.0	0.0
1.139694	1.142160000	90.362814	0.0	0.0
1.151048	1.153740000	90.352735	0.0	0.0
1.162516	1.165430000	90.342628	0.0	0.0
1.174097	1.177240000	90.332491	0.0	0.0
1.185794	1.189180000	90.322320	0.0	0.0
1.197608	1.201230000	90.312115	0.0	0.0
1.209540	1.213410000	90.301872	0.0	0.0
1.221590	1.225710000	90.291590	0.0	0.0
1.233760	1.238140000	90.281267	0.0	0.0
1.246052	1.250690000	90.270899	0.0	0.0
1.258466	1.263370000	90.260485	0.0	0.0
1.271004	1.276180000	90.250022	0.0	0.0
1.283666	1.289120000	90.239510	0.0	0.0
1.296455	1.302190000	90.228943	0.0	0.0
1.309371	1.315390000	90.218321	0.0	0.0
1.322416	1.328720000	90.207641	0.0	0.0
1.335591	1.342190000	90.196901	0.0	0.0
1.348897	1.355800000	90.186098	0.0	0.0
1.362336	1.369540000	90.175230	0.0	0.0
1.375908	1.383420000	90.164295	0.0	0.0
1.389616	1.397440000	90.153289	0.0	0.0
1.403460	1.411600000	90.142212	0.0	0.0
1.417443	1.425900000	90.131059	0.0	0.0
1.431564	1.440350000	90.119830	0.0	0.0
1.445826	1.454940000	90.108521	0.0	0.0
1.460231	1.469670000	90.097129	0.0	0.0
1.474779	1.484550000	90.085653	0.0	0.0
1.489471	1.499580000	90.074091	0.0	0.0
1.504310	1.514760000	90.062439	0.0	0.0
1.519297	1.530090000	90.050694	0.0	0.0
1.534434	1.545570000	90.038855	0.0	0.0
1.549721	1.561200000	90.026920	0.0	0.0
1.565160	1.576990000	90.014885	0.0	0.0
1.580753	1.592930000	90.002748	0.0	0.0
1.596502	1.609030000	89.990506	0.0	0.0
1.612408	1.625290000	89.978157	0.0	0.0
1.628471	1.641710000	89.965700	0.0	0.0
1.644695	1.658280000	89.953131	0.0	0.0
1.661081	1.675020000	89.940446	0.0	0.0
1.677630	1.691930000	89.927645	0.0	0.0
1.694344	1.708990000	89.914724	0.0	0.0
1.711224	1.726230000	89.901682	0.0	0.0
1.728272	1.743630000	89.888516	0.0	0.0
1.745491	1.761190000	89.875222	0.0	0.0
1.762880	1.778930000	89.861799	0.0	0.0
1.780443	1.796840000	89.848244	0.0	0.0
1.798181	1.814920000	89.834555	0.0	0.0
1.816096	1.833180000	89.820729	0.0	0.0
1.834189	1.851610000	89.806764	0.0	0.0
1.852463	1.870220000	89.792656	0.0	0.0
1.870918	1.889000000	89.778406	0.0	0.0
1.889558	1.907970000	89.764008	0.0	0.0
1.908383	1.927110000	89.749461	0.0	0.0
1.927396	1.946440000	89.734763	0.0	0.0
1.946598	1.965960000	89.719911	0.0	0.0
1.965991	1.985660000	89.704903	0.0	0.0
1.985578	2.005550000	89.689736	0.0	0.0
2.005359	2.025620000	89.674409	0.0	0.0
2.025338	2.045890000	89.658918	0.0	0.0
2.045516	2.066350000	89.643261	0.0	0.0
2.065895	2.087010000	89.627436	0.0	0.0
2.086477	2.107860000	89.611441	0.0	0.0
2.107264	2.128920000	89.595273	0.0	0.0
2.128258	2.150170000	89.578931	0.0	0.0
2.149461	2.171630000	89.562412	0.0	0.0
2.170875	2.193290000	89.545713	0.0	0.0
2.192503	2.215160000	89.528832	0.0	0.0
2.214346	2.237240000	89.511768	0.0	0.0
2.236407	2.259530000	89.494518	0.0	0.0
2.258688	2.282040000	89.477078	0.0	0.0
2.281191	2.304760000	89.459449	0.0	0.0
2.303917	2.327710000	89.441628	0.0	0.0
2.326871	2.350880000	89.423611	0.0	0.0
2.350052	2.374280000	89.405398	0.0	0.0
2.373465	2.397910000	89.386985	0.0	0.0
2.397111	2.421770000	89.368372	0.0	0.0
2.420993	2.445870000	89.349555	0.0	0.0
2.445113	2.470210000	89.330533	0.0	0.0
2.469473	2.494790000	89.311304	0.0	0.0
2.494075	2.519630000	89.291866	0.0	0.0
2.518923	2.544710000	89.272216	0.0	0.0
2.544018	2.570060000	89.252353	0.0	0.0
2.569364	2.595660000	89.232274	0.0	0.0
2.594961	2.621530000	89.211979	0.0	0.0
2.620814	2.647680000	89.191464	0.0	0.0
2.646925	2.674100000	89.170727	0.0	0.0
2.673295	2.700800000	89.149768	0.0	0.0
2.699928	2.727790000	89.128583	0.0	0.0
2.726827	2.755080000	89.107171	0.0	0.0
2.753994	2.782660000	89.085530	0.0	0.0
2.781431	2.810550000	89.063659	0.0	0.0
2.809141	2.838750000	89.041555	0.0	0.0
2.837128	2.867270000	89.019216	0.0	0.0
2.865393	2.896120000	88.996641	0.0	0.0
2.893941	2.925290000	88.973826	0.0	0.0
2.922772	2.954810000	88.950772	0.0	0.0
2.951891	2.984670000	88.927475	0.0	0.0
2.981300	3.014880000	88.903934	0.0	0.0
3.011001	3.045450000	88.880148	0.0	0.0
3.040999	3.076390000	88.856113	0.0	0.0
3.071296	3.107710000	88.831829	0.0	0.0
3.101894	3.139410000	88.807293	0.0	0.0
3.132797	3.171500000	88.782504	0.0	0.0
3.164008	3.203990000	88.757459	0.0	0.0
3.195530	3.236880000	88.732157	0.0	0.0
3.227367	3.270180000	88.706595	0.0	0.0
3.259520	3.303900000	88.680772	0.0	0.0
3.291993	3.338050000	88.654687	0.0	0.0
3.324791	3.372630000	88.628336	0.0	0.0
3.357915	3.407660000	88.601718	0.0	0.0
3.391368	3.443120000	88.574831	0.0	0.0
3.425156	3.479040000	88.547673	0.0	0.0
3.459279	3.515410000	88.520242	0.0	0.0
3.493743	3.552250000	88.492536	0.0	0.0
3.528550	3.589550000	88.464553	0.0	0.0
3.563704	3.627320000	88.436291	0.0	0.0
3.599208	3.665560000	88.407747	0.0	0.0
3.635066	3.704270000	88.378920	0.0	0.0
3.671281	3.743460000	88.349807	0.0	0.0
3.707857	3.783130000	88.320406	0.0	0.0
3.744797	3.823270000	88.290716	0.0	0.0
3.782106	3.863890000	88.260732	0.0	0.0
3.819786	3.904970000	88.230455	0.0	0.0
3.857841	3.946530000	88.199881	0.0	0.0
3.896276	3.988550000	88.169006	0.0	0.0
3.935093	4.031030000	88.137831	0.0	0.0
3.974297	4.073970000	88.106352	0.0	0.0
4.013892	4.117350000	88.074565	0.0	0.0
4.053881	4.161170000	88.042470	0.0	0.0
4.094269	4.205420000	88.010062	0.0	0.0
4.135059	4.250090000	87.977341	0.0	0.0
4.176255	4.295160000	87.944302	0.0	0.0
4.217862	4.340640000	87.910943	0.0	0.0
4.259883	4.386500000	87.877262	0.0	0.0
4.302323	4.432740000	87.843255	0.0	0.0
4.345186	4.479340000	87.808920	0.0	0.0
4.388476	4.526280000	87.774254	0.0	0.0
4.432197	4.573570000	87.739253	0.0	0.0
4.476353	4.621180000	87.703916	0.0	0.0
4.520950	4.669110000	87.668237	0.0	0.0
4.565991	4.717340000	87.632214	0.0	0.0
4.611480	4.765870000	87.595845	0.0	0.0
4.657423	4.814700000	87.559125	0.0	0.0
4.703824	4.863800000	87.522051	0.0	0.0
4.750687	4.913190000	87.484620	0.0	0.0
4.798016	4.962870000	87.446829	0.0	0.0
4.845817	5.012830000	87.408673	0.0	0.0
4.894095	5.063080000	87.370149	0.0	0.0
4.942853	5.113630000	87.331253	0.0	0.0
4.992097	5.164500000	87.291981	0.0	0.0
5.041832	5.215710000	87.252329	0.0	0.0
5.092062	5.267270000	87.212294	0.0	0.0
5.142793	5.319210000	87.171870	0.0	0.0
5.194029	5.371570000	87.131055	0.0	0.0
5.245776	5.424370000	87.089842	0.0	0.0
5.298038	5.477670000	87.048230	0.0	0.0
5.350821	5.531500000	87.006212	0.0	0.0
5.404129	5.585920000	86.963784	0.0	0.0
5.457969	5.640970000	86.920942	0.0	0.0
5.512345	5.696710000	86.877680	0.0	0.0
5.567263	5.753200000	86.833995	0.0	0.0
5.622728	5.810500000	86.789880	0.0	0.0
5.678746	5.868670000	86.745331	0.0	0.0
5.735321	5.927770000	86.700343	0.0	0.0
5.792460	5.987860000	86.654910	0.0	0.0
5.850169	6.048990000	86.609027	0.0	0.0
5.908453	6.111230000	86.562688	0.0	0.0
5.967317	6.174610000	86.515889	0.0	0.0
6.026767	6.239180000	86.468623	0.0	0.0
6.086810	6.304970000	86.420884	0.0	0.0
6.147451	6.372000000	86.372666	0.0	0.0
6.208696	6.440290000	86.323963	0.0	0.0
6.270552	6.509850000	86.274769	0.0	0.0
6.333023	6.580650000	86.225079	0.0	0.0
6.396117	6.652680000	86.174884	0.0	0.0
6.459840	6.725890000	86.124179	0.0	0.0
6.524198	6.800230000	86.072957	0.0	0.0
6.589196	6.875640000	86.021211	0.0	0.0
6.654842	6.952030000	85.968934	0.0	0.0
6.721143	7.029300000	85.916119	0.0	0.0
6.788103	7.107360000	85.862759	0.0	0.0
6.855731	7.186080000	85.808846	0.0	0.0
6.924033	7.265350000	85.754372	0.0	0.0
6.993015	7.345050000	85.699330	0.0	0.0
7.062684	7.425050000	85.643713	0.0	0.0
7.133048	7.505230000	85.587511	0.0	0.0
7.204112	7.585480000	85.530718	0.0	0.0
7.275884	7.665700000	85.473325	0.0	0.0
7.348372	7.745820000	85.415322	0.0	0.0
7.421582	7.825780000	85.356701	0.0	0.0
7.495521	7.905550000	85.297454	0.0	0.0
7.570196	7.985130000	85.237573	0.0	0.0
7.645616	8.064570000	85.177046	0.0	0.0
7.721787	8.143910000	85.115866	0.0	0.0
7.798717	8.223290000	85.054022	0.0	0.0
7.876413	8.302850000	84.991506	0.0	0.0
7.954883	8.382760000	84.928307	0.0	0.0
8.034135	8.463250000	84.864415	0.0	0.0
8.114177	8.544560000	84.799819	0.0	0.0
8.195016	8.626950000	84.734510	0.0	0.0
8.276661	8.710710000	84.668477	0.0	0.0
8.359119	8.796120000	84.601708	0.0	0.0
8.442398	8.883450000	84.534195	0.0	0.0
8.526507	8.972960000	84.465923	0.0	0.0
8.611454	9.064870000	84.396883	0.0	0.0
8.697247	9.159340000	84.327063	0.0	0.0
8.783896	9.256510000	84.256450	0.0	0.0
8.871407	9.356420000	84.185033	0.0	0.0
8.959790	9.459040000	84.112800	0.0	0.0
9.049054	9.564260000	84.039738	0.0	0.0
9.139207	9.671870000	83.965834	0.0	0.0
9.230258	9.781600000	83.891075	0.0	0.0
9.322216	9.893080000	83.815449	0.0	0.0
9.415091	10.005900000	83.738941	0.0	0.0
9.508890	10.119600000	83.661539	0.0	0.0
9.603625	10.233600000	83.583226	0.0	0.0
9.699303	10.347400000	83.503992	0.0	0.0
9.795934	10.460600000	83.423820	0.0	0.0
9.893528	10.572800000	83.342696	0.0	0.0
9.992094	10.683500000	83.260605	0.0	0.0
10.091640	10.792700000	83.177534	0.0	0.0
10.192180	10.900200000	83.093464	0.0	0.0
10.293720	11.006200000	83.008381	0.0	0.0
10.396280	11.110800000	82.922262	0.0	0.0
10.499850	11.214700000	82.835108	0.0	0.0
10.604460	11.318300000	82.746885	0.0	0.0
10.710110	11.422500000	82.657585	0.0	0.0
10.816810	11.528100000	82.567191	0.0	0.0
10.924570	11.636000000	82.475687	0.0	0.0
11.033410	11.747200000	82.383046	0.0	0.0
11.143340	11.862500000	82.289252	0.0	0.0
11.254350	11.982600000	82.194304	0.0	0.0
11.366480	12.108000000	82.098158	0.0	0.0
11.479720	12.238800000	82.000813	0.0	0.0
11.594090	12.375000000	81.902244	0.0	0.0
11.709600	12.516000000	81.802430	0.0	0.0
11.826250	12.661000000	81.701363	0.0	0.0
11.944080	12.809000000	81.598998	0.0	0.0
12.063070	12.958500000	81.495341	0.0	0.0
12.183250	13.108000000	81.390357	0.0	0.0
12.304630	13.255900000	81.284024	0.0	0.0
12.427220	13.400900000	81.176324	0.0	0.0
12.551030	13.541800000	81.067237	0.0	0.0
12.676070	13.678100000	80.956742	0.0	0.0
12.802360	13.809600000	80.844811	0.0	0.0
12.929900	13.937200000	80.731430	0.0	0.0
13.058720	14.062200000	80.616563	0.0	0.0
13.188820	14.186800000	80.500196	0.0	0.0
13.320220	14.313600000	80.382300	0.0	0.0
13.452920	14.445700000	80.262861	0.0	0.0
13.586950	14.586100000	80.141839	0.0	0.0
13.722310	14.737500000	80.019223	0.0	0.0
13.859020	14.901500000	79.894980	0.0	0.0
13.997100	15.078300000	79.769079	0.0	0.0
14.136540	15.266400000	79.641515	0.0	0.0
14.277380	15.461400000	79.512238	0.0	0.0
14.419620	15.656400000	79.381234	0.0	0.0
14.563280	15.841600000	79.248470	0.0	0.0
14.708370	16.004300000	79.113921	0.0	0.0
14.854910	16.129000000	78.977556	0.0	0.0
15.002900	16.198400000	78.839359	0.0	0.0
15.152370	16.194300000	78.699286	0.0	0.0
15.303330	16.098100000	78.557313	0.0	0.0
15.455790	15.892900000	78.413416	0.0	0.0
15.609770	15.564300000	78.267559	0.0	0.0
15.765290	15.102100000	78.119707	0.0	0.0
15.922350	14.501300000	77.969844	0.0	0.0
16.080980	13.763200000	77.817925	0.0	0.0
16.241190	12.896000000	77.663924	0.0	0.0
16.403000	11.914600000	77.507805	0.0	0.0
16.566420	10.840400000	77.349540	0.0	0.0
16.731460	9.700180000	77.189103	0.0	0.0
16.898160	8.524470000	77.026437	0.0	0.0
17.066510	7.345940000	76.861535	0.0	0.0
17.236540	6.197100000	76.694348	0.0	0.0
17.408260	5.108210000	76.524849	0.0	0.0
17.581690	4.105340000	76.353000	0.0	0.0
17.756850	3.208740000	76.178761	0.0	0.0
17.933760	2.431770000	76.002095	0.0	0.0
18.112430	1.780460000	75.822971	0.0	0.0
18.292880	1.253750000	75.641350	0.0	0.0
18.475120	0.844257000	75.457203	0.0	0.0
18.659180	0.539627000	75.270478	0.0	0.0
18.845080	0.324140000	75.081137	0.0	0.0
19.032830	0.180444000	74.889147	0.0	0.0
19.222450	0.091190800	74.694467	0.0	0.0
19.413950	0.040428600	74.497067	0.0	0.0
19.607370	0.014661300	74.296883	0.0	0.0
19.802710	0.003567490	74.093894	0.0	0.0
20.000000	0.000487922	73.888046	0.0	0.0

