# UNCLASSIFIED
#
# Response info for DZM broadband site.
#
# Effective: 01 DEC 2002
# Response Created: 30 Jun 2009
# File name: DZM.BB.1038700800   
# Inid: 8336, 8337, 8338
# Source:  James Neely (TTD), TSgt Swindle (TTD)
# System equipment: Streckeisen STS-2 sensor and Larzac digitiser
#
# This response file was derived from equations of state.
# Displacement response relative to 1.0 at 0.5 Hz. 
#
# The calib values for this configuration are as follows:
#
# DZM BHZ is 0.040475 nm/count at 0.5 Hz.
# DZM BHN is 0.040475 nm/count at 0.5 Hz.
# DZM BHE is 0.040475 nm/count at 0.5 Hz.
#
# Freq(Hz)     Amp(counts/nm)   Phase(deg)  Error(amp)  Error(phase)
#
 theoretical  0       system    fap   J.Neely
2046
0.036621	0.073173436	108.726574	0.0	0.0
0.048828	0.097436723	103.921818	0.0	0.0
0.061035	0.121974235	101.076828	0.0	0.0
0.073242	0.146543022	99.193441	0.0	0.0
0.085449	0.171155539	97.848934	0.0	0.0
0.097656	0.195431280	96.842019	0.0	0.0
0.109863	0.219675431	96.058246	0.0	0.0
0.122070	0.244110035	95.427491	0.0	0.0
0.134277	0.268023190	94.912075	0.0	0.0
0.146484	0.292808733	94.477942	0.0	0.0
0.158691	0.317252214	94.111244	0.0	0.0
0.170898	0.341793726	93.794773	0.0	0.0
0.183105	0.365832734	93.519872	0.0	0.0
0.195313	0.390174284	93.276865	0.0	0.0
0.207520	0.414556380	93.063901	0.0	0.0
0.219727	0.438226399	92.869714	0.0	0.0
0.231934	0.463312259	92.694905	0.0	0.0
0.244141	0.488115646	92.538902	0.0	0.0
0.256348	0.511219155	92.395523	0.0	0.0
0.268555	0.535485354	92.263426	0.0	0.0
0.280762	0.559669759	92.142149	0.0	0.0
0.292969	0.584663511	92.029287	0.0	0.0
0.305176	0.609060606	91.926139	0.0	0.0
0.317383	0.633336478	91.828722	0.0	0.0
0.329590	0.657610932	91.737614	0.0	0.0
0.341797	0.683369478	91.653238	0.0	0.0
0.354004	0.707845598	91.575560	0.0	0.0
0.366211	0.730265283	91.498483	0.0	0.0
0.378418	0.755345264	91.427048	0.0	0.0
0.390625	0.780218029	91.360402	0.0	0.0
0.402832	0.804394014	91.295246	0.0	0.0
0.415039	0.829368913	91.233723	0.0	0.0
0.427246	0.854902751	91.175552	0.0	0.0
0.439453	0.880442026	91.122025	0.0	0.0
0.451660	0.905310353	91.070452	0.0	0.0
0.463867	0.927671166	91.020730	0.0	0.0
0.476074	0.949726430	90.970770	0.0	0.0
0.488281	0.974779542	90.922108	0.0	0.0
0.500488	1.000172065	90.876854	0.0	0.0
0.512695	1.023370485	90.832960	0.0	0.0
0.524902	1.046811297	90.790542	0.0	0.0
0.537109	1.072743375	90.747896	0.0	0.0
0.549316	1.100114102	90.708424	0.0	0.0
0.561523	1.125895635	90.672104	0.0	0.0
0.573730	1.149984724	90.636177	0.0	0.0
0.585938	1.173458006	90.599188	0.0	0.0
0.598145	1.198344242	90.565673	0.0	0.0
0.610352	1.221791613	90.529924	0.0	0.0
0.622559	1.247697343	90.497333	0.0	0.0
0.634766	1.272060560	90.464575	0.0	0.0
0.646973	1.297190125	90.434368	0.0	0.0
0.659180	1.322260510	90.404489	0.0	0.0
0.671387	1.343735505	90.374764	0.0	0.0
0.683594	1.368223552	90.343551	0.0	0.0
0.695801	1.394501198	90.314427	0.0	0.0
0.708008	1.420505094	90.286914	0.0	0.0
0.720215	1.444256524	90.260681	0.0	0.0
0.732422	1.468322909	90.235536	0.0	0.0
0.744629	1.490754640	90.209681	0.0	0.0
0.756836	1.512697652	90.182535	0.0	0.0
0.769043	1.536551311	90.155106	0.0	0.0
0.781250	1.560878257	90.130144	0.0	0.0
0.793457	1.583578750	90.104341	0.0	0.0
0.805664	1.609228256	90.077872	0.0	0.0
0.817871	1.636115842	90.053082	0.0	0.0
0.830078	1.662346196	90.030339	0.0	0.0
0.842285	1.686349025	90.008474	0.0	0.0
0.854492	1.711040055	89.985363	0.0	0.0
0.866699	1.736175343	89.963153	0.0	0.0
0.878906	1.759124949	89.939563	0.0	0.0
0.891113	1.783662522	89.918831	0.0	0.0
0.903320	1.808078346	89.897081	0.0	0.0
0.915527	1.831971684	89.876562	0.0	0.0
0.927734	1.853392587	89.854946	0.0	0.0
0.939941	1.878765989	89.832634	0.0	0.0
0.952148	1.906025304	89.810799	0.0	0.0
0.964355	1.933005319	89.789667	0.0	0.0
0.976563	1.958687935	89.770986	0.0	0.0
0.988770	1.979721875	89.752876	0.0	0.0
1.000977	2.005004951	89.732088	0.0	0.0
1.013184	2.030746561	89.712752	0.0	0.0
1.025391	2.053757700	89.694871	0.0	0.0
1.037598	2.078247800	89.675133	0.0	0.0
1.049805	2.098167159	89.655575	0.0	0.0
1.062012	2.122187330	89.636360	0.0	0.0
1.074219	2.149395208	89.614933	0.0	0.0
1.086426	2.177957834	89.598094	0.0	0.0
1.098633	2.198797096	89.580696	0.0	0.0
1.110840	2.225799528	89.561386	0.0	0.0
1.123047	2.248451782	89.544275	0.0	0.0
1.135254	2.271556650	89.525723	0.0	0.0
1.147461	2.297282594	89.506570	0.0	0.0
1.159668	2.323014276	89.490135	0.0	0.0
1.171875	2.348522369	89.471652	0.0	0.0
1.184082	2.376225302	89.455186	0.0	0.0
1.196289	2.400548021	89.439433	0.0	0.0
1.208496	2.426047402	89.422849	0.0	0.0
1.220703	2.444434452	89.407280	0.0	0.0
1.232910	2.463420089	89.389642	0.0	0.0
1.245117	2.490022120	89.370157	0.0	0.0
1.257324	2.517095371	89.352600	0.0	0.0
1.269531	2.541877102	89.336463	0.0	0.0
1.281738	2.565508788	89.320807	0.0	0.0
1.293945	2.590533764	89.304016	0.0	0.0
1.306152	2.616625987	89.288574	0.0	0.0
1.318359	2.640704616	89.271731	0.0	0.0
1.330566	2.662579165	89.255821	0.0	0.0
1.342773	2.688819834	89.238606	0.0	0.0
1.354980	2.717115877	89.223057	0.0	0.0
1.367188	2.736375383	89.208960	0.0	0.0
1.379395	2.760106300	89.192771	0.0	0.0
1.391602	2.786683316	89.175682	0.0	0.0
1.403809	2.814043527	89.160500	0.0	0.0
1.416016	2.832422558	89.146618	0.0	0.0
1.428223	2.853992141	89.129468	0.0	0.0
1.440430	2.884405809	89.112109	0.0	0.0
1.452637	2.911841354	89.098780	0.0	0.0
1.464844	2.931309004	89.083648	0.0	0.0
1.477051	2.954781781	89.067501	0.0	0.0
1.489258	2.983864143	89.052407	0.0	0.0
1.501465	3.006114028	89.038176	0.0	0.0
1.513672	3.028820380	89.024615	0.0	0.0
1.525879	3.052851394	89.008915	0.0	0.0
1.538086	3.075635699	88.993195	0.0	0.0
1.550293	3.100485608	88.978621	0.0	0.0
1.562500	3.123111089	88.962894	0.0	0.0
1.574707	3.145395802	88.948194	0.0	0.0
1.586914	3.168297652	88.932780	0.0	0.0
1.599121	3.197920810	88.916757	0.0	0.0
1.611328	3.224535218	88.903712	0.0	0.0
1.623535	3.249406101	88.888854	0.0	0.0
1.635742	3.269468693	88.874907	0.0	0.0
1.647949	3.294599879	88.860371	0.0	0.0
1.660156	3.317862082	88.846924	0.0	0.0
1.672363	3.343195900	88.831299	0.0	0.0
1.684570	3.366655470	88.816848	0.0	0.0
1.696777	3.390068562	88.801842	0.0	0.0
1.708984	3.415532940	88.787617	0.0	0.0
1.721191	3.437296774	88.773491	0.0	0.0
1.733398	3.457264044	88.758840	0.0	0.0
1.745605	3.484936479	88.743149	0.0	0.0
1.757813	3.513171641	88.728428	0.0	0.0
1.770020	3.544074281	88.716256	0.0	0.0
1.782227	3.564636686	88.703188	0.0	0.0
1.794434	3.585329946	88.688015	0.0	0.0
1.806641	3.608668140	88.672988	0.0	0.0
1.818848	3.639416151	88.658758	0.0	0.0
1.831055	3.664982800	88.647088	0.0	0.0
1.843262	3.688293577	88.633917	0.0	0.0
1.855469	3.704000896	88.620930	0.0	0.0
1.867676	3.725888668	88.605110	0.0	0.0
1.879883	3.752401454	88.590884	0.0	0.0
1.892090	3.777534736	88.574604	0.0	0.0
1.904297	3.811145993	88.564050	0.0	0.0
1.916504	3.833242169	88.550697	0.0	0.0
1.928711	3.850890924	88.538238	0.0	0.0
1.940918	3.869852374	88.522804	0.0	0.0
1.953125	3.901486973	88.508191	0.0	0.0
1.965332	3.922497727	88.496886	0.0	0.0
1.977539	3.939826005	88.482534	0.0	0.0
1.989746	3.961607755	88.467237	0.0	0.0
2.001953	3.993195280	88.452318	0.0	0.0
2.014160	4.020035973	88.440843	0.0	0.0
2.026367	4.047959720	88.426368	0.0	0.0
2.038574	4.067036784	88.413057	0.0	0.0
2.050781	4.088766475	88.399479	0.0	0.0
2.062988	4.114624617	88.385621	0.0	0.0
2.075195	4.140810028	88.370079	0.0	0.0
2.087402	4.164500830	88.358748	0.0	0.0
2.099609	4.187762839	88.343492	0.0	0.0
2.111816	4.225264687	88.330597	0.0	0.0
2.124023	4.254479736	88.318996	0.0	0.0
2.136230	4.275246903	88.306344	0.0	0.0
2.148438	4.294373232	88.293945	0.0	0.0
2.160645	4.307954717	88.280253	0.0	0.0
2.172852	4.339586258	88.265510	0.0	0.0
2.185059	4.365848089	88.253445	0.0	0.0
2.197266	4.390457354	88.240139	0.0	0.0
2.209473	4.414017789	88.227253	0.0	0.0
2.221680	4.431679276	88.215665	0.0	0.0
2.233887	4.450846595	88.201244	0.0	0.0
2.246094	4.482502313	88.185656	0.0	0.0
2.258301	4.513880870	88.173125	0.0	0.0
2.270508	4.536340771	88.161304	0.0	0.0
2.282715	4.559871368	88.148433	0.0	0.0
2.294922	4.584140538	88.134666	0.0	0.0
2.307129	4.612564159	88.122539	0.0	0.0
2.319336	4.633551597	88.110702	0.0	0.0
2.331543	4.650714017	88.097228	0.0	0.0
2.343750	4.678006529	88.083713	0.0	0.0
2.355957	4.707607398	88.070875	0.0	0.0
2.368164	4.724361736	88.060148	0.0	0.0
2.380371	4.748362957	88.043988	0.0	0.0
2.392578	4.769080642	88.031659	0.0	0.0
2.404785	4.792122722	88.018253	0.0	0.0
2.416992	4.822557409	88.004432	0.0	0.0
2.429199	4.842299680	87.993726	0.0	0.0
2.441406	4.863479380	87.981264	0.0	0.0
2.453613	4.884283297	87.966667	0.0	0.0
2.465820	4.910832255	87.952095	0.0	0.0
2.478027	4.941430889	87.939276	0.0	0.0
2.490234	4.967256396	87.926063	0.0	0.0
2.502441	4.998773615	87.912672	0.0	0.0
2.514648	5.023605532	87.901871	0.0	0.0
2.526855	5.049898777	87.889485	0.0	0.0
2.539063	5.068729930	87.878059	0.0	0.0
2.551270	5.089887457	87.864550	0.0	0.0
2.563477	5.117681699	87.851929	0.0	0.0
2.575684	5.132761731	87.839685	0.0	0.0
2.587891	5.162869790	87.825619	0.0	0.0
2.600098	5.186818296	87.813769	0.0	0.0
2.612305	5.213716858	87.800060	0.0	0.0
2.624512	5.242647768	87.788595	0.0	0.0
2.636719	5.262534481	87.777505	0.0	0.0
2.648926	5.278288045	87.763723	0.0	0.0
2.661133	5.301638738	87.749625	0.0	0.0
2.673340	5.334367102	87.737070	0.0	0.0
2.685547	5.351447400	87.725130	0.0	0.0
2.697754	5.379545592	87.711432	0.0	0.0
2.709961	5.400396351	87.699383	0.0	0.0
2.722168	5.425155335	87.685380	0.0	0.0
2.734375	5.464872719	87.673350	0.0	0.0
2.746582	5.483194394	87.661948	0.0	0.0
2.758789	5.500768754	87.649817	0.0	0.0
2.770996	5.522879475	87.636062	0.0	0.0
2.783203	5.545653609	87.622945	0.0	0.0
2.795410	5.573156540	87.610770	0.0	0.0
2.807617	5.598895377	87.598458	0.0	0.0
2.819824	5.635205367	87.584383	0.0	0.0
2.832031	5.655725445	87.573521	0.0	0.0
2.844238	5.676706205	87.562378	0.0	0.0
2.856445	5.698125988	87.549453	0.0	0.0
2.868652	5.723214834	87.535889	0.0	0.0
2.880859	5.744562341	87.524906	0.0	0.0
2.893066	5.750963227	87.512374	0.0	0.0
2.905273	5.788727113	87.499442	0.0	0.0
2.917480	5.806145334	87.486561	0.0	0.0
2.929688	5.827939732	87.473164	0.0	0.0
2.941895	5.858935742	87.459590	0.0	0.0
2.954102	5.886561041	87.447199	0.0	0.0
2.966309	5.913599651	87.435323	0.0	0.0
2.978516	5.933477239	87.424228	0.0	0.0
2.990723	5.955509961	87.409980	0.0	0.0
3.002930	5.986083738	87.396554	0.0	0.0
3.015137	6.018906213	87.384794	0.0	0.0
3.027344	6.042282555	87.373374	0.0	0.0
3.039551	6.069530493	87.362544	0.0	0.0
3.051758	6.079564001	87.350083	0.0	0.0
3.063965	6.108078783	87.336724	0.0	0.0
3.076172	6.126802252	87.324419	0.0	0.0
3.088379	6.165662622	87.309946	0.0	0.0
3.100586	6.187785022	87.298216	0.0	0.0
3.112793	6.208807956	87.287919	0.0	0.0
3.125000	6.235748840	87.276171	0.0	0.0
3.137207	6.252308201	87.264696	0.0	0.0
3.149414	6.279298873	87.250014	0.0	0.0
3.161621	6.302718959	87.238395	0.0	0.0
3.173828	6.325659743	87.227003	0.0	0.0
3.186035	6.355301512	87.214479	0.0	0.0
3.198242	6.369927112	87.202341	0.0	0.0
3.210449	6.392589822	87.189542	0.0	0.0
3.222656	6.423567752	87.176992	0.0	0.0
3.234863	6.445816831	87.165907	0.0	0.0
3.247070	6.465004305	87.152818	0.0	0.0
3.259277	6.482224850	87.140242	0.0	0.0
3.271484	6.501566112	87.126786	0.0	0.0
3.283691	6.532644262	87.113039	0.0	0.0
3.295898	6.564099129	87.101400	0.0	0.0
3.308105	6.598465179	87.090361	0.0	0.0
3.320313	6.618114504	87.079563	0.0	0.0
3.332520	6.634545481	87.066976	0.0	0.0
3.344727	6.649615082	87.055564	0.0	0.0
3.356934	6.672280576	87.041059	0.0	0.0
3.369141	6.710275824	87.028031	0.0	0.0
3.381348	6.745882397	87.016541	0.0	0.0
3.393555	6.758059823	87.006285	0.0	0.0
3.405762	6.770825329	86.993206	0.0	0.0
3.417969	6.794162573	86.979223	0.0	0.0
3.430176	6.823814169	86.967618	0.0	0.0
3.442383	6.865545414	86.955175	0.0	0.0
3.454590	6.874011961	86.944500	0.0	0.0
3.466797	6.893258856	86.931381	0.0	0.0
3.479004	6.922894672	86.918904	0.0	0.0
3.491211	6.949472457	86.906979	0.0	0.0
3.503418	6.974858910	86.894525	0.0	0.0
3.515625	7.000738732	86.883623	0.0	0.0
3.527832	7.017467910	86.872868	0.0	0.0
3.540039	7.045804028	86.859348	0.0	0.0
3.552246	7.058826501	86.847626	0.0	0.0
3.564453	7.085585436	86.833505	0.0	0.0
3.576660	7.126776697	86.822024	0.0	0.0
3.588867	7.145006090	86.810848	0.0	0.0
3.601074	7.159170970	86.798760	0.0	0.0
3.613281	7.178002233	86.787079	0.0	0.0
3.625488	7.188933382	86.772228	0.0	0.0
3.637695	7.236523203	86.760561	0.0	0.0
3.649902	7.266819160	86.750189	0.0	0.0
3.662109	7.280102814	86.737492	0.0	0.0
3.674316	7.304066190	86.725325	0.0	0.0
3.686523	7.336349442	86.712956	0.0	0.0
3.698730	7.347522171	86.702506	0.0	0.0
3.710938	7.366711200	86.688036	0.0	0.0
3.723145	7.402251100	86.675505	0.0	0.0
3.735352	7.432025110	86.663927	0.0	0.0
3.747559	7.458481193	86.652623	0.0	0.0
3.759766	7.469787040	86.640175	0.0	0.0
3.771973	7.499229234	86.629056	0.0	0.0
3.784180	7.519202892	86.617840	0.0	0.0
3.796387	7.544924165	86.603512	0.0	0.0
3.808594	7.574557697	86.593046	0.0	0.0
3.820801	7.584370632	86.581414	0.0	0.0
3.833008	7.613613766	86.569873	0.0	0.0
3.845215	7.621617397	86.556093	0.0	0.0
3.857422	7.646081130	86.543982	0.0	0.0
3.869629	7.669284617	86.530961	0.0	0.0
3.881836	7.689460042	86.517482	0.0	0.0
3.894043	7.731341745	86.505196	0.0	0.0
3.906250	7.766909820	86.492675	0.0	0.0
3.918457	7.794323460	86.482768	0.0	0.0
3.930664	7.819414796	86.470448	0.0	0.0
3.942871	7.840149887	86.458678	0.0	0.0
3.955078	7.863547680	86.447805	0.0	0.0
3.967285	7.891035606	86.436754	0.0	0.0
3.979492	7.899756671	86.425139	0.0	0.0
3.991699	7.923186670	86.411918	0.0	0.0
4.003906	7.948107031	86.399669	0.0	0.0
4.016113	7.982750725	86.387606	0.0	0.0
4.028320	8.001628035	86.377678	0.0	0.0
4.040527	8.018504789	86.365450	0.0	0.0
4.052734	8.033050987	86.352430	0.0	0.0
4.064941	8.071665553	86.339451	0.0	0.0
4.077148	8.099022854	86.329383	0.0	0.0
4.089355	8.111205456	86.317992	0.0	0.0
4.101563	8.140341507	86.305761	0.0	0.0
4.113770	8.143918498	86.292852	0.0	0.0
4.125977	8.167132666	86.280595	0.0	0.0
4.138184	8.176810350	86.266271	0.0	0.0
4.150391	8.215849134	86.255038	0.0	0.0
4.162598	8.234463351	86.242775	0.0	0.0
4.174805	8.262037087	86.230508	0.0	0.0
4.187012	8.291466211	86.218085	0.0	0.0
4.199219	8.326521526	86.205896	0.0	0.0
4.211426	8.353143177	86.194886	0.0	0.0
4.223633	8.362317739	86.182099	0.0	0.0
4.235840	8.392892891	86.171151	0.0	0.0
4.248047	8.421941108	86.158168	0.0	0.0
4.260254	8.447831201	86.148638	0.0	0.0
4.272461	8.462176483	86.135851	0.0	0.0
4.284668	8.478470605	86.123548	0.0	0.0
4.296875	8.500458602	86.112636	0.0	0.0
4.309082	8.517482538	86.098127	0.0	0.0
4.321289	8.543831639	86.086252	0.0	0.0
4.333496	8.591341324	86.074273	0.0	0.0
4.345703	8.613259645	86.064217	0.0	0.0
4.357910	8.639909013	86.051550	0.0	0.0
4.370117	8.662012903	86.040475	0.0	0.0
4.382324	8.668880186	86.028405	0.0	0.0
4.394531	8.695511836	86.015119	0.0	0.0
4.406738	8.724062928	86.003157	0.0	0.0
4.418945	8.739089867	85.993954	0.0	0.0
4.431152	8.755647944	85.981203	0.0	0.0
4.443359	8.781730719	85.967237	0.0	0.0
4.455566	8.800250442	85.954406	0.0	0.0
4.467773	8.834164789	85.942085	0.0	0.0
4.479980	8.858473382	85.928938	0.0	0.0
4.492188	8.893459620	85.917360	0.0	0.0
4.504395	8.906635590	85.906237	0.0	0.0
4.516602	8.946073068	85.894381	0.0	0.0
4.528809	8.983290535	85.883050	0.0	0.0
4.541016	8.992140418	85.871697	0.0	0.0
4.553223	9.004902938	85.860523	0.0	0.0
4.565430	9.028536153	85.847134	0.0	0.0
4.577637	9.075412267	85.834364	0.0	0.0
4.589844	9.091465038	85.823624	0.0	0.0
4.602051	9.112192731	85.810796	0.0	0.0
4.614258	9.141596228	85.798585	0.0	0.0
4.626465	9.177755338	85.788304	0.0	0.0
4.638672	9.200866849	85.777108	0.0	0.0
4.650879	9.215190979	85.766154	0.0	0.0
4.663086	9.222762811	85.753612	0.0	0.0
4.675293	9.244942908	85.739915	0.0	0.0
4.687500	9.279733237	85.729326	0.0	0.0
4.699707	9.291433308	85.718864	0.0	0.0
4.711914	9.312116875	85.705740	0.0	0.0
4.724121	9.325504887	85.693710	0.0	0.0
4.736328	9.356662367	85.679740	0.0	0.0
4.748535	9.387209737	85.667391	0.0	0.0
4.760742	9.428028481	85.655676	0.0	0.0
4.772949	9.452013406	85.643174	0.0	0.0
4.785156	9.464474940	85.632759	0.0	0.0
4.797363	9.507895000	85.619630	0.0	0.0
4.809570	9.519708287	85.609524	0.0	0.0
4.821777	9.539891812	85.596859	0.0	0.0
4.833984	9.577323660	85.583560	0.0	0.0
4.846191	9.609187963	85.573067	0.0	0.0
4.858398	9.631421775	85.560888	0.0	0.0
4.870605	9.652700553	85.550370	0.0	0.0
4.882813	9.668481749	85.540045	0.0	0.0
4.895020	9.692413551	85.528022	0.0	0.0
4.907227	9.697191398	85.515168	0.0	0.0
4.919434	9.742165086	85.500882	0.0	0.0
4.931641	9.757384583	85.490548	0.0	0.0
4.943848	9.811953057	85.480514	0.0	0.0
4.956055	9.818916473	85.469309	0.0	0.0
4.968262	9.836926579	85.455601	0.0	0.0
4.980469	9.853210634	85.445056	0.0	0.0
4.992676	9.864980380	85.434323	0.0	0.0
5.004883	9.879650982	85.420115	0.0	0.0
5.017090	9.893370976	85.409902	0.0	0.0
5.029297	9.930285701	85.396046	0.0	0.0
5.041504	9.951199557	85.384235	0.0	0.0
5.053711	9.991813100	85.372449	0.0	0.0
5.065918	10.006575159	85.362359	0.0	0.0
5.078125	10.013611754	85.351059	0.0	0.0
5.090332	10.032664488	85.338842	0.0	0.0
5.102539	10.061796357	85.325668	0.0	0.0
5.114746	10.090353279	85.311241	0.0	0.0
5.126953	10.129853984	85.300423	0.0	0.0
5.139160	10.163288406	85.290862	0.0	0.0
5.151367	10.172158706	85.277524	0.0	0.0
5.163574	10.198707707	85.266661	0.0	0.0
5.175781	10.208201899	85.254930	0.0	0.0
5.187988	10.213015471	85.242762	0.0	0.0
5.200195	10.250710914	85.230742	0.0	0.0
5.212402	10.282991077	85.216105	0.0	0.0
5.224609	10.317280085	85.205111	0.0	0.0
5.236816	10.333384422	85.193208	0.0	0.0
5.249023	10.368936891	85.180346	0.0	0.0
5.261230	10.381268510	85.171149	0.0	0.0
5.273438	10.399692030	85.158794	0.0	0.0
5.285645	10.441404599	85.146699	0.0	0.0
5.297852	10.471112896	85.136341	0.0	0.0
5.310059	10.483810155	85.126055	0.0	0.0
5.322266	10.477316678	85.112880	0.0	0.0
5.334473	10.511210627	85.099319	0.0	0.0
5.346680	10.543466414	85.087950	0.0	0.0
5.358887	10.579140722	85.074160	0.0	0.0
5.371094	10.590434753	85.064285	0.0	0.0
5.383301	10.618951456	85.052694	0.0	0.0
5.395508	10.649886647	85.039925	0.0	0.0
5.407715	10.692163222	85.030192	0.0	0.0
5.419922	10.701431531	85.019425	0.0	0.0
5.432129	10.700843196	85.007662	0.0	0.0
5.444336	10.703198510	84.993277	0.0	0.0
5.456543	10.738296278	84.981149	0.0	0.0
5.468750	10.770227342	84.969119	0.0	0.0
5.480957	10.805545615	84.956830	0.0	0.0
5.493164	10.824703353	84.946147	0.0	0.0
5.505371	10.848418154	84.933790	0.0	0.0
5.517578	10.877965792	84.921293	0.0	0.0
5.529785	10.890818824	84.909879	0.0	0.0
5.541992	10.936947831	84.898501	0.0	0.0
5.554199	10.959740569	84.887408	0.0	0.0
5.566406	10.964858907	84.876290	0.0	0.0
5.578613	10.994096270	84.865411	0.0	0.0
5.590820	11.005254686	84.853932	0.0	0.0
5.603027	11.029656010	84.841097	0.0	0.0
5.615234	11.052875666	84.830603	0.0	0.0
5.627441	11.053382616	84.817835	0.0	0.0
5.639648	11.083869518	84.804986	0.0	0.0
5.651855	11.105608166	84.793715	0.0	0.0
5.664063	11.140737108	84.781581	0.0	0.0
5.676270	11.148528922	84.770397	0.0	0.0
5.688477	11.167654458	84.756206	0.0	0.0
5.700684	11.196770437	84.746097	0.0	0.0
5.712891	11.224385384	84.731890	0.0	0.0
5.725098	11.258272076	84.721732	0.0	0.0
5.737305	11.283402632	84.710797	0.0	0.0
5.749512	11.303430225	84.697427	0.0	0.0
5.761719	11.332523828	84.687105	0.0	0.0
5.773926	11.332630971	84.676146	0.0	0.0
5.786133	11.338068486	84.662322	0.0	0.0
5.798340	11.369479406	84.649251	0.0	0.0
5.810547	11.388693746	84.637310	0.0	0.0
5.822754	11.422513834	84.625241	0.0	0.0
5.834961	11.454600285	84.612624	0.0	0.0
5.847168	11.485092319	84.601408	0.0	0.0
5.859375	11.512159598	84.590062	0.0	0.0
5.871582	11.546299751	84.579104	0.0	0.0
5.883789	11.560109828	84.566954	0.0	0.0
5.895996	11.580111989	84.557506	0.0	0.0
5.908203	11.592351478	84.544142	0.0	0.0
5.920410	11.609144621	84.530784	0.0	0.0
5.932617	11.679759186	84.517930	0.0	0.0
5.944824	11.709274172	84.507283	0.0	0.0
5.957031	11.728574371	84.497296	0.0	0.0
5.969238	11.758383538	84.486092	0.0	0.0
5.981445	11.761308994	84.475509	0.0	0.0
5.993652	11.769096787	84.463565	0.0	0.0
6.005859	11.791410644	84.451522	0.0	0.0
6.018066	11.808846945	84.439964	0.0	0.0
6.030273	11.816085809	84.426820	0.0	0.0
6.042480	11.856611947	84.413373	0.0	0.0
6.054688	11.876736526	84.402493	0.0	0.0
6.066895	11.904916698	84.389838	0.0	0.0
6.079102	11.920709547	84.376675	0.0	0.0
6.091309	11.959847836	84.365814	0.0	0.0
6.103516	11.994235955	84.356135	0.0	0.0
6.115723	12.014158927	84.345839	0.0	0.0
6.127930	12.028826310	84.335064	0.0	0.0
6.140137	12.055098409	84.322368	0.0	0.0
6.152344	12.068158382	84.310933	0.0	0.0
6.164551	12.075663204	84.298468	0.0	0.0
6.176758	12.102109391	84.285826	0.0	0.0
6.188965	12.114047129	84.275583	0.0	0.0
6.201172	12.127715263	84.264223	0.0	0.0
6.213379	12.144113121	84.249399	0.0	0.0
6.225586	12.165948704	84.236292	0.0	0.0
6.237793	12.196334110	84.224431	0.0	0.0
6.250000	12.239589041	84.212774	0.0	0.0
6.262207	12.267987601	84.201953	0.0	0.0
6.274414	12.270224030	84.190559	0.0	0.0
6.286621	12.307147886	84.178123	0.0	0.0
6.298828	12.322707995	84.166327	0.0	0.0
6.311035	12.341043535	84.152850	0.0	0.0
6.323242	12.379270833	84.141320	0.0	0.0
6.335449	12.426134099	84.130799	0.0	0.0
6.347656	12.436589166	84.119750	0.0	0.0
6.359863	12.435078969	84.105779	0.0	0.0
6.372070	12.513941944	84.095022	0.0	0.0
6.384277	12.530403259	84.083915	0.0	0.0
6.396484	12.540474612	84.073206	0.0	0.0
6.408691	12.551742600	84.060357	0.0	0.0
6.420898	12.576025066	84.049996	0.0	0.0
6.433105	12.580938569	84.038044	0.0	0.0
6.445313	12.642201721	84.024604	0.0	0.0
6.457520	12.658345193	84.015636	0.0	0.0
6.469727	12.676038857	84.004435	0.0	0.0
6.481934	12.675655904	83.992288	0.0	0.0
6.494141	12.714276463	83.979543	0.0	0.0
6.506348	12.720255730	83.968451	0.0	0.0
6.518555	12.717868568	83.954016	0.0	0.0
6.530762	12.754985127	83.941924	0.0	0.0
6.542969	12.792199981	83.928943	0.0	0.0
6.555176	12.831666900	83.918856	0.0	0.0
6.567383	12.865047071	83.907764	0.0	0.0
6.579590	12.878740079	83.896923	0.0	0.0
6.591797	12.857449845	83.885212	0.0	0.0
6.604004	12.884914820	83.872595	0.0	0.0
6.616211	12.927262963	83.858866	0.0	0.0
6.628418	12.947184375	83.847741	0.0	0.0
6.640625	12.996534238	83.835354	0.0	0.0
6.652832	13.052427733	83.824254	0.0	0.0
6.665039	13.042004027	83.815138	0.0	0.0
6.677246	13.066251192	83.804178	0.0	0.0
6.689453	13.066414681	83.790122	0.0	0.0
6.701660	13.092834155	83.780354	0.0	0.0
6.713867	13.107383230	83.766372	0.0	0.0
6.726074	13.156423280	83.755828	0.0	0.0
6.738281	13.151559687	83.744045	0.0	0.0
6.750488	13.160962392	83.731331	0.0	0.0
6.762695	13.199359872	83.716664	0.0	0.0
6.774902	13.231769982	83.706789	0.0	0.0
6.787109	13.258728250	83.696740	0.0	0.0
6.799316	13.292898386	83.686848	0.0	0.0
6.811523	13.290889218	83.673252	0.0	0.0
6.823730	13.295673321	83.661906	0.0	0.0
6.835938	13.308354387	83.648794	0.0	0.0
6.848145	13.354051428	83.636109	0.0	0.0
6.860352	13.377924198	83.623629	0.0	0.0
6.872559	13.408548923	83.610127	0.0	0.0
6.884766	13.473560209	83.600537	0.0	0.0
6.896973	13.467571778	83.590037	0.0	0.0
6.909180	13.484231935	83.578135	0.0	0.0
6.921387	13.528837002	83.565680	0.0	0.0
6.933594	13.553342422	83.554948	0.0	0.0
6.945801	13.549894006	83.543450	0.0	0.0
6.958008	13.568912474	83.532161	0.0	0.0
6.970215	13.609795057	83.519823	0.0	0.0
6.982422	13.613971549	83.508630	0.0	0.0
6.994629	13.641388664	83.497097	0.0	0.0
7.006836	13.669656307	83.484426	0.0	0.0
7.019043	13.692355635	83.473408	0.0	0.0
7.031250	13.695709518	83.463176	0.0	0.0
7.043457	13.711228172	83.448302	0.0	0.0
7.055664	13.758082101	83.436895	0.0	0.0
7.067871	13.786950563	83.425454	0.0	0.0
7.080078	13.813312161	83.416063	0.0	0.0
7.092285	13.833555006	83.402118	0.0	0.0
7.104492	13.871031776	83.391451	0.0	0.0
7.116699	13.877421217	83.380894	0.0	0.0
7.128906	13.877193652	83.369799	0.0	0.0
7.141113	13.882808165	83.356708	0.0	0.0
7.153320	13.916370069	83.344413	0.0	0.0
7.165527	13.912775609	83.331567	0.0	0.0
7.177734	13.944658629	83.318074	0.0	0.0
7.189941	13.983304628	83.307450	0.0	0.0
7.202148	13.986800576	83.294855	0.0	0.0
7.214355	14.018345997	83.283160	0.0	0.0
7.226563	14.056863212	83.270366	0.0	0.0
7.238770	14.080631345	83.260401	0.0	0.0
7.250977	14.097238211	83.245492	0.0	0.0
7.263184	14.156673193	83.234900	0.0	0.0
7.275391	14.155728162	83.223787	0.0	0.0
7.287598	14.194834294	83.212255	0.0	0.0
7.299805	14.210254622	83.202458	0.0	0.0
7.312012	14.230345191	83.188242	0.0	0.0
7.324219	14.260101651	83.178563	0.0	0.0
7.336426	14.269369653	83.165783	0.0	0.0
7.348633	14.306170969	83.153866	0.0	0.0
7.360840	14.348153474	83.142359	0.0	0.0
7.373047	14.335252802	83.132338	0.0	0.0
7.385254	14.367791681	83.118971	0.0	0.0
7.397461	14.406901462	83.108022	0.0	0.0
7.409668	14.425090515	83.098317	0.0	0.0
7.421875	14.438051792	83.085505	0.0	0.0
7.434082	14.443621443	83.073370	0.0	0.0
7.446289	14.470799358	83.061576	0.0	0.0
7.458496	14.493656072	83.050300	0.0	0.0
7.470703	14.504667024	83.039125	0.0	0.0
7.482910	14.518321117	83.026252	0.0	0.0
7.495117	14.530740793	83.014694	0.0	0.0
7.507324	14.568212794	83.000856	0.0	0.0
7.519531	14.617882236	82.987185	0.0	0.0
7.531738	14.629567243	82.978307	0.0	0.0
7.543945	14.656980303	82.966915	0.0	0.0
7.556152	14.672966054	82.956316	0.0	0.0
7.568359	14.670856293	82.945072	0.0	0.0
7.580566	14.680649416	82.932356	0.0	0.0
7.592773	14.731098015	82.919196	0.0	0.0
7.604980	14.733185124	82.907139	0.0	0.0
7.617188	14.779020288	82.894355	0.0	0.0
7.629395	14.810780084	82.883761	0.0	0.0
7.641602	14.801571124	82.871169	0.0	0.0
7.653809	14.836939217	82.859731	0.0	0.0
7.666016	14.843370794	82.847376	0.0	0.0
7.678223	14.905379361	82.836379	0.0	0.0
7.690430	14.959402066	82.825112	0.0	0.0
7.702637	14.939275615	82.814470	0.0	0.0
7.714844	14.948311370	82.804248	0.0	0.0
7.727051	14.960066647	82.792355	0.0	0.0
7.739258	14.972387147	82.779483	0.0	0.0
7.751465	15.011088192	82.767062	0.0	0.0
7.763672	15.052926199	82.757460	0.0	0.0
7.775879	15.028170807	82.745771	0.0	0.0
7.788086	15.051365386	82.731315	0.0	0.0
7.800293	15.064997505	82.717752	0.0	0.0
7.812500	15.127481974	82.706613	0.0	0.0
7.824707	15.148288374	82.696426	0.0	0.0
7.836914	15.228844812	82.684442	0.0	0.0
7.849121	15.195682470	82.672888	0.0	0.0
7.861328	15.213171021	82.662083	0.0	0.0
7.873535	15.218795985	82.650007	0.0	0.0
7.885742	15.252905369	82.638696	0.0	0.0
7.897949	15.253016928	82.624978	0.0	0.0
7.910156	15.269906165	82.613375	0.0	0.0
7.922363	15.277622245	82.602181	0.0	0.0
7.934570	15.325699770	82.589190	0.0	0.0
7.946777	15.347250374	82.578836	0.0	0.0
7.958984	15.376074241	82.565875	0.0	0.0
7.971191	15.372025090	82.552623	0.0	0.0
7.983398	15.422565973	82.539952	0.0	0.0
7.995605	15.444447939	82.529339	0.0	0.0
8.007813	15.515882703	82.518786	0.0	0.0
8.020020	15.502027874	82.507911	0.0	0.0
8.032227	15.529970328	82.494917	0.0	0.0
8.044434	15.520966898	82.483602	0.0	0.0
8.056641	15.582920386	82.470496	0.0	0.0
8.068848	15.588328241	82.460055	0.0	0.0
8.081055	15.600751836	82.447179	0.0	0.0
8.093262	15.639861703	82.434521	0.0	0.0
8.105469	15.667698812	82.425405	0.0	0.0
8.117676	15.668224567	82.414257	0.0	0.0
8.129883	15.702083170	82.402132	0.0	0.0
8.142090	15.699263877	82.391850	0.0	0.0
8.154297	15.754362374	82.379139	0.0	0.0
8.166504	15.760416955	82.367594	0.0	0.0
8.178711	15.789084724	82.355304	0.0	0.0
8.190918	15.792991860	82.345342	0.0	0.0
8.203125	15.817573111	82.332589	0.0	0.0
8.215332	15.861510533	82.320043	0.0	0.0
8.227539	15.889298420	82.309869	0.0	0.0
8.239746	15.896924756	82.298451	0.0	0.0
8.251953	15.873743589	82.284332	0.0	0.0
8.264160	15.873489787	82.273444	0.0	0.0
8.276367	15.932820736	82.261290	0.0	0.0
8.288574	15.958971361	82.247547	0.0	0.0
8.300781	15.968846909	82.236966	0.0	0.0
8.312988	16.014812499	82.224310	0.0	0.0
8.325195	16.036285856	82.211762	0.0	0.0
8.337402	16.060107358	82.201930	0.0	0.0
8.349609	16.078031876	82.189318	0.0	0.0
8.361816	16.131133031	82.176513	0.0	0.0
8.374023	16.143500271	82.164264	0.0	0.0
8.386230	16.179221395	82.154627	0.0	0.0
8.398438	16.167881040	82.144594	0.0	0.0
8.410645	16.189567253	82.131109	0.0	0.0
8.422852	16.250293779	82.117655	0.0	0.0
8.435059	16.261499169	82.108648	0.0	0.0
8.447266	16.258874866	82.096566	0.0	0.0
8.459473	16.254722405	82.085834	0.0	0.0
8.471680	16.280603780	82.073687	0.0	0.0
8.483887	16.333053928	82.062271	0.0	0.0
8.496094	16.310136992	82.049456	0.0	0.0
8.508301	16.324086402	82.035458	0.0	0.0
8.520508	16.399372569	82.023172	0.0	0.0
8.532715	16.439681286	82.013311	0.0	0.0
8.544922	16.446240652	82.002534	0.0	0.0
8.557129	16.455145647	81.992170	0.0	0.0
8.569336	16.471299517	81.976880	0.0	0.0
8.581543	16.476852202	81.966122	0.0	0.0
8.593750	16.485736697	81.952648	0.0	0.0
8.605957	16.533918923	81.939885	0.0	0.0
8.618164	16.602057341	81.927097	0.0	0.0
8.630371	16.646799041	81.916908	0.0	0.0
8.642578	16.667323756	81.907108	0.0	0.0
8.654785	16.663778428	81.893988	0.0	0.0
8.666992	16.679127458	81.883749	0.0	0.0
8.679199	16.698485590	81.872585	0.0	0.0
8.691406	16.718120842	81.861196	0.0	0.0
8.703613	16.723601665	81.851320	0.0	0.0
8.715820	16.748063178	81.839679	0.0	0.0
8.728027	16.745535978	81.823877	0.0	0.0
8.740234	16.787614884	81.815674	0.0	0.0
8.752441	16.763856856	81.802286	0.0	0.0
8.764648	16.807490510	81.789530	0.0	0.0
8.776855	16.809890850	81.778684	0.0	0.0
8.789063	16.845087608	81.765768	0.0	0.0
8.801270	16.903406248	81.753569	0.0	0.0
8.813477	16.985093173	81.742195	0.0	0.0
8.825684	16.958616333	81.731855	0.0	0.0
8.837891	16.973294450	81.721166	0.0	0.0
8.850098	16.999209612	81.707080	0.0	0.0
8.862305	17.000582753	81.698171	0.0	0.0
8.874512	17.002497780	81.687290	0.0	0.0
8.886719	17.021854746	81.674764	0.0	0.0
8.898926	17.036544495	81.659807	0.0	0.0
8.911133	17.020084953	81.645229	0.0	0.0
8.923340	17.148101876	81.636425	0.0	0.0
8.935547	17.116261481	81.625458	0.0	0.0
8.947754	17.183961758	81.614415	0.0	0.0
8.959961	17.160859978	81.602444	0.0	0.0
8.972168	17.176659529	81.591344	0.0	0.0
8.984375	17.223673385	81.578528	0.0	0.0
8.996582	17.219551040	81.568141	0.0	0.0
9.008789	17.223793786	81.554871	0.0	0.0
9.020996	17.240055840	81.542959	0.0	0.0
9.033203	17.292702959	81.529273	0.0	0.0
9.045410	17.308267218	81.519599	0.0	0.0
9.057617	17.332353292	81.508145	0.0	0.0
9.069824	17.378422136	81.494944	0.0	0.0
9.082031	17.400668618	81.484708	0.0	0.0
9.094238	17.415535162	81.472829	0.0	0.0
9.106445	17.440336839	81.460863	0.0	0.0
9.118652	17.419063216	81.449316	0.0	0.0
9.130859	17.382217853	81.437235	0.0	0.0
9.143066	17.450265444	81.427165	0.0	0.0
9.155273	17.467046582	81.411719	0.0	0.0
9.167480	17.468876323	81.400779	0.0	0.0
9.179688	17.541059209	81.387029	0.0	0.0
9.191895	17.594942438	81.374924	0.0	0.0
9.204102	17.635597253	81.366847	0.0	0.0
9.216309	17.576418743	81.353672	0.0	0.0
9.228516	17.638002002	81.341047	0.0	0.0
9.240723	17.664405551	81.330393	0.0	0.0
9.252930	17.679479990	81.318885	0.0	0.0
9.265137	17.690603228	81.306378	0.0	0.0
9.277344	17.694809081	81.293125	0.0	0.0
9.289551	17.701321931	81.279336	0.0	0.0
9.301758	17.726762578	81.268273	0.0	0.0
9.313965	17.784928058	81.256989	0.0	0.0
9.326172	17.849315064	81.244685	0.0	0.0
9.338379	17.864024063	81.235234	0.0	0.0
9.350586	17.871976195	81.224474	0.0	0.0
9.362793	17.892948003	81.213002	0.0	0.0
9.375000	17.900734126	81.201168	0.0	0.0
9.387207	17.906242807	81.188407	0.0	0.0
9.399414	17.939883837	81.176047	0.0	0.0
9.411621	17.980525378	81.164689	0.0	0.0
9.423828	18.008898977	81.154160	0.0	0.0
9.436035	17.984919681	81.140787	0.0	0.0
9.448242	17.980115312	81.127102	0.0	0.0
9.460449	18.120552703	81.117143	0.0	0.0
9.472656	18.098961259	81.106704	0.0	0.0
9.484863	18.106051083	81.094239	0.0	0.0
9.497070	18.125026841	81.084817	0.0	0.0
9.509277	18.112853797	81.070728	0.0	0.0
9.521484	18.153814275	81.060322	0.0	0.0
9.533691	18.158879082	81.048742	0.0	0.0
9.545898	18.155264951	81.035908	0.0	0.0
9.558105	18.199906269	81.024046	0.0	0.0
9.570313	18.236838581	81.012726	0.0	0.0
9.582520	18.210415210	81.002357	0.0	0.0
9.594727	18.229240461	80.989932	0.0	0.0
9.606934	18.283093565	80.979873	0.0	0.0
9.619141	18.270665878	80.966023	0.0	0.0
9.631348	18.307956719	80.952720	0.0	0.0
9.643555	18.303971783	80.941045	0.0	0.0
9.655762	18.363256683	80.928373	0.0	0.0
9.667969	18.403267689	80.916543	0.0	0.0
9.680176	18.393942010	80.905898	0.0	0.0
9.692383	18.410891527	80.894896	0.0	0.0
9.704590	18.417497618	80.883037	0.0	0.0
9.716797	18.427131765	80.870361	0.0	0.0
9.729004	18.450115232	80.860687	0.0	0.0
9.741211	18.438974003	80.846381	0.0	0.0
9.753418	18.565317440	80.833194	0.0	0.0
9.765625	18.513616963	80.822802	0.0	0.0
9.777832	18.524586289	80.810005	0.0	0.0
9.790039	18.531523781	80.797429	0.0	0.0
9.802246	18.600385630	80.785575	0.0	0.0
9.814453	18.634689949	80.774093	0.0	0.0
9.826660	18.669446179	80.762777	0.0	0.0
9.838867	18.706274695	80.751132	0.0	0.0
9.851074	18.741897725	80.737990	0.0	0.0
9.863281	18.767541791	80.728905	0.0	0.0
9.875488	18.778664521	80.720184	0.0	0.0
9.887695	18.788363005	80.706860	0.0	0.0
9.899902	18.787002114	80.690880	0.0	0.0
9.912109	18.769877772	80.682698	0.0	0.0
9.924316	18.819444487	80.670518	0.0	0.0
9.936523	18.801923884	80.658918	0.0	0.0
9.948730	18.881760361	80.644666	0.0	0.0
9.960938	18.886000663	80.633324	0.0	0.0
9.973145	18.910197436	80.622681	0.0	0.0
9.985352	18.937275401	80.609280	0.0	0.0
9.997559	18.985748875	80.596796	0.0	0.0
10.009770	19.024087577	80.584377	0.0	0.0
10.021970	19.002391741	80.575560	0.0	0.0
10.034180	19.024347222	80.563761	0.0	0.0
10.046390	19.022595594	80.550712	0.0	0.0
10.058590	19.003145865	80.539447	0.0	0.0
10.070800	19.061287515	80.525295	0.0	0.0
10.083010	19.100443953	80.515107	0.0	0.0
10.095220	19.061521926	80.505105	0.0	0.0
10.107420	19.143740794	80.493138	0.0	0.0
10.119630	19.164796836	80.483030	0.0	0.0
10.131840	19.125725700	80.472435	0.0	0.0
10.144040	19.147329946	80.458609	0.0	0.0
10.156250	19.196672037	80.446109	0.0	0.0
10.168460	19.266707730	80.432940	0.0	0.0
10.180660	19.255886363	80.419186	0.0	0.0
10.192870	19.263986942	80.409653	0.0	0.0
10.205080	19.282859389	80.397376	0.0	0.0
10.217290	19.310811009	80.386074	0.0	0.0
10.229490	19.413476801	80.375698	0.0	0.0
10.241700	19.337638261	80.363631	0.0	0.0
10.253910	19.368010757	80.350092	0.0	0.0
10.266110	19.383687746	80.338731	0.0	0.0
10.278320	19.346764406	80.325768	0.0	0.0
10.290530	19.403053263	80.315131	0.0	0.0
10.302730	19.489576641	80.300778	0.0	0.0
10.314940	19.490913778	80.289399	0.0	0.0
10.327150	19.555341383	80.278641	0.0	0.0
10.339360	19.546723529	80.269702	0.0	0.0
10.351560	19.508226966	80.259197	0.0	0.0
10.363770	19.498453508	80.246098	0.0	0.0
10.375980	19.524214198	80.230775	0.0	0.0
10.388180	19.598142802	80.218460	0.0	0.0
10.400390	19.647858445	80.206773	0.0	0.0
10.412600	19.693741988	80.196502	0.0	0.0
10.424810	19.672177454	80.185916	0.0	0.0
10.437010	19.696708702	80.175319	0.0	0.0
10.449220	19.739068403	80.166320	0.0	0.0
10.461430	19.736653414	80.151176	0.0	0.0
10.473630	19.725945776	80.138505	0.0	0.0
10.485840	19.772454039	80.125744	0.0	0.0
10.498050	19.747690904	80.115556	0.0	0.0
10.510250	19.781922277	80.102902	0.0	0.0
10.522460	19.854777642	80.089006	0.0	0.0
10.534670	19.852261562	80.079565	0.0	0.0
10.546880	19.887569527	80.068168	0.0	0.0
10.559080	19.841713978	80.055662	0.0	0.0
10.571290	19.880336219	80.044106	0.0	0.0
10.583500	19.912164764	80.033252	0.0	0.0
10.595700	19.920627516	80.019217	0.0	0.0
10.607910	19.923110028	80.006504	0.0	0.0
10.620120	19.955274419	79.996887	0.0	0.0
10.632320	20.011120977	79.983012	0.0	0.0
10.644530	19.999423848	79.971651	0.0	0.0
10.656740	20.067813763	79.959206	0.0	0.0
10.668950	20.029306789	79.950436	0.0	0.0
10.681150	20.107091256	79.938737	0.0	0.0
10.693360	20.113594042	79.923638	0.0	0.0
10.705570	20.115133443	79.913808	0.0	0.0
10.717770	20.130747697	79.901623	0.0	0.0
10.729980	20.125807392	79.891441	0.0	0.0
10.742190	20.069333631	79.880996	0.0	0.0
10.754400	20.179427802	79.863293	0.0	0.0
10.766600	20.177150166	79.852443	0.0	0.0
10.778810	20.260104570	79.838598	0.0	0.0
10.791020	20.289737990	79.831556	0.0	0.0
10.803220	20.331532079	79.819046	0.0	0.0
10.815430	20.264553904	79.810345	0.0	0.0
10.827640	20.294750751	79.793949	0.0	0.0
10.839840	20.397155704	79.783140	0.0	0.0
10.852050	20.407110331	79.773089	0.0	0.0
10.864260	20.385586646	79.761784	0.0	0.0
10.876470	20.383630817	79.752452	0.0	0.0
10.888670	20.373056243	79.737131	0.0	0.0
10.900880	20.390561963	79.722630	0.0	0.0
10.913090	20.462608629	79.714257	0.0	0.0
10.925290	20.468938973	79.697889	0.0	0.0
10.937500	20.477633426	79.686608	0.0	0.0
10.949710	20.548720593	79.674181	0.0	0.0
10.961910	20.564292220	79.663131	0.0	0.0
10.974120	20.578135971	79.649926	0.0	0.0
10.986330	20.554493429	79.641843	0.0	0.0
10.998540	20.650122401	79.628175	0.0	0.0
11.010740	20.614681515	79.618502	0.0	0.0
11.022950	20.639499472	79.606217	0.0	0.0
11.035160	20.714945946	79.593763	0.0	0.0
11.047360	20.709322742	79.582344	0.0	0.0
11.059570	20.675982408	79.569625	0.0	0.0
11.071780	20.725335023	79.558955	0.0	0.0
11.083980	20.752962106	79.547560	0.0	0.0
11.096190	20.750848985	79.536481	0.0	0.0
11.108400	20.773033147	79.522129	0.0	0.0
11.120610	20.790016660	79.508599	0.0	0.0
11.132810	20.764545022	79.501751	0.0	0.0
11.145020	20.838847817	79.486070	0.0	0.0
11.157230	20.841025737	79.474169	0.0	0.0
11.169430	20.824891707	79.460584	0.0	0.0
11.181640	20.918334880	79.448411	0.0	0.0
11.193850	20.898149560	79.439248	0.0	0.0
11.206060	20.922687669	79.427768	0.0	0.0
11.218260	20.888157330	79.415080	0.0	0.0
11.230470	20.981082850	79.401490	0.0	0.0
11.242680	20.944953883	79.389464	0.0	0.0
11.254880	20.989192438	79.376660	0.0	0.0
11.267090	21.036732079	79.366298	0.0	0.0
11.279300	21.049813944	79.357100	0.0	0.0
11.291500	21.085190718	79.342332	0.0	0.0
11.303710	21.071569666	79.330547	0.0	0.0
11.315920	21.103523967	79.320352	0.0	0.0
11.328130	21.138057790	79.306665	0.0	0.0
11.340330	21.138575496	79.294236	0.0	0.0
11.352540	21.232075401	79.283781	0.0	0.0
11.364750	21.195908102	79.274915	0.0	0.0
11.376950	21.198826025	79.259717	0.0	0.0
11.389160	21.162819608	79.247573	0.0	0.0
11.401370	21.200066582	79.235762	0.0	0.0
11.413570	21.254401214	79.223031	0.0	0.0
11.425780	21.301712599	79.213382	0.0	0.0
11.437990	21.298784688	79.203594	0.0	0.0
11.450200	21.353192119	79.189703	0.0	0.0
11.462400	21.318087202	79.176404	0.0	0.0
11.474610	21.366938867	79.165016	0.0	0.0
11.486820	21.397176806	79.153020	0.0	0.0
11.499020	21.367047407	79.142629	0.0	0.0
11.511230	21.417720960	79.130758	0.0	0.0
11.523440	21.402184500	79.117985	0.0	0.0
11.535650	21.394285990	79.105316	0.0	0.0
11.547850	21.495290308	79.091501	0.0	0.0
11.560060	21.510235152	79.082635	0.0	0.0
11.572270	21.603801494	79.071142	0.0	0.0
11.584470	21.544974392	79.059238	0.0	0.0
11.596680	21.531499313	79.045635	0.0	0.0
11.608890	21.608957550	79.032727	0.0	0.0
11.621090	21.614469006	79.023343	0.0	0.0
11.633300	21.588623832	79.007831	0.0	0.0
11.645510	21.632037610	78.997353	0.0	0.0
11.657720	21.660173076	78.986281	0.0	0.0
11.669920	21.716412881	78.974737	0.0	0.0
11.682130	21.699105423	78.959197	0.0	0.0
11.694340	21.752449732	78.949246	0.0	0.0
11.706540	21.776168133	78.938341	0.0	0.0
11.718750	21.850430307	78.927344	0.0	0.0
11.730960	21.843971205	78.917480	0.0	0.0
11.743160	21.851220509	78.908898	0.0	0.0
11.755370	21.858931724	78.893124	0.0	0.0
11.767580	21.860496502	78.881910	0.0	0.0
11.779790	21.870073691	78.869330	0.0	0.0
11.791990	21.850836082	78.860173	0.0	0.0
11.804200	21.870999652	78.844109	0.0	0.0
11.816410	21.923744814	78.836377	0.0	0.0
11.828610	21.982119316	78.822599	0.0	0.0
11.840820	21.934050975	78.812682	0.0	0.0
11.853030	21.965914972	78.800850	0.0	0.0
11.865230	21.949535586	78.788721	0.0	0.0
11.877440	21.974613660	78.777005	0.0	0.0
11.889650	21.976328691	78.763395	0.0	0.0
11.901860	22.024353687	78.749792	0.0	0.0
11.914060	22.022350077	78.738831	0.0	0.0
11.926270	22.053093895	78.725418	0.0	0.0
11.938480	22.056671117	78.714035	0.0	0.0
11.950680	22.090630161	78.698785	0.0	0.0
11.962890	22.158476031	78.688959	0.0	0.0
11.975100	22.140765891	78.679880	0.0	0.0
11.987310	22.174957752	78.670874	0.0	0.0
11.999510	22.162317810	78.655799	0.0	0.0
12.011720	22.195218175	78.642942	0.0	0.0
12.023930	22.239383950	78.632266	0.0	0.0
12.036130	22.238102221	78.620709	0.0	0.0
12.048340	22.196303538	78.605507	0.0	0.0
12.060550	22.282959027	78.594210	0.0	0.0
12.072750	22.285318646	78.582272	0.0	0.0
12.084960	22.370083738	78.571870	0.0	0.0
12.097170	22.371944732	78.561436	0.0	0.0
12.109380	22.349772713	78.550102	0.0	0.0
12.121580	22.331575567	78.537559	0.0	0.0
12.133790	22.362845294	78.525358	0.0	0.0
12.146000	22.400993060	78.513172	0.0	0.0
12.158200	22.399831620	78.499478	0.0	0.0
12.170410	22.437903796	78.488684	0.0	0.0
12.182620	22.415220739	78.477556	0.0	0.0
12.194820	22.427253308	78.463591	0.0	0.0
12.207030	22.475915720	78.453429	0.0	0.0
12.219240	22.489385509	78.439684	0.0	0.0
12.231450	22.437888511	78.430016	0.0	0.0
12.243650	22.480377447	78.415820	0.0	0.0
12.255860	22.561935376	78.406452	0.0	0.0
12.268070	22.570521374	78.392379	0.0	0.0
12.280270	22.501788047	78.380573	0.0	0.0
12.292480	22.574233465	78.368486	0.0	0.0
12.304690	22.652825095	78.355694	0.0	0.0
12.316900	22.654404033	78.346543	0.0	0.0
12.329100	22.638433156	78.329478	0.0	0.0
12.341310	22.709990716	78.319431	0.0	0.0
12.353520	22.732099091	78.307541	0.0	0.0
12.365720	22.734359485	78.297128	0.0	0.0
12.377930	22.687230479	78.285062	0.0	0.0
12.390140	22.707212689	78.272420	0.0	0.0
12.402340	22.761076798	78.259461	0.0	0.0
12.414550	22.801311795	78.247380	0.0	0.0
12.426760	22.841935286	78.234620	0.0	0.0
12.438970	22.824968564	78.225835	0.0	0.0
12.451170	22.879239913	78.211846	0.0	0.0
12.463380	22.969389932	78.198259	0.0	0.0
12.475590	22.937137114	78.189164	0.0	0.0
12.487790	22.979037058	78.175651	0.0	0.0
12.500000	22.998635657	78.165508	0.0	0.0
12.512210	22.973542850	78.154480	0.0	0.0
12.524410	23.015966150	78.142873	0.0	0.0
12.536620	23.047892385	78.135175	0.0	0.0
12.548830	23.008854068	78.119779	0.0	0.0
12.561040	22.992136376	78.110180	0.0	0.0
12.573240	22.997847828	78.095795	0.0	0.0
12.585450	23.042286922	78.082877	0.0	0.0
12.597660	22.992935701	78.072661	0.0	0.0
12.609860	23.064426593	78.061781	0.0	0.0
12.622070	23.072787118	78.043685	0.0	0.0
12.634280	23.184898219	78.034915	0.0	0.0
12.646480	23.148308646	78.019714	0.0	0.0
12.658690	23.108608268	78.008042	0.0	0.0
12.670900	23.239078570	77.999810	0.0	0.0
12.683110	23.202984156	77.989921	0.0	0.0
12.695310	23.187637682	77.975906	0.0	0.0
12.707520	23.265723764	77.963773	0.0	0.0
12.719730	23.256941916	77.949899	0.0	0.0
12.731930	23.315126639	77.938799	0.0	0.0
12.744140	23.319674333	77.926513	0.0	0.0
12.756350	23.368039041	77.915186	0.0	0.0
12.768560	23.287128987	77.905356	0.0	0.0
12.780760	23.321292726	77.892289	0.0	0.0
12.792970	23.324670231	77.883015	0.0	0.0
12.805180	23.352688797	77.868996	0.0	0.0
12.817380	23.327454012	77.853909	0.0	0.0
12.829590	23.389789663	77.840933	0.0	0.0
12.841800	23.408186187	77.830427	0.0	0.0
12.854000	23.478238049	77.821570	0.0	0.0
12.866210	23.471178169	77.805699	0.0	0.0
12.878420	23.486841448	77.795247	0.0	0.0
12.890630	23.471130282	77.785195	0.0	0.0
12.902830	23.530308220	77.772324	0.0	0.0
12.915040	23.561453152	77.759308	0.0	0.0
12.927250	23.542277384	77.745712	0.0	0.0
12.939450	23.613746553	77.733295	0.0	0.0
12.951660	23.634227950	77.722147	0.0	0.0
12.963870	23.602171604	77.713034	0.0	0.0
12.976070	23.735111612	77.701941	0.0	0.0
12.988280	23.670025341	77.687803	0.0	0.0
13.000490	23.686430774	77.676596	0.0	0.0
13.012700	23.718225208	77.664154	0.0	0.0
13.024900	23.748636998	77.652806	0.0	0.0
13.037110	23.728579990	77.640486	0.0	0.0
13.049320	23.865146340	77.628288	0.0	0.0
13.061520	23.808415577	77.616977	0.0	0.0
13.073730	23.796600439	77.608647	0.0	0.0
13.085940	23.823869802	77.593588	0.0	0.0
13.098150	23.819327460	77.582383	0.0	0.0
13.110350	23.812466663	77.569236	0.0	0.0
13.122560	23.839558994	77.556291	0.0	0.0
13.134770	23.818437546	77.544182	0.0	0.0
13.146970	23.892672424	77.530445	0.0	0.0
13.159180	23.964016481	77.520204	0.0	0.0
13.171390	23.958067946	77.510244	0.0	0.0
13.183590	23.899838810	77.497848	0.0	0.0
13.195800	23.875570419	77.486285	0.0	0.0
13.208010	23.941866563	77.469448	0.0	0.0
13.220220	24.027045859	77.458546	0.0	0.0
13.232420	23.990344107	77.448280	0.0	0.0
13.244630	24.152716727	77.438447	0.0	0.0
13.256840	24.045407122	77.424251	0.0	0.0
13.269040	24.197955576	77.411481	0.0	0.0
13.281250	24.151358804	77.401992	0.0	0.0
13.293460	24.095434904	77.389367	0.0	0.0
13.305660	24.117479486	77.378979	0.0	0.0
13.317870	24.141255412	77.366426	0.0	0.0
13.330080	24.203646143	77.353507	0.0	0.0
13.342290	24.196360569	77.338228	0.0	0.0
13.354490	24.240392882	77.328973	0.0	0.0
13.366700	24.230512455	77.318889	0.0	0.0
13.378910	24.151922504	77.305527	0.0	0.0
13.391110	24.240174950	77.290644	0.0	0.0
13.403320	24.321917007	77.278343	0.0	0.0
13.415530	24.297687471	77.267430	0.0	0.0
13.427730	24.314035265	77.256616	0.0	0.0
13.439940	24.391228535	77.246187	0.0	0.0
13.452150	24.374292473	77.234232	0.0	0.0
13.464360	24.439108946	77.220112	0.0	0.0
13.476560	24.437873657	77.205546	0.0	0.0
13.488770	24.517172299	77.195993	0.0	0.0
13.500980	24.514714505	77.186643	0.0	0.0
13.513180	24.475370943	77.174750	0.0	0.0
13.525390	24.423454414	77.165367	0.0	0.0
13.537600	24.416285167	77.147139	0.0	0.0
13.549810	24.438855004	77.137825	0.0	0.0
13.562010	24.457908030	77.123041	0.0	0.0
13.574220	24.529150540	77.112010	0.0	0.0
13.586430	24.499520020	77.100371	0.0	0.0
13.598630	24.572169710	77.090175	0.0	0.0
13.610840	24.635304855	77.077335	0.0	0.0
13.623050	24.615460169	77.063793	0.0	0.0
13.635250	24.652301233	77.051414	0.0	0.0
13.647460	24.725765907	77.041085	0.0	0.0
13.659670	24.717780915	77.033789	0.0	0.0
13.671880	24.675062956	77.018800	0.0	0.0
13.684080	24.664667277	77.010005	0.0	0.0
13.696290	24.620220157	76.994411	0.0	0.0
13.708500	24.741809046	76.982821	0.0	0.0
13.720700	24.706374235	76.972771	0.0	0.0
13.732910	24.693977100	76.959620	0.0	0.0
13.745120	24.785486599	76.945478	0.0	0.0
13.757320	24.764636341	76.933258	0.0	0.0
13.769530	24.742383751	76.920238	0.0	0.0
13.781740	24.869407338	76.909046	0.0	0.0
13.793950	24.801312641	76.896617	0.0	0.0
13.806150	24.906736742	76.885397	0.0	0.0
13.818360	24.921938610	76.873205	0.0	0.0
13.830570	24.927331248	76.861041	0.0	0.0
13.842770	24.900580973	76.852458	0.0	0.0
13.854980	24.907656677	76.834696	0.0	0.0
13.867190	24.927252338	76.823917	0.0	0.0
13.879400	24.955585248	76.808325	0.0	0.0
13.891600	24.960850140	76.798458	0.0	0.0
13.903810	25.006586699	76.785000	0.0	0.0
13.916020	25.012816283	76.776658	0.0	0.0
13.928220	25.067478273	76.765970	0.0	0.0
13.940430	25.080616018	76.753702	0.0	0.0
13.952640	25.072507550	76.742787	0.0	0.0
13.964840	25.126065517	76.729433	0.0	0.0
13.977050	25.118615601	76.716955	0.0	0.0
13.989260	25.053830679	76.706695	0.0	0.0
14.001470	25.059807154	76.691583	0.0	0.0
14.013670	25.122215338	76.679438	0.0	0.0
14.025880	25.172735995	76.670768	0.0	0.0
14.038090	25.100523813	76.658282	0.0	0.0
14.050290	25.140204681	76.646319	0.0	0.0
14.062500	25.199209589	76.630062	0.0	0.0
14.074710	25.158860618	76.620423	0.0	0.0
14.086910	25.164287743	76.608159	0.0	0.0
14.099120	25.270820419	76.595072	0.0	0.0
14.111330	25.264694960	76.585137	0.0	0.0
14.123540	25.304196090	76.570776	0.0	0.0
14.135740	25.230143047	76.562428	0.0	0.0
14.147950	25.351564410	76.548598	0.0	0.0
14.160160	25.298741998	76.536604	0.0	0.0
14.172360	25.361122797	76.524409	0.0	0.0
14.184570	25.395810253	76.513534	0.0	0.0
14.196780	25.379137249	76.502055	0.0	0.0
14.208980	25.317794191	76.484770	0.0	0.0
14.221190	25.379056921	76.475755	0.0	0.0
14.233400	25.368799528	76.463487	0.0	0.0
14.245610	25.396505284	76.450239	0.0	0.0
14.257810	25.468642971	76.436626	0.0	0.0
14.270020	25.473023554	76.427057	0.0	0.0
14.282230	25.456662000	76.417108	0.0	0.0
14.294430	25.605470590	76.405626	0.0	0.0
14.306640	25.555635588	76.391546	0.0	0.0
14.318850	25.509325567	76.375564	0.0	0.0
14.331060	25.580855434	76.366790	0.0	0.0
14.343260	25.690411213	76.356752	0.0	0.0
14.355470	25.613605631	76.344740	0.0	0.0
14.367680	25.610348546	76.332737	0.0	0.0
14.379880	25.544259047	76.322590	0.0	0.0
14.392090	25.613092649	76.309287	0.0	0.0
14.404300	25.615761749	76.296378	0.0	0.0
14.416500	25.544675826	76.284025	0.0	0.0
14.428710	25.690412936	76.271217	0.0	0.0
14.440920	25.685099756	76.258121	0.0	0.0
14.453130	25.700257836	76.248576	0.0	0.0
14.465330	25.635764970	76.234830	0.0	0.0
14.477540	25.708232926	76.219551	0.0	0.0
14.489750	25.708351087	76.211438	0.0	0.0
14.501950	25.779280518	76.194718	0.0	0.0
14.514160	25.768674626	76.186229	0.0	0.0
14.526370	25.879767232	76.175456	0.0	0.0
14.538570	25.900256260	76.162338	0.0	0.0
14.550780	25.855231822	76.146750	0.0	0.0
14.562990	25.906838041	76.139854	0.0	0.0
14.575200	25.968164468	76.126558	0.0	0.0
14.587400	25.902512995	76.113697	0.0	0.0
14.599610	26.043141001	76.099333	0.0	0.0
14.611820	25.945766586	76.090363	0.0	0.0
14.624020	26.008022317	76.079082	0.0	0.0
14.636230	26.005677231	76.067045	0.0	0.0
14.648440	26.014075287	76.055688	0.0	0.0
14.660650	25.966237406	76.043390	0.0	0.0
14.672850	26.046662346	76.029241	0.0	0.0
14.685060	26.065781170	76.017416	0.0	0.0
14.697270	26.093313454	76.006551	0.0	0.0
14.709470	26.066250819	75.992103	0.0	0.0
14.721680	26.056283422	75.981629	0.0	0.0
14.733890	26.101094474	75.970154	0.0	0.0
14.746090	26.082853502	75.961170	0.0	0.0
14.758300	26.125949928	75.945878	0.0	0.0
14.770510	26.142151467	75.935407	0.0	0.0
14.782720	26.209393201	75.923110	0.0	0.0
14.794920	26.146780674	75.912229	0.0	0.0
14.807130	26.167572262	75.895272	0.0	0.0
14.819340	26.304339392	75.886032	0.0	0.0
14.831540	26.194013572	75.874546	0.0	0.0
14.843750	26.217793275	75.865876	0.0	0.0
14.855960	26.243382653	75.849288	0.0	0.0
14.868160	26.258852269	75.840366	0.0	0.0
14.880370	26.241170247	75.826991	0.0	0.0
14.892580	26.278067632	75.810576	0.0	0.0
14.904790	26.240051650	75.803658	0.0	0.0
14.916990	26.288862548	75.786862	0.0	0.0
14.929200	26.288023048	75.776432	0.0	0.0
14.941410	26.377540734	75.761196	0.0	0.0
14.953610	26.401431859	75.752492	0.0	0.0
14.965820	26.414347414	75.738741	0.0	0.0
14.978030	26.406784786	75.725446	0.0	0.0
14.990230	26.405307858	75.715148	0.0	0.0
15.002440	26.403609389	75.703797	0.0	0.0
15.014650	26.525977564	75.692299	0.0	0.0
15.026860	26.581146253	75.677506	0.0	0.0
15.039060	26.571206808	75.667636	0.0	0.0
15.051270	26.553032376	75.655556	0.0	0.0
15.063480	26.591632564	75.640588	0.0	0.0
15.075680	26.605142439	75.629388	0.0	0.0
15.087890	26.570622942	75.620871	0.0	0.0
15.100100	26.596723164	75.607333	0.0	0.0
15.112310	26.630565247	75.597525	0.0	0.0
15.124510	26.654653847	75.582286	0.0	0.0
15.136720	26.581743876	75.570207	0.0	0.0
15.148930	26.606728541	75.556482	0.0	0.0
15.161130	26.605754451	75.545801	0.0	0.0
15.173340	26.751560871	75.531173	0.0	0.0
15.185550	26.744917028	75.522455	0.0	0.0
15.197750	26.747634319	75.508868	0.0	0.0
15.209960	26.777845730	75.496291	0.0	0.0
15.222170	26.836945088	75.485251	0.0	0.0
15.234380	26.826709283	75.475315	0.0	0.0
15.246580	26.864623554	75.458738	0.0	0.0
15.258790	26.928064572	75.448627	0.0	0.0
15.271000	26.875113773	75.434268	0.0	0.0
15.283200	26.907666570	75.428018	0.0	0.0
15.295410	26.859798631	75.415632	0.0	0.0
15.307620	26.864595947	75.400768	0.0	0.0
15.319820	26.825932780	75.388533	0.0	0.0
15.332030	26.890450034	75.378564	0.0	0.0
15.344240	26.834593062	75.363314	0.0	0.0
15.356450	26.944606486	75.350487	0.0	0.0
15.368650	26.983867264	75.339908	0.0	0.0
15.380860	27.014473759	75.331148	0.0	0.0
15.393070	26.975582429	75.318804	0.0	0.0
15.405270	26.912394075	75.305693	0.0	0.0
15.417480	26.913130027	75.290093	0.0	0.0
15.429690	27.057117792	75.279053	0.0	0.0
15.441900	26.994272596	75.270213	0.0	0.0
15.454100	27.032474951	75.251163	0.0	0.0
15.466310	27.023127703	75.242329	0.0	0.0
15.478520	27.072447164	75.228285	0.0	0.0
15.490720	27.203038712	75.217154	0.0	0.0
15.502930	27.235859492	75.208426	0.0	0.0
15.515140	27.112088278	75.195164	0.0	0.0
15.527340	27.208891986	75.182623	0.0	0.0
15.539550	27.158137566	75.169824	0.0	0.0
15.551760	27.243025891	75.157453	0.0	0.0
15.563970	27.171552526	75.146396	0.0	0.0
15.576170	27.240871960	75.131937	0.0	0.0
15.588380	27.207530920	75.121409	0.0	0.0
15.600590	27.203044877	75.109413	0.0	0.0
15.612790	27.339632259	75.095960	0.0	0.0
15.625000	27.229309845	75.083649	0.0	0.0
15.637210	27.244684551	75.069954	0.0	0.0
15.649410	27.301628291	75.058396	0.0	0.0
15.661620	27.370348720	75.050668	0.0	0.0
15.673830	27.357523938	75.036161	0.0	0.0
15.686040	27.397332100	75.025539	0.0	0.0
15.698240	27.348658995	75.012106	0.0	0.0
15.710450	27.431319604	75.000628	0.0	0.0
15.722660	27.388230732	74.989533	0.0	0.0
15.734860	27.425779765	74.971339	0.0	0.0
15.747070	27.376862340	74.966783	0.0	0.0
15.759280	27.386052057	74.951442	0.0	0.0
15.771480	27.436929927	74.939422	0.0	0.0
15.783690	27.521008944	74.928838	0.0	0.0
15.795900	27.476570648	74.918358	0.0	0.0
15.808110	27.477639257	74.907774	0.0	0.0
15.820310	27.453370228	74.890021	0.0	0.0
15.832520	27.423963111	74.878893	0.0	0.0
15.844730	27.538945173	74.865264	0.0	0.0
15.856930	27.533016744	74.853801	0.0	0.0
15.869140	27.568865751	74.846656	0.0	0.0
15.881350	27.560447463	74.833728	0.0	0.0
15.893560	27.588650419	74.821163	0.0	0.0
15.905760	27.645117363	74.807743	0.0	0.0
15.917970	27.527696872	74.792818	0.0	0.0
15.930180	27.656649202	74.778684	0.0	0.0
15.942380	27.517387342	74.766110	0.0	0.0
15.954590	27.676870540	74.757798	0.0	0.0
15.966800	27.606808353	74.745141	0.0	0.0
15.979000	27.650991398	74.733891	0.0	0.0
15.991210	27.688275064	74.719259	0.0	0.0
16.003420	27.636045530	74.710569	0.0	0.0
16.015630	27.663338948	74.698731	0.0	0.0
16.027830	27.676959438	74.681260	0.0	0.0
16.040040	27.713600194	74.669901	0.0	0.0
16.052250	27.703277701	74.657939	0.0	0.0
16.064450	27.829539974	74.647463	0.0	0.0
16.076660	27.759573566	74.630564	0.0	0.0
16.088870	27.722448529	74.623864	0.0	0.0
16.101070	27.687061063	74.610814	0.0	0.0
16.113280	27.789371976	74.596871	0.0	0.0
16.125490	27.922554849	74.581153	0.0	0.0
16.137700	27.847892047	74.573348	0.0	0.0
16.149900	27.882460190	74.563843	0.0	0.0
16.162110	27.912132330	74.551631	0.0	0.0
16.174320	27.867620353	74.539163	0.0	0.0
16.186520	27.867319430	74.526598	0.0	0.0
16.198730	27.946277126	74.511740	0.0	0.0
16.210940	27.926044999	74.500536	0.0	0.0
16.223150	28.007689803	74.486564	0.0	0.0
16.235350	27.886725034	74.474830	0.0	0.0
16.247560	27.962161692	74.463021	0.0	0.0
16.259770	28.001037787	74.449511	0.0	0.0
16.271970	27.964505135	74.439037	0.0	0.0
16.284180	28.019402063	74.423998	0.0	0.0
16.296390	28.149338471	74.413395	0.0	0.0
16.308590	28.165578817	74.402806	0.0	0.0
16.320800	28.073940582	74.394106	0.0	0.0
16.333010	28.152065492	74.377463	0.0	0.0
16.345220	28.166115414	74.366022	0.0	0.0
16.357420	28.194905463	74.352905	0.0	0.0
16.369630	28.186282471	74.340251	0.0	0.0
16.381840	28.147366586	74.325303	0.0	0.0
16.394040	28.228225796	74.316620	0.0	0.0
16.406250	28.205582191	74.308334	0.0	0.0
16.418460	28.192771101	74.293916	0.0	0.0
16.430660	28.262610586	74.277696	0.0	0.0
16.442870	28.277934385	74.265923	0.0	0.0
16.455080	28.325608763	74.252997	0.0	0.0
16.467290	28.244931143	74.241665	0.0	0.0
16.479490	28.284702888	74.233295	0.0	0.0
16.491700	28.353641104	74.219065	0.0	0.0
16.503910	28.266056606	74.207633	0.0	0.0
16.516110	28.239155301	74.193305	0.0	0.0
16.528320	28.379999239	74.179602	0.0	0.0
16.540530	28.437688173	74.167860	0.0	0.0
16.552730	28.344041663	74.159935	0.0	0.0
16.564940	28.321028907	74.144422	0.0	0.0
16.577150	28.430374014	74.132025	0.0	0.0
16.589360	28.445795311	74.119857	0.0	0.0
16.601560	28.315132730	74.106855	0.0	0.0
16.613770	28.461065470	74.095252	0.0	0.0
16.625980	28.413563531	74.084719	0.0	0.0
16.638180	28.435466556	74.073662	0.0	0.0
16.650390	28.430975347	74.060912	0.0	0.0
16.662600	28.589925614	74.045731	0.0	0.0
16.674810	28.499946067	74.037879	0.0	0.0
16.687010	28.479497577	74.023004	0.0	0.0
16.699220	28.450735103	74.009904	0.0	0.0
16.711430	28.593744901	73.997458	0.0	0.0
16.723630	28.662018354	73.984289	0.0	0.0
16.735840	28.663040029	73.980257	0.0	0.0
16.748050	28.620998489	73.962635	0.0	0.0
16.760250	28.649151248	73.951318	0.0	0.0
16.772460	28.725702110	73.938233	0.0	0.0
16.784670	28.680929239	73.924139	0.0	0.0
16.796880	28.612811279	73.914516	0.0	0.0
16.809080	28.588478493	73.902818	0.0	0.0
16.821290	28.766877957	73.889940	0.0	0.0
16.833500	28.689364392	73.878152	0.0	0.0
16.845700	28.753886667	73.865051	0.0	0.0
16.857910	28.777380220	73.852750	0.0	0.0
16.870120	28.760292581	73.837989	0.0	0.0
16.882320	28.724046086	73.830216	0.0	0.0
16.894530	28.834878376	73.815521	0.0	0.0
16.906740	28.784273769	73.802645	0.0	0.0
16.918950	28.813511493	73.789361	0.0	0.0
16.931150	28.817538139	73.778724	0.0	0.0
16.943360	28.718603990	73.768025	0.0	0.0
16.955570	28.890244576	73.749778	0.0	0.0
16.967770	28.927957941	73.745271	0.0	0.0
16.979980	28.943142231	73.729772	0.0	0.0
16.992190	28.881677981	73.716337	0.0	0.0
17.004400	28.847715478	73.705709	0.0	0.0
17.016600	28.916836324	73.689217	0.0	0.0
17.028810	28.976899543	73.679721	0.0	0.0
17.041020	28.995931383	73.667606	0.0	0.0
17.053220	28.992176645	73.654695	0.0	0.0
17.065430	28.900807409	73.642974	0.0	0.0
17.077640	29.040937526	73.632589	0.0	0.0
17.089840	28.921514495	73.617703	0.0	0.0
17.102050	28.959935230	73.606324	0.0	0.0
17.114260	29.066807903	73.596205	0.0	0.0
17.126470	29.132318717	73.584656	0.0	0.0
17.138670	29.083606744	73.572466	0.0	0.0
17.150880	29.043848510	73.560472	0.0	0.0
17.163090	29.138866935	73.545564	0.0	0.0
17.175290	29.010233085	73.535625	0.0	0.0
17.187500	29.041607055	73.521452	0.0	0.0
17.199710	29.063896987	73.505273	0.0	0.0
17.211910	29.040558949	73.494938	0.0	0.0
17.224120	29.166034839	73.483834	0.0	0.0
17.236330	29.222895982	73.474517	0.0	0.0
17.248540	29.158956142	73.458673	0.0	0.0
17.260740	29.113211599	73.443457	0.0	0.0
17.272950	29.124618014	73.432620	0.0	0.0
17.285160	29.199098638	73.421753	0.0	0.0
17.297360	29.231942829	73.408877	0.0	0.0
17.309570	29.241306126	73.395165	0.0	0.0
17.321780	29.241423077	73.383504	0.0	0.0
17.333980	29.322073457	73.373512	0.0	0.0
17.346190	29.264436288	73.360207	0.0	0.0
17.358400	29.296245716	73.347469	0.0	0.0
17.370610	29.355163353	73.334634	0.0	0.0
17.382810	29.411665310	73.323843	0.0	0.0
17.395020	29.391846863	73.309422	0.0	0.0
17.407230	29.260134193	73.297926	0.0	0.0
17.419430	29.391172878	73.287271	0.0	0.0
17.431640	29.385944067	73.273091	0.0	0.0
17.443850	29.416641765	73.265235	0.0	0.0
17.456060	29.371552180	73.250687	0.0	0.0
17.468260	29.385330328	73.233347	0.0	0.0
17.480470	29.427082195	73.221952	0.0	0.0
17.492680	29.381755785	73.213466	0.0	0.0
17.504880	29.406376972	73.197721	0.0	0.0
17.517090	29.459254059	73.185994	0.0	0.0
17.529300	29.528470098	73.174768	0.0	0.0
17.541500	29.568060462	73.162317	0.0	0.0
17.553710	29.492515850	73.149640	0.0	0.0
17.565920	29.563072026	73.140763	0.0	0.0
17.578130	29.498358569	73.127915	0.0	0.0
17.590330	29.450824839	73.115678	0.0	0.0
17.602540	29.529900652	73.103798	0.0	0.0
17.614750	29.636129967	73.086697	0.0	0.0
17.626950	29.481810883	73.076882	0.0	0.0
17.639160	29.616369448	73.063388	0.0	0.0
17.651370	29.537442126	73.052985	0.0	0.0
17.663570	29.651874866	73.042520	0.0	0.0
17.675780	29.656766030	73.025468	0.0	0.0
17.687990	29.699287544	73.013066	0.0	0.0
17.700200	29.691334146	73.004371	0.0	0.0
17.712400	29.761355594	72.990295	0.0	0.0
17.724610	29.733400497	72.980488	0.0	0.0
17.736820	29.687008844	72.965137	0.0	0.0
17.749020	29.649424721	72.954492	0.0	0.0
17.761230	29.764238428	72.939749	0.0	0.0
17.773440	29.701434197	72.928518	0.0	0.0
17.785650	29.684493093	72.920696	0.0	0.0
17.797850	29.703145871	72.903386	0.0	0.0
17.810060	29.588428818	72.889972	0.0	0.0
17.822270	29.803908783	72.875093	0.0	0.0
17.834470	29.876391104	72.866361	0.0	0.0
17.846680	29.767410218	72.854551	0.0	0.0
17.858890	29.839750324	72.841048	0.0	0.0
17.871090	29.806320158	72.832644	0.0	0.0
17.883300	29.893397145	72.816415	0.0	0.0
17.895510	29.887892027	72.804657	0.0	0.0
17.907720	29.836189053	72.793458	0.0	0.0
17.919920	29.880746132	72.783377	0.0	0.0
17.932130	29.875710921	72.766238	0.0	0.0
17.944340	29.780053214	72.757499	0.0	0.0
17.956540	29.783491954	72.737778	0.0	0.0
17.968750	29.820171014	72.732473	0.0	0.0
17.980960	29.868335827	72.717734	0.0	0.0
17.993160	29.888575331	72.705824	0.0	0.0
18.005370	29.977756628	72.693460	0.0	0.0
18.017580	29.936020898	72.679573	0.0	0.0
18.029790	29.959742072	72.668886	0.0	0.0
18.041990	30.013544518	72.659613	0.0	0.0
18.054200	30.012145486	72.642943	0.0	0.0
18.066410	30.012243693	72.625822	0.0	0.0
18.078610	30.033423840	72.620521	0.0	0.0
18.090820	29.941277157	72.605297	0.0	0.0
18.103030	29.957832766	72.593960	0.0	0.0
18.115230	29.916474847	72.583926	0.0	0.0
18.127440	29.943510545	72.568473	0.0	0.0
18.139650	29.964558981	72.556992	0.0	0.0
18.151860	29.991910651	72.543855	0.0	0.0
18.164060	30.102311042	72.531103	0.0	0.0
18.176270	30.122064047	72.518240	0.0	0.0
18.188480	30.013502309	72.503202	0.0	0.0
18.200680	30.148907793	72.492294	0.0	0.0
18.212890	30.134769351	72.482397	0.0	0.0
18.225100	30.110210150	72.471419	0.0	0.0
18.237310	30.102444192	72.455007	0.0	0.0
18.249510	30.149997000	72.444653	0.0	0.0
18.261720	30.222319901	72.433947	0.0	0.0
18.273930	30.193008380	72.418373	0.0	0.0
18.286130	30.297745667	72.405165	0.0	0.0
18.298340	30.237714651	72.392851	0.0	0.0
18.310550	30.181322963	72.381074	0.0	0.0
18.322750	30.285963095	72.372160	0.0	0.0
18.334960	30.299088825	72.357477	0.0	0.0
18.347170	30.343873451	72.345193	0.0	0.0
18.359380	30.320569957	72.332726	0.0	0.0
18.371580	30.321538444	72.319161	0.0	0.0
18.383790	30.294135250	72.309119	0.0	0.0
18.396000	30.344446950	72.299959	0.0	0.0
18.408200	30.281325937	72.283002	0.0	0.0
18.420410	30.294818198	72.272340	0.0	0.0
18.432620	30.471912779	72.258915	0.0	0.0
18.444820	30.395138669	72.249080	0.0	0.0
18.457030	30.321736609	72.237226	0.0	0.0
18.469240	30.372101928	72.222182	0.0	0.0
18.481450	30.424550121	72.214183	0.0	0.0
18.493650	30.419749365	72.201298	0.0	0.0
18.505860	30.369610779	72.183610	0.0	0.0
18.518070	30.408614528	72.174140	0.0	0.0
18.530270	30.437678291	72.160770	0.0	0.0
18.542480	30.412773908	72.146881	0.0	0.0
18.554690	30.500923049	72.135277	0.0	0.0
18.566900	30.510923810	72.121942	0.0	0.0
18.579100	30.424462014	72.110710	0.0	0.0
18.591310	30.510721181	72.099688	0.0	0.0
18.603520	30.549475699	72.083474	0.0	0.0
18.615720	30.588906862	72.071094	0.0	0.0
18.627930	30.592962683	72.060392	0.0	0.0
18.640140	30.709496843	72.049164	0.0	0.0
18.652340	30.553929979	72.038448	0.0	0.0
18.664550	30.599407863	72.024031	0.0	0.0
18.676760	30.604654744	72.010647	0.0	0.0
18.688970	30.583899094	71.996452	0.0	0.0
18.701170	30.676794682	71.983844	0.0	0.0
18.713380	30.601841266	71.974139	0.0	0.0
18.725590	30.667766953	71.957869	0.0	0.0
18.737790	30.649580768	71.946153	0.0	0.0
18.750000	30.672593160	71.938176	0.0	0.0
18.762210	30.753905673	71.922583	0.0	0.0
18.774410	30.675733364	71.910488	0.0	0.0
18.786620	30.652064476	71.896185	0.0	0.0
18.798830	30.663281020	71.884247	0.0	0.0
18.811040	30.703015882	71.871124	0.0	0.0
18.823240	30.741362046	71.861189	0.0	0.0
18.835450	30.771821494	71.849749	0.0	0.0
18.847660	30.817077673	71.834824	0.0	0.0
18.859860	30.720612222	71.823272	0.0	0.0
18.872070	30.757263755	71.809101	0.0	0.0
18.884280	30.894351992	71.797944	0.0	0.0
18.896480	30.755687111	71.784044	0.0	0.0
18.908690	30.885535751	71.776381	0.0	0.0
18.920900	30.694668107	71.762735	0.0	0.0
18.933110	30.879498751	71.748218	0.0	0.0
18.945310	30.764429152	71.735368	0.0	0.0
18.957520	30.916729571	71.725724	0.0	0.0
18.969730	30.825240245	71.708058	0.0	0.0
18.981930	30.782334894	71.701678	0.0	0.0
18.994140	30.863573672	71.682160	0.0	0.0
19.006350	30.777079053	71.671798	0.0	0.0
19.018560	30.808657491	71.664184	0.0	0.0
19.030760	30.868581149	71.646880	0.0	0.0
19.042970	30.872100297	71.633191	0.0	0.0
19.055180	30.825462832	71.622294	0.0	0.0
19.067380	31.006562259	71.606796	0.0	0.0
19.079590	30.780840222	71.595841	0.0	0.0
19.091800	30.849994860	71.583673	0.0	0.0
19.104000	30.785386542	71.573511	0.0	0.0
19.116210	30.846775779	71.557592	0.0	0.0
19.128420	30.905806356	71.547491	0.0	0.0
19.140630	30.778512025	71.535727	0.0	0.0
19.152830	30.835233930	71.520314	0.0	0.0
19.165040	30.756489109	71.510355	0.0	0.0
19.177250	30.874709305	71.495690	0.0	0.0
19.189450	30.834611759	71.490333	0.0	0.0
19.201660	30.890667825	71.473502	0.0	0.0
19.213870	30.814186532	71.462818	0.0	0.0
19.226070	30.746513370	71.447095	0.0	0.0
19.238280	30.785064885	71.434668	0.0	0.0
19.250490	30.770680745	71.422507	0.0	0.0
19.262700	30.902175800	71.411443	0.0	0.0
19.274900	30.632020018	71.397386	0.0	0.0
19.287110	30.756515077	71.389014	0.0	0.0
19.299320	30.729304209	71.377191	0.0	0.0
19.311520	30.749855679	71.360195	0.0	0.0
19.323730	30.734546891	71.346386	0.0	0.0
19.335940	30.681265031	71.335233	0.0	0.0
19.348150	30.601534975	71.322296	0.0	0.0
19.360350	30.675939268	71.311389	0.0	0.0
19.372560	30.694607288	71.296701	0.0	0.0
19.384770	30.655378777	71.288328	0.0	0.0
19.396970	30.575945910	71.269608	0.0	0.0
19.409180	30.606443056	71.260736	0.0	0.0
19.421390	30.561611640	71.249025	0.0	0.0
19.433590	30.562816925	71.231113	0.0	0.0
19.445800	30.546697763	71.224077	0.0	0.0
19.458010	30.506992582	71.207450	0.0	0.0
19.470220	30.389391878	71.200241	0.0	0.0
19.482420	30.469141672	71.186125	0.0	0.0
19.494630	30.440162393	71.167370	0.0	0.0
19.506840	30.495584347	71.165694	0.0	0.0
19.519040	30.402647549	71.148134	0.0	0.0
19.531250	30.454581400	71.133460	0.0	0.0
19.543460	30.274289860	71.122782	0.0	0.0
19.555660	30.218267034	71.105675	0.0	0.0
19.567870	30.237467573	71.092294	0.0	0.0
19.580080	30.288008484	71.082930	0.0	0.0
19.592290	30.194942998	71.067568	0.0	0.0
19.604490	30.225005355	71.056216	0.0	0.0
19.616700	30.099307414	71.045885	0.0	0.0
19.628910	30.205915354	71.034557	0.0	0.0
19.641110	30.129962694	71.024020	0.0	0.0
19.653320	30.109855302	71.012525	0.0	0.0
19.665530	29.951174843	70.998182	0.0	0.0
19.677730	30.040641111	70.986992	0.0	0.0
19.689940	29.924044585	70.971253	0.0	0.0
19.702150	29.826571708	70.957317	0.0	0.0
19.714360	29.707673710	70.944900	0.0	0.0
19.726560	29.770884425	70.934665	0.0	0.0
19.738770	29.746326482	70.918957	0.0	0.0
19.750980	29.648965673	70.910847	0.0	0.0
19.763180	29.626896690	70.896734	0.0	0.0
19.775390	29.564563482	70.882523	0.0	0.0
19.787600	29.552374126	70.868572	0.0	0.0
19.799810	29.491811340	70.857102	0.0	0.0
19.812010	29.380301198	70.843442	0.0	0.0
19.824220	29.333228532	70.828609	0.0	0.0
19.836430	29.241382013	70.819957	0.0	0.0
19.848630	29.272901945	70.808290	0.0	0.0
19.860840	29.273442219	70.794695	0.0	0.0
19.873050	29.185234655	70.780437	0.0	0.0
19.885250	29.114731807	70.773835	0.0	0.0
19.897460	29.083030291	70.762345	0.0	0.0
19.909670	28.957158583	70.745999	0.0	0.0
19.921880	28.806776158	70.732530	0.0	0.0
19.934080	28.869460272	70.720129	0.0	0.0
19.946290	28.652387088	70.706154	0.0	0.0
19.958500	28.652371921	70.699732	0.0	0.0
19.970700	28.542167941	70.684672	0.0	0.0
19.982910	28.552315867	70.669073	0.0	0.0
19.995120	28.495674357	70.655008	0.0	0.0
20.007320	28.417755204	70.643129	0.0	0.0
20.019530	28.165279457	70.627805	0.0	0.0
20.031740	28.237351274	70.619928	0.0	0.0
20.043950	28.160226613	70.605137	0.0	0.0
20.056150	27.993609390	70.595220	0.0	0.0
20.068360	28.045629994	70.580459	0.0	0.0
20.080570	27.909201109	70.561016	0.0	0.0
20.092770	27.761082538	70.553363	0.0	0.0
20.104980	27.666643027	70.544502	0.0	0.0
20.117190	27.634813671	70.526662	0.0	0.0
20.129400	27.667223712	70.516293	0.0	0.0
20.141600	27.468485091	70.505543	0.0	0.0
20.153810	27.355518285	70.497619	0.0	0.0
20.166020	27.302956019	70.480289	0.0	0.0
20.178220	27.121008624	70.468025	0.0	0.0
20.190430	27.018635262	70.452632	0.0	0.0
20.202640	26.861026430	70.441773	0.0	0.0
20.214840	26.834439814	70.429526	0.0	0.0
20.227050	26.766504617	70.416980	0.0	0.0
20.239260	26.712868383	70.403845	0.0	0.0
20.251470	26.671240032	70.391464	0.0	0.0
20.263670	26.513256752	70.378554	0.0	0.0
20.275880	26.230180254	70.365598	0.0	0.0
20.288090	26.311374846	70.357092	0.0	0.0
20.300290	26.161881481	70.343915	0.0	0.0
20.312500	26.061613923	70.330112	0.0	0.0
20.324710	25.898992973	70.316206	0.0	0.0
20.336910	25.643340039	70.303784	0.0	0.0
20.349120	25.682733098	70.288190	0.0	0.0
20.361330	25.585089931	70.274267	0.0	0.0
20.373540	25.500883055	70.265658	0.0	0.0
20.385740	25.282877816	70.251648	0.0	0.0
20.397950	25.178926586	70.241282	0.0	0.0
20.410160	25.029096282	70.227770	0.0	0.0
20.422360	24.960114024	70.215672	0.0	0.0
20.434570	24.792482544	70.203168	0.0	0.0
20.446780	24.668455361	70.190667	0.0	0.0
20.458980	24.576188433	70.177814	0.0	0.0
20.471190	24.521909114	70.162578	0.0	0.0
20.483400	24.276349544	70.151578	0.0	0.0
20.495610	24.191042807	70.140102	0.0	0.0
20.507810	24.022272061	70.120960	0.0	0.0
20.520020	23.937010114	70.108649	0.0	0.0
20.532230	23.916252573	70.097933	0.0	0.0
20.544430	23.804796626	70.083503	0.0	0.0
20.556640	23.576080619	70.076333	0.0	0.0
20.568850	23.485069639	70.058400	0.0	0.0
20.581060	23.287923321	70.047575	0.0	0.0
20.593260	23.257279268	70.036614	0.0	0.0
20.605470	23.065857495	70.021928	0.0	0.0
20.617680	22.816104361	70.012900	0.0	0.0
20.629880	22.770726447	70.000139	0.0	0.0
20.642090	22.516711835	69.988509	0.0	0.0
20.654300	22.444350045	69.973343	0.0	0.0
20.666500	22.399493344	69.961914	0.0	0.0
20.678710	22.290176089	69.948472	0.0	0.0
20.690920	22.074245665	69.936319	0.0	0.0
20.703130	21.893649824	69.920465	0.0	0.0
20.715330	21.680402714	69.909770	0.0	0.0
20.727540	21.610963326	69.897115	0.0	0.0
20.739750	21.440601993	69.884131	0.0	0.0
20.751950	21.238304772	69.869190	0.0	0.0
20.764160	21.056799250	69.858993	0.0	0.0
20.776370	20.981412974	69.843295	0.0	0.0
20.788570	20.811020726	69.831276	0.0	0.0
20.800780	20.715616341	69.819735	0.0	0.0
20.812990	20.567010428	69.807457	0.0	0.0
20.825200	20.431809641	69.797709	0.0	0.0
20.837400	20.155886793	69.779464	0.0	0.0
20.849610	20.050522715	69.771937	0.0	0.0
20.861820	19.943459121	69.756401	0.0	0.0
20.874020	19.830035672	69.744417	0.0	0.0
20.886230	19.672017892	69.732516	0.0	0.0
20.898440	19.550318794	69.718251	0.0	0.0
20.910650	19.301428174	69.703188	0.0	0.0
20.922850	19.115596847	69.691001	0.0	0.0
20.935060	18.980005044	69.681852	0.0	0.0
20.947270	18.821315532	69.669513	0.0	0.0
20.959470	18.684295558	69.656005	0.0	0.0
20.971680	18.526167152	69.644695	0.0	0.0
20.983890	18.433698591	69.627771	0.0	0.0
20.996090	18.260117601	69.618386	0.0	0.0
21.008300	18.031099683	69.603346	0.0	0.0
21.020510	17.975525986	69.588367	0.0	0.0
21.032720	17.695782676	69.579312	0.0	0.0
21.044920	17.597510108	69.566700	0.0	0.0
21.057130	17.417712864	69.553314	0.0	0.0
21.069340	17.231988584	69.544281	0.0	0.0
21.081540	17.160925648	69.526150	0.0	0.0
21.093750	17.007857043	69.516758	0.0	0.0
21.105960	16.762908176	69.504581	0.0	0.0
21.118160	16.631642213	69.488834	0.0	0.0
21.130370	16.490421139	69.481387	0.0	0.0
21.142580	16.347931218	69.465438	0.0	0.0
21.154790	16.193762802	69.449379	0.0	0.0
21.166990	15.994772442	69.436367	0.0	0.0
21.179200	15.840513151	69.427144	0.0	0.0
21.191410	15.669557320	69.415952	0.0	0.0
21.203610	15.511740074	69.402980	0.0	0.0
21.215820	15.369191834	69.387436	0.0	0.0
21.228030	15.224670218	69.368409	0.0	0.0
21.240230	15.049310269	69.362614	0.0	0.0
21.252440	14.814277613	69.347203	0.0	0.0
21.264650	14.772779113	69.334813	0.0	0.0
21.276860	14.545267460	69.326879	0.0	0.0
21.289060	14.425492993	69.307702	0.0	0.0
21.301270	14.249300329	69.298099	0.0	0.0
21.313480	14.160214522	69.285880	0.0	0.0
21.325680	13.980422507	69.274183	0.0	0.0
21.337890	13.826232514	69.259612	0.0	0.0
21.350100	13.607901895	69.246332	0.0	0.0
21.362310	13.516898926	69.232179	0.0	0.0
21.374510	13.249501920	69.223964	0.0	0.0
21.386720	13.122003786	69.208816	0.0	0.0
21.398930	13.029689316	69.193398	0.0	0.0
21.411130	12.834728482	69.180253	0.0	0.0
21.423340	12.686443188	69.169910	0.0	0.0
21.435550	12.577507318	69.157121	0.0	0.0
21.447750	12.378393972	69.142338	0.0	0.0
21.459960	12.248308511	69.132475	0.0	0.0
21.472170	12.100112615	69.113691	0.0	0.0
21.484380	11.910353370	69.102807	0.0	0.0
21.496580	11.803516551	69.093244	0.0	0.0
21.508790	11.674740976	69.078812	0.0	0.0
21.521000	11.538825287	69.070819	0.0	0.0
21.533200	11.360044779	69.056408	0.0	0.0
21.545410	11.257581088	69.044799	0.0	0.0
21.557620	11.101455996	69.027598	0.0	0.0
21.569820	10.950668951	69.019437	0.0	0.0
21.582030	10.806542671	69.002825	0.0	0.0
21.594240	10.616524733	68.987887	0.0	0.0
21.606450	10.477614746	68.978951	0.0	0.0
21.618650	10.331585503	68.966570	0.0	0.0
21.630860	10.203654304	68.952837	0.0	0.0
21.643070	10.056642169	68.937023	0.0	0.0
21.655270	9.897949080	68.927488	0.0	0.0
21.667480	9.803862059	68.909791	0.0	0.0
21.679690	9.639043258	68.898306	0.0	0.0
21.691900	9.513744316	68.884063	0.0	0.0
21.704100	9.378393869	68.874735	0.0	0.0
21.716310	9.223107342	68.858447	0.0	0.0
21.728520	9.140326094	68.850042	0.0	0.0
21.740720	8.948891177	68.836081	0.0	0.0
21.752930	8.851161582	68.823151	0.0	0.0
21.765140	8.675593110	68.807787	0.0	0.0
21.777340	8.613344902	68.795780	0.0	0.0
21.789550	8.460202322	68.781791	0.0	0.0
21.801760	8.300518335	68.769619	0.0	0.0
21.813970	8.196499476	68.758196	0.0	0.0
21.826170	8.079231001	68.743151	0.0	0.0
21.838380	7.947617370	68.734137	0.0	0.0
21.850590	7.832486485	68.713881	0.0	0.0
21.862790	7.701822171	68.706418	0.0	0.0
21.875000	7.580510291	68.696079	0.0	0.0
21.887210	7.442748199	68.680186	0.0	0.0
21.899410	7.336529956	68.668261	0.0	0.0
21.911620	7.242148366	68.656721	0.0	0.0
21.923830	7.096718546	68.645830	0.0	0.0
21.936040	6.981091790	68.624165	0.0	0.0
21.948240	6.852538245	68.618148	0.0	0.0
21.960450	6.745850306	68.603754	0.0	0.0
21.972660	6.646716162	68.594354	0.0	0.0
21.984860	6.553790543	68.577384	0.0	0.0
21.997070	6.416423679	68.563523	0.0	0.0
22.009280	6.278692454	68.550626	0.0	0.0
22.021480	6.225068534	68.537738	0.0	0.0
22.033690	6.097835198	68.524838	0.0	0.0
22.045900	5.978173958	68.511937	0.0	0.0
22.058110	5.869900108	68.499033	0.0	0.0
22.070310	5.770027307	68.486138	0.0	0.0
22.082520	5.686079431	68.473230	0.0	0.0
22.094730	5.586879882	68.460321	0.0	0.0
22.106930	5.471816517	68.447421	0.0	0.0
22.119140	5.366687397	68.434508	0.0	0.0
22.131350	5.257520124	68.421593	0.0	0.0
22.143560	5.164109686	68.408677	0.0	0.0
22.155760	5.064932744	68.395769	0.0	0.0
22.167970	4.952911728	68.382849	0.0	0.0
22.180180	4.889832392	68.369927	0.0	0.0
22.192380	4.787735632	68.357013	0.0	0.0
22.204590	4.698688677	68.344088	0.0	0.0
22.216800	4.621708875	68.331160	0.0	0.0
22.229000	4.529243481	68.318241	0.0	0.0
22.241210	4.427625023	68.305310	0.0	0.0
22.253420	4.357776136	68.292377	0.0	0.0
22.265630	4.255987800	68.279442	0.0	0.0
22.277830	4.158795305	68.266516	0.0	0.0
22.290040	4.086643926	68.253577	0.0	0.0
22.302250	3.998539903	68.240637	0.0	0.0
22.314450	3.925421058	68.227705	0.0	0.0
22.326660	3.847748580	68.214761	0.0	0.0
22.338870	3.781320740	68.201815	0.0	0.0
22.351070	3.679709436	68.188877	0.0	0.0
22.363280	3.602969745	68.175928	0.0	0.0
22.375490	3.542694114	68.162976	0.0	0.0
22.387700	3.466103757	68.150023	0.0	0.0
22.399900	3.380303015	68.137078	0.0	0.0
22.412110	3.321733890	68.124120	0.0	0.0
22.424320	3.249686424	68.111161	0.0	0.0
22.436520	3.179630928	68.098211	0.0	0.0
22.448730	3.099803070	68.085248	0.0	0.0
22.460940	3.040022701	68.072283	0.0	0.0
22.473150	2.972836459	68.059317	0.0	0.0
22.485350	2.914334356	68.046359	0.0	0.0
22.497560	2.855461749	68.033388	0.0	0.0
22.509770	2.776551043	68.020416	0.0	0.0
22.521970	2.706445205	68.007452	0.0	0.0
22.534180	2.648608897	67.994476	0.0	0.0
22.546390	2.598911059	67.981498	0.0	0.0
22.558590	2.530079126	67.968529	0.0	0.0
22.570800	2.473790696	67.955547	0.0	0.0
22.583010	2.413880279	67.942564	0.0	0.0
22.595220	2.354137609	67.929578	0.0	0.0
22.607420	2.294354963	67.916601	0.0	0.0
22.619630	2.243675799	67.903612	0.0	0.0
22.631840	2.188756209	67.890621	0.0	0.0
22.644040	2.140427009	67.877638	0.0	0.0
22.656250	2.089519730	67.864643	0.0	0.0
22.668460	2.050071636	67.851646	0.0	0.0
22.680660	1.984635300	67.838658	0.0	0.0
22.692870	1.935390332	67.825657	0.0	0.0
22.705080	1.886502061	67.812655	0.0	0.0
22.717290	1.848871858	67.799650	0.0	0.0
22.729490	1.788181658	67.786654	0.0	0.0
22.741700	1.740493888	67.773646	0.0	0.0
22.753910	1.694446253	67.760635	0.0	0.0
22.766110	1.653220741	67.747634	0.0	0.0
22.778320	1.620659843	67.734619	0.0	0.0
22.790530	1.574693062	67.721603	0.0	0.0
22.802730	1.530134566	67.708596	0.0	0.0
22.814940	1.496746835	67.695576	0.0	0.0
22.827150	1.453868295	67.682554	0.0	0.0
22.839360	1.408175148	67.669530	0.0	0.0
22.851560	1.374116303	67.656515	0.0	0.0
22.863770	1.333657515	67.643487	0.0	0.0
22.875980	1.295520129	67.630457	0.0	0.0
22.888180	1.263597233	67.617436	0.0	0.0
22.900390	1.224688976	67.604403	0.0	0.0
22.912600	1.191600643	67.591367	0.0	0.0
22.924810	1.163105801	67.578330	0.0	0.0
22.937010	1.128500436	67.565301	0.0	0.0
22.949220	1.094130211	67.552260	0.0	0.0
22.961430	1.059260894	67.539216	0.0	0.0
22.973630	1.035569544	67.526182	0.0	0.0
22.985840	1.000386016	67.513135	0.0	0.0
22.998050	0.975558957	67.500085	0.0	0.0
23.010250	0.941494829	67.487045	0.0	0.0
23.022460	0.914231093	67.473992	0.0	0.0
23.034670	0.887201966	67.460937	0.0	0.0
23.046880	0.864082094	67.447880	0.0	0.0
23.059080	0.837832193	67.434831	0.0	0.0
23.071290	0.811465802	67.421770	0.0	0.0
23.083500	0.788748308	67.408708	0.0	0.0
23.095700	0.766962731	67.395653	0.0	0.0
23.107910	0.740794172	67.382586	0.0	0.0
23.120120	0.717857757	67.369518	0.0	0.0
23.132320	0.696210349	67.356457	0.0	0.0
23.144530	0.671465425	67.343385	0.0	0.0
23.156740	0.647273394	67.330310	0.0	0.0
23.168950	0.626993660	67.317233	0.0	0.0
23.181150	0.609021842	67.304165	0.0	0.0
23.193360	0.589170583	67.291084	0.0	0.0
23.205570	0.571022593	67.278001	0.0	0.0
23.217770	0.553617012	67.264927	0.0	0.0
23.229980	0.534596324	67.251841	0.0	0.0
23.242190	0.514189708	67.238752	0.0	0.0
23.254400	0.500449209	67.225661	0.0	0.0
23.266600	0.482060973	67.212579	0.0	0.0
23.278810	0.466139094	67.199484	0.0	0.0
23.291020	0.449854980	67.186388	0.0	0.0
23.303220	0.432608623	67.173299	0.0	0.0
23.315430	0.418977762	67.160199	0.0	0.0
23.327640	0.404766598	67.147096	0.0	0.0
23.339840	0.391857846	67.134002	0.0	0.0
23.352050	0.377540472	67.120895	0.0	0.0
23.364260	0.364816863	67.107786	0.0	0.0
23.376470	0.351274590	67.094676	0.0	0.0
23.388670	0.336435468	67.081573	0.0	0.0
23.400880	0.325312232	67.068459	0.0	0.0
23.413090	0.313565609	67.055342	0.0	0.0
23.425290	0.303072576	67.042233	0.0	0.0
23.437500	0.291710409	67.029113	0.0	0.0
23.449710	0.279695309	67.015990	0.0	0.0
23.461910	0.271283034	67.002875	0.0	0.0
23.474120	0.260232899	66.989748	0.0	0.0
23.486330	0.251023662	66.976619	0.0	0.0
23.498540	0.241499389	66.963488	0.0	0.0
23.510740	0.231721390	66.950366	0.0	0.0
23.522950	0.223647859	66.937231	0.0	0.0
23.535160	0.215482955	66.924093	0.0	0.0
23.547360	0.206979168	66.910965	0.0	0.0
23.559570	0.198846102	66.897824	0.0	0.0
23.571780	0.191817992	66.884680	0.0	0.0
23.583980	0.184099386	66.871546	0.0	0.0
23.596190	0.176535687	66.858398	0.0	0.0
23.608400	0.169761034	66.845249	0.0	0.0
23.620610	0.163318528	66.832097	0.0	0.0
23.632810	0.157828199	66.818954	0.0	0.0
23.645020	0.150435011	66.805799	0.0	0.0
23.657230	0.144836347	66.792641	0.0	0.0
23.669430	0.138602640	66.779492	0.0	0.0
23.681640	0.133406949	66.766330	0.0	0.0
23.693850	0.127731907	66.753166	0.0	0.0
23.706060	0.122880264	66.740000	0.0	0.0
23.718260	0.118175117	66.726843	0.0	0.0
23.730470	0.112867325	66.713673	0.0	0.0
23.742680	0.108616738	66.700501	0.0	0.0
23.754880	0.103845677	66.687337	0.0	0.0
23.767090	0.099551953	66.674161	0.0	0.0
23.779300	0.095777764	66.660982	0.0	0.0
23.791500	0.091901490	66.647813	0.0	0.0
23.803710	0.088061843	66.634630	0.0	0.0
23.815920	0.084795746	66.621445	0.0	0.0
23.828130	0.080749173	66.608259	0.0	0.0
23.840330	0.077588531	66.595081	0.0	0.0
23.852540	0.074117163	66.581890	0.0	0.0
23.864750	0.071242421	66.568697	0.0	0.0
23.876950	0.068005604	66.555512	0.0	0.0
23.889160	0.064913217	66.542315	0.0	0.0
23.901370	0.062521332	66.529116	0.0	0.0
23.913570	0.059998152	66.515925	0.0	0.0
23.925780	0.057311112	66.502721	0.0	0.0
23.937990	0.054866524	66.489516	0.0	0.0
23.950200	0.052547274	66.476308	0.0	0.0
23.962400	0.050247066	66.463109	0.0	0.0
23.974610	0.048001308	66.449897	0.0	0.0
23.986820	0.046119470	66.436683	0.0	0.0
23.999020	0.044089659	66.423478	0.0	0.0
24.011230	0.042034011	66.410259	0.0	0.0
24.023440	0.040234656	66.397039	0.0	0.0
24.035650	0.038417419	66.383816	0.0	0.0
24.047850	0.036716035	66.370602	0.0	0.0
24.060060	0.035150941	66.357376	0.0	0.0
24.072270	0.033479242	66.344147	0.0	0.0
24.084470	0.032082261	66.330926	0.0	0.0
24.096680	0.030588975	66.317693	0.0	0.0
24.108890	0.029173246	66.304458	0.0	0.0
24.121090	0.028096376	66.291231	0.0	0.0
24.133300	0.026695961	66.277992	0.0	0.0
24.145510	0.025441846	66.264750	0.0	0.0
24.157720	0.024277984	66.251506	0.0	0.0
24.169920	0.023148660	66.238271	0.0	0.0
24.182130	0.022142756	66.225023	0.0	0.0
24.194340	0.020997420	66.211772	0.0	0.0
24.206540	0.020076522	66.198531	0.0	0.0
24.218750	0.019147807	66.185276	0.0	0.0
24.230960	0.018209562	66.172019	0.0	0.0
24.243160	0.017295782	66.158771	0.0	0.0
24.255370	0.016469902	66.145510	0.0	0.0
24.267580	0.015684667	66.132247	0.0	0.0
24.279790	0.014945585	66.118982	0.0	0.0
24.291990	0.014237799	66.105725	0.0	0.0
24.304200	0.013527760	66.092455	0.0	0.0
24.316410	0.012918120	66.079183	0.0	0.0
24.328610	0.012244646	66.065920	0.0	0.0
24.340820	0.011644466	66.052644	0.0	0.0
24.353030	0.011074768	66.039365	0.0	0.0
24.365230	0.010572463	66.026096	0.0	0.0
24.377440	0.010048126	66.012813	0.0	0.0
24.389650	0.009565970	65.999528	0.0	0.0
24.401860	0.009124557	65.986241	0.0	0.0
24.414060	0.008680702	65.972962	0.0	0.0
24.426270	0.008306459	65.959671	0.0	0.0
24.438480	0.007923122	65.946377	0.0	0.0
24.450680	0.007554222	65.933092	0.0	0.0
24.462890	0.007258598	65.919794	0.0	0.0
24.475100	0.006955733	65.906494	0.0	0.0
24.487310	0.006703348	65.893191	0.0	0.0
24.499510	0.006458887	65.879898	0.0	0.0
24.511720	0.006244839	65.866591	0.0	0.0
24.523930	0.006092082	65.853282	0.0	0.0
24.536130	0.005903291	65.839981	0.0	0.0
24.548340	0.005694911	65.826668	0.0	0.0
24.560550	0.005564699	65.813352	0.0	0.0
24.572750	0.005489070	65.800045	0.0	0.0
24.584960	0.005387284	65.786725	0.0	0.0
24.597170	0.005316934	65.773403	0.0	0.0
24.609380	0.005253058	65.760078	0.0	0.0
24.621580	0.005199143	65.746762	0.0	0.0
24.633790	0.005181017	65.733433	0.0	0.0
24.646000	0.005146799	65.720102	0.0	0.0
24.658200	0.005122353	65.706780	0.0	0.0
24.670410	0.005103375	65.693444	0.0	0.0
24.682620	0.005090031	65.680106	0.0	0.0
24.694820	0.005104116	65.666777	0.0	0.0
24.707030	0.005119850	65.653435	0.0	0.0
24.719240	0.005138743	65.640090	0.0	0.0
24.731450	0.005170654	65.626743	0.0	0.0
24.743650	0.005184761	65.613405	0.0	0.0
24.755860	0.005188271	65.600054	0.0	0.0
24.768070	0.005197177	65.586701	0.0	0.0
24.780270	0.005221726	65.573356	0.0	0.0
24.792480	0.005264016	65.559998	0.0	0.0
24.804690	0.005261630	65.546637	0.0	0.0
24.816900	0.005302856	65.533275	0.0	0.0
24.829100	0.005300002	65.519921	0.0	0.0
24.841310	0.005322429	65.506554	0.0	0.0
24.853520	0.005347388	65.493185	0.0	0.0
24.865720	0.005377181	65.479824	0.0	0.0
24.877930	0.005369474	65.466450	0.0	0.0
24.890140	0.005412835	65.453074	0.0	0.0
24.902340	0.005407127	65.439707	0.0	0.0
24.914550	0.005436976	65.426326	0.0	0.0
24.926760	0.005467927	65.412943	0.0	0.0
24.938970	0.005472880	65.399558	0.0	0.0
24.951170	0.005450638	65.386182	0.0	0.0
24.963380	0.005479752	65.372792	0.0	0.0
24.975590	0.005493665	65.359400	0.0	0.0
24.987790	0.005488865	65.346017	0.0	0.0
25.000000	0.005517182	65.332620	0.0	0.0

