# UNCLASSIFIED
#
# Response info for Mawson broadband site BHE,BHN,BHZ.
#
# Effective: 19 Feb 2003
# File name: maw_bb_40sps.txt
# Inid:  
# Source:  James Neely (CTI)
# System equipment:  Streckeisen STS-2 and Nanometrics HRD24 Digitizer.
#
# This theoretical response file was derived from equations of state.
# 
# Displacement response relative to 1.0 at 1.0 Hz. The theoretical calib value
# for this configuration is 0.031729 nm/count at 1.0 Hz.
#
# Freq(Hz)     Amp(counts/nm)   Phase(deg)  Error(amp)  Error(phase)
#
 theoretical  0       system    fap   J.Neely
218
0.001000	0.000000365	268.45127	0.0	0.0
0.002000	0.000002924	273.26547	0.0	0.0
0.003000	0.000009867	271.70682	0.0	0.0
0.004000	0.000023403	270.14479	0.0	0.0
0.005000	0.000045680	268.57830	0.0	0.0
0.006000	0.000078931	267.00626	0.0	0.0
0.007000	0.000125330	265.42761	0.0	0.0
0.008000	0.000187060	263.84134	0.0	0.0
0.009000	0.000266298	262.24646	0.0	0.0
0.010000	0.000365208	260.64202	0.0	0.0
0.020000	0.002892880	243.91140	0.0	0.0
0.030000	0.009373623	225.80250	0.0	0.0
0.040000	0.020193274	207.14392	0.0	0.0
0.050000	0.033733529	189.72846	0.0	0.0
0.060000	0.047784102	174.99469	0.0	0.0
0.070000	0.061141593	163.26070	0.0	0.0
0.080000	0.073592548	154.10823	0.0	0.0
0.090000	0.085307351	146.94376	0.0	0.0
0.100000	0.096502100	141.25364	0.0	0.0
0.200000	0.199626585	116.69564	0.0	0.0
0.300000	0.299981381	108.60683	0.0	0.0
0.400000	0.400075559	104.27318	0.0	0.0
0.500000	0.500106487	101.38442	0.0	0.0
0.600000	0.600110766	99.19774	0.0	0.0
0.700000	0.700098856	97.39985	0.0	0.0
0.800000	0.800075045	95.83526	0.0	0.0
0.900000	0.900041564	94.41783	0.0	0.0
1.000000	1.000000000	93.09582	0.0	0.0
1.100000	1.100120233	91.83617	0.0	0.0
1.200000	1.200265145	90.61671	0.0	0.0
1.300000	1.300435655	89.42192	0.0	0.0
1.400000	1.400632795	88.24060	0.0	0.0
1.500000	1.500857092	87.06443	0.0	0.0
1.600000	1.601109515	85.88704	0.0	0.0
1.700000	1.701390863	84.70351	0.0	0.0
1.800000	1.801702129	83.50994	0.0	0.0
1.900000	1.902043682	82.30323	0.0	0.0
2.000000	2.002416476	81.08088	0.0	0.0
2.100000	2.102603866	79.84086	0.0	0.0
2.200000	2.202803233	78.58158	0.0	0.0
2.300000	2.303015025	77.30176	0.0	0.0
2.400000	2.403240461	76.00041	0.0	0.0
2.500000	2.503479973	74.67683	0.0	0.0
2.600000	2.603733933	73.33055	0.0	0.0
2.700000	2.704003588	71.96132	0.0	0.0
2.800000	2.804289291	70.56912	0.0	0.0
2.900000	2.904591339	69.15415	0.0	0.0
3.000000	3.005962536	67.71678	0.0	0.0
3.100000	3.105332208	66.25762	0.0	0.0
3.200000	3.205776929	64.77746	0.0	0.0
3.300000	3.306246457	63.27727	0.0	0.0
3.400000	3.406740987	61.75823	0.0	0.0
3.500000	3.507260652	60.22168	0.0	0.0
3.600000	3.607806769	58.66914	0.0	0.0
3.700000	3.708379021	57.10229	0.0	0.0
3.800000	3.808978739	55.52296	0.0	0.0
3.900000	3.909605976	53.93311	0.0	0.0
4.000000	4.010260726	52.33481	0.0	0.0
4.100000	4.111233527	50.73024	0.0	0.0
4.200000	4.212249349	49.12165	0.0	0.0
4.300000	4.313308604	47.51135	0.0	0.0
4.400000	4.414411685	45.90167	0.0	0.0
4.500000	4.515558969	44.29496	0.0	0.0
4.600000	4.616750659	42.69357	0.0	0.0
4.700000	4.717987358	41.09979	0.0	0.0
4.800000	4.819269292	39.51586	0.0	0.0
4.900000	4.920596543	37.94397	0.0	0.0
5.000000	5.021969913	36.38617	0.0	0.0
5.100000	5.122621473	34.84445	0.0	0.0
5.200000	5.223289175	33.32062	0.0	0.0
5.300000	5.323973049	31.81641	0.0	0.0
5.400000	5.424673433	30.33336	0.0	0.0
5.500000	5.525390776	28.87290	0.0	0.0
5.600000	5.626124909	27.43628	0.0	0.0
5.700000	5.726875466	26.02459	0.0	0.0
5.800000	5.827643911	24.63880	0.0	0.0
5.900000	5.928429733	23.27971	0.0	0.0
6.000000	6.029233057	21.94796	0.0	0.0
6.100000	6.131071062	20.64407	0.0	0.0
6.200000	6.232959691	19.36843	0.0	0.0
6.300000	6.334900466	18.12129	0.0	0.0
6.400000	6.436777903	16.90280	0.0	0.0
6.500000	6.538935465	15.71299	0.0	0.0
6.600000	6.641030624	14.55181	0.0	0.0
6.700000	6.743177477	13.41911	0.0	0.0
6.800000	6.845376138	12.31465	0.0	0.0
6.900000	6.947626072	11.23815	0.0	0.0
7.000000	7.049928567	10.18923	0.0	0.0
7.100000	7.151326889	9.16750		0.0	0.0
7.200000	7.252748891	8.17250		0.0	0.0
7.300000	7.354196195	7.20372		0.0	0.0
7.400000	7.455667928	6.26065		0.0	0.0
7.500000	7.557164031	5.34272		0.0	0.0
7.600000	7.658684259	4.44936		0.0	0.0
7.700000	7.760228796	3.57999		0.0	0.0
7.800000	7.861797376	2.73400		0.0	0.0
7.900000	7.963390083	1.91079		0.0	0.0
8.000000	8.065006629	1.10974		0.0	0.0
8.100000	8.167017636	0.33025		0.0	0.0
8.200000	8.269061584	-0.42831	0.0	0.0
8.300000	8.371138251	-1.16653	0.0	0.0
8.400000	8.473247698	-1.88501	0.0	0.0
8.500000	8.575389690	-2.58434	0.0	0.0
8.600000	8.677564080	-3.26510	0.0	0.0
8.700000	8.779770616	-3.92787	0.0	0.0
8.800000	8.882009341	-4.57320	0.0	0.0
8.900000	8.984279989	-5.20164	0.0	0.0
9.000000	9.086582391	-5.81372	0.0	0.0
9.100000	9.189518557	-6.40996	0.0	0.0
9.200000	9.292499471	-6.99086	0.0	0.0
9.300000	9.395525171	-7.55692	0.0	0.0
9.400000	9.498595695	-8.10861	0.0	0.0
9.500000	9.601709986	-8.64640	0.0	0.0
9.600000	9.704868393	-9.17073	0.0	0.0
9.700000	9.808070724	-9.68203	0.0	0.0
9.800000	9.911316782	-10.18074	0.0	0.0
9.900000	10.014607520	-10.66724	0.0	0.0
10.000000	10.117940441	-11.14195	0.0	0.0
10.100000	10.219764435	-11.60523	0.0	0.0
10.200000	10.321601359	-12.05745	0.0	0.0
10.300000	10.423448625	-12.49897	0.0	0.0
10.400000	10.525308397	-12.93013	0.0	0.0
10.500000	10.627178649	-13.35125	0.0	0.0
10.600000	10.729059876	-13.76267	0.0	0.0
10.700000	10.830951604	-14.16468	0.0	0.0
10.800000	10.932853599	-14.55758	0.0	0.0
10.900000	11.034766516	-14.94166	0.0	0.0
11.000000	11.136688093	-15.31718	0.0	0.0
11.100000	11.240267898	-15.68443	0.0	0.0
11.200000	11.343886001	-16.04365	0.0	0.0
11.300000	11.447543462	-16.39509	0.0	0.0
11.400000	11.551240857	-16.73899	0.0	0.0
11.500000	11.654976778	-17.07557	0.0	0.0
11.600000	11.758751531	-17.40507	0.0	0.0
11.700000	11.862564627	-17.72769	0.0	0.0
11.800000	11.966416116	-18.04363	0.0	0.0
11.900000	12.070305085	-18.35311	0.0	0.0
12.000000	12.174233261	-18.65630	0.0	0.0
12.100000	12.277318420	-18.95340	0.0	0.0
12.200000	12.380426114	-19.24458	0.0	0.0
12.300000	12.483557559	-19.53001	0.0	0.0
12.400000	12.586709667	-19.80986	0.0	0.0
12.500000	12.689883643	-20.08429	0.0	0.0
12.600000	12.793079266	-20.35345	0.0	0.0
12.700000	12.896297802	-20.61750	0.0	0.0
12.800000	12.999536077	-20.87657	0.0	0.0
12.900000	13.102795347	-21.13081	0.0	0.0
13.000000	13.206076918	-21.38035	0.0	0.0
13.100000	13.308710710	-21.62531	0.0	0.0
13.200000	13.411355159	-21.86584	0.0	0.0
13.300000	13.514009601	-22.10203	0.0	0.0
13.400000	13.616673518	-22.33402	0.0	0.0
13.500000	13.718995107	-22.56192	0.0	0.0
13.600000	13.822029572	-22.78583	0.0	0.0
13.700000	13.924720825	-23.00586	0.0	0.0
13.800000	14.027420888	-23.22211	0.0	0.0
13.900000	14.130131191	-23.43468	0.0	0.0
14.000000	14.232848296	-23.64366	0.0	0.0
14.100000	14.337235718	-23.84916	0.0	0.0
14.200000	14.441656853	-24.05125	0.0	0.0
14.300000	14.546309169	-24.25003	0.0	0.0
14.400000	14.650591247	-24.44558	0.0	0.0
14.500000	14.755107499	-24.63797	0.0	0.0
14.600000	14.859653403	-24.82730	0.0	0.0
14.700000	14.964931677	-25.01362	0.0	0.0
14.800000	15.068839581	-25.19703	0.0	0.0
14.900000	15.173479183	-25.37758	0.0	0.0
15.000000	15.278149284	-25.55535	0.0	0.0
15.100000	15.381022848	-25.73040	0.0	0.0
15.200000	15.483902103	-25.90281	0.0	0.0
15.300000	15.586786886	-26.07262	0.0	0.0
15.400000	15.689677578	-26.23992	0.0	0.0
15.500000	15.792571851	-26.40474	0.0	0.0
15.600000	15.895472994	-26.56715	0.0	0.0
15.700000	15.998379047	-26.72721	0.0	0.0
15.800000	16.101288007	-26.88497	0.0	0.0
15.900000	16.204203421	-27.04049	0.0	0.0
16.000000	16.307121426	-27.19380	0.0	0.0
16.100000	16.122221682	-27.34497	0.0	0.0
16.200000	15.935595494	-27.49404	0.0	0.0
16.300000	15.754148612	-27.64106	0.0	0.0
16.400000	15.572380745	-27.78608	0.0	0.0
16.500000	15.392130036	-27.92913	0.0	0.0
16.600000	15.213399287	-28.07026	0.0	0.0
16.700000	15.036190740	-28.20951	0.0	0.0
16.800000	14.860506089	-28.34692	0.0	0.0
16.900000	14.686346506	-28.48253	0.0	0.0
17.000000	14.513712653	-28.61639	0.0	0.0
17.100000	13.232077289	-28.74852	0.0	0.0
17.200000	12.061809692	-28.87896	0.0	0.0
17.300000	10.994665548	-29.00776	0.0	0.0
17.400000	10.021595093	-29.13493	0.0	0.0
17.500000	9.134339012	-29.26052	0.0	0.0
17.600000	8.325359769	-29.38456	0.0	0.0
17.700000	7.588652495	-29.50707	0.0	0.0
17.800000	6.916115736	-29.62810	0.0	0.0
17.900000	6.302979954	-29.74767	0.0	0.0
18.000000	5.744018641	-29.86581	0.0	0.0
18.100000	4.470150529	-29.98254	0.0	0.0
18.200000	3.478684136	-30.09790	0.0	0.0
18.300000	2.707350806	-30.21192	0.0	0.0
18.400000	2.106739810	-30.32461	0.0	0.0
18.500000	1.639321916	-30.43600	0.0	0.0
18.600000	1.275571189	-30.54613	0.0	0.0
18.700000	0.992504327	-30.65501	0.0	0.0
18.800000	0.772320393	-30.76266	0.0	0.0
18.900000	0.600897111	-30.86912	0.0	0.0
19.000000	0.467509435	-30.97439	0.0	0.0
19.100000	0.324577509	-31.07852	0.0	0.0
19.200000	0.225337968	-31.18151	0.0	0.0
19.300000	0.156436595	-31.28338	0.0	0.0
19.400000	0.108612671	-31.38417	0.0	0.0
19.500000	0.075398188	-31.48388	0.0	0.0
19.600000	0.052339518	-31.58254	0.0	0.0
19.700000	0.036331810	-31.68016	0.0	0.0
19.800000	0.025219298	-31.77677	0.0	0.0
19.900000	0.017505225	-31.87238	0.0	0.0
20.000000	0.012150419	-31.96701	0.0	0.0
