# UNCLASSIFIED
#
# Response info for MA2 IDC broadband site.
#
# Effective: 20 JUL 2010
# Response Created: 31 MAR 2011 
# File name: MA2.BB.1279584000
# Inid: 7597 7598 7599 
# Source:  James Neely (TTD), TSgt Gregory Swindle
# System equipment: Streckeisen STS-2 sensor and Quanterra 330 digitiser
#
# This response file was derived from equations of state.
# Displacement response relative to 1.0 at 1.0 Hz.
#
# The calib values for this configuration are as follows:
#
# MA2 BHZ is 0.004673 nm/count at 1.0 Hz.
# MA2 BHN is 0.004764 nm/count at 1.0 Hz.
# MA2 BHE is 0.004836 nm/count at 1.0 Hz.
#
# Freq(Hz)     Amp(counts/nm)   Phase(deg)  Error(amp)  Error(phase)
#
 theoretical  0       system    fap   J.Neely
1000
0.001000	0.000014253	260.223994	0.0	0.0
0.001010	0.000014684	260.125667	0.0	0.0
0.001020	0.000015127	260.026334	0.0	0.0
0.001030	0.000015583	259.925987	0.0	0.0
0.001040	0.000016054	259.824612	0.0	0.0
0.001051	0.000016538	259.722190	0.0	0.0
0.001061	0.000017037	259.618719	0.0	0.0
0.001072	0.000017552	259.514188	0.0	0.0
0.001083	0.000018081	259.408576	0.0	0.0
0.001093	0.000018627	259.301882	0.0	0.0
0.001104	0.000019189	259.194095	0.0	0.0
0.001115	0.000019768	259.085193	0.0	0.0
0.001126	0.000020365	258.975165	0.0	0.0
0.001138	0.000020979	258.864009	0.0	0.0
0.001149	0.000021613	258.751705	0.0	0.0
0.001160	0.000022265	258.638241	0.0	0.0
0.001172	0.000022937	258.523605	0.0	0.0
0.001184	0.000023629	258.407786	0.0	0.0
0.001195	0.000024342	258.290762	0.0	0.0
0.001207	0.000025077	258.172531	0.0	0.0
0.001219	0.000025833	258.053083	0.0	0.0
0.001231	0.000026613	257.932385	0.0	0.0
0.001244	0.000027416	257.810445	0.0	0.0
0.001256	0.000028243	257.687231	0.0	0.0
0.001269	0.000029096	257.562743	0.0	0.0
0.001281	0.000029974	257.436957	0.0	0.0
0.001294	0.000030878	257.309871	0.0	0.0
0.001307	0.000031810	257.181454	0.0	0.0
0.001320	0.000032770	257.051703	0.0	0.0
0.001333	0.000033759	256.920597	0.0	0.0
0.001346	0.000034777	256.788122	0.0	0.0
0.001360	0.000035826	256.654256	0.0	0.0
0.001373	0.000036907	256.518997	0.0	0.0
0.001387	0.000038021	256.382323	0.0	0.0
0.001401	0.000039168	256.244221	0.0	0.0
0.001415	0.000040350	256.104667	0.0	0.0
0.001429	0.000041567	255.963650	0.0	0.0
0.001443	0.000042821	255.821157	0.0	0.0
0.001457	0.000044113	255.677163	0.0	0.0
0.001472	0.000045444	255.531648	0.0	0.0
0.001487	0.000046815	255.384606	0.0	0.0
0.001501	0.000048227	255.236016	0.0	0.0
0.001516	0.000049682	255.085854	0.0	0.0
0.001532	0.000051180	254.934106	0.0	0.0
0.001547	0.000052724	254.780759	0.0	0.0
0.001562	0.000054314	254.625789	0.0	0.0
0.001578	0.000055952	254.469172	0.0	0.0
0.001593	0.000057640	254.310895	0.0	0.0
0.001609	0.000059378	254.150934	0.0	0.0
0.001625	0.000061169	253.989284	0.0	0.0
0.001642	0.000063014	253.825902	0.0	0.0
0.001658	0.000064914	253.660783	0.0	0.0
0.001674	0.000066871	253.493913	0.0	0.0
0.001691	0.000068888	253.325246	0.0	0.0
0.001708	0.000070965	253.154789	0.0	0.0
0.001725	0.000073104	252.982507	0.0	0.0
0.001742	0.000075308	252.808374	0.0	0.0
0.001760	0.000077579	252.632375	0.0	0.0
0.001777	0.000079917	252.454486	0.0	0.0
0.001795	0.000082326	252.274681	0.0	0.0
0.001813	0.000084808	252.092943	0.0	0.0
0.001831	0.000087364	251.909248	0.0	0.0
0.001849	0.000089997	251.723570	0.0	0.0
0.001867	0.000092709	251.535882	0.0	0.0
0.001886	0.000095503	251.346168	0.0	0.0
0.001905	0.000098380	251.154393	0.0	0.0
0.001924	0.000101345	250.960549	0.0	0.0
0.001943	0.000104398	250.764589	0.0	0.0
0.001962	0.000107543	250.566497	0.0	0.0
0.001982	0.000110782	250.366246	0.0	0.0
0.002002	0.000114119	250.163818	0.0	0.0
0.002022	0.000117556	249.959165	0.0	0.0
0.002042	0.000121096	249.752291	0.0	0.0
0.002062	0.000124743	249.543137	0.0	0.0
0.002083	0.000128499	249.331696	0.0	0.0
0.002103	0.000132367	249.117927	0.0	0.0
0.002124	0.000136352	248.901815	0.0	0.0
0.002145	0.000140456	248.683308	0.0	0.0
0.002167	0.000144683	248.462400	0.0	0.0
0.002188	0.000149037	248.239049	0.0	0.0
0.002210	0.000153521	248.013228	0.0	0.0
0.002232	0.000158139	247.784906	0.0	0.0
0.002254	0.000162896	247.554042	0.0	0.0
0.002277	0.000167795	247.320619	0.0	0.0
0.002300	0.000172841	247.084594	0.0	0.0
0.002322	0.000178038	246.845937	0.0	0.0
0.002346	0.000183390	246.604617	0.0	0.0
0.002369	0.000188902	246.360594	0.0	0.0
0.002393	0.000194579	246.113834	0.0	0.0
0.002416	0.000200425	245.864319	0.0	0.0
0.002441	0.000206446	245.611983	0.0	0.0
0.002465	0.000212646	245.356817	0.0	0.0
0.002489	0.000219032	245.098777	0.0	0.0
0.002514	0.000225607	244.837820	0.0	0.0
0.002539	0.000232379	244.573914	0.0	0.0
0.002565	0.000239353	244.307015	0.0	0.0
0.002590	0.000246533	244.037099	0.0	0.0
0.002616	0.000253928	243.764113	0.0	0.0
0.002642	0.000261542	243.488023	0.0	0.0
0.002668	0.000269383	243.208782	0.0	0.0
0.002695	0.000277456	242.926358	0.0	0.0
0.002722	0.000285769	242.640705	0.0	0.0
0.002749	0.000294328	242.351778	0.0	0.0
0.002776	0.000303141	242.059551	0.0	0.0
0.002804	0.000312215	241.763957	0.0	0.0
0.002832	0.000321557	241.464971	0.0	0.0
0.002860	0.000331176	241.162548	0.0	0.0
0.002888	0.000341078	240.856638	0.0	0.0
0.002917	0.000351273	240.547197	0.0	0.0
0.002946	0.000361768	240.234175	0.0	0.0
0.002976	0.000372573	239.917526	0.0	0.0
0.003005	0.000383695	239.597223	0.0	0.0
0.003035	0.000395144	239.273185	0.0	0.0
0.003066	0.000406930	238.945397	0.0	0.0
0.003096	0.000419061	238.613788	0.0	0.0
0.003127	0.000431547	238.278321	0.0	0.0
0.003158	0.000444399	237.938946	0.0	0.0
0.003190	0.000457627	237.595603	0.0	0.0
0.003221	0.000471241	237.248254	0.0	0.0
0.003253	0.000485251	236.896839	0.0	0.0
0.003286	0.000499669	236.541320	0.0	0.0
0.003319	0.000514507	236.181623	0.0	0.0
0.003352	0.000529774	235.817723	0.0	0.0
0.003385	0.000545485	235.449546	0.0	0.0
0.003419	0.000561649	235.077044	0.0	0.0
0.003453	0.000578281	234.700176	0.0	0.0
0.003487	0.000595392	234.318873	0.0	0.0
0.003522	0.000612995	233.933083	0.0	0.0
0.003557	0.000631104	233.542769	0.0	0.0
0.003592	0.000649732	233.147847	0.0	0.0
0.003628	0.000668893	232.748290	0.0	0.0
0.003664	0.000688601	232.344027	0.0	0.0
0.003701	0.000708869	231.935009	0.0	0.0
0.003738	0.000729714	231.521188	0.0	0.0
0.003775	0.000751150	231.102493	0.0	0.0
0.003813	0.000773191	230.678876	0.0	0.0
0.003851	0.000795855	230.250279	0.0	0.0
0.003889	0.000819155	229.816654	0.0	0.0
0.003928	0.000843109	229.377933	0.0	0.0
0.003967	0.000867733	228.934082	0.0	0.0
0.004006	0.000893043	228.485034	0.0	0.0
0.004046	0.000919057	228.030732	0.0	0.0
0.004087	0.000945791	227.571122	0.0	0.0
0.004127	0.000973264	227.106163	0.0	0.0
0.004168	0.001001490	226.635802	0.0	0.0
0.004210	0.001030490	226.159964	0.0	0.0
0.004252	0.001060290	225.678622	0.0	0.0
0.004294	0.001090890	225.191716	0.0	0.0
0.004337	0.001122320	224.699199	0.0	0.0
0.004380	0.001154600	224.201024	0.0	0.0
0.004424	0.001187750	223.697136	0.0	0.0
0.004468	0.001221790	223.187493	0.0	0.0
0.004512	0.001256720	222.672065	0.0	0.0
0.004557	0.001292590	222.150792	0.0	0.0
0.004603	0.001329400	221.623636	0.0	0.0
0.004649	0.001367170	221.090564	0.0	0.0
0.004695	0.001405920	220.551532	0.0	0.0
0.004742	0.001445680	220.006501	0.0	0.0
0.004789	0.001486470	219.455443	0.0	0.0
0.004837	0.001528300	218.898336	0.0	0.0
0.004885	0.001571190	218.335148	0.0	0.0
0.004934	0.001615160	217.765839	0.0	0.0
0.004983	0.001660240	217.190406	0.0	0.0
0.005032	0.001706440	216.608817	0.0	0.0
0.005082	0.001753790	216.021055	0.0	0.0
0.005133	0.001802290	215.427116	0.0	0.0
0.005184	0.001851980	214.826979	0.0	0.0
0.005236	0.001902870	214.220651	0.0	0.0
0.005288	0.001954970	213.608120	0.0	0.0
0.005341	0.002008320	212.989400	0.0	0.0
0.005394	0.002062910	212.364490	0.0	0.0
0.005448	0.002118780	211.733402	0.0	0.0
0.005502	0.002175940	211.096144	0.0	0.0
0.005557	0.002234410	210.452742	0.0	0.0
0.005612	0.002294190	209.803236	0.0	0.0
0.005668	0.002355320	209.147640	0.0	0.0
0.005725	0.002417790	208.485995	0.0	0.0
0.005782	0.002481640	207.818339	0.0	0.0
0.005839	0.002546860	207.144725	0.0	0.0
0.005897	0.002613470	206.465216	0.0	0.0
0.005956	0.002681490	205.779844	0.0	0.0
0.006015	0.002750920	205.088706	0.0	0.0
0.006075	0.002821780	204.391850	0.0	0.0
0.006136	0.002894070	203.689365	0.0	0.0
0.006197	0.002967800	202.981334	0.0	0.0
0.006259	0.003042980	202.267850	0.0	0.0
0.006321	0.003119620	201.549010	0.0	0.0
0.006384	0.003197710	200.824921	0.0	0.0
0.006448	0.003277270	200.095687	0.0	0.0
0.006512	0.003358290	199.361439	0.0	0.0
0.006577	0.003440780	198.622294	0.0	0.0
0.006642	0.003524740	197.878379	0.0	0.0
0.006708	0.003610170	197.129848	0.0	0.0
0.006775	0.003697060	196.376830	0.0	0.0
0.006843	0.003785410	195.619494	0.0	0.0
0.006911	0.003875220	194.857986	0.0	0.0
0.006980	0.003966470	194.092476	0.0	0.0
0.007049	0.004059170	193.323135	0.0	0.0
0.007120	0.004153310	192.550139	0.0	0.0
0.007191	0.004248870	191.773670	0.0	0.0
0.007262	0.004345840	190.993928	0.0	0.0
0.007335	0.004444220	190.211098	0.0	0.0
0.007408	0.004543980	189.425381	0.0	0.0
0.007481	0.004645120	188.636995	0.0	0.0
0.007556	0.004747620	187.846131	0.0	0.0
0.007631	0.004851460	187.053007	0.0	0.0
0.007707	0.004956630	186.257856	0.0	0.0
0.007784	0.005063110	185.460884	0.0	0.0
0.007862	0.005170870	184.662321	0.0	0.0
0.007940	0.005279910	183.862393	0.0	0.0
0.008019	0.005390190	183.061336	0.0	0.0
0.008099	0.005501710	182.259381	0.0	0.0
0.008180	0.005614430	181.456761	0.0	0.0
0.008261	0.005728330	180.653721	0.0	0.0
0.008343	0.005843400	179.850478	0.0	0.0
0.008426	0.005959610	179.047287	0.0	0.0
0.008510	0.006076930	178.244370	0.0	0.0
0.008595	0.006195350	177.441973	0.0	0.0
0.008681	0.006314840	176.640326	0.0	0.0
0.008767	0.006435380	175.839666	0.0	0.0
0.008855	0.006556940	175.040230	0.0	0.0
0.008943	0.006679510	174.242234	0.0	0.0
0.009032	0.006803060	173.445912	0.0	0.0
0.009122	0.006927570	172.651495	0.0	0.0
0.009213	0.007053010	171.859192	0.0	0.0
0.009305	0.007179370	171.069230	0.0	0.0
0.009397	0.007306630	170.281819	0.0	0.0
0.009491	0.007434760	169.497162	0.0	0.0
0.009586	0.007563750	168.715463	0.0	0.0
0.009681	0.007693580	167.936923	0.0	0.0
0.009777	0.007824230	167.161738	0.0	0.0
0.009875	0.007955690	166.390091	0.0	0.0
0.009973	0.008087940	165.622160	0.0	0.0
0.010073	0.008220960	164.858096	0.0	0.0
0.010173	0.008354750	164.098135	0.0	0.0
0.010274	0.008489280	163.342400	0.0	0.0
0.010377	0.008624550	162.591048	0.0	0.0
0.010480	0.008760560	161.844228	0.0	0.0
0.010584	0.008897280	161.102086	0.0	0.0
0.010690	0.009034710	160.364759	0.0	0.0
0.010796	0.009172840	159.632379	0.0	0.0
0.010904	0.009311680	158.905072	0.0	0.0
0.011013	0.009451200	158.182957	0.0	0.0
0.011122	0.009591420	157.466084	0.0	0.0
0.011233	0.009732330	156.754624	0.0	0.0
0.011345	0.009873920	156.048678	0.0	0.0
0.011458	0.010016200	155.348279	0.0	0.0
0.011572	0.010159200	154.653578	0.0	0.0
0.011688	0.010302800	153.964596	0.0	0.0
0.011804	0.010447200	153.281412	0.0	0.0
0.011922	0.010592200	152.604098	0.0	0.0
0.012040	0.010738000	151.932720	0.0	0.0
0.012160	0.010884400	151.267282	0.0	0.0
0.012281	0.011031600	150.607896	0.0	0.0
0.012404	0.011179500	149.954611	0.0	0.0
0.012527	0.011328100	149.307364	0.0	0.0
0.012652	0.011477500	148.666301	0.0	0.0
0.012778	0.011627600	148.031355	0.0	0.0
0.012906	0.011778500	147.402556	0.0	0.0
0.013034	0.011930200	146.779982	0.0	0.0
0.013164	0.012082600	146.163557	0.0	0.0
0.013295	0.012235900	145.553348	0.0	0.0
0.013428	0.012390000	144.949368	0.0	0.0
0.013561	0.012544900	144.351535	0.0	0.0
0.013696	0.012700600	143.759905	0.0	0.0
0.013833	0.012857200	143.174477	0.0	0.0
0.013971	0.013014700	142.595210	0.0	0.0
0.014110	0.013173200	142.022060	0.0	0.0
0.014250	0.013332500	141.455062	0.0	0.0
0.014392	0.013492700	140.894128	0.0	0.0
0.014536	0.013653900	140.339325	0.0	0.0
0.014681	0.013816100	139.790524	0.0	0.0
0.014827	0.013979300	139.247747	0.0	0.0
0.014975	0.014143500	138.710940	0.0	0.0
0.015124	0.014308700	138.180119	0.0	0.0
0.015275	0.014474900	137.655156	0.0	0.0
0.015427	0.014642300	137.136097	0.0	0.0
0.015580	0.014810700	136.622849	0.0	0.0
0.015736	0.014980200	136.115352	0.0	0.0
0.015892	0.015150900	135.613613	0.0	0.0
0.016051	0.015322800	135.117569	0.0	0.0
0.016211	0.015495800	134.627160	0.0	0.0
0.016372	0.015670000	134.142353	0.0	0.0
0.016535	0.015845500	133.663088	0.0	0.0
0.016700	0.016022200	133.189330	0.0	0.0
0.016866	0.016200200	132.720988	0.0	0.0
0.017034	0.016379400	132.258058	0.0	0.0
0.017204	0.016560000	131.800449	0.0	0.0
0.017375	0.016742000	131.348125	0.0	0.0
0.017549	0.016925300	130.901025	0.0	0.0
0.017723	0.017109900	130.459114	0.0	0.0
0.017900	0.017296000	130.022327	0.0	0.0
0.018078	0.017483600	129.590605	0.0	0.0
0.018258	0.017672600	129.163886	0.0	0.0
0.018440	0.017863100	128.742112	0.0	0.0
0.018624	0.018055000	128.325266	0.0	0.0
0.018810	0.018248600	127.913245	0.0	0.0
0.018997	0.018443600	127.506033	0.0	0.0
0.019186	0.018640300	127.103551	0.0	0.0
0.019377	0.018838600	126.705740	0.0	0.0
0.019570	0.019038500	126.312564	0.0	0.0
0.019765	0.019240000	125.923966	0.0	0.0
0.019962	0.019443200	125.539870	0.0	0.0
0.020161	0.019648200	125.160241	0.0	0.0
0.020362	0.019854900	124.785024	0.0	0.0
0.020565	0.020063300	124.414164	0.0	0.0
0.020770	0.020273500	124.047608	0.0	0.0
0.020977	0.020485500	123.685287	0.0	0.0
0.021186	0.020699400	123.327183	0.0	0.0
0.021397	0.020915100	122.973211	0.0	0.0
0.021610	0.021132700	122.623338	0.0	0.0
0.021825	0.021352200	122.277513	0.0	0.0
0.022043	0.021573600	121.935672	0.0	0.0
0.022262	0.021797000	121.597768	0.0	0.0
0.022484	0.022022400	121.263769	0.0	0.0
0.022708	0.022249800	120.933612	0.0	0.0
0.022934	0.022479200	120.607239	0.0	0.0
0.023163	0.022710700	120.284631	0.0	0.0
0.023394	0.022944300	119.965704	0.0	0.0
0.023627	0.023180000	119.650442	0.0	0.0
0.023862	0.023417900	119.338774	0.0	0.0
0.024100	0.023657900	119.030673	0.0	0.0
0.024340	0.023900200	118.726097	0.0	0.0
0.024582	0.024144600	118.424968	0.0	0.0
0.024827	0.024391300	118.127284	0.0	0.0
0.025075	0.024640300	117.832969	0.0	0.0
0.025324	0.024891600	117.541998	0.0	0.0
0.025577	0.025145300	117.254321	0.0	0.0
0.025832	0.025401300	116.969901	0.0	0.0
0.026089	0.025659700	116.688692	0.0	0.0
0.026349	0.025920500	116.410648	0.0	0.0
0.026611	0.026183800	116.135745	0.0	0.0
0.026876	0.026449500	115.863927	0.0	0.0
0.027144	0.026717800	115.595152	0.0	0.0
0.027415	0.026988600	115.329398	0.0	0.0
0.027688	0.027262000	115.066622	0.0	0.0
0.027964	0.027537900	114.806784	0.0	0.0
0.028242	0.027816500	114.549834	0.0	0.0
0.028524	0.028097700	114.295760	0.0	0.0
0.028808	0.028381600	114.044499	0.0	0.0
0.029095	0.028668300	113.796037	0.0	0.0
0.029385	0.028957700	113.550331	0.0	0.0
0.029677	0.029249800	113.307344	0.0	0.0
0.029973	0.029544800	113.067040	0.0	0.0
0.030272	0.029842500	112.829394	0.0	0.0
0.030573	0.030143200	112.594364	0.0	0.0
0.030878	0.030446800	112.361924	0.0	0.0
0.031185	0.030753300	112.132043	0.0	0.0
0.031496	0.031062700	111.904680	0.0	0.0
0.031810	0.031375100	111.679805	0.0	0.0
0.032127	0.031690600	111.457395	0.0	0.0
0.032447	0.032009100	111.237413	0.0	0.0
0.032770	0.032330800	111.019830	0.0	0.0
0.033097	0.032655500	110.804618	0.0	0.0
0.033426	0.032983400	110.591749	0.0	0.0
0.033759	0.033314500	110.381190	0.0	0.0
0.034096	0.033648800	110.172919	0.0	0.0
0.034435	0.033986400	109.966899	0.0	0.0
0.034778	0.034327300	109.763109	0.0	0.0
0.035125	0.034671500	109.561526	0.0	0.0
0.035475	0.035019100	109.362113	0.0	0.0
0.035828	0.035370100	109.164846	0.0	0.0
0.036185	0.035724500	108.969708	0.0	0.0
0.036546	0.036082400	108.776659	0.0	0.0
0.036910	0.036443800	108.585687	0.0	0.0
0.037278	0.036808700	108.396761	0.0	0.0
0.037649	0.037177300	108.209854	0.0	0.0
0.038024	0.037549400	108.024949	0.0	0.0
0.038403	0.037925200	107.842012	0.0	0.0
0.038785	0.038304700	107.661032	0.0	0.0
0.039172	0.038687900	107.481976	0.0	0.0
0.039562	0.039074900	107.304824	0.0	0.0
0.039956	0.039465800	107.129558	0.0	0.0
0.040354	0.039860400	106.956150	0.0	0.0
0.040756	0.040259000	106.784578	0.0	0.0
0.041162	0.040661500	106.614821	0.0	0.0
0.041572	0.041067900	106.446864	0.0	0.0
0.041987	0.041478400	106.280676	0.0	0.0
0.042405	0.041892900	106.116244	0.0	0.0
0.042827	0.042311500	105.953544	0.0	0.0
0.043254	0.042734200	105.792560	0.0	0.0
0.043685	0.043161200	105.633266	0.0	0.0
0.044120	0.043592300	105.475646	0.0	0.0
0.044560	0.044027700	105.319679	0.0	0.0
0.045004	0.044467400	105.165347	0.0	0.0
0.045452	0.044911500	105.012632	0.0	0.0
0.045905	0.045360000	104.861517	0.0	0.0
0.046362	0.045812900	104.711978	0.0	0.0
0.046824	0.046270300	104.564003	0.0	0.0
0.047291	0.046732200	104.417570	0.0	0.0
0.047762	0.047198600	104.272664	0.0	0.0
0.048238	0.047669800	104.129266	0.0	0.0
0.048718	0.048145600	103.987362	0.0	0.0
0.049204	0.048626000	103.846930	0.0	0.0
0.049694	0.049111300	103.707957	0.0	0.0
0.050189	0.049601400	103.570428	0.0	0.0
0.050689	0.050096300	103.434322	0.0	0.0
0.051194	0.050596200	103.299626	0.0	0.0
0.051704	0.051101000	103.166325	0.0	0.0
0.052219	0.051610800	103.034402	0.0	0.0
0.052739	0.052125700	102.903842	0.0	0.0
0.053265	0.052645700	102.774629	0.0	0.0
0.053795	0.053170800	102.646750	0.0	0.0
0.054331	0.053701200	102.520188	0.0	0.0
0.054873	0.054236800	102.394932	0.0	0.0
0.055419	0.054777800	102.270964	0.0	0.0
0.055971	0.055324100	102.148269	0.0	0.0
0.056529	0.055875900	102.026838	0.0	0.0
0.057092	0.056433100	101.906653	0.0	0.0
0.057661	0.056995900	101.787700	0.0	0.0
0.058235	0.057564300	101.669968	0.0	0.0
0.058816	0.058138300	101.553443	0.0	0.0
0.059402	0.058718000	101.438111	0.0	0.0
0.059993	0.059303500	101.323960	0.0	0.0
0.060591	0.059894900	101.210976	0.0	0.0
0.061195	0.060492100	101.099147	0.0	0.0
0.061804	0.061095200	100.988462	0.0	0.0
0.062420	0.061704300	100.878905	0.0	0.0
0.063042	0.062319500	100.770466	0.0	0.0
0.063670	0.062940800	100.663133	0.0	0.0
0.064304	0.063568400	100.556895	0.0	0.0
0.064945	0.064202100	100.451738	0.0	0.0
0.065592	0.064842100	100.347652	0.0	0.0
0.066246	0.065488600	100.244626	0.0	0.0
0.066906	0.066141400	100.142646	0.0	0.0
0.067572	0.066800800	100.041703	0.0	0.0
0.068245	0.067466700	99.941787	0.0	0.0
0.068925	0.068139200	99.842885	0.0	0.0
0.069612	0.068818400	99.744985	0.0	0.0
0.070305	0.069504400	99.648080	0.0	0.0
0.071006	0.070197200	99.552157	0.0	0.0
0.071713	0.070897000	99.457206	0.0	0.0
0.072428	0.071603700	99.363217	0.0	0.0
0.073149	0.072317400	99.270180	0.0	0.0
0.073878	0.073038200	99.178083	0.0	0.0
0.074614	0.073766200	99.086919	0.0	0.0
0.075357	0.074501500	98.996677	0.0	0.0
0.076108	0.075244000	98.907346	0.0	0.0
0.076866	0.075994000	98.818918	0.0	0.0
0.077632	0.076751500	98.731383	0.0	0.0
0.078406	0.077516500	98.644733	0.0	0.0
0.079187	0.078289100	98.558956	0.0	0.0
0.079976	0.079069400	98.474045	0.0	0.0
0.080773	0.079857400	98.389990	0.0	0.0
0.081577	0.080653400	98.306782	0.0	0.0
0.082390	0.081457200	98.224412	0.0	0.0
0.083211	0.082269100	98.142874	0.0	0.0
0.084040	0.083089000	98.062155	0.0	0.0
0.084877	0.083917100	97.982249	0.0	0.0
0.085723	0.084753500	97.903147	0.0	0.0
0.086577	0.085598200	97.824842	0.0	0.0
0.087439	0.086451400	97.747323	0.0	0.0
0.088310	0.087313000	97.670584	0.0	0.0
0.089190	0.088183200	97.594616	0.0	0.0
0.090079	0.089062100	97.519411	0.0	0.0
0.090976	0.089949700	97.444963	0.0	0.0
0.091883	0.090846200	97.371261	0.0	0.0
0.092798	0.091751600	97.298300	0.0	0.0
0.093722	0.092666000	97.226070	0.0	0.0
0.094656	0.093589600	97.154566	0.0	0.0
0.095599	0.094522400	97.083779	0.0	0.0
0.096552	0.095464400	97.013701	0.0	0.0
0.097514	0.096415900	96.944327	0.0	0.0
0.098485	0.097376800	96.875648	0.0	0.0
0.099466	0.098347300	96.807657	0.0	0.0
0.100457	0.099327500	96.740345	0.0	0.0
0.101458	0.100317000	96.673711	0.0	0.0
0.102469	0.101317000	96.607743	0.0	0.0
0.103490	0.102327000	96.542434	0.0	0.0
0.104521	0.103347000	96.477782	0.0	0.0
0.105562	0.104377000	96.413776	0.0	0.0
0.106614	0.105417000	96.350409	0.0	0.0
0.107676	0.106468000	96.287681	0.0	0.0
0.108749	0.107529000	96.225573	0.0	0.0
0.109832	0.108601000	96.164091	0.0	0.0
0.110926	0.109683000	96.103224	0.0	0.0
0.112031	0.110776000	96.042960	0.0	0.0
0.113148	0.111881000	95.983304	0.0	0.0
0.114275	0.112996000	95.924240	0.0	0.0
0.115413	0.114122000	95.865774	0.0	0.0
0.116563	0.115259000	95.807883	0.0	0.0
0.117724	0.116408000	95.750579	0.0	0.0
0.118897	0.117568000	95.693840	0.0	0.0
0.120082	0.118740000	95.637672	0.0	0.0
0.121278	0.119924000	95.582061	0.0	0.0
0.122486	0.121119000	95.527010	0.0	0.0
0.123707	0.122326000	95.472506	0.0	0.0
0.124939	0.123546000	95.418544	0.0	0.0
0.126184	0.124777000	95.365124	0.0	0.0
0.127441	0.126021000	95.312237	0.0	0.0
0.128711	0.127277000	95.259875	0.0	0.0
0.129993	0.128546000	95.208038	0.0	0.0
0.131288	0.129827000	95.156716	0.0	0.0
0.132596	0.131121000	95.105907	0.0	0.0
0.133917	0.132428000	95.055605	0.0	0.0
0.135251	0.133748000	95.005804	0.0	0.0
0.136599	0.135082000	94.956503	0.0	0.0
0.137960	0.136428000	94.907690	0.0	0.0
0.139334	0.137788000	94.859363	0.0	0.0
0.140722	0.139162000	94.811521	0.0	0.0
0.142124	0.140549000	94.764154	0.0	0.0
0.143540	0.141950000	94.717261	0.0	0.0
0.144970	0.143365000	94.670832	0.0	0.0
0.146414	0.144794000	94.624868	0.0	0.0
0.147873	0.146238000	94.579364	0.0	0.0
0.149346	0.147696000	94.534309	0.0	0.0
0.150834	0.149168000	94.489708	0.0	0.0
0.152337	0.150655000	94.445546	0.0	0.0
0.153855	0.152157000	94.401827	0.0	0.0
0.155387	0.153674000	94.358543	0.0	0.0
0.156935	0.155206000	94.315693	0.0	0.0
0.158499	0.156754000	94.273267	0.0	0.0
0.160078	0.158317000	94.231264	0.0	0.0
0.161673	0.159895000	94.189680	0.0	0.0
0.163284	0.161489000	94.148510	0.0	0.0
0.164910	0.163100000	94.107748	0.0	0.0
0.166553	0.164726000	94.067395	0.0	0.0
0.168213	0.166368000	94.027443	0.0	0.0
0.169888	0.168027000	93.987888	0.0	0.0
0.171581	0.169703000	93.948729	0.0	0.0
0.173290	0.171395000	93.909958	0.0	0.0
0.175017	0.173104000	93.871573	0.0	0.0
0.176760	0.174830000	93.833572	0.0	0.0
0.178521	0.176573000	93.795948	0.0	0.0
0.180300	0.178334000	93.758698	0.0	0.0
0.182096	0.180113000	93.721820	0.0	0.0
0.183910	0.181909000	93.685310	0.0	0.0
0.185743	0.183723000	93.649162	0.0	0.0
0.187593	0.185555000	93.613375	0.0	0.0
0.189462	0.187405000	93.577944	0.0	0.0
0.191350	0.189275000	93.542865	0.0	0.0
0.193256	0.191162000	93.508137	0.0	0.0
0.195181	0.193069000	93.473753	0.0	0.0
0.197126	0.194995000	93.439713	0.0	0.0
0.199090	0.196939000	93.406011	0.0	0.0
0.201073	0.198904000	93.372644	0.0	0.0
0.203077	0.200888000	93.339610	0.0	0.0
0.205100	0.202892000	93.306904	0.0	0.0
0.207143	0.204915000	93.274524	0.0	0.0
0.209207	0.206959000	93.242466	0.0	0.0
0.211291	0.209024000	93.210729	0.0	0.0
0.213396	0.211109000	93.179305	0.0	0.0
0.215522	0.213215000	93.148195	0.0	0.0
0.217669	0.215342000	93.117395	0.0	0.0
0.219838	0.217490000	93.086902	0.0	0.0
0.222028	0.219660000	93.056712	0.0	0.0
0.224240	0.221852000	93.026823	0.0	0.0
0.226474	0.224065000	92.997231	0.0	0.0
0.228730	0.226301000	92.967933	0.0	0.0
0.231009	0.228559000	92.938927	0.0	0.0
0.233311	0.230840000	92.910209	0.0	0.0
0.235635	0.233143000	92.881778	0.0	0.0
0.237983	0.235469000	92.853630	0.0	0.0
0.240354	0.237819000	92.825760	0.0	0.0
0.242748	0.240192000	92.798169	0.0	0.0
0.245167	0.242589000	92.770852	0.0	0.0
0.247609	0.245011000	92.743807	0.0	0.0
0.250076	0.247456000	92.717031	0.0	0.0
0.252567	0.249926000	92.690521	0.0	0.0
0.255084	0.252420000	92.664275	0.0	0.0
0.257625	0.254940000	92.638289	0.0	0.0
0.260192	0.257484000	92.612563	0.0	0.0
0.262784	0.260055000	92.587092	0.0	0.0
0.265402	0.262651000	92.561874	0.0	0.0
0.268046	0.265272000	92.536907	0.0	0.0
0.270716	0.267921000	92.512188	0.0	0.0
0.273413	0.270596000	92.487714	0.0	0.0
0.276137	0.273297000	92.463485	0.0	0.0
0.278888	0.276026000	92.439495	0.0	0.0
0.281667	0.278782000	92.415743	0.0	0.0
0.284473	0.281566000	92.392228	0.0	0.0
0.287307	0.284377000	92.368946	0.0	0.0
0.290170	0.287217000	92.345895	0.0	0.0
0.293060	0.290086000	92.323073	0.0	0.0
0.295980	0.292983000	92.300477	0.0	0.0
0.298929	0.295909000	92.278106	0.0	0.0
0.301907	0.298864000	92.255956	0.0	0.0
0.304915	0.301850000	92.234026	0.0	0.0
0.307953	0.304865000	92.212313	0.0	0.0
0.311021	0.307910000	92.190815	0.0	0.0
0.314119	0.310986000	92.169531	0.0	0.0
0.317249	0.314093000	92.148456	0.0	0.0
0.320409	0.317231000	92.127591	0.0	0.0
0.323602	0.320401000	92.106932	0.0	0.0
0.326825	0.323602000	92.086477	0.0	0.0
0.330082	0.326836000	92.066224	0.0	0.0
0.333370	0.330102000	92.046171	0.0	0.0
0.336691	0.333401000	92.026317	0.0	0.0
0.340046	0.336733000	92.006658	0.0	0.0
0.343433	0.340099000	91.987193	0.0	0.0
0.346855	0.343498000	91.967920	0.0	0.0
0.350311	0.346932000	91.948837	0.0	0.0
0.353801	0.350400000	91.929941	0.0	0.0
0.357325	0.353904000	91.911232	0.0	0.0
0.360885	0.357442000	91.892707	0.0	0.0
0.364481	0.361016000	91.874363	0.0	0.0
0.368112	0.364626000	91.856199	0.0	0.0
0.371779	0.368272000	91.838214	0.0	0.0
0.375483	0.371955000	91.820405	0.0	0.0
0.379224	0.375676000	91.802770	0.0	0.0
0.383002	0.379433000	91.785307	0.0	0.0
0.386818	0.383229000	91.768015	0.0	0.0
0.390672	0.387062000	91.750892	0.0	0.0
0.394564	0.390935000	91.733935	0.0	0.0
0.398495	0.394846000	91.717144	0.0	0.0
0.402465	0.398797000	91.700515	0.0	0.0
0.406474	0.402788000	91.684049	0.0	0.0
0.410524	0.406819000	91.667741	0.0	0.0
0.414614	0.410891000	91.651592	0.0	0.0
0.418745	0.415003000	91.635599	0.0	0.0
0.422916	0.419158000	91.619760	0.0	0.0
0.427130	0.423354000	91.604073	0.0	0.0
0.431385	0.427593000	91.588537	0.0	0.0
0.435683	0.431874000	91.573151	0.0	0.0
0.440024	0.436199000	91.557912	0.0	0.0
0.444407	0.440567000	91.542818	0.0	0.0
0.448835	0.444980000	91.527869	0.0	0.0
0.453307	0.449437000	91.513061	0.0	0.0
0.457823	0.453939000	91.498395	0.0	0.0
0.462384	0.458487000	91.483867	0.0	0.0
0.466990	0.463081000	91.469477	0.0	0.0
0.471643	0.467721000	91.455221	0.0	0.0
0.476342	0.472409000	91.441100	0.0	0.0
0.481087	0.477144000	91.427111	0.0	0.0
0.485880	0.481926000	91.413253	0.0	0.0
0.490721	0.486758000	91.399524	0.0	0.0
0.495610	0.491638000	91.385922	0.0	0.0
0.500547	0.496567000	91.372446	0.0	0.0
0.505534	0.501547000	91.359094	0.0	0.0
0.510571	0.506577000	91.345864	0.0	0.0
0.515657	0.511659000	91.332756	0.0	0.0
0.520795	0.516791000	91.319766	0.0	0.0
0.525983	0.521976000	91.306894	0.0	0.0
0.531224	0.527214000	91.294139	0.0	0.0
0.536516	0.532505000	91.281497	0.0	0.0
0.541861	0.537849000	91.268969	0.0	0.0
0.547260	0.543248000	91.256552	0.0	0.0
0.552712	0.548702000	91.244245	0.0	0.0
0.558218	0.554211000	91.232045	0.0	0.0
0.563780	0.559776000	91.219952	0.0	0.0
0.569396	0.565398000	91.207964	0.0	0.0
0.575069	0.571077000	91.196080	0.0	0.0
0.580798	0.576814000	91.184297	0.0	0.0
0.586585	0.582609000	91.172614	0.0	0.0
0.592429	0.588464000	91.161030	0.0	0.0
0.598331	0.594378000	91.149543	0.0	0.0
0.604292	0.600352000	91.138151	0.0	0.0
0.610312	0.606387000	91.126853	0.0	0.0
0.616392	0.612484000	91.115648	0.0	0.0
0.622533	0.618643000	91.104532	0.0	0.0
0.628736	0.624865000	91.093506	0.0	0.0
0.634999	0.631151000	91.082567	0.0	0.0
0.641326	0.637500000	91.071714	0.0	0.0
0.647715	0.643915000	91.060946	0.0	0.0
0.654168	0.650395000	91.050259	0.0	0.0
0.660685	0.656941000	91.039654	0.0	0.0
0.667268	0.663554000	91.029128	0.0	0.0
0.673915	0.670235000	91.018679	0.0	0.0
0.680629	0.676984000	91.008307	0.0	0.0
0.687410	0.683802000	90.998009	0.0	0.0
0.694259	0.690690000	90.987784	0.0	0.0
0.701175	0.697649000	90.977630	0.0	0.0
0.708161	0.704679000	90.967545	0.0	0.0
0.715216	0.711781000	90.957528	0.0	0.0
0.722342	0.718956000	90.947577	0.0	0.0
0.729538	0.726204000	90.937691	0.0	0.0
0.736806	0.733526000	90.927867	0.0	0.0
0.744147	0.740924000	90.918104	0.0	0.0
0.751561	0.748398000	90.908401	0.0	0.0
0.759048	0.755948000	90.898755	0.0	0.0
0.766610	0.763576000	90.889164	0.0	0.0
0.774248	0.771282000	90.879628	0.0	0.0
0.781961	0.779068000	90.870144	0.0	0.0
0.789752	0.786933000	90.860710	0.0	0.0
0.797620	0.794879000	90.851326	0.0	0.0
0.805566	0.802907000	90.841988	0.0	0.0
0.813592	0.811017000	90.832695	0.0	0.0
0.821698	0.819211000	90.823445	0.0	0.0
0.829884	0.827489000	90.814237	0.0	0.0
0.838152	0.835852000	90.805068	0.0	0.0
0.846502	0.844301000	90.795937	0.0	0.0
0.854936	0.852838000	90.786842	0.0	0.0
0.863453	0.861462000	90.777781	0.0	0.0
0.872055	0.870175000	90.768752	0.0	0.0
0.880743	0.878977000	90.759753	0.0	0.0
0.889518	0.887870000	90.750782	0.0	0.0
0.898380	0.896855000	90.741837	0.0	0.0
0.907330	0.905932000	90.732916	0.0	0.0
0.916370	0.915103000	90.724018	0.0	0.0
0.925499	0.924369000	90.715140	0.0	0.0
0.934720	0.933729000	90.706280	0.0	0.0
0.944032	0.943186000	90.697436	0.0	0.0
0.953437	0.952741000	90.688606	0.0	0.0
0.962936	0.962394000	90.679788	0.0	0.0
0.972529	0.972147000	90.670980	0.0	0.0
0.982218	0.981999000	90.662179	0.0	0.0
0.992004	0.991954000	90.653385	0.0	0.0
1.001887	1.002010000	90.644593	0.0	0.0
1.011868	1.012170000	90.635804	0.0	0.0
1.021949	1.022440000	90.627013	0.0	0.0
1.032131	1.032810000	90.618218	0.0	0.0
1.042414	1.043280000	90.609419	0.0	0.0
1.052799	1.053870000	90.600612	0.0	0.0
1.063288	1.064560000	90.591795	0.0	0.0
1.073881	1.075370000	90.582966	0.0	0.0
1.084580	1.086280000	90.574122	0.0	0.0
1.095385	1.097310000	90.565262	0.0	0.0
1.106298	1.108450000	90.556382	0.0	0.0
1.117320	1.119710000	90.547481	0.0	0.0
1.128451	1.131080000	90.538557	0.0	0.0
1.139694	1.142570000	90.529605	0.0	0.0
1.151048	1.154170000	90.520625	0.0	0.0
1.162516	1.165900000	90.511613	0.0	0.0
1.174097	1.177740000	90.502569	0.0	0.0
1.185794	1.189710000	90.493488	0.0	0.0
1.197608	1.201800000	90.484368	0.0	0.0
1.209540	1.214010000	90.475207	0.0	0.0
1.221590	1.226350000	90.466002	0.0	0.0
1.233760	1.238810000	90.456752	0.0	0.0
1.246052	1.251400000	90.447452	0.0	0.0
1.258466	1.264120000	90.438100	0.0	0.0
1.271004	1.276970000	90.428695	0.0	0.0
1.283666	1.289950000	90.419234	0.0	0.0
1.296455	1.303060000	90.409713	0.0	0.0
1.309371	1.316300000	90.400130	0.0	0.0
1.322416	1.329680000	90.390482	0.0	0.0
1.335591	1.343200000	90.380767	0.0	0.0
1.348897	1.356850000	90.370982	0.0	0.0
1.362336	1.370640000	90.361124	0.0	0.0
1.375908	1.384570000	90.351192	0.0	0.0
1.389616	1.398640000	90.341181	0.0	0.0
1.403460	1.412850000	90.331089	0.0	0.0
1.417443	1.427200000	90.320913	0.0	0.0
1.431564	1.441700000	90.310651	0.0	0.0
1.445826	1.456350000	90.300300	0.0	0.0
1.460231	1.471140000	90.289857	0.0	0.0
1.474779	1.486080000	90.279319	0.0	0.0
1.489471	1.501170000	90.268684	0.0	0.0
1.504310	1.516410000	90.257949	0.0	0.0
1.519297	1.531800000	90.247110	0.0	0.0
1.534434	1.547350000	90.236165	0.0	0.0
1.549721	1.563050000	90.225111	0.0	0.0
1.565160	1.578900000	90.213946	0.0	0.0
1.580753	1.594910000	90.202667	0.0	0.0
1.596502	1.611090000	90.191270	0.0	0.0
1.612408	1.627420000	90.179752	0.0	0.0
1.628471	1.643910000	90.168113	0.0	0.0
1.644695	1.660560000	90.156348	0.0	0.0
1.661081	1.677380000	90.144454	0.0	0.0
1.677630	1.694360000	90.132428	0.0	0.0
1.694344	1.711510000	90.120268	0.0	0.0
1.711224	1.728820000	90.107972	0.0	0.0
1.728272	1.746310000	90.095536	0.0	0.0
1.745491	1.763960000	90.082957	0.0	0.0
1.762880	1.781790000	90.070234	0.0	0.0
1.780443	1.799790000	90.057362	0.0	0.0
1.798181	1.817960000	90.044339	0.0	0.0
1.816096	1.836310000	90.031162	0.0	0.0
1.834189	1.854840000	90.017830	0.0	0.0
1.852463	1.873550000	90.004337	0.0	0.0
1.870918	1.892430000	89.990684	0.0	0.0
1.889558	1.911500000	89.976865	0.0	0.0
1.908383	1.930750000	89.962880	0.0	0.0
1.927396	1.950190000	89.948725	0.0	0.0
1.946598	1.969810000	89.934398	0.0	0.0
1.965991	1.989620000	89.919895	0.0	0.0
1.985578	2.009620000	89.905215	0.0	0.0
2.005359	2.029820000	89.890355	0.0	0.0
2.025338	2.050200000	89.875311	0.0	0.0
2.045516	2.070780000	89.860083	0.0	0.0
2.065895	2.091560000	89.844666	0.0	0.0
2.086477	2.112540000	89.829059	0.0	0.0
2.107264	2.133720000	89.813259	0.0	0.0
2.128258	2.155100000	89.797264	0.0	0.0
2.149461	2.176690000	89.781071	0.0	0.0
2.170875	2.198480000	89.764678	0.0	0.0
2.192503	2.220490000	89.748082	0.0	0.0
2.214346	2.242700000	89.731282	0.0	0.0
2.236407	2.265140000	89.714274	0.0	0.0
2.258688	2.287790000	89.697056	0.0	0.0
2.281191	2.310660000	89.679627	0.0	0.0
2.303917	2.333750000	89.661984	0.0	0.0
2.326871	2.357070000	89.644124	0.0	0.0
2.350052	2.380630000	89.626047	0.0	0.0
2.373465	2.404410000	89.607748	0.0	0.0
2.397111	2.428430000	89.589226	0.0	0.0
2.420993	2.452690000	89.570480	0.0	0.0
2.445113	2.477190000	89.551506	0.0	0.0
2.469473	2.501940000	89.532303	0.0	0.0
2.494075	2.526940000	89.512870	0.0	0.0
2.518923	2.552200000	89.493202	0.0	0.0
2.544018	2.577710000	89.473300	0.0	0.0
2.569364	2.603500000	89.453160	0.0	0.0
2.594961	2.629550000	89.432783	0.0	0.0
2.620814	2.655870000	89.412163	0.0	0.0
2.646925	2.682480000	89.391300	0.0	0.0
2.673295	2.709370000	89.370193	0.0	0.0
2.699928	2.736550000	89.348840	0.0	0.0
2.726827	2.764030000	89.327237	0.0	0.0
2.753994	2.791810000	89.305384	0.0	0.0
2.781431	2.819890000	89.283279	0.0	0.0
2.809141	2.848300000	89.260921	0.0	0.0
2.837128	2.877020000	89.238306	0.0	0.0
2.865393	2.906070000	89.215435	0.0	0.0
2.893941	2.935460000	89.192303	0.0	0.0
2.922772	2.965190000	89.168912	0.0	0.0
2.951891	2.995260000	89.145257	0.0	0.0
2.981300	3.025700000	89.121338	0.0	0.0
3.011001	3.056490000	89.097153	0.0	0.0
3.040999	3.087660000	89.072700	0.0	0.0
3.071296	3.119200000	89.047978	0.0	0.0
3.101894	3.151140000	89.022985	0.0	0.0
3.132797	3.183460000	88.997719	0.0	0.0
3.164008	3.216190000	88.972179	0.0	0.0
3.195530	3.249320000	88.946363	0.0	0.0
3.227367	3.282870000	88.920268	0.0	0.0
3.259520	3.316840000	88.893894	0.0	0.0
3.291993	3.351240000	88.867239	0.0	0.0
3.324791	3.386080000	88.840301	0.0	0.0
3.357915	3.421360000	88.813078	0.0	0.0
3.391368	3.457090000	88.785570	0.0	0.0
3.425156	3.493280000	88.757773	0.0	0.0
3.459279	3.529920000	88.729687	0.0	0.0
3.493743	3.567030000	88.701309	0.0	0.0
3.528550	3.604610000	88.672638	0.0	0.0
3.563704	3.642660000	88.643672	0.0	0.0
3.599208	3.681190000	88.614409	0.0	0.0
3.635066	3.720190000	88.584847	0.0	0.0
3.671281	3.759670000	88.554984	0.0	0.0
3.707857	3.799640000	88.524820	0.0	0.0
3.744797	3.840080000	88.494351	0.0	0.0
3.782106	3.881000000	88.463575	0.0	0.0
3.819786	3.922390000	88.432491	0.0	0.0
3.857841	3.964260000	88.401097	0.0	0.0
3.896276	4.006600000	88.369391	0.0	0.0
3.935093	4.049400000	88.337370	0.0	0.0
3.974297	4.092660000	88.305033	0.0	0.0
4.013892	4.136360000	88.272377	0.0	0.0
4.053881	4.180510000	88.239400	0.0	0.0
4.094269	4.225100000	88.206100	0.0	0.0
4.135059	4.270100000	88.172474	0.0	0.0
4.176255	4.315520000	88.138521	0.0	0.0
4.217862	4.361340000	88.104238	0.0	0.0
4.259883	4.407550000	88.069622	0.0	0.0
4.302323	4.454130000	88.034670	0.0	0.0
4.345186	4.501090000	87.999381	0.0	0.0
4.388476	4.548390000	87.963751	0.0	0.0
4.432197	4.596040000	87.927779	0.0	0.0
4.476353	4.644010000	87.891461	0.0	0.0
4.520950	4.692310000	87.854793	0.0	0.0
4.565991	4.740910000	87.817774	0.0	0.0
4.611480	4.789810000	87.780402	0.0	0.0
4.657423	4.839010000	87.742671	0.0	0.0
4.703824	4.888490000	87.704579	0.0	0.0
4.750687	4.938260000	87.666124	0.0	0.0
4.798016	4.988310000	87.627302	0.0	0.0
4.845817	5.038660000	87.588110	0.0	0.0
4.894095	5.089290000	87.548543	0.0	0.0
4.942853	5.140240000	87.508600	0.0	0.0
4.992097	5.191500000	87.468276	0.0	0.0
5.041832	5.243100000	87.427567	0.0	0.0
5.092062	5.295060000	87.386470	0.0	0.0
5.142793	5.347400000	87.344981	0.0	0.0
5.194029	5.400160000	87.303096	0.0	0.0
5.245776	5.453370000	87.260810	0.0	0.0
5.298038	5.507080000	87.218121	0.0	0.0
5.350821	5.561330000	87.175024	0.0	0.0
5.404129	5.616160000	87.131514	0.0	0.0
5.457969	5.671630000	87.087587	0.0	0.0
5.512345	5.727800000	87.043239	0.0	0.0
5.567263	5.784730000	86.998464	0.0	0.0
5.622728	5.842460000	86.953259	0.0	0.0
5.678746	5.901070000	86.907617	0.0	0.0
5.735321	5.960620000	86.861536	0.0	0.0
5.792460	6.021170000	86.815009	0.0	0.0
5.850169	6.082760000	86.768031	0.0	0.0
5.908453	6.145460000	86.720596	0.0	0.0
5.967317	6.209320000	86.672701	0.0	0.0
6.026767	6.274370000	86.624339	0.0	0.0
6.086810	6.340650000	86.575504	0.0	0.0
6.147451	6.408180000	86.526190	0.0	0.0
6.208696	6.476980000	86.476393	0.0	0.0
6.270552	6.547050000	86.426105	0.0	0.0
6.333023	6.618380000	86.375321	0.0	0.0
6.396117	6.690940000	86.324034	0.0	0.0
6.459840	6.764690000	86.272238	0.0	0.0
6.524198	6.839570000	86.219926	0.0	0.0
6.589196	6.915530000	86.167092	0.0	0.0
6.654842	6.992480000	86.113729	0.0	0.0
6.721143	7.070320000	86.059830	0.0	0.0
6.788103	7.148940000	86.005388	0.0	0.0
6.855731	7.228240000	85.950396	0.0	0.0
6.924033	7.308090000	85.894845	0.0	0.0
6.993015	7.388370000	85.838729	0.0	0.0
7.062684	7.468950000	85.782041	0.0	0.0
7.133048	7.549720000	85.724770	0.0	0.0
7.204112	7.630560000	85.666912	0.0	0.0
7.275884	7.711370000	85.608456	0.0	0.0
7.348372	7.792080000	85.549394	0.0	0.0
7.421582	7.872630000	85.489718	0.0	0.0
7.495521	7.952990000	85.429420	0.0	0.0
7.570196	8.033150000	85.368491	0.0	0.0
7.645616	8.113170000	85.306920	0.0	0.0
7.721787	8.193110000	85.244699	0.0	0.0
7.798717	8.273070000	85.181820	0.0	0.0
7.876413	8.353210000	85.118271	0.0	0.0
7.954883	8.433710000	85.054045	0.0	0.0
8.034135	8.514800000	84.989129	0.0	0.0
8.114177	8.596700000	84.923515	0.0	0.0
8.195016	8.679700000	84.857191	0.0	0.0
8.276661	8.764080000	84.790148	0.0	0.0
8.359119	8.850110000	84.722375	0.0	0.0
8.442398	8.938080000	84.653861	0.0	0.0
8.526507	9.028240000	84.584594	0.0	0.0
8.611454	9.120810000	84.514564	0.0	0.0
8.697247	9.215970000	84.443758	0.0	0.0
8.783896	9.313840000	84.372165	0.0	0.0
8.871407	9.414470000	84.299773	0.0	0.0
8.959790	9.517820000	84.226570	0.0	0.0
9.049054	9.623790000	84.152543	0.0	0.0
9.139207	9.732160000	84.077680	0.0	0.0
9.230258	9.842670000	84.001967	0.0	0.0
9.322216	9.954950000	83.925392	0.0	0.0
9.415091	10.068600000	83.847941	0.0	0.0
9.508890	10.183000000	83.769601	0.0	0.0
9.603625	10.297800000	83.690357	0.0	0.0
9.699303	10.412500000	83.610196	0.0	0.0
9.795934	10.526500000	83.529103	0.0	0.0
9.893528	10.639500000	83.447064	0.0	0.0
9.992094	10.751000000	83.364064	0.0	0.0
10.091640	10.861000000	83.280089	0.0	0.0
10.192180	10.969300000	83.195120	0.0	0.0
10.293720	11.076000000	83.109145	0.0	0.0
10.396280	11.181400000	83.022140	0.0	0.0
10.499850	11.286000000	82.934105	0.0	0.0
10.604460	11.390300000	82.845007	0.0	0.0
10.710110	11.495300000	82.754838	0.0	0.0
10.816810	11.601600000	82.663581	0.0	0.0
10.924570	11.710300000	82.571219	0.0	0.0
11.033410	11.822300000	82.477727	0.0	0.0
11.143340	11.938400000	82.383087	0.0	0.0
11.254350	12.059400000	82.287299	0.0	0.0
11.366480	12.185600000	82.190320	0.0	0.0
11.479720	12.317400000	82.092147	0.0	0.0
11.594090	12.454500000	81.992756	0.0	0.0
11.709600	12.596500000	81.892127	0.0	0.0
11.826250	12.742600000	81.790250	0.0	0.0
11.944080	12.891600000	81.687080	0.0	0.0
12.063070	13.042100000	81.582625	0.0	0.0
12.183250	13.192600000	81.476848	0.0	0.0
12.304630	13.341600000	81.369729	0.0	0.0
12.427220	13.487600000	81.261248	0.0	0.0
12.551030	13.629500000	81.151387	0.0	0.0
12.676070	13.766700000	81.040123	0.0	0.0
12.802360	13.899200000	80.927428	0.0	0.0
12.929900	14.027700000	80.813291	0.0	0.0
13.058720	14.153600000	80.697672	0.0	0.0
13.188820	14.279000000	80.580560	0.0	0.0
13.320220	14.406700000	80.461924	0.0	0.0
13.452920	14.539700000	80.341751	0.0	0.0
13.586950	14.681100000	80.220002	0.0	0.0
13.722310	14.833600000	80.096663	0.0	0.0
13.859020	14.998700000	79.971704	0.0	0.0
13.997100	15.176800000	79.845092	0.0	0.0
14.136540	15.366100000	79.716823	0.0	0.0
14.277380	15.562500000	79.586846	0.0	0.0
14.419620	15.758900000	79.455148	0.0	0.0
14.563280	15.945400000	79.321696	0.0	0.0
14.708370	16.109100000	79.186465	0.0	0.0
14.854910	16.234700000	79.049422	0.0	0.0
15.002900	16.304700000	78.910554	0.0	0.0
15.152370	16.300600000	78.769815	0.0	0.0
15.303330	16.203800000	78.627182	0.0	0.0
15.455790	15.997300000	78.482630	0.0	0.0
15.609770	15.666600000	78.336123	0.0	0.0
15.765290	15.201400000	78.187627	0.0	0.0
15.922350	14.596800000	78.037126	0.0	0.0
16.080980	13.853900000	77.884574	0.0	0.0
16.241190	12.981000000	77.729945	0.0	0.0
16.403000	11.993200000	77.573203	0.0	0.0
16.566420	10.912000000	77.414321	0.0	0.0
16.731460	9.764200000	77.253273	0.0	0.0
16.898160	8.580760000	77.090000	0.0	0.0
17.066510	7.394470000	76.924496	0.0	0.0
17.236540	6.238050000	76.756713	0.0	0.0
17.408260	5.141990000	76.586623	0.0	0.0
17.581690	4.132500000	76.414188	0.0	0.0
17.756850	3.229970000	76.239368	0.0	0.0
17.933760	2.447860000	76.062126	0.0	0.0
18.112430	1.792250000	75.882431	0.0	0.0
18.292880	1.262050000	75.700245	0.0	0.0
18.475120	0.849846000	75.515537	0.0	0.0
18.659180	0.543198000	75.328256	0.0	0.0
18.845080	0.326283000	75.138364	0.0	0.0
19.032830	0.181635000	74.945828	0.0	0.0
19.222450	0.091789600	74.750607	0.0	0.0
19.413950	0.040690700	74.552670	0.0	0.0
19.607370	0.014752400	74.351954	0.0	0.0
19.802710	0.003584950	74.148438	0.0	0.0
20.000000	0.000484115	73.942068	0.0	0.0

