# UNCLASSIFIED
#
# Response info for KVAR IDC short-period site.
#
# Effective: 25 Oct 1996 
# Response Created: 7 MAR 2011 
# File name: KVAR.SP.1287995379
# Inid: 8489 8490 8491 8492 8493 8494
# Source:  James Neely (TTD), TSgt Gregory Swindle
# System equipment: Geotech GS-13 sensor and Nanometrics Europa T digitizer
#
# This response file was derived from equations of state.
# Displacement response relative to 1.0 at 1.0 Hz.
#
# The calib values for this configuration are as follows:
#
# KIV0 SHZ is 0.022510 nm/count at 1.0 Hz.
# KIV0 SHN is 0.022510 nm/count at 1.0 Hz.
# KIV0 SHE is 0.022510 nm/count at 1.0 Hz.
# KIV1 SHZ is 0.022510 nm/count at 1.0 Hz.
# KIV2 SHZ is 0.022510 nm/count at 1.0 Hz.
# KIV3 SHZ is 0.022510 nm/count at 1.0 Hz.
#
# Freq(Hz)     Amp(counts/nm)   Phase(deg)  Error(amp)  Error(phase)
#
 theoretical  0       system    fap   J.Neely
1000
0.010000	0.000001500	269.140266	0.0	0.0
0.010076	0.000001535	269.133699	0.0	0.0
0.010153	0.000001570	269.127083	0.0	0.0
0.010231	0.000001606	269.120415	0.0	0.0
0.010309	0.000001643	269.113697	0.0	0.0
0.010388	0.000001681	269.106928	0.0	0.0
0.010467	0.000001720	269.100106	0.0	0.0
0.010547	0.000001760	269.093233	0.0	0.0
0.010628	0.000001801	269.086307	0.0	0.0
0.010709	0.000001842	269.079328	0.0	0.0
0.010791	0.000001885	269.072296	0.0	0.0
0.010873	0.000001928	269.065210	0.0	0.0
0.010956	0.000001973	269.058070	0.0	0.0
0.011040	0.000002018	269.050876	0.0	0.0
0.011124	0.000002065	269.043627	0.0	0.0
0.011209	0.000002112	269.036322	0.0	0.0
0.011295	0.000002161	269.028961	0.0	0.0
0.011381	0.000002211	269.021545	0.0	0.0
0.011468	0.000002262	269.014071	0.0	0.0
0.011555	0.000002314	269.006540	0.0	0.0
0.011644	0.000002368	268.998952	0.0	0.0
0.011733	0.000002423	268.991306	0.0	0.0
0.011822	0.000002478	268.983602	0.0	0.0
0.011912	0.000002536	268.975838	0.0	0.0
0.012003	0.000002594	268.968016	0.0	0.0
0.012095	0.000002654	268.960133	0.0	0.0
0.012187	0.000002715	268.952190	0.0	0.0
0.012281	0.000002778	268.944187	0.0	0.0
0.012374	0.000002842	268.936123	0.0	0.0
0.012469	0.000002908	268.927997	0.0	0.0
0.012564	0.000002975	268.919809	0.0	0.0
0.012660	0.000003044	268.911558	0.0	0.0
0.012757	0.000003114	268.903245	0.0	0.0
0.012854	0.000003186	268.894867	0.0	0.0
0.012952	0.000003259	268.886426	0.0	0.0
0.013051	0.000003335	268.877920	0.0	0.0
0.013151	0.000003412	268.869350	0.0	0.0
0.013251	0.000003490	268.860713	0.0	0.0
0.013353	0.000003571	268.852011	0.0	0.0
0.013455	0.000003653	268.843243	0.0	0.0
0.013557	0.000003738	268.834407	0.0	0.0
0.013661	0.000003824	268.825504	0.0	0.0
0.013765	0.000003912	268.816534	0.0	0.0
0.013870	0.000004003	268.807493	0.0	0.0
0.013976	0.000004095	268.798385	0.0	0.0
0.014083	0.000004190	268.789206	0.0	0.0
0.014191	0.000004286	268.779959	0.0	0.0
0.014299	0.000004385	268.770639	0.0	0.0
0.014408	0.000004487	268.761249	0.0	0.0
0.014518	0.000004590	268.751787	0.0	0.0
0.014629	0.000004696	268.742253	0.0	0.0
0.014741	0.000004805	268.732646	0.0	0.0
0.014853	0.000004915	268.722965	0.0	0.0
0.014967	0.000005029	268.713210	0.0	0.0
0.015081	0.000005145	268.703381	0.0	0.0
0.015196	0.000005264	268.693477	0.0	0.0
0.015312	0.000005385	268.683498	0.0	0.0
0.015429	0.000005510	268.673442	0.0	0.0
0.015547	0.000005637	268.663309	0.0	0.0
0.015666	0.000005767	268.653099	0.0	0.0
0.015786	0.000005900	268.642811	0.0	0.0
0.015906	0.000006036	268.632443	0.0	0.0
0.016028	0.000006176	268.621997	0.0	0.0
0.016150	0.000006318	268.611471	0.0	0.0
0.016273	0.000006464	268.600865	0.0	0.0
0.016398	0.000006613	268.590178	0.0	0.0
0.016523	0.000006766	268.579409	0.0	0.0
0.016649	0.000006922	268.568557	0.0	0.0
0.016776	0.000007082	268.557624	0.0	0.0
0.016904	0.000007246	268.546606	0.0	0.0
0.017033	0.000007413	268.535504	0.0	0.0
0.017164	0.000007584	268.524317	0.0	0.0
0.017295	0.000007759	268.513045	0.0	0.0
0.017427	0.000007938	268.501686	0.0	0.0
0.017560	0.000008122	268.490241	0.0	0.0
0.017694	0.000008309	268.478708	0.0	0.0
0.017829	0.000008501	268.467088	0.0	0.0
0.017965	0.000008697	268.455378	0.0	0.0
0.018102	0.000008898	268.443579	0.0	0.0
0.018241	0.000009103	268.431690	0.0	0.0
0.018380	0.000009314	268.419710	0.0	0.0
0.018520	0.000009529	268.407638	0.0	0.0
0.018662	0.000009749	268.395474	0.0	0.0
0.018804	0.000009974	268.383218	0.0	0.0
0.018948	0.000010204	268.370867	0.0	0.0
0.019093	0.000010440	268.358422	0.0	0.0
0.019239	0.000010681	268.345882	0.0	0.0
0.019386	0.000010927	268.333247	0.0	0.0
0.019534	0.000011179	268.320515	0.0	0.0
0.019683	0.000011438	268.307685	0.0	0.0
0.019833	0.000011702	268.294757	0.0	0.0
0.019985	0.000011972	268.281731	0.0	0.0
0.020137	0.000012248	268.268605	0.0	0.0
0.020291	0.000012531	268.255379	0.0	0.0
0.020446	0.000012820	268.242051	0.0	0.0
0.020602	0.000013116	268.228622	0.0	0.0
0.020759	0.000013419	268.215090	0.0	0.0
0.020918	0.000013729	268.201455	0.0	0.0
0.021078	0.000014046	268.187715	0.0	0.0
0.021239	0.000014370	268.173871	0.0	0.0
0.021401	0.000014702	268.159920	0.0	0.0
0.021564	0.000015041	268.145864	0.0	0.0
0.021729	0.000015388	268.131699	0.0	0.0
0.021895	0.000015744	268.117427	0.0	0.0
0.022062	0.000016107	268.103045	0.0	0.0
0.022231	0.000016479	268.088553	0.0	0.0
0.022401	0.000016860	268.073951	0.0	0.0
0.022572	0.000017249	268.059237	0.0	0.0
0.022744	0.000017647	268.044410	0.0	0.0
0.022918	0.000018054	268.029471	0.0	0.0
0.023093	0.000018471	268.014417	0.0	0.0
0.023269	0.000018898	267.999248	0.0	0.0
0.023447	0.000019334	267.983963	0.0	0.0
0.023626	0.000019780	267.968561	0.0	0.0
0.023806	0.000020237	267.953042	0.0	0.0
0.023988	0.000020704	267.937404	0.0	0.0
0.024171	0.000021182	267.921646	0.0	0.0
0.024356	0.000021671	267.905768	0.0	0.0
0.024542	0.000022172	267.889768	0.0	0.0
0.024730	0.000022683	267.873646	0.0	0.0
0.024918	0.000023207	267.857401	0.0	0.0
0.025109	0.000023743	267.841032	0.0	0.0
0.025300	0.000024291	267.824537	0.0	0.0
0.025494	0.000024852	267.807917	0.0	0.0
0.025688	0.000025426	267.791169	0.0	0.0
0.025885	0.000026013	267.774293	0.0	0.0
0.026082	0.000026613	267.757289	0.0	0.0
0.026282	0.000027228	267.740154	0.0	0.0
0.026482	0.000027856	267.722889	0.0	0.0
0.026685	0.000028499	267.705491	0.0	0.0
0.026888	0.000029157	267.687960	0.0	0.0
0.027094	0.000029830	267.670295	0.0	0.0
0.027301	0.000030519	267.652495	0.0	0.0
0.027509	0.000031224	267.634559	0.0	0.0
0.027719	0.000031944	267.616486	0.0	0.0
0.027931	0.000032682	267.598276	0.0	0.0
0.028144	0.000033436	267.579925	0.0	0.0
0.028359	0.000034208	267.561434	0.0	0.0
0.028576	0.000034998	267.542802	0.0	0.0
0.028794	0.000035806	267.524028	0.0	0.0
0.029014	0.000036633	267.505109	0.0	0.0
0.029236	0.000037478	267.486046	0.0	0.0
0.029459	0.000038344	267.466837	0.0	0.0
0.029684	0.000039229	267.447482	0.0	0.0
0.029911	0.000040135	267.427979	0.0	0.0
0.030139	0.000041061	267.408326	0.0	0.0
0.030369	0.000042009	267.388523	0.0	0.0
0.030601	0.000042979	267.368568	0.0	0.0
0.030835	0.000043971	267.348461	0.0	0.0
0.031070	0.000044986	267.328200	0.0	0.0
0.031308	0.000046025	267.307784	0.0	0.0
0.031547	0.000047087	267.287212	0.0	0.0
0.031788	0.000048174	267.266483	0.0	0.0
0.032030	0.000049287	267.245595	0.0	0.0
0.032275	0.000050424	267.224547	0.0	0.0
0.032522	0.000051588	267.203339	0.0	0.0
0.032770	0.000052779	267.181967	0.0	0.0
0.033020	0.000053998	267.160433	0.0	0.0
0.033272	0.000055244	267.138734	0.0	0.0
0.033527	0.000056520	267.116869	0.0	0.0
0.033783	0.000057825	267.094836	0.0	0.0
0.034041	0.000059160	267.072635	0.0	0.0
0.034301	0.000060525	267.050264	0.0	0.0
0.034563	0.000061923	267.027722	0.0	0.0
0.034827	0.000063352	267.005007	0.0	0.0
0.035093	0.000064815	266.982119	0.0	0.0
0.035361	0.000066311	266.959056	0.0	0.0
0.035631	0.000067842	266.935815	0.0	0.0
0.035903	0.000069408	266.912398	0.0	0.0
0.036177	0.000071010	266.888801	0.0	0.0
0.036453	0.000072649	266.865023	0.0	0.0
0.036732	0.000074327	266.841064	0.0	0.0
0.037012	0.000076042	266.816921	0.0	0.0
0.037295	0.000077798	266.792594	0.0	0.0
0.037580	0.000079594	266.768080	0.0	0.0
0.037867	0.000081431	266.743378	0.0	0.0
0.038156	0.000083311	266.718487	0.0	0.0
0.038447	0.000085234	266.693406	0.0	0.0
0.038741	0.000087202	266.668134	0.0	0.0
0.039037	0.000089215	266.642667	0.0	0.0
0.039335	0.000091275	266.617006	0.0	0.0
0.039636	0.000093382	266.591147	0.0	0.0
0.039938	0.000095537	266.565092	0.0	0.0
0.040243	0.000097743	266.538837	0.0	0.0
0.040551	0.000099999	266.512380	0.0	0.0
0.040860	0.000102308	266.485721	0.0	0.0
0.041172	0.000104669	266.458858	0.0	0.0
0.041487	0.000107086	266.431789	0.0	0.0
0.041804	0.000109558	266.404514	0.0	0.0
0.042123	0.000112087	266.377029	0.0	0.0
0.042445	0.000114674	266.349333	0.0	0.0
0.042769	0.000117322	266.321426	0.0	0.0
0.043096	0.000120030	266.293305	0.0	0.0
0.043425	0.000122801	266.264969	0.0	0.0
0.043756	0.000125635	266.236415	0.0	0.0
0.044091	0.000128536	266.207643	0.0	0.0
0.044427	0.000131503	266.178651	0.0	0.0
0.044767	0.000134538	266.149436	0.0	0.0
0.045108	0.000137644	266.119997	0.0	0.0
0.045453	0.000140821	266.090333	0.0	0.0
0.045800	0.000144072	266.060442	0.0	0.0
0.046150	0.000147398	266.030322	0.0	0.0
0.046502	0.000150800	265.999971	0.0	0.0
0.046858	0.000154281	265.969387	0.0	0.0
0.047215	0.000157843	265.938569	0.0	0.0
0.047576	0.000161486	265.907515	0.0	0.0
0.047939	0.000165214	265.876223	0.0	0.0
0.048306	0.000169028	265.844691	0.0	0.0
0.048675	0.000172929	265.812918	0.0	0.0
0.049046	0.000176921	265.780901	0.0	0.0
0.049421	0.000181005	265.748638	0.0	0.0
0.049798	0.000185183	265.716129	0.0	0.0
0.050179	0.000189458	265.683369	0.0	0.0
0.050562	0.000193831	265.650359	0.0	0.0
0.050948	0.000198305	265.617096	0.0	0.0
0.051337	0.000202883	265.583578	0.0	0.0
0.051729	0.000207566	265.549803	0.0	0.0
0.052124	0.000212357	265.515768	0.0	0.0
0.052522	0.000217259	265.481473	0.0	0.0
0.052924	0.000222274	265.446915	0.0	0.0
0.053328	0.000227404	265.412091	0.0	0.0
0.053735	0.000232653	265.377001	0.0	0.0
0.054145	0.000238023	265.341642	0.0	0.0
0.054559	0.000243518	265.306011	0.0	0.0
0.054976	0.000249139	265.270107	0.0	0.0
0.055396	0.000254889	265.233928	0.0	0.0
0.055819	0.000260772	265.197470	0.0	0.0
0.056245	0.000266791	265.160733	0.0	0.0
0.056675	0.000272950	265.123715	0.0	0.0
0.057107	0.000279249	265.086412	0.0	0.0
0.057544	0.000285695	265.048823	0.0	0.0
0.057983	0.000292289	265.010946	0.0	0.0
0.058426	0.000299036	264.972777	0.0	0.0
0.058872	0.000305938	264.934316	0.0	0.0
0.059322	0.000312999	264.895559	0.0	0.0
0.059775	0.000320223	264.856505	0.0	0.0
0.060231	0.000327615	264.817151	0.0	0.0
0.060691	0.000335176	264.777495	0.0	0.0
0.061155	0.000342912	264.737534	0.0	0.0
0.061622	0.000350827	264.697266	0.0	0.0
0.062093	0.000358924	264.656689	0.0	0.0
0.062567	0.000367208	264.615801	0.0	0.0
0.063045	0.000375683	264.574598	0.0	0.0
0.063526	0.000384354	264.533079	0.0	0.0
0.064011	0.000393225	264.491240	0.0	0.0
0.064500	0.000402300	264.449081	0.0	0.0
0.064993	0.000411585	264.406597	0.0	0.0
0.065489	0.000421084	264.363788	0.0	0.0
0.065990	0.000430803	264.320648	0.0	0.0
0.066494	0.000440745	264.277177	0.0	0.0
0.067001	0.000450917	264.233372	0.0	0.0
0.067513	0.000461324	264.189230	0.0	0.0
0.068029	0.000471971	264.144749	0.0	0.0
0.068548	0.000482863	264.099926	0.0	0.0
0.069072	0.000494007	264.054758	0.0	0.0
0.069599	0.000505408	264.009243	0.0	0.0
0.070131	0.000517072	263.963377	0.0	0.0
0.070667	0.000529005	263.917158	0.0	0.0
0.071206	0.000541213	263.870585	0.0	0.0
0.071750	0.000553703	263.823653	0.0	0.0
0.072298	0.000566481	263.776359	0.0	0.0
0.072850	0.000579554	263.728701	0.0	0.0
0.073407	0.000592928	263.680678	0.0	0.0
0.073967	0.000606611	263.632283	0.0	0.0
0.074532	0.000620610	263.583517	0.0	0.0
0.075102	0.000634932	263.534375	0.0	0.0
0.075675	0.000649584	263.484854	0.0	0.0
0.076253	0.000664574	263.434952	0.0	0.0
0.076835	0.000679910	263.384667	0.0	0.0
0.077422	0.000695599	263.333992	0.0	0.0
0.078014	0.000711650	263.282929	0.0	0.0
0.078609	0.000728072	263.231471	0.0	0.0
0.079210	0.000744873	263.179617	0.0	0.0
0.079815	0.000762061	263.127363	0.0	0.0
0.080424	0.000779645	263.074706	0.0	0.0
0.081039	0.000797635	263.021644	0.0	0.0
0.081658	0.000816040	262.968171	0.0	0.0
0.082281	0.000834870	262.914287	0.0	0.0
0.082910	0.000854134	262.859988	0.0	0.0
0.083543	0.000873842	262.805269	0.0	0.0
0.084181	0.000894004	262.750128	0.0	0.0
0.084824	0.000914632	262.694562	0.0	0.0
0.085472	0.000935736	262.638566	0.0	0.0
0.086124	0.000957326	262.582139	0.0	0.0
0.086782	0.000979414	262.525275	0.0	0.0
0.087445	0.001002010	262.467973	0.0	0.0
0.088113	0.001025130	262.410228	0.0	0.0
0.088786	0.001048780	262.352038	0.0	0.0
0.089464	0.001072980	262.293398	0.0	0.0
0.090147	0.001097730	262.234304	0.0	0.0
0.090836	0.001123060	262.174754	0.0	0.0
0.091530	0.001148970	262.114743	0.0	0.0
0.092229	0.001175480	262.054269	0.0	0.0
0.092933	0.001202600	261.993327	0.0	0.0
0.093643	0.001230340	261.931914	0.0	0.0
0.094358	0.001258720	261.870025	0.0	0.0
0.095079	0.001287760	261.807658	0.0	0.0
0.095805	0.001317470	261.744808	0.0	0.0
0.096537	0.001347860	261.681473	0.0	0.0
0.097274	0.001378950	261.617646	0.0	0.0
0.098017	0.001410760	261.553326	0.0	0.0
0.098765	0.001443310	261.488507	0.0	0.0
0.099520	0.001476600	261.423187	0.0	0.0
0.100280	0.001510660	261.357357	0.0	0.0
0.101046	0.001545510	261.291020	0.0	0.0
0.101817	0.001581160	261.224172	0.0	0.0
0.102595	0.001617630	261.156806	0.0	0.0
0.103379	0.001654940	261.088912	0.0	0.0
0.104168	0.001693110	261.020491	0.0	0.0
0.104964	0.001732160	260.951549	0.0	0.0
0.105765	0.001772110	260.882063	0.0	0.0
0.106573	0.001812990	260.812039	0.0	0.0
0.107387	0.001854800	260.741477	0.0	0.0
0.108207	0.001897580	260.670361	0.0	0.0
0.109034	0.001941340	260.598689	0.0	0.0
0.109867	0.001986110	260.526470	0.0	0.0
0.110706	0.002031920	260.453686	0.0	0.0
0.111551	0.002078780	260.380337	0.0	0.0
0.112403	0.002126720	260.306415	0.0	0.0
0.113262	0.002175760	260.231918	0.0	0.0
0.114127	0.002225930	260.156847	0.0	0.0
0.114998	0.002277260	260.081184	0.0	0.0
0.115877	0.002329780	260.004937	0.0	0.0
0.116762	0.002383500	259.928097	0.0	0.0
0.117653	0.002438460	259.850656	0.0	0.0
0.118552	0.002494680	259.772621	0.0	0.0
0.119457	0.002552210	259.693966	0.0	0.0
0.120370	0.002611050	259.614708	0.0	0.0
0.121289	0.002671250	259.534821	0.0	0.0
0.122215	0.002732840	259.454321	0.0	0.0
0.123149	0.002795850	259.373192	0.0	0.0
0.124089	0.002860310	259.291423	0.0	0.0
0.125037	0.002926250	259.209024	0.0	0.0
0.125992	0.002993710	259.125976	0.0	0.0
0.126954	0.003062720	259.042279	0.0	0.0
0.127924	0.003133330	258.957932	0.0	0.0
0.128901	0.003205560	258.872927	0.0	0.0
0.129886	0.003279450	258.787254	0.0	0.0
0.130878	0.003355040	258.700913	0.0	0.0
0.131877	0.003432370	258.613895	0.0	0.0
0.132884	0.003511490	258.526199	0.0	0.0
0.133899	0.003592420	258.437816	0.0	0.0
0.134922	0.003675220	258.348736	0.0	0.0
0.135952	0.003759930	258.258969	0.0	0.0
0.136991	0.003846580	258.168486	0.0	0.0
0.138037	0.003935220	258.077306	0.0	0.0
0.139091	0.004025910	257.985402	0.0	0.0
0.140154	0.004118690	257.892781	0.0	0.0
0.141224	0.004213600	257.799435	0.0	0.0
0.142303	0.004310690	257.705354	0.0	0.0
0.143389	0.004410020	257.610529	0.0	0.0
0.144485	0.004511630	257.514968	0.0	0.0
0.145588	0.004615580	257.418652	0.0	0.0
0.146700	0.004721920	257.321574	0.0	0.0
0.147820	0.004830710	257.223740	0.0	0.0
0.148949	0.004942000	257.125132	0.0	0.0
0.150087	0.005055850	257.025750	0.0	0.0
0.151233	0.005172320	256.925585	0.0	0.0
0.152388	0.005291460	256.824636	0.0	0.0
0.153552	0.005413350	256.722884	0.0	0.0
0.154725	0.005538030	256.620329	0.0	0.0
0.155907	0.005665590	256.516970	0.0	0.0
0.157097	0.005796080	256.412797	0.0	0.0
0.158297	0.005929560	256.307802	0.0	0.0
0.159506	0.006066110	256.201975	0.0	0.0
0.160725	0.006205810	256.095305	0.0	0.0
0.161952	0.006348710	255.987801	0.0	0.0
0.163189	0.006494900	255.879445	0.0	0.0
0.164435	0.006644440	255.770227	0.0	0.0
0.165691	0.006797420	255.660147	0.0	0.0
0.166957	0.006953920	255.549202	0.0	0.0
0.168232	0.007114010	255.437366	0.0	0.0
0.169517	0.007277780	255.324648	0.0	0.0
0.170811	0.007445300	255.211045	0.0	0.0
0.172116	0.007616680	255.096531	0.0	0.0
0.173431	0.007791990	254.981104	0.0	0.0
0.174755	0.007971330	254.864773	0.0	0.0
0.176090	0.008154780	254.747510	0.0	0.0
0.177435	0.008342440	254.629314	0.0	0.0
0.178790	0.008534410	254.510176	0.0	0.0
0.180155	0.008730790	254.390093	0.0	0.0
0.181531	0.008931670	254.269057	0.0	0.0
0.182918	0.009137160	254.147048	0.0	0.0
0.184315	0.009347370	254.024074	0.0	0.0
0.185722	0.009562390	253.900116	0.0	0.0
0.187141	0.009782350	253.775165	0.0	0.0
0.188570	0.010007400	253.649219	0.0	0.0
0.190010	0.010237500	253.522268	0.0	0.0
0.191462	0.010473000	253.394302	0.0	0.0
0.192924	0.010713800	253.265311	0.0	0.0
0.194397	0.010960100	253.135284	0.0	0.0
0.195882	0.011212100	253.004221	0.0	0.0
0.197378	0.011469900	252.872111	0.0	0.0
0.198886	0.011733600	252.738935	0.0	0.0
0.200405	0.012003300	252.604692	0.0	0.0
0.201935	0.012279200	252.469371	0.0	0.0
0.203478	0.012561400	252.332962	0.0	0.0
0.205032	0.012850100	252.195455	0.0	0.0
0.206598	0.013145400	252.056848	0.0	0.0
0.208175	0.013447400	251.917121	0.0	0.0
0.209765	0.013756400	251.776274	0.0	0.0
0.211367	0.014072400	251.634287	0.0	0.0
0.212982	0.014395600	251.491150	0.0	0.0
0.214608	0.014726300	251.346869	0.0	0.0
0.216248	0.015064500	251.201416	0.0	0.0
0.217899	0.015410400	251.054789	0.0	0.0
0.219563	0.015764300	250.906979	0.0	0.0
0.221240	0.016126200	250.757973	0.0	0.0
0.222930	0.016496400	250.607762	0.0	0.0
0.224633	0.016875000	250.456325	0.0	0.0
0.226348	0.017262300	250.303671	0.0	0.0
0.228077	0.017658500	250.149769	0.0	0.0
0.229819	0.018063700	249.994627	0.0	0.0
0.231574	0.018478100	249.838225	0.0	0.0
0.233343	0.018902000	249.680543	0.0	0.0
0.235125	0.019335500	249.521580	0.0	0.0
0.236921	0.019779000	249.361332	0.0	0.0
0.238730	0.020232500	249.199772	0.0	0.0
0.240554	0.020696400	249.036896	0.0	0.0
0.242391	0.021170800	248.872685	0.0	0.0
0.244242	0.021656100	248.707145	0.0	0.0
0.246107	0.022152400	248.540248	0.0	0.0
0.247987	0.022660000	248.371981	0.0	0.0
0.249881	0.023179200	248.202343	0.0	0.0
0.251790	0.023710200	248.031313	0.0	0.0
0.253713	0.024253200	247.858889	0.0	0.0
0.255650	0.024808700	247.685041	0.0	0.0
0.257603	0.025376700	247.509776	0.0	0.0
0.259570	0.025957600	247.333064	0.0	0.0
0.261553	0.026551700	247.154911	0.0	0.0
0.263550	0.027159400	246.975288	0.0	0.0
0.265563	0.027780800	246.794184	0.0	0.0
0.267592	0.028416300	246.611585	0.0	0.0
0.269635	0.029066200	246.427491	0.0	0.0
0.271695	0.029730900	246.241870	0.0	0.0
0.273770	0.030410600	246.054728	0.0	0.0
0.275861	0.031105700	245.866028	0.0	0.0
0.277968	0.031816600	245.675775	0.0	0.0
0.280091	0.032543500	245.483956	0.0	0.0
0.282230	0.033286900	245.290543	0.0	0.0
0.284385	0.034047100	245.095522	0.0	0.0
0.286557	0.034824500	244.898890	0.0	0.0
0.288746	0.035619500	244.700627	0.0	0.0
0.290951	0.036432400	244.500720	0.0	0.0
0.293173	0.037263700	244.299156	0.0	0.0
0.295412	0.038113700	244.095915	0.0	0.0
0.297669	0.038982900	243.890974	0.0	0.0
0.299942	0.039871600	243.684340	0.0	0.0
0.302233	0.040780400	243.475982	0.0	0.0
0.304541	0.041709700	243.265887	0.0	0.0
0.306867	0.042659800	243.054034	0.0	0.0
0.309211	0.043631300	242.840419	0.0	0.0
0.311573	0.044624700	242.625020	0.0	0.0
0.313952	0.045640300	242.407826	0.0	0.0
0.316350	0.046678800	242.188804	0.0	0.0
0.318766	0.047740500	241.967960	0.0	0.0
0.321201	0.048826100	241.745263	0.0	0.0
0.323654	0.049935900	241.520701	0.0	0.0
0.326126	0.051070600	241.294261	0.0	0.0
0.328617	0.052230700	241.065920	0.0	0.0
0.331126	0.053416700	240.835665	0.0	0.0
0.333655	0.054629100	240.603475	0.0	0.0
0.336204	0.055868700	240.369337	0.0	0.0
0.338771	0.057135800	240.133237	0.0	0.0
0.341359	0.058431300	239.895144	0.0	0.0
0.343966	0.059755500	239.655045	0.0	0.0
0.346593	0.061109200	239.412936	0.0	0.0
0.349240	0.062493000	239.168786	0.0	0.0
0.351908	0.063907500	238.922573	0.0	0.0
0.354595	0.065353300	238.674292	0.0	0.0
0.357303	0.066831300	238.423921	0.0	0.0
0.360032	0.068341900	238.171439	0.0	0.0
0.362782	0.069885900	237.916822	0.0	0.0
0.365553	0.071464100	237.660066	0.0	0.0
0.368345	0.073077100	237.401141	0.0	0.0
0.371158	0.074725600	237.140024	0.0	0.0
0.373993	0.076410500	236.876711	0.0	0.0
0.376849	0.078132400	236.611171	0.0	0.0
0.379727	0.079892200	236.343390	0.0	0.0
0.382628	0.081690500	236.073346	0.0	0.0
0.385550	0.083528300	235.801027	0.0	0.0
0.388494	0.085406300	235.526410	0.0	0.0
0.391462	0.087325400	235.249464	0.0	0.0
0.394451	0.089286400	234.970186	0.0	0.0
0.397464	0.091290100	234.688553	0.0	0.0
0.400500	0.093337500	234.404533	0.0	0.0
0.403559	0.095429400	234.118125	0.0	0.0
0.406641	0.097566700	233.829297	0.0	0.0
0.409746	0.099750300	233.538035	0.0	0.0
0.412876	0.101981000	233.244311	0.0	0.0
0.416029	0.104260000	232.948119	0.0	0.0
0.419207	0.106589000	232.649431	0.0	0.0
0.422408	0.108967000	232.348224	0.0	0.0
0.425635	0.111397000	232.044478	0.0	0.0
0.428885	0.113878000	231.738180	0.0	0.0
0.432161	0.116413000	231.429311	0.0	0.0
0.435462	0.119002000	231.117839	0.0	0.0
0.438787	0.121647000	230.803763	0.0	0.0
0.442139	0.124347000	230.487045	0.0	0.0
0.445516	0.127105000	230.167682	0.0	0.0
0.448918	0.129922000	229.845636	0.0	0.0
0.452347	0.132798000	229.520906	0.0	0.0
0.455802	0.135736000	229.193464	0.0	0.0
0.459283	0.138735000	228.863290	0.0	0.0
0.462791	0.141797000	228.530364	0.0	0.0
0.466325	0.144923000	228.194679	0.0	0.0
0.469887	0.148115000	227.856197	0.0	0.0
0.473476	0.151373000	227.514909	0.0	0.0
0.477092	0.154699000	227.170798	0.0	0.0
0.480736	0.158095000	226.823845	0.0	0.0
0.484407	0.161561000	226.474036	0.0	0.0
0.488107	0.165098000	226.121342	0.0	0.0
0.491835	0.168709000	225.765758	0.0	0.0
0.495591	0.172393000	225.407259	0.0	0.0
0.499376	0.176153000	225.045829	0.0	0.0
0.503190	0.179990000	224.681454	0.0	0.0
0.507033	0.183905000	224.314118	0.0	0.0
0.510906	0.187900000	223.943800	0.0	0.0
0.514808	0.191975000	223.570485	0.0	0.0
0.518740	0.196132000	223.194172	0.0	0.0
0.522702	0.200374000	222.814827	0.0	0.0
0.526694	0.204700000	222.432441	0.0	0.0
0.530716	0.209112000	222.047012	0.0	0.0
0.534770	0.213612000	221.658510	0.0	0.0
0.538854	0.218202000	221.266937	0.0	0.0
0.542970	0.222882000	220.872273	0.0	0.0
0.547117	0.227653000	220.474501	0.0	0.0
0.551295	0.232519000	220.073624	0.0	0.0
0.555506	0.237479000	219.669625	0.0	0.0
0.559748	0.242536000	219.262490	0.0	0.0
0.564024	0.247690000	218.852214	0.0	0.0
0.568331	0.252943000	218.438794	0.0	0.0
0.572672	0.258298000	218.022207	0.0	0.0
0.577046	0.263754000	217.602461	0.0	0.0
0.581453	0.269314000	217.179546	0.0	0.0
0.585894	0.274978000	216.753453	0.0	0.0
0.590369	0.280749000	216.324192	0.0	0.0
0.594878	0.286628000	215.891737	0.0	0.0
0.599421	0.292617000	215.456102	0.0	0.0
0.603999	0.298716000	215.017281	0.0	0.0
0.608612	0.304927000	214.575280	0.0	0.0
0.613260	0.311252000	214.130088	0.0	0.0
0.617944	0.317692000	213.681713	0.0	0.0
0.622664	0.324248000	213.230154	0.0	0.0
0.627419	0.330921000	212.775424	0.0	0.0
0.632211	0.337714000	212.317525	0.0	0.0
0.637040	0.344628000	211.856452	0.0	0.0
0.641905	0.351663000	211.392229	0.0	0.0
0.646808	0.358821000	210.924865	0.0	0.0
0.651748	0.366104000	210.454348	0.0	0.0
0.656726	0.373512000	209.980718	0.0	0.0
0.661741	0.381048000	209.503967	0.0	0.0
0.666795	0.388711000	209.024128	0.0	0.0
0.671888	0.396504000	208.541198	0.0	0.0
0.677020	0.404427000	208.055202	0.0	0.0
0.682190	0.412482000	207.566169	0.0	0.0
0.687401	0.420670000	207.074100	0.0	0.0
0.692651	0.428992000	206.579036	0.0	0.0
0.697941	0.437449000	206.080982	0.0	0.0
0.703271	0.446041000	205.579983	0.0	0.0
0.708643	0.454771000	205.076056	0.0	0.0
0.714055	0.463638000	204.569222	0.0	0.0
0.719508	0.472645000	204.059521	0.0	0.0
0.725004	0.481790000	203.546978	0.0	0.0
0.730541	0.491077000	203.031636	0.0	0.0
0.736121	0.500504000	202.513514	0.0	0.0
0.741743	0.510074000	201.992669	0.0	0.0
0.747408	0.519786000	201.469124	0.0	0.0
0.753116	0.529642000	200.942932	0.0	0.0
0.758868	0.539641000	200.414117	0.0	0.0
0.764664	0.549785000	199.882737	0.0	0.0
0.770504	0.560073000	199.348840	0.0	0.0
0.776389	0.570507000	198.812459	0.0	0.0
0.782318	0.581086000	198.273665	0.0	0.0
0.788293	0.591812000	197.732484	0.0	0.0
0.794314	0.602684000	197.188983	0.0	0.0
0.800381	0.613702000	196.643212	0.0	0.0
0.806494	0.624867000	196.095221	0.0	0.0
0.812653	0.636179000	195.545083	0.0	0.0
0.818860	0.647638000	194.992852	0.0	0.0
0.825114	0.659243000	194.438578	0.0	0.0
0.831416	0.670995000	193.882336	0.0	0.0
0.837766	0.682894000	193.324179	0.0	0.0
0.844164	0.694940000	192.764179	0.0	0.0
0.850612	0.707131000	192.202408	0.0	0.0
0.857108	0.719469000	191.638925	0.0	0.0
0.863654	0.731951000	191.073806	0.0	0.0
0.870250	0.744580000	190.507129	0.0	0.0
0.876897	0.757353000	189.938949	0.0	0.0
0.883594	0.770270000	189.369354	0.0	0.0
0.890343	0.783331000	188.798412	0.0	0.0
0.897143	0.796534000	188.226205	0.0	0.0
0.903995	0.809881000	187.652803	0.0	0.0
0.910899	0.823369000	187.078293	0.0	0.0
0.917856	0.836998000	186.502753	0.0	0.0
0.924866	0.850767000	185.926265	0.0	0.0
0.931930	0.864675000	185.348902	0.0	0.0
0.939048	0.878722000	184.770748	0.0	0.0
0.946220	0.892906000	184.191894	0.0	0.0
0.953446	0.907227000	183.612417	0.0	0.0
0.960728	0.921683000	183.032411	0.0	0.0
0.968066	0.936274000	182.451946	0.0	0.0
0.975460	0.950999000	181.871108	0.0	0.0
0.982910	0.965855000	181.289995	0.0	0.0
0.990417	0.980843000	180.708685	0.0	0.0
0.997981	0.995962000	180.127268	0.0	0.0
1.005603	1.011210000	179.545832	0.0	0.0
1.013283	1.026580000	178.964474	0.0	0.0
1.021022	1.042080000	178.383237	0.0	0.0
1.028820	1.057710000	177.802241	0.0	0.0
1.036678	1.073460000	177.221532	0.0	0.0
1.044596	1.089340000	176.641228	0.0	0.0
1.052574	1.105330000	176.061447	0.0	0.0
1.060613	1.121450000	175.482235	0.0	0.0
1.068713	1.137680000	174.903708	0.0	0.0
1.076876	1.154040000	174.325841	0.0	0.0
1.085100	1.170510000	173.748892	0.0	0.0
1.093388	1.187090000	173.172765	0.0	0.0
1.101739	1.203790000	172.597645	0.0	0.0
1.110153	1.220610000	172.023645	0.0	0.0
1.118632	1.237530000	171.450739	0.0	0.0
1.127176	1.254570000	170.879041	0.0	0.0
1.135785	1.271710000	170.308660	0.0	0.0
1.144459	1.288970000	169.739705	0.0	0.0
1.153200	1.306330000	169.172152	0.0	0.0
1.162008	1.323800000	168.606108	0.0	0.0
1.170882	1.341370000	168.041742	0.0	0.0
1.179825	1.359050000	167.478965	0.0	0.0
1.188836	1.376830000	166.917944	0.0	0.0
1.197916	1.394710000	166.358718	0.0	0.0
1.207065	1.412700000	165.801383	0.0	0.0
1.216284	1.430780000	165.245977	0.0	0.0
1.225573	1.448970000	164.692594	0.0	0.0
1.234934	1.467260000	164.141211	0.0	0.0
1.244366	1.485640000	163.591978	0.0	0.0
1.253869	1.504120000	163.044984	0.0	0.0
1.263446	1.522700000	162.500145	0.0	0.0
1.273095	1.541370000	161.957662	0.0	0.0
1.282819	1.560150000	161.417452	0.0	0.0
1.292616	1.579010000	160.879708	0.0	0.0
1.302489	1.597970000	160.344346	0.0	0.0
1.312437	1.617030000	159.811502	0.0	0.0
1.322460	1.636180000	159.281251	0.0	0.0
1.332561	1.655420000	158.753509	0.0	0.0
1.342738	1.674760000	158.228456	0.0	0.0
1.352993	1.694190000	157.706058	0.0	0.0
1.363327	1.713720000	157.186337	0.0	0.0
1.373739	1.733340000	156.669408	0.0	0.0
1.384231	1.753050000	156.155239	0.0	0.0
1.394803	1.772850000	155.643895	0.0	0.0
1.405456	1.792750000	155.135388	0.0	0.0
1.416190	1.812740000	154.629779	0.0	0.0
1.427007	1.832830000	154.127034	0.0	0.0
1.437905	1.853010000	153.627300	0.0	0.0
1.448887	1.873280000	153.130496	0.0	0.0
1.459953	1.893640000	152.636674	0.0	0.0
1.471104	1.914110000	152.145842	0.0	0.0
1.482339	1.934660000	151.658092	0.0	0.0
1.493661	1.955310000	151.173343	0.0	0.0
1.505069	1.976060000	150.691685	0.0	0.0
1.516564	1.996910000	150.213118	0.0	0.0
1.528147	2.017850000	149.737645	0.0	0.0
1.539818	2.038890000	149.265306	0.0	0.0
1.551578	2.060020000	148.796100	0.0	0.0
1.563428	2.081260000	148.330026	0.0	0.0
1.575369	2.102600000	147.867081	0.0	0.0
1.587401	2.124030000	147.407302	0.0	0.0
1.599525	2.145570000	146.950682	0.0	0.0
1.611741	2.167210000	146.497255	0.0	0.0
1.624051	2.188950000	146.046976	0.0	0.0
1.636455	2.210800000	145.599877	0.0	0.0
1.648953	2.232750000	145.155985	0.0	0.0
1.661547	2.254810000	144.715256	0.0	0.0
1.674237	2.276980000	144.277715	0.0	0.0
1.687024	2.299250000	143.843353	0.0	0.0
1.699909	2.321640000	143.412160	0.0	0.0
1.712892	2.344130000	142.984158	0.0	0.0
1.725974	2.366740000	142.559333	0.0	0.0
1.739157	2.389450000	142.137643	0.0	0.0
1.752439	2.412290000	141.719169	0.0	0.0
1.765824	2.435230000	141.303804	0.0	0.0
1.779310	2.458300000	140.891627	0.0	0.0
1.792900	2.481480000	140.482561	0.0	0.0
1.806593	2.504780000	140.076653	0.0	0.0
1.820391	2.528200000	139.673856	0.0	0.0
1.834294	2.551750000	139.274185	0.0	0.0
1.848304	2.575420000	138.877594	0.0	0.0
1.862420	2.599210000	138.484124	0.0	0.0
1.876645	2.623130000	138.093701	0.0	0.0
1.890977	2.647180000	137.706390	0.0	0.0
1.905420	2.671350000	137.322094	0.0	0.0
1.919973	2.695660000	136.940847	0.0	0.0
1.934636	2.720100000	136.562658	0.0	0.0
1.949412	2.744670000	136.187455	0.0	0.0
1.964301	2.769380000	135.815247	0.0	0.0
1.979303	2.794230000	135.446040	0.0	0.0
1.994420	2.819210000	135.079789	0.0	0.0
2.009653	2.844340000	134.716477	0.0	0.0
2.025002	2.869610000	134.356108	0.0	0.0
2.040468	2.895020000	133.998662	0.0	0.0
2.056052	2.920580000	133.644119	0.0	0.0
2.071755	2.946280000	133.292461	0.0	0.0
2.087578	2.972130000	132.943666	0.0	0.0
2.103522	2.998140000	132.597717	0.0	0.0
2.119588	3.024290000	132.254593	0.0	0.0
2.135776	3.050600000	131.914295	0.0	0.0
2.152088	3.077070000	131.576783	0.0	0.0
2.168525	3.103690000	131.242036	0.0	0.0
2.185087	3.130470000	130.910056	0.0	0.0
2.201776	3.157410000	130.580803	0.0	0.0
2.218592	3.184520000	130.254276	0.0	0.0
2.235536	3.211790000	129.930456	0.0	0.0
2.252610	3.239230000	129.609303	0.0	0.0
2.269815	3.266830000	129.290799	0.0	0.0
2.287150	3.294610000	128.974960	0.0	0.0
2.304619	3.322560000	128.661712	0.0	0.0
2.322220	3.350680000	128.351090	0.0	0.0
2.339956	3.378980000	128.043039	0.0	0.0
2.357828	3.407450000	127.737540	0.0	0.0
2.375836	3.436110000	127.434591	0.0	0.0
2.393981	3.464940000	127.134172	0.0	0.0
2.412265	3.493960000	126.836248	0.0	0.0
2.430689	3.523170000	126.540800	0.0	0.0
2.449253	3.552560000	126.247825	0.0	0.0
2.467960	3.582150000	125.957274	0.0	0.0
2.486809	3.611920000	125.669160	0.0	0.0
2.505802	3.641890000	125.383447	0.0	0.0
2.524940	3.672050000	125.100119	0.0	0.0
2.544224	3.702410000	124.819157	0.0	0.0
2.563656	3.732970000	124.540528	0.0	0.0
2.583236	3.763730000	124.264230	0.0	0.0
2.602965	3.794690000	123.990245	0.0	0.0
2.622846	3.825860000	123.718527	0.0	0.0
2.642878	3.857240000	123.449088	0.0	0.0
2.663063	3.888830000	123.181896	0.0	0.0
2.683402	3.920620000	122.916933	0.0	0.0
2.703897	3.952640000	122.654172	0.0	0.0
2.724548	3.984860000	122.393608	0.0	0.0
2.745356	4.017310000	122.135223	0.0	0.0
2.766324	4.049970000	121.878979	0.0	0.0
2.787452	4.082860000	121.624869	0.0	0.0
2.808741	4.115970000	121.372880	0.0	0.0
2.830193	4.149310000	121.122983	0.0	0.0
2.851809	4.182880000	120.875163	0.0	0.0
2.873590	4.216670000	120.629405	0.0	0.0
2.895537	4.250700000	120.385692	0.0	0.0
2.917651	4.284970000	120.144012	0.0	0.0
2.939935	4.319470000	119.904325	0.0	0.0
2.962389	4.354210000	119.666630	0.0	0.0
2.985014	4.389190000	119.430912	0.0	0.0
3.007812	4.424420000	119.197145	0.0	0.0
3.030785	4.459890000	118.965306	0.0	0.0
3.053932	4.495610000	118.735401	0.0	0.0
3.077257	4.531580000	118.507386	0.0	0.0
3.100760	4.567810000	118.281258	0.0	0.0
3.124442	4.604290000	118.057004	0.0	0.0
3.148305	4.641020000	117.834600	0.0	0.0
3.172350	4.678020000	117.614034	0.0	0.0
3.196579	4.715270000	117.395284	0.0	0.0
3.220993	4.752800000	117.178336	0.0	0.0
3.245593	4.790580000	116.963180	0.0	0.0
3.270382	4.828640000	116.749784	0.0	0.0
3.295359	4.866970000	116.538154	0.0	0.0
3.320528	4.905580000	116.328253	0.0	0.0
3.345888	4.944450000	116.120085	0.0	0.0
3.371443	4.983610000	115.913615	0.0	0.0
3.397192	5.023050000	115.708846	0.0	0.0
3.423138	5.062770000	115.505752	0.0	0.0
3.449283	5.102780000	115.304315	0.0	0.0
3.475626	5.143080000	115.104537	0.0	0.0
3.502172	5.183660000	114.906378	0.0	0.0
3.528920	5.224540000	114.709843	0.0	0.0
3.555872	5.265720000	114.514914	0.0	0.0
3.583030	5.307190000	114.321572	0.0	0.0
3.610395	5.348970000	114.129808	0.0	0.0
3.637970	5.391050000	113.939598	0.0	0.0
3.665755	5.433430000	113.750939	0.0	0.0
3.693752	5.476130000	113.563814	0.0	0.0
3.721963	5.519130000	113.378207	0.0	0.0
3.750390	5.562450000	113.194102	0.0	0.0
3.779034	5.606080000	113.011490	0.0	0.0
3.807896	5.650030000	112.830361	0.0	0.0
3.836979	5.694310000	112.650694	0.0	0.0
3.866284	5.738910000	112.472480	0.0	0.0
3.895813	5.783840000	112.295705	0.0	0.0
3.925567	5.829090000	112.120359	0.0	0.0
3.955549	5.874680000	111.946422	0.0	0.0
3.985760	5.920600000	111.773887	0.0	0.0
4.016201	5.966870000	111.602745	0.0	0.0
4.046875	6.013470000	111.432976	0.0	0.0
4.077783	6.060410000	111.264572	0.0	0.0
4.108927	6.107700000	111.097521	0.0	0.0
4.140309	6.155350000	110.931809	0.0	0.0
4.171931	6.203340000	110.767424	0.0	0.0
4.203794	6.251690000	110.604357	0.0	0.0
4.235901	6.300400000	110.442592	0.0	0.0
4.268253	6.349460000	110.282121	0.0	0.0
4.300852	6.398890000	110.122932	0.0	0.0
4.333700	6.448690000	109.965013	0.0	0.0
4.366798	6.498860000	109.808358	0.0	0.0
4.400150	6.549400000	109.652944	0.0	0.0
4.433756	6.600310000	109.498771	0.0	0.0
4.467619	6.651600000	109.345822	0.0	0.0
4.501741	6.703280000	109.194087	0.0	0.0
4.536123	6.755340000	109.043559	0.0	0.0
4.570768	6.807780000	108.894224	0.0	0.0
4.605677	6.860620000	108.746074	0.0	0.0
4.640853	6.913850000	108.599096	0.0	0.0
4.676298	6.967480000	108.453279	0.0	0.0
4.712013	7.021510000	108.308618	0.0	0.0
4.748001	7.075950000	108.165098	0.0	0.0
4.784264	7.130780000	108.022711	0.0	0.0
4.820804	7.186030000	107.881445	0.0	0.0
4.857623	7.241700000	107.741293	0.0	0.0
4.894723	7.297780000	107.602245	0.0	0.0
4.932107	7.354270000	107.464288	0.0	0.0
4.969776	7.411200000	107.327417	0.0	0.0
5.007733	7.468540000	107.191620	0.0	0.0
5.045980	7.526330000	107.056887	0.0	0.0
5.084518	7.584540000	106.923215	0.0	0.0
5.123351	7.643190000	106.790587	0.0	0.0
5.162481	7.702270000	106.658995	0.0	0.0
5.201910	7.761800000	106.528432	0.0	0.0
5.241640	7.821780000	106.398889	0.0	0.0
5.281673	7.882210000	106.270359	0.0	0.0
5.322012	7.943100000	106.142830	0.0	0.0
5.362659	8.004440000	106.016295	0.0	0.0
5.403616	8.066240000	105.890747	0.0	0.0
5.444886	8.128510000	105.766175	0.0	0.0
5.486472	8.191250000	105.642569	0.0	0.0
5.528375	8.254460000	105.519925	0.0	0.0
5.570598	8.318140000	105.398233	0.0	0.0
5.613144	8.382300000	105.277483	0.0	0.0
5.656014	8.446950000	105.157671	0.0	0.0
5.699212	8.512090000	105.038785	0.0	0.0
5.742740	8.577710000	104.920818	0.0	0.0
5.786600	8.643830000	104.803764	0.0	0.0
5.830796	8.710450000	104.687611	0.0	0.0
5.875329	8.777570000	104.572356	0.0	0.0
5.920202	8.845200000	104.457990	0.0	0.0
5.965417	8.913340000	104.344506	0.0	0.0
6.010978	8.982000000	104.231895	0.0	0.0
6.056887	9.051170000	104.120149	0.0	0.0
6.103147	9.120860000	104.009261	0.0	0.0
6.149760	9.191080000	103.899226	0.0	0.0
6.196729	9.261840000	103.790034	0.0	0.0
6.244057	9.333120000	103.681679	0.0	0.0
6.291746	9.404950000	103.574154	0.0	0.0
6.339799	9.477320000	103.467453	0.0	0.0
6.388220	9.550230000	103.361566	0.0	0.0
6.437010	9.623700000	103.256490	0.0	0.0
6.486173	9.697720000	103.152214	0.0	0.0
6.535711	9.772310000	103.048736	0.0	0.0
6.585628	9.847460000	102.946044	0.0	0.0
6.635926	9.923170000	102.844135	0.0	0.0
6.686608	9.999470000	102.743001	0.0	0.0
6.737677	10.076300000	102.642637	0.0	0.0
6.789136	10.153800000	102.543035	0.0	0.0
6.840988	10.231800000	102.444189	0.0	0.0
6.893237	10.310500000	102.346091	0.0	0.0
6.945884	10.389700000	102.248738	0.0	0.0
6.998933	10.469500000	102.152122	0.0	0.0
7.052388	10.549900000	102.056235	0.0	0.0
7.106251	10.631000000	101.961073	0.0	0.0
7.160525	10.712600000	101.866631	0.0	0.0
7.215214	10.794900000	101.772900	0.0	0.0
7.270320	10.877800000	101.679878	0.0	0.0
7.325847	10.961300000	101.587555	0.0	0.0
7.381799	11.045500000	101.495926	0.0	0.0
7.438177	11.130300000	101.404988	0.0	0.0
7.494987	11.215700000	101.314731	0.0	0.0
7.552230	11.301800000	101.225152	0.0	0.0
7.609910	11.388600000	101.136246	0.0	0.0
7.668031	11.476000000	101.048005	0.0	0.0
7.726596	11.564000000	100.960425	0.0	0.0
7.785608	11.652800000	100.873500	0.0	0.0
7.845071	11.742200000	100.787224	0.0	0.0
7.904988	11.832300000	100.701592	0.0	0.0
7.965362	11.923000000	100.616600	0.0	0.0
8.026198	12.014500000	100.532240	0.0	0.0
8.087498	12.106600000	100.448509	0.0	0.0
8.149267	12.199500000	100.365400	0.0	0.0
8.211507	12.293100000	100.282910	0.0	0.0
8.274223	12.387300000	100.201031	0.0	0.0
8.337417	12.482300000	100.119761	0.0	0.0
8.401095	12.578000000	100.039091	0.0	0.0
8.465258	12.674500000	99.959021	0.0	0.0
8.529912	12.771700000	99.879541	0.0	0.0
8.595059	12.869600000	99.800650	0.0	0.0
8.660704	12.968200000	99.722340	0.0	0.0
8.726851	13.067600000	99.644608	0.0	0.0
8.793502	13.167800000	99.567449	0.0	0.0
8.860663	13.268700000	99.490858	0.0	0.0
8.928337	13.370400000	99.414829	0.0	0.0
8.996527	13.472900000	99.339360	0.0	0.0
9.065238	13.576100000	99.264445	0.0	0.0
9.134474	13.680100000	99.190079	0.0	0.0
9.204239	13.785000000	99.116257	0.0	0.0
9.274537	13.890600000	99.042975	0.0	0.0
9.345371	13.997000000	98.970229	0.0	0.0
9.416747	14.104200000	98.898013	0.0	0.0
9.488668	14.212300000	98.826325	0.0	0.0
9.561138	14.321200000	98.755158	0.0	0.0
9.634161	14.430900000	98.684510	0.0	0.0
9.707742	14.541400000	98.614376	0.0	0.0
9.781885	14.652800000	98.544750	0.0	0.0
9.856595	14.765000000	98.475629	0.0	0.0
9.931875	14.878100000	98.407009	0.0	0.0
10.007730	14.992000000	98.338886	0.0	0.0
10.084160	15.106800000	98.271259	0.0	0.0
10.161180	15.222500000	98.204114	0.0	0.0
10.238790	15.339100000	98.137453	0.0	0.0
10.316990	15.456500000	98.071273	0.0	0.0
10.395780	15.574800000	98.005576	0.0	0.0
10.475180	15.694100000	97.940344	0.0	0.0
10.555190	15.814200000	97.875578	0.0	0.0
10.635800	15.935300000	97.811284	0.0	0.0
10.717030	16.057300000	97.747447	0.0	0.0
10.798880	16.180200000	97.684067	0.0	0.0
10.881360	16.304100000	97.621135	0.0	0.0
10.964470	16.428900000	97.558653	0.0	0.0
11.048210	16.554600000	97.496619	0.0	0.0
11.132590	16.681300000	97.435025	0.0	0.0
11.217620	16.809000000	97.373865	0.0	0.0
11.303290	16.937600000	97.313146	0.0	0.0
11.389620	17.067300000	97.252853	0.0	0.0
11.476610	17.197900000	97.192985	0.0	0.0
11.564260	17.329500000	97.133544	0.0	0.0
11.652580	17.462100000	97.074521	0.0	0.0
11.741580	17.595700000	97.015911	0.0	0.0
11.831260	17.730400000	96.957712	0.0	0.0
11.921620	17.866000000	96.899925	0.0	0.0
12.012670	18.002700000	96.842544	0.0	0.0
12.104420	18.140500000	96.785562	0.0	0.0
12.196870	18.279300000	96.728978	0.0	0.0
12.290020	18.419100000	96.672793	0.0	0.0
12.383890	18.560000000	96.616994	0.0	0.0
12.478470	18.702000000	96.561588	0.0	0.0
12.573770	18.845100000	96.506567	0.0	0.0
12.669810	18.989200000	96.451922	0.0	0.0
12.766570	19.134500000	96.397662	0.0	0.0
12.864080	19.280900000	96.343772	0.0	0.0
12.962330	19.428400000	96.290255	0.0	0.0
13.061330	19.577000000	96.237108	0.0	0.0
13.161080	19.726700000	96.184329	0.0	0.0
13.261600	19.877600000	96.131909	0.0	0.0
13.362890	20.029600000	96.079846	0.0	0.0
13.464950	20.182800000	96.028141	0.0	0.0
13.567780	20.337200000	95.976794	0.0	0.0
13.671410	20.492700000	95.925790	0.0	0.0
13.775820	20.649400000	95.875138	0.0	0.0
13.881040	20.807400000	95.824824	0.0	0.0
13.987050	20.966500000	95.774857	0.0	0.0
14.093880	21.126800000	95.725223	0.0	0.0
14.201520	21.288400000	95.675927	0.0	0.0
14.309990	21.451200000	95.626960	0.0	0.0
14.419280	21.615200000	95.578325	0.0	0.0
14.529410	21.780500000	95.530014	0.0	0.0
14.640380	21.947000000	95.482027	0.0	0.0
14.752190	22.114900000	95.434364	0.0	0.0
14.864860	22.284000000	95.387016	0.0	0.0
14.978400	22.454300000	95.339978	0.0	0.0
15.092790	22.626000000	95.293260	0.0	0.0
15.208060	22.799000000	95.246849	0.0	0.0
15.324220	22.973300000	95.200740	0.0	0.0
15.441260	23.149000000	95.154938	0.0	0.0
15.559190	23.326000000	95.109438	0.0	0.0
15.678020	23.504300000	95.064237	0.0	0.0
15.797760	23.684000000	95.019331	0.0	0.0
15.918420	23.865000000	94.974716	0.0	0.0
16.040000	24.047500000	94.930392	0.0	0.0
16.162500	24.231200000	94.886359	0.0	0.0
16.285950	24.415400000	94.842606	0.0	0.0
16.410330	24.597400000	94.799140	0.0	0.0
16.535660	24.769500000	94.755954	0.0	0.0
16.661960	24.914100000	94.713041	0.0	0.0
16.789210	24.997200000	94.670408	0.0	0.0
16.917440	24.962100000	94.628045	0.0	0.0
17.046650	24.726900000	94.585952	0.0	0.0
17.176840	24.189600000	94.544128	0.0	0.0
17.308030	23.243900000	94.502567	0.0	0.0
17.440220	21.805200000	94.461270	0.0	0.0
17.573420	19.840600000	94.420233	0.0	0.0
17.707640	17.394300000	94.379452	0.0	0.0
17.842880	14.595600000	94.338929	0.0	0.0
17.979160	11.644300000	94.298656	0.0	0.0
18.116470	8.773010000	94.258637	0.0	0.0
18.254840	6.198230000	94.218863	0.0	0.0
18.394260	4.075310000	94.179336	0.0	0.0
18.534750	2.472250000	94.140052	0.0	0.0
18.676310	1.369850000	94.101010	0.0	0.0
18.818950	0.684727000	94.062207	0.0	0.0
18.962680	0.303918000	94.023641	0.0	0.0
19.107510	0.117274000	93.985308	0.0	0.0
19.253440	0.038187300	93.947209	0.0	0.0
19.400490	0.010032500	93.909339	0.0	0.0
19.548660	0.001974140	93.871697	0.0	0.0
19.697960	0.000252056	93.834281	0.0	0.0
19.848410	0.000014164	93.797085	0.0	0.0
20.000000	0.000000453	93.760113	0.0	0.0

