# UNCLASSIFIED
#
# Response info for KVAR IDC broadband site.
#
# Effective: 25 Oct 2008
# Response Created: 31 MAR 2011 
# File name: KVAR.BB.1287995379
# Inid: 7603 7604 7605 
# Source:  James Neely (TTD), TSgt Gregory Swindle
# System equipment: Streckeisen STS-2, 3d generation sensor and Nanometrics Europa T digitizer
#
# This response file was derived from equations of state.
# Displacement response relative to 1.0 at 1.0 Hz.
#
# The calib values for this configuration are as follows:
#
# KIVB BHZ is 0.031831 nm/count at 1.0 Hz.
# KIVB BHN is 0.031831 nm/count at 1.0 Hz.
# KIVB BHE is 0.031831 nm/count at 1.0 Hz.
#
# Freq(Hz)     Amp(counts/nm)   Phase(deg)  Error(amp)  Error(phase)
#
 theoretical  0       system    fap   J.Neely
1000
0.001000	0.000010145	305.223122	0.0	0.0
0.001010	0.000010503	304.840793	0.0	0.0
0.001020	0.000010873	304.457494	0.0	0.0
0.001030	0.000011255	304.073242	0.0	0.0
0.001040	0.000011651	303.688054	0.0	0.0
0.001051	0.000012059	303.301909	0.0	0.0
0.001061	0.000012482	302.914862	0.0	0.0
0.001072	0.000012918	302.526930	0.0	0.0
0.001083	0.000013369	302.138094	0.0	0.0
0.001093	0.000013835	301.748409	0.0	0.0
0.001104	0.000014317	301.357891	0.0	0.0
0.001115	0.000014815	300.966523	0.0	0.0
0.001126	0.000015329	300.574323	0.0	0.0
0.001138	0.000015860	300.181345	0.0	0.0
0.001149	0.000016409	299.787570	0.0	0.0
0.001160	0.000016977	299.393017	0.0	0.0
0.001172	0.000017563	298.997705	0.0	0.0
0.001184	0.000018168	298.601651	0.0	0.0
0.001195	0.000018793	298.204839	0.0	0.0
0.001207	0.000019439	297.807322	0.0	0.0
0.001219	0.000020106	297.409116	0.0	0.0
0.001231	0.000020795	297.010174	0.0	0.0
0.001244	0.000021507	296.610580	0.0	0.0
0.001256	0.000022242	296.210284	0.0	0.0
0.001269	0.000023001	295.809339	0.0	0.0
0.001281	0.000023784	295.407728	0.0	0.0
0.001294	0.000024593	295.005501	0.0	0.0
0.001307	0.000025429	294.602611	0.0	0.0
0.001320	0.000026292	294.199108	0.0	0.0
0.001333	0.000027183	293.794976	0.0	0.0
0.001346	0.000028102	293.390233	0.0	0.0
0.001360	0.000029052	292.984864	0.0	0.0
0.001373	0.000030032	292.578916	0.0	0.0
0.001387	0.000031044	292.172374	0.0	0.0
0.001401	0.000032088	291.765253	0.0	0.0
0.001415	0.000033167	291.357541	0.0	0.0
0.001429	0.000034279	290.949251	0.0	0.0
0.001443	0.000035428	290.540398	0.0	0.0
0.001457	0.000036614	290.130968	0.0	0.0
0.001472	0.000037837	289.720947	0.0	0.0
0.001487	0.000039100	289.310377	0.0	0.0
0.001501	0.000040403	288.899243	0.0	0.0
0.001516	0.000041748	288.487530	0.0	0.0
0.001532	0.000043136	288.075251	0.0	0.0
0.001547	0.000044568	287.662419	0.0	0.0
0.001562	0.000046046	287.249018	0.0	0.0
0.001578	0.000047571	286.835033	0.0	0.0
0.001593	0.000049144	286.420475	0.0	0.0
0.001609	0.000050767	286.005329	0.0	0.0
0.001625	0.000052441	285.589632	0.0	0.0
0.001642	0.000054169	285.173315	0.0	0.0
0.001658	0.000055951	284.756413	0.0	0.0
0.001674	0.000057790	284.338937	0.0	0.0
0.001691	0.000059687	283.920818	0.0	0.0
0.001708	0.000061643	283.502116	0.0	0.0
0.001725	0.000063662	283.082787	0.0	0.0
0.001742	0.000065743	282.662815	0.0	0.0
0.001760	0.000067891	282.242206	0.0	0.0
0.001777	0.000070106	281.820944	0.0	0.0
0.001795	0.000072390	281.399009	0.0	0.0
0.001813	0.000074746	280.976408	0.0	0.0
0.001831	0.000077176	280.553121	0.0	0.0
0.001849	0.000079682	280.129130	0.0	0.0
0.001867	0.000082266	279.704416	0.0	0.0
0.001886	0.000084931	279.278981	0.0	0.0
0.001905	0.000087679	278.852783	0.0	0.0
0.001924	0.000090513	278.425848	0.0	0.0
0.001943	0.000093435	277.998110	0.0	0.0
0.001962	0.000096449	277.569570	0.0	0.0
0.001982	0.000099556	277.140207	0.0	0.0
0.002002	0.000102759	276.710022	0.0	0.0
0.002022	0.000106062	276.278950	0.0	0.0
0.002042	0.000109467	275.847034	0.0	0.0
0.002062	0.000112979	275.414185	0.0	0.0
0.002083	0.000116598	274.980425	0.0	0.0
0.002103	0.000120330	274.545709	0.0	0.0
0.002124	0.000124177	274.110034	0.0	0.0
0.002145	0.000128143	273.673334	0.0	0.0
0.002167	0.000132232	273.235628	0.0	0.0
0.002188	0.000136446	272.796869	0.0	0.0
0.002210	0.000140790	272.357034	0.0	0.0
0.002232	0.000145269	271.916095	0.0	0.0
0.002254	0.000149884	271.474008	0.0	0.0
0.002277	0.000154642	271.030767	0.0	0.0
0.002300	0.000159546	270.586324	0.0	0.0
0.002322	0.000164600	270.140654	0.0	0.0
0.002346	0.000169809	269.693729	0.0	0.0
0.002369	0.000175177	269.245502	0.0	0.0
0.002393	0.000180710	268.795945	0.0	0.0
0.002416	0.000186412	268.345048	0.0	0.0
0.002441	0.000192288	267.892727	0.0	0.0
0.002465	0.000198343	267.438990	0.0	0.0
0.002489	0.000204583	266.983788	0.0	0.0
0.002514	0.000211013	266.527072	0.0	0.0
0.002539	0.000217639	266.068814	0.0	0.0
0.002565	0.000224466	265.608962	0.0	0.0
0.002590	0.000231500	265.147506	0.0	0.0
0.002616	0.000238748	264.684376	0.0	0.0
0.002642	0.000246215	264.219541	0.0	0.0
0.002668	0.000253909	263.752951	0.0	0.0
0.002695	0.000261835	263.284574	0.0	0.0
0.002722	0.000270001	262.814358	0.0	0.0
0.002749	0.000278413	262.342253	0.0	0.0
0.002776	0.000287079	261.868243	0.0	0.0
0.002804	0.000296006	261.392241	0.0	0.0
0.002832	0.000305202	260.914231	0.0	0.0
0.002860	0.000314674	260.434160	0.0	0.0
0.002888	0.000324430	259.951976	0.0	0.0
0.002917	0.000334479	259.467627	0.0	0.0
0.002946	0.000344828	258.981060	0.0	0.0
0.002976	0.000355487	258.492222	0.0	0.0
0.003005	0.000366465	258.001094	0.0	0.0
0.003035	0.000377770	257.507573	0.0	0.0
0.003066	0.000389411	257.011654	0.0	0.0
0.003096	0.000401400	256.513251	0.0	0.0
0.003127	0.000413744	256.012327	0.0	0.0
0.003158	0.000426454	255.508827	0.0	0.0
0.003190	0.000439541	255.002682	0.0	0.0
0.003221	0.000453014	254.493852	0.0	0.0
0.003253	0.000466886	253.982268	0.0	0.0
0.003286	0.000481166	253.467891	0.0	0.0
0.003319	0.000495867	252.950635	0.0	0.0
0.003352	0.000511000	252.430476	0.0	0.0
0.003385	0.000526576	251.907329	0.0	0.0
0.003419	0.000542608	251.381138	0.0	0.0
0.003453	0.000559108	250.851866	0.0	0.0
0.003487	0.000576090	250.319426	0.0	0.0
0.003522	0.000593565	249.783763	0.0	0.0
0.003557	0.000611548	249.244840	0.0	0.0
0.003592	0.000630052	248.702554	0.0	0.0
0.003628	0.000649091	248.156884	0.0	0.0
0.003664	0.000668679	247.607745	0.0	0.0
0.003701	0.000688830	247.055083	0.0	0.0
0.003738	0.000709559	246.498846	0.0	0.0
0.003775	0.000730882	245.938949	0.0	0.0
0.003813	0.000752814	245.375342	0.0	0.0
0.003851	0.000775370	244.807957	0.0	0.0
0.003889	0.000798566	244.236744	0.0	0.0
0.003928	0.000822419	243.661621	0.0	0.0
0.003967	0.000846945	243.082553	0.0	0.0
0.004006	0.000872160	242.499463	0.0	0.0
0.004046	0.000898083	241.912286	0.0	0.0
0.004087	0.000924730	241.320961	0.0	0.0
0.004127	0.000952118	240.725441	0.0	0.0
0.004168	0.000980267	240.125667	0.0	0.0
0.004210	0.001009190	239.521550	0.0	0.0
0.004252	0.001038920	238.913062	0.0	0.0
0.004294	0.001069450	238.300133	0.0	0.0
0.004337	0.001100820	237.682709	0.0	0.0
0.004380	0.001133050	237.060736	0.0	0.0
0.004424	0.001166140	236.434149	0.0	0.0
0.004468	0.001200130	235.802900	0.0	0.0
0.004512	0.001235030	235.166954	0.0	0.0
0.004557	0.001270860	234.526240	0.0	0.0
0.004603	0.001307640	233.880712	0.0	0.0
0.004649	0.001345390	233.230333	0.0	0.0
0.004695	0.001384130	232.575049	0.0	0.0
0.004742	0.001423880	231.914811	0.0	0.0
0.004789	0.001464660	231.249587	0.0	0.0
0.004837	0.001506490	230.579348	0.0	0.0
0.004885	0.001549390	229.904053	0.0	0.0
0.004934	0.001593390	229.223653	0.0	0.0
0.004983	0.001638490	228.538140	0.0	0.0
0.005032	0.001684730	227.847473	0.0	0.0
0.005082	0.001732120	227.151626	0.0	0.0
0.005133	0.001780680	226.450590	0.0	0.0
0.005184	0.001830420	225.744335	0.0	0.0
0.005236	0.001881380	225.032863	0.0	0.0
0.005288	0.001933570	224.316150	0.0	0.0
0.005341	0.001987000	223.594207	0.0	0.0
0.005394	0.002041700	222.867022	0.0	0.0
0.005448	0.002097670	222.134603	0.0	0.0
0.005502	0.002154950	221.396947	0.0	0.0
0.005557	0.002213550	220.654073	0.0	0.0
0.005612	0.002273480	219.906018	0.0	0.0
0.005668	0.002334760	219.152784	0.0	0.0
0.005725	0.002397400	218.394407	0.0	0.0
0.005782	0.002461420	217.630916	0.0	0.0
0.005839	0.002526830	216.862358	0.0	0.0
0.005897	0.002593640	216.088790	0.0	0.0
0.005956	0.002661870	215.310232	0.0	0.0
0.006015	0.002731530	214.526780	0.0	0.0
0.006075	0.002802630	213.738471	0.0	0.0
0.006136	0.002875170	212.945386	0.0	0.0
0.006197	0.002949170	212.147604	0.0	0.0
0.006259	0.003024630	211.345209	0.0	0.0
0.006321	0.003101570	210.538292	0.0	0.0
0.006384	0.003179970	209.726954	0.0	0.0
0.006448	0.003259860	208.911288	0.0	0.0
0.006512	0.003341220	208.091422	0.0	0.0
0.006577	0.003424060	207.267466	0.0	0.0
0.006642	0.003508400	206.439537	0.0	0.0
0.006708	0.003594210	205.607785	0.0	0.0
0.006775	0.003681500	204.772331	0.0	0.0
0.006843	0.003770270	203.933339	0.0	0.0
0.006911	0.003860510	203.090945	0.0	0.0
0.006980	0.003952210	202.245315	0.0	0.0
0.007049	0.004045380	201.396613	0.0	0.0
0.007120	0.004139990	200.545008	0.0	0.0
0.007191	0.004236050	199.690675	0.0	0.0
0.007262	0.004333540	198.833808	0.0	0.0
0.007335	0.004432450	197.974586	0.0	0.0
0.007408	0.004532760	197.113203	0.0	0.0
0.007481	0.004634460	196.249872	0.0	0.0
0.007556	0.004737540	195.384775	0.0	0.0
0.007631	0.004841980	194.518125	0.0	0.0
0.007707	0.004947770	193.650150	0.0	0.0
0.007784	0.005054870	192.781048	0.0	0.0
0.007862	0.005163290	191.911044	0.0	0.0
0.007940	0.005272990	191.040356	0.0	0.0
0.008019	0.005383950	190.169216	0.0	0.0
0.008099	0.005496160	189.297849	0.0	0.0
0.008180	0.005609600	188.426480	0.0	0.0
0.008261	0.005724230	187.555351	0.0	0.0
0.008343	0.005840040	186.684669	0.0	0.0
0.008426	0.005957010	185.814687	0.0	0.0
0.008510	0.006075110	184.945619	0.0	0.0
0.008595	0.006194320	184.077706	0.0	0.0
0.008681	0.006314620	183.211172	0.0	0.0
0.008767	0.006435990	182.346248	0.0	0.0
0.008855	0.006558390	181.483166	0.0	0.0
0.008943	0.006681810	180.622136	0.0	0.0
0.009032	0.006806220	179.763387	0.0	0.0
0.009122	0.006931610	178.907143	0.0	0.0
0.009213	0.007057950	178.053609	0.0	0.0
0.009305	0.007185220	177.203005	0.0	0.0
0.009397	0.007313400	176.355539	0.0	0.0
0.009491	0.007442470	175.511404	0.0	0.0
0.009586	0.007572410	174.670802	0.0	0.0
0.009681	0.007703210	173.833926	0.0	0.0
0.009777	0.007834830	173.000970	0.0	0.0
0.009875	0.007967280	172.172109	0.0	0.0
0.009973	0.008100520	171.347518	0.0	0.0
0.010073	0.008234560	170.527338	0.0	0.0
0.010173	0.008369370	169.711807	0.0	0.0
0.010274	0.008504940	168.901040	0.0	0.0
0.010377	0.008641260	168.095188	0.0	0.0
0.010480	0.008778310	167.294396	0.0	0.0
0.010584	0.008916100	166.498804	0.0	0.0
0.010690	0.009054610	165.708546	0.0	0.0
0.010796	0.009193830	164.923748	0.0	0.0
0.010904	0.009333760	164.144532	0.0	0.0
0.011013	0.009474390	163.371012	0.0	0.0
0.011122	0.009615730	162.603229	0.0	0.0
0.011233	0.009757760	161.841354	0.0	0.0
0.011345	0.009900480	161.085486	0.0	0.0
0.011458	0.010043900	160.335646	0.0	0.0
0.011572	0.010188000	159.591987	0.0	0.0
0.011688	0.010332800	158.854523	0.0	0.0
0.011804	0.010478400	158.123327	0.0	0.0
0.011922	0.010624600	157.398467	0.0	0.0
0.012040	0.010771500	156.680006	0.0	0.0
0.012160	0.010919200	155.967942	0.0	0.0
0.012281	0.011067500	155.262385	0.0	0.0
0.012404	0.011216600	154.563380	0.0	0.0
0.012527	0.011366500	153.870855	0.0	0.0
0.012652	0.011517100	153.184959	0.0	0.0
0.012778	0.011668400	152.505614	0.0	0.0
0.012906	0.011820500	151.832848	0.0	0.0
0.013034	0.011973500	151.166737	0.0	0.0
0.013164	0.012127200	150.507198	0.0	0.0
0.013295	0.012281700	149.854295	0.0	0.0
0.013428	0.012437000	149.208040	0.0	0.0
0.013561	0.012593200	148.568342	0.0	0.0
0.013696	0.012750200	147.935254	0.0	0.0
0.013833	0.012908100	147.308777	0.0	0.0
0.013971	0.013066900	146.688861	0.0	0.0
0.014110	0.013226600	146.075456	0.0	0.0
0.014250	0.013387200	145.468598	0.0	0.0
0.014392	0.013548800	144.868191	0.0	0.0
0.014536	0.013711300	144.274304	0.0	0.0
0.014681	0.013874800	143.686798	0.0	0.0
0.014827	0.014039300	143.105695	0.0	0.0
0.014975	0.014204800	142.530937	0.0	0.0
0.015124	0.014371400	141.962538	0.0	0.0
0.015275	0.014539000	141.400360	0.0	0.0
0.015427	0.014707700	140.844454	0.0	0.0
0.015580	0.014877500	140.294717	0.0	0.0
0.015736	0.015048400	139.751087	0.0	0.0
0.015892	0.015220500	139.213570	0.0	0.0
0.016051	0.015393700	138.682098	0.0	0.0
0.016211	0.015568100	138.156607	0.0	0.0
0.016372	0.015743700	137.637063	0.0	0.0
0.016535	0.015920600	137.123400	0.0	0.0
0.016700	0.016098700	136.615582	0.0	0.0
0.016866	0.016278100	136.113512	0.0	0.0
0.017034	0.016458800	135.617185	0.0	0.0
0.017204	0.016640800	135.126505	0.0	0.0
0.017375	0.016824200	134.641435	0.0	0.0
0.017549	0.017009000	134.161910	0.0	0.0
0.017723	0.017195100	133.687890	0.0	0.0
0.017900	0.017382700	133.219312	0.0	0.0
0.018078	0.017571700	132.756108	0.0	0.0
0.018258	0.017762200	132.298217	0.0	0.0
0.018440	0.017954100	131.845573	0.0	0.0
0.018624	0.018147600	131.398164	0.0	0.0
0.018810	0.018342700	130.955877	0.0	0.0
0.018997	0.018539300	130.518698	0.0	0.0
0.019186	0.018737400	130.086541	0.0	0.0
0.019377	0.018937200	129.659346	0.0	0.0
0.019570	0.019138700	129.237076	0.0	0.0
0.019765	0.019341800	128.819669	0.0	0.0
0.019962	0.019546600	128.407045	0.0	0.0
0.020161	0.019753100	127.999169	0.0	0.0
0.020362	0.019961400	127.595981	0.0	0.0
0.020565	0.020171400	127.197426	0.0	0.0
0.020770	0.020383200	126.803447	0.0	0.0
0.020977	0.020596800	126.413970	0.0	0.0
0.021186	0.020812300	126.028979	0.0	0.0
0.021397	0.021029600	125.648382	0.0	0.0
0.021610	0.021248900	125.272146	0.0	0.0
0.021825	0.021470000	124.900218	0.0	0.0
0.022043	0.021693100	124.532530	0.0	0.0
0.022262	0.021918200	124.169032	0.0	0.0
0.022484	0.022145300	123.809690	0.0	0.0
0.022708	0.022374400	123.454441	0.0	0.0
0.022934	0.022605500	123.103219	0.0	0.0
0.023163	0.022838800	122.756010	0.0	0.0
0.023394	0.023074100	122.412720	0.0	0.0
0.023627	0.023311600	122.073336	0.0	0.0
0.023862	0.023551200	121.737783	0.0	0.0
0.024100	0.023793000	121.406032	0.0	0.0
0.024340	0.024037000	121.078039	0.0	0.0
0.024582	0.024283300	120.753721	0.0	0.0
0.024827	0.024531800	120.433077	0.0	0.0
0.025075	0.024782600	120.116028	0.0	0.0
0.025324	0.025035800	119.802546	0.0	0.0
0.025577	0.025291300	119.492579	0.0	0.0
0.025832	0.025549100	119.186089	0.0	0.0
0.026089	0.025809400	118.883027	0.0	0.0
0.026349	0.026072100	118.583343	0.0	0.0
0.026611	0.026337300	118.287014	0.0	0.0
0.026876	0.026605000	117.993981	0.0	0.0
0.027144	0.026875200	117.704198	0.0	0.0
0.027415	0.027147900	117.417643	0.0	0.0
0.027688	0.027423300	117.134272	0.0	0.0
0.027964	0.027701200	116.854040	0.0	0.0
0.028242	0.027981800	116.576896	0.0	0.0
0.028524	0.028265000	116.302829	0.0	0.0
0.028808	0.028551000	116.031769	0.0	0.0
0.029095	0.028839600	115.763705	0.0	0.0
0.029385	0.029131100	115.498588	0.0	0.0
0.029677	0.029425300	115.236381	0.0	0.0
0.029973	0.029722400	114.977047	0.0	0.0
0.030272	0.030022300	114.720558	0.0	0.0
0.030573	0.030325000	114.466869	0.0	0.0
0.030878	0.030630800	114.215955	0.0	0.0
0.031185	0.030939400	113.967781	0.0	0.0
0.031496	0.031251000	113.722305	0.0	0.0
0.031810	0.031565700	113.479495	0.0	0.0
0.032127	0.031883400	113.239327	0.0	0.0
0.032447	0.032204100	113.001761	0.0	0.0
0.032770	0.032528000	112.766768	0.0	0.0
0.033097	0.032855100	112.534316	0.0	0.0
0.033426	0.033185200	112.304378	0.0	0.0
0.033759	0.033518600	112.076916	0.0	0.0
0.034096	0.033855300	111.851909	0.0	0.0
0.034435	0.034195300	111.629317	0.0	0.0
0.034778	0.034538500	111.409120	0.0	0.0
0.035125	0.034885100	111.191291	0.0	0.0
0.035475	0.035235100	110.975791	0.0	0.0
0.035828	0.035588500	110.762595	0.0	0.0
0.036185	0.035945400	110.551685	0.0	0.0
0.036546	0.036305800	110.343019	0.0	0.0
0.036910	0.036669700	110.136584	0.0	0.0
0.037278	0.037037100	109.932347	0.0	0.0
0.037649	0.037408200	109.730279	0.0	0.0
0.038024	0.037782900	109.530363	0.0	0.0
0.038403	0.038161300	109.332562	0.0	0.0
0.038785	0.038543400	109.136865	0.0	0.0
0.039172	0.038929300	108.943236	0.0	0.0
0.039562	0.039318900	108.751655	0.0	0.0
0.039956	0.039712400	108.562102	0.0	0.0
0.040354	0.040109800	108.374547	0.0	0.0
0.040756	0.040511100	108.188967	0.0	0.0
0.041162	0.040916300	108.005340	0.0	0.0
0.041572	0.041325500	107.823651	0.0	0.0
0.041987	0.041738800	107.643864	0.0	0.0
0.042405	0.042156100	107.465968	0.0	0.0
0.042827	0.042577600	107.289935	0.0	0.0
0.043254	0.043003200	107.115751	0.0	0.0
0.043685	0.043433000	106.943385	0.0	0.0
0.044120	0.043867100	106.772823	0.0	0.0
0.044560	0.044305500	106.604041	0.0	0.0
0.045004	0.044748100	106.437019	0.0	0.0
0.045452	0.045195200	106.271740	0.0	0.0
0.045905	0.045646700	106.108184	0.0	0.0
0.046362	0.046102700	105.946327	0.0	0.0
0.046824	0.046563100	105.786155	0.0	0.0
0.047291	0.047028200	105.627644	0.0	0.0
0.047762	0.047497800	105.470780	0.0	0.0
0.048238	0.047972100	105.315541	0.0	0.0
0.048718	0.048451100	105.161913	0.0	0.0
0.049204	0.048934800	105.009871	0.0	0.0
0.049694	0.049423300	104.859404	0.0	0.0
0.050189	0.049916700	104.710493	0.0	0.0
0.050689	0.050415000	104.563117	0.0	0.0
0.051194	0.050918100	104.417262	0.0	0.0
0.051704	0.051426300	104.272911	0.0	0.0
0.052219	0.051939600	104.130047	0.0	0.0
0.052739	0.052457900	103.988655	0.0	0.0
0.053265	0.052981400	103.848715	0.0	0.0
0.053795	0.053510000	103.710214	0.0	0.0
0.054331	0.054043900	103.573136	0.0	0.0
0.054873	0.054583100	103.437466	0.0	0.0
0.055419	0.055127700	103.303186	0.0	0.0
0.055971	0.055677700	103.170282	0.0	0.0
0.056529	0.056233100	103.038742	0.0	0.0
0.057092	0.056794000	102.908547	0.0	0.0
0.057661	0.057360600	102.779682	0.0	0.0
0.058235	0.057932700	102.652135	0.0	0.0
0.058816	0.058510500	102.525893	0.0	0.0
0.059402	0.059094100	102.400939	0.0	0.0
0.059993	0.059683500	102.277260	0.0	0.0
0.060591	0.060278700	102.154841	0.0	0.0
0.061195	0.060879900	102.033671	0.0	0.0
0.061804	0.061487000	101.913736	0.0	0.0
0.062420	0.062100200	101.795021	0.0	0.0
0.063042	0.062719400	101.677513	0.0	0.0
0.063670	0.063344800	101.561200	0.0	0.0
0.064304	0.063976500	101.446071	0.0	0.0
0.064945	0.064614400	101.332110	0.0	0.0
0.065592	0.065258600	101.219306	0.0	0.0
0.066246	0.065909300	101.107648	0.0	0.0
0.066906	0.066566400	100.997120	0.0	0.0
0.067572	0.067230100	100.887714	0.0	0.0
0.068245	0.067900400	100.779417	0.0	0.0
0.068925	0.068577400	100.672218	0.0	0.0
0.069612	0.069261000	100.566101	0.0	0.0
0.070305	0.069951500	100.461060	0.0	0.0
0.071006	0.070648900	100.357081	0.0	0.0
0.071713	0.071353200	100.254153	0.0	0.0
0.072428	0.072064500	100.152265	0.0	0.0
0.073149	0.072782900	100.051407	0.0	0.0
0.073878	0.073508400	99.951565	0.0	0.0
0.074614	0.074241200	99.852733	0.0	0.0
0.075357	0.074981200	99.754897	0.0	0.0
0.076108	0.075728600	99.658047	0.0	0.0
0.076866	0.076483500	99.562175	0.0	0.0
0.077632	0.077245800	99.467268	0.0	0.0
0.078406	0.078015800	99.373318	0.0	0.0
0.079187	0.078793400	99.280312	0.0	0.0
0.079976	0.079578800	99.188244	0.0	0.0
0.080773	0.080372000	99.097102	0.0	0.0
0.081577	0.081173100	99.006876	0.0	0.0
0.082390	0.081982100	98.917558	0.0	0.0
0.083211	0.082799200	98.829138	0.0	0.0
0.084040	0.083624500	98.741605	0.0	0.0
0.084877	0.084457900	98.654953	0.0	0.0
0.085723	0.085299700	98.569170	0.0	0.0
0.086577	0.086149900	98.484250	0.0	0.0
0.087439	0.087008500	98.400181	0.0	0.0
0.088310	0.087875600	98.316956	0.0	0.0
0.089190	0.088751400	98.234565	0.0	0.0
0.090079	0.089636000	98.153000	0.0	0.0
0.090976	0.090529300	98.072254	0.0	0.0
0.091883	0.091431600	97.992317	0.0	0.0
0.092798	0.092342800	97.913180	0.0	0.0
0.093722	0.093263100	97.834836	0.0	0.0
0.094656	0.094192500	97.757276	0.0	0.0
0.095599	0.095131300	97.680494	0.0	0.0
0.096552	0.096079300	97.604479	0.0	0.0
0.097514	0.097036800	97.529226	0.0	0.0
0.098485	0.098003900	97.454726	0.0	0.0
0.099466	0.098980600	97.380970	0.0	0.0
0.100457	0.099967000	97.307950	0.0	0.0
0.101458	0.100963000	97.235664	0.0	0.0
0.102469	0.101969000	97.164099	0.0	0.0
0.103490	0.102986000	97.093246	0.0	0.0
0.104521	0.104012000	97.023107	0.0	0.0
0.105562	0.105048000	96.953666	0.0	0.0
0.106614	0.106095000	96.884917	0.0	0.0
0.107676	0.107153000	96.816859	0.0	0.0
0.108749	0.108220000	96.749474	0.0	0.0
0.109832	0.109299000	96.682766	0.0	0.0
0.110926	0.110388000	96.616724	0.0	0.0
0.112031	0.111488000	96.551336	0.0	0.0
0.113148	0.112599000	96.486605	0.0	0.0
0.114275	0.113721000	96.422517	0.0	0.0
0.115413	0.114855000	96.359074	0.0	0.0
0.116563	0.115999000	96.296256	0.0	0.0
0.117724	0.117155000	96.234072	0.0	0.0
0.118897	0.118323000	96.172501	0.0	0.0
0.120082	0.119502000	96.111548	0.0	0.0
0.121278	0.120693000	96.051198	0.0	0.0
0.122486	0.121896000	95.991455	0.0	0.0
0.123707	0.123110000	95.932304	0.0	0.0
0.124939	0.124337000	95.873741	0.0	0.0
0.126184	0.125576000	95.815764	0.0	0.0
0.127441	0.126828000	95.758365	0.0	0.0
0.128711	0.128092000	95.701534	0.0	0.0
0.129993	0.129368000	95.645271	0.0	0.0
0.131288	0.130657000	95.589567	0.0	0.0
0.132596	0.131959000	95.534417	0.0	0.0
0.133917	0.133274000	95.479818	0.0	0.0
0.135251	0.134603000	95.425761	0.0	0.0
0.136599	0.135944000	95.372245	0.0	0.0
0.137960	0.137299000	95.319259	0.0	0.0
0.139334	0.138667000	95.266798	0.0	0.0
0.140722	0.140049000	95.214862	0.0	0.0
0.142124	0.141445000	95.163441	0.0	0.0
0.143540	0.142854000	95.112533	0.0	0.0
0.144970	0.144278000	95.062129	0.0	0.0
0.146414	0.145716000	95.012227	0.0	0.0
0.147873	0.147168000	94.962824	0.0	0.0
0.149346	0.148635000	94.913907	0.0	0.0
0.150834	0.150116000	94.865482	0.0	0.0
0.152337	0.151612000	94.817533	0.0	0.0
0.153855	0.153123000	94.770063	0.0	0.0
0.155387	0.154649000	94.723065	0.0	0.0
0.156935	0.156190000	94.676536	0.0	0.0
0.158499	0.157747000	94.630467	0.0	0.0
0.160078	0.159319000	94.584855	0.0	0.0
0.161673	0.160907000	94.539698	0.0	0.0
0.163284	0.162510000	94.494988	0.0	0.0
0.164910	0.164130000	94.450722	0.0	0.0
0.166553	0.165766000	94.406897	0.0	0.0
0.168213	0.167418000	94.363508	0.0	0.0
0.169888	0.169086000	94.320547	0.0	0.0
0.171581	0.170771000	94.278016	0.0	0.0
0.173290	0.172473000	94.235906	0.0	0.0
0.175017	0.174192000	94.194212	0.0	0.0
0.176760	0.175928000	94.152935	0.0	0.0
0.178521	0.177682000	94.112067	0.0	0.0
0.180300	0.179453000	94.071603	0.0	0.0
0.182096	0.181241000	94.031541	0.0	0.0
0.183910	0.183048000	93.991880	0.0	0.0
0.185743	0.184872000	93.952609	0.0	0.0
0.187593	0.186715000	93.913729	0.0	0.0
0.189462	0.188576000	93.875235	0.0	0.0
0.191350	0.190455000	93.837122	0.0	0.0
0.193256	0.192354000	93.799389	0.0	0.0
0.195181	0.194271000	93.762029	0.0	0.0
0.197126	0.196207000	93.725040	0.0	0.0
0.199090	0.198163000	93.688419	0.0	0.0
0.201073	0.200138000	93.652159	0.0	0.0
0.203077	0.202133000	93.616261	0.0	0.0
0.205100	0.204148000	93.580718	0.0	0.0
0.207143	0.206183000	93.545526	0.0	0.0
0.209207	0.208238000	93.510685	0.0	0.0
0.211291	0.210313000	93.476190	0.0	0.0
0.213396	0.212410000	93.442034	0.0	0.0
0.215522	0.214527000	93.408219	0.0	0.0
0.217669	0.216666000	93.374738	0.0	0.0
0.219838	0.218825000	93.341591	0.0	0.0
0.222028	0.221007000	93.308771	0.0	0.0
0.224240	0.223210000	93.276276	0.0	0.0
0.226474	0.225435000	93.244104	0.0	0.0
0.228730	0.227682000	93.212250	0.0	0.0
0.231009	0.229952000	93.180711	0.0	0.0
0.233311	0.232244000	93.149485	0.0	0.0
0.235635	0.234560000	93.118568	0.0	0.0
0.237983	0.236898000	93.087959	0.0	0.0
0.240354	0.239260000	93.057650	0.0	0.0
0.242748	0.241645000	93.027643	0.0	0.0
0.245167	0.244054000	92.997933	0.0	0.0
0.247609	0.246487000	92.968517	0.0	0.0
0.250076	0.248944000	92.939391	0.0	0.0
0.252567	0.251426000	92.910554	0.0	0.0
0.255084	0.253933000	92.882003	0.0	0.0
0.257625	0.256465000	92.853733	0.0	0.0
0.260192	0.259022000	92.825744	0.0	0.0
0.262784	0.261604000	92.798031	0.0	0.0
0.265402	0.264213000	92.770591	0.0	0.0
0.268046	0.266847000	92.743423	0.0	0.0
0.270716	0.269508000	92.716524	0.0	0.0
0.273413	0.272195000	92.689890	0.0	0.0
0.276137	0.274909000	92.663520	0.0	0.0
0.278888	0.277650000	92.637409	0.0	0.0
0.281667	0.280419000	92.611556	0.0	0.0
0.284473	0.283215000	92.585958	0.0	0.0
0.287307	0.286039000	92.560613	0.0	0.0
0.290170	0.288892000	92.535518	0.0	0.0
0.293060	0.291773000	92.510670	0.0	0.0
0.295980	0.294682000	92.486067	0.0	0.0
0.298929	0.297621000	92.461707	0.0	0.0
0.301907	0.300589000	92.437586	0.0	0.0
0.304915	0.303587000	92.413703	0.0	0.0
0.307953	0.306615000	92.390054	0.0	0.0
0.311021	0.309673000	92.366639	0.0	0.0
0.314119	0.312761000	92.343453	0.0	0.0
0.317249	0.315881000	92.320496	0.0	0.0
0.320409	0.319031000	92.297764	0.0	0.0
0.323602	0.322213000	92.275254	0.0	0.0
0.326825	0.325427000	92.252966	0.0	0.0
0.330082	0.328673000	92.230896	0.0	0.0
0.333370	0.331951000	92.209043	0.0	0.0
0.336691	0.335263000	92.187403	0.0	0.0
0.340046	0.338607000	92.165975	0.0	0.0
0.343433	0.341985000	92.144757	0.0	0.0
0.346855	0.345396000	92.123746	0.0	0.0
0.350311	0.348842000	92.102940	0.0	0.0
0.353801	0.352322000	92.082337	0.0	0.0
0.357325	0.355837000	92.061935	0.0	0.0
0.360885	0.359387000	92.041732	0.0	0.0
0.364481	0.362973000	92.021725	0.0	0.0
0.368112	0.366594000	92.001913	0.0	0.0
0.371779	0.370252000	91.982294	0.0	0.0
0.375483	0.373946000	91.962864	0.0	0.0
0.379224	0.377678000	91.943623	0.0	0.0
0.383002	0.381446000	91.924569	0.0	0.0
0.386818	0.385253000	91.905698	0.0	0.0
0.390672	0.389097000	91.887009	0.0	0.0
0.394564	0.392980000	91.868501	0.0	0.0
0.398495	0.396902000	91.850171	0.0	0.0
0.402465	0.400863000	91.832018	0.0	0.0
0.406474	0.404864000	91.814039	0.0	0.0
0.410524	0.408905000	91.796232	0.0	0.0
0.414614	0.412986000	91.778595	0.0	0.0
0.418745	0.417108000	91.761127	0.0	0.0
0.422916	0.421271000	91.743826	0.0	0.0
0.427130	0.425477000	91.726690	0.0	0.0
0.431385	0.429724000	91.709716	0.0	0.0
0.435683	0.434013000	91.692904	0.0	0.0
0.440024	0.438346000	91.676250	0.0	0.0
0.444407	0.442723000	91.659754	0.0	0.0
0.448835	0.447143000	91.643413	0.0	0.0
0.453307	0.451607000	91.627226	0.0	0.0
0.457823	0.456116000	91.611191	0.0	0.0
0.462384	0.460671000	91.595305	0.0	0.0
0.466990	0.465271000	91.579569	0.0	0.0
0.471643	0.469917000	91.563978	0.0	0.0
0.476342	0.474610000	91.548531	0.0	0.0
0.481087	0.479350000	91.533228	0.0	0.0
0.485880	0.484137000	91.518066	0.0	0.0
0.490721	0.488972000	91.503043	0.0	0.0
0.495610	0.493856000	91.488158	0.0	0.0
0.500547	0.498789000	91.473408	0.0	0.0
0.505534	0.503772000	91.458792	0.0	0.0
0.510571	0.508804000	91.444309	0.0	0.0
0.515657	0.513887000	91.429956	0.0	0.0
0.520795	0.519022000	91.415732	0.0	0.0
0.525983	0.524207000	91.401635	0.0	0.0
0.531224	0.529445000	91.387663	0.0	0.0
0.536516	0.534735000	91.373815	0.0	0.0
0.541861	0.540079000	91.360089	0.0	0.0
0.547260	0.545476000	91.346484	0.0	0.0
0.552712	0.550927000	91.332997	0.0	0.0
0.558218	0.556433000	91.319626	0.0	0.0
0.563780	0.561995000	91.306371	0.0	0.0
0.569396	0.567612000	91.293229	0.0	0.0
0.575069	0.573286000	91.280199	0.0	0.0
0.580798	0.579017000	91.267279	0.0	0.0
0.586585	0.584806000	91.254467	0.0	0.0
0.592429	0.590653000	91.241762	0.0	0.0
0.598331	0.596558000	91.229161	0.0	0.0
0.604292	0.602524000	91.216664	0.0	0.0
0.610312	0.608549000	91.204268	0.0	0.0
0.616392	0.614635000	91.191973	0.0	0.0
0.622533	0.620782000	91.179775	0.0	0.0
0.628736	0.626991000	91.167674	0.0	0.0
0.634999	0.633263000	91.155667	0.0	0.0
0.641326	0.639597000	91.143753	0.0	0.0
0.647715	0.645996000	91.131931	0.0	0.0
0.654168	0.652459000	91.120198	0.0	0.0
0.660685	0.658987000	91.108553	0.0	0.0
0.667268	0.665581000	91.096994	0.0	0.0
0.673915	0.672241000	91.085519	0.0	0.0
0.680629	0.678969000	91.074127	0.0	0.0
0.687410	0.685765000	91.062816	0.0	0.0
0.694259	0.692629000	91.051584	0.0	0.0
0.701175	0.699562000	91.040429	0.0	0.0
0.708161	0.706565000	91.029350	0.0	0.0
0.715216	0.713639000	91.018345	0.0	0.0
0.722342	0.720785000	91.007411	0.0	0.0
0.729538	0.728002000	90.996548	0.0	0.0
0.736806	0.735293000	90.985754	0.0	0.0
0.744147	0.742657000	90.975026	0.0	0.0
0.751561	0.750095000	90.964363	0.0	0.0
0.759048	0.757609000	90.953763	0.0	0.0
0.766610	0.765199000	90.943224	0.0	0.0
0.774248	0.772865000	90.932745	0.0	0.0
0.781961	0.780609000	90.922323	0.0	0.0
0.789752	0.788432000	90.911956	0.0	0.0
0.797620	0.796333000	90.901643	0.0	0.0
0.805566	0.804314000	90.891382	0.0	0.0
0.813592	0.812376000	90.881172	0.0	0.0
0.821698	0.820520000	90.871009	0.0	0.0
0.829884	0.828746000	90.860892	0.0	0.0
0.838152	0.837056000	90.850819	0.0	0.0
0.846502	0.845450000	90.840789	0.0	0.0
0.854936	0.853928000	90.830799	0.0	0.0
0.863453	0.862493000	90.820847	0.0	0.0
0.872055	0.871144000	90.810931	0.0	0.0
0.880743	0.879884000	90.801049	0.0	0.0
0.889518	0.888712000	90.791200	0.0	0.0
0.898380	0.897629000	90.781381	0.0	0.0
0.907330	0.906637000	90.771590	0.0	0.0
0.916370	0.915736000	90.761824	0.0	0.0
0.925499	0.924928000	90.752083	0.0	0.0
0.934720	0.934213000	90.742364	0.0	0.0
0.944032	0.943592000	90.732664	0.0	0.0
0.953437	0.953066000	90.722982	0.0	0.0
0.962936	0.962638000	90.713315	0.0	0.0
0.972529	0.972305000	90.703661	0.0	0.0
0.982218	0.982072000	90.694018	0.0	0.0
0.992004	0.991937000	90.684384	0.0	0.0
1.001887	1.001900000	90.674757	0.0	0.0
1.011868	1.011970000	90.665134	0.0	0.0
1.021949	1.022140000	90.655512	0.0	0.0
1.032131	1.032410000	90.645890	0.0	0.0
1.042414	1.042790000	90.636265	0.0	0.0
1.052799	1.053270000	90.626636	0.0	0.0
1.063288	1.063860000	90.617000	0.0	0.0
1.073881	1.074560000	90.607353	0.0	0.0
1.084580	1.085370000	90.597695	0.0	0.0
1.095385	1.096290000	90.588022	0.0	0.0
1.106298	1.107320000	90.578332	0.0	0.0
1.117320	1.118460000	90.568623	0.0	0.0
1.128451	1.129710000	90.558892	0.0	0.0
1.139694	1.141080000	90.549136	0.0	0.0
1.151048	1.152570000	90.539354	0.0	0.0
1.162516	1.164170000	90.529542	0.0	0.0
1.174097	1.175890000	90.519699	0.0	0.0
1.185794	1.187730000	90.509822	0.0	0.0
1.197608	1.199690000	90.499906	0.0	0.0
1.209540	1.211770000	90.489951	0.0	0.0
1.221590	1.223980000	90.479954	0.0	0.0
1.233760	1.236310000	90.469913	0.0	0.0
1.246052	1.248770000	90.459823	0.0	0.0
1.258466	1.261350000	90.449684	0.0	0.0
1.271004	1.274070000	90.439491	0.0	0.0
1.283666	1.286910000	90.429244	0.0	0.0
1.296455	1.299890000	90.418937	0.0	0.0
1.309371	1.312990000	90.408570	0.0	0.0
1.322416	1.326230000	90.398139	0.0	0.0
1.335591	1.339610000	90.387641	0.0	0.0
1.348897	1.353120000	90.377074	0.0	0.0
1.362336	1.366780000	90.366435	0.0	0.0
1.375908	1.380570000	90.355722	0.0	0.0
1.389616	1.394500000	90.344930	0.0	0.0
1.403460	1.408580000	90.334058	0.0	0.0
1.417443	1.422800000	90.323102	0.0	0.0
1.431564	1.437160000	90.312061	0.0	0.0
1.445826	1.451670000	90.300931	0.0	0.0
1.460231	1.466330000	90.289708	0.0	0.0
1.474779	1.481140000	90.278390	0.0	0.0
1.489471	1.496110000	90.266976	0.0	0.0
1.504310	1.511220000	90.255461	0.0	0.0
1.519297	1.526490000	90.243842	0.0	0.0
1.534434	1.541920000	90.232116	0.0	0.0
1.549721	1.557510000	90.220282	0.0	0.0
1.565160	1.573250000	90.208336	0.0	0.0
1.580753	1.589160000	90.196275	0.0	0.0
1.596502	1.605230000	90.184096	0.0	0.0
1.612408	1.621460000	90.171795	0.0	0.0
1.628471	1.637870000	90.159373	0.0	0.0
1.644695	1.654430000	90.146822	0.0	0.0
1.661081	1.671170000	90.134143	0.0	0.0
1.677630	1.688080000	90.121331	0.0	0.0
1.694344	1.705170000	90.108383	0.0	0.0
1.711224	1.722430000	90.095298	0.0	0.0
1.728272	1.739860000	90.082072	0.0	0.0
1.745491	1.757480000	90.068701	0.0	0.0
1.762880	1.775270000	90.055185	0.0	0.0
1.780443	1.793250000	90.041519	0.0	0.0
1.798181	1.811420000	90.027700	0.0	0.0
1.816096	1.829760000	90.013726	0.0	0.0
1.834189	1.848300000	89.999594	0.0	0.0
1.852463	1.867030000	89.985301	0.0	0.0
1.870918	1.885950000	89.970845	0.0	0.0
1.889558	1.905060000	89.956221	0.0	0.0
1.908383	1.924370000	89.941429	0.0	0.0
1.927396	1.943880000	89.926465	0.0	0.0
1.946598	1.963580000	89.911327	0.0	0.0
1.965991	1.983490000	89.896011	0.0	0.0
1.985578	2.003610000	89.880515	0.0	0.0
2.005359	2.023930000	89.864836	0.0	0.0
2.025338	2.044460000	89.848972	0.0	0.0
2.045516	2.065190000	89.832920	0.0	0.0
2.065895	2.086150000	89.816678	0.0	0.0
2.086477	2.107310000	89.800242	0.0	0.0
2.107264	2.128700000	89.783610	0.0	0.0
2.128258	2.150300000	89.766781	0.0	0.0
2.149461	2.172120000	89.749750	0.0	0.0
2.170875	2.194170000	89.732517	0.0	0.0
2.192503	2.216440000	89.715078	0.0	0.0
2.214346	2.238940000	89.697430	0.0	0.0
2.236407	2.261670000	89.679572	0.0	0.0
2.258688	2.284640000	89.661501	0.0	0.0
2.281191	2.307840000	89.643214	0.0	0.0
2.303917	2.331280000	89.624711	0.0	0.0
2.326871	2.354960000	89.605986	0.0	0.0
2.350052	2.378880000	89.587040	0.0	0.0
2.373465	2.403040000	89.567870	0.0	0.0
2.397111	2.427450000	89.548472	0.0	0.0
2.420993	2.452120000	89.528846	0.0	0.0
2.445113	2.477030000	89.508988	0.0	0.0
2.469473	2.502200000	89.488897	0.0	0.0
2.494075	2.527630000	89.468571	0.0	0.0
2.518923	2.553320000	89.448007	0.0	0.0
2.544018	2.579270000	89.427204	0.0	0.0
2.569364	2.605490000	89.406158	0.0	0.0
2.594961	2.631970000	89.384870	0.0	0.0
2.620814	2.658730000	89.363335	0.0	0.0
2.646925	2.685760000	89.341552	0.0	0.0
2.673295	2.713060000	89.319521	0.0	0.0
2.699928	2.740650000	89.297237	0.0	0.0
2.726827	2.768520000	89.274700	0.0	0.0
2.753994	2.796670000	89.251907	0.0	0.0
2.781431	2.825110000	89.228857	0.0	0.0
2.809141	2.853850000	89.205548	0.0	0.0
2.837128	2.882870000	89.181977	0.0	0.0
2.865393	2.912190000	89.158144	0.0	0.0
2.893941	2.941820000	89.134045	0.0	0.0
2.922772	2.971740000	89.109681	0.0	0.0
2.951891	3.001970000	89.085047	0.0	0.0
2.981300	3.032510000	89.060143	0.0	0.0
3.011001	3.063370000	89.034968	0.0	0.0
3.040999	3.094540000	89.009518	0.0	0.0
3.071296	3.126020000	88.983793	0.0	0.0
3.101894	3.157830000	88.957791	0.0	0.0
3.132797	3.189970000	88.931509	0.0	0.0
3.164008	3.222430000	88.904947	0.0	0.0
3.195530	3.255230000	88.878101	0.0	0.0
3.227367	3.288360000	88.850971	0.0	0.0
3.259520	3.321830000	88.823555	0.0	0.0
3.291993	3.355640000	88.795851	0.0	0.0
3.324791	3.389800000	88.767856	0.0	0.0
3.357915	3.424310000	88.739570	0.0	0.0
3.391368	3.459170000	88.710992	0.0	0.0
3.425156	3.494390000	88.682116	0.0	0.0
3.459279	3.529970000	88.652945	0.0	0.0
3.493743	3.565910000	88.623474	0.0	0.0
3.528550	3.602220000	88.593702	0.0	0.0
3.563704	3.638900000	88.563628	0.0	0.0
3.599208	3.675970000	88.533248	0.0	0.0
3.635066	3.713400000	88.502562	0.0	0.0
3.671281	3.751220000	88.471568	0.0	0.0
3.707857	3.789440000	88.440262	0.0	0.0
3.744797	3.828040000	88.408645	0.0	0.0
3.782106	3.867030000	88.376711	0.0	0.0
3.819786	3.906430000	88.344462	0.0	0.0
3.857841	3.946230000	88.311894	0.0	0.0
3.896276	3.986440000	88.279004	0.0	0.0
3.935093	4.027070000	88.245792	0.0	0.0
3.974297	4.068110000	88.212253	0.0	0.0
4.013892	4.109570000	88.178387	0.0	0.0
4.053881	4.151460000	88.144191	0.0	0.0
4.094269	4.193780000	88.109662	0.0	0.0
4.135059	4.236530000	88.074798	0.0	0.0
4.176255	4.279720000	88.039597	0.0	0.0
4.217862	4.323360000	88.004056	0.0	0.0
4.259883	4.367450000	87.968173	0.0	0.0
4.302323	4.411990000	87.931944	0.0	0.0
4.345186	4.456990000	87.895367	0.0	0.0
4.388476	4.502460000	87.858439	0.0	0.0
4.432197	4.548390000	87.821159	0.0	0.0
4.476353	4.594800000	87.783522	0.0	0.0
4.520950	4.641690000	87.745526	0.0	0.0
4.565991	4.689060000	87.707167	0.0	0.0
4.611480	4.736920000	87.668443	0.0	0.0
4.657423	4.785280000	87.629351	0.0	0.0
4.703824	4.834140000	87.589886	0.0	0.0
4.750687	4.883500000	87.550047	0.0	0.0
4.798016	4.933380000	87.509830	0.0	0.0
4.845817	4.983770000	87.469230	0.0	0.0
4.894095	5.034680000	87.428245	0.0	0.0
4.942853	5.086130000	87.386871	0.0	0.0
4.992097	5.138110000	87.345104	0.0	0.0
5.041832	5.190630000	87.302940	0.0	0.0
5.092062	5.243690000	87.260377	0.0	0.0
5.142793	5.297310000	87.217408	0.0	0.0
5.194029	5.351490000	87.174031	0.0	0.0
5.245776	5.406230000	87.130241	0.0	0.0
5.298038	5.461540000	87.086035	0.0	0.0
5.350821	5.517430000	87.041407	0.0	0.0
5.404129	5.573910000	86.996354	0.0	0.0
5.457969	5.630980000	86.950870	0.0	0.0
5.512345	5.688640000	86.904951	0.0	0.0
5.567263	5.746910000	86.858593	0.0	0.0
5.622728	5.805790000	86.811790	0.0	0.0
5.678746	5.865280000	86.764537	0.0	0.0
5.735321	5.925410000	86.716830	0.0	0.0
5.792460	5.986170000	86.668664	0.0	0.0
5.850169	6.047560000	86.620031	0.0	0.0
5.908453	6.109610000	86.570928	0.0	0.0
5.967317	6.172300000	86.521349	0.0	0.0
6.026767	6.235660000	86.471289	0.0	0.0
6.086810	6.299690000	86.420740	0.0	0.0
6.147451	6.364400000	86.369698	0.0	0.0
6.208696	6.429790000	86.318157	0.0	0.0
6.270552	6.495880000	86.266109	0.0	0.0
6.333023	6.562670000	86.213550	0.0	0.0
6.396117	6.630170000	86.160472	0.0	0.0
6.459840	6.698390000	86.106869	0.0	0.0
6.524198	6.767340000	86.052733	0.0	0.0
6.589196	6.837020000	85.998060	0.0	0.0
6.654842	6.907440000	85.942841	0.0	0.0
6.721143	6.978630000	85.887068	0.0	0.0
6.788103	7.050560000	85.830736	0.0	0.0
6.855731	7.123280000	85.773836	0.0	0.0
6.924033	7.196770000	85.716361	0.0	0.0
6.993015	7.271060000	85.658303	0.0	0.0
7.062684	7.346140000	85.599654	0.0	0.0
7.133048	7.422040000	85.540406	0.0	0.0
7.204112	7.498750000	85.480551	0.0	0.0
7.275884	7.576290000	85.420081	0.0	0.0
7.348372	7.654670000	85.358987	0.0	0.0
7.421582	7.733910000	85.297259	0.0	0.0
7.495521	7.814000000	85.234890	0.0	0.0
7.570196	7.894960000	85.171871	0.0	0.0
7.645616	7.976810000	85.108191	0.0	0.0
7.721787	8.059550000	85.043842	0.0	0.0
7.798717	8.143190000	84.978814	0.0	0.0
7.876413	8.227740000	84.913098	0.0	0.0
7.954883	8.313230000	84.846683	0.0	0.0
8.034135	8.399650000	84.779558	0.0	0.0
8.114177	8.487020000	84.711715	0.0	0.0
8.195016	8.575350000	84.643141	0.0	0.0
8.276661	8.664660000	84.573827	0.0	0.0
8.359119	8.754960000	84.503761	0.0	0.0
8.442398	8.846250000	84.432933	0.0	0.0
8.526507	8.938560000	84.361330	0.0	0.0
8.611454	9.031890000	84.288942	0.0	0.0
8.697247	9.126250000	84.215757	0.0	0.0
8.783896	9.221670000	84.141761	0.0	0.0
8.871407	9.318160000	84.066945	0.0	0.0
8.959790	9.415720000	83.991294	0.0	0.0
9.049054	9.514380000	83.914796	0.0	0.0
9.139207	9.614140000	83.837438	0.0	0.0
9.230258	9.715030000	83.759208	0.0	0.0
9.322216	9.817050000	83.680092	0.0	0.0
9.415091	9.920220000	83.600074	0.0	0.0
9.508890	10.024600000	83.519145	0.0	0.0
9.603625	10.130100000	83.437285	0.0	0.0
9.699303	10.236800000	83.354485	0.0	0.0
9.795934	10.344700000	83.270727	0.0	0.0
9.893528	10.453900000	83.185998	0.0	0.0
9.992094	10.564300000	83.100282	0.0	0.0
10.091640	10.676000000	83.013565	0.0	0.0
10.192180	10.788900000	82.925828	0.0	0.0
10.293720	10.903200000	82.837059	0.0	0.0
10.396280	11.018800000	82.747232	0.0	0.0
10.499850	11.135700000	82.656349	0.0	0.0
10.604460	11.253900000	82.564376	0.0	0.0
10.710110	11.373500000	82.471303	0.0	0.0
10.816810	11.494500000	82.377116	0.0	0.0
10.924570	11.617000000	82.281795	0.0	0.0
11.033410	11.740800000	82.185315	0.0	0.0
11.143340	11.866100000	82.087659	0.0	0.0
11.254350	11.992800000	81.988826	0.0	0.0
11.366480	12.121100000	81.888771	0.0	0.0
11.479720	12.250800000	81.787494	0.0	0.0
11.594090	12.382100000	81.684968	0.0	0.0
11.709600	12.515000000	81.581174	0.0	0.0
11.826250	12.649400000	81.476103	0.0	0.0
11.944080	12.785400000	81.369707	0.0	0.0
12.063070	12.923000000	81.261995	0.0	0.0
12.183250	13.062200000	81.152929	0.0	0.0
12.304630	13.203200000	81.042489	0.0	0.0
12.427220	13.345800000	80.930656	0.0	0.0
12.551030	13.490100000	80.817409	0.0	0.0
12.676070	13.636200000	80.702727	0.0	0.0
12.802360	13.784000000	80.586581	0.0	0.0
12.929900	13.933600000	80.468959	0.0	0.0
13.058720	14.085000000	80.349822	0.0	0.0
13.188820	14.238300000	80.229157	0.0	0.0
13.320220	14.393400000	80.106933	0.0	0.0
13.452920	14.550400000	79.983138	0.0	0.0
13.586950	14.709400000	79.857731	0.0	0.0
13.722310	14.870300000	79.730700	0.0	0.0
13.859020	15.033100000	79.602011	0.0	0.0
13.997100	15.198000000	79.471634	0.0	0.0
14.136540	15.364900000	79.339563	0.0	0.0
14.277380	15.533900000	79.205747	0.0	0.0
14.419620	15.705000000	79.070172	0.0	0.0
14.563280	15.878200000	78.932805	0.0	0.0
14.708370	16.053600000	78.793621	0.0	0.0
14.854910	16.231200000	78.652587	0.0	0.0
15.002900	16.411000000	78.509688	0.0	0.0
15.152370	16.593000000	78.364880	0.0	0.0
15.303330	16.777400000	78.218138	0.0	0.0
15.455790	16.964100000	78.069435	0.0	0.0
15.609770	17.153200000	77.918738	0.0	0.0
15.765290	17.344600000	77.766011	0.0	0.0
15.922350	17.538500000	77.611237	0.0	0.0
16.080980	17.734900000	77.454370	0.0	0.0
16.241190	17.933400000	77.295384	0.0	0.0
16.403000	18.131400000	77.134242	0.0	0.0
16.566420	18.317900000	76.970917	0.0	0.0
16.731460	18.461100000	76.805382	0.0	0.0
16.898160	18.490800000	76.637579	0.0	0.0
17.066510	18.284900000	76.467500	0.0	0.0
17.236540	17.677100000	76.295097	0.0	0.0
17.408260	16.500800000	76.120342	0.0	0.0
17.581690	14.664600000	75.943195	0.0	0.0
17.756850	12.227400000	75.763618	0.0	0.0
17.933760	9.425500000	75.581571	0.0	0.0
18.112430	6.618290000	75.397025	0.0	0.0
18.292880	4.168110000	75.209939	0.0	0.0
18.475120	2.314380000	75.020283	0.0	0.0
18.659180	1.110140000	74.828007	0.0	0.0
18.845080	0.448191000	74.633069	0.0	0.0
19.032830	0.146963000	74.435438	0.0	0.0
19.222450	0.037123100	74.235072	0.0	0.0
19.413950	0.006623910	74.031939	0.0	0.0
19.607370	0.000707554	73.825976	0.0	0.0
19.802710	0.000029524	73.617161	0.0	0.0
20.000000	0.000000344	73.405440	0.0	0.0

