# UNCLASSIFIED
#
# Response info for LEM IDC broadband site.
#
# Effective: 21 JUN 2007
# Response Created: 31 MAR 2011 
# File name: LEM.BB.1182425198
# Inid: 7594 7595 7596 
# Source:  James Neely (TTD), TSgt Gregory Swindle
# System equipment: Streckeisen STS-2 sensor and Nanometrics Europa T digitizer
#
# This response file was derived from equations of state.
# Displacement response relative to 1.0 at 1.0 Hz.
#
# The calib values for this configuration are as follows:
#
# LEM BHZ is 0.031831 nm/count at 1.0 Hz.
# LEM BHN is 0.031831 nm/count at 1.0 Hz.
# LEM BHE is 0.031831 nm/count at 1.0 Hz.
#
# Freq(Hz)     Amp(counts/nm)   Phase(deg)  Error(amp)  Error(phase)
#
 theoretical  0       system    fap   J.Neely
1000
0.001000	0.000014347	260.223967	0.0	0.0
0.001010	0.000014780	260.125639	0.0	0.0
0.001020	0.000015226	260.026307	0.0	0.0
0.001030	0.000015686	259.925959	0.0	0.0
0.001040	0.000016159	259.824584	0.0	0.0
0.001051	0.000016647	259.722162	0.0	0.0
0.001061	0.000017149	259.618690	0.0	0.0
0.001072	0.000017667	259.514159	0.0	0.0
0.001083	0.000018200	259.408547	0.0	0.0
0.001093	0.000018749	259.301853	0.0	0.0
0.001104	0.000019315	259.194065	0.0	0.0
0.001115	0.000019898	259.085163	0.0	0.0
0.001126	0.000020499	258.975134	0.0	0.0
0.001138	0.000021117	258.863979	0.0	0.0
0.001149	0.000021755	258.751674	0.0	0.0
0.001160	0.000022411	258.638209	0.0	0.0
0.001172	0.000023088	258.523573	0.0	0.0
0.001184	0.000023784	258.407754	0.0	0.0
0.001195	0.000024502	258.290729	0.0	0.0
0.001207	0.000025242	258.172499	0.0	0.0
0.001219	0.000026003	258.053050	0.0	0.0
0.001231	0.000026788	257.932351	0.0	0.0
0.001244	0.000027596	257.810411	0.0	0.0
0.001256	0.000028429	257.687198	0.0	0.0
0.001269	0.000029287	257.562709	0.0	0.0
0.001281	0.000030171	257.436922	0.0	0.0
0.001294	0.000031081	257.309836	0.0	0.0
0.001307	0.000032019	257.181419	0.0	0.0
0.001320	0.000032985	257.051668	0.0	0.0
0.001333	0.000033981	256.920561	0.0	0.0
0.001346	0.000035006	256.788085	0.0	0.0
0.001360	0.000036062	256.654219	0.0	0.0
0.001373	0.000037150	256.518960	0.0	0.0
0.001387	0.000038271	256.382286	0.0	0.0
0.001401	0.000039426	256.244183	0.0	0.0
0.001415	0.000040615	256.104629	0.0	0.0
0.001429	0.000041841	255.963612	0.0	0.0
0.001443	0.000043103	255.821118	0.0	0.0
0.001457	0.000044403	255.677124	0.0	0.0
0.001472	0.000045743	255.531608	0.0	0.0
0.001487	0.000047123	255.384566	0.0	0.0
0.001501	0.000048544	255.235976	0.0	0.0
0.001516	0.000050008	255.085813	0.0	0.0
0.001532	0.000051517	254.934064	0.0	0.0
0.001547	0.000053071	254.780717	0.0	0.0
0.001562	0.000054671	254.625746	0.0	0.0
0.001578	0.000056320	254.469130	0.0	0.0
0.001593	0.000058019	254.310852	0.0	0.0
0.001609	0.000059769	254.150891	0.0	0.0
0.001625	0.000061571	253.989241	0.0	0.0
0.001642	0.000063428	253.825858	0.0	0.0
0.001658	0.000065341	253.660738	0.0	0.0
0.001674	0.000067311	253.493868	0.0	0.0
0.001691	0.000069341	253.325201	0.0	0.0
0.001708	0.000071431	253.154743	0.0	0.0
0.001725	0.000073585	252.982460	0.0	0.0
0.001742	0.000075804	252.808327	0.0	0.0
0.001760	0.000078089	252.632328	0.0	0.0
0.001777	0.000080443	252.454438	0.0	0.0
0.001795	0.000082868	252.274632	0.0	0.0
0.001813	0.000085366	252.092894	0.0	0.0
0.001831	0.000087938	251.909199	0.0	0.0
0.001849	0.000090589	251.723520	0.0	0.0
0.001867	0.000093319	251.535832	0.0	0.0
0.001886	0.000096131	251.346118	0.0	0.0
0.001905	0.000099027	251.154341	0.0	0.0
0.001924	0.000102011	250.960497	0.0	0.0
0.001943	0.000105085	250.764537	0.0	0.0
0.001962	0.000108250	250.566444	0.0	0.0
0.001982	0.000111511	250.366192	0.0	0.0
0.002002	0.000114870	250.163764	0.0	0.0
0.002022	0.000118329	249.959111	0.0	0.0
0.002042	0.000121893	249.752236	0.0	0.0
0.002062	0.000125563	249.543082	0.0	0.0
0.002083	0.000129344	249.331639	0.0	0.0
0.002103	0.000133238	249.117871	0.0	0.0
0.002124	0.000137249	248.901757	0.0	0.0
0.002145	0.000141380	248.683250	0.0	0.0
0.002167	0.000145635	248.462341	0.0	0.0
0.002188	0.000150017	248.238990	0.0	0.0
0.002210	0.000154531	248.013168	0.0	0.0
0.002232	0.000159180	247.784845	0.0	0.0
0.002254	0.000163968	247.553982	0.0	0.0
0.002277	0.000168899	247.320557	0.0	0.0
0.002300	0.000173978	247.084532	0.0	0.0
0.002322	0.000179209	246.845874	0.0	0.0
0.002346	0.000184596	246.604554	0.0	0.0
0.002369	0.000190145	246.360530	0.0	0.0
0.002393	0.000195859	246.113770	0.0	0.0
0.002416	0.000201743	245.864254	0.0	0.0
0.002441	0.000207804	245.611918	0.0	0.0
0.002465	0.000214045	245.356751	0.0	0.0
0.002489	0.000220473	245.098710	0.0	0.0
0.002514	0.000227092	244.837753	0.0	0.0
0.002539	0.000233908	244.573846	0.0	0.0
0.002565	0.000240927	244.306946	0.0	0.0
0.002590	0.000248155	244.037030	0.0	0.0
0.002616	0.000255598	243.764043	0.0	0.0
0.002642	0.000263262	243.487951	0.0	0.0
0.002668	0.000271155	243.208710	0.0	0.0
0.002695	0.000279281	242.926286	0.0	0.0
0.002722	0.000287649	242.640632	0.0	0.0
0.002749	0.000296264	242.351703	0.0	0.0
0.002776	0.000305135	242.059476	0.0	0.0
0.002804	0.000314269	241.763881	0.0	0.0
0.002832	0.000323672	241.464895	0.0	0.0
0.002860	0.000333354	241.162470	0.0	0.0
0.002888	0.000343322	240.856561	0.0	0.0
0.002917	0.000353584	240.547118	0.0	0.0
0.002946	0.000364148	240.234096	0.0	0.0
0.002976	0.000375023	239.917446	0.0	0.0
0.003005	0.000386219	239.597142	0.0	0.0
0.003035	0.000397743	239.273103	0.0	0.0
0.003066	0.000409606	238.945314	0.0	0.0
0.003096	0.000421817	238.613705	0.0	0.0
0.003127	0.000434386	238.278236	0.0	0.0
0.003158	0.000447322	237.938860	0.0	0.0
0.003190	0.000460637	237.595517	0.0	0.0
0.003221	0.000474340	237.248167	0.0	0.0
0.003253	0.000488443	236.896752	0.0	0.0
0.003286	0.000502956	236.541231	0.0	0.0
0.003319	0.000517891	236.181534	0.0	0.0
0.003352	0.000533259	235.817632	0.0	0.0
0.003385	0.000549073	235.449455	0.0	0.0
0.003419	0.000565344	235.076951	0.0	0.0
0.003453	0.000582085	234.700083	0.0	0.0
0.003487	0.000599309	234.318779	0.0	0.0
0.003522	0.000617027	233.932988	0.0	0.0
0.003557	0.000635255	233.542673	0.0	0.0
0.003592	0.000654006	233.147750	0.0	0.0
0.003628	0.000673293	232.748192	0.0	0.0
0.003664	0.000693130	232.343928	0.0	0.0
0.003701	0.000713532	231.934910	0.0	0.0
0.003738	0.000734514	231.521087	0.0	0.0
0.003775	0.000756091	231.102391	0.0	0.0
0.003813	0.000778278	230.678773	0.0	0.0
0.003851	0.000801090	230.250175	0.0	0.0
0.003889	0.000824544	229.816549	0.0	0.0
0.003928	0.000848655	229.377827	0.0	0.0
0.003967	0.000873441	228.933975	0.0	0.0
0.004006	0.000898918	228.484925	0.0	0.0
0.004046	0.000925103	228.030623	0.0	0.0
0.004087	0.000952013	227.571012	0.0	0.0
0.004127	0.000979666	227.106052	0.0	0.0
0.004168	0.001008080	226.635689	0.0	0.0
0.004210	0.001037270	226.159850	0.0	0.0
0.004252	0.001067260	225.678507	0.0	0.0
0.004294	0.001098070	225.191600	0.0	0.0
0.004337	0.001129710	224.699082	0.0	0.0
0.004380	0.001162200	224.200906	0.0	0.0
0.004424	0.001195560	223.697017	0.0	0.0
0.004468	0.001229820	223.187373	0.0	0.0
0.004512	0.001264990	222.671944	0.0	0.0
0.004557	0.001301090	222.150669	0.0	0.0
0.004603	0.001338140	221.623512	0.0	0.0
0.004649	0.001376160	221.090438	0.0	0.0
0.004695	0.001415170	220.551405	0.0	0.0
0.004742	0.001455190	220.006373	0.0	0.0
0.004789	0.001496250	219.455314	0.0	0.0
0.004837	0.001538350	218.898206	0.0	0.0
0.004885	0.001581520	218.335016	0.0	0.0
0.004934	0.001625790	217.765706	0.0	0.0
0.004983	0.001671160	217.190272	0.0	0.0
0.005032	0.001717670	216.608682	0.0	0.0
0.005082	0.001765320	216.020918	0.0	0.0
0.005133	0.001814150	215.426977	0.0	0.0
0.005184	0.001864160	214.826839	0.0	0.0
0.005236	0.001915390	214.220510	0.0	0.0
0.005288	0.001967830	213.607977	0.0	0.0
0.005341	0.002021530	212.989256	0.0	0.0
0.005394	0.002076480	212.364344	0.0	0.0
0.005448	0.002132720	211.733255	0.0	0.0
0.005502	0.002190260	211.095996	0.0	0.0
0.005557	0.002249110	210.452592	0.0	0.0
0.005612	0.002309290	209.803084	0.0	0.0
0.005668	0.002370810	209.147487	0.0	0.0
0.005725	0.002433700	208.485840	0.0	0.0
0.005782	0.002497960	207.818183	0.0	0.0
0.005839	0.002563610	207.144568	0.0	0.0
0.005897	0.002630660	206.465057	0.0	0.0
0.005956	0.002699130	205.779683	0.0	0.0
0.006015	0.002769010	205.088544	0.0	0.0
0.006075	0.002840340	204.391687	0.0	0.0
0.006136	0.002913100	203.689200	0.0	0.0
0.006197	0.002987320	202.981167	0.0	0.0
0.006259	0.003063000	202.267681	0.0	0.0
0.006321	0.003140130	201.548839	0.0	0.0
0.006384	0.003218740	200.824749	0.0	0.0
0.006448	0.003298820	200.095513	0.0	0.0
0.006512	0.003380380	199.361263	0.0	0.0
0.006577	0.003463420	198.622117	0.0	0.0
0.006642	0.003547930	197.878200	0.0	0.0
0.006708	0.003633920	197.129667	0.0	0.0
0.006775	0.003721380	196.376647	0.0	0.0
0.006843	0.003810310	195.619310	0.0	0.0
0.006911	0.003900710	194.857799	0.0	0.0
0.006980	0.003992560	194.092288	0.0	0.0
0.007049	0.004085870	193.322945	0.0	0.0
0.007120	0.004180630	192.549947	0.0	0.0
0.007191	0.004276820	191.773476	0.0	0.0
0.007262	0.004374430	190.993732	0.0	0.0
0.007335	0.004473450	190.210900	0.0	0.0
0.007408	0.004573870	189.425181	0.0	0.0
0.007481	0.004675680	188.636793	0.0	0.0
0.007556	0.004778850	187.845927	0.0	0.0
0.007631	0.004883370	187.052801	0.0	0.0
0.007707	0.004989230	186.257648	0.0	0.0
0.007784	0.005096410	185.460674	0.0	0.0
0.007862	0.005204890	184.662109	0.0	0.0
0.007940	0.005314640	183.862179	0.0	0.0
0.008019	0.005425650	183.061120	0.0	0.0
0.008099	0.005537890	182.259163	0.0	0.0
0.008180	0.005651360	181.456541	0.0	0.0
0.008261	0.005766010	180.653498	0.0	0.0
0.008343	0.005881830	179.850252	0.0	0.0
0.008426	0.005998810	179.047060	0.0	0.0
0.008510	0.006116900	178.244140	0.0	0.0
0.008595	0.006236100	177.441741	0.0	0.0
0.008681	0.006356370	176.640092	0.0	0.0
0.008767	0.006477710	175.839429	0.0	0.0
0.008855	0.006600070	175.039991	0.0	0.0
0.008943	0.006723440	174.241993	0.0	0.0
0.009032	0.006847810	173.445669	0.0	0.0
0.009122	0.006973130	172.651249	0.0	0.0
0.009213	0.007099400	171.858944	0.0	0.0
0.009305	0.007226590	171.068979	0.0	0.0
0.009397	0.007354680	170.281566	0.0	0.0
0.009491	0.007483660	169.496906	0.0	0.0
0.009586	0.007613500	168.715205	0.0	0.0
0.009681	0.007744180	167.936662	0.0	0.0
0.009777	0.007875700	167.161474	0.0	0.0
0.009875	0.008008020	166.389825	0.0	0.0
0.009973	0.008141130	165.621891	0.0	0.0
0.010073	0.008275030	164.857824	0.0	0.0
0.010173	0.008409700	164.097861	0.0	0.0
0.010274	0.008545120	163.342123	0.0	0.0
0.010377	0.008681280	162.590768	0.0	0.0
0.010480	0.008818170	161.843945	0.0	0.0
0.010584	0.008955790	161.101800	0.0	0.0
0.010690	0.009094130	160.364470	0.0	0.0
0.010796	0.009233170	159.632088	0.0	0.0
0.010904	0.009372920	158.904778	0.0	0.0
0.011013	0.009513360	158.182660	0.0	0.0
0.011122	0.009654500	157.465784	0.0	0.0
0.011233	0.009796330	156.754321	0.0	0.0
0.011345	0.009938860	156.048372	0.0	0.0
0.011458	0.010082100	155.347970	0.0	0.0
0.011572	0.010226000	154.653266	0.0	0.0
0.011688	0.010370600	153.964281	0.0	0.0
0.011804	0.010515900	153.281094	0.0	0.0
0.011922	0.010661900	152.603777	0.0	0.0
0.012040	0.010808600	151.932395	0.0	0.0
0.012160	0.010956000	151.266954	0.0	0.0
0.012281	0.011104100	150.607565	0.0	0.0
0.012404	0.011253000	149.954276	0.0	0.0
0.012527	0.011402600	149.307026	0.0	0.0
0.012652	0.011553000	148.665960	0.0	0.0
0.012778	0.011704100	148.031010	0.0	0.0
0.012906	0.011856000	147.402208	0.0	0.0
0.013034	0.012008600	146.779631	0.0	0.0
0.013164	0.012162100	146.163202	0.0	0.0
0.013295	0.012316400	145.552990	0.0	0.0
0.013428	0.012471400	144.949005	0.0	0.0
0.013561	0.012627400	144.351170	0.0	0.0
0.013696	0.012784100	143.759535	0.0	0.0
0.013833	0.012941800	143.174104	0.0	0.0
0.013971	0.013100300	142.594834	0.0	0.0
0.014110	0.013259800	142.021680	0.0	0.0
0.014250	0.013420100	141.454678	0.0	0.0
0.014392	0.013581400	140.893740	0.0	0.0
0.014536	0.013743700	140.338933	0.0	0.0
0.014681	0.013907000	139.790128	0.0	0.0
0.014827	0.014071200	139.247347	0.0	0.0
0.014975	0.014236500	138.710536	0.0	0.0
0.015124	0.014402800	138.179712	0.0	0.0
0.015275	0.014570100	137.654744	0.0	0.0
0.015427	0.014738600	137.135681	0.0	0.0
0.015580	0.014908100	136.622428	0.0	0.0
0.015736	0.015078800	136.114928	0.0	0.0
0.015892	0.015250600	135.613184	0.0	0.0
0.016051	0.015423500	135.117136	0.0	0.0
0.016211	0.015597700	134.626723	0.0	0.0
0.016372	0.015773100	134.141912	0.0	0.0
0.016535	0.015949700	133.662642	0.0	0.0
0.016700	0.016127500	133.188879	0.0	0.0
0.016866	0.016306700	132.720533	0.0	0.0
0.017034	0.016487100	132.257599	0.0	0.0
0.017204	0.016668900	131.799984	0.0	0.0
0.017375	0.016852000	131.347656	0.0	0.0
0.017549	0.017036500	130.900552	0.0	0.0
0.017723	0.017222400	130.458635	0.0	0.0
0.017900	0.017409800	130.021844	0.0	0.0
0.018078	0.017598500	129.590117	0.0	0.0
0.018258	0.017788800	129.163394	0.0	0.0
0.018440	0.017980500	128.741614	0.0	0.0
0.018624	0.018173800	128.324764	0.0	0.0
0.018810	0.018368500	127.912738	0.0	0.0
0.018997	0.018564900	127.505521	0.0	0.0
0.019186	0.018762900	127.103033	0.0	0.0
0.019377	0.018962400	126.705217	0.0	0.0
0.019570	0.019163600	126.312036	0.0	0.0
0.019765	0.019366500	125.923433	0.0	0.0
0.019962	0.019571100	125.539332	0.0	0.0
0.020161	0.019777400	125.159697	0.0	0.0
0.020362	0.019985400	124.784474	0.0	0.0
0.020565	0.020195200	124.413609	0.0	0.0
0.020770	0.020406800	124.047048	0.0	0.0
0.020977	0.020620200	123.684721	0.0	0.0
0.021186	0.020835500	123.326612	0.0	0.0
0.021397	0.021052600	122.972634	0.0	0.0
0.021610	0.021271600	122.622755	0.0	0.0
0.021825	0.021492500	122.276924	0.0	0.0
0.022043	0.021715400	121.935078	0.0	0.0
0.022262	0.021940300	121.597168	0.0	0.0
0.022484	0.022167200	121.263163	0.0	0.0
0.022708	0.022396000	120.933000	0.0	0.0
0.022934	0.022627000	120.606620	0.0	0.0
0.023163	0.022860000	120.284007	0.0	0.0
0.023394	0.023095100	119.965073	0.0	0.0
0.023627	0.023332400	119.649804	0.0	0.0
0.023862	0.023571800	119.338130	0.0	0.0
0.024100	0.023813400	119.030023	0.0	0.0
0.024340	0.024057300	118.725440	0.0	0.0
0.024582	0.024303300	118.424305	0.0	0.0
0.024827	0.024551700	118.126614	0.0	0.0
0.025075	0.024802300	117.832293	0.0	0.0
0.025324	0.025055200	117.541315	0.0	0.0
0.025577	0.025310500	117.253631	0.0	0.0
0.025832	0.025568200	116.969205	0.0	0.0
0.026089	0.025828300	116.687989	0.0	0.0
0.026349	0.026090900	116.409938	0.0	0.0
0.026611	0.026355900	116.135027	0.0	0.0
0.026876	0.026623400	115.863202	0.0	0.0
0.027144	0.026893400	115.594420	0.0	0.0
0.027415	0.027166000	115.328659	0.0	0.0
0.027688	0.027441100	115.065875	0.0	0.0
0.027964	0.027718900	114.806030	0.0	0.0
0.028242	0.027999300	114.549072	0.0	0.0
0.028524	0.028282300	114.294991	0.0	0.0
0.028808	0.028568100	114.043722	0.0	0.0
0.029095	0.028856600	113.795253	0.0	0.0
0.029385	0.029147900	113.549538	0.0	0.0
0.029677	0.029442000	113.306543	0.0	0.0
0.029973	0.029738900	113.066232	0.0	0.0
0.030272	0.030038600	112.828578	0.0	0.0
0.030573	0.030341200	112.593539	0.0	0.0
0.030878	0.030646800	112.361091	0.0	0.0
0.031185	0.030955300	112.131201	0.0	0.0
0.031496	0.031266700	111.903830	0.0	0.0
0.031810	0.031581200	111.678947	0.0	0.0
0.032127	0.031898800	111.456528	0.0	0.0
0.032447	0.032219400	111.236538	0.0	0.0
0.032770	0.032543100	111.018946	0.0	0.0
0.033097	0.032870000	110.803726	0.0	0.0
0.033426	0.033200100	110.590848	0.0	0.0
0.033759	0.033533300	110.380279	0.0	0.0
0.034096	0.033869800	110.171999	0.0	0.0
0.034435	0.034209600	109.965970	0.0	0.0
0.034778	0.034552800	109.762171	0.0	0.0
0.035125	0.034899200	109.560579	0.0	0.0
0.035475	0.035249100	109.361156	0.0	0.0
0.035828	0.035602300	109.163880	0.0	0.0
0.036185	0.035959100	108.968732	0.0	0.0
0.036546	0.036319300	108.775673	0.0	0.0
0.036910	0.036683100	108.584692	0.0	0.0
0.037278	0.037050400	108.395756	0.0	0.0
0.037649	0.037421300	108.208838	0.0	0.0
0.038024	0.037795900	108.023923	0.0	0.0
0.038403	0.038174200	107.840976	0.0	0.0
0.038785	0.038556200	107.659986	0.0	0.0
0.039172	0.038941900	107.480920	0.0	0.0
0.039562	0.039331400	107.303757	0.0	0.0
0.039956	0.039724800	107.128480	0.0	0.0
0.040354	0.040122000	106.955061	0.0	0.0
0.040756	0.040523200	106.783479	0.0	0.0
0.041162	0.040928300	106.613710	0.0	0.0
0.041572	0.041337400	106.445743	0.0	0.0
0.041987	0.041750600	106.279544	0.0	0.0
0.042405	0.042167800	106.115101	0.0	0.0
0.042827	0.042589100	105.952389	0.0	0.0
0.043254	0.043014600	105.791394	0.0	0.0
0.043685	0.043444400	105.632088	0.0	0.0
0.044120	0.043878300	105.474456	0.0	0.0
0.044560	0.044316500	105.318477	0.0	0.0
0.045004	0.044759100	105.164133	0.0	0.0
0.045452	0.045206100	105.011406	0.0	0.0
0.045905	0.045657500	104.860279	0.0	0.0
0.046362	0.046113300	104.710728	0.0	0.0
0.046824	0.046573700	104.562740	0.0	0.0
0.047291	0.047038600	104.416294	0.0	0.0
0.047762	0.047508100	104.271376	0.0	0.0
0.048238	0.047982300	104.127965	0.0	0.0
0.048718	0.048461200	103.986048	0.0	0.0
0.049204	0.048944900	103.845603	0.0	0.0
0.049694	0.049433300	103.706617	0.0	0.0
0.050189	0.049926600	103.569074	0.0	0.0
0.050689	0.050424700	103.432955	0.0	0.0
0.051194	0.050927800	103.298245	0.0	0.0
0.051704	0.051435900	103.164930	0.0	0.0
0.052219	0.051949000	103.032993	0.0	0.0
0.052739	0.052467300	102.902420	0.0	0.0
0.053265	0.052990600	102.773193	0.0	0.0
0.053795	0.053519200	102.645299	0.0	0.0
0.054331	0.054053000	102.518723	0.0	0.0
0.054873	0.054592100	102.393452	0.0	0.0
0.055419	0.055136600	102.269469	0.0	0.0
0.055971	0.055686500	102.146760	0.0	0.0
0.056529	0.056241900	102.025314	0.0	0.0
0.057092	0.056802700	101.905113	0.0	0.0
0.057661	0.057369100	101.786145	0.0	0.0
0.058235	0.057941200	101.668397	0.0	0.0
0.058816	0.058519000	101.551856	0.0	0.0
0.059402	0.059102400	101.436509	0.0	0.0
0.059993	0.059691700	101.322342	0.0	0.0
0.060591	0.060286900	101.209341	0.0	0.0
0.061195	0.060887900	101.097496	0.0	0.0
0.061804	0.061495000	100.986795	0.0	0.0
0.062420	0.062108100	100.877221	0.0	0.0
0.063042	0.062727200	100.768765	0.0	0.0
0.063670	0.063352600	100.661415	0.0	0.0
0.064304	0.063984100	100.555161	0.0	0.0
0.064945	0.064621900	100.449986	0.0	0.0
0.065592	0.065266100	100.345883	0.0	0.0
0.066246	0.065916800	100.242839	0.0	0.0
0.066906	0.066573800	100.140841	0.0	0.0
0.067572	0.067237400	100.039881	0.0	0.0
0.068245	0.067907600	99.939946	0.0	0.0
0.068925	0.068584500	99.841026	0.0	0.0
0.069612	0.069268100	99.743108	0.0	0.0
0.070305	0.069958500	99.646184	0.0	0.0
0.071006	0.070655800	99.550242	0.0	0.0
0.071713	0.071360000	99.455272	0.0	0.0
0.072428	0.072071300	99.361263	0.0	0.0
0.073149	0.072789600	99.268207	0.0	0.0
0.073878	0.073515000	99.176090	0.0	0.0
0.074614	0.074247700	99.084907	0.0	0.0
0.075357	0.074987700	98.994644	0.0	0.0
0.076108	0.075735100	98.905293	0.0	0.0
0.076866	0.076489800	98.816845	0.0	0.0
0.077632	0.077252200	98.729289	0.0	0.0
0.078406	0.078022100	98.642618	0.0	0.0
0.079187	0.078799600	98.556820	0.0	0.0
0.079976	0.079584900	98.471888	0.0	0.0
0.080773	0.080378100	98.387812	0.0	0.0
0.081577	0.081179000	98.304581	0.0	0.0
0.082390	0.081988000	98.222190	0.0	0.0
0.083211	0.082805100	98.140629	0.0	0.0
0.084040	0.083630300	98.059888	0.0	0.0
0.084877	0.084463700	97.979960	0.0	0.0
0.085723	0.085305400	97.900835	0.0	0.0
0.086577	0.086155500	97.822507	0.0	0.0
0.087439	0.087014100	97.744965	0.0	0.0
0.088310	0.087881200	97.668202	0.0	0.0
0.089190	0.088756900	97.592211	0.0	0.0
0.090079	0.089641400	97.516982	0.0	0.0
0.090976	0.090534700	97.442509	0.0	0.0
0.091883	0.091436800	97.368783	0.0	0.0
0.092798	0.092348000	97.295797	0.0	0.0
0.093722	0.093268300	97.223542	0.0	0.0
0.094656	0.094197700	97.152013	0.0	0.0
0.095599	0.095136300	97.081200	0.0	0.0
0.096552	0.096084400	97.011097	0.0	0.0
0.097514	0.097041900	96.941697	0.0	0.0
0.098485	0.098008800	96.872991	0.0	0.0
0.099466	0.098985500	96.804974	0.0	0.0
0.100457	0.099971900	96.737636	0.0	0.0
0.101458	0.100968000	96.670975	0.0	0.0
0.102469	0.101974000	96.604979	0.0	0.0
0.103490	0.102990000	96.539642	0.0	0.0
0.104521	0.104017000	96.474963	0.0	0.0
0.105562	0.105053000	96.410929	0.0	0.0
0.106614	0.106100000	96.347534	0.0	0.0
0.107676	0.107157000	96.284776	0.0	0.0
0.108749	0.108225000	96.222640	0.0	0.0
0.109832	0.109303000	96.161129	0.0	0.0
0.110926	0.110393000	96.100232	0.0	0.0
0.112031	0.111493000	96.039938	0.0	0.0
0.113148	0.112604000	95.980252	0.0	0.0
0.114275	0.113726000	95.921158	0.0	0.0
0.115413	0.114859000	95.862661	0.0	0.0
0.116563	0.116003000	95.804739	0.0	0.0
0.117724	0.117159000	95.747403	0.0	0.0
0.118897	0.118327000	95.690633	0.0	0.0
0.120082	0.119506000	95.634433	0.0	0.0
0.121278	0.120697000	95.578790	0.0	0.0
0.122486	0.121900000	95.523706	0.0	0.0
0.123707	0.123114000	95.469169	0.0	0.0
0.124939	0.124341000	95.415174	0.0	0.0
0.126184	0.125580000	95.361721	0.0	0.0
0.127441	0.126831000	95.308800	0.0	0.0
0.128711	0.128095000	95.256404	0.0	0.0
0.129993	0.129372000	95.204531	0.0	0.0
0.131288	0.130661000	95.153175	0.0	0.0
0.132596	0.131963000	95.102330	0.0	0.0
0.133917	0.133278000	95.051993	0.0	0.0
0.135251	0.134606000	95.002156	0.0	0.0
0.136599	0.135948000	94.952818	0.0	0.0
0.137960	0.137302000	94.903969	0.0	0.0
0.139334	0.138670000	94.855605	0.0	0.0
0.140722	0.140052000	94.807726	0.0	0.0
0.142124	0.141448000	94.760320	0.0	0.0
0.143540	0.142858000	94.713389	0.0	0.0
0.144970	0.144281000	94.666922	0.0	0.0
0.146414	0.145719000	94.620918	0.0	0.0
0.147873	0.147171000	94.575376	0.0	0.0
0.149346	0.148638000	94.530281	0.0	0.0
0.150834	0.150119000	94.485640	0.0	0.0
0.152337	0.151615000	94.441437	0.0	0.0
0.153855	0.153126000	94.397677	0.0	0.0
0.155387	0.154652000	94.354352	0.0	0.0
0.156935	0.156193000	94.311460	0.0	0.0
0.158499	0.157750000	94.268992	0.0	0.0
0.160078	0.159322000	94.226946	0.0	0.0
0.161673	0.160909000	94.185319	0.0	0.0
0.163284	0.162513000	94.144105	0.0	0.0
0.164910	0.164133000	94.103300	0.0	0.0
0.166553	0.165768000	94.062903	0.0	0.0
0.168213	0.167420000	94.022906	0.0	0.0
0.169888	0.169089000	93.983306	0.0	0.0
0.171581	0.170774000	93.944101	0.0	0.0
0.173290	0.172476000	93.905284	0.0	0.0
0.175017	0.174195000	93.866852	0.0	0.0
0.176760	0.175931000	93.828804	0.0	0.0
0.178521	0.177684000	93.791133	0.0	0.0
0.180300	0.179455000	93.753835	0.0	0.0
0.182096	0.181244000	93.716908	0.0	0.0
0.183910	0.183050000	93.680350	0.0	0.0
0.185743	0.184875000	93.644152	0.0	0.0
0.187593	0.186717000	93.608315	0.0	0.0
0.189462	0.188578000	93.572834	0.0	0.0
0.191350	0.190458000	93.537704	0.0	0.0
0.193256	0.192356000	93.502925	0.0	0.0
0.195181	0.194273000	93.468489	0.0	0.0
0.197126	0.196209000	93.434396	0.0	0.0
0.199090	0.198165000	93.400641	0.0	0.0
0.201073	0.200140000	93.367220	0.0	0.0
0.203077	0.202135000	93.334133	0.0	0.0
0.205100	0.204150000	93.301372	0.0	0.0
0.207143	0.206185000	93.268936	0.0	0.0
0.209207	0.208240000	93.236823	0.0	0.0
0.211291	0.210316000	93.205030	0.0	0.0
0.213396	0.212412000	93.173549	0.0	0.0
0.215522	0.214529000	93.142382	0.0	0.0
0.217669	0.216668000	93.111524	0.0	0.0
0.219838	0.218827000	93.080973	0.0	0.0
0.222028	0.221009000	93.050724	0.0	0.0
0.224240	0.223212000	93.020774	0.0	0.0
0.226474	0.225437000	92.991122	0.0	0.0
0.228730	0.227684000	92.961764	0.0	0.0
0.231009	0.229954000	92.932696	0.0	0.0
0.233311	0.232246000	92.903916	0.0	0.0
0.235635	0.234561000	92.875422	0.0	0.0
0.237983	0.236900000	92.847211	0.0	0.0
0.240354	0.239261000	92.819278	0.0	0.0
0.242748	0.241647000	92.791621	0.0	0.0
0.245167	0.244056000	92.764239	0.0	0.0
0.247609	0.246489000	92.737129	0.0	0.0
0.250076	0.248946000	92.710285	0.0	0.0
0.252567	0.251428000	92.683709	0.0	0.0
0.255084	0.253935000	92.657395	0.0	0.0
0.257625	0.256467000	92.631341	0.0	0.0
0.260192	0.259024000	92.605545	0.0	0.0
0.262784	0.261606000	92.580004	0.0	0.0
0.265402	0.264214000	92.554715	0.0	0.0
0.268046	0.266849000	92.529677	0.0	0.0
0.270716	0.269509000	92.504886	0.0	0.0
0.273413	0.272197000	92.480340	0.0	0.0
0.276137	0.274911000	92.456037	0.0	0.0
0.278888	0.277652000	92.431973	0.0	0.0
0.281667	0.280421000	92.408146	0.0	0.0
0.284473	0.283217000	92.384555	0.0	0.0
0.287307	0.286041000	92.361196	0.0	0.0
0.290170	0.288893000	92.338069	0.0	0.0
0.293060	0.291774000	92.315169	0.0	0.0
0.295980	0.294684000	92.292494	0.0	0.0
0.298929	0.297622000	92.270043	0.0	0.0
0.301907	0.300591000	92.247813	0.0	0.0
0.304915	0.303588000	92.225802	0.0	0.0
0.307953	0.306616000	92.204007	0.0	0.0
0.311021	0.309674000	92.182426	0.0	0.0
0.314119	0.312762000	92.161058	0.0	0.0
0.317249	0.315882000	92.139899	0.0	0.0
0.320409	0.319032000	92.118949	0.0	0.0
0.323602	0.322214000	92.098203	0.0	0.0
0.326825	0.325428000	92.077662	0.0	0.0
0.330082	0.328674000	92.057321	0.0	0.0
0.333370	0.331953000	92.037180	0.0	0.0
0.336691	0.335264000	92.017235	0.0	0.0
0.340046	0.338608000	91.997486	0.0	0.0
0.343433	0.341986000	91.977930	0.0	0.0
0.346855	0.345397000	91.958565	0.0	0.0
0.350311	0.348843000	91.939388	0.0	0.0
0.353801	0.352323000	91.920399	0.0	0.0
0.357325	0.355838000	91.901594	0.0	0.0
0.360885	0.359388000	91.882973	0.0	0.0
0.364481	0.362974000	91.864532	0.0	0.0
0.368112	0.366595000	91.846271	0.0	0.0
0.371779	0.370253000	91.828186	0.0	0.0
0.375483	0.373947000	91.810277	0.0	0.0
0.379224	0.377679000	91.792541	0.0	0.0
0.383002	0.381447000	91.774977	0.0	0.0
0.386818	0.385254000	91.757581	0.0	0.0
0.390672	0.389098000	91.740354	0.0	0.0
0.394564	0.392981000	91.723293	0.0	0.0
0.398495	0.396903000	91.706395	0.0	0.0
0.402465	0.400864000	91.689660	0.0	0.0
0.406474	0.404864000	91.673085	0.0	0.0
0.410524	0.408905000	91.656669	0.0	0.0
0.414614	0.412986000	91.640409	0.0	0.0
0.418745	0.417109000	91.624304	0.0	0.0
0.422916	0.421272000	91.608353	0.0	0.0
0.427130	0.425477000	91.592553	0.0	0.0
0.431385	0.429724000	91.576902	0.0	0.0
0.435683	0.434014000	91.561400	0.0	0.0
0.440024	0.438347000	91.546044	0.0	0.0
0.444407	0.442723000	91.530832	0.0	0.0
0.448835	0.447143000	91.515763	0.0	0.0
0.453307	0.451608000	91.500835	0.0	0.0
0.457823	0.456117000	91.486046	0.0	0.0
0.462384	0.460671000	91.471395	0.0	0.0
0.466990	0.465271000	91.456881	0.0	0.0
0.471643	0.469917000	91.442500	0.0	0.0
0.476342	0.474610000	91.428252	0.0	0.0
0.481087	0.479350000	91.414135	0.0	0.0
0.485880	0.484138000	91.400148	0.0	0.0
0.490721	0.488973000	91.386288	0.0	0.0
0.495610	0.493857000	91.372554	0.0	0.0
0.500547	0.498790000	91.358945	0.0	0.0
0.505534	0.503772000	91.345458	0.0	0.0
0.510571	0.508805000	91.332093	0.0	0.0
0.515657	0.513888000	91.318847	0.0	0.0
0.520795	0.519022000	91.305719	0.0	0.0
0.525983	0.524208000	91.292707	0.0	0.0
0.531224	0.529445000	91.279810	0.0	0.0
0.536516	0.534735000	91.267026	0.0	0.0
0.541861	0.540079000	91.254354	0.0	0.0
0.547260	0.545476000	91.241791	0.0	0.0
0.552712	0.550927000	91.229337	0.0	0.0
0.558218	0.556433000	91.216989	0.0	0.0
0.563780	0.561995000	91.204746	0.0	0.0
0.569396	0.567613000	91.192607	0.0	0.0
0.575069	0.573287000	91.180569	0.0	0.0
0.580798	0.579017000	91.168632	0.0	0.0
0.586585	0.584806000	91.156793	0.0	0.0
0.592429	0.590653000	91.145051	0.0	0.0
0.598331	0.596559000	91.133405	0.0	0.0
0.604292	0.602524000	91.121852	0.0	0.0
0.610312	0.608549000	91.110392	0.0	0.0
0.616392	0.614635000	91.099022	0.0	0.0
0.622533	0.620782000	91.087741	0.0	0.0
0.628736	0.626991000	91.076548	0.0	0.0
0.634999	0.633262000	91.065440	0.0	0.0
0.641326	0.639597000	91.054416	0.0	0.0
0.647715	0.645996000	91.043475	0.0	0.0
0.654168	0.652459000	91.032615	0.0	0.0
0.660685	0.658987000	91.021834	0.0	0.0
0.667268	0.665581000	91.011130	0.0	0.0
0.673915	0.672241000	91.000502	0.0	0.0
0.680629	0.678969000	90.989949	0.0	0.0
0.687410	0.685765000	90.979468	0.0	0.0
0.694259	0.692629000	90.969058	0.0	0.0
0.701175	0.699562000	90.958718	0.0	0.0
0.708161	0.706565000	90.948445	0.0	0.0
0.715216	0.713639000	90.938237	0.0	0.0
0.722342	0.720784000	90.928094	0.0	0.0
0.729538	0.728002000	90.918014	0.0	0.0
0.736806	0.735293000	90.907994	0.0	0.0
0.744147	0.742657000	90.898033	0.0	0.0
0.751561	0.750095000	90.888129	0.0	0.0
0.759048	0.757609000	90.878281	0.0	0.0
0.766610	0.765199000	90.868487	0.0	0.0
0.774248	0.772865000	90.858745	0.0	0.0
0.781961	0.780609000	90.849053	0.0	0.0
0.789752	0.788431000	90.839409	0.0	0.0
0.797620	0.796333000	90.829812	0.0	0.0
0.805566	0.804314000	90.820260	0.0	0.0
0.813592	0.812376000	90.810750	0.0	0.0
0.821698	0.820520000	90.801282	0.0	0.0
0.829884	0.828746000	90.791853	0.0	0.0
0.838152	0.837055000	90.782462	0.0	0.0
0.846502	0.845449000	90.773105	0.0	0.0
0.854936	0.853928000	90.763783	0.0	0.0
0.863453	0.862492000	90.754492	0.0	0.0
0.872055	0.871144000	90.745231	0.0	0.0
0.880743	0.879883000	90.735997	0.0	0.0
0.889518	0.888711000	90.726790	0.0	0.0
0.898380	0.897628000	90.717606	0.0	0.0
0.907330	0.906636000	90.708444	0.0	0.0
0.916370	0.915736000	90.699302	0.0	0.0
0.925499	0.924927000	90.690177	0.0	0.0
0.934720	0.934212000	90.681068	0.0	0.0
0.944032	0.943592000	90.671973	0.0	0.0
0.953437	0.953066000	90.662890	0.0	0.0
0.962936	0.962637000	90.653815	0.0	0.0
0.972529	0.972305000	90.644749	0.0	0.0
0.982218	0.982071000	90.635687	0.0	0.0
0.992004	0.991937000	90.626628	0.0	0.0
1.001887	1.001900000	90.617570	0.0	0.0
1.011868	1.011970000	90.608512	0.0	0.0
1.021949	1.022140000	90.599449	0.0	0.0
1.032131	1.032410000	90.590380	0.0	0.0
1.042414	1.042790000	90.581303	0.0	0.0
1.052799	1.053270000	90.572216	0.0	0.0
1.063288	1.063860000	90.563116	0.0	0.0
1.073881	1.074560000	90.554001	0.0	0.0
1.084580	1.085370000	90.544869	0.0	0.0
1.095385	1.096290000	90.535717	0.0	0.0
1.106298	1.107310000	90.526543	0.0	0.0
1.117320	1.118460000	90.517345	0.0	0.0
1.128451	1.129710000	90.508120	0.0	0.0
1.139694	1.141080000	90.498865	0.0	0.0
1.151048	1.152560000	90.489579	0.0	0.0
1.162516	1.164170000	90.480258	0.0	0.0
1.174097	1.175890000	90.470901	0.0	0.0
1.185794	1.187730000	90.461505	0.0	0.0
1.197608	1.199690000	90.452066	0.0	0.0
1.209540	1.211770000	90.442583	0.0	0.0
1.221590	1.223980000	90.433053	0.0	0.0
1.233760	1.236310000	90.423474	0.0	0.0
1.246052	1.248770000	90.413843	0.0	0.0
1.258466	1.261350000	90.404157	0.0	0.0
1.271004	1.274070000	90.394413	0.0	0.0
1.283666	1.286910000	90.384611	0.0	0.0
1.296455	1.299880000	90.374744	0.0	0.0
1.309371	1.312990000	90.364813	0.0	0.0
1.322416	1.326230000	90.354814	0.0	0.0
1.335591	1.339610000	90.344743	0.0	0.0
1.348897	1.353120000	90.334600	0.0	0.0
1.362336	1.366770000	90.324379	0.0	0.0
1.375908	1.380570000	90.314081	0.0	0.0
1.389616	1.394500000	90.303700	0.0	0.0
1.403460	1.408570000	90.293235	0.0	0.0
1.417443	1.422790000	90.282681	0.0	0.0
1.431564	1.437160000	90.272039	0.0	0.0
1.445826	1.451670000	90.261303	0.0	0.0
1.460231	1.466330000	90.250471	0.0	0.0
1.474779	1.481140000	90.239541	0.0	0.0
1.489471	1.496110000	90.228510	0.0	0.0
1.504310	1.511220000	90.217374	0.0	0.0
1.519297	1.526490000	90.206131	0.0	0.0
1.534434	1.541920000	90.194777	0.0	0.0
1.549721	1.557510000	90.183312	0.0	0.0
1.565160	1.573250000	90.171730	0.0	0.0
1.580753	1.589160000	90.160030	0.0	0.0
1.596502	1.605230000	90.148208	0.0	0.0
1.612408	1.621460000	90.136262	0.0	0.0
1.628471	1.637860000	90.124190	0.0	0.0
1.644695	1.654430000	90.111987	0.0	0.0
1.661081	1.671170000	90.099651	0.0	0.0
1.677630	1.688080000	90.087179	0.0	0.0
1.694344	1.705170000	90.074568	0.0	0.0
1.711224	1.722430000	90.061817	0.0	0.0
1.728272	1.739860000	90.048921	0.0	0.0
1.745491	1.757480000	90.035877	0.0	0.0
1.762880	1.775270000	90.022685	0.0	0.0
1.780443	1.793250000	90.009339	0.0	0.0
1.798181	1.811410000	89.995838	0.0	0.0
1.816096	1.829760000	89.982178	0.0	0.0
1.834189	1.848300000	89.968357	0.0	0.0
1.852463	1.867030000	89.954372	0.0	0.0
1.870918	1.885950000	89.940221	0.0	0.0
1.889558	1.905060000	89.925900	0.0	0.0
1.908383	1.924370000	89.911407	0.0	0.0
1.927396	1.943880000	89.896739	0.0	0.0
1.946598	1.963580000	89.881894	0.0	0.0
1.965991	1.983490000	89.866868	0.0	0.0
1.985578	2.003610000	89.851659	0.0	0.0
2.005359	2.023930000	89.836266	0.0	0.0
2.025338	2.044450000	89.820684	0.0	0.0
2.045516	2.065190000	89.804911	0.0	0.0
2.065895	2.086140000	89.788944	0.0	0.0
2.086477	2.107310000	89.772782	0.0	0.0
2.107264	2.128690000	89.756421	0.0	0.0
2.128258	2.150290000	89.739860	0.0	0.0
2.149461	2.172120000	89.723095	0.0	0.0
2.170875	2.194170000	89.706125	0.0	0.0
2.192503	2.216440000	89.688946	0.0	0.0
2.214346	2.238940000	89.671556	0.0	0.0
2.236407	2.261670000	89.653953	0.0	0.0
2.258688	2.284640000	89.636135	0.0	0.0
2.281191	2.307840000	89.618098	0.0	0.0
2.303917	2.331280000	89.599842	0.0	0.0
2.326871	2.354950000	89.581363	0.0	0.0
2.350052	2.378870000	89.562661	0.0	0.0
2.373465	2.403040000	89.543730	0.0	0.0
2.397111	2.427450000	89.524571	0.0	0.0
2.420993	2.452110000	89.505180	0.0	0.0
2.445113	2.477030000	89.485556	0.0	0.0
2.469473	2.502200000	89.465696	0.0	0.0
2.494075	2.527630000	89.445599	0.0	0.0
2.518923	2.553320000	89.425261	0.0	0.0
2.544018	2.579270000	89.404683	0.0	0.0
2.569364	2.605480000	89.383859	0.0	0.0
2.594961	2.631970000	89.362791	0.0	0.0
2.620814	2.658730000	89.341474	0.0	0.0
2.646925	2.685760000	89.319907	0.0	0.0
2.673295	2.713060000	89.298089	0.0	0.0
2.699928	2.740650000	89.276017	0.0	0.0
2.726827	2.768520000	89.253688	0.0	0.0
2.753994	2.796670000	89.231103	0.0	0.0
2.781431	2.825110000	89.208258	0.0	0.0
2.809141	2.853840000	89.185152	0.0	0.0
2.837128	2.882870000	89.161783	0.0	0.0
2.865393	2.912190000	89.138149	0.0	0.0
2.893941	2.941810000	89.114247	0.0	0.0
2.922772	2.971740000	89.090078	0.0	0.0
2.951891	3.001970000	89.065638	0.0	0.0
2.981300	3.032510000	89.040925	0.0	0.0
3.011001	3.063370000	89.015940	0.0	0.0
3.040999	3.094530000	88.990678	0.0	0.0
3.071296	3.126020000	88.965138	0.0	0.0
3.101894	3.157830000	88.939320	0.0	0.0
3.132797	3.189970000	88.913221	0.0	0.0
3.164008	3.222430000	88.886839	0.0	0.0
3.195530	3.255230000	88.860172	0.0	0.0
3.227367	3.288360000	88.833218	0.0	0.0
3.259520	3.321830000	88.805977	0.0	0.0
3.291993	3.355640000	88.778447	0.0	0.0
3.324791	3.389800000	88.750624	0.0	0.0
3.357915	3.424310000	88.722508	0.0	0.0
3.391368	3.459170000	88.694098	0.0	0.0
3.425156	3.494390000	88.665389	0.0	0.0
3.459279	3.529960000	88.636383	0.0	0.0
3.493743	3.565910000	88.607075	0.0	0.0
3.528550	3.602220000	88.577465	0.0	0.0
3.563704	3.638900000	88.547551	0.0	0.0
3.599208	3.675960000	88.517330	0.0	0.0
3.635066	3.713400000	88.486801	0.0	0.0
3.671281	3.751220000	88.455962	0.0	0.0
3.707857	3.789430000	88.424810	0.0	0.0
3.744797	3.828030000	88.393345	0.0	0.0
3.782106	3.867030000	88.361563	0.0	0.0
3.819786	3.906430000	88.329463	0.0	0.0
3.857841	3.946230000	88.297043	0.0	0.0
3.896276	3.986440000	88.264299	0.0	0.0
3.935093	4.027060000	88.231232	0.0	0.0
3.974297	4.068100000	88.197837	0.0	0.0
4.013892	4.109560000	88.164113	0.0	0.0
4.053881	4.151450000	88.130058	0.0	0.0
4.094269	4.193770000	88.095668	0.0	0.0
4.135059	4.236520000	88.060942	0.0	0.0
4.176255	4.279720000	88.025878	0.0	0.0
4.217862	4.323360000	87.990472	0.0	0.0
4.259883	4.367450000	87.954723	0.0	0.0
4.302323	4.411990000	87.918627	0.0	0.0
4.345186	4.456990000	87.882181	0.0	0.0
4.388476	4.502450000	87.845384	0.0	0.0
4.432197	4.548390000	87.808232	0.0	0.0
4.476353	4.594800000	87.770723	0.0	0.0
4.520950	4.641680000	87.732853	0.0	0.0
4.565991	4.689060000	87.694619	0.0	0.0
4.611480	4.736920000	87.656019	0.0	0.0
4.657423	4.785270000	87.617049	0.0	0.0
4.703824	4.834130000	87.577706	0.0	0.0
4.750687	4.883490000	87.537987	0.0	0.0
4.798016	4.933370000	87.497888	0.0	0.0
4.845817	4.983760000	87.457407	0.0	0.0
4.894095	5.034680000	87.416538	0.0	0.0
4.942853	5.086120000	87.375279	0.0	0.0
4.992097	5.138100000	87.333627	0.0	0.0
5.041832	5.190620000	87.291577	0.0	0.0
5.092062	5.243690000	87.249125	0.0	0.0
5.142793	5.297300000	87.206267	0.0	0.0
5.194029	5.351480000	87.163000	0.0	0.0
5.245776	5.406220000	87.119319	0.0	0.0
5.298038	5.461540000	87.075221	0.0	0.0
5.350821	5.517430000	87.030699	0.0	0.0
5.404129	5.573900000	86.985752	0.0	0.0
5.457969	5.630970000	86.940373	0.0	0.0
5.512345	5.688630000	86.894558	0.0	0.0
5.567263	5.746900000	86.848302	0.0	0.0
5.622728	5.805780000	86.801600	0.0	0.0
5.678746	5.865280000	86.754448	0.0	0.0
5.735321	5.925400000	86.706841	0.0	0.0
5.792460	5.986160000	86.658772	0.0	0.0
5.850169	6.047550000	86.610238	0.0	0.0
5.908453	6.109600000	86.561231	0.0	0.0
5.967317	6.172300000	86.511748	0.0	0.0
6.026767	6.235650000	86.461782	0.0	0.0
6.086810	6.299690000	86.411327	0.0	0.0
6.147451	6.364390000	86.360378	0.0	0.0
6.208696	6.429790000	86.308929	0.0	0.0
6.270552	6.495880000	86.256972	0.0	0.0
6.333023	6.562660000	86.204503	0.0	0.0
6.396117	6.630160000	86.151515	0.0	0.0
6.459840	6.698380000	86.098000	0.0	0.0
6.524198	6.767330000	86.043952	0.0	0.0
6.589196	6.837010000	85.989365	0.0	0.0
6.654842	6.907440000	85.934232	0.0	0.0
6.721143	6.978620000	85.878544	0.0	0.0
6.788103	7.050560000	85.822296	0.0	0.0
6.855731	7.123270000	85.765479	0.0	0.0
6.924033	7.196760000	85.708086	0.0	0.0
6.993015	7.271050000	85.650110	0.0	0.0
7.062684	7.346130000	85.591542	0.0	0.0
7.133048	7.422030000	85.532374	0.0	0.0
7.204112	7.498740000	85.472598	0.0	0.0
7.275884	7.576280000	85.412207	0.0	0.0
7.348372	7.654670000	85.351190	0.0	0.0
7.421582	7.733900000	85.289539	0.0	0.0
7.495521	7.813990000	85.227246	0.0	0.0
7.570196	7.894950000	85.164303	0.0	0.0
7.645616	7.976800000	85.100698	0.0	0.0
7.721787	8.059540000	85.036423	0.0	0.0
7.798717	8.143180000	84.971468	0.0	0.0
7.876413	8.227740000	84.905824	0.0	0.0
7.954883	8.313220000	84.839480	0.0	0.0
8.034135	8.399640000	84.772427	0.0	0.0
8.114177	8.487010000	84.704654	0.0	0.0
8.195016	8.575340000	84.636150	0.0	0.0
8.276661	8.664650000	84.566904	0.0	0.0
8.359119	8.754950000	84.496907	0.0	0.0
8.442398	8.846240000	84.426146	0.0	0.0
8.526507	8.938550000	84.354611	0.0	0.0
8.611454	9.031880000	84.282289	0.0	0.0
8.697247	9.126240000	84.209170	0.0	0.0
8.783896	9.221660000	84.135239	0.0	0.0
8.871407	9.318150000	84.060487	0.0	0.0
8.959790	9.415710000	83.984899	0.0	0.0
9.049054	9.514370000	83.908465	0.0	0.0
9.139207	9.614130000	83.831169	0.0	0.0
9.230258	9.715020000	83.753001	0.0	0.0
9.322216	9.817040000	83.673946	0.0	0.0
9.415091	9.920210000	83.593989	0.0	0.0
9.508890	10.024600000	83.513119	0.0	0.0
9.603625	10.130100000	83.431320	0.0	0.0
9.699303	10.236800000	83.348578	0.0	0.0
9.795934	10.344700000	83.264879	0.0	0.0
9.893528	10.453900000	83.180207	0.0	0.0
9.992094	10.564300000	83.094548	0.0	0.0
10.091640	10.676000000	83.007888	0.0	0.0
10.192180	10.788900000	82.920207	0.0	0.0
10.293720	10.903200000	82.831493	0.0	0.0
10.396280	11.018700000	82.741721	0.0	0.0
10.499850	11.135600000	82.650893	0.0	0.0
10.604460	11.253900000	82.558973	0.0	0.0
10.710110	11.373500000	82.465954	0.0	0.0
10.816810	11.494500000	82.371819	0.0	0.0
10.924570	11.616900000	82.276550	0.0	0.0
11.033410	11.740800000	82.180122	0.0	0.0
11.143340	11.866100000	82.082517	0.0	0.0
11.254350	11.992800000	81.983735	0.0	0.0
11.366480	12.121100000	81.883730	0.0	0.0
11.479720	12.250800000	81.782503	0.0	0.0
11.594090	12.382100000	81.680027	0.0	0.0
11.709600	12.514900000	81.576281	0.0	0.0
11.826250	12.649400000	81.471258	0.0	0.0
11.944080	12.785400000	81.364910	0.0	0.0
12.063070	12.923000000	81.257245	0.0	0.0
12.183250	13.062200000	81.148226	0.0	0.0
12.304630	13.203200000	81.037833	0.0	0.0
12.427220	13.345800000	80.926045	0.0	0.0
12.551030	13.490100000	80.812844	0.0	0.0
12.676070	13.636200000	80.698207	0.0	0.0
12.802360	13.784000000	80.582106	0.0	0.0
12.929900	13.933600000	80.464528	0.0	0.0
13.058720	14.085000000	80.345434	0.0	0.0
13.188820	14.238300000	80.224813	0.0	0.0
13.320220	14.393400000	80.102632	0.0	0.0
13.452920	14.550400000	79.978879	0.0	0.0
13.586950	14.709400000	79.853514	0.0	0.0
13.722310	14.870300000	79.726524	0.0	0.0
13.859020	15.033100000	79.597877	0.0	0.0
13.997100	15.198000000	79.467540	0.0	0.0
14.136540	15.364900000	79.335510	0.0	0.0
14.277380	15.533900000	79.201734	0.0	0.0
14.419620	15.705000000	79.066199	0.0	0.0
14.563280	15.878200000	78.928871	0.0	0.0
14.708370	16.053600000	78.789726	0.0	0.0
14.854910	16.231200000	78.648731	0.0	0.0
15.002900	16.411000000	78.505870	0.0	0.0
15.152370	16.593000000	78.361099	0.0	0.0
15.303330	16.777400000	78.214394	0.0	0.0
15.455790	16.964100000	78.065728	0.0	0.0
15.609770	17.153100000	77.915068	0.0	0.0
15.765290	17.344600000	77.762377	0.0	0.0
15.922350	17.538500000	77.607638	0.0	0.0
16.080980	17.734900000	77.450807	0.0	0.0
16.241190	17.933400000	77.291856	0.0	0.0
16.403000	18.131400000	77.130749	0.0	0.0
16.566420	18.317900000	76.967459	0.0	0.0
16.731460	18.461100000	76.801958	0.0	0.0
16.898160	18.490800000	76.634188	0.0	0.0
17.066510	18.284800000	76.464143	0.0	0.0
17.236540	17.677100000	76.291773	0.0	0.0
17.408260	16.500800000	76.117050	0.0	0.0
17.581690	14.664600000	75.939936	0.0	0.0
17.756850	12.227400000	75.760391	0.0	0.0
17.933760	9.425490000	75.578376	0.0	0.0
18.112430	6.618280000	75.393861	0.0	0.0
18.292880	4.168110000	75.206807	0.0	0.0
18.475120	2.314380000	75.017182	0.0	0.0
18.659180	1.110130000	74.824937	0.0	0.0
18.845080	0.448190000	74.630029	0.0	0.0
19.032830	0.146963000	74.432428	0.0	0.0
19.222450	0.037123000	74.232091	0.0	0.0
19.413950	0.006623900	74.028988	0.0	0.0
19.607370	0.000707553	73.823054	0.0	0.0
19.802710	0.000029524	73.614268	0.0	0.0
20.000000	0.000000344	73.402576	0.0	0.0

