# UNCLASSIFIED
#	
# Response info for HA05 short period channels.
#			
# Effective: 04	Aug. 2003
# File name: HA05_rsp.txt
#			
# Source: James	Neely (CTI)
# System equipment: DASE HM 500 and ZM 500 seismometers and DASE digitizer.
#
# The response file was	derived	from equations of state.
# Displacement response	normalized to 1.0 at 0.5 Hz.
#	
# The calib value is 0.381529 nm/count at 2.0 sec.
#		
# Freq(Hz)     Amp(cnts/nm)       Phase(deg)   Error(amp)  Error(phase)
#
   theoretical   0   instrument   fap
2046				
0.073242	0.004485803	258.06628	0.0	0.0
0.097656	0.010595642	253.98280	0.0	0.0
0.122070	0.020722525	249.83575	0.0	0.0
0.146484	0.035748958	245.61073	0.0	0.0
0.170898	0.056646304	241.29493	0.0	0.0
0.195313	0.084111607	236.88307	0.0	0.0
0.219727	0.118919316	232.37526	0.0	0.0
0.244141	0.161453613	227.77581	0.0	0.0
0.268555	0.212141665	223.09929	0.0	0.0
0.292969	0.271091018	218.36175	0.0	0.0
0.317383	0.338248198	213.59106	0.0	0.0
0.341797	0.412644491	208.81469	0.0	0.0
0.366211	0.493476420	204.06719	0.0	0.0
0.390625	0.580210030	199.38042	0.0	0.0
0.415039	0.671189673	194.79032	0.0	0.0
0.439453	0.764236152	190.32377	0.0	0.0
0.463867	0.861611656	186.00853	0.0	0.0
0.488281	0.960500524	181.86964	0.0	0.0
0.512695	1.056846038	177.91750	0.0	0.0
0.537109	1.154453594	174.16050	0.0	0.0
0.561523	1.250806189	170.60717	0.0	0.0
0.585938	1.347699322	167.25356	0.0	0.0
0.610352	1.443018345	164.09953	0.0	0.0
0.634766	1.533780549	161.13368	0.0	0.0
0.659180	1.626271245	158.35231	0.0	0.0
0.683594	1.717697999	155.74327	0.0	0.0
0.708008	1.805253243	153.30093	0.0	0.0
0.732422	1.886420636	151.00690	0.0	0.0
0.756836	1.973678184	148.85514	0.0	0.0
0.781250	2.056943953	146.83812	0.0	0.0
0.805664	2.137150247	144.94130	0.0	0.0
0.830078	2.222098906	143.16002	0.0	0.0
0.854492	2.304254472	141.48304	0.0	0.0
0.878906	2.385662006	139.90506	0.0	0.0
0.903320	2.464757181	138.41762	0.0	0.0
0.927734	2.539011052	137.01328	0.0	0.0
0.952148	2.609293990	135.68194	0.0	0.0
0.976563	2.688681550	134.42267	0.0	0.0
1.000977	2.763666348	133.22973	0.0	0.0
1.025391	2.839793702	132.09978	0.0	0.0
1.049805	2.910256298	131.02510	0.0	0.0
1.074219	2.988289543	130.00155	0.0	0.0
1.098633	3.071041576	129.03098	0.0	0.0
1.123047	3.146973628	128.10722	0.0	0.0
1.147461	3.219170624	127.22504	0.0	0.0
1.171875	3.290336021	126.38240	0.0	0.0
1.196289	3.361758972	125.57762	0.0	0.0
1.220703	3.434644874	124.80770	0.0	0.0
1.245117	3.508330857	124.06873	0.0	0.0
1.269531	3.584911871	123.36221	0.0	0.0
1.293945	3.657001208	122.68583	0.0	0.0
1.318359	3.726804425	122.03674	0.0	0.0
1.342773	3.799154738	121.41171	0.0	0.0
1.367188	3.860365413	120.81054	0.0	0.0
1.391602	3.939053190	120.23154	0.0	0.0
1.416016	4.016424824	119.67616	0.0	0.0
1.440430	4.091379649	119.14085	0.0	0.0
1.464844	4.157912715	118.62551	0.0	0.0
1.489258	4.221436344	118.12812	0.0	0.0
1.513672	4.285162732	117.64633	0.0	0.0
1.538086	4.356509386	117.18039	0.0	0.0
1.562500	4.420501032	116.73016	0.0	0.0
1.586914	4.492946578	116.29427	0.0	0.0
1.611328	4.560993720	115.87244	0.0	0.0
1.635742	4.637085006	115.46553	0.0	0.0
1.660156	4.719348876	115.07143	0.0	0.0
1.684570	4.788292010	114.69051	0.0	0.0
1.708984	4.857089145	114.31913	0.0	0.0
1.733398	4.927437606	113.96083	0.0	0.0
1.757813	5.000752412	113.61128	0.0	0.0
1.782227	5.067249345	113.27344	0.0	0.0
1.806641	5.137596715	112.94419	0.0	0.0
1.831055	5.202937815	112.62557	0.0	0.0
1.855469	5.264920331	112.31404	0.0	0.0
1.879883	5.341903731	112.00997	0.0	0.0
1.904297	5.413333452	111.71489	0.0	0.0
1.928711	5.491055164	111.42793	0.0	0.0
1.953125	5.574991762	111.15153	0.0	0.0
1.977539	5.631159173	110.88035	0.0	0.0
2.001953	5.701873121	110.61648	0.0	0.0
2.026367	5.780430861	110.35828	0.0	0.0
2.050781	5.842978798	110.10836	0.0	0.0
2.075195	5.909616512	109.86356	0.0	0.0
2.099609	5.970312524	109.62346	0.0	0.0
2.124023	6.038646179	109.38791	0.0	0.0
2.148438	6.113292496	109.16004	0.0	0.0
2.172852	6.198172285	108.93786	0.0	0.0
2.197266	6.262828284	108.72141	0.0	0.0
2.221680	6.325302756	108.50800	0.0	0.0
2.246094	6.398264608	108.30227	0.0	0.0
2.270508	6.465205906	108.09737	0.0	0.0
2.294922	6.541391403	107.89913	0.0	0.0
2.319336	6.611708639	107.70477	0.0	0.0
2.343750	6.689489425	107.51448	0.0	0.0
2.368164	6.766112109	107.32935	0.0	0.0
2.392578	6.831309875	107.14862	0.0	0.0
2.416992	6.898598224	106.97228	0.0	0.0
2.441406	6.965272286	106.79843	0.0	0.0
2.465820	7.017447195	106.62615	0.0	0.0
2.490234	7.090144179	106.45703	0.0	0.0
2.514648	7.165467991	106.29365	0.0	0.0
2.539063	7.237854538	106.13182	0.0	0.0
2.563477	7.304550777	105.97525	0.0	0.0
2.587891	7.379086705	105.82007	0.0	0.0
2.612305	7.453061841	105.66978	0.0	0.0
2.636719	7.506904571	105.52078	0.0	0.0
2.661133	7.587322618	105.37598	0.0	0.0
2.685547	7.649713116	105.23154	0.0	0.0
2.709961	7.730538954	105.09077	0.0	0.0
2.734375	7.800139886	104.95478	0.0	0.0
2.758789	7.861203727	104.81827	0.0	0.0
2.783203	7.933281836	104.68449	0.0	0.0
2.807617	8.012687399	104.55638	0.0	0.0
2.832031	8.066424950	104.42867	0.0	0.0
2.856445	8.119873374	104.30012	0.0	0.0
2.880859	8.212028395	104.17569	0.0	0.0
2.905273	8.291921937	104.05441	0.0	0.0
2.929688	8.352075827	103.93731	0.0	0.0
2.954102	8.414200131	103.81790	0.0	0.0
2.978516	8.496069180	103.70200	0.0	0.0
3.002930	8.565516034	103.59016	0.0	0.0
3.027344	8.619620553	103.47964	0.0	0.0
3.051758	8.685976670	103.36718	0.0	0.0
3.076172	8.759188528	103.26084	0.0	0.0
3.100586	8.829702945	103.15414	0.0	0.0
3.125000	8.892850750	103.04772	0.0	0.0
3.149414	8.964867665	102.94521	0.0	0.0
3.173828	9.019394832	102.84287	0.0	0.0
3.198242	9.113439368	102.74214	0.0	0.0
3.222656	9.179956216	102.64567	0.0	0.0
3.247070	9.256382476	102.54914	0.0	0.0
3.271484	9.313592524	102.45262	0.0	0.0
3.295898	9.386299475	102.35975	0.0	0.0
3.320313	9.452281669	102.26803	0.0	0.0
3.344727	9.517328719	102.17597	0.0	0.0
3.369141	9.573497541	102.08576	0.0	0.0
3.393555	9.652294739	101.99759	0.0	0.0
3.417969	9.726610744	101.91069	0.0	0.0
3.442383	9.791959023	101.82509	0.0	0.0
3.466797	9.851182094	101.73942	0.0	0.0
3.491211	9.918234560	101.65485	0.0	0.0
3.515625	10.011900514	101.57170	0.0	0.0
3.540039	10.096671960	101.49233	0.0	0.0
3.564453	10.152596559	101.41336	0.0	0.0
3.588867	10.200975580	101.33390	0.0	0.0
3.613281	10.286524469	101.25387	0.0	0.0
3.637695	10.362863295	101.17860	0.0	0.0
3.662109	10.442513436	101.10504	0.0	0.0
3.686523	10.501725136	101.03113	0.0	0.0
3.710938	10.553702730	100.95754	0.0	0.0
3.735352	10.610321404	100.88332	0.0	0.0
3.759766	10.683179118	100.81006	0.0	0.0
3.784180	10.772042562	100.73883	0.0	0.0
3.808594	10.846563907	100.67073	0.0	0.0
3.833008	10.918306941	100.60232	0.0	0.0
3.857422	10.975746018	100.53621	0.0	0.0
3.881836	11.029221336	100.46743	0.0	0.0
3.906250	11.107325005	100.39947	0.0	0.0
3.930664	11.180613812	100.33674	0.0	0.0
3.955078	11.221299796	100.27020	0.0	0.0
3.979492	11.301265902	100.20512	0.0	0.0
4.003906	11.369967793	100.14064	0.0	0.0
4.028320	11.455443010	100.07897	0.0	0.0
4.052734	11.512463165	100.01787	0.0	0.0
4.077148	11.585347668	99.95782	0.0	0.0
4.101563	11.632970776	99.89719	0.0	0.0
4.125977	11.713251679	99.83659	0.0	0.0
4.150391	11.798642007	99.77668	0.0	0.0
4.174805	11.865238270	99.71921	0.0	0.0
4.199219	11.925626976	99.66184	0.0	0.0
4.223633	12.026915735	99.60532	0.0	0.0
4.248047	12.113754728	99.55050	0.0	0.0
4.272461	12.187578104	99.49593	0.0	0.0
4.296875	12.228401508	99.44300	0.0	0.0
4.321289	12.269818029	99.38688	0.0	0.0
4.345703	12.352760364	99.33276	0.0	0.0
4.370117	12.437211791	99.28090	0.0	0.0
4.394531	12.488675054	99.22922	0.0	0.0
4.418945	12.571011534	99.17755	0.0	0.0
4.443359	12.623574741	99.12802	0.0	0.0
4.467773	12.675218492	99.07463	0.0	0.0
4.492188	12.749467932	99.02287	0.0	0.0
4.516602	12.850886056	98.97443	0.0	0.0
4.541016	12.925008170	98.92637	0.0	0.0
4.565430	12.977918959	98.87883	0.0	0.0
4.589844	13.052530061	98.83011	0.0	0.0
4.614258	13.128068718	98.78443	0.0	0.0
4.638672	13.218671373	98.73783	0.0	0.0
4.663086	13.244372097	98.69169	0.0	0.0
4.687500	13.325607617	98.64482	0.0	0.0
4.711914	13.399351256	98.60036	0.0	0.0
4.736328	13.447434854	98.55578	0.0	0.0
4.760742	13.509944730	98.51033	0.0	0.0
4.785156	13.591671215	98.46639	0.0	0.0
4.809570	13.652822053	98.42283	0.0	0.0
4.833984	13.745574486	98.37853	0.0	0.0
4.858398	13.785593583	98.33678	0.0	0.0
4.882813	13.855224140	98.29513	0.0	0.0
4.907227	13.901868695	98.25299	0.0	0.0
4.931641	13.986847744	98.20963	0.0	0.0
4.956055	14.058306504	98.16749	0.0	0.0
4.980469	14.160344470	98.12709	0.0	0.0
5.004883	14.221044077	98.08683	0.0	0.0
5.029297	14.317562980	98.04830	0.0	0.0
5.053711	14.377625848	98.00817	0.0	0.0
5.078125	14.441628137	97.97081	0.0	0.0
5.102539	14.503666021	97.93294	0.0	0.0
5.126953	14.572949891	97.89348	0.0	0.0
5.151367	14.633076588	97.85689	0.0	0.0
5.175781	14.697477575	97.81798	0.0	0.0
5.200195	14.753793320	97.78193	0.0	0.0
5.224609	14.847726316	97.74339	0.0	0.0
5.249023	14.924305171	97.70836	0.0	0.0
5.273438	14.986204940	97.67265	0.0	0.0
5.297852	15.019535966	97.63721	0.0	0.0
5.322266	15.085464347	97.60044	0.0	0.0
5.346680	15.169421008	97.56386	0.0	0.0
5.371094	15.261744009	97.53187	0.0	0.0
5.395508	15.315216653	97.49443	0.0	0.0
5.419922	15.379567635	97.46125	0.0	0.0
5.444336	15.444031878	97.42580	0.0	0.0
5.468750	15.526246002	97.39251	0.0	0.0
5.493164	15.598562415	97.36207	0.0	0.0
5.517578	15.652876278	97.32854	0.0	0.0
5.541992	15.711837233	97.29597	0.0	0.0
5.566406	15.796352132	97.26120	0.0	0.0
5.590820	15.870239532	97.23042	0.0	0.0
5.615234	15.942079480	97.19678	0.0	0.0
5.639648	16.029332713	97.16670	0.0	0.0
5.664063	16.115966267	97.13586	0.0	0.0
5.688477	16.151877241	97.10556	0.0	0.0
5.712891	16.193840456	97.07578	0.0	0.0
5.737305	16.278117206	97.04484	0.0	0.0
5.761719	16.349373579	97.01426	0.0	0.0
5.786133	16.387396497	96.98289	0.0	0.0
5.810547	16.463589150	96.95272	0.0	0.0
5.834961	16.538823268	96.92397	0.0	0.0
5.859375	16.590796483	96.89490	0.0	0.0
5.883789	16.666594595	96.86394	0.0	0.0
5.908203	16.744929598	96.83520	0.0	0.0
5.932617	16.851431943	96.80612	0.0	0.0
5.957031	16.892795982	96.77997	0.0	0.0
5.981445	16.921151545	96.75059	0.0	0.0
6.005859	17.016118613	96.72101	0.0	0.0
6.030273	17.125279308	96.69441	0.0	0.0
6.054688	17.202765627	96.66729	0.0	0.0
6.079102	17.256505134	96.64085	0.0	0.0
6.103516	17.323253457	96.61417	0.0	0.0
6.127930	17.359924114	96.58755	0.0	0.0
6.152344	17.419929324	96.55963	0.0	0.0
6.176758	17.538098830	96.53357	0.0	0.0
6.201172	17.629011037	96.50913	0.0	0.0
6.225586	17.670411035	96.48435	0.0	0.0
6.250000	17.740169798	96.45791	0.0	0.0
6.274414	17.805768116	96.43426	0.0	0.0
6.298828	17.838618851	96.40587	0.0	0.0
6.323242	17.950614163	96.38063	0.0	0.0
6.347656	18.004460871	96.35708	0.0	0.0
6.372070	18.082216031	96.33188	0.0	0.0
6.396484	18.116118716	96.30967	0.0	0.0
6.420898	18.182369672	96.28339	0.0	0.0
6.445313	18.273456131	96.26083	0.0	0.0
6.469727	18.344319483	96.23763	0.0	0.0
6.494141	18.399847746	96.21191	0.0	0.0
6.518555	18.450001814	96.18893	0.0	0.0
6.542969	18.491934774	96.16332	0.0	0.0
6.567383	18.577841098	96.13847	0.0	0.0
6.591797	18.707290102	96.11571	0.0	0.0
6.616211	18.783659583	96.09582	0.0	0.0
6.640625	18.836040748	96.07150	0.0	0.0
6.665039	18.881892104	96.05155	0.0	0.0
6.689453	18.901027891	96.02819	0.0	0.0
6.713867	18.963945466	96.00399	0.0	0.0
6.738281	19.090298890	95.97968	0.0	0.0
6.762695	19.172328225	95.96071	0.0	0.0
6.787109	19.243139177	95.93944	0.0	0.0
6.811523	19.253902371	95.91878	0.0	0.0
6.835938	19.328541870	95.89429	0.0	0.0
6.860352	19.424954700	95.87172	0.0	0.0
6.884766	19.511671937	95.85306	0.0	0.0
6.909180	19.586238708	95.83281	0.0	0.0
6.933594	19.641182316	95.81169	0.0	0.0
6.958008	19.718186715	95.78941	0.0	0.0
6.982422	19.791997355	95.76930	0.0	0.0
7.006836	19.840104847	95.74858	0.0	0.0
7.031250	19.922832224	95.72939	0.0	0.0
7.055664	19.998070959	95.70888	0.0	0.0
7.080078	20.026344433	95.68989	0.0	0.0
7.104492	20.092440563	95.66980	0.0	0.0
7.128906	20.156859720	95.64747	0.0	0.0
7.153320	20.254811683	95.62829	0.0	0.0
7.177734	20.316197966	95.61153	0.0	0.0
7.202148	20.365995184	95.59437	0.0	0.0
7.226563	20.414443988	95.57312	0.0	0.0
7.250977	20.473675085	95.55168	0.0	0.0
7.275391	20.597804563	95.53153	0.0	0.0
7.299805	20.672039107	95.51394	0.0	0.0
7.324219	20.686460763	95.49793	0.0	0.0
7.348633	20.779578939	95.47782	0.0	0.0
7.373047	20.853309930	95.45971	0.0	0.0
7.397461	20.897526756	95.44211	0.0	0.0
7.421875	20.919863697	95.42119	0.0	0.0
7.446289	21.056603089	95.40249	0.0	0.0
7.470703	21.157188317	95.38604	0.0	0.0
7.495117	21.197820164	95.37055	0.0	0.0
7.519531	21.276997683	95.35067	0.0	0.0
7.543945	21.356294949	95.33481	0.0	0.0
7.568359	21.369800843	95.31605	0.0	0.0
7.592773	21.437553403	95.29810	0.0	0.0
7.617188	21.523427400	95.28221	0.0	0.0
7.641602	21.603870770	95.26657	0.0	0.0
7.666016	21.649021812	95.24770	0.0	0.0
7.690430	21.710127782	95.23198	0.0	0.0
7.714844	21.767109082	95.21346	0.0	0.0
7.739258	21.802120101	95.19501	0.0	0.0
7.763672	21.882371114	95.17748	0.0	0.0
7.788086	21.966215262	95.15926	0.0	0.0
7.812500	22.114375153	95.14288	0.0	0.0
7.836914	22.192772873	95.12874	0.0	0.0
7.861328	22.215917230	95.11253	0.0	0.0
7.885742	22.300979558	95.09778	0.0	0.0
7.910156	22.388686601	95.08319	0.0	0.0
7.934570	22.412226707	95.06745	0.0	0.0
7.958984	22.453049525	95.05186	0.0	0.0
7.983398	22.514651273	95.03604	0.0	0.0
8.007813	22.624102360	95.01898	0.0	0.0
8.032227	22.675480448	95.00351	0.0	0.0
8.056641	22.773331887	94.99027	0.0	0.0
8.081055	22.819741187	94.97486	0.0	0.0
8.105469	22.863767182	94.95813	0.0	0.0
8.129883	22.924795647	94.94260	0.0	0.0
8.154297	23.015432472	94.92837	0.0	0.0
8.178711	23.073541755	94.91444	0.0	0.0
8.203125	23.090570655	94.89976	0.0	0.0
8.227539	23.149889459	94.88600	0.0	0.0
8.251953	23.184946737	94.86702	0.0	0.0
8.276367	23.289439225	94.85226	0.0	0.0
8.300781	23.341157057	94.83944	0.0	0.0
8.325195	23.429643089	94.82265	0.0	0.0
8.349609	23.520634303	94.80839	0.0	0.0
8.374023	23.598395351	94.79367	0.0	0.0
8.398438	23.656025282	94.77964	0.0	0.0
8.422852	23.711845484	94.76573	0.0	0.0
8.447266	23.820152506	94.75236	0.0	0.0
8.471680	23.856522659	94.73788	0.0	0.0
8.496094	23.924564273	94.72411	0.0	0.0
8.520508	23.990806414	94.71183	0.0	0.0
8.544922	24.050094643	94.69912	0.0	0.0
8.569336	24.135929995	94.68467	0.0	0.0
8.593750	24.150421212	94.66914	0.0	0.0
8.618164	24.247296690	94.65626	0.0	0.0
8.642578	24.340265304	94.64091	0.0	0.0
8.666992	24.427601290	94.62743	0.0	0.0
8.691406	24.504353075	94.61577	0.0	0.0
8.715820	24.577640246	94.60228	0.0	0.0
8.740234	24.619754418	94.58995	0.0	0.0
8.764648	24.655559437	94.57863	0.0	0.0
8.789063	24.726746994	94.56185	0.0	0.0
8.813477	24.802574233	94.55176	0.0	0.0
8.837891	24.856544182	94.53755	0.0	0.0
8.862305	24.865930992	94.52526	0.0	0.0
8.886719	24.933351156	94.51082	0.0	0.0
8.911133	25.002765922	94.49680	0.0	0.0
8.935547	25.112019865	94.48626	0.0	0.0
8.959961	25.175850160	94.47253	0.0	0.0
8.984375	25.270449628	94.45930	0.0	0.0
9.008789	25.349370918	94.44886	0.0	0.0
9.033203	25.433420002	94.43445	0.0	0.0
9.057617	25.508667187	94.42344	0.0	0.0
9.082031	25.586493165	94.41224	0.0	0.0
9.106445	25.595182271	94.40042	0.0	0.0
9.130859	25.641466802	94.38752	0.0	0.0
9.155273	25.770701963	94.37396	0.0	0.0
9.179688	25.823472420	94.36358	0.0	0.0
9.204102	25.865963644	94.35232	0.0	0.0
9.228516	25.998289731	94.33730	0.0	0.0
9.252930	26.063582250	94.32829	0.0	0.0
9.277344	26.111249774	94.31822	0.0	0.0
9.301758	26.201309931	94.30744	0.0	0.0
9.326172	26.171168133	94.29608	0.0	0.0
9.350586	26.293438500	94.28134	0.0	0.0
9.375000	26.328914254	94.27127	0.0	0.0
9.399414	26.435469047	94.25925	0.0	0.0
9.423828	26.506846354	94.24970	0.0	0.0
9.448242	26.480350906	94.23772	0.0	0.0
9.472656	26.589578998	94.22503	0.0	0.0
9.497070	26.665102116	94.21362	0.0	0.0
9.521484	26.762049587	94.20102	0.0	0.0
9.545898	26.818737869	94.19151	0.0	0.0
9.570313	26.871440864	94.18077	0.0	0.0
9.594727	26.996604927	94.16914	0.0	0.0
9.619141	27.055507565	94.16067	0.0	0.0
9.643555	27.096117859	94.14933	0.0	0.0
9.667969	27.190987228	94.13648	0.0	0.0
9.692383	27.270629272	94.12662	0.0	0.0
9.716797	27.360122485	94.11672	0.0	0.0
9.741211	27.387744852	94.10747	0.0	0.0
9.765625	27.441517953	94.09683	0.0	0.0
9.790039	27.503563979	94.08755	0.0	0.0
9.814453	27.569533448	94.07464	0.0	0.0
9.838867	27.657200713	94.06470	0.0	0.0
9.863281	27.783048813	94.05302	0.0	0.0
9.887695	27.787426144	94.04364	0.0	0.0
9.912109	27.832373444	94.03467	0.0	0.0
9.936523	27.907252361	94.02599	0.0	0.0
9.960938	27.998330645	94.01667	0.0	0.0
9.985352	28.048545395	94.00721	0.0	0.0
10.009766	28.094564393	93.99476	0.0	0.0
10.034180	28.171461500	93.98595	0.0	0.0
10.058594	28.217272520	93.97441	0.0	0.0
10.083008	28.277019298	93.96299	0.0	0.0
10.107422	28.396621817	93.95451	0.0	0.0
10.131836	28.425122367	93.94547	0.0	0.0
10.156250	28.436394887	93.93602	0.0	0.0
10.180664	28.456643316	93.92491	0.0	0.0
10.205078	28.570438533	93.91566	0.0	0.0
10.229492	28.682771090	93.90324	0.0	0.0
10.253906	28.762188848	93.89455	0.0	0.0
10.278320	28.843904427	93.88426	0.0	0.0
10.302734	28.888777358	93.87582	0.0	0.0
10.327148	28.992167626	93.86777	0.0	0.0
10.351563	28.985992585	93.85972	0.0	0.0
10.375977	29.049095118	93.84876	0.0	0.0
10.400391	29.070786790	93.83658	0.0	0.0
10.424805	29.153370371	93.82917	0.0	0.0
10.449219	29.260259408	93.81858	0.0	0.0
10.473633	29.347577163	93.81032	0.0	0.0
10.498047	29.444895978	93.80144	0.0	0.0
10.522461	29.554393179	93.79317	0.0	0.0
10.546875	29.553966789	93.78287	0.0	0.0
10.571289	29.651395525	93.77398	0.0	0.0
10.595703	29.713066747	93.76832	0.0	0.0
10.620117	29.724428495	93.75876	0.0	0.0
10.644531	29.765737867	93.74850	0.0	0.0
10.668945	29.827050369	93.73855	0.0	0.0
10.693359	29.899514617	93.72922	0.0	0.0
10.717773	30.021597964	93.72006	0.0	0.0
10.742188	30.133311304	93.71204	0.0	0.0
10.766602	30.142129256	93.70547	0.0	0.0
10.791016	30.255254765	93.69321	0.0	0.0
10.815430	30.294265522	93.68758	0.0	0.0
10.839844	30.325867131	93.67891	0.0	0.0
10.864258	30.367135336	93.67228	0.0	0.0
10.888672	30.418873643	93.66210	0.0	0.0
10.913086	30.527454975	93.64978	0.0	0.0
10.937500	30.564961019	93.64402	0.0	0.0
10.961914	30.635676801	93.63591	0.0	0.0
10.986328	30.742572633	93.62814	0.0	0.0
11.010742	30.768207207	93.62068	0.0	0.0
11.035156	30.829823631	93.60999	0.0	0.0
11.059570	30.940773249	93.60212	0.0	0.0
11.083984	30.991829878	93.59296	0.0	0.0
11.108398	31.054762963	93.58724	0.0	0.0
11.132813	31.178646573	93.58009	0.0	0.0
11.157227	31.185881310	93.57156	0.0	0.0
11.181641	31.219177342	93.56432	0.0	0.0
11.206055	31.321987893	93.55484	0.0	0.0
11.230469	31.369862745	93.54794	0.0	0.0
11.254883	31.370783615	93.53823	0.0	0.0
11.279297	31.454611256	93.53010	0.0	0.0
11.303711	31.562376230	93.52278	0.0	0.0
11.328125	31.609897434	93.51332	0.0	0.0
11.352539	31.641521868	93.50603	0.0	0.0
11.376953	31.714172352	93.49896	0.0	0.0
11.401367	31.804223772	93.48949	0.0	0.0
11.425781	31.847912944	93.48149	0.0	0.0
11.450195	31.974025831	93.47416	0.0	0.0
11.474609	31.971619892	93.46813	0.0	0.0
11.499023	32.055676344	93.45959	0.0	0.0
11.523438	32.085464277	93.45412	0.0	0.0
11.547852	32.103277595	93.44739	0.0	0.0
11.572266	32.160776731	93.43591	0.0	0.0
11.596680	32.297893711	93.42888	0.0	0.0
11.621094	32.305532052	93.42201	0.0	0.0
11.645508	32.409928890	93.41308	0.0	0.0
11.669922	32.444534654	93.40485	0.0	0.0
11.694336	32.588334848	93.39779	0.0	0.0
11.718750	32.668959141	93.39013	0.0	0.0
11.743164	32.697838193	93.38583	0.0	0.0
11.767578	32.812173993	93.37877	0.0	0.0
11.791992	32.862129434	93.37205	0.0	0.0
11.816406	32.848174281	93.36185	0.0	0.0
11.840820	32.942713302	93.35448	0.0	0.0
11.865234	33.046125715	93.34650	0.0	0.0
11.889648	33.211932453	93.34011	0.0	0.0
11.914063	33.319862190	93.33517	0.0	0.0
11.938477	33.272373824	93.32946	0.0	0.0
11.962891	33.348554250	93.32312	0.0	0.0
11.987305	33.414643037	93.31526	0.0	0.0
12.011719	33.369376319	93.30912	0.0	0.0
12.036133	33.432677510	93.30179	0.0	0.0
12.060547	33.471408777	93.29253	0.0	0.0
12.084961	33.562970767	93.28367	0.0	0.0
12.109375	33.676874236	93.27829	0.0	0.0
12.133789	33.698427862	93.27237	0.0	0.0
12.158203	33.863161117	93.26543	0.0	0.0
12.182617	33.978582131	93.25775	0.0	0.0
12.207031	33.985124398	93.25283	0.0	0.0
12.231445	34.099902569	93.24526	0.0	0.0
12.255859	34.135143429	93.23980	0.0	0.0
12.280273	34.201039214	93.23309	0.0	0.0
12.304688	34.163298194	93.22693	0.0	0.0
12.329102	34.187499381	93.22045	0.0	0.0
12.353516	34.233541278	93.21196	0.0	0.0
12.377930	34.363300644	93.20804	0.0	0.0
12.402344	34.433770219	93.19937	0.0	0.0
12.426758	34.426212833	93.19264	0.0	0.0
12.451172	34.493824180	93.18426	0.0	0.0
12.475586	34.540341063	93.17695	0.0	0.0
12.500000	34.648615422	93.17039	0.0	0.0
12.524414	34.699625762	93.16456	0.0	0.0
12.548828	34.777146667	93.15673	0.0	0.0
12.573242	34.879685393	93.15050	0.0	0.0
12.597656	34.871725202	93.14628	0.0	0.0
12.622070	34.969210484	93.13717	0.0	0.0
12.646484	35.144983664	93.13118	0.0	0.0
12.670898	35.180543605	93.12678	0.0	0.0
12.695313	35.209857527	93.11970	0.0	0.0
12.719727	35.299629672	93.11367	0.0	0.0
12.744141	35.396032136	93.10547	0.0	0.0
12.768555	35.496408882	93.10352	0.0	0.0
12.792969	35.541112528	93.09438	0.0	0.0
12.817383	35.596162962	93.08951	0.0	0.0
12.841797	35.683601341	93.08583	0.0	0.0
12.866211	35.640115391	93.07814	0.0	0.0
12.890625	35.747544085	93.07045	0.0	0.0
12.915039	35.855234029	93.06694	0.0	0.0
12.939453	35.834261667	93.06045	0.0	0.0
12.963867	35.927426838	93.05617	0.0	0.0
12.988281	35.928776349	93.04812	0.0	0.0
13.012695	35.953527332	93.04321	0.0	0.0
13.037109	36.003345165	93.03464	0.0	0.0
13.061523	36.144059667	93.02818	0.0	0.0
13.085938	36.288500497	93.02184	0.0	0.0
13.110352	36.320638124	93.01803	0.0	0.0
13.134766	36.438803776	93.00970	0.0	0.0
13.159180	36.439553948	93.00727	0.0	0.0
13.183594	36.540517869	93.00246	0.0	0.0
13.208008	36.466623618	92.99181	0.0	0.0
13.232422	36.561788096	92.98574	0.0	0.0
13.256836	36.717416972	92.98040	0.0	0.0
13.281250	36.856992373	92.97304	0.0	0.0
13.305664	36.878894715	92.97020	0.0	0.0
13.330078	36.953700788	92.96808	0.0	0.0
13.354492	36.970346653	92.96151	0.0	0.0
13.378906	37.016491752	92.95667	0.0	0.0
13.403320	37.078712285	92.94866	0.0	0.0
13.427734	37.062638967	92.94229	0.0	0.0
13.452148	37.237558584	92.93756	0.0	0.0
13.476563	37.216382924	92.93219	0.0	0.0
13.500977	37.254296445	92.92395	0.0	0.0
13.525391	37.443488199	92.91996	0.0	0.0
13.549805	37.503924842	92.91518	0.0	0.0
13.574219	37.589013580	92.91008	0.0	0.0
13.598633	37.547340702	92.90508	0.0	0.0
13.623047	37.565717483	92.89986	0.0	0.0
13.647461	37.627455239	92.89218	0.0	0.0
13.671875	37.733897699	92.88561	0.0	0.0
13.696289	37.750030141	92.88119	0.0	0.0
13.720703	37.850328912	92.87427	0.0	0.0
13.745117	37.985140560	92.87218	0.0	0.0
13.769531	38.031893450	92.86412	0.0	0.0
13.793945	38.120307233	92.86087	0.0	0.0
13.818359	38.162307468	92.85399	0.0	0.0
13.842773	38.252123974	92.84801	0.0	0.0
13.867188	38.341977979	92.84707	0.0	0.0
13.891602	38.424576953	92.83921	0.0	0.0
13.916016	38.414349607	92.83655	0.0	0.0
13.940430	38.562251938	92.82856	0.0	0.0
13.964844	38.515581467	92.82479	0.0	0.0
13.989258	38.629274568	92.82011	0.0	0.0
14.013672	38.774751519	92.81507	0.0	0.0
14.038086	38.731166409	92.80958	0.0	0.0
14.062500	38.706750708	92.80426	0.0	0.0
14.086914	38.848119018	92.79715	0.0	0.0
14.111328	38.903795289	92.79213	0.0	0.0
14.135742	39.008908364	92.78977	0.0	0.0
14.160156	38.975049670	92.78419	0.0	0.0
14.184570	39.069145850	92.77734	0.0	0.0
14.208984	39.147241878	92.77497	0.0	0.0
14.233398	39.223878929	92.76974	0.0	0.0
14.257813	39.249634141	92.76427	0.0	0.0
14.282227	39.230634490	92.75846	0.0	0.0
14.306641	39.377549164	92.75309	0.0	0.0
14.331055	39.399673048	92.74939	0.0	0.0
14.355469	39.488195943	92.74287	0.0	0.0
14.379883	39.564092812	92.73631	0.0	0.0
14.404297	39.657257668	92.73075	0.0	0.0
14.428711	39.690849901	92.72685	0.0	0.0
14.453125	39.784282002	92.72192	0.0	0.0
14.477539	39.780373964	92.71516	0.0	0.0
14.501953	39.876291612	92.71056	0.0	0.0
14.526367	40.048350597	92.70736	0.0	0.0
14.550781	40.134035310	92.70212	0.0	0.0
14.575195	40.154451691	92.69775	0.0	0.0
14.599609	40.228079804	92.69197	0.0	0.0
14.624023	40.305674338	92.69088	0.0	0.0
14.648438	40.285596574	92.68411	0.0	0.0
14.672852	40.352920428	92.68114	0.0	0.0
14.697266	40.507532615	92.67565	0.0	0.0
14.721680	40.499938273	92.67136	0.0	0.0
14.746094	40.608012848	92.66540	0.0	0.0
14.770508	40.675305539	92.65985	0.0	0.0
14.794922	40.795595167	92.65618	0.0	0.0
14.819336	40.704084420	92.65080	0.0	0.0
14.843750	40.874709449	92.64880	0.0	0.0
14.868164	40.818603455	92.64408	0.0	0.0
14.892578	40.905794694	92.63818	0.0	0.0
14.916992	40.975504510	92.63414	0.0	0.0
14.941406	41.023024028	92.63062	0.0	0.0
14.965820	41.001427161	92.62533	0.0	0.0
14.990234	41.035347953	92.62014	0.0	0.0
15.014648	41.158293983	92.61497	0.0	0.0
15.039063	41.326948603	92.61005	0.0	0.0
15.063477	41.398560657	92.60562	0.0	0.0
15.087891	41.452650313	92.60040	0.0	0.0
15.112305	41.582210883	92.59752	0.0	0.0
15.136719	41.548324696	92.59507	0.0	0.0
15.161133	41.531194998	92.58967	0.0	0.0
15.185547	41.564811170	92.58344	0.0	0.0
15.209961	41.660547550	92.57922	0.0	0.0
15.234375	41.795508799	92.57384	0.0	0.0
15.258789	41.755058260	92.56871	0.0	0.0
15.283203	41.883489707	92.56509	0.0	0.0
15.307617	41.976508971	92.56193	0.0	0.0
15.332031	41.978920831	92.55615	0.0	0.0
15.356445	42.118560653	92.55019	0.0	0.0
15.380859	42.231151674	92.54964	0.0	0.0
15.405273	42.252813690	92.54583	0.0	0.0
15.429688	42.369796845	92.54106	0.0	0.0
15.454102	42.258333198	92.53848	0.0	0.0
15.478516	42.351091789	92.53134	0.0	0.0
15.502930	42.433365468	92.52736	0.0	0.0
15.527344	42.400689397	92.52241	0.0	0.0
15.551758	42.386414838	92.51922	0.0	0.0
15.576172	42.463391751	92.51452	0.0	0.0
15.600586	42.622499024	92.50863	0.0	0.0
15.625000	42.726726923	92.50516	0.0	0.0
15.649414	42.872220748	92.50157	0.0	0.0
15.673828	42.878420445	92.49615	0.0	0.0
15.698242	42.930507546	92.49714	0.0	0.0
15.722656	43.009041806	92.49185	0.0	0.0
15.747070	42.971643490	92.48770	0.0	0.0
15.771484	42.987210792	92.48239	0.0	0.0
15.795898	42.999408288	92.47784	0.0	0.0
15.820313	43.211827290	92.47258	0.0	0.0
15.844727	43.297634715	92.46823	0.0	0.0
15.869141	43.247557182	92.46508	0.0	0.0
15.893555	43.401402429	92.45786	0.0	0.0
15.917969	43.294882949	92.45800	0.0	0.0
15.942383	43.522071185	92.45232	0.0	0.0
15.966797	43.531173167	92.44899	0.0	0.0
15.991211	43.742174906	92.44060	0.0	0.0
16.015625	43.702764681	92.43940	0.0	0.0
16.040039	43.741950168	92.43549	0.0	0.0
16.064453	43.911377901	92.43296	0.0	0.0
16.088867	43.878961017	92.42714	0.0	0.0
16.113281	43.858245692	92.42464	0.0	0.0
16.137695	43.973059111	92.42092	0.0	0.0
16.162109	44.119335131	92.41585	0.0	0.0
16.186523	44.247057793	92.41385	0.0	0.0
16.210938	44.304080231	92.41209	0.0	0.0
16.235352	44.325622177	92.40752	0.0	0.0
16.259766	44.365259246	92.40009	0.0	0.0
16.284180	44.443563942	92.39702	0.0	0.0
16.308594	44.472823807	92.39490	0.0	0.0
16.333008	44.516915035	92.38907	0.0	0.0
16.357422	44.568728579	92.38872	0.0	0.0
16.381836	44.546912815	92.38240	0.0	0.0
16.406250	44.666252259	92.37566	0.0	0.0
16.430664	44.712870823	92.37476	0.0	0.0
16.455078	44.870167084	92.37196	0.0	0.0
16.479492	44.893344650	92.36856	0.0	0.0
16.503906	44.811299155	92.36770	0.0	0.0
16.528320	44.849061260	92.35897	0.0	0.0
16.552734	44.835682165	92.35367	0.0	0.0
16.577148	44.976712860	92.35373	0.0	0.0
16.601563	45.122278915	92.34830	0.0	0.0
16.625977	45.174351244	92.34498	0.0	0.0
16.650391	45.310164243	92.34177	0.0	0.0
16.674805	45.230153835	92.33608	0.0	0.0
16.699219	45.269840284	92.33161	0.0	0.0
16.723633	45.462784458	92.32877	0.0	0.0
16.748047	45.524231696	92.32410	0.0	0.0
16.772461	45.630491398	92.32043	0.0	0.0
16.796875	45.687505470	92.32080	0.0	0.0
16.821289	45.743214389	92.31370	0.0	0.0
16.845703	45.799833327	92.31099	0.0	0.0
16.870117	45.780407442	92.30723	0.0	0.0
16.894531	45.913087649	92.30682	0.0	0.0
16.918945	45.988732437	92.30412	0.0	0.0
16.943359	46.020779949	92.29782	0.0	0.0
16.967773	46.042267976	92.29514	0.0	0.0
16.992188	45.955285459	92.29030	0.0	0.0
17.016602	46.005584836	92.28508	0.0	0.0
17.041016	46.279376554	92.28038	0.0	0.0
17.065430	46.341544296	92.27735	0.0	0.0
17.089844	46.436525344	92.27515	0.0	0.0
17.114258	46.382221233	92.27351	0.0	0.0
17.138672	46.389333895	92.26876	0.0	0.0
17.163086	46.394622861	92.26450	0.0	0.0
17.187500	46.398226661	92.25856	0.0	0.0
17.211914	46.678671715	92.25551	0.0	0.0
17.236328	46.689381698	92.25274	0.0	0.0
17.260742	46.940081002	92.25204	0.0	0.0
17.285156	46.885972435	92.24781	0.0	0.0
17.309570	46.912119475	92.24461	0.0	0.0
17.333984	47.008167057	92.23984	0.0	0.0
17.358398	47.130931015	92.23999	0.0	0.0
17.382813	47.146448793	92.23573	0.0	0.0
17.407227	47.232933748	92.23054	0.0	0.0
17.431641	47.244804111	92.22766	0.0	0.0
17.456055	47.200726357	92.22507	0.0	0.0
17.480469	47.287958115	92.22042	0.0	0.0
17.504883	47.375695018	92.22035	0.0	0.0
17.529297	47.453869554	92.21384	0.0	0.0
17.553711	47.484741431	92.20891	0.0	0.0
17.578125	47.502097067	92.20415	0.0	0.0
17.602539	47.644661997	92.19931	0.0	0.0
17.626953	47.638352362	92.19902	0.0	0.0
17.651367	47.782281372	92.19785	0.0	0.0
17.675781	47.743081840	92.19701	0.0	0.0
17.700195	47.899368649	92.19474	0.0	0.0
17.724609	47.936061899	92.18919	0.0	0.0
17.749023	47.988109579	92.18677	0.0	0.0
17.773438	47.980810956	92.18433	0.0	0.0
17.797852	48.009848135	92.18068	0.0	0.0
17.822266	48.064625544	92.17396	0.0	0.0
17.846680	48.280985835	92.16966	0.0	0.0
17.871094	48.336397848	92.16819	0.0	0.0
17.895508	48.350088720	92.16670	0.0	0.0
17.919922	48.439171880	92.16431	0.0	0.0
17.944336	48.401078413	92.16031	0.0	0.0
17.968750	48.548818206	92.15678	0.0	0.0
17.993164	48.567822798	92.15268	0.0	0.0
18.017578	48.526163648	92.14901	0.0	0.0
18.041992	48.577715185	92.14573	0.0	0.0
18.066406	48.588592058	92.14137	0.0	0.0
18.090820	48.837936091	92.13961	0.0	0.0
18.115234	48.785217855	92.13766	0.0	0.0
18.139648	48.772611066	92.13341	0.0	0.0
18.164063	48.983870838	92.13051	0.0	0.0
18.188477	48.982171846	92.12758	0.0	0.0
18.212891	49.010467087	92.12738	0.0	0.0
18.237305	49.015903805	92.12255	0.0	0.0
18.261719	49.169903983	92.11646	0.0	0.0
18.286133	49.177933937	92.11428	0.0	0.0
18.310547	49.182734810	92.11223	0.0	0.0
18.334961	49.367382006	92.10488	0.0	0.0
18.359375	49.353016192	92.10209	0.0	0.0
18.383789	49.475123200	92.09954	0.0	0.0
18.408203	49.492210700	92.09973	0.0	0.0
18.432617	49.584331004	92.09669	0.0	0.0
18.457031	49.617856769	92.09244	0.0	0.0
18.481445	49.601302877	92.09054	0.0	0.0
18.505859	49.585843975	92.08691	0.0	0.0
18.530273	49.775448161	92.08085	0.0	0.0
18.554688	49.985192376	92.08029	0.0	0.0
18.579102	49.851987966	92.07774	0.0	0.0
18.603516	49.941708473	92.07334	0.0	0.0
18.627930	49.929108417	92.06888	0.0	0.0
18.652344	50.102832712	92.06501	0.0	0.0
18.676758	50.340289221	92.06138	0.0	0.0
18.701172	50.337488105	92.06262	0.0	0.0
18.725586	50.216620662	92.05969	0.0	0.0
18.750000	50.328430681	92.05789	0.0	0.0
18.774414	50.452118547	92.05593	0.0	0.0
18.798828	50.301390666	92.05014	0.0	0.0
18.823242	50.515138030	92.04565	0.0	0.0
18.847656	50.553038659	92.04550	0.0	0.0
18.872070	50.620672224	92.04477	0.0	0.0
18.896484	50.799521793	92.03955	0.0	0.0
18.920898	50.759211252	92.03712	0.0	0.0
18.945313	50.779258609	92.03241	0.0	0.0
18.969727	50.969503419	92.03069	0.0	0.0
18.994141	50.939781724	92.02744	0.0	0.0
19.018555	51.048976534	92.02768	0.0	0.0
19.042969	51.012432554	92.02496	0.0	0.0
19.067383	51.061928583	92.01899	0.0	0.0
19.091797	51.154533928	92.01607	0.0	0.0
19.116211	51.126085294	92.01293	0.0	0.0
19.140625	51.153250979	92.01275	0.0	0.0
19.165039	51.313812519	92.01075	0.0	0.0
19.189453	51.460140960	92.00743	0.0	0.0
19.213867	51.389152675	92.00180	0.0	0.0
19.238281	51.248975873	92.00177	0.0	0.0
19.262695	51.399272960	91.99848	0.0	0.0
19.287109	51.477306305	91.99366	0.0	0.0
19.311523	51.477832740	91.99055	0.0	0.0
19.335938	51.792881549	91.98889	0.0	0.0
19.360352	51.839998334	91.98885	0.0	0.0
19.384766	51.695333698	91.98603	0.0	0.0
19.409180	51.698699499	91.97823	0.0	0.0
19.433594	51.852321669	91.97822	0.0	0.0
19.458008	51.803512679	91.97193	0.0	0.0
19.482422	52.047722243	91.96955	0.0	0.0
19.506836	51.942502019	91.96757	0.0	0.0
19.531250	52.165860071	91.96364	0.0	0.0
19.555664	52.146624365	91.96286	0.0	0.0
19.580078	52.231963431	91.95975	0.0	0.0
19.604492	52.292526794	91.95642	0.0	0.0
19.628906	52.456333305	91.95331	0.0	0.0
19.653320	52.585100812	91.94836	0.0	0.0
19.677734	52.530782651	91.94908	0.0	0.0
19.702148	52.502932764	91.94597	0.0	0.0
19.726563	52.724850928	91.94140	0.0	0.0
19.750977	52.756207822	91.94211	0.0	0.0
19.775391	52.779329258	91.93969	0.0	0.0
19.799805	52.781557463	91.93793	0.0	0.0
19.824219	52.938285914	91.93209	0.0	0.0
19.848633	52.854277507	91.93080	0.0	0.0
19.873047	52.900076363	91.92765	0.0	0.0
19.897461	52.831142407	91.92624	0.0	0.0
19.921875	53.177877706	91.92336	0.0	0.0
19.946289	53.017274490	91.92078	0.0	0.0
19.970703	53.154066325	91.91570	0.0	0.0
19.995117	53.387777414	91.91193	0.0	0.0
20.019531	53.459148967	91.91219	0.0	0.0
20.043945	53.529747474	91.91110	0.0	0.0
20.068359	53.468875932	91.91157	0.0	0.0
20.092773	53.296467005	91.90647	0.0	0.0
20.117188	53.368797565	91.90156	0.0	0.0
20.141602	53.681297436	91.89857	0.0	0.0
20.166016	53.666231738	91.89822	0.0	0.0
20.190430	53.776237471	91.89503	0.0	0.0
20.214844	53.709070841	91.89333	0.0	0.0
20.239258	53.748986808	91.89012	0.0	0.0
20.263672	53.818977561	91.88637	0.0	0.0
20.288086	53.866253841	91.88585	0.0	0.0
20.312500	53.878503550	91.88065	0.0	0.0
20.336914	53.966195094	91.88045	0.0	0.0
20.361328	54.029207497	91.87713	0.0	0.0
20.385742	54.090291414	91.87402	0.0	0.0
20.410156	54.242415641	91.86909	0.0	0.0
20.434570	54.314039256	91.86697	0.0	0.0
20.458984	54.203379067	91.86921	0.0	0.0
20.483398	54.204900653	91.86604	0.0	0.0
20.507813	54.392240475	91.86161	0.0	0.0
20.532227	54.445113438	91.85871	0.0	0.0
20.556641	54.512638330	91.85536	0.0	0.0
20.581055	54.496176630	91.85217	0.0	0.0
20.605469	54.616115079	91.85168	0.0	0.0
20.629883	54.778283115	91.84706	0.0	0.0
20.654297	54.843721829	91.84847	0.0	0.0
20.678711	54.943012225	91.84399	0.0	0.0
20.703125	54.899179877	91.84475	0.0	0.0
20.727539	54.818493179	91.84236	0.0	0.0
20.751953	54.747277625	91.83499	0.0	0.0
20.776367	54.870871955	91.83171	0.0	0.0
20.800781	55.044863026	91.83088	0.0	0.0
20.825195	55.258174152	91.83127	0.0	0.0
20.849609	55.405052325	91.83004	0.0	0.0
20.874023	55.313783109	91.82785	0.0	0.0
20.898438	55.209813772	91.82266	0.0	0.0
20.922852	55.171671093	91.82418	0.0	0.0
20.947266	55.347951721	91.82141	0.0	0.0
20.971680	55.331714632	91.81538	0.0	0.0
20.996094	55.367251469	91.81501	0.0	0.0
21.020508	55.418269986	91.80825	0.0	0.0
21.044922	55.584221513	91.81123	0.0	0.0
21.069336	55.664037814	91.80759	0.0	0.0
21.093750	55.575598994	91.80364	0.0	0.0
21.118164	55.842328133	91.80455	0.0	0.0
21.142578	55.739728606	91.80292	0.0	0.0
21.166992	55.618094327	91.79340	0.0	0.0
21.191406	55.824954921	91.79437	0.0	0.0
21.215820	56.013405974	91.79099	0.0	0.0
21.240234	56.183657324	91.78837	0.0	0.0
21.264648	55.906487601	91.78782	0.0	0.0
21.289063	56.033500885	91.78282	0.0	0.0
21.313477	56.271179066	91.78545	0.0	0.0
21.337891	56.223166704	91.78065	0.0	0.0
21.362305	56.149898106	91.78011	0.0	0.0
21.386719	56.285363433	91.77733	0.0	0.0
21.411133	56.307767783	91.77564	0.0	0.0
21.435547	56.467931921	91.77281	0.0	0.0
21.459961	56.532070337	91.77072	0.0	0.0
21.484375	56.439198380	91.76694	0.0	0.0
21.508789	56.574356397	91.76216	0.0	0.0
21.533203	56.733770531	91.76149	0.0	0.0
21.557617	56.758670649	91.75465	0.0	0.0
21.582031	56.855256832	91.75406	0.0	0.0
21.606445	56.826614123	91.75810	0.0	0.0
21.630859	56.792466516	91.75285	0.0	0.0
21.655273	56.974159575	91.74865	0.0	0.0
21.679688	57.074096163	91.74687	0.0	0.0
21.704102	57.041467081	91.74767	0.0	0.0
21.728516	57.304823804	91.74561	0.0	0.0
21.752930	57.160665693	91.74335	0.0	0.0
21.777344	56.978357698	91.74227	0.0	0.0
21.801758	57.147801930	91.73950	0.0	0.0
21.826172	57.260012666	91.73317	0.0	0.0
21.850586	57.218346753	91.73444	0.0	0.0
21.875000	57.302032767	91.72845	0.0	0.0
21.899414	57.558015403	91.72873	0.0	0.0
21.923828	57.467420503	91.72696	0.0	0.0
21.948242	57.657247773	91.72309	0.0	0.0
21.972656	57.762598824	91.72120	0.0	0.0
21.997070	57.784273192	91.71983	0.0	0.0
22.021484	57.719399044	91.71729	0.0	0.0
22.045898	57.766294833	91.71514	0.0	0.0
22.070313	57.801653388	91.71283	0.0	0.0
22.094727	57.798997939	91.71487	0.0	0.0
22.119141	57.820397980	91.71256	0.0	0.0
22.143555	57.765277634	91.70529	0.0	0.0
22.167969	57.810227105	91.70697	0.0	0.0
22.192383	58.069349255	91.70114	0.0	0.0
22.216797	58.140661318	91.70077	0.0	0.0
22.241211	58.253436573	91.69767	0.0	0.0
22.265625	58.222950695	91.69746	0.0	0.0
22.290039	58.121872791	91.69446	0.0	0.0
22.314453	58.188916003	91.69125	0.0	0.0
22.338867	58.432304430	91.69053	0.0	0.0
22.363281	58.351267316	91.68761	0.0	0.0
22.387695	58.512984991	91.68594	0.0	0.0
22.412109	58.479008200	91.68475	0.0	0.0
22.436523	58.645430358	91.67960	0.0	0.0
22.460938	58.599918492	91.67926	0.0	0.0
22.485352	58.751331528	91.67643	0.0	0.0
22.509766	58.764731163	91.67514	0.0	0.0
22.534180	58.752977753	91.67358	0.0	0.0
22.558594	58.902428651	91.67157	0.0	0.0
22.583008	58.820967340	91.66788	0.0	0.0
22.607422	59.015462551	91.66626	0.0	0.0
22.631836	59.216428701	91.66344	0.0	0.0
22.656250	58.995685661	91.66257	0.0	0.0
22.680664	59.166712591	91.66038	0.0	0.0
22.705078	59.157903328	91.65681	0.0	0.0
22.729492	59.461389661	91.65598	0.0	0.0
22.753906	59.325135005	91.65654	0.0	0.0
22.778320	59.402321181	91.65114	0.0	0.0
22.802734	59.434668827	91.64608	0.0	0.0
22.827148	59.522728489	91.64618	0.0	0.0
22.851563	59.562097985	91.64461	0.0	0.0
22.875977	59.500344176	91.64380	0.0	0.0
22.900391	59.634203690	91.64520	0.0	0.0
22.924805	59.634059911	91.64111	0.0	0.0
22.949219	59.745271310	91.63847	0.0	0.0
22.973633	59.771961287	91.63664	0.0	0.0
22.998047	59.810830784	91.63514	0.0	0.0
23.022461	59.992881769	91.63243	0.0	0.0
23.046875	59.853585874	91.63124	0.0	0.0
23.071289	59.996040231	91.62454	0.0	0.0
23.095703	60.031191676	91.62452	0.0	0.0
23.120117	60.109477962	91.62175	0.0	0.0
23.144531	60.188713912	91.62105	0.0	0.0
23.168945	60.077387341	91.62331	0.0	0.0
23.193359	60.156745066	91.61763	0.0	0.0
23.217773	60.233096510	91.61642	0.0	0.0
23.242188	60.419738245	91.61409	0.0	0.0
23.266602	60.416079635	91.61243	0.0	0.0
23.291016	60.370936632	91.61060	0.0	0.0
23.315430	60.454350513	91.60388	0.0	0.0
23.339844	60.578348515	91.60213	0.0	0.0
23.364258	60.745774546	91.60436	0.0	0.0
23.388672	60.926866721	91.60039	0.0	0.0
23.413086	60.944559365	91.60035	0.0	0.0
23.437500	61.016208342	91.59791	0.0	0.0
23.461914	60.984331843	91.59788	0.0	0.0
23.486328	60.907840722	91.59407	0.0	0.0
23.510742	60.846719346	91.59667	0.0	0.0
23.535156	61.043976050	91.59160	0.0	0.0
23.559570	60.990380356	91.58687	0.0	0.0
23.583984	61.284423332	91.58746	0.0	0.0
23.608398	61.226720885	91.58768	0.0	0.0
23.632813	61.238557368	91.58355	0.0	0.0
23.657227	61.226928042	91.58063	0.0	0.0
23.681641	61.502677948	91.58115	0.0	0.0
23.706055	61.421599363	91.57963	0.0	0.0
23.730469	61.421257679	91.58009	0.0	0.0
23.754883	61.366517667	91.57655	0.0	0.0
23.779297	61.425697256	91.57169	0.0	0.0
23.803711	61.321356416	91.56949	0.0	0.0
23.828125	61.537089796	91.57017	0.0	0.0
23.852539	61.503134327	91.56661	0.0	0.0
23.876953	61.709807120	91.56510	0.0	0.0
23.901367	61.637536830	91.56149	0.0	0.0
23.925781	61.954635749	91.56000	0.0	0.0
23.950195	62.029872529	91.56084	0.0	0.0
23.974609	61.899062034	91.55909	0.0	0.0
23.999023	61.862575554	91.55611	0.0	0.0
24.023438	62.148964206	91.55518	0.0	0.0
24.047852	61.960437559	91.55372	0.0	0.0
24.072266	61.931430215	91.55366	0.0	0.0
24.096680	62.000243660	91.55017	0.0	0.0
24.121094	62.032157626	91.54478	0.0	0.0
24.145508	62.464804240	91.54554	0.0	0.0
24.169922	62.355639173	91.54648	0.0	0.0
24.194336	62.462777838	91.54147	0.0	0.0
24.218750	62.400304784	91.53908	0.0	0.0
24.243164	62.331565741	91.53476	0.0	0.0
24.267578	62.438760234	91.53676	0.0	0.0
24.291992	62.382498761	91.53258	0.0	0.0
24.316406	62.503059062	91.53314	0.0	0.0
24.340820	62.601954462	91.53122	0.0	0.0
24.365234	62.438005884	91.52971	0.0	0.0
24.389648	62.834667358	91.52443	0.0	0.0
24.414063	62.663478451	91.52671	0.0	0.0
24.438477	62.786890518	91.52418	0.0	0.0
24.462891	62.706053479	91.52089	0.0	0.0
24.487305	62.936266917	91.51993	0.0	0.0
24.511719	62.881849651	91.51578	0.0	0.0
24.536133	62.616560142	91.51841	0.0	0.0
24.560547	62.923217822	91.51387	0.0	0.0
24.584961	62.870861693	91.50982	0.0	0.0
24.609375	63.067987565	91.50871	0.0	0.0
24.633789	63.006775821	91.50898	0.0	0.0
24.658203	63.235559150	91.50756	0.0	0.0
24.682617	63.132733539	91.50401	0.0	0.0
24.707031	63.394057569	91.50111	0.0	0.0
24.731445	63.435998739	91.50047	0.0	0.0
24.755859	63.334615817	91.49807	0.0	0.0
24.780273	63.497997119	91.49380	0.0	0.0
24.804688	63.661696684	91.49503	0.0	0.0
24.829102	63.677675737	91.49117	0.0	0.0
24.853516	63.780816877	91.48891	0.0	0.0
24.877930	63.913614999	91.48857	0.0	0.0
24.902344	63.691330167	91.48819	0.0	0.0
24.926758	63.618377440	91.48914	0.0	0.0
24.951172	63.839685843	91.48277	0.0	0.0
24.975586	63.982687513	91.48677	0.0	0.0
25.000000	63.845155653	91.48396	0.0	0.0
25.024414	64.173283038	91.48090	0.0	0.0
25.048828	64.134343327	91.48118	0.0	0.0
25.073242	64.119294356	91.47919	0.0	0.0
25.097656	64.080981399	91.47836	0.0	0.0
25.122070	64.129885350	91.47233	0.0	0.0
25.146484	64.227891123	91.47643	0.0	0.0
25.170898	64.136381240	91.47265	0.0	0.0
25.195313	64.450716598	91.46714	0.0	0.0
25.219727	64.007258120	91.46645	0.0	0.0
25.244141	64.224449441	91.46415	0.0	0.0
25.268555	64.237362351	91.46292	0.0	0.0
25.292969	64.428060043	91.46428	0.0	0.0
25.317383	64.711907970	91.46077	0.0	0.0
25.341797	64.768531585	91.45722	0.0	0.0
25.366211	64.505588840	91.45536	0.0	0.0
25.390625	64.693535333	91.45207	0.0	0.0
25.415039	64.749142928	91.45260	0.0	0.0
25.439453	64.801075312	91.45124	0.0	0.0
25.463867	64.787847484	91.45008	0.0	0.0
25.488281	65.011972122	91.45261	0.0	0.0
25.512695	65.036937284	91.45139	0.0	0.0
25.537109	64.868219029	91.44431	0.0	0.0
25.561523	65.033394127	91.44868	0.0	0.0
25.585938	65.023634038	91.44297	0.0	0.0
25.610352	64.809122652	91.43995	0.0	0.0
25.634766	65.117729930	91.44119	0.0	0.0
25.659180	65.096684281	91.43795	0.0	0.0
25.683594	65.439186386	91.43544	0.0	0.0
25.708008	65.216647740	91.43460	0.0	0.0
25.732422	65.299275118	91.43053	0.0	0.0
25.756836	65.407599125	91.43013	0.0	0.0
25.781250	65.388370642	91.42801	0.0	0.0
25.805664	65.574997673	91.42795	0.0	0.0
25.830078	65.599897880	91.42357	0.0	0.0
25.854492	65.688766197	91.42225	0.0	0.0
25.878906	65.676191272	91.42156	0.0	0.0
25.903320	65.912316720	91.42120	0.0	0.0
25.927734	65.872479142	91.41779	0.0	0.0
25.952148	65.612306575	91.41413	0.0	0.0
25.976563	65.816250115	91.41371	0.0	0.0
26.000977	65.682309301	91.41487	0.0	0.0
26.025391	65.934255936	91.41288	0.0	0.0
26.049805	66.007209548	91.41054	0.0	0.0
26.074219	66.037831789	91.41053	0.0	0.0
26.098633	66.004129434	91.40966	0.0	0.0
26.123047	66.052502902	91.40623	0.0	0.0
26.147461	66.211445761	91.40537	0.0	0.0
26.171875	66.201218727	91.40733	0.0	0.0
26.196289	66.226243303	91.40546	0.0	0.0
26.220703	66.146661356	91.39952	0.0	0.0
26.245117	66.401862456	91.39898	0.0	0.0
26.269531	66.365491773	91.39697	0.0	0.0
26.293945	66.425884795	91.39770	0.0	0.0
26.318359	66.510628929	91.39358	0.0	0.0
26.342773	66.676222548	91.39141	0.0	0.0
26.367188	66.670392798	91.39351	0.0	0.0
26.391602	66.627428418	91.38826	0.0	0.0
26.416016	66.378512704	91.38519	0.0	0.0
26.440430	66.625949636	91.38530	0.0	0.0
26.464844	67.095329007	91.38055	0.0	0.0
26.489258	66.765182718	91.38101	0.0	0.0
26.513672	66.944873929	91.38218	0.0	0.0
26.538086	66.914016013	91.38064	0.0	0.0
26.562500	67.172002626	91.37663	0.0	0.0
26.586914	67.259119836	91.37968	0.0	0.0
26.611328	67.179968679	91.37477	0.0	0.0
26.635742	67.054248372	91.37498	0.0	0.0
26.660156	67.081039767	91.37347	0.0	0.0
26.684570	67.053786650	91.37061	0.0	0.0
26.708984	67.300961279	91.37022	0.0	0.0
26.733398	67.096831752	91.36607	0.0	0.0
26.757813	67.237980979	91.36238	0.0	0.0
26.782227	67.443699777	91.36364	0.0	0.0
26.806641	67.293311138	91.36117	0.0	0.0
26.831055	67.481604389	91.35932	0.0	0.0
26.855469	67.644437743	91.35935	0.0	0.0
26.879883	67.717337491	91.35804	0.0	0.0
26.904297	67.631784836	91.35614	0.0	0.0
26.928711	67.310631617	91.35624	0.0	0.0
26.953125	67.674768039	91.35350	0.0	0.0
26.977539	68.004277295	91.35355	0.0	0.0
27.001953	68.005341778	91.35168	0.0	0.0
27.026367	67.707218161	91.35218	0.0	0.0
27.050781	67.697948667	91.34791	0.0	0.0
27.075195	67.802318383	91.34869	0.0	0.0
27.099609	67.810660690	91.34734	0.0	0.0
27.124023	68.146186118	91.34441	0.0	0.0
27.148438	68.126707193	91.34196	0.0	0.0
27.172852	68.229898406	91.34048	0.0	0.0
27.197266	68.355277417	91.33566	0.0	0.0
27.221680	68.242350317	91.33464	0.0	0.0
27.246094	68.380882625	91.33516	0.0	0.0
27.270508	68.493250915	91.33639	0.0	0.0
27.294922	68.600986224	91.33379	0.0	0.0
27.319336	68.474337857	91.33308	0.0	0.0
27.343750	68.460414861	91.33310	0.0	0.0
27.368164	68.590491610	91.32869	0.0	0.0
27.392578	68.522682941	91.32804	0.0	0.0
27.416992	68.487238854	91.32645	0.0	0.0
27.441406	68.468003079	91.32373	0.0	0.0
27.465820	68.530818970	91.32331	0.0	0.0
27.490234	68.477798389	91.32175	0.0	0.0
27.514648	68.618759672	91.32023	0.0	0.0
27.539063	68.782841349	91.32088	0.0	0.0
27.563477	68.385464866	91.31740	0.0	0.0
27.587891	68.915887621	91.31459	0.0	0.0
27.612305	68.757442558	91.31688	0.0	0.0
27.636719	68.775631328	91.31201	0.0	0.0
27.661133	68.972285592	91.31288	0.0	0.0
27.685547	68.792265424	91.30889	0.0	0.0
27.709961	69.029975249	91.30939	0.0	0.0
27.734375	68.890008227	91.30769	0.0	0.0
27.758789	69.200131387	91.30623	0.0	0.0
27.783203	69.377918445	91.30737	0.0	0.0
27.807617	69.224181060	91.30144	0.0	0.0
27.832031	69.508617877	91.30038	0.0	0.0
27.856445	69.462393701	91.29827	0.0	0.0
27.880859	69.453758687	91.29713	0.0	0.0
27.905273	69.518994082	91.29520	0.0	0.0
27.929688	69.530393639	91.29740	0.0	0.0
27.954102	69.595850965	91.30039	0.0	0.0
27.978516	69.759053513	91.29194	0.0	0.0
28.002930	69.479515104	91.29592	0.0	0.0
28.027344	69.675492648	91.29132	0.0	0.0
28.051758	69.627185109	91.29089	0.0	0.0
28.076172	69.738362976	91.28969	0.0	0.0
28.100586	69.645984364	91.28982	0.0	0.0
28.125000	69.647260016	91.29066	0.0	0.0
28.149414	69.884862157	91.28362	0.0	0.0
28.173828	69.865080457	91.28067	0.0	0.0
28.198242	69.816582762	91.27893	0.0	0.0
28.222656	70.132147418	91.28142	0.0	0.0
28.247070	69.761628643	91.27984	0.0	0.0
28.271484	70.131295353	91.27669	0.0	0.0
28.295898	70.075561484	91.27880	0.0	0.0
28.320313	70.274045253	91.27471	0.0	0.0
28.344727	70.195671611	91.27480	0.0	0.0
28.369141	70.102118239	91.27004	0.0	0.0
28.393555	70.183347193	91.26994	0.0	0.0
28.417969	70.230602064	91.27290	0.0	0.0
28.442383	70.350604844	91.26803	0.0	0.0
28.466797	70.327828800	91.26468	0.0	0.0
28.491211	70.418507255	91.26300	0.0	0.0
28.515625	70.388125618	91.26095	0.0	0.0
28.540039	70.486398022	91.26157	0.0	0.0
28.564453	70.759893019	91.25890	0.0	0.0
28.588867	70.525772209	91.25342	0.0	0.0
28.613281	70.670931518	91.25418	0.0	0.0
28.637695	70.442946816	91.25614	0.0	0.0
28.662109	70.960145822	91.25408	0.0	0.0
28.686523	70.729122186	91.25407	0.0	0.0
28.710938	71.031263100	91.25298	0.0	0.0
28.735352	70.994569122	91.25382	0.0	0.0
28.759766	71.129655361	91.25437	0.0	0.0
28.784180	70.865706011	91.24814	0.0	0.0
28.808594	70.929511618	91.24834	0.0	0.0
28.833008	70.876401387	91.24484	0.0	0.0
28.857422	70.891683034	91.24154	0.0	0.0
28.881836	71.111707074	91.24297	0.0	0.0
28.906250	71.016335912	91.24203	0.0	0.0
28.930664	70.985011692	91.24205	0.0	0.0
28.955078	70.986153852	91.23864	0.0	0.0
28.979492	71.034605857	91.23399	0.0	0.0
29.003906	71.267569166	91.23683	0.0	0.0
29.028320	71.249366787	91.22793	0.0	0.0
29.052734	71.270345625	91.23316	0.0	0.0
29.077148	71.175284887	91.23116	0.0	0.0
29.101563	71.456595733	91.22761	0.0	0.0
29.125977	71.717833149	91.22746	0.0	0.0
29.150391	71.508396862	91.22875	0.0	0.0
29.174805	71.591212746	91.22798	0.0	0.0
29.199219	71.814624312	91.22608	0.0	0.0
29.223633	71.690756426	91.22807	0.0	0.0
29.248047	71.711726669	91.22370	0.0	0.0
29.272461	71.792395337	91.22123	0.0	0.0
29.296875	71.821241126	91.22066	0.0	0.0
29.321289	71.973076370	91.21765	0.0	0.0
29.345703	71.680054306	91.21690	0.0	0.0
29.370117	72.216042410	91.21926	0.0	0.0
29.394531	72.147044213	91.21397	0.0	0.0
29.418945	72.011109508	91.21756	0.0	0.0
29.443359	72.134555900	91.21635	0.0	0.0
29.467773	71.968246922	91.21418	0.0	0.0
29.492188	72.196443125	91.21201	0.0	0.0
29.516602	72.207684331	91.20951	0.0	0.0
29.541016	72.181688360	91.20665	0.0	0.0
29.565430	72.388530112	91.20831	0.0	0.0
29.589844	72.342969909	91.20288	0.0	0.0
29.614258	72.271307881	91.20595	0.0	0.0
29.638672	72.436331761	91.20341	0.0	0.0
29.663086	72.593116158	91.20331	0.0	0.0
29.687500	72.439848878	91.20145	0.0	0.0
29.711914	72.305217703	91.20133	0.0	0.0
29.736328	72.629557345	91.19980	0.0	0.0
29.760742	72.257255787	91.19484	0.0	0.0
29.785156	72.601382030	91.19764	0.0	0.0
29.809570	72.486189548	91.19378	0.0	0.0
29.833984	72.518608383	91.19513	0.0	0.0
29.858398	72.593964004	91.19425	0.0	0.0
29.882813	72.671125467	91.18509	0.0	0.0
29.907227	72.704837190	91.18965	0.0	0.0
29.931641	72.731339632	91.18838	0.0	0.0
29.956055	72.877476918	91.18667	0.0	0.0
29.980469	72.853065689	91.18650	0.0	0.0
30.004883	73.132487739	91.18011	0.0	0.0
30.029297	72.891262887	91.17798	0.0	0.0
30.053711	73.270392054	91.18369	0.0	0.0
30.078125	73.324830785	91.17948	0.0	0.0
30.102539	72.878158008	91.17676	0.0	0.0
30.126953	73.198363157	91.18084	0.0	0.0
30.151367	73.219062969	91.17435	0.0	0.0
30.175781	73.612213822	91.17516	0.0	0.0
30.200195	73.294680659	91.17226	0.0	0.0
30.224609	73.098371404	91.17513	0.0	0.0
30.249023	73.202971750	91.17349	0.0	0.0
30.273438	73.491177245	91.17104	0.0	0.0
30.297852	73.456300121	91.17026	0.0	0.0
30.322266	73.243723306	91.16691	0.0	0.0
30.346680	73.487664486	91.16712	0.0	0.0
30.371094	73.537776806	91.16528	0.0	0.0
30.395508	73.456252178	91.16478	0.0	0.0
30.419922	73.509117074	91.16146	0.0	0.0
30.444336	73.959465986	91.16182	0.0	0.0
30.468750	73.736784960	91.15979	0.0	0.0
30.493164	73.728950160	91.15995	0.0	0.0
30.517578	73.896441227	91.15736	0.0	0.0
30.541992	74.116042144	91.15995	0.0	0.0
30.566406	74.082944919	91.16072	0.0	0.0
30.590820	74.271180906	91.15959	0.0	0.0
30.615234	74.183102734	91.15918	0.0	0.0
30.639648	73.962346741	91.15671	0.0	0.0
30.664063	73.768390720	91.14840	0.0	0.0
30.688477	73.972142350	91.14984	0.0	0.0
30.712891	74.409084181	91.14925	0.0	0.0
30.737305	73.999987689	91.14866	0.0	0.0
30.761719	74.011824724	91.14407	0.0	0.0
30.786133	74.207585694	91.14262	0.0	0.0
30.810547	74.342082022	91.14489	0.0	0.0
30.834961	74.353867741	91.14216	0.0	0.0
30.859375	74.464801670	91.14318	0.0	0.0
30.883789	74.360335040	91.13830	0.0	0.0
30.908203	74.145281304	91.14064	0.0	0.0
30.932617	74.464268160	91.13264	0.0	0.0
30.957031	74.666254011	91.13600	0.0	0.0
30.981445	74.602276655	91.13422	0.0	0.0
31.005859	74.766040073	91.13573	0.0	0.0
31.030273	74.922861860	91.13199	0.0	0.0
31.054688	74.764525587	91.13320	0.0	0.0
31.079102	74.490977514	91.13694	0.0	0.0
31.103516	74.541151416	91.13173	0.0	0.0
31.127930	74.732386778	91.12900	0.0	0.0
31.152344	74.776966259	91.12744	0.0	0.0
31.176758	74.588858992	91.12379	0.0	0.0
31.201172	74.669091862	91.12306	0.0	0.0
31.225586	74.953774745	91.12442	0.0	0.0
31.250000	74.868715749	91.12345	0.0	0.0
31.274414	75.168267886	91.12075	0.0	0.0
31.298828	75.146384006	91.11898	0.0	0.0
31.323242	75.555453706	91.11929	0.0	0.0
31.347656	75.423648063	91.11820	0.0	0.0
31.372070	75.050810636	91.11542	0.0	0.0
31.396484	75.253166277	91.11487	0.0	0.0
31.420898	75.179218197	91.11796	0.0	0.0
31.445313	75.213272350	91.11339	0.0	0.0
31.469727	75.667082245	91.11820	0.0	0.0
31.494141	75.567408675	91.11120	0.0	0.0
31.518555	75.329643301	91.11504	0.0	0.0
31.542969	75.652386307	91.10986	0.0	0.0
31.567383	75.286974000	91.11192	0.0	0.0
31.591797	75.534531973	91.11284	0.0	0.0
31.616211	75.640228800	91.10579	0.0	0.0
31.640625	75.788596769	91.10854	0.0	0.0
31.665039	75.653685531	91.09752	0.0	0.0
31.689453	75.491056860	91.10514	0.0	0.0
31.713867	76.046479437	91.10502	0.0	0.0
31.738281	75.773511474	91.09952	0.0	0.0
31.762695	75.989940964	91.09975	0.0	0.0
31.787109	75.909248855	91.09756	0.0	0.0
31.811523	75.832683492	91.09778	0.0	0.0
31.835938	75.851856221	91.09522	0.0	0.0
31.860352	75.729812686	91.09713	0.0	0.0
31.884766	76.105071283	91.09088	0.0	0.0
31.909180	75.820729199	91.09604	0.0	0.0
31.933594	76.071715905	91.09631	0.0	0.0
31.958008	75.971834632	91.09288	0.0	0.0
31.982422	75.877561002	91.09391	0.0	0.0
32.006836	75.905091436	91.08610	0.0	0.0
32.031250	76.183575305	91.08496	0.0	0.0
32.055664	76.010972766	91.08689	0.0	0.0
32.080078	76.026382949	91.08107	0.0	0.0
32.104492	76.231289407	91.08722	0.0	0.0
32.128906	75.933645655	91.08264	0.0	0.0
32.153320	76.220612817	91.08281	0.0	0.0
32.177734	76.412106214	91.08021	0.0	0.0
32.202148	76.646407741	91.07684	0.0	0.0
32.226563	76.181830468	91.07834	0.0	0.0
32.250977	76.599588949	91.07467	0.0	0.0
32.275391	76.866175976	91.07231	0.0	0.0
32.299805	76.768209959	91.07471	0.0	0.0
32.324219	76.805222954	91.07552	0.0	0.0
32.348633	76.398678514	91.07382	0.0	0.0
32.373047	76.640978616	91.07180	0.0	0.0
32.397461	76.523379151	91.07130	0.0	0.0
32.421875	76.790463844	91.07114	0.0	0.0
32.446289	76.480187856	91.06833	0.0	0.0
32.470703	76.599097939	91.06960	0.0	0.0
32.495117	76.372502073	91.06680	0.0	0.0
32.519531	76.546922949	91.06349	0.0	0.0
32.543945	76.953594637	91.06149	0.0	0.0
32.568359	76.809748071	91.06206	0.0	0.0
32.592773	77.108938754	91.05847	0.0	0.0
32.617188	76.998671294	91.06065	0.0	0.0
32.641602	76.840738351	91.05767	0.0	0.0
32.666016	77.199828340	91.05975	0.0	0.0
32.690430	76.986601304	91.05591	0.0	0.0
32.714844	77.026846481	91.05699	0.0	0.0
32.739258	76.960396528	91.05938	0.0	0.0
32.763672	77.161210794	91.05909	0.0	0.0
32.788086	77.597937811	91.05581	0.0	0.0
32.812500	77.128038237	91.05108	0.0	0.0
32.836914	77.458779565	91.04875	0.0	0.0
32.861328	77.189401709	91.04764	0.0	0.0
32.885742	77.477020304	91.05151	0.0	0.0
32.910156	77.287312425	91.04922	0.0	0.0
32.934570	77.733739779	91.04855	0.0	0.0
32.958984	77.582269574	91.04215	0.0	0.0
32.983398	77.471784543	91.04523	0.0	0.0
33.007813	77.453627924	91.04510	0.0	0.0
33.032227	77.734242190	91.04539	0.0	0.0
33.056641	77.839687920	91.03991	0.0	0.0
33.081055	77.719199029	91.04350	0.0	0.0
33.105469	77.617233585	91.03918	0.0	0.0
33.129883	77.502822154	91.04283	0.0	0.0
33.154297	77.586585327	91.03830	0.0	0.0
33.178711	77.779854161	91.03975	0.0	0.0
33.203125	78.063923532	91.03740	0.0	0.0
33.227539	77.954051453	91.03519	0.0	0.0
33.251953	78.081405638	91.03253	0.0	0.0
33.276367	78.273088485	91.03071	0.0	0.0
33.300781	77.994671668	91.02715	0.0	0.0
33.325195	78.075039829	91.03167	0.0	0.0
33.349609	78.299846676	91.03101	0.0	0.0
33.374023	77.893743493	91.03228	0.0	0.0
33.398438	78.371348787	91.02546	0.0	0.0
33.422852	78.167130807	91.02553	0.0	0.0
33.447266	78.258251313	91.03097	0.0	0.0
33.471680	78.317087116	91.02325	0.0	0.0
33.496094	78.505345992	91.02455	0.0	0.0
33.520508	78.117809558	91.02506	0.0	0.0
33.544922	78.501897030	91.02492	0.0	0.0
33.569336	78.278269555	91.02595	0.0	0.0
33.593750	78.486985900	91.02402	0.0	0.0
33.618164	78.275645367	91.01940	0.0	0.0
33.642578	78.409265120	91.01646	0.0	0.0
33.666992	78.881658173	91.01806	0.0	0.0
33.691406	78.334982509	91.01633	0.0	0.0
33.715820	78.508493218	91.01541	0.0	0.0
33.740234	78.714702047	91.01412	0.0	0.0
33.764648	78.883049638	91.01493	0.0	0.0
33.789063	78.526829681	91.01069	0.0	0.0
33.813477	78.578276106	91.00902	0.0	0.0
33.837891	78.764270115	91.01102	0.0	0.0
33.862305	78.704476199	91.00389	0.0	0.0
33.886719	78.842572689	91.00551	0.0	0.0
33.911133	78.752294486	91.00643	0.0	0.0
33.935547	78.898458795	91.00264	0.0	0.0
33.959961	78.657918338	91.00522	0.0	0.0
33.984375	78.801675788	91.00741	0.0	0.0
34.008789	78.685694728	91.00310	0.0	0.0
34.033203	78.830102307	91.00489	0.0	0.0
34.057617	79.175519802	91.00061	0.0	0.0
34.082031	79.269082812	91.00174	0.0	0.0
34.106445	78.825624518	90.99997	0.0	0.0
34.130859	78.791258036	90.99820	0.0	0.0
34.155273	78.800137827	90.99793	0.0	0.0
34.179688	78.905551611	90.99744	0.0	0.0
34.204102	79.430950420	90.99485	0.0	0.0
34.228516	79.609269101	90.98929	0.0	0.0
34.252930	79.090476721	90.99288	0.0	0.0
34.277344	79.296848831	90.99086	0.0	0.0
34.301758	79.273228359	90.99326	0.0	0.0
34.326172	79.425542640	90.99438	0.0	0.0
34.350586	79.144176870	90.98985	0.0	0.0
34.375000	79.138784066	90.98692	0.0	0.0
34.399414	78.924658384	90.98727	0.0	0.0
34.423828	79.439669665	90.98674	0.0	0.0
34.448242	79.892439029	90.98466	0.0	0.0
34.472656	79.149734445	90.98217	0.0	0.0
34.497070	79.363676188	90.98527	0.0	0.0
34.521484	79.655739407	90.98660	0.0	0.0
34.545898	79.660119391	90.97285	0.0	0.0
34.570313	79.510810094	90.97957	0.0	0.0
34.594727	79.664901667	90.97678	0.0	0.0
34.619141	79.564667874	90.97575	0.0	0.0
34.643555	80.117625272	90.97806	0.0	0.0
34.667969	79.758929480	90.97923	0.0	0.0
34.692383	79.795380329	90.97993	0.0	0.0
34.716797	80.114673437	90.97217	0.0	0.0
34.741211	79.715801984	90.97109	0.0	0.0
34.765625	79.765558093	90.97329	0.0	0.0
34.790039	79.990282843	90.97412	0.0	0.0
34.814453	80.221696650	90.97258	0.0	0.0
34.838867	79.944186896	90.96740	0.0	0.0
34.863281	80.133197655	90.96932	0.0	0.0
34.887695	79.889259172	90.96857	0.0	0.0
34.912109	79.896665034	90.96730	0.0	0.0
34.936523	79.925534145	90.96450	0.0	0.0
34.960938	80.546930196	90.96554	0.0	0.0
34.985352	79.899748983	90.96208	0.0	0.0
35.009766	80.262544756	90.96686	0.0	0.0
35.034180	80.538599642	90.95778	0.0	0.0
35.058594	80.333532053	90.96045	0.0	0.0
35.083008	80.288591587	90.96171	0.0	0.0
35.107422	80.671402395	90.96252	0.0	0.0
35.131836	80.363272584	90.95861	0.0	0.0
35.156250	80.413221549	90.96039	0.0	0.0
35.180664	80.147115988	90.95644	0.0	0.0
35.205078	80.457999136	90.95156	0.0	0.0
35.229492	80.419570277	90.95462	0.0	0.0
35.253906	80.956879438	90.95522	0.0	0.0
35.278320	80.498671412	90.95552	0.0	0.0
35.302734	80.654593697	90.95107	0.0	0.0
35.327148	80.456899992	90.94865	0.0	0.0
35.351563	80.733659277	90.95327	0.0	0.0
35.375977	80.677328779	90.95028	0.0	0.0
35.400391	80.693281379	90.94939	0.0	0.0
35.424805	80.596983130	90.94523	0.0	0.0
35.449219	80.558633169	90.94824	0.0	0.0
35.473633	80.820565742	90.94724	0.0	0.0
35.498047	81.140583717	90.94274	0.0	0.0
35.522461	80.509042895	90.94464	0.0	0.0
35.546875	81.153591514	90.94441	0.0	0.0
35.571289	80.772350408	90.94306	0.0	0.0
35.595703	80.735937409	90.94487	0.0	0.0
35.620117	80.866837509	90.93756	0.0	0.0
35.644531	81.027711380	90.94153	0.0	0.0
35.668945	80.892616283	90.94069	0.0	0.0
35.693359	80.967165889	90.93776	0.0	0.0
35.717773	81.022518866	90.93733	0.0	0.0
35.742188	80.981152387	90.93636	0.0	0.0
35.766602	80.927141368	90.93754	0.0	0.0
35.791016	81.286082696	90.93443	0.0	0.0
35.815430	81.130450500	90.93680	0.0	0.0
35.839844	81.087951391	90.93212	0.0	0.0
35.864258	81.067003056	90.93882	0.0	0.0
35.888672	81.228710000	90.93331	0.0	0.0
35.913086	81.202068704	90.92955	0.0	0.0
35.937500	81.540145112	90.92986	0.0	0.0
35.961914	81.466417042	90.92684	0.0	0.0
35.986328	81.148033919	90.92122	0.0	0.0
36.010742	81.495586225	90.92474	0.0	0.0
36.035156	81.442139580	90.92761	0.0	0.0
36.059570	81.557369836	90.92434	0.0	0.0
36.083984	81.487866940	90.91965	0.0	0.0
36.108398	81.142323384	90.92220	0.0	0.0
36.132813	81.317813296	90.92321	0.0	0.0
36.157227	81.654332697	90.92390	0.0	0.0
36.181641	81.815808866	90.92288	0.0	0.0
36.206055	81.598753591	90.91838	0.0	0.0
36.230469	81.574171987	90.92058	0.0	0.0
36.254883	81.828563308	90.91994	0.0	0.0
36.279297	81.764819287	90.91490	0.0	0.0
36.303711	81.677669880	90.91043	0.0	0.0
36.328125	81.941139964	90.91025	0.0	0.0
36.352539	81.551418095	90.91295	0.0	0.0
36.376953	81.894113737	90.91598	0.0	0.0
36.401367	81.948547749	90.91332	0.0	0.0
36.425781	82.247724343	90.90892	0.0	0.0
36.450195	81.788487033	90.90756	0.0	0.0
36.474609	81.945491322	90.90768	0.0	0.0
36.499023	81.975704549	90.90431	0.0	0.0
36.523438	82.024968068	90.90776	0.0	0.0
36.547852	81.997984210	90.90667	0.0	0.0
36.572266	82.269136389	90.90524	0.0	0.0
36.596680	82.511200725	90.90162	0.0	0.0
36.621094	82.151014806	90.90575	0.0	0.0
36.645508	82.112441427	90.90020	0.0	0.0
36.669922	82.042191900	90.90423	0.0	0.0
36.694336	82.523331440	90.89994	0.0	0.0
36.718750	82.379614805	90.89765	0.0	0.0
36.743164	82.480990920	90.89971	0.0	0.0
36.767578	82.604002488	90.89831	0.0	0.0
36.791992	82.255002677	90.89828	0.0	0.0
36.816406	82.536901167	90.89852	0.0	0.0
36.840820	82.459615777	90.89818	0.0	0.0
36.865234	82.490628717	90.89457	0.0	0.0
36.889648	82.814756644	90.89382	0.0	0.0
36.914063	82.669948652	90.89407	0.0	0.0
36.938477	82.882158717	90.89228	0.0	0.0
36.962891	82.809612125	90.89095	0.0	0.0
36.987305	82.530372899	90.89509	0.0	0.0
37.011719	82.583821406	90.88788	0.0	0.0
37.036133	82.452542852	90.88509	0.0	0.0
37.060547	82.379536473	90.88678	0.0	0.0
37.084961	82.362078038	90.88560	0.0	0.0
37.109375	82.580547700	90.88260	0.0	0.0
37.133789	82.752244936	90.88165	0.0	0.0
37.158203	82.936723094	90.88521	0.0	0.0
37.182617	82.691966912	90.88122	0.0	0.0
37.207031	82.901986097	90.88253	0.0	0.0
37.231445	83.025607326	90.88110	0.0	0.0
37.255859	83.073182866	90.88039	0.0	0.0
37.280273	83.065704557	90.88069	0.0	0.0
37.304688	83.285861269	90.88102	0.0	0.0
37.329102	82.894308236	90.88223	0.0	0.0
37.353516	82.656813033	90.87880	0.0	0.0
37.377930	82.826415275	90.87729	0.0	0.0
37.402344	82.360825218	90.87691	0.0	0.0
37.426758	82.464062923	90.87816	0.0	0.0
37.451172	83.073074209	90.87900	0.0	0.0
37.475586	82.916202172	90.87579	0.0	0.0
37.500000	83.399210033	90.87630	0.0	0.0
37.524414	82.771273665	90.87396	0.0	0.0
37.548828	82.955962256	90.86881	0.0	0.0
37.573242	83.149365396	90.86998	0.0	0.0
37.597656	83.441093959	90.86709	0.0	0.0
37.622070	83.504274370	90.86822	0.0	0.0
37.646484	83.144818722	90.86751	0.0	0.0
37.670898	82.848565364	90.86746	0.0	0.0
37.695313	83.054893021	90.87014	0.0	0.0
37.719727	82.927774439	90.86193	0.0	0.0
37.744141	83.280565470	90.86867	0.0	0.0
37.768555	83.444648341	90.86620	0.0	0.0
37.792969	83.339977852	90.86269	0.0	0.0
37.817383	82.988839476	90.85995	0.0	0.0
37.841797	83.239377004	90.86298	0.0	0.0
37.866211	82.918649493	90.85958	0.0	0.0
37.890625	83.200414222	90.86109	0.0	0.0
37.915039	82.988062736	90.85842	0.0	0.0
37.939453	83.307208973	90.86124	0.0	0.0
37.963867	83.228087066	90.85701	0.0	0.0
37.988281	82.716530792	90.85768	0.0	0.0
38.012695	83.004603745	90.85837	0.0	0.0
38.037109	83.150280902	90.85383	0.0	0.0
38.061523	83.191409370	90.85245	0.0	0.0
38.085938	83.305624754	90.85771	0.0	0.0
38.110352	83.209637448	90.85405	0.0	0.0
38.134766	83.044878787	90.85288	0.0	0.0
38.159180	83.341392648	90.84947	0.0	0.0
38.183594	83.537721049	90.85051	0.0	0.0
38.208008	83.735971970	90.84737	0.0	0.0
38.232422	83.473616727	90.85258	0.0	0.0
38.256836	83.302890091	90.85060	0.0	0.0
38.281250	83.382244268	90.84595	0.0	0.0
38.305664	83.205888924	90.84815	0.0	0.0
38.330078	83.222253760	90.84954	0.0	0.0
38.354492	83.210264937	90.84390	0.0	0.0
38.378906	83.420465847	90.83797	0.0	0.0
38.403320	83.388265597	90.84428	0.0	0.0
38.427734	83.402313112	90.84289	0.0	0.0
38.452148	83.063231916	90.84134	0.0	0.0
38.476563	83.013703733	90.84050	0.0	0.0
38.500977	83.103692356	90.84527	0.0	0.0
38.525391	82.608745135	90.84061	0.0	0.0
38.549805	83.214777350	90.83939	0.0	0.0
38.574219	82.595076884	90.84230	0.0	0.0
38.598633	82.711518492	90.83411	0.0	0.0
38.623047	82.326509524	90.84104	0.0	0.0
38.647461	82.422092802	90.83803	0.0	0.0
38.671875	82.561324074	90.83536	0.0	0.0
38.696289	82.955128030	90.83029	0.0	0.0
38.720703	82.262481034	90.82705	0.0	0.0
38.745117	82.607056376	90.83464	0.0	0.0
38.769531	82.159335380	90.82993	0.0	0.0
38.793945	82.405759387	90.83031	0.0	0.0
38.818359	82.211749881	90.82694	0.0	0.0
38.842773	82.431204699	90.82780	0.0	0.0
38.867188	82.379251415	90.83116	0.0	0.0
38.891602	82.356940190	90.82577	0.0	0.0
38.916016	82.302304054	90.82817	0.0	0.0
38.940430	82.050439771	90.82381	0.0	0.0
38.964844	82.005279290	90.81951	0.0	0.0
38.989258	82.135818719	90.82538	0.0	0.0
39.013672	82.049284585	90.82089	0.0	0.0
39.038086	81.833275862	90.82035	0.0	0.0
39.062500	81.063799404	90.82368	0.0	0.0
39.086914	81.423010085	90.81917	0.0	0.0
39.111328	81.345940121	90.82296	0.0	0.0
39.135742	80.967875232	90.81784	0.0	0.0
39.160156	81.433927974	90.81177	0.0	0.0
39.184570	81.171188640	90.82133	0.0	0.0
39.208984	81.175665763	90.81745	0.0	0.0
39.233398	81.451398292	90.81539	0.0	0.0
39.257813	81.354095769	90.81684	0.0	0.0
39.282227	81.159819291	90.81800	0.0	0.0
39.306641	80.935099064	90.82059	0.0	0.0
39.331055	80.709687605	90.81350	0.0	0.0
39.355469	80.294188404	90.80993	0.0	0.0
39.379883	80.207446809	90.80938	0.0	0.0
39.404297	79.939136786	90.81637	0.0	0.0
39.428711	80.411553016	90.81070	0.0	0.0
39.453125	79.895878969	90.80456	0.0	0.0
39.477539	79.609948279	90.80873	0.0	0.0
39.501953	79.847548795	90.80598	0.0	0.0
39.526367	79.743348705	90.80566	0.0	0.0
39.550781	79.439707131	90.80614	0.0	0.0
39.575195	79.521457984	90.80547	0.0	0.0
39.599609	79.420372263	90.80513	0.0	0.0
39.624023	78.796637951	90.80172	0.0	0.0
39.648438	79.075346391	90.80147	0.0	0.0
39.672852	78.864361721	90.79692	0.0	0.0
39.697266	78.632732554	90.80001	0.0	0.0
39.721680	78.542836082	90.80240	0.0	0.0
39.746094	78.500428248	90.80041	0.0	0.0
39.770508	78.000836297	90.79956	0.0	0.0
39.794922	77.557701258	90.79710	0.0	0.0
39.819336	77.709727215	90.79923	0.0	0.0
39.843750	77.552897282	90.79452	0.0	0.0
39.868164	77.621531419	90.79656	0.0	0.0
39.892578	77.252292041	90.79712	0.0	0.0
39.916992	76.648900200	90.79641	0.0	0.0
39.941406	76.467874624	90.78891	0.0	0.0
39.965820	76.231312781	90.79336	0.0	0.0
39.990234	75.952603675	90.79082	0.0	0.0
40.014648	75.966736845	90.79321	0.0	0.0
40.039063	75.991055415	90.79142	0.0	0.0
40.063477	75.923943735	90.78840	0.0	0.0
40.087891	75.707844202	90.79136	0.0	0.0
40.112305	75.387109125	90.78840	0.0	0.0
40.136719	74.891760333	90.79116	0.0	0.0
40.161133	75.071773750	90.78902	0.0	0.0
40.185547	74.788273083	90.78525	0.0	0.0
40.209961	74.829212162	90.78022	0.0	0.0
40.234375	74.420191002	90.78277	0.0	0.0
40.258789	74.257492141	90.78579	0.0	0.0
40.283203	74.001788468	90.78473	0.0	0.0
40.307617	73.558708277	90.78259	0.0	0.0
40.332031	72.774379855	90.78424	0.0	0.0
40.356445	73.032551433	90.78139	0.0	0.0
40.380859	72.918667561	90.78699	0.0	0.0
40.405273	72.415338726	90.77881	0.0	0.0
40.429688	71.918523202	90.77997	0.0	0.0
40.454102	71.657728329	90.77290	0.0	0.0
40.478516	71.541872558	90.77470	0.0	0.0
40.502930	70.846599937	90.77487	0.0	0.0
40.527344	70.809815666	90.78087	0.0	0.0
40.551758	70.939652637	90.77868	0.0	0.0
40.576172	70.202405555	90.77140	0.0	0.0
40.600586	70.083861553	90.77795	0.0	0.0
40.625000	69.617735900	90.77714	0.0	0.0
40.649414	69.237513102	90.77396	0.0	0.0
40.673828	69.113871136	90.77225	0.0	0.0
40.698242	68.927745065	90.76897	0.0	0.0
40.722656	68.447945459	90.77437	0.0	0.0
40.747070	68.272885218	90.76706	0.0	0.0
40.771484	67.741450301	90.77071	0.0	0.0
40.795898	67.650018309	90.76576	0.0	0.0
40.820313	67.589938560	90.77038	0.0	0.0
40.844727	66.770229484	90.76574	0.0	0.0
40.869141	66.555956759	90.76430	0.0	0.0
40.893555	66.263433878	90.76381	0.0	0.0
40.917969	65.912182181	90.76304	0.0	0.0
40.942383	65.201380021	90.76539	0.0	0.0
40.966797	65.092976529	90.76826	0.0	0.0
40.991211	64.818245314	90.76298	0.0	0.0
41.015625	64.408643858	90.76249	0.0	0.0
41.040039	64.242515227	90.76479	0.0	0.0
41.064453	63.742906689	90.75763	0.0	0.0
41.088867	63.750014423	90.76718	0.0	0.0
41.113281	63.213488491	90.75968	0.0	0.0
41.137695	62.743779433	90.75894	0.0	0.0
41.162109	62.432379805	90.75633	0.0	0.0
41.186523	62.022304864	90.75073	0.0	0.0
41.210938	61.769369871	90.75711	0.0	0.0
41.235352	61.674832349	90.75547	0.0	0.0
41.259766	60.731377524	90.75235	0.0	0.0
41.284180	60.640592269	90.75564	0.0	0.0
41.308594	59.995846430	90.75296	0.0	0.0
41.333008	59.486639222	90.74848	0.0	0.0
41.357422	59.435350862	90.75425	0.0	0.0
41.381836	58.884321700	90.75391	0.0	0.0
41.406250	58.432937773	90.74957	0.0	0.0
41.430664	58.400473081	90.74686	0.0	0.0
41.455078	57.938414725	90.75183	0.0	0.0
41.479492	57.118001097	90.74879	0.0	0.0
41.503906	56.727153576	90.74602	0.0	0.0
41.528320	56.703561045	90.74459	0.0	0.0
41.552734	56.224295895	90.74677	0.0	0.0
41.577148	55.815988049	90.74379	0.0	0.0
41.601563	55.658791095	90.74094	0.0	0.0
41.625977	55.196547208	90.74532	0.0	0.0
41.650391	54.363831081	90.74038	0.0	0.0
41.674805	54.305697735	90.74660	0.0	0.0
41.699219	53.818723484	90.73434	0.0	0.0
41.723633	53.432050181	90.73889	0.0	0.0
41.748047	53.129072631	90.74284	0.0	0.0
41.772461	52.390951246	90.73684	0.0	0.0
41.796875	52.219899784	90.74393	0.0	0.0
41.821289	51.586134485	90.74348	0.0	0.0
41.845703	51.191639641	90.74113	0.0	0.0
41.870117	50.919595634	90.73254	0.0	0.0
41.894531	50.604257228	90.73684	0.0	0.0
41.918945	50.141776374	90.73515	0.0	0.0
41.943359	49.506209957	90.74059	0.0	0.0
41.967773	48.991094936	90.73665	0.0	0.0
41.992188	48.416358918	90.73393	0.0	0.0
42.016602	48.362417138	90.73109	0.0	0.0
42.041016	47.809419966	90.73434	0.0	0.0
42.065430	47.749041100	90.73147	0.0	0.0
42.089844	47.332831792	90.72961	0.0	0.0
42.114258	46.383655791	90.72841	0.0	0.0
42.138672	46.249140535	90.72727	0.0	0.0
42.163086	45.803003980	90.72699	0.0	0.0
42.187500	45.376935419	90.73136	0.0	0.0
42.211914	44.860805415	90.72708	0.0	0.0
42.236328	44.425413185	90.72855	0.0	0.0
42.260742	44.082537926	90.72289	0.0	0.0
42.285156	43.530455238	90.72293	0.0	0.0
42.309570	43.118449279	90.72980	0.0	0.0
42.333984	42.757358110	90.72617	0.0	0.0
42.358398	42.391203700	90.72682	0.0	0.0
42.382813	41.857891690	90.72380	0.0	0.0
42.407227	41.370283485	90.71975	0.0	0.0
42.431641	40.969871319	90.71719	0.0	0.0
42.456055	40.418520204	90.72273	0.0	0.0
42.480469	40.286410604	90.71819	0.0	0.0
42.504883	39.454404882	90.72007	0.0	0.0
42.529297	39.346601419	90.71492	0.0	0.0
42.553711	39.057717666	90.71410	0.0	0.0
42.578125	38.361409383	90.71902	0.0	0.0
42.602539	38.197250663	90.71677	0.0	0.0
42.626953	37.539260420	90.71376	0.0	0.0
42.651367	37.128172836	90.71148	0.0	0.0
42.675781	36.750559036	90.71294	0.0	0.0
42.700195	36.457638166	90.71543	0.0	0.0
42.724609	35.809979215	90.71496	0.0	0.0
42.749023	35.451087789	90.71030	0.0	0.0
42.773438	34.836721851	90.70976	0.0	0.0
42.797852	34.475116673	90.71233	0.0	0.0
42.822266	34.485054520	90.70862	0.0	0.0
42.846680	33.952225609	90.70946	0.0	0.0
42.871094	33.396002756	90.70248	0.0	0.0
42.895508	33.172136021	90.70764	0.0	0.0
42.919922	32.695331581	90.70655	0.0	0.0
42.944336	32.200933665	90.71041	0.0	0.0
42.968750	31.947217756	90.70375	0.0	0.0
42.993164	31.450787878	90.70594	0.0	0.0
43.017578	31.064321836	90.70308	0.0	0.0
43.041992	30.556744622	90.70134	0.0	0.0
43.066406	30.352177440	90.70170	0.0	0.0
43.090820	29.751151588	90.70215	0.0	0.0
43.115234	29.427229052	90.70258	0.0	0.0
43.139648	29.000144997	90.70060	0.0	0.0
43.164063	28.719815124	90.70463	0.0	0.0
43.188477	28.320734430	90.70022	0.0	0.0
43.212891	27.863591496	90.69908	0.0	0.0
43.237305	27.504416668	90.69423	0.0	0.0
43.261719	27.028506222	90.69203	0.0	0.0
43.286133	26.767712664	90.70315	0.0	0.0
43.310547	26.306598168	90.69761	0.0	0.0
43.334961	25.836098540	90.69662	0.0	0.0
43.359375	25.606038004	90.69389	0.0	0.0
43.383789	25.241670979	90.69555	0.0	0.0
43.408203	24.868250287	90.69150	0.0	0.0
43.432617	24.639501697	90.69357	0.0	0.0
43.457031	24.293622246	90.68772	0.0	0.0
43.481445	23.812327157	90.69388	0.0	0.0
43.505859	23.427566014	90.69331	0.0	0.0
43.530273	23.145238651	90.69507	0.0	0.0
43.554688	22.650908691	90.69005	0.0	0.0
43.579102	22.452561734	90.69057	0.0	0.0
43.603516	22.185237517	90.68635	0.0	0.0
43.627930	21.796342819	90.68674	0.0	0.0
43.652344	21.433393698	90.68795	0.0	0.0
43.676758	21.156334103	90.68169	0.0	0.0
43.701172	20.874686247	90.68862	0.0	0.0
43.725586	20.513237624	90.68705	0.0	0.0
43.750000	20.103923813	90.68368	0.0	0.0
43.774414	19.679003972	90.68810	0.0	0.0
43.798828	19.442531529	90.68038	0.0	0.0
43.823242	19.181184622	90.68000	0.0	0.0
43.847656	18.795806021	90.67859	0.0	0.0
43.872070	18.525986724	90.68285	0.0	0.0
43.896484	18.292386043	90.67820	0.0	0.0
43.920898	18.014185622	90.67866	0.0	0.0
43.945313	17.534132519	90.67778	0.0	0.0
43.969727	17.308498375	90.67844	0.0	0.0
43.994141	17.022630209	90.67675	0.0	0.0
44.018555	16.811871208	90.67450	0.0	0.0
44.042969	16.417149771	90.67624	0.0	0.0
44.067383	16.174856360	90.67176	0.0	0.0
44.091797	15.909994216	90.67266	0.0	0.0
44.116211	15.609096937	90.67281	0.0	0.0
44.140625	15.297901163	90.67052	0.0	0.0
44.165039	15.049008615	90.66864	0.0	0.0
44.189453	14.730934492	90.67172	0.0	0.0
44.213867	14.479711973	90.67258	0.0	0.0
44.238281	14.215770889	90.66770	0.0	0.0
44.262695	13.994135529	90.67517	0.0	0.0
44.287109	13.696162612	90.67078	0.0	0.0
44.311523	13.437030399	90.66485	0.0	0.0
44.335938	13.172544479	90.66211	0.0	0.0
44.360352	12.879151627	90.66535	0.0	0.0
44.384766	12.648774706	90.66246	0.0	0.0
44.409180	12.435736945	90.66327	0.0	0.0
44.433594	12.251226385	90.66725	0.0	0.0
44.458008	11.947730622	90.66193	0.0	0.0
44.482422	11.823185364	90.66844	0.0	0.0
44.506836	11.475038305	90.66875	0.0	0.0
44.531250	11.316448691	90.66686	0.0	0.0
44.555664	11.034453856	90.65900	0.0	0.0
44.580078	10.784408913	90.66107	0.0	0.0
44.604492	10.633047898	90.66107	0.0	0.0
44.628906	10.434035588	90.65756	0.0	0.0
44.653320	10.210386386	90.65947	0.0	0.0
44.677734	9.950118680	90.66024	0.0	0.0
44.702148	9.796246729	90.65567	0.0	0.0
44.726563	9.548029429	90.65361	0.0	0.0
44.750977	9.317026784	90.65636	0.0	0.0
44.775391	9.131900267	90.65779	0.0	0.0
44.799805	8.987382932	90.65581	0.0	0.0
44.824219	8.791397238	90.64894	0.0	0.0
44.848633	8.580036451	90.65646	0.0	0.0
44.873047	8.385832491	90.65572	0.0	0.0
44.897461	8.249687632	90.65248	0.0	0.0
44.921875	8.080380238	90.65666	0.0	0.0
44.946289	7.876714653	90.65102	0.0	0.0
44.970703	7.727072720	90.65499	0.0	0.0
44.995117	7.511702998	90.65571	0.0	0.0
45.019531	7.368612850	90.65507	0.0	0.0
45.043945	7.133866737	90.65070	0.0	0.0
45.068359	7.034025168	90.65319	0.0	0.0
45.092773	6.852069606	90.65272	0.0	0.0
45.117188	6.716870829	90.64934	0.0	0.0
45.141602	6.546987930	90.65603	0.0	0.0
45.166016	6.375025215	90.65136	0.0	0.0
45.190430	6.199065806	90.64912	0.0	0.0
45.214844	6.064697025	90.65100	0.0	0.0
45.239258	5.943126796	90.65226	0.0	0.0
45.263672	5.761653755	90.65448	0.0	0.0
45.288086	5.638151475	90.63958	0.0	0.0
45.312500	5.517731925	90.64789	0.0	0.0
45.336914	5.349403137	90.64927	0.0	0.0
45.361328	5.233528378	90.65212	0.0	0.0
45.385742	5.113188611	90.64509	0.0	0.0
45.410156	4.980800154	90.64477	0.0	0.0
45.434570	4.846671056	90.64124	0.0	0.0
45.458984	4.745726961	90.64862	0.0	0.0
45.483398	4.620692583	90.63829	0.0	0.0
45.507813	4.482288309	90.64164	0.0	0.0
45.532227	4.354106177	90.63890	0.0	0.0
45.556641	4.246256923	90.64170	0.0	0.0
45.581055	4.142413953	90.64174	0.0	0.0
45.605469	4.054221284	90.64337	0.0	0.0
45.629883	3.920761077	90.64272	0.0	0.0
45.654297	3.808237566	90.64475	0.0	0.0
45.678711	3.701222666	90.64430	0.0	0.0
45.703125	3.608007398	90.64115	0.0	0.0
45.727539	3.503128771	90.64117	0.0	0.0
45.751953	3.412979741	90.64193	0.0	0.0
45.776367	3.309086313	90.64090	0.0	0.0
45.800781	3.224285251	90.63573	0.0	0.0
45.825195	3.145184630	90.63501	0.0	0.0
45.849609	3.047492598	90.63761	0.0	0.0
45.874023	2.954969829	90.63761	0.0	0.0
45.898438	2.885763786	90.63515	0.0	0.0
45.922852	2.809400949	90.63496	0.0	0.0
45.947266	2.710752380	90.63600	0.0	0.0
45.971680	2.640549712	90.62740	0.0	0.0
45.996094	2.552022952	90.63342	0.0	0.0
46.020508	2.491618125	90.63400	0.0	0.0
46.044922	2.406796741	90.63370	0.0	0.0
46.069336	2.334104124	90.62614	0.0	0.0
46.093750	2.257408807	90.62683	0.0	0.0
46.118164	2.191262883	90.62639	0.0	0.0
46.142578	2.127236999	90.62912	0.0	0.0
46.166992	2.061092354	90.62706	0.0	0.0
46.191406	1.997814012	90.62255	0.0	0.0
46.215820	1.931832580	90.62871	0.0	0.0
46.240234	1.870256817	90.63179	0.0	0.0
46.264648	1.817948120	90.62490	0.0	0.0
46.289063	1.760253283	90.62307	0.0	0.0
46.313477	1.695118877	90.62469	0.0	0.0
46.337891	1.647501189	90.61722	0.0	0.0
46.362305	1.578748107	90.62036	0.0	0.0
46.386719	1.546477759	90.62321	0.0	0.0
46.411133	1.494037829	90.61527	0.0	0.0
46.435547	1.429748630	90.61581	0.0	0.0
46.459961	1.388670674	90.62160	0.0	0.0
46.484375	1.343334502	90.60954	0.0	0.0
46.508789	1.296269805	90.61191	0.0	0.0
46.533203	1.262379462	90.61012	0.0	0.0
46.557617	1.211294559	90.61024	0.0	0.0
46.582031	1.166185516	90.60898	0.0	0.0
46.606445	1.131003375	90.60609	0.0	0.0
46.630859	1.094254116	90.59818	0.0	0.0
46.655273	1.058873204	90.59538	0.0	0.0
46.679688	1.015558903	90.60287	0.0	0.0
46.704102	0.987475887	90.59916	0.0	0.0
46.728516	0.945149290	90.59815	0.0	0.0
46.752930	0.910746281	90.59312	0.0	0.0
46.777344	0.880224358	90.59269	0.0	0.0
46.801758	0.847225346	90.59456	0.0	0.0
46.826172	0.819539102	90.59011	0.0	0.0
46.850586	0.790541276	90.58330	0.0	0.0
46.875000	0.762034009	90.59056	0.0	0.0
46.899414	0.735971657	90.57793	0.0	0.0
46.923828	0.705908981	90.57917	0.0	0.0
46.948242	0.679923588	90.57616	0.0	0.0
46.972656	0.651211394	90.57098	0.0	0.0
46.997070	0.627893022	90.56897	0.0	0.0
47.021484	0.606897858	90.56895	0.0	0.0
47.045898	0.584322872	90.56836	0.0	0.0
47.070313	0.560931539	90.56265	0.0	0.0
47.094727	0.540884215	90.55987	0.0	0.0
47.119141	0.521824767	90.56079	0.0	0.0
47.143555	0.502182705	90.55070	0.0	0.0
47.167969	0.483221389	90.54795	0.0	0.0
47.192383	0.463182595	90.54770	0.0	0.0
47.216797	0.443928213	90.55154	0.0	0.0
47.241211	0.428274676	90.54299	0.0	0.0
47.265625	0.411784437	90.54087	0.0	0.0
47.290039	0.396596973	90.53694	0.0	0.0
47.314453	0.380139717	90.53019	0.0	0.0
47.338867	0.364346736	90.53556	0.0	0.0
47.363281	0.350636807	90.52938	0.0	0.0
47.387695	0.339254454	90.53010	0.0	0.0
47.412109	0.325257184	90.52986	0.0	0.0
47.436523	0.311570135	90.52601	0.0	0.0
47.460938	0.300152138	90.51769	0.0	0.0
47.485352	0.288934323	90.51766	0.0	0.0
47.509766	0.279166637	90.51515	0.0	0.0
47.534180	0.266068573	90.51400	0.0	0.0
47.558594	0.257430133	90.50724	0.0	0.0
47.583008	0.247375119	90.50573	0.0	0.0
47.607422	0.236622881	90.50480	0.0	0.0
47.631836	0.226986953	90.50376	0.0	0.0
47.656250	0.218910069	90.50522	0.0	0.0
47.680664	0.209466954	90.50091	0.0	0.0
47.705078	0.202140662	90.49700	0.0	0.0
47.729492	0.193866529	90.50479	0.0	0.0
47.753906	0.186067029	90.49891	0.0	0.0
47.778320	0.178903463	90.50176	0.0	0.0
47.802734	0.171940252	90.49447	0.0	0.0
47.827148	0.165443499	90.50308	0.0	0.0
47.851563	0.157770282	90.50323	0.0	0.0
47.875977	0.152228922	90.50635	0.0	0.0
47.900391	0.146887870	90.51327	0.0	0.0
47.924805	0.140176925	90.51322	0.0	0.0
47.949219	0.134789438	90.51747	0.0	0.0
47.973633	0.129173769	90.52469	0.0	0.0
47.998047	0.124268753	90.52378	0.0	0.0
48.022461	0.119899255	90.53567	0.0	0.0
48.046875	0.114662767	90.53844	0.0	0.0
48.071289	0.109733376	90.54541	0.0	0.0
48.095703	0.105228650	90.55117	0.0	0.0
48.120117	0.100934840	90.56154	0.0	0.0
48.144531	0.097106686	90.57066	0.0	0.0
48.168945	0.092997454	90.57874	0.0	0.0
48.193359	0.088848433	90.59257	0.0	0.0
48.217773	0.085699901	90.60194	0.0	0.0
48.242188	0.081685124	90.61754	0.0	0.0
48.266602	0.078404303	90.63248	0.0	0.0
48.291016	0.075624761	90.65025	0.0	0.0
48.315430	0.072031610	90.66469	0.0	0.0
48.339844	0.069050737	90.68348	0.0	0.0
48.364258	0.065757683	90.70186	0.0	0.0
48.388672	0.063327738	90.72241	0.0	0.0
48.413086	0.060411990	90.74138	0.0	0.0
48.437500	0.057688114	90.76427	0.0	0.0
48.461914	0.055284284	90.78856	0.0	0.0
48.486328	0.052870951	90.81690	0.0	0.0
48.510742	0.050523426	90.83913	0.0	0.0
48.535156	0.048456998	90.86999	0.0	0.0
48.559570	0.046319185	90.90349	0.0	0.0
48.583984	0.044425456	90.93725	0.0	0.0
48.608398	0.042475537	90.97255	0.0	0.0
48.632813	0.040833064	91.00900	0.0	0.0
48.657227	0.039101073	91.04764	0.0	0.0
48.681641	0.037274153	91.08999	0.0	0.0
48.706055	0.035861969	91.12970	0.0	0.0
48.730469	0.034279191	91.17655	0.0	0.0
48.754883	0.033033295	91.22532	0.0	0.0
48.779297	0.031874121	91.26928	0.0	0.0
48.803711	0.030752294	91.32752	0.0	0.0
48.828125	0.029614903	91.37217	0.0	0.0
48.852539	0.028663034	91.43179	0.0	0.0
48.876953	0.027731742	91.49156	0.0	0.0
48.901367	0.026846855	91.54744	0.0	0.0
48.925781	0.026007751	91.60960	0.0	0.0
48.950195	0.025423802	91.66776	0.0	0.0
48.974609	0.024864567	91.72494	0.0	0.0
48.999023	0.024259115	91.79089	0.0	0.0
49.023438	0.023731888	91.85328	0.0	0.0
49.047852	0.023472890	91.91702	0.0	0.0
49.072266	0.023077337	91.98540	0.0	0.0
49.096680	0.022699480	92.04710	0.0	0.0
49.121094	0.022474925	92.11069	0.0	0.0
49.145508	0.022330583	92.17051	0.0	0.0
49.169922	0.022159578	92.23098	0.0	0.0
49.194336	0.022034425	92.29120	0.0	0.0
49.218750	0.021978741	92.35119	0.0	0.0
49.243164	0.021880439	92.41187	0.0	0.0
49.267578	0.021914375	92.46866	0.0	0.0
49.291992	0.021849784	92.52608	0.0	0.0
49.316406	0.021919356	92.58524	0.0	0.0
49.340820	0.021921872	92.63669	0.0	0.0
49.365234	0.021992919	92.69112	0.0	0.0
49.389648	0.021998423	92.74739	0.0	0.0
49.414063	0.021999527	92.80196	0.0	0.0
49.438477	0.022053339	92.85011	0.0	0.0
49.462891	0.022166048	92.89908	0.0	0.0
49.487305	0.022270788	92.95016	0.0	0.0
49.511719	0.022306117	93.00124	0.0	0.0
49.536133	0.022380471	93.04666	0.0	0.0
49.560547	0.022522714	93.09832	0.0	0.0
49.584961	0.022593153	93.14099	0.0	0.0
49.609375	0.022635512	93.19158	0.0	0.0
49.633789	0.022762974	93.23703	0.0	0.0
49.658203	0.022769884	93.28313	0.0	0.0
49.682617	0.022763927	93.33133	0.0	0.0
49.707031	0.022795226	93.37429	0.0	0.0
49.731445	0.022943959	93.41940	0.0	0.0
49.755859	0.022896139	93.46692	0.0	0.0
49.780273	0.023060552	93.51137	0.0	0.0
49.804688	0.023136718	93.55327	0.0	0.0
49.829102	0.023115529	93.59916	0.0	0.0
49.853516	0.023122584	93.64340	0.0	0.0
49.877930	0.023300637	93.68553	0.0	0.0
49.902344	0.023184144	93.73300	0.0	0.0
49.926758	0.023211740	93.77288	0.0	0.0
49.951172	0.023208865	93.82061	0.0	0.0
49.975586	0.023337448	93.86270	0.0	0.0
50.000000	0.023316952	93.90656	0.0	0.0
