# UNCLASSIFIED
#
# Response info for TLY short period site.
#
# Effective: 28 OCT 2009
# Creation date: 25 AUG 2011
# File name: TLY.BB.1256688000
#
# Source: James Neely (TTD), TSgt Swindle
# System equipment: Geotech GS13 w/ IDA MK-7ISP Digitiser
# INID: 4210 4211 4212
#
# The response file was derived from equations of state.
# Displacement response normalized to 1.0 at 1.0 Hz.
#
# The calib values for this configuration are as follows:
#
# TLY SHZ is 0.119004 nm/count at 1.0 Hz.
# TLY SHN is 0.127464 nm/count at 1.0 Hz.
# TLY SHE is 0.117312 nm/count at 1.0 Hz.
#
# Freq(Hz)     Amp(counts/nm)    Phase(deg)   Error(amp) Error(phase)
#
 theoretical  0       system    fap   J.Neely
1000 
0.010000	0.000001415	269.144971	0.0	0.0
0.010076	0.000001448	269.138440	0.0	0.0
0.010153	0.000001481	269.131860	0.0	0.0
0.010231	0.000001515	269.125229	0.0	0.0
0.010309	0.000001550	269.118547	0.0	0.0
0.010388	0.000001586	269.111815	0.0	0.0
0.010467	0.000001623	269.105031	0.0	0.0
0.010547	0.000001660	269.098195	0.0	0.0
0.010628	0.000001698	269.091307	0.0	0.0
0.010709	0.000001738	269.084366	0.0	0.0
0.010791	0.000001778	269.077373	0.0	0.0
0.010873	0.000001819	269.070325	0.0	0.0
0.010956	0.000001861	269.063224	0.0	0.0
0.011040	0.000001904	269.056069	0.0	0.0
0.011124	0.000001948	269.048860	0.0	0.0
0.011209	0.000001993	269.041595	0.0	0.0
0.011295	0.000002039	269.034274	0.0	0.0
0.011381	0.000002086	269.026898	0.0	0.0
0.011468	0.000002134	269.019465	0.0	0.0
0.011555	0.000002183	269.011975	0.0	0.0
0.011644	0.000002234	269.004429	0.0	0.0
0.011733	0.000002285	268.996824	0.0	0.0
0.011822	0.000002338	268.989162	0.0	0.0
0.011912	0.000002392	268.981441	0.0	0.0
0.012003	0.000002447	268.973661	0.0	0.0
0.012095	0.000002504	268.965821	0.0	0.0
0.012187	0.000002561	268.957922	0.0	0.0
0.012281	0.000002621	268.949962	0.0	0.0
0.012374	0.000002681	268.941942	0.0	0.0
0.012469	0.000002743	268.933860	0.0	0.0
0.012564	0.000002806	268.925717	0.0	0.0
0.012660	0.000002871	268.917511	0.0	0.0
0.012757	0.000002937	268.909243	0.0	0.0
0.012854	0.000003005	268.900911	0.0	0.0
0.012952	0.000003075	268.892516	0.0	0.0
0.013051	0.000003146	268.884056	0.0	0.0
0.013151	0.000003218	268.875532	0.0	0.0
0.013251	0.000003293	268.866943	0.0	0.0
0.013353	0.000003369	268.858288	0.0	0.0
0.013455	0.000003446	268.849568	0.0	0.0
0.013557	0.000003526	268.840780	0.0	0.0
0.013661	0.000003607	268.831926	0.0	0.0
0.013765	0.000003691	268.823004	0.0	0.0
0.013870	0.000003776	268.814013	0.0	0.0
0.013976	0.000003863	268.804954	0.0	0.0
0.014083	0.000003952	268.795825	0.0	0.0
0.014191	0.000004043	268.786628	0.0	0.0
0.014299	0.000004137	268.777359	0.0	0.0
0.014408	0.000004232	268.768020	0.0	0.0
0.014518	0.000004330	268.758609	0.0	0.0
0.014629	0.000004430	268.749127	0.0	0.0
0.014741	0.000004532	268.739572	0.0	0.0
0.014853	0.000004637	268.729945	0.0	0.0
0.014967	0.000004744	268.720243	0.0	0.0
0.015081	0.000004853	268.710467	0.0	0.0
0.015196	0.000004965	268.700617	0.0	0.0
0.015312	0.000005080	268.690692	0.0	0.0
0.015429	0.000005197	268.680690	0.0	0.0
0.015547	0.000005317	268.670612	0.0	0.0
0.015666	0.000005440	268.660458	0.0	0.0
0.015786	0.000005566	268.650225	0.0	0.0
0.015906	0.000005694	268.639914	0.0	0.0
0.016028	0.000005826	268.629525	0.0	0.0
0.016150	0.000005960	268.619056	0.0	0.0
0.016273	0.000006098	268.608507	0.0	0.0
0.016398	0.000006239	268.597879	0.0	0.0
0.016523	0.000006383	268.587168	0.0	0.0
0.016649	0.000006530	268.576375	0.0	0.0
0.016776	0.000006681	268.565501	0.0	0.0
0.016904	0.000006835	268.554543	0.0	0.0
0.017033	0.000006993	268.543501	0.0	0.0
0.017164	0.000007154	268.532375	0.0	0.0
0.017295	0.000007319	268.521163	0.0	0.0
0.017427	0.000007488	268.509866	0.0	0.0
0.017560	0.000007661	268.498483	0.0	0.0
0.017694	0.000007838	268.487013	0.0	0.0
0.017829	0.000008019	268.475455	0.0	0.0
0.017965	0.000008204	268.463809	0.0	0.0
0.018102	0.000008394	268.452074	0.0	0.0
0.018241	0.000008588	268.440249	0.0	0.0
0.018380	0.000008786	268.428334	0.0	0.0
0.018520	0.000008989	268.416328	0.0	0.0
0.018662	0.000009196	268.404230	0.0	0.0
0.018804	0.000009408	268.392040	0.0	0.0
0.018948	0.000009626	268.379756	0.0	0.0
0.019093	0.000009848	268.367378	0.0	0.0
0.019239	0.000010075	268.354906	0.0	0.0
0.019386	0.000010308	268.342339	0.0	0.0
0.019534	0.000010546	268.329675	0.0	0.0
0.019683	0.000010789	268.316915	0.0	0.0
0.019833	0.000011039	268.304057	0.0	0.0
0.019985	0.000011293	268.291101	0.0	0.0
0.020137	0.000011554	268.278046	0.0	0.0
0.020291	0.000011821	268.264891	0.0	0.0
0.020446	0.000012094	268.251635	0.0	0.0
0.020602	0.000012373	268.238279	0.0	0.0
0.020759	0.000012659	268.224820	0.0	0.0
0.020918	0.000012951	268.211259	0.0	0.0
0.021078	0.000013250	268.197593	0.0	0.0
0.021239	0.000013556	268.183823	0.0	0.0
0.021401	0.000013869	268.169948	0.0	0.0
0.021564	0.000014189	268.155967	0.0	0.0
0.021729	0.000014517	268.141879	0.0	0.0
0.021895	0.000014852	268.127684	0.0	0.0
0.022062	0.000015195	268.113379	0.0	0.0
0.022231	0.000015546	268.098965	0.0	0.0
0.022401	0.000015904	268.084441	0.0	0.0
0.022572	0.000016272	268.069807	0.0	0.0
0.022744	0.000016647	268.055060	0.0	0.0
0.022918	0.000017032	268.040201	0.0	0.0
0.023093	0.000017425	268.025227	0.0	0.0
0.023269	0.000017827	268.010140	0.0	0.0
0.023447	0.000018239	267.994937	0.0	0.0
0.023626	0.000018660	267.979618	0.0	0.0
0.023806	0.000019091	267.964182	0.0	0.0
0.023988	0.000019531	267.948628	0.0	0.0
0.024171	0.000019982	267.932955	0.0	0.0
0.024356	0.000020444	267.917162	0.0	0.0
0.024542	0.000020916	267.901248	0.0	0.0
0.024730	0.000021399	267.885212	0.0	0.0
0.024918	0.000021893	267.869054	0.0	0.0
0.025109	0.000022398	267.852773	0.0	0.0
0.025300	0.000022915	267.836366	0.0	0.0
0.025494	0.000023444	267.819835	0.0	0.0
0.025688	0.000023986	267.803177	0.0	0.0
0.025885	0.000024539	267.786391	0.0	0.0
0.026082	0.000025106	267.769478	0.0	0.0
0.026282	0.000025686	267.752434	0.0	0.0
0.026482	0.000026279	267.735261	0.0	0.0
0.026685	0.000026885	267.717956	0.0	0.0
0.026888	0.000027506	267.700519	0.0	0.0
0.027094	0.000028141	267.682948	0.0	0.0
0.027301	0.000028791	267.665243	0.0	0.0
0.027509	0.000029456	267.647403	0.0	0.0
0.027719	0.000030136	267.629426	0.0	0.0
0.027931	0.000030832	267.611313	0.0	0.0
0.028144	0.000031543	267.593059	0.0	0.0
0.028359	0.000032272	267.574667	0.0	0.0
0.028576	0.000033017	267.556135	0.0	0.0
0.028794	0.000033779	267.537460	0.0	0.0
0.029014	0.000034559	267.518641	0.0	0.0
0.029236	0.000035357	267.499680	0.0	0.0
0.029459	0.000036173	267.480573	0.0	0.0
0.029684	0.000037008	267.461321	0.0	0.0
0.029911	0.000037863	267.441921	0.0	0.0
0.030139	0.000038737	267.422372	0.0	0.0
0.030369	0.000039631	267.402674	0.0	0.0
0.030601	0.000040546	267.382825	0.0	0.0
0.030835	0.000041482	267.362824	0.0	0.0
0.031070	0.000042440	267.342670	0.0	0.0
0.031308	0.000043420	267.322362	0.0	0.0
0.031547	0.000044422	267.301899	0.0	0.0
0.031788	0.000045448	267.281279	0.0	0.0
0.032030	0.000046497	267.260501	0.0	0.0
0.032275	0.000047571	267.239565	0.0	0.0
0.032522	0.000048669	267.218468	0.0	0.0
0.032770	0.000049793	267.197209	0.0	0.0
0.033020	0.000050943	267.175788	0.0	0.0
0.033272	0.000052119	267.154203	0.0	0.0
0.033527	0.000053322	267.132453	0.0	0.0
0.033783	0.000054553	267.110537	0.0	0.0
0.034041	0.000055813	267.088452	0.0	0.0
0.034301	0.000057101	267.066198	0.0	0.0
0.034563	0.000058420	267.043774	0.0	0.0
0.034827	0.000059768	267.021179	0.0	0.0
0.035093	0.000061148	266.998410	0.0	0.0
0.035361	0.000062560	266.975468	0.0	0.0
0.035631	0.000064004	266.952349	0.0	0.0
0.035903	0.000065482	266.929054	0.0	0.0
0.036177	0.000066994	266.905580	0.0	0.0
0.036453	0.000068541	266.881927	0.0	0.0
0.036732	0.000070123	266.858092	0.0	0.0
0.037012	0.000071742	266.834075	0.0	0.0
0.037295	0.000073399	266.809874	0.0	0.0
0.037580	0.000075093	266.785488	0.0	0.0
0.037867	0.000076827	266.760915	0.0	0.0
0.038156	0.000078601	266.736153	0.0	0.0
0.038447	0.000080416	266.711202	0.0	0.0
0.038741	0.000082272	266.686061	0.0	0.0
0.039037	0.000084172	266.660726	0.0	0.0
0.039335	0.000086115	266.635198	0.0	0.0
0.039636	0.000088103	266.609473	0.0	0.0
0.039938	0.000090137	266.583552	0.0	0.0
0.040243	0.000092219	266.557432	0.0	0.0
0.040551	0.000094348	266.531112	0.0	0.0
0.040860	0.000096526	266.504591	0.0	0.0
0.041172	0.000098755	266.477866	0.0	0.0
0.041487	0.000101035	266.450936	0.0	0.0
0.041804	0.000103367	266.423801	0.0	0.0
0.042123	0.000105754	266.396457	0.0	0.0
0.042445	0.000108195	266.368903	0.0	0.0
0.042769	0.000110693	266.341139	0.0	0.0
0.043096	0.000113249	266.313161	0.0	0.0
0.043425	0.000115864	266.284970	0.0	0.0
0.043756	0.000118539	266.256562	0.0	0.0
0.044091	0.000121276	266.227936	0.0	0.0
0.044427	0.000124076	266.199092	0.0	0.0
0.044767	0.000126940	266.170026	0.0	0.0
0.045108	0.000129871	266.140737	0.0	0.0
0.045453	0.000132870	266.111223	0.0	0.0
0.045800	0.000135937	266.081483	0.0	0.0
0.046150	0.000139076	266.051515	0.0	0.0
0.046502	0.000142287	266.021318	0.0	0.0
0.046858	0.000145572	265.990889	0.0	0.0
0.047215	0.000148933	265.960226	0.0	0.0
0.047576	0.000152371	265.929328	0.0	0.0
0.047939	0.000155889	265.898193	0.0	0.0
0.048306	0.000159489	265.866820	0.0	0.0
0.048675	0.000163171	265.835206	0.0	0.0
0.049046	0.000166938	265.803349	0.0	0.0
0.049421	0.000170792	265.771248	0.0	0.0
0.049798	0.000174735	265.738900	0.0	0.0
0.050179	0.000178770	265.706304	0.0	0.0
0.050562	0.000182897	265.673458	0.0	0.0
0.050948	0.000187120	265.640360	0.0	0.0
0.051337	0.000191440	265.607009	0.0	0.0
0.051729	0.000195860	265.573401	0.0	0.0
0.052124	0.000200382	265.539534	0.0	0.0
0.052522	0.000205009	265.505409	0.0	0.0
0.052924	0.000209742	265.471021	0.0	0.0
0.053328	0.000214584	265.436368	0.0	0.0
0.053735	0.000219539	265.401451	0.0	0.0
0.054145	0.000224607	265.366265	0.0	0.0
0.054559	0.000229793	265.330808	0.0	0.0
0.054976	0.000235098	265.295079	0.0	0.0
0.055396	0.000240526	265.259077	0.0	0.0
0.055819	0.000246080	265.222796	0.0	0.0
0.056245	0.000251761	265.186238	0.0	0.0
0.056675	0.000257574	265.149399	0.0	0.0
0.057107	0.000263520	265.112277	0.0	0.0
0.057544	0.000269605	265.074869	0.0	0.0
0.057983	0.000275829	265.037174	0.0	0.0
0.058426	0.000282197	264.999189	0.0	0.0
0.058872	0.000288713	264.960912	0.0	0.0
0.059322	0.000295379	264.922341	0.0	0.0
0.059775	0.000302198	264.883473	0.0	0.0
0.060231	0.000309175	264.844307	0.0	0.0
0.060691	0.000316314	264.804839	0.0	0.0
0.061155	0.000323616	264.765068	0.0	0.0
0.061622	0.000331088	264.724990	0.0	0.0
0.062093	0.000338732	264.684605	0.0	0.0
0.062567	0.000346553	264.643909	0.0	0.0
0.063045	0.000354554	264.602900	0.0	0.0
0.063526	0.000362740	264.561575	0.0	0.0
0.064011	0.000371115	264.519932	0.0	0.0
0.064500	0.000379683	264.477969	0.0	0.0
0.064993	0.000388449	264.435683	0.0	0.0
0.065489	0.000397417	264.393071	0.0	0.0
0.065990	0.000406593	264.350131	0.0	0.0
0.066494	0.000415980	264.306861	0.0	0.0
0.067001	0.000425584	264.263257	0.0	0.0
0.067513	0.000435410	264.219317	0.0	0.0
0.068029	0.000445462	264.175040	0.0	0.0
0.068548	0.000455747	264.130421	0.0	0.0
0.069072	0.000466269	264.085458	0.0	0.0
0.069599	0.000477034	264.040148	0.0	0.0
0.070131	0.000488048	263.994489	0.0	0.0
0.070667	0.000499316	263.948478	0.0	0.0
0.071206	0.000510844	263.902114	0.0	0.0
0.071750	0.000522638	263.855391	0.0	0.0
0.072298	0.000534705	263.808307	0.0	0.0
0.072850	0.000547050	263.760861	0.0	0.0
0.073407	0.000559680	263.713049	0.0	0.0
0.073967	0.000572601	263.664868	0.0	0.0
0.074532	0.000585821	263.616315	0.0	0.0
0.075102	0.000599346	263.567388	0.0	0.0
0.075675	0.000613184	263.518083	0.0	0.0
0.076253	0.000627341	263.468397	0.0	0.0
0.076835	0.000641824	263.418328	0.0	0.0
0.077422	0.000656643	263.367872	0.0	0.0
0.078014	0.000671803	263.317026	0.0	0.0
0.078609	0.000687313	263.265788	0.0	0.0
0.079210	0.000703181	263.214154	0.0	0.0
0.079815	0.000719416	263.162121	0.0	0.0
0.080424	0.000736025	263.109685	0.0	0.0
0.081039	0.000753018	263.056845	0.0	0.0
0.081658	0.000770403	263.003595	0.0	0.0
0.082281	0.000788190	262.949934	0.0	0.0
0.082910	0.000806387	262.895859	0.0	0.0
0.083543	0.000825004	262.841364	0.0	0.0
0.084181	0.000844051	262.786448	0.0	0.0
0.084824	0.000863538	262.731107	0.0	0.0
0.085472	0.000883475	262.675338	0.0	0.0
0.086124	0.000903872	262.619137	0.0	0.0
0.086782	0.000924740	262.562501	0.0	0.0
0.087445	0.000946089	262.505426	0.0	0.0
0.088113	0.000967932	262.447909	0.0	0.0
0.088786	0.000990279	262.389947	0.0	0.0
0.089464	0.001013140	262.331535	0.0	0.0
0.090147	0.001036530	262.272670	0.0	0.0
0.090836	0.001060460	262.213350	0.0	0.0
0.091530	0.001084940	262.153569	0.0	0.0
0.092229	0.001109990	262.093324	0.0	0.0
0.092933	0.001135620	262.032612	0.0	0.0
0.093643	0.001161840	261.971429	0.0	0.0
0.094358	0.001188660	261.909771	0.0	0.0
0.095079	0.001216100	261.847634	0.0	0.0
0.095805	0.001244180	261.785015	0.0	0.0
0.096537	0.001272900	261.721909	0.0	0.0
0.097274	0.001302290	261.658314	0.0	0.0
0.098017	0.001332350	261.594224	0.0	0.0
0.098765	0.001363110	261.529635	0.0	0.0
0.099520	0.001394580	261.464545	0.0	0.0
0.100280	0.001426780	261.398945	0.0	0.0
0.101046	0.001459720	261.332837	0.0	0.0
0.101817	0.001493420	261.266219	0.0	0.0
0.102595	0.001527900	261.199082	0.0	0.0
0.103379	0.001563170	261.131416	0.0	0.0
0.104168	0.001599260	261.063223	0.0	0.0
0.104964	0.001636180	260.994509	0.0	0.0
0.105765	0.001673950	260.925250	0.0	0.0
0.106573	0.001712600	260.855452	0.0	0.0
0.107387	0.001752130	260.785116	0.0	0.0
0.108207	0.001792580	260.714225	0.0	0.0
0.109034	0.001833970	260.642777	0.0	0.0
0.109867	0.001876300	260.570781	0.0	0.0
0.110706	0.001919620	260.498220	0.0	0.0
0.111551	0.001963940	260.425093	0.0	0.0
0.112403	0.002009270	260.351391	0.0	0.0
0.113262	0.002055660	260.277113	0.0	0.0
0.114127	0.002103120	260.202260	0.0	0.0
0.114998	0.002151670	260.126813	0.0	0.0
0.115877	0.002201340	260.050781	0.0	0.0
0.116762	0.002252160	259.974155	0.0	0.0
0.117653	0.002304150	259.896926	0.0	0.0
0.118552	0.002357340	259.819101	0.0	0.0
0.119457	0.002411760	259.740655	0.0	0.0
0.120370	0.002467430	259.661604	0.0	0.0
0.121289	0.002524390	259.581922	0.0	0.0
0.122215	0.002582670	259.501626	0.0	0.0
0.123149	0.002642290	259.420697	0.0	0.0
0.124089	0.002703280	259.339127	0.0	0.0
0.125037	0.002765690	259.256924	0.0	0.0
0.125992	0.002829530	259.174070	0.0	0.0
0.126954	0.002894850	259.090565	0.0	0.0
0.127924	0.002961670	259.006407	0.0	0.0
0.128901	0.003030040	258.921587	0.0	0.0
0.129886	0.003099980	258.836098	0.0	0.0
0.130878	0.003171540	258.749937	0.0	0.0
0.131877	0.003244750	258.663095	0.0	0.0
0.132884	0.003319650	258.575572	0.0	0.0
0.133899	0.003396280	258.487359	0.0	0.0
0.134922	0.003474670	258.398446	0.0	0.0
0.135952	0.003554880	258.308842	0.0	0.0
0.136991	0.003636930	258.218519	0.0	0.0
0.138037	0.003720880	258.127494	0.0	0.0
0.139091	0.003806770	258.035740	0.0	0.0
0.140154	0.003894640	257.943266	0.0	0.0
0.141224	0.003984530	257.850062	0.0	0.0
0.142303	0.004076500	257.756119	0.0	0.0
0.143389	0.004170600	257.661426	0.0	0.0
0.144485	0.004266860	257.565992	0.0	0.0
0.145588	0.004365340	257.469800	0.0	0.0
0.146700	0.004466100	257.372838	0.0	0.0
0.147820	0.004569180	257.275116	0.0	0.0
0.148949	0.004674640	257.176614	0.0	0.0
0.150087	0.004782530	257.077332	0.0	0.0
0.151233	0.004892910	256.977261	0.0	0.0
0.152388	0.005005840	256.876399	0.0	0.0
0.153552	0.005121370	256.774728	0.0	0.0
0.154725	0.005239570	256.672247	0.0	0.0
0.155907	0.005360490	256.568955	0.0	0.0
0.157097	0.005484200	256.464843	0.0	0.0
0.158297	0.005610770	256.359900	0.0	0.0
0.159506	0.005740260	256.254117	0.0	0.0
0.160725	0.005872730	256.147484	0.0	0.0
0.161952	0.006008260	256.040009	0.0	0.0
0.163189	0.006146910	255.931672	0.0	0.0
0.164435	0.006288760	255.822465	0.0	0.0
0.165691	0.006433880	255.712387	0.0	0.0
0.166957	0.006582350	255.601435	0.0	0.0
0.168232	0.006734250	255.489582	0.0	0.0
0.169517	0.006889640	255.376836	0.0	0.0
0.170811	0.007048620	255.263196	0.0	0.0
0.172116	0.007211260	255.148634	0.0	0.0
0.173431	0.007377650	255.033149	0.0	0.0
0.174755	0.007547890	254.916748	0.0	0.0
0.176090	0.007722040	254.799403	0.0	0.0
0.177435	0.007900210	254.681114	0.0	0.0
0.178790	0.008082480	254.561869	0.0	0.0
0.180155	0.008268960	254.441668	0.0	0.0
0.181531	0.008459740	254.320499	0.0	0.0
0.182918	0.008654910	254.198345	0.0	0.0
0.184315	0.008854580	254.075212	0.0	0.0
0.185722	0.009058860	253.951081	0.0	0.0
0.187141	0.009267840	253.825942	0.0	0.0
0.188570	0.009481630	253.699793	0.0	0.0
0.190010	0.009700360	253.572623	0.0	0.0
0.191462	0.009924120	253.444422	0.0	0.0
0.192924	0.010153000	253.315179	0.0	0.0
0.194397	0.010387200	253.184884	0.0	0.0
0.195882	0.010626800	253.053535	0.0	0.0
0.197378	0.010871900	252.921121	0.0	0.0
0.198886	0.011122700	252.787623	0.0	0.0
0.200405	0.011379200	252.653038	0.0	0.0
0.201935	0.011641600	252.517356	0.0	0.0
0.203478	0.011910100	252.380566	0.0	0.0
0.205032	0.012184800	252.242657	0.0	0.0
0.206598	0.012465700	252.103627	0.0	0.0
0.208175	0.012753200	251.963455	0.0	0.0
0.209765	0.013047300	251.822141	0.0	0.0
0.211367	0.013348100	251.679663	0.0	0.0
0.212982	0.013655900	251.536010	0.0	0.0
0.214608	0.013970700	251.391190	0.0	0.0
0.216248	0.014292800	251.245173	0.0	0.0
0.217899	0.014622300	251.097956	0.0	0.0
0.219563	0.014959400	250.949529	0.0	0.0
0.221240	0.015304200	250.799879	0.0	0.0
0.222930	0.015657000	250.648995	0.0	0.0
0.224633	0.016017800	250.496858	0.0	0.0
0.226348	0.016387000	250.343472	0.0	0.0
0.228077	0.016764700	250.188809	0.0	0.0
0.229819	0.017151000	250.032874	0.0	0.0
0.231574	0.017546300	249.875647	0.0	0.0
0.233343	0.017950600	249.717108	0.0	0.0
0.235125	0.018364200	249.557252	0.0	0.0
0.236921	0.018787300	249.396078	0.0	0.0
0.238730	0.019220100	249.233555	0.0	0.0
0.240554	0.019662900	249.069679	0.0	0.0
0.242391	0.020115800	248.904431	0.0	0.0
0.244242	0.020579100	248.737815	0.0	0.0
0.246107	0.021053100	248.569802	0.0	0.0
0.247987	0.021538000	248.400378	0.0	0.0
0.249881	0.022034000	248.229541	0.0	0.0
0.251790	0.022541300	248.057268	0.0	0.0
0.253713	0.023060300	247.883557	0.0	0.0
0.255650	0.023591200	247.708377	0.0	0.0
0.257603	0.024134300	247.531733	0.0	0.0
0.259570	0.024689900	247.353593	0.0	0.0
0.261553	0.025258100	247.173964	0.0	0.0
0.263550	0.025839400	246.992814	0.0	0.0
0.265563	0.026434100	246.810131	0.0	0.0
0.267592	0.027042300	246.625900	0.0	0.0
0.269635	0.027664500	246.440118	0.0	0.0
0.271695	0.028300900	246.252754	0.0	0.0
0.273770	0.028951900	246.063812	0.0	0.0
0.275861	0.029617700	245.873251	0.0	0.0
0.277968	0.030298800	245.681077	0.0	0.0
0.280091	0.030995500	245.487275	0.0	0.0
0.282230	0.031708200	245.291814	0.0	0.0
0.284385	0.032437100	245.094679	0.0	0.0
0.286557	0.033182700	244.895867	0.0	0.0
0.288746	0.033945300	244.695354	0.0	0.0
0.290951	0.034725300	244.493126	0.0	0.0
0.293173	0.035523100	244.289169	0.0	0.0
0.295412	0.036339100	244.083459	0.0	0.0
0.297669	0.037173800	243.875973	0.0	0.0
0.299942	0.038027500	243.666716	0.0	0.0
0.302233	0.038900600	243.455653	0.0	0.0
0.304541	0.039793600	243.242771	0.0	0.0
0.306867	0.040707000	243.028045	0.0	0.0
0.309211	0.041641200	242.811471	0.0	0.0
0.311573	0.042596600	242.593023	0.0	0.0
0.313952	0.043573800	242.372688	0.0	0.0
0.316350	0.044573200	242.150431	0.0	0.0
0.318766	0.045595300	241.926257	0.0	0.0
0.321201	0.046640600	241.700130	0.0	0.0
0.323654	0.047709700	241.472036	0.0	0.0
0.326126	0.048803000	241.241960	0.0	0.0
0.328617	0.049921200	241.009877	0.0	0.0
0.331126	0.051064600	240.775770	0.0	0.0
0.333655	0.052234000	240.539616	0.0	0.0
0.336204	0.053429900	240.301399	0.0	0.0
0.338771	0.054652800	240.061101	0.0	0.0
0.341359	0.055903300	239.818690	0.0	0.0
0.343966	0.057182200	239.574149	0.0	0.0
0.346593	0.058489900	239.327471	0.0	0.0
0.349240	0.059827100	239.078621	0.0	0.0
0.351908	0.061194600	238.827574	0.0	0.0
0.354595	0.062592800	238.574323	0.0	0.0
0.357303	0.064022500	238.318842	0.0	0.0
0.360032	0.065484400	238.061104	0.0	0.0
0.362782	0.066979200	237.801085	0.0	0.0
0.365553	0.068507500	237.538776	0.0	0.0
0.368345	0.070070200	237.274143	0.0	0.0
0.371158	0.071667900	237.007158	0.0	0.0
0.373993	0.073301500	236.737815	0.0	0.0
0.376849	0.074971600	236.466078	0.0	0.0
0.379727	0.076679100	236.191930	0.0	0.0
0.382628	0.078424700	235.915344	0.0	0.0
0.385550	0.080209300	235.636303	0.0	0.0
0.388494	0.082033700	235.354781	0.0	0.0
0.391462	0.083898800	235.070742	0.0	0.0
0.394451	0.085805400	234.784177	0.0	0.0
0.397464	0.087754400	234.495061	0.0	0.0
0.400500	0.089746600	234.203356	0.0	0.0
0.403559	0.091783100	233.909056	0.0	0.0
0.406641	0.093864600	233.612123	0.0	0.0
0.409746	0.095992200	233.312541	0.0	0.0
0.412876	0.098166800	233.010274	0.0	0.0
0.416029	0.100389000	232.705312	0.0	0.0
0.419207	0.102661000	232.397621	0.0	0.0
0.422408	0.104983000	232.087174	0.0	0.0
0.425635	0.107355000	231.773943	0.0	0.0
0.428885	0.109780000	231.457911	0.0	0.0
0.432161	0.112257000	231.139052	0.0	0.0
0.435462	0.114789000	230.817330	0.0	0.0
0.438787	0.117377000	230.492738	0.0	0.0
0.442139	0.120020000	230.165229	0.0	0.0
0.445516	0.122721000	229.834796	0.0	0.0
0.448918	0.125481000	229.501395	0.0	0.0
0.452347	0.128301000	229.165018	0.0	0.0
0.455802	0.131181000	228.825630	0.0	0.0
0.459283	0.134124000	228.483204	0.0	0.0
0.462791	0.137130000	228.137715	0.0	0.0
0.466325	0.140201000	227.789148	0.0	0.0
0.469887	0.143338000	227.437458	0.0	0.0
0.473476	0.146542000	227.082629	0.0	0.0
0.477092	0.149815000	226.724636	0.0	0.0
0.480736	0.153157000	226.363455	0.0	0.0
0.484407	0.156570000	225.999062	0.0	0.0
0.488107	0.160056000	225.631422	0.0	0.0
0.491835	0.163615000	225.260523	0.0	0.0
0.495591	0.167249000	224.886331	0.0	0.0
0.499376	0.170960000	224.508822	0.0	0.0
0.503190	0.174749000	224.127975	0.0	0.0
0.507033	0.178617000	223.743767	0.0	0.0
0.510906	0.182566000	223.356167	0.0	0.0
0.514808	0.186597000	222.965153	0.0	0.0
0.518740	0.190712000	222.570714	0.0	0.0
0.522702	0.194911000	222.172812	0.0	0.0
0.526694	0.199197000	221.771425	0.0	0.0
0.530716	0.203571000	221.366546	0.0	0.0
0.534770	0.208035000	220.958134	0.0	0.0
0.538854	0.212589000	220.546184	0.0	0.0
0.542970	0.217236000	220.130668	0.0	0.0
0.547117	0.221977000	219.711559	0.0	0.0
0.551295	0.226813000	219.288852	0.0	0.0
0.555506	0.231747000	218.862523	0.0	0.0
0.559748	0.236779000	218.432546	0.0	0.0
0.564024	0.241911000	217.998910	0.0	0.0
0.568331	0.247145000	217.561603	0.0	0.0
0.572672	0.252482000	217.120592	0.0	0.0
0.577046	0.257924000	216.675878	0.0	0.0
0.581453	0.263472000	216.227442	0.0	0.0
0.585894	0.269128000	215.775266	0.0	0.0
0.590369	0.274894000	215.319353	0.0	0.0
0.594878	0.280770000	214.859666	0.0	0.0
0.599421	0.286759000	214.396213	0.0	0.0
0.603999	0.292862000	213.928979	0.0	0.0
0.608612	0.299080000	213.457963	0.0	0.0
0.613260	0.305416000	212.983144	0.0	0.0
0.617944	0.311869000	212.504523	0.0	0.0
0.622664	0.318443000	212.022093	0.0	0.0
0.627419	0.325138000	211.535856	0.0	0.0
0.632211	0.331956000	211.045810	0.0	0.0
0.637040	0.338899000	210.551940	0.0	0.0
0.641905	0.345967000	210.054266	0.0	0.0
0.646808	0.353162000	209.552788	0.0	0.0
0.651748	0.360486000	209.047488	0.0	0.0
0.656726	0.367939000	208.538401	0.0	0.0
0.661741	0.375524000	208.025512	0.0	0.0
0.666795	0.383241000	207.508849	0.0	0.0
0.671888	0.391091000	206.988402	0.0	0.0
0.677020	0.399076000	206.464193	0.0	0.0
0.682190	0.407198000	205.936246	0.0	0.0
0.687401	0.415456000	205.404556	0.0	0.0
0.692651	0.423852000	204.869163	0.0	0.0
0.697941	0.432388000	204.330065	0.0	0.0
0.703271	0.441064000	203.787307	0.0	0.0
0.708643	0.449881000	203.240903	0.0	0.0
0.714055	0.458840000	202.690869	0.0	0.0
0.719508	0.467941000	202.137247	0.0	0.0
0.725004	0.477187000	201.580058	0.0	0.0
0.730541	0.486577000	201.019346	0.0	0.0
0.736121	0.496112000	200.455128	0.0	0.0
0.741743	0.505792000	199.887464	0.0	0.0
0.747408	0.515619000	199.316375	0.0	0.0
0.753116	0.525593000	198.741917	0.0	0.0
0.758868	0.535714000	198.164117	0.0	0.0
0.764664	0.545982000	197.583033	0.0	0.0
0.770504	0.556399000	196.998719	0.0	0.0
0.776389	0.566963000	196.411209	0.0	0.0
0.782318	0.577676000	195.820581	0.0	0.0
0.788293	0.588537000	195.226864	0.0	0.0
0.794314	0.599546000	194.630132	0.0	0.0
0.800381	0.610703000	194.030440	0.0	0.0
0.806494	0.622009000	193.427847	0.0	0.0
0.812653	0.633463000	192.822431	0.0	0.0
0.818860	0.645064000	192.214257	0.0	0.0
0.825114	0.656813000	191.603380	0.0	0.0
0.831416	0.668708000	190.989889	0.0	0.0
0.837766	0.680750000	190.373843	0.0	0.0
0.844164	0.692938000	189.755327	0.0	0.0
0.850612	0.705271000	189.134425	0.0	0.0
0.857108	0.717749000	188.511206	0.0	0.0
0.863654	0.730370000	187.885758	0.0	0.0
0.870250	0.743134000	187.258176	0.0	0.0
0.876897	0.756040000	186.628523	0.0	0.0
0.883594	0.769087000	185.996906	0.0	0.0
0.890343	0.782274000	185.363404	0.0	0.0
0.897143	0.795599000	184.728117	0.0	0.0
0.903995	0.809062000	184.091128	0.0	0.0
0.910899	0.822662000	183.452542	0.0	0.0
0.917856	0.836396000	182.812454	0.0	0.0
0.924866	0.850264000	182.170962	0.0	0.0
0.931930	0.864264000	181.528156	0.0	0.0
0.939048	0.878395000	180.884137	0.0	0.0
0.946220	0.892656000	180.239015	0.0	0.0
0.953446	0.907044000	179.592886	0.0	0.0
0.960728	0.921558000	178.945861	0.0	0.0
0.968066	0.936197000	178.298029	0.0	0.0
0.975460	0.950959000	177.649495	0.0	0.0
0.982910	0.965841000	177.000375	0.0	0.0
0.990417	0.980844000	176.350768	0.0	0.0
0.997981	0.995964000	175.700782	0.0	0.0
1.005603	1.011200000	175.050524	0.0	0.0
1.013283	1.026550000	174.400113	0.0	0.0
1.021022	1.042010000	173.749605	0.0	0.0
1.028820	1.057590000	173.099144	0.0	0.0
1.036678	1.073270000	172.448788	0.0	0.0
1.044596	1.089060000	171.798680	0.0	0.0
1.052574	1.104950000	171.148960	0.0	0.0
1.060613	1.120950000	170.499686	0.0	0.0
1.068713	1.137050000	169.850998	0.0	0.0
1.076876	1.153250000	169.202874	0.0	0.0
1.085100	1.169550000	168.555612	0.0	0.0
1.093388	1.185950000	167.909110	0.0	0.0
1.101739	1.202440000	167.263583	0.0	0.0
1.110153	1.219020000	166.619164	0.0	0.0
1.118632	1.235700000	165.975831	0.0	0.0
1.127176	1.252460000	165.333716	0.0	0.0
1.135785	1.269320000	164.692947	0.0	0.0
1.144459	1.286260000	164.053652	0.0	0.0
1.153200	1.303290000	163.415809	0.0	0.0
1.162008	1.320400000	162.779540	0.0	0.0
1.170882	1.337590000	162.145040	0.0	0.0
1.179825	1.354870000	161.512213	0.0	0.0
1.188836	1.372230000	160.881249	0.0	0.0
1.197916	1.389660000	160.252191	0.0	0.0
1.207065	1.407180000	159.625153	0.0	0.0
1.216284	1.424770000	159.000177	0.0	0.0
1.225573	1.442440000	158.377370	0.0	0.0
1.234934	1.460180000	157.756706	0.0	0.0
1.244366	1.478000000	157.138354	0.0	0.0
1.253869	1.495890000	156.522413	0.0	0.0
1.263446	1.513860000	155.908789	0.0	0.0
1.273095	1.531900000	155.297706	0.0	0.0
1.282819	1.550010000	154.689067	0.0	0.0
1.292616	1.568180000	154.083088	0.0	0.0
1.302489	1.586440000	153.479673	0.0	0.0
1.312437	1.604760000	152.878970	0.0	0.0
1.322460	1.623150000	152.281059	0.0	0.0
1.332561	1.641610000	151.685844	0.0	0.0
1.342738	1.660140000	151.093521	0.0	0.0
1.352993	1.678740000	150.504048	0.0	0.0
1.363327	1.697410000	149.917443	0.0	0.0
1.373739	1.716150000	149.333832	0.0	0.0
1.384231	1.734950000	148.753172	0.0	0.0
1.394803	1.753830000	148.175528	0.0	0.0
1.405456	1.772780000	147.600909	0.0	0.0
1.416190	1.791800000	147.029377	0.0	0.0
1.427007	1.810890000	146.460884	0.0	0.0
1.437905	1.830040000	145.895592	0.0	0.0
1.448887	1.849270000	145.333397	0.0	0.0
1.459953	1.868580000	144.774353	0.0	0.0
1.471104	1.887950000	144.218460	0.0	0.0
1.482339	1.907400000	143.665814	0.0	0.0
1.493661	1.926920000	143.116312	0.0	0.0
1.505069	1.946510000	142.570048	0.0	0.0
1.516564	1.966180000	142.027015	0.0	0.0
1.528147	1.985930000	141.487203	0.0	0.0
1.539818	2.005750000	140.950651	0.0	0.0
1.551578	2.025650000	140.417348	0.0	0.0
1.563428	2.045630000	139.887281	0.0	0.0
1.575369	2.065690000	139.360438	0.0	0.0
1.587401	2.085830000	138.836850	0.0	0.0
1.599525	2.106060000	138.316502	0.0	0.0
1.611741	2.126360000	137.799419	0.0	0.0
1.624051	2.146750000	137.285543	0.0	0.0
1.636455	2.167230000	136.774896	0.0	0.0
1.648953	2.187790000	136.267502	0.0	0.0
1.661547	2.208440000	135.763299	0.0	0.0
1.674237	2.229170000	135.262306	0.0	0.0
1.687024	2.250000000	134.764502	0.0	0.0
1.699909	2.270920000	134.269864	0.0	0.0
1.712892	2.291940000	133.778409	0.0	0.0
1.725974	2.313050000	133.290111	0.0	0.0
1.739157	2.334250000	132.804910	0.0	0.0
1.752439	2.355560000	132.322890	0.0	0.0
1.765824	2.376960000	131.843918	0.0	0.0
1.779310	2.398460000	131.368073	0.0	0.0
1.792900	2.420060000	130.895260	0.0	0.0
1.806593	2.441770000	130.425520	0.0	0.0
1.820391	2.463590000	129.958792	0.0	0.0
1.834294	2.485510000	129.495081	0.0	0.0
1.848304	2.507540000	129.034326	0.0	0.0
1.862420	2.529680000	128.576563	0.0	0.0
1.876645	2.551930000	128.121700	0.0	0.0
1.890977	2.574290000	127.669803	0.0	0.0
1.905420	2.596770000	127.220747	0.0	0.0
1.919973	2.619370000	126.774565	0.0	0.0
1.934636	2.642090000	126.331258	0.0	0.0
1.949412	2.664920000	125.890735	0.0	0.0
1.964301	2.687880000	125.452995	0.0	0.0
1.979303	2.710970000	125.018039	0.0	0.0
1.994420	2.734170000	124.585805	0.0	0.0
2.009653	2.757510000	124.156265	0.0	0.0
2.025002	2.780970000	123.729415	0.0	0.0
2.040468	2.804570000	123.305225	0.0	0.0
2.056052	2.828300000	122.883664	0.0	0.0
2.071755	2.852160000	122.464701	0.0	0.0
2.087578	2.876160000	122.048306	0.0	0.0
2.103522	2.900300000	121.634447	0.0	0.0
2.119588	2.924570000	121.223095	0.0	0.0
2.135776	2.948990000	120.814244	0.0	0.0
2.152088	2.973560000	120.407839	0.0	0.0
2.168525	2.998270000	120.003849	0.0	0.0
2.185087	3.023120000	119.602269	0.0	0.0
2.201776	3.048130000	119.203043	0.0	0.0
2.218592	3.073290000	118.806167	0.0	0.0
2.235536	3.098600000	118.411610	0.0	0.0
2.252610	3.124060000	118.019318	0.0	0.0
2.269815	3.149680000	117.629263	0.0	0.0
2.287150	3.175460000	117.241460	0.0	0.0
2.304619	3.201400000	116.855813	0.0	0.0
2.322220	3.227510000	116.472359	0.0	0.0
2.339956	3.253780000	116.091026	0.0	0.0
2.357828	3.280210000	115.711784	0.0	0.0
2.375836	3.306810000	115.334627	0.0	0.0
2.393981	3.333590000	114.959526	0.0	0.0
2.412265	3.360530000	114.586432	0.0	0.0
2.430689	3.387650000	114.215318	0.0	0.0
2.449253	3.414950000	113.846175	0.0	0.0
2.467960	3.442420000	113.478938	0.0	0.0
2.486809	3.470080000	113.113617	0.0	0.0
2.505802	3.497910000	112.750167	0.0	0.0
2.524940	3.525930000	112.388560	0.0	0.0
2.544224	3.554140000	112.028770	0.0	0.0
2.563656	3.582530000	111.670753	0.0	0.0
2.583236	3.611120000	111.314500	0.0	0.0
2.602965	3.639890000	110.959986	0.0	0.0
2.622846	3.668860000	110.607150	0.0	0.0
2.642878	3.698030000	110.256001	0.0	0.0
2.663063	3.727390000	109.906497	0.0	0.0
2.683402	3.756950000	109.558614	0.0	0.0
2.703897	3.786720000	109.212309	0.0	0.0
2.724548	3.816690000	108.867575	0.0	0.0
2.745356	3.846860000	108.524389	0.0	0.0
2.766324	3.877240000	108.182692	0.0	0.0
2.787452	3.907840000	107.842479	0.0	0.0
2.808741	3.938640000	107.503726	0.0	0.0
2.830193	3.969660000	107.166394	0.0	0.0
2.851809	4.000900000	106.830460	0.0	0.0
2.873590	4.032350000	106.495901	0.0	0.0
2.895537	4.064030000	106.162696	0.0	0.0
2.917651	4.095920000	105.830822	0.0	0.0
2.939935	4.128040000	105.500228	0.0	0.0
2.962389	4.160390000	105.170906	0.0	0.0
2.985014	4.192970000	104.842836	0.0	0.0
3.007812	4.225770000	104.515981	0.0	0.0
3.030785	4.258810000	104.190307	0.0	0.0
3.053932	4.292090000	103.865822	0.0	0.0
3.077257	4.325600000	103.542463	0.0	0.0
3.100760	4.359350000	103.220223	0.0	0.0
3.124442	4.393340000	102.899084	0.0	0.0
3.148305	4.427580000	102.579011	0.0	0.0
3.172350	4.462060000	102.259985	0.0	0.0
3.196579	4.496790000	101.941973	0.0	0.0
3.220993	4.531770000	101.624958	0.0	0.0
3.245593	4.567000000	101.308919	0.0	0.0
3.270382	4.602490000	100.993813	0.0	0.0
3.295359	4.638230000	100.679647	0.0	0.0
3.320528	4.674230000	100.366364	0.0	0.0
3.345888	4.710500000	100.053972	0.0	0.0
3.371443	4.747020000	99.742417	0.0	0.0
3.397192	4.783810000	99.431704	0.0	0.0
3.423138	4.820870000	99.121793	0.0	0.0
3.449283	4.858200000	98.812655	0.0	0.0
3.475626	4.895800000	98.504295	0.0	0.0
3.502172	4.933670000	98.196652	0.0	0.0
3.528920	4.971820000	97.889731	0.0	0.0
3.555872	5.010250000	97.583504	0.0	0.0
3.583030	5.048960000	97.277945	0.0	0.0
3.610395	5.087950000	96.973036	0.0	0.0
3.637970	5.127230000	96.668741	0.0	0.0
3.665755	5.166800000	96.365055	0.0	0.0
3.693752	5.206650000	96.061950	0.0	0.0
3.721963	5.246800000	95.759402	0.0	0.0
3.750390	5.287230000	95.457383	0.0	0.0
3.779034	5.327970000	95.155881	0.0	0.0
3.807896	5.369000000	94.854879	0.0	0.0
3.836979	5.410340000	94.554343	0.0	0.0
3.866284	5.451970000	94.254257	0.0	0.0
3.895813	5.493910000	93.954598	0.0	0.0
3.925567	5.536160000	93.655351	0.0	0.0
3.955549	5.578710000	93.356482	0.0	0.0
3.985760	5.621580000	93.057979	0.0	0.0
4.016201	5.664760000	92.759826	0.0	0.0
4.046875	5.708250000	92.461991	0.0	0.0
4.077783	5.752060000	92.164460	0.0	0.0
4.108927	5.796190000	91.867211	0.0	0.0
4.140309	5.840640000	91.570222	0.0	0.0
4.171931	5.885410000	91.273469	0.0	0.0
4.203794	5.930510000	90.976940	0.0	0.0
4.235901	5.975930000	90.680604	0.0	0.0
4.268253	6.021680000	90.384449	0.0	0.0
4.300852	6.067750000	90.088452	0.0	0.0
4.333700	6.114160000	89.792593	0.0	0.0
4.366798	6.160900000	89.496859	0.0	0.0
4.400150	6.207980000	89.201212	0.0	0.0
4.433756	6.255390000	88.905649	0.0	0.0
4.467619	6.303130000	88.610139	0.0	0.0
4.501741	6.351210000	88.314664	0.0	0.0
4.536123	6.399640000	88.019210	0.0	0.0
4.570768	6.448400000	87.723751	0.0	0.0
4.605677	6.497500000	87.428274	0.0	0.0
4.640853	6.546940000	87.132752	0.0	0.0
4.676298	6.596720000	86.837164	0.0	0.0
4.712013	6.646850000	86.541500	0.0	0.0
4.748001	6.697310000	86.245733	0.0	0.0
4.784264	6.748120000	85.949843	0.0	0.0
4.820804	6.799270000	85.653812	0.0	0.0
4.857623	6.850760000	85.357621	0.0	0.0
4.894723	6.902600000	85.061251	0.0	0.0
4.932107	6.954770000	84.764677	0.0	0.0
4.969776	7.007280000	84.467887	0.0	0.0
5.007733	7.060130000	84.170856	0.0	0.0
5.045980	7.113310000	83.873567	0.0	0.0
5.084518	7.166830000	83.576008	0.0	0.0
5.123351	7.220680000	83.278146	0.0	0.0
5.162481	7.274860000	82.979965	0.0	0.0
5.201910	7.329370000	82.681447	0.0	0.0
5.241640	7.384200000	82.382575	0.0	0.0
5.281673	7.439350000	82.083331	0.0	0.0
5.322012	7.494810000	81.783691	0.0	0.0
5.362659	7.550580000	81.483638	0.0	0.0
5.403616	7.606660000	81.183155	0.0	0.0
5.444886	7.663040000	80.882218	0.0	0.0
5.486472	7.719710000	80.580804	0.0	0.0
5.528375	7.776670000	80.278903	0.0	0.0
5.570598	7.833900000	79.976492	0.0	0.0
5.613144	7.891410000	79.673547	0.0	0.0
5.656014	7.949170000	79.370060	0.0	0.0
5.699212	8.007190000	79.065999	0.0	0.0
5.742740	8.065450000	78.761350	0.0	0.0
5.786600	8.123930000	78.456096	0.0	0.0
5.830796	8.182640000	78.150208	0.0	0.0
5.875329	8.241550000	77.843677	0.0	0.0
5.920202	8.300650000	77.536481	0.0	0.0
5.965417	8.359920000	77.228604	0.0	0.0
6.010978	8.419350000	76.920017	0.0	0.0
6.056887	8.478920000	76.610705	0.0	0.0
6.103147	8.538620000	76.300646	0.0	0.0
6.149760	8.598410000	75.989825	0.0	0.0
6.196729	8.658290000	75.678221	0.0	0.0
6.244057	8.718220000	75.365811	0.0	0.0
6.291746	8.778190000	75.052581	0.0	0.0
6.339799	8.838160000	74.738510	0.0	0.0
6.388220	8.898120000	74.423569	0.0	0.0
6.437010	8.958020000	74.107751	0.0	0.0
6.486173	9.017850000	73.791028	0.0	0.0
6.535711	9.077550000	73.473385	0.0	0.0
6.585628	9.137120000	73.154796	0.0	0.0
6.635926	9.196490000	72.835246	0.0	0.0
6.686608	9.255650000	72.514714	0.0	0.0
6.737677	9.314530000	72.193180	0.0	0.0
6.789136	9.373110000	71.870623	0.0	0.0
6.840988	9.431330000	71.547023	0.0	0.0
6.893237	9.489160000	71.222353	0.0	0.0
6.945884	9.546520000	70.896605	0.0	0.0
6.998933	9.603390000	70.569754	0.0	0.0
7.052388	9.659680000	70.241773	0.0	0.0
7.106251	9.715360000	69.912647	0.0	0.0
7.160525	9.770350000	69.582358	0.0	0.0
7.215214	9.824600000	69.250879	0.0	0.0
7.270320	9.878030000	68.918196	0.0	0.0
7.325847	9.930570000	68.584283	0.0	0.0
7.381799	9.982150000	68.249116	0.0	0.0
7.438177	10.032700000	67.912686	0.0	0.0
7.494987	10.082100000	67.574956	0.0	0.0
7.552230	10.130400000	67.235918	0.0	0.0
7.609910	10.177300000	66.895547	0.0	0.0
7.668031	10.222800000	66.553818	0.0	0.0
7.726596	10.266900000	66.210711	0.0	0.0
7.785608	10.309500000	65.866207	0.0	0.0
7.845071	10.350300000	65.520281	0.0	0.0
7.904988	10.389400000	65.172914	0.0	0.0
7.965362	10.426600000	64.824087	0.0	0.0
8.026198	10.461800000	64.473769	0.0	0.0
8.087498	10.494900000	64.121946	0.0	0.0
8.149267	10.525700000	63.768589	0.0	0.0
8.211507	10.554200000	63.413684	0.0	0.0
8.274223	10.580300000	63.057201	0.0	0.0
8.337417	10.603800000	62.699126	0.0	0.0
8.401095	10.624500000	62.339424	0.0	0.0
8.465258	10.642400000	61.978087	0.0	0.0
8.529912	10.657300000	61.615080	0.0	0.0
8.595059	10.669100000	61.250388	0.0	0.0
8.660704	10.677600000	60.883983	0.0	0.0
8.726851	10.682700000	60.515840	0.0	0.0
8.793502	10.684200000	60.145946	0.0	0.0
8.860663	10.682100000	59.774265	0.0	0.0
8.928337	10.676200000	59.400779	0.0	0.0
8.996527	10.666200000	59.025469	0.0	0.0
9.065238	10.652200000	58.648305	0.0	0.0
9.134474	10.633900000	58.269264	0.0	0.0
9.204239	10.611200000	57.888320	0.0	0.0
9.274537	10.584000000	57.505451	0.0	0.0
9.345371	10.552200000	57.120637	0.0	0.0
9.416747	10.515500000	56.733844	0.0	0.0
9.488668	10.473900000	56.345052	0.0	0.0
9.561138	10.427200000	55.954238	0.0	0.0
9.634161	10.375400000	55.561379	0.0	0.0
9.707742	10.318300000	55.166443	0.0	0.0
9.781885	10.255800000	54.769408	0.0	0.0
9.856595	10.187800000	54.370243	0.0	0.0
9.931875	10.114300000	53.968931	0.0	0.0
10.007730	10.035000000	53.565442	0.0	0.0
10.084160	9.950060000	53.159773	0.0	0.0
10.161180	9.859300000	52.751841	0.0	0.0
10.238790	9.762700000	52.341645	0.0	0.0
10.316990	9.660220000	51.929180	0.0	0.0
10.395780	9.551830000	51.514444	0.0	0.0
10.475180	9.437530000	51.097329	0.0	0.0
10.555190	9.317330000	50.677831	0.0	0.0
10.635800	9.191240000	50.256000	0.0	0.0
10.717030	9.059310000	49.831728	0.0	0.0
10.798880	8.921580000	49.405011	0.0	0.0
10.881360	8.778150000	48.975795	0.0	0.0
10.964470	8.629090000	48.544075	0.0	0.0
11.048210	8.474530000	48.109847	0.0	0.0
11.132590	8.314600000	47.673058	0.0	0.0
11.217620	8.149440000	47.233650	0.0	0.0
11.303290	7.979240000	46.791672	0.0	0.0
11.389620	7.804180000	46.347017	0.0	0.0
11.476610	7.624490000	45.899681	0.0	0.0
11.564260	7.440390000	45.449660	0.0	0.0
11.652580	7.252150000	44.996899	0.0	0.0
11.741580	7.060050000	44.541341	0.0	0.0
11.831260	6.864380000	44.082983	0.0	0.0
11.921620	6.665460000	43.621820	0.0	0.0
12.012670	6.463620000	43.157796	0.0	0.0
12.104420	6.259220000	42.690857	0.0	0.0
12.196870	6.052630000	42.220997	0.0	0.0
12.290020	5.844240000	41.748211	0.0	0.0
12.383890	5.634440000	41.272393	0.0	0.0
12.478470	5.423650000	40.793589	0.0	0.0
12.573770	5.212290000	40.311742	0.0	0.0
12.669810	5.000800000	39.826746	0.0	0.0
12.766570	4.789610000	39.338697	0.0	0.0
12.864080	4.579170000	38.847438	0.0	0.0
12.962330	4.369920000	38.353013	0.0	0.0
13.061330	4.162320000	37.855366	0.0	0.0
13.161080	3.956800000	37.354492	0.0	0.0
13.261600	3.753810000	36.850282	0.0	0.0
13.362890	3.553780000	36.342732	0.0	0.0
13.464950	3.357120000	35.831835	0.0	0.0
13.567780	3.164260000	35.317584	0.0	0.0
13.671410	2.975580000	34.799822	0.0	0.0
13.775820	2.791460000	34.278642	0.0	0.0
13.881040	2.612260000	33.753887	0.0	0.0
13.987050	2.438300000	33.225649	0.0	0.0
14.093880	2.269890000	32.693772	0.0	0.0
14.201520	2.107310000	32.158298	0.0	0.0
14.309990	1.950810000	31.619119	0.0	0.0
14.419280	1.800610000	31.076276	0.0	0.0
14.529410	1.656890000	30.529663	0.0	0.0
14.640380	1.519800000	29.979269	0.0	0.0
14.752190	1.389470000	29.425088	0.0	0.0
14.864860	1.265960000	28.867010	0.0	0.0
14.978400	1.149340000	28.304976	0.0	0.0
15.092790	1.039590000	27.739077	0.0	0.0
15.208060	0.936706000	27.169153	0.0	0.0
15.324220	0.840618000	26.595147	0.0	0.0
15.441260	0.751232000	26.017096	0.0	0.0
15.559190	0.668421000	25.434940	0.0	0.0
15.678020	0.592029000	24.848620	0.0	0.0
15.797760	0.521869000	24.258075	0.0	0.0
15.918420	0.457730000	23.663245	0.0	0.0
16.040000	0.399376000	23.064116	0.0	0.0
16.162500	0.346551000	22.460679	0.0	0.0
16.285950	0.298980000	21.852772	0.0	0.0
16.410330	0.256377000	21.240480	0.0	0.0
16.535660	0.218439000	20.623694	0.0	0.0
16.661960	0.184860000	20.002300	0.0	0.0
16.789210	0.155327000	19.376383	0.0	0.0
16.917440	0.129525000	18.745782	0.0	0.0
17.046650	0.107142000	18.110482	0.0	0.0
17.176840	0.087868600	17.470467	0.0	0.0
17.308030	0.071403800	16.825625	0.0	0.0
17.440220	0.057456500	16.175939	0.0	0.0
17.573420	0.045747300	15.521344	0.0	0.0
17.707640	0.036011300	14.861774	0.0	0.0
17.842880	0.027999100	14.197212	0.0	0.0
17.979160	0.021478500	13.527542	0.0	0.0
18.116470	0.016235700	12.852794	0.0	0.0
18.254840	0.012075200	12.172803	0.0	0.0
18.394260	0.008820740	11.487597	0.0	0.0
18.534750	0.006315170	10.797060	0.0	0.0
18.676310	0.004419840	10.101171	0.0	0.0
18.818950	0.003014180	9.399859	0.0	0.0
18.962680	0.001994730	8.693053	0.0	0.0
19.107510	0.001274090	7.980682	0.0	0.0
19.253440	0.000779626	7.262724	0.0	0.0
19.400490	0.000452111	6.539055	0.0	0.0
19.548660	0.000244233	5.809652	0.0	0.0
19.697960	0.000119102	5.074439	0.0	0.0
19.848410	0.000048742	4.333294	0.0	0.0
20.000000	0.000012637	3.586237	0.0	0.0

