# UNCLASSIFIED
#
# Response info for ZALV short_period sites.
#
# Effective: 10 Oct 2005
# Creation date: 19 Jan 2007
# File name: ZALV_sp_rsp.txt
#
# Source: James Neely (TTD), TSgt Walkup
# System equipment: Geotech_GS-21 seismometer and Nanometrics Europa-T digitizer.
#
# The response file was derived from equations of state.
# Displacement response normalized to 1.0 at 5.0 Hz.
#
# The calib values for this configuration are as follows:
#
# ZAA0   SHZ is 0.001592 nm/count at 5.0 Hz.
# ZAA1   SHZ is 0.001592 nm/count at 5.0 Hz.
# ZAA2   SHZ is 0.001592 nm/count at 5.0 Hz.
# ZAA3   SHZ is 0.001592 nm/count at 5.0 Hz.
# ZAB1   SHZ is 0.001592 nm/count at 5.0 Hz.
# ZAB2   SHZ is 0.001592 nm/count at 5.0 Hz.
# ZAB3   SHZ is 0.001592 nm/count at 5.0 Hz.
# ZAB4   SHZ is 0.001592 nm/count at 5.0 Hz.
# ZAB5   SHZ is 0.001592 nm/count at 5.0 Hz.
#
# Freq(Hz)     Amp(counts/nm)    Phase(deg)   Error(amp) Error(phase)
#
 theoretical  0       system    fap   J.Neely
1000
0.010000	0.000000199	269.189412	0.0	0.0
0.010076	0.000000204	269.183220	0.0	0.0
0.010153	0.000000208	269.176982	0.0	0.0
0.010231	0.000000213	269.170696	0.0	0.0
0.010309	0.000000218	269.164361	0.0	0.0
0.010388	0.000000223	269.157979	0.0	0.0
0.010467	0.000000228	269.151547	0.0	0.0
0.010547	0.000000234	269.145067	0.0	0.0
0.010628	0.000000239	269.138536	0.0	0.0
0.010709	0.000000245	269.131956	0.0	0.0
0.010791	0.000000250	269.125327	0.0	0.0
0.010873	0.000000256	269.118645	0.0	0.0
0.010956	0.000000262	269.111914	0.0	0.0
0.011040	0.000000268	269.105130	0.0	0.0
0.011124	0.000000274	269.098295	0.0	0.0
0.011209	0.000000281	269.091408	0.0	0.0
0.011295	0.000000287	269.084468	0.0	0.0
0.011381	0.000000294	269.077475	0.0	0.0
0.011468	0.000000301	269.070429	0.0	0.0
0.011555	0.000000308	269.063328	0.0	0.0
0.011644	0.000000315	269.056174	0.0	0.0
0.011733	0.000000322	269.048965	0.0	0.0
0.011822	0.000000330	269.041700	0.0	0.0
0.011912	0.000000337	269.034381	0.0	0.0
0.012003	0.000000345	269.027005	0.0	0.0
0.012095	0.000000353	269.019573	0.0	0.0
0.012187	0.000000361	269.012084	0.0	0.0
0.012281	0.000000369	269.004538	0.0	0.0
0.012374	0.000000378	268.996934	0.0	0.0
0.012469	0.000000387	268.989273	0.0	0.0
0.012564	0.000000396	268.981552	0.0	0.0
0.012660	0.000000405	268.973773	0.0	0.0
0.012757	0.000000414	268.965934	0.0	0.0
0.012854	0.000000424	268.958036	0.0	0.0
0.012952	0.000000434	268.950077	0.0	0.0
0.013051	0.000000444	268.942057	0.0	0.0
0.013151	0.000000454	268.933976	0.0	0.0
0.013251	0.000000464	268.925833	0.0	0.0
0.013353	0.000000475	268.917628	0.0	0.0
0.013455	0.000000486	268.909361	0.0	0.0
0.013557	0.000000497	268.901030	0.0	0.0
0.013661	0.000000509	268.892636	0.0	0.0
0.013765	0.000000521	268.884177	0.0	0.0
0.013870	0.000000533	268.875654	0.0	0.0
0.013976	0.000000545	268.867066	0.0	0.0
0.014083	0.000000558	268.858411	0.0	0.0
0.014191	0.000000571	268.849692	0.0	0.0
0.014299	0.000000584	268.840904	0.0	0.0
0.014408	0.000000597	268.832051	0.0	0.0
0.014518	0.000000611	268.823129	0.0	0.0
0.014629	0.000000625	268.814140	0.0	0.0
0.014741	0.000000640	268.805081	0.0	0.0
0.014853	0.000000654	268.795954	0.0	0.0
0.014967	0.000000670	268.786756	0.0	0.0
0.015081	0.000000685	268.777489	0.0	0.0
0.015196	0.000000701	268.768150	0.0	0.0
0.015312	0.000000717	268.758741	0.0	0.0
0.015429	0.000000734	268.749259	0.0	0.0
0.015547	0.000000751	268.739705	0.0	0.0
0.015666	0.000000768	268.730078	0.0	0.0
0.015786	0.000000786	268.720377	0.0	0.0
0.015906	0.000000804	268.710602	0.0	0.0
0.016028	0.000000822	268.700753	0.0	0.0
0.016150	0.000000841	268.690828	0.0	0.0
0.016273	0.000000861	268.680827	0.0	0.0
0.016398	0.000000881	268.670751	0.0	0.0
0.016523	0.000000901	268.660597	0.0	0.0
0.016649	0.000000922	268.650365	0.0	0.0
0.016776	0.000000943	268.640056	0.0	0.0
0.016904	0.000000965	268.629667	0.0	0.0
0.017033	0.000000987	268.619199	0.0	0.0
0.017164	0.000001010	268.608651	0.0	0.0
0.017295	0.000001034	268.598022	0.0	0.0
0.017427	0.000001057	268.587312	0.0	0.0
0.017560	0.000001082	268.576520	0.0	0.0
0.017694	0.000001107	268.565647	0.0	0.0
0.017829	0.000001133	268.554689	0.0	0.0
0.017965	0.000001159	268.543648	0.0	0.0
0.018102	0.000001185	268.532523	0.0	0.0
0.018241	0.000001213	268.521312	0.0	0.0
0.018380	0.000001241	268.510017	0.0	0.0
0.018520	0.000001270	268.498634	0.0	0.0
0.018662	0.000001299	268.487165	0.0	0.0
0.018804	0.000001329	268.475608	0.0	0.0
0.018948	0.000001360	268.463962	0.0	0.0
0.019093	0.000001391	268.452228	0.0	0.0
0.019239	0.000001423	268.440404	0.0	0.0
0.019386	0.000001456	268.428490	0.0	0.0
0.019534	0.000001490	268.416484	0.0	0.0
0.019683	0.000001524	268.404387	0.0	0.0
0.019833	0.000001559	268.392197	0.0	0.0
0.019985	0.000001595	268.379914	0.0	0.0
0.020137	0.000001632	268.367538	0.0	0.0
0.020291	0.000001670	268.355066	0.0	0.0
0.020446	0.000001709	268.342499	0.0	0.0
0.020602	0.000001748	268.329837	0.0	0.0
0.020759	0.000001788	268.317077	0.0	0.0
0.020918	0.000001830	268.304220	0.0	0.0
0.021078	0.000001872	268.291264	0.0	0.0
0.021239	0.000001915	268.278210	0.0	0.0
0.021401	0.000001960	268.265056	0.0	0.0
0.021564	0.000002005	268.251801	0.0	0.0
0.021729	0.000002051	268.238445	0.0	0.0
0.021895	0.000002099	268.224987	0.0	0.0
0.022062	0.000002147	268.211426	0.0	0.0
0.022231	0.000002197	268.197761	0.0	0.0
0.022401	0.000002247	268.183991	0.0	0.0
0.022572	0.000002299	268.170117	0.0	0.0
0.022744	0.000002352	268.156136	0.0	0.0
0.022918	0.000002407	268.142049	0.0	0.0
0.023093	0.000002462	268.127854	0.0	0.0
0.023269	0.000002519	268.113550	0.0	0.0
0.023447	0.000002578	268.099137	0.0	0.0
0.023626	0.000002637	268.084614	0.0	0.0
0.023806	0.000002698	268.069980	0.0	0.0
0.023988	0.000002760	268.055234	0.0	0.0
0.024171	0.000002824	268.040375	0.0	0.0
0.024356	0.000002889	268.025402	0.0	0.0
0.024542	0.000002956	268.010315	0.0	0.0
0.024730	0.000003024	267.995112	0.0	0.0
0.024918	0.000003094	267.979793	0.0	0.0
0.025109	0.000003166	267.964358	0.0	0.0
0.025300	0.000003239	267.948804	0.0	0.0
0.025494	0.000003314	267.933131	0.0	0.0
0.025688	0.000003390	267.917339	0.0	0.0
0.025885	0.000003468	267.901425	0.0	0.0
0.026082	0.000003549	267.885390	0.0	0.0
0.026282	0.000003631	267.869232	0.0	0.0
0.026482	0.000003714	267.852951	0.0	0.0
0.026685	0.000003800	267.836545	0.0	0.0
0.026888	0.000003888	267.820013	0.0	0.0
0.027094	0.000003978	267.803355	0.0	0.0
0.027301	0.000004070	267.786570	0.0	0.0
0.027509	0.000004164	267.769656	0.0	0.0
0.027719	0.000004260	267.752613	0.0	0.0
0.027931	0.000004358	267.735440	0.0	0.0
0.028144	0.000004459	267.718135	0.0	0.0
0.028359	0.000004562	267.700698	0.0	0.0
0.028576	0.000004667	267.683128	0.0	0.0
0.028794	0.000004775	267.665423	0.0	0.0
0.029014	0.000004885	267.647582	0.0	0.0
0.029236	0.000004998	267.629606	0.0	0.0
0.029459	0.000005114	267.611491	0.0	0.0
0.029684	0.000005232	267.593239	0.0	0.0
0.029911	0.000005353	267.574846	0.0	0.0
0.030139	0.000005476	267.556313	0.0	0.0
0.030369	0.000005603	267.537638	0.0	0.0
0.030601	0.000005732	267.518819	0.0	0.0
0.030835	0.000005865	267.499858	0.0	0.0
0.031070	0.000006000	267.480750	0.0	0.0
0.031308	0.000006139	267.461497	0.0	0.0
0.031547	0.000006280	267.442096	0.0	0.0
0.031788	0.000006425	267.422547	0.0	0.0
0.032030	0.000006574	267.402848	0.0	0.0
0.032275	0.000006726	267.382999	0.0	0.0
0.032522	0.000006881	267.362998	0.0	0.0
0.032770	0.000007040	267.342843	0.0	0.0
0.033020	0.000007202	267.322534	0.0	0.0
0.033272	0.000007369	267.302070	0.0	0.0
0.033527	0.000007539	267.281449	0.0	0.0
0.033783	0.000007713	267.260670	0.0	0.0
0.034041	0.000007891	267.239732	0.0	0.0
0.034301	0.000008073	267.218634	0.0	0.0
0.034563	0.000008260	267.197374	0.0	0.0
0.034827	0.000008451	267.175952	0.0	0.0
0.035093	0.000008646	267.154366	0.0	0.0
0.035361	0.000008846	267.132614	0.0	0.0
0.035631	0.000009050	267.110696	0.0	0.0
0.035903	0.000009259	267.088610	0.0	0.0
0.036177	0.000009473	267.066355	0.0	0.0
0.036453	0.000009691	267.043929	0.0	0.0
0.036732	0.000009915	267.021332	0.0	0.0
0.037012	0.000010144	266.998562	0.0	0.0
0.037295	0.000010378	266.975618	0.0	0.0
0.037580	0.000010618	266.952497	0.0	0.0
0.037867	0.000010863	266.929200	0.0	0.0
0.038156	0.000011114	266.905723	0.0	0.0
0.038447	0.000011371	266.882067	0.0	0.0
0.038741	0.000011633	266.858231	0.0	0.0
0.039037	0.000011902	266.834211	0.0	0.0
0.039335	0.000012177	266.810008	0.0	0.0
0.039636	0.000012458	266.785618	0.0	0.0
0.039938	0.000012746	266.761043	0.0	0.0
0.040243	0.000013040	266.736279	0.0	0.0
0.040551	0.000013341	266.711325	0.0	0.0
0.040860	0.000013649	266.686179	0.0	0.0
0.041172	0.000013965	266.660842	0.0	0.0
0.041487	0.000014287	266.635309	0.0	0.0
0.041804	0.000014617	266.609582	0.0	0.0
0.042123	0.000014955	266.583657	0.0	0.0
0.042445	0.000015300	266.557533	0.0	0.0
0.042769	0.000015653	266.531210	0.0	0.0
0.043096	0.000016015	266.504684	0.0	0.0
0.043425	0.000016385	266.477955	0.0	0.0
0.043756	0.000016763	266.451021	0.0	0.0
0.044091	0.000017150	266.423881	0.0	0.0
0.044427	0.000017546	266.396533	0.0	0.0
0.044767	0.000017951	266.368975	0.0	0.0
0.045108	0.000018366	266.341205	0.0	0.0
0.045453	0.000018790	266.313223	0.0	0.0
0.045800	0.000019224	266.285026	0.0	0.0
0.046150	0.000019668	266.256613	0.0	0.0
0.046502	0.000020122	266.227982	0.0	0.0
0.046858	0.000020586	266.199131	0.0	0.0
0.047215	0.000021062	266.170059	0.0	0.0
0.047576	0.000021548	266.140764	0.0	0.0
0.047939	0.000022046	266.111244	0.0	0.0
0.048306	0.000022555	266.081498	0.0	0.0
0.048675	0.000023075	266.051523	0.0	0.0
0.049046	0.000023608	266.021318	0.0	0.0
0.049421	0.000024153	265.990882	0.0	0.0
0.049798	0.000024711	265.960212	0.0	0.0
0.050179	0.000025282	265.929307	0.0	0.0
0.050562	0.000025866	265.898164	0.0	0.0
0.050948	0.000026463	265.866782	0.0	0.0
0.051337	0.000027074	265.835160	0.0	0.0
0.051729	0.000027699	265.803295	0.0	0.0
0.052124	0.000028339	265.771184	0.0	0.0
0.052522	0.000028993	265.738828	0.0	0.0
0.052924	0.000029662	265.706223	0.0	0.0
0.053328	0.000030347	265.673367	0.0	0.0
0.053735	0.000031048	265.640259	0.0	0.0
0.054145	0.000031765	265.606897	0.0	0.0
0.054559	0.000032499	265.573279	0.0	0.0
0.054976	0.000033249	265.539402	0.0	0.0
0.055396	0.000034017	265.505265	0.0	0.0
0.055819	0.000034802	265.470866	0.0	0.0
0.056245	0.000035606	265.436202	0.0	0.0
0.056675	0.000036428	265.401272	0.0	0.0
0.057107	0.000037269	265.366073	0.0	0.0
0.057544	0.000038129	265.330604	0.0	0.0
0.057983	0.000039010	265.294863	0.0	0.0
0.058426	0.000039911	265.258846	0.0	0.0
0.058872	0.000040832	265.222552	0.0	0.0
0.059322	0.000041775	265.185979	0.0	0.0
0.059775	0.000042740	265.149125	0.0	0.0
0.060231	0.000043726	265.111988	0.0	0.0
0.060691	0.000044736	265.074565	0.0	0.0
0.061155	0.000045769	265.036854	0.0	0.0
0.061622	0.000046826	264.998852	0.0	0.0
0.062093	0.000047907	264.960559	0.0	0.0
0.062567	0.000049013	264.921971	0.0	0.0
0.063045	0.000050145	264.883085	0.0	0.0
0.063526	0.000051303	264.843901	0.0	0.0
0.064011	0.000052487	264.804414	0.0	0.0
0.064500	0.000053699	264.764624	0.0	0.0
0.064993	0.000054939	264.724527	0.0	0.0
0.065489	0.000056208	264.684122	0.0	0.0
0.065990	0.000057506	264.643405	0.0	0.0
0.066494	0.000058833	264.602374	0.0	0.0
0.067001	0.000060192	264.561028	0.0	0.0
0.067513	0.000061582	264.519363	0.0	0.0
0.068029	0.000063003	264.477377	0.0	0.0
0.068548	0.000064458	264.435067	0.0	0.0
0.069072	0.000065946	264.392431	0.0	0.0
0.069599	0.000067469	264.349466	0.0	0.0
0.070131	0.000069027	264.306170	0.0	0.0
0.070667	0.000070621	264.262540	0.0	0.0
0.071206	0.000072251	264.218574	0.0	0.0
0.071750	0.000073919	264.174269	0.0	0.0
0.072298	0.000075626	264.129621	0.0	0.0
0.072850	0.000077372	264.084629	0.0	0.0
0.073407	0.000079159	264.039290	0.0	0.0
0.073967	0.000080986	263.993601	0.0	0.0
0.074532	0.000082856	263.947559	0.0	0.0
0.075102	0.000084769	263.901162	0.0	0.0
0.075675	0.000086727	263.854406	0.0	0.0
0.076253	0.000088729	263.807289	0.0	0.0
0.076835	0.000090778	263.759809	0.0	0.0
0.077422	0.000092874	263.711961	0.0	0.0
0.078014	0.000095018	263.663744	0.0	0.0
0.078609	0.000097212	263.615154	0.0	0.0
0.079210	0.000099456	263.566188	0.0	0.0
0.079815	0.000101753	263.516844	0.0	0.0
0.080424	0.000104102	263.467118	0.0	0.0
0.081039	0.000106506	263.417008	0.0	0.0
0.081658	0.000108965	263.366509	0.0	0.0
0.082281	0.000111480	263.315621	0.0	0.0
0.082910	0.000114054	263.264338	0.0	0.0
0.083543	0.000116688	263.212658	0.0	0.0
0.084181	0.000119382	263.160578	0.0	0.0
0.084824	0.000122138	263.108096	0.0	0.0
0.085472	0.000124958	263.055206	0.0	0.0
0.086124	0.000127843	263.001907	0.0	0.0
0.086782	0.000130795	262.948194	0.0	0.0
0.087445	0.000133815	262.894066	0.0	0.0
0.088113	0.000136904	262.839517	0.0	0.0
0.088786	0.000140065	262.784546	0.0	0.0
0.089464	0.000143299	262.729149	0.0	0.0
0.090147	0.000146608	262.673321	0.0	0.0
0.090836	0.000149992	262.617061	0.0	0.0
0.091530	0.000153455	262.560364	0.0	0.0
0.092229	0.000156998	262.503227	0.0	0.0
0.092933	0.000160623	262.445646	0.0	0.0
0.093643	0.000164331	262.387618	0.0	0.0
0.094358	0.000168125	262.329139	0.0	0.0
0.095079	0.000172007	262.270206	0.0	0.0
0.095805	0.000175978	262.210815	0.0	0.0
0.096537	0.000180041	262.150962	0.0	0.0
0.097274	0.000184198	262.090643	0.0	0.0
0.098017	0.000188450	262.029856	0.0	0.0
0.098765	0.000192801	261.968595	0.0	0.0
0.099520	0.000197253	261.906858	0.0	0.0
0.100280	0.000201806	261.844637	0.0	0.0
0.101046	0.000206466	261.781934	0.0	0.0
0.101817	0.000211233	261.718746	0.0	0.0
0.102595	0.000216110	261.655066	0.0	0.0
0.103379	0.000221098	261.590884	0.0	0.0
0.104168	0.000226203	261.526200	0.0	0.0
0.104964	0.000231425	261.461023	0.0	0.0
0.105765	0.000236768	261.395328	0.0	0.0
0.106573	0.000242235	261.329121	0.0	0.0
0.107387	0.000247826	261.262403	0.0	0.0
0.108207	0.000253548	261.195158	0.0	0.0
0.109034	0.000259401	261.127384	0.0	0.0
0.109867	0.000265391	261.059090	0.0	0.0
0.110706	0.000271517	260.990259	0.0	0.0
0.111551	0.000277785	260.920891	0.0	0.0
0.112403	0.000284199	260.850977	0.0	0.0
0.113262	0.000290760	260.780516	0.0	0.0
0.114127	0.000297472	260.709508	0.0	0.0
0.114998	0.000304339	260.637937	0.0	0.0
0.115877	0.000311366	260.565810	0.0	0.0
0.116762	0.000318554	260.493118	0.0	0.0
0.117653	0.000325907	260.419853	0.0	0.0
0.118552	0.000333432	260.346023	0.0	0.0
0.119457	0.000341129	260.271603	0.0	0.0
0.120370	0.000349004	260.196608	0.0	0.0
0.121289	0.000357061	260.121013	0.0	0.0
0.122215	0.000365303	260.044835	0.0	0.0
0.123149	0.000373736	259.968056	0.0	0.0
0.124089	0.000382365	259.890668	0.0	0.0
0.125037	0.000391192	259.812679	0.0	0.0
0.125992	0.000400222	259.734071	0.0	0.0
0.126954	0.000409461	259.654843	0.0	0.0
0.127924	0.000418913	259.574996	0.0	0.0
0.128901	0.000428583	259.494521	0.0	0.0
0.129886	0.000438476	259.413408	0.0	0.0
0.130878	0.000448598	259.331658	0.0	0.0
0.131877	0.000458954	259.249261	0.0	0.0
0.132884	0.000469547	259.166216	0.0	0.0
0.133899	0.000480386	259.082516	0.0	0.0
0.134922	0.000491476	258.998150	0.0	0.0
0.135952	0.000502821	258.913127	0.0	0.0
0.136991	0.000514427	258.827421	0.0	0.0
0.138037	0.000526302	258.741048	0.0	0.0
0.139091	0.000538450	258.653982	0.0	0.0
0.140154	0.000550879	258.566232	0.0	0.0
0.141224	0.000563595	258.477787	0.0	0.0
0.142303	0.000576603	258.388640	0.0	0.0
0.143389	0.000589912	258.298780	0.0	0.0
0.144485	0.000603528	258.208216	0.0	0.0
0.145588	0.000617458	258.116930	0.0	0.0
0.146700	0.000631711	258.024913	0.0	0.0
0.147820	0.000646291	257.932173	0.0	0.0
0.148949	0.000661209	257.838692	0.0	0.0
0.150087	0.000676469	257.744468	0.0	0.0
0.151233	0.000692082	257.649494	0.0	0.0
0.152388	0.000708055	257.553769	0.0	0.0
0.153552	0.000724397	257.457273	0.0	0.0
0.154725	0.000741117	257.360008	0.0	0.0
0.155907	0.000758221	257.261971	0.0	0.0
0.157097	0.000775720	257.163154	0.0	0.0
0.158297	0.000793623	257.063547	0.0	0.0
0.159506	0.000811937	256.963140	0.0	0.0
0.160725	0.000830676	256.861925	0.0	0.0
0.161952	0.000849846	256.759909	0.0	0.0
0.163189	0.000869458	256.657074	0.0	0.0
0.164435	0.000889523	256.553410	0.0	0.0
0.165691	0.000910050	256.448916	0.0	0.0
0.166957	0.000931052	256.343592	0.0	0.0
0.168232	0.000952536	256.237411	0.0	0.0
0.169517	0.000974516	256.130380	0.0	0.0
0.170811	0.000997004	256.022497	0.0	0.0
0.172116	0.001020008	255.913738	0.0	0.0
0.173431	0.001043545	255.804099	0.0	0.0
0.174755	0.001067624	255.693589	0.0	0.0
0.176090	0.001092257	255.582181	0.0	0.0
0.177435	0.001117460	255.469873	0.0	0.0
0.178790	0.001143242	255.356656	0.0	0.0
0.180155	0.001169619	255.242529	0.0	0.0
0.181531	0.001196605	255.127481	0.0	0.0
0.182918	0.001224212	255.011494	0.0	0.0
0.184315	0.001252455	254.894575	0.0	0.0
0.185722	0.001281349	254.776705	0.0	0.0
0.187141	0.001310909	254.657876	0.0	0.0
0.188570	0.001341149	254.538085	0.0	0.0
0.190010	0.001372087	254.417321	0.0	0.0
0.191462	0.001403739	254.295576	0.0	0.0
0.192924	0.001436117	254.172838	0.0	0.0
0.194397	0.001469247	254.049098	0.0	0.0
0.195882	0.001503128	253.924354	0.0	0.0
0.197378	0.001537801	253.798595	0.0	0.0
0.198886	0.001573266	253.671803	0.0	0.0
0.200405	0.001609553	253.543976	0.0	0.0
0.201935	0.001646674	253.415104	0.0	0.0
0.203478	0.001684659	253.285175	0.0	0.0
0.205032	0.001723507	253.154180	0.0	0.0
0.206598	0.001763247	253.022117	0.0	0.0
0.208175	0.001803906	252.888965	0.0	0.0
0.209765	0.001845500	252.754725	0.0	0.0
0.211367	0.001888055	252.619375	0.0	0.0
0.212982	0.001931588	252.482905	0.0	0.0
0.214608	0.001976125	252.345322	0.0	0.0
0.216248	0.002021681	252.206598	0.0	0.0
0.217899	0.002068285	252.066731	0.0	0.0
0.219563	0.002115964	251.925708	0.0	0.0
0.221240	0.002164747	251.783520	0.0	0.0
0.222930	0.002214648	251.640155	0.0	0.0
0.224633	0.002265695	251.495594	0.0	0.0
0.226348	0.002317917	251.349843	0.0	0.0
0.228077	0.002371327	251.202873	0.0	0.0
0.229819	0.002425984	251.054690	0.0	0.0
0.231574	0.002481885	250.905274	0.0	0.0
0.233343	0.002539074	250.754606	0.0	0.0
0.235125	0.002597580	250.602682	0.0	0.0
0.236921	0.002657430	250.449499	0.0	0.0
0.238730	0.002718653	250.295029	0.0	0.0
0.240554	0.002781277	250.139269	0.0	0.0
0.242391	0.002845344	249.982198	0.0	0.0
0.244242	0.002910883	249.823821	0.0	0.0
0.246107	0.002977922	249.664110	0.0	0.0
0.247987	0.003046519	249.503053	0.0	0.0
0.249881	0.003116671	249.340646	0.0	0.0
0.251790	0.003188438	249.176869	0.0	0.0
0.253713	0.003261845	249.011718	0.0	0.0
0.255650	0.003336952	248.845163	0.0	0.0
0.257603	0.003413770	248.677210	0.0	0.0
0.259570	0.003492344	248.507829	0.0	0.0
0.261553	0.003572729	248.337025	0.0	0.0
0.263550	0.003654953	248.164768	0.0	0.0
0.265563	0.003739060	247.991045	0.0	0.0
0.267592	0.003825092	247.815845	0.0	0.0
0.269635	0.003913105	247.639161	0.0	0.0
0.271695	0.004003128	247.460966	0.0	0.0
0.273770	0.004095202	247.281262	0.0	0.0
0.275861	0.004189400	247.100011	0.0	0.0
0.277968	0.004285735	246.917218	0.0	0.0
0.280091	0.004384291	246.732868	0.0	0.0
0.282230	0.004485083	246.546932	0.0	0.0
0.284385	0.004588197	246.359396	0.0	0.0
0.286557	0.004693660	246.170256	0.0	0.0
0.288746	0.004801528	245.979489	0.0	0.0
0.290951	0.004911860	245.787081	0.0	0.0
0.293173	0.005024710	245.593019	0.0	0.0
0.295412	0.005140136	245.397281	0.0	0.0
0.297669	0.005258208	245.199844	0.0	0.0
0.299942	0.005378956	245.000710	0.0	0.0
0.302233	0.005502462	244.799850	0.0	0.0
0.304541	0.005628786	244.597249	0.0	0.0
0.306867	0.005757982	244.392883	0.0	0.0
0.309211	0.005890136	244.186748	0.0	0.0
0.311573	0.006025276	243.978819	0.0	0.0
0.313952	0.006163501	243.769083	0.0	0.0
0.316350	0.006304868	243.557507	0.0	0.0
0.318766	0.006449448	243.344095	0.0	0.0
0.321201	0.006597311	243.128814	0.0	0.0
0.323654	0.006748528	242.911648	0.0	0.0
0.326126	0.006903184	242.692584	0.0	0.0
0.328617	0.007061350	242.471597	0.0	0.0
0.331126	0.007223097	242.248672	0.0	0.0
0.333655	0.007388508	242.023785	0.0	0.0
0.336204	0.007557656	241.796921	0.0	0.0
0.338771	0.007730654	241.568064	0.0	0.0
0.341359	0.007907543	241.337181	0.0	0.0
0.343966	0.008088438	241.104257	0.0	0.0
0.346593	0.008273422	240.869284	0.0	0.0
0.349240	0.008462581	240.632230	0.0	0.0
0.351908	0.008656001	240.393069	0.0	0.0
0.354595	0.008853793	240.151795	0.0	0.0
0.357303	0.009056029	239.908382	0.0	0.0
0.360032	0.009262822	239.662805	0.0	0.0
0.362782	0.009474257	239.415041	0.0	0.0
0.365553	0.009690461	239.165080	0.0	0.0
0.368345	0.009911506	238.912889	0.0	0.0
0.371158	0.010137518	238.658444	0.0	0.0
0.373993	0.010368582	238.401735	0.0	0.0
0.376849	0.010604826	238.142729	0.0	0.0
0.379727	0.010846363	237.881410	0.0	0.0
0.382628	0.011093292	237.617751	0.0	0.0
0.385550	0.011345740	237.351737	0.0	0.0
0.388494	0.011603807	237.083341	0.0	0.0
0.391462	0.011867648	236.812528	0.0	0.0
0.394451	0.012137348	236.539291	0.0	0.0
0.397464	0.012413034	236.263605	0.0	0.0
0.400500	0.012694849	235.985434	0.0	0.0
0.403559	0.012982932	235.704770	0.0	0.0
0.406641	0.013277371	235.421579	0.0	0.0
0.409746	0.013578347	235.135843	0.0	0.0
0.412876	0.013885961	234.847528	0.0	0.0
0.416029	0.014200396	234.556626	0.0	0.0
0.419207	0.014521653	234.263102	0.0	0.0
0.422408	0.014850127	233.966930	0.0	0.0
0.425635	0.015185678	233.668084	0.0	0.0
0.428885	0.015528729	233.366548	0.0	0.0
0.432161	0.015879281	233.062295	0.0	0.0
0.435462	0.016237334	232.755291	0.0	0.0
0.438787	0.016603312	232.445529	0.0	0.0
0.442139	0.016977356	232.132964	0.0	0.0
0.445516	0.017359468	231.817590	0.0	0.0
0.448918	0.017749788	231.499363	0.0	0.0
0.452347	0.018148740	231.178276	0.0	0.0
0.455802	0.018556185	230.854294	0.0	0.0
0.459283	0.018972545	230.527393	0.0	0.0
0.462791	0.019397821	230.197548	0.0	0.0
0.466325	0.019832154	229.864744	0.0	0.0
0.469887	0.020275969	229.528937	0.0	0.0
0.473476	0.020729267	229.190113	0.0	0.0
0.477092	0.021192188	228.848248	0.0	0.0
0.480736	0.021665016	228.503318	0.0	0.0
0.484407	0.022147750	228.155299	0.0	0.0
0.488107	0.022640957	227.804160	0.0	0.0
0.491835	0.023144495	227.449886	0.0	0.0
0.495591	0.023658647	227.092447	0.0	0.0
0.499376	0.024183555	226.731819	0.0	0.0
0.503190	0.024719643	226.367982	0.0	0.0
0.507033	0.025266770	226.000913	0.0	0.0
0.510906	0.025825502	225.630583	0.0	0.0
0.514808	0.026395698	225.256972	0.0	0.0
0.518740	0.026977781	224.880068	0.0	0.0
0.522702	0.027571894	224.499834	0.0	0.0
0.526694	0.028178319	224.116251	0.0	0.0
0.530716	0.028797056	223.729310	0.0	0.0
0.534770	0.029428531	223.338975	0.0	0.0
0.538854	0.030072884	222.945237	0.0	0.0
0.542970	0.030730258	222.548073	0.0	0.0
0.547117	0.031401076	222.147456	0.0	0.0
0.551295	0.032085338	221.743381	0.0	0.0
0.555506	0.032783187	221.335825	0.0	0.0
0.559748	0.033495188	220.924765	0.0	0.0
0.564024	0.034221342	220.510190	0.0	0.0
0.568331	0.034961789	220.092087	0.0	0.0
0.572672	0.035716954	219.670427	0.0	0.0
0.577046	0.036486838	219.245211	0.0	0.0
0.581453	0.037271865	218.816421	0.0	0.0
0.585894	0.038072035	218.384040	0.0	0.0
0.590369	0.038887772	217.948071	0.0	0.0
0.594878	0.039719219	217.508481	0.0	0.0
0.599421	0.040566516	217.065276	0.0	0.0
0.603999	0.041429946	216.618444	0.0	0.0
0.608612	0.042309793	216.167984	0.0	0.0
0.613260	0.043206199	215.713876	0.0	0.0
0.617944	0.044119304	215.256124	0.0	0.0
0.622664	0.045049533	214.794719	0.0	0.0
0.627419	0.045996886	214.329667	0.0	0.0
0.632211	0.046961506	213.860965	0.0	0.0
0.637040	0.047943815	213.388601	0.0	0.0
0.641905	0.048943957	212.912595	0.0	0.0
0.646808	0.049962072	212.432948	0.0	0.0
0.651748	0.050998443	211.949644	0.0	0.0
0.656726	0.052053071	211.462717	0.0	0.0
0.661741	0.053126238	210.972156	0.0	0.0
0.666795	0.054218228	210.477989	0.0	0.0
0.671888	0.055329182	209.980207	0.0	0.0
0.677020	0.056459100	209.478833	0.0	0.0
0.682190	0.057608265	208.973892	0.0	0.0
0.687401	0.058776819	208.465382	0.0	0.0
0.692651	0.059965044	207.953341	0.0	0.0
0.697941	0.061172941	207.437772	0.0	0.0
0.703271	0.062400651	206.918717	0.0	0.0
0.708643	0.063648457	206.396195	0.0	0.0
0.714055	0.064916219	205.870222	0.0	0.0
0.719508	0.066204359	205.340840	0.0	0.0
0.725004	0.067512737	204.808072	0.0	0.0
0.730541	0.068841636	204.271963	0.0	0.0
0.736121	0.070190914	203.732533	0.0	0.0
0.741743	0.071560996	203.189841	0.0	0.0
0.747408	0.072951741	202.643911	0.0	0.0
0.753116	0.074363289	202.094799	0.0	0.0
0.758868	0.075795783	201.542533	0.0	0.0
0.764664	0.077249080	200.987175	0.0	0.0
0.770504	0.078723323	200.428777	0.0	0.0
0.776389	0.080218511	199.867376	0.0	0.0
0.782318	0.081734645	199.303050	0.0	0.0
0.788293	0.083271865	198.735832	0.0	0.0
0.794314	0.084830173	198.165796	0.0	0.0
0.800381	0.086409425	197.592997	0.0	0.0
0.806494	0.088009624	197.017497	0.0	0.0
0.812653	0.089630909	196.439375	0.0	0.0
0.818860	0.091272997	195.858697	0.0	0.0
0.825114	0.092936032	195.275520	0.0	0.0
0.831416	0.094619870	194.689934	0.0	0.0
0.837766	0.096324370	194.102001	0.0	0.0
0.844164	0.098049674	193.511804	0.0	0.0
0.850612	0.099795500	192.919432	0.0	0.0
0.857108	0.101561704	192.324954	0.0	0.0
0.863654	0.103348429	191.728460	0.0	0.0
0.870250	0.105155250	191.130045	0.0	0.0
0.876897	0.106982310	190.529775	0.0	0.0
0.883594	0.108829324	189.927759	0.0	0.0
0.890343	0.110696151	189.324077	0.0	0.0
0.897143	0.112582649	188.718830	0.0	0.0
0.903995	0.114488678	188.112104	0.0	0.0
0.910899	0.116413954	187.504004	0.0	0.0
0.917856	0.118358336	186.894628	0.0	0.0
0.924866	0.120321681	186.284075	0.0	0.0
0.931930	0.122303849	185.672436	0.0	0.0
0.939048	0.124304557	185.059816	0.0	0.0
0.946220	0.126323663	184.446325	0.0	0.0
0.953446	0.128360600	183.832060	0.0	0.0
0.960728	0.130415652	183.217135	0.0	0.0
0.968066	0.132488395	182.601641	0.0	0.0
0.975460	0.134578545	181.985686	0.0	0.0
0.982910	0.136685819	181.369385	0.0	0.0
0.990417	0.138810076	180.752841	0.0	0.0
0.997981	0.140950892	180.136162	0.0	0.0
1.005603	0.143107840	179.519459	0.0	0.0
1.013283	0.145281630	178.902850	0.0	0.0
1.021022	0.147470988	178.286397	0.0	0.0
1.028820	0.149677328	177.670244	0.0	0.0
1.036678	0.151897821	177.054453	0.0	0.0
1.044596	0.154133881	176.439166	0.0	0.0
1.052574	0.156384093	175.824524	0.0	0.0
1.060613	0.158649873	175.210591	0.0	0.0
1.068713	0.160929805	174.597504	0.0	0.0
1.076876	0.163223889	173.985253	0.0	0.0
1.085100	0.165532126	173.374125	0.0	0.0
1.093388	0.167853099	172.764032	0.0	0.0
1.101739	0.170188225	172.155184	0.0	0.0
1.110153	0.172537504	171.547715	0.0	0.0
1.118632	0.174899519	170.941612	0.0	0.0
1.127176	0.177272856	170.337007	0.0	0.0
1.135785	0.179660345	169.734028	0.0	0.0
1.144459	0.182059157	169.132803	0.0	0.0
1.153200	0.184470705	168.533318	0.0	0.0
1.162008	0.186894990	167.935697	0.0	0.0
1.170882	0.189329182	167.340130	0.0	0.0
1.179825	0.191776111	166.746534	0.0	0.0
1.188836	0.194234362	166.155094	0.0	0.0
1.197916	0.196703934	165.565860	0.0	0.0
1.207065	0.199184829	164.978944	0.0	0.0
1.216284	0.201675630	164.394392	0.0	0.0
1.225573	0.204179168	163.812314	0.0	0.0
1.234934	0.206691197	163.232690	0.0	0.0
1.244366	0.209214549	162.655687	0.0	0.0
1.253869	0.211749222	162.081403	0.0	0.0
1.263446	0.214293801	161.509757	0.0	0.0
1.273095	0.216848288	160.940965	0.0	0.0
1.282819	0.219412680	160.374944	0.0	0.0
1.292616	0.221988395	159.811900	0.0	0.0
1.302489	0.224572601	159.251752	0.0	0.0
1.312437	0.227168129	158.694641	0.0	0.0
1.322460	0.229772148	158.140651	0.0	0.0
1.332561	0.232387489	157.589696	0.0	0.0
1.342738	0.235011322	157.041965	0.0	0.0
1.352993	0.237646476	156.497425	0.0	0.0
1.363327	0.240290122	155.956098	0.0	0.0
1.373739	0.242943674	155.418107	0.0	0.0
1.384231	0.245608548	154.883415	0.0	0.0
1.394803	0.248281913	154.352090	0.0	0.0
1.405456	0.250965185	153.824146	0.0	0.0
1.416190	0.253658364	153.299642	0.0	0.0
1.427007	0.256362864	152.778542	0.0	0.0
1.437905	0.259075856	152.260998	0.0	0.0
1.448887	0.261800170	151.746919	0.0	0.0
1.459953	0.264532975	151.236360	0.0	0.0
1.471104	0.267277102	150.729325	0.0	0.0
1.482339	0.270031135	150.225906	0.0	0.0
1.493661	0.272796490	149.726014	0.0	0.0
1.505069	0.275571752	149.229737	0.0	0.0
1.516564	0.278358336	148.737073	0.0	0.0
1.528147	0.281154826	148.248019	0.0	0.0
1.539818	0.283962638	147.762611	0.0	0.0
1.551578	0.286780357	147.280843	0.0	0.0
1.563428	0.289610812	146.802709	0.0	0.0
1.575369	0.292451175	146.328199	0.0	0.0
1.587401	0.295304274	145.857345	0.0	0.0
1.599525	0.298168695	145.390136	0.0	0.0
1.611741	0.301044438	144.926597	0.0	0.0
1.624051	0.303931503	144.466680	0.0	0.0
1.636455	0.306831305	144.010407	0.0	0.0
1.648953	0.309743844	143.557801	0.0	0.0
1.661547	0.312667705	143.108809	0.0	0.0
1.674237	0.315605718	142.663452	0.0	0.0
1.687024	0.318555052	142.221711	0.0	0.0
1.699909	0.321518539	141.783570	0.0	0.0
1.712892	0.324494764	141.349043	0.0	0.0
1.725974	0.327483725	140.918111	0.0	0.0
1.739157	0.330486838	140.490722	0.0	0.0
1.752439	0.333504104	140.066951	0.0	0.0
1.765824	0.336535522	139.646683	0.0	0.0
1.779310	0.339581093	139.229989	0.0	0.0
1.792900	0.342640815	138.816785	0.0	0.0
1.806593	0.345714690	138.407111	0.0	0.0
1.820391	0.348804132	138.000911	0.0	0.0
1.834294	0.351909142	137.598193	0.0	0.0
1.848304	0.355028305	137.198904	0.0	0.0
1.862420	0.358164449	136.803077	0.0	0.0
1.876645	0.361314747	136.410631	0.0	0.0
1.890977	0.364482027	136.021623	0.0	0.0
1.905420	0.367666289	135.635947	0.0	0.0
1.919973	0.370866119	135.253633	0.0	0.0
1.934636	0.374082932	134.874679	0.0	0.0
1.949412	0.377316728	134.499009	0.0	0.0
1.964301	0.380568922	134.126623	0.0	0.0
1.979303	0.383838098	133.757519	0.0	0.0
1.994420	0.387124257	133.391647	0.0	0.0
2.009653	0.390428814	133.028981	0.0	0.0
2.025002	0.393751769	132.669519	0.0	0.0
2.040468	0.397093122	132.313235	0.0	0.0
2.056052	0.400454288	131.960101	0.0	0.0
2.071755	0.403832437	131.610092	0.0	0.0
2.087578	0.407231814	131.263181	0.0	0.0
2.103522	0.410649590	130.919342	0.0	0.0
2.119588	0.414088593	130.578550	0.0	0.0
2.135776	0.417545995	130.240799	0.0	0.0
2.152088	0.421024625	129.906042	0.0	0.0
2.168525	0.424523068	129.574253	0.0	0.0
2.185087	0.428044155	129.245427	0.0	0.0
2.201776	0.431585055	128.919518	0.0	0.0
2.218592	0.435147184	128.596520	0.0	0.0
2.235536	0.438731956	128.276407	0.0	0.0
2.252610	0.442337956	127.959135	0.0	0.0
2.269815	0.445966601	127.644680	0.0	0.0
2.287150	0.449616473	127.333052	0.0	0.0
2.304619	0.453290405	127.024173	0.0	0.0
2.322220	0.456986980	126.718071	0.0	0.0
2.339956	0.460706199	126.414686	0.0	0.0
2.357828	0.464449476	126.113995	0.0	0.0
2.375836	0.468216813	125.815991	0.0	0.0
2.393981	0.472008208	125.520649	0.0	0.0
2.412265	0.475823663	125.227929	0.0	0.0
2.430689	0.479664591	124.937809	0.0	0.0
2.449253	0.483529578	124.650279	0.0	0.0
2.467960	0.487420040	124.365288	0.0	0.0
2.486809	0.491337390	124.082841	0.0	0.0
2.505802	0.495278800	123.802903	0.0	0.0
2.524940	0.499245684	123.525449	0.0	0.0
2.544224	0.503240872	123.250459	0.0	0.0
2.563656	0.507261534	122.977896	0.0	0.0
2.583236	0.511309086	122.707752	0.0	0.0
2.602965	0.515383527	122.440007	0.0	0.0
2.622846	0.519486272	122.174612	0.0	0.0
2.642878	0.523615907	121.911573	0.0	0.0
2.663063	0.527773847	121.650856	0.0	0.0
2.683402	0.531960091	121.392441	0.0	0.0
2.703897	0.536174639	121.136295	0.0	0.0
2.724548	0.540418907	120.882410	0.0	0.0
2.745356	0.544691480	120.630768	0.0	0.0
2.766324	0.548995188	120.381323	0.0	0.0
2.787452	0.553327201	120.134071	0.0	0.0
2.808741	0.557688933	119.888990	0.0	0.0
2.830193	0.562081800	119.646052	0.0	0.0
2.851809	0.566504387	119.405239	0.0	0.0
2.873590	0.570959524	119.166531	0.0	0.0
2.895537	0.575444382	118.929911	0.0	0.0
2.917651	0.579961789	118.695362	0.0	0.0
2.939935	0.584510331	118.462845	0.0	0.0
2.962389	0.589091424	118.232353	0.0	0.0
2.985014	0.593703651	118.003870	0.0	0.0
3.007812	0.598349844	117.777368	0.0	0.0
3.030785	0.603028588	117.552821	0.0	0.0
3.053932	0.607741296	117.330234	0.0	0.0
3.077257	0.612487971	117.109561	0.0	0.0
3.100760	0.617267195	116.890795	0.0	0.0
3.124442	0.622081800	116.673922	0.0	0.0
3.148305	0.626930371	116.458917	0.0	0.0
3.172350	0.631814322	116.245766	0.0	0.0
3.196579	0.636732239	116.034443	0.0	0.0
3.220993	0.641686952	115.824936	0.0	0.0
3.245593	0.646677045	115.617229	0.0	0.0
3.270382	0.651703934	115.411292	0.0	0.0
3.295359	0.656766204	115.207127	0.0	0.0
3.320528	0.661865270	115.004696	0.0	0.0
3.345888	0.667002547	114.804003	0.0	0.0
3.371443	0.672176620	114.605009	0.0	0.0
3.397192	0.677387489	114.407718	0.0	0.0
3.423138	0.682637985	114.212101	0.0	0.0
3.449283	0.687925276	114.018138	0.0	0.0
3.475626	0.693252194	113.825832	0.0	0.0
3.502172	0.698618738	113.635140	0.0	0.0
3.528920	0.704023493	113.446067	0.0	0.0
3.555872	0.709469290	113.258592	0.0	0.0
3.583030	0.714954713	113.072697	0.0	0.0
3.610395	0.720479762	112.888371	0.0	0.0
3.637970	0.726045853	112.705588	0.0	0.0
3.665755	0.731654401	112.524345	0.0	0.0
3.693752	0.737302576	112.344624	0.0	0.0
3.721963	0.742993207	112.166408	0.0	0.0
3.750390	0.748726295	111.989680	0.0	0.0
3.779034	0.754501840	111.814429	0.0	0.0
3.807896	0.760319841	111.640646	0.0	0.0
3.836979	0.766180300	111.468308	0.0	0.0
3.866284	0.772086046	111.297406	0.0	0.0
3.895813	0.778034249	111.127924	0.0	0.0
3.925567	0.784027738	110.959852	0.0	0.0
3.955549	0.790065100	110.793169	0.0	0.0
3.985760	0.796147750	110.627868	0.0	0.0
4.016201	0.802275686	110.463938	0.0	0.0
4.046875	0.808448910	110.301359	0.0	0.0
4.077783	0.814668837	110.140124	0.0	0.0
4.108927	0.820935466	109.980218	0.0	0.0
4.140309	0.827248797	109.821627	0.0	0.0
4.171931	0.833608831	109.664339	0.0	0.0
4.203794	0.840016983	109.508344	0.0	0.0
4.235901	0.846473252	109.353626	0.0	0.0
4.268253	0.852977639	109.200176	0.0	0.0
4.300852	0.859531560	109.047982	0.0	0.0
4.333700	0.866133598	108.897031	0.0	0.0
4.366798	0.872786584	108.747316	0.0	0.0
4.400150	0.879487688	108.598816	0.0	0.0
4.433756	0.886241155	108.451528	0.0	0.0
4.467619	0.893044155	108.305436	0.0	0.0
4.501741	0.899898104	108.160529	0.0	0.0
4.536123	0.906804416	108.016801	0.0	0.0
4.570768	0.913761676	107.874235	0.0	0.0
4.605677	0.920772714	107.732825	0.0	0.0
4.640853	0.927836117	107.592557	0.0	0.0
4.676298	0.934951882	107.453419	0.0	0.0
4.712013	0.942122842	107.315407	0.0	0.0
4.748001	0.949346165	107.178505	0.0	0.0
4.784264	0.956626097	107.042705	0.0	0.0
4.820804	0.963959808	106.907995	0.0	0.0
4.857623	0.971348712	106.774367	0.0	0.0
4.894723	0.978792811	106.641811	0.0	0.0
4.932107	0.986294933	106.510315	0.0	0.0
4.969776	0.993852250	106.379872	0.0	0.0
5.007733	1.001467591	106.250471	0.0	0.0
5.045980	1.009140957	106.122101	0.0	0.0
5.084518	1.016870931	105.994760	0.0	0.0
5.123351	1.024660345	105.868430	0.0	0.0
5.162481	1.032509199	105.743103	0.0	0.0
5.201910	1.040416077	105.618772	0.0	0.0
5.241640	1.048383810	105.495428	0.0	0.0
5.281673	1.056412397	105.373064	0.0	0.0
5.322012	1.064500425	105.251668	0.0	0.0
5.362659	1.072650722	105.131232	0.0	0.0
5.403616	1.080863289	105.011750	0.0	0.0
5.444886	1.089136711	104.893210	0.0	0.0
5.486472	1.097473818	104.775603	0.0	0.0
5.528375	1.105874611	104.658923	0.0	0.0
5.570598	1.114337673	104.543162	0.0	0.0
5.613144	1.122865836	104.428310	0.0	0.0
5.656014	1.131459100	104.314361	0.0	0.0
5.699212	1.140117464	104.201305	0.0	0.0
5.742740	1.148840928	104.089135	0.0	0.0
5.786600	1.157630909	103.977843	0.0	0.0
5.830796	1.166488820	103.867419	0.0	0.0
5.875329	1.175411831	103.757859	0.0	0.0
5.920202	1.184404189	103.649154	0.0	0.0
5.965417	1.193465893	103.541298	0.0	0.0
6.010978	1.202594113	103.434280	0.0	0.0
6.056887	1.211793094	103.328094	0.0	0.0
6.103147	1.221061421	103.222733	0.0	0.0
6.149760	1.230400509	103.118189	0.0	0.0
6.196729	1.239810359	103.014457	0.0	0.0
6.244057	1.249292386	102.911527	0.0	0.0
6.291746	1.258846589	102.809395	0.0	0.0
6.339799	1.268472969	102.708052	0.0	0.0
6.388220	1.278172941	102.607490	0.0	0.0
6.437010	1.287946504	102.507705	0.0	0.0
6.486173	1.297793660	102.408689	0.0	0.0
6.535711	1.307717237	102.310435	0.0	0.0
6.585628	1.317715822	102.212936	0.0	0.0
6.635926	1.327790829	102.116186	0.0	0.0
6.686608	1.337942259	102.020179	0.0	0.0
6.737677	1.348170110	101.924908	0.0	0.0
6.789136	1.358475800	101.830366	0.0	0.0
6.840988	1.368860742	101.736548	0.0	0.0
6.893237	1.379324936	101.643445	0.0	0.0
6.945884	1.389868384	101.551054	0.0	0.0
6.998933	1.400492499	101.459369	0.0	0.0
7.052388	1.411197283	101.368380	0.0	0.0
7.106251	1.421978489	101.278084	0.0	0.0
7.160525	1.432847438	101.188476	0.0	0.0
7.215214	1.443801302	101.099547	0.0	0.0
7.270320	1.454840079	101.011294	0.0	0.0
7.325847	1.465963770	100.923709	0.0	0.0
7.381799	1.477158222	100.836787	0.0	0.0
7.438177	1.488451741	100.750523	0.0	0.0
7.494987	1.499830173	100.664909	0.0	0.0
7.552230	1.511293518	100.579943	0.0	0.0
7.609910	1.522841778	100.495618	0.0	0.0
7.668031	1.534474950	100.411927	0.0	0.0
7.726596	1.546207189	100.328865	0.0	0.0
7.785608	1.558024342	100.246428	0.0	0.0
7.845071	1.569926408	100.164610	0.0	0.0
7.904988	1.581913388	100.083405	0.0	0.0
7.965362	1.594013586	100.002809	0.0	0.0
8.026198	1.606184546	99.922816	0.0	0.0
8.087498	1.618454571	99.843421	0.0	0.0
8.149267	1.630823663	99.764618	0.0	0.0
8.211507	1.643291820	99.686403	0.0	0.0
8.274223	1.655844891	99.608771	0.0	0.0
8.337417	1.668497028	99.531717	0.0	0.0
8.401095	1.681248231	99.455235	0.0	0.0
8.465258	1.694084348	99.379322	0.0	0.0
8.529912	1.707033682	99.303971	0.0	0.0
8.595059	1.720082083	99.229179	0.0	0.0
8.660704	1.733215398	99.154940	0.0	0.0
8.726851	1.746461930	99.081250	0.0	0.0
8.793502	1.759807529	99.008104	0.0	0.0
8.860663	1.773252194	98.935498	0.0	0.0
8.928337	1.786795924	98.863425	0.0	0.0
8.996527	1.800438721	98.791884	0.0	0.0
9.065238	1.814194735	98.720869	0.0	0.0
9.134474	1.828063968	98.650375	0.0	0.0
9.204239	1.842018115	98.580397	0.0	0.0
9.274537	1.856099632	98.510931	0.0	0.0
9.345371	1.870280215	98.441975	0.0	0.0
9.416747	1.884559864	98.373521	0.0	0.0
9.488668	1.898966884	98.305567	0.0	0.0
9.561138	1.913472969	98.238108	0.0	0.0
9.634161	1.928078121	98.171140	0.0	0.0
9.707742	1.942810643	98.104659	0.0	0.0
9.781885	1.957656383	98.038661	0.0	0.0
9.856595	1.972615341	97.973140	0.0	0.0
9.931875	1.987673365	97.908095	0.0	0.0
10.007730	2.002858760	97.843519	0.0	0.0
10.084160	2.018157373	97.779414	0.0	0.0
10.161180	2.033583357	97.715765	0.0	0.0
10.238790	2.049108406	97.652574	0.0	0.0
10.316990	2.064760826	97.589839	0.0	0.0
10.395780	2.080540617	97.527561	0.0	0.0
10.475180	2.096433626	97.465723	0.0	0.0
10.555190	2.112439853	97.404325	0.0	0.0
10.635800	2.128573450	97.343374	0.0	0.0
10.717030	2.144834418	97.282856	0.0	0.0
10.798880	2.161222757	97.222770	0.0	0.0
10.881360	2.177724314	97.163107	0.0	0.0
10.964470	2.194367393	97.103870	0.0	0.0
11.048210	2.211123691	97.045056	0.0	0.0
11.132590	2.228007359	96.986658	0.0	0.0
11.217620	2.245032550	96.928671	0.0	0.0
11.303290	2.262185112	96.871099	0.0	0.0
11.389620	2.279465044	96.813930	0.0	0.0
11.476610	2.296872346	96.757163	0.0	0.0
11.564260	2.314407020	96.700799	0.0	0.0
11.652580	2.332097368	96.644830	0.0	0.0
11.741580	2.349900934	96.589250	0.0	0.0
11.831260	2.367846023	96.534059	0.0	0.0
11.921620	2.385932635	96.479257	0.0	0.0
12.012670	2.404160770	96.424837	0.0	0.0
12.104420	2.422530427	96.370794	0.0	0.0
12.196870	2.441027455	96.317127	0.0	0.0
12.290020	2.459666006	96.263835	0.0	0.0
12.383890	2.478460232	96.210909	0.0	0.0
12.478470	2.497395981	96.158352	0.0	0.0
12.573770	2.516459100	96.106159	0.0	0.0
12.669810	2.535692046	96.054319	0.0	0.0
12.766570	2.555052363	96.002844	0.0	0.0
12.864080	2.574568356	95.951715	0.0	0.0
12.962330	2.594225870	95.900940	0.0	0.0
13.061330	2.614039060	95.850512	0.0	0.0
13.161080	2.634007925	95.800432	0.0	0.0
13.261600	2.654132465	95.750688	0.0	0.0
13.362890	2.674398528	95.701282	0.0	0.0
13.464950	2.694820266	95.652213	0.0	0.0
13.567780	2.715411831	95.603481	0.0	0.0
13.671410	2.736144919	95.555071	0.0	0.0
13.775820	2.757047835	95.506992	0.0	0.0
13.881040	2.778106425	95.459232	0.0	0.0
13.987050	2.799320691	95.411798	0.0	0.0
14.093880	2.820704783	95.364678	0.0	0.0
14.201520	2.842244551	95.317875	0.0	0.0
14.309990	2.863954147	95.271381	0.0	0.0
14.419280	2.885819417	95.225200	0.0	0.0
14.529410	2.907868667	95.179323	0.0	0.0
14.640380	2.930073592	95.133751	0.0	0.0
14.752190	2.952448344	95.088482	0.0	0.0
14.864860	2.975007076	95.043510	0.0	0.0
14.978400	2.997721483	94.998830	0.0	0.0
15.092790	3.020619870	94.954450	0.0	0.0
15.208060	3.043688084	94.910357	0.0	0.0
15.324220	3.066926125	94.866549	0.0	0.0
15.441260	3.090362298	94.823029	0.0	0.0
15.559190	3.113954147	94.779792	0.0	0.0
15.678020	3.137744127	94.736836	0.0	0.0
15.797760	3.161703934	94.694157	0.0	0.0
15.918420	3.185847721	94.651750	0.0	0.0
16.040000	3.210175488	94.609617	0.0	0.0
16.162500	3.234687235	94.567756	0.0	0.0
16.285950	3.259255590	94.526157	0.0	0.0
16.410330	3.283526748	94.484828	0.0	0.0
16.535660	3.306481744	94.443761	0.0	0.0
16.661960	3.325757147	94.402951	0.0	0.0
16.789210	3.336810076	94.362402	0.0	0.0
16.917440	3.332111520	94.322106	0.0	0.0
17.046650	3.300693462	94.282062	0.0	0.0
17.176840	3.228955562	94.242272	0.0	0.0
17.308030	3.102703085	94.202727	0.0	0.0
17.440220	2.910628361	94.163429	0.0	0.0
17.573420	2.648372488	94.124373	0.0	0.0
17.707640	2.321822813	94.085559	0.0	0.0
17.842880	1.948230965	94.046984	0.0	0.0
17.979160	1.554288140	94.008644	0.0	0.0
18.116470	1.171016134	93.970541	0.0	0.0
18.254840	0.827332295	93.932667	0.0	0.0
18.394260	0.543964053	93.895025	0.0	0.0
18.534750	0.329988678	93.857608	0.0	0.0
18.676310	0.182841778	93.820418	0.0	0.0
18.818950	0.091394424	93.783451	0.0	0.0
18.962680	0.040565525	93.746705	0.0	0.0
19.107510	0.015653128	93.710177	0.0	0.0
19.253440	0.005096986	93.673867	0.0	0.0
19.400490	0.001339062	93.637770	0.0	0.0
19.548660	0.000263493	93.601886	0.0	0.0
19.697960	0.000033642	93.566213	0.0	0.0
19.848410	0.000001890	93.530746	0.0	0.0
20.000000	0.000000060	93.495486	0.0	0.0
