# UNCLASSIFIED
#
# Response info for ZALV broad-band site.
#
# Effective: 22 Jan 2009
# Creation date: 21 JUN 2011
# File name: ZALV.BB.1232582400
#
# Source: James Neely (TTD), TSgt Swindle
# System equipment: Guralp_CMG-3TB seismometer and Nanometrics_Europa-T
# digitizer.
#
# INID: 2742 2743 2744
#
# The response file was derived from equations of state.
# Displacement response normalized to 1.0 at 1.0 Hz.
#
# The calib values for this configuration are as follows:
#
# ZAA0B BHZ is 0.007958 nm/count at 1.0 Hz.
# ZAA0B BH1 is 0.007958 nm/count at 1.0 Hz.
# ZAA0B BH2 is 0.007958 nm/count at 1.0 Hz.
#
# Freq(Hz)     Amp(counts/nm)    Phase(deg)   Error(amp) Error(phase)
#
 theoretical  0       system    fap   J.Neely
1000				
0.001000	0.000010196	305.221651	0.0	0.0
0.001010	0.000010555	304.839307	0.0	0.0
0.001020	0.000010927	304.455994	0.0	0.0
0.001030	0.000011312	304.071727	0.0	0.0
0.001040	0.000011709	303.686524	0.0	0.0
0.001051	0.000012119	303.300364	0.0	0.0
0.001061	0.000012544	302.913301	0.0	0.0
0.001072	0.000012983	302.525354	0.0	0.0
0.001083	0.000013436	302.136502	0.0	0.0
0.001093	0.000013904	301.746801	0.0	0.0
0.001104	0.000014388	301.356268	0.0	0.0
0.001115	0.000014889	300.964883	0.0	0.0
0.001126	0.000015406	300.572667	0.0	0.0
0.001138	0.000015940	300.179672	0.0	0.0
0.001149	0.000016491	299.785880	0.0	0.0
0.001160	0.000017061	299.391311	0.0	0.0
0.001172	0.000017650	298.995981	0.0	0.0
0.001184	0.000018259	298.599910	0.0	0.0
0.001195	0.000018887	298.203081	0.0	0.0
0.001207	0.000019536	297.805546	0.0	0.0
0.001219	0.000020207	297.407323	0.0	0.0
0.001231	0.000020899	297.008363	0.0	0.0
0.001244	0.000021614	296.608751	0.0	0.0
0.001256	0.000022353	296.208437	0.0	0.0
0.001269	0.000023115	295.807473	0.0	0.0
0.001281	0.000023903	295.405844	0.0	0.0
0.001294	0.000024716	295.003598	0.0	0.0
0.001307	0.000025556	294.600689	0.0	0.0
0.001320	0.000026423	294.197167	0.0	0.0
0.001333	0.000027318	293.793016	0.0	0.0
0.001346	0.000028243	293.388253	0.0	0.0
0.001360	0.000029197	292.982864	0.0	0.0
0.001373	0.000030182	292.576896	0.0	0.0
0.001387	0.000031199	292.170334	0.0	0.0
0.001401	0.000032249	291.763193	0.0	0.0
0.001415	0.000033332	291.355460	0.0	0.0
0.001429	0.000034451	290.947150	0.0	0.0
0.001443	0.000035605	290.538276	0.0	0.0
0.001457	0.000036797	290.128825	0.0	0.0
0.001472	0.000038026	289.718783	0.0	0.0
0.001487	0.000039296	289.308191	0.0	0.0
0.001501	0.000040605	288.897035	0.0	0.0
0.001516	0.000041957	288.485300	0.0	0.0
0.001532	0.000043352	288.072999	0.0	0.0
0.001547	0.000044791	287.660144	0.0	0.0
0.001562	0.000046276	287.246720	0.0	0.0
0.001578	0.000047808	286.832712	0.0	0.0
0.001593	0.000049389	286.418132	0.0	0.0
0.001609	0.000051021	286.002963	0.0	0.0
0.001625	0.000052703	285.587241	0.0	0.0
0.001642	0.000054440	285.170901	0.0	0.0
0.001658	0.000056231	284.753975	0.0	0.0
0.001674	0.000058079	284.336475	0.0	0.0
0.001691	0.000059985	283.918331	0.0	0.0
0.001708	0.000061951	283.499604	0.0	0.0
0.001725	0.000063980	283.080250	0.0	0.0
0.001742	0.000066072	282.660253	0.0	0.0
0.001760	0.000068230	282.239619	0.0	0.0
0.001777	0.000070456	281.818331	0.0	0.0
0.001795	0.000072752	281.396370	0.0	0.0
0.001813	0.000075119	280.973743	0.0	0.0
0.001831	0.000077561	280.550429	0.0	0.0
0.001849	0.000080080	280.126411	0.0	0.0
0.001867	0.000082677	279.701670	0.0	0.0
0.001886	0.000085355	279.276207	0.0	0.0
0.001905	0.000088117	278.849982	0.0	0.0
0.001924	0.000090965	278.423019	0.0	0.0
0.001943	0.000093902	277.995252	0.0	0.0
0.001962	0.000096931	277.566684	0.0	0.0
0.001982	0.000100053	277.137293	0.0	0.0
0.002002	0.000103273	276.707079	0.0	0.0
0.002022	0.000106592	276.275978	0.0	0.0
0.002042	0.000110015	275.844031	0.0	0.0
0.002062	0.000113543	275.411153	0.0	0.0
0.002083	0.000117181	274.977362	0.0	0.0
0.002103	0.000120931	274.542616	0.0	0.0
0.002124	0.000124798	274.106910	0.0	0.0
0.002145	0.000128784	273.670179	0.0	0.0
0.002167	0.000132893	273.232442	0.0	0.0
0.002188	0.000137128	272.793651	0.0	0.0
0.002210	0.000141494	272.353783	0.0	0.0
0.002232	0.000145995	271.912813	0.0	0.0
0.002254	0.000150633	271.470693	0.0	0.0
0.002277	0.000155415	271.027418	0.0	0.0
0.002300	0.000160343	270.582942	0.0	0.0
0.002322	0.000165422	270.137239	0.0	0.0
0.002346	0.000170657	269.690279	0.0	0.0
0.002369	0.000176053	269.242018	0.0	0.0
0.002393	0.000181613	268.792426	0.0	0.0
0.002416	0.000187344	268.341495	0.0	0.0
0.002441	0.000193249	267.889138	0.0	0.0
0.002465	0.000199335	267.435365	0.0	0.0
0.002489	0.000205606	266.980127	0.0	0.0
0.002514	0.000212068	266.523375	0.0	0.0
0.002539	0.000218726	266.065080	0.0	0.0
0.002565	0.000225588	265.605191	0.0	0.0
0.002590	0.000232657	265.143697	0.0	0.0
0.002616	0.000239941	264.680529	0.0	0.0
0.002642	0.000247446	264.215656	0.0	0.0
0.002668	0.000255178	263.749027	0.0	0.0
0.002695	0.000263144	263.280611	0.0	0.0
0.002722	0.000271350	262.810356	0.0	0.0
0.002749	0.000279805	262.338211	0.0	0.0
0.002776	0.000288514	261.864160	0.0	0.0
0.002804	0.000297486	261.388118	0.0	0.0
0.002832	0.000306727	260.910067	0.0	0.0
0.002860	0.000316246	260.429954	0.0	0.0
0.002888	0.000326051	259.947728	0.0	0.0
0.002917	0.000336150	259.463337	0.0	0.0
0.002946	0.000346552	258.976727	0.0	0.0
0.002976	0.000357264	258.487847	0.0	0.0
0.003005	0.000368296	257.996675	0.0	0.0
0.003035	0.000379658	257.503110	0.0	0.0
0.003066	0.000391358	257.007146	0.0	0.0
0.003096	0.000403406	256.508699	0.0	0.0
0.003127	0.000415811	256.007729	0.0	0.0
0.003158	0.000428585	255.504183	0.0	0.0
0.003190	0.000441737	254.997991	0.0	0.0
0.003221	0.000455278	254.489115	0.0	0.0
0.003253	0.000469219	253.977484	0.0	0.0
0.003286	0.000483571	253.463059	0.0	0.0
0.003319	0.000498345	252.945755	0.0	0.0
0.003352	0.000513553	252.425547	0.0	0.0
0.003385	0.000529207	251.902351	0.0	0.0
0.003419	0.000545320	251.376111	0.0	0.0
0.003453	0.000561903	250.846789	0.0	0.0
0.003487	0.000578969	250.314298	0.0	0.0
0.003522	0.000596532	249.778584	0.0	0.0
0.003557	0.000614605	249.239609	0.0	0.0
0.003592	0.000633201	248.697271	0.0	0.0
0.003628	0.000652335	248.151549	0.0	0.0
0.003664	0.000672020	247.602356	0.0	0.0
0.003701	0.000692272	247.049641	0.0	0.0
0.003738	0.000713106	246.493349	0.0	0.0
0.003775	0.000734535	245.933398	0.0	0.0
0.003813	0.000756576	245.369736	0.0	0.0
0.003851	0.000779245	244.802295	0.0	0.0
0.003889	0.000802557	244.231025	0.0	0.0
0.003928	0.000826529	243.655845	0.0	0.0
0.003967	0.000851178	243.076720	0.0	0.0
0.004006	0.000876519	242.493571	0.0	0.0
0.004046	0.000902571	241.906336	0.0	0.0
0.004087	0.000929351	241.314951	0.0	0.0
0.004127	0.000956877	240.719372	0.0	0.0
0.004168	0.000985166	240.119537	0.0	0.0
0.004210	0.001014240	239.515359	0.0	0.0
0.004252	0.001044110	238.906810	0.0	0.0
0.004294	0.001074800	238.293819	0.0	0.0
0.004337	0.001106330	237.676331	0.0	0.0
0.004380	0.001138710	237.054295	0.0	0.0
0.004424	0.001171970	236.427644	0.0	0.0
0.004468	0.001206130	235.796330	0.0	0.0
0.004512	0.001241200	235.160319	0.0	0.0
0.004557	0.001277210	234.519538	0.0	0.0
0.004603	0.001314170	233.873944	0.0	0.0
0.004649	0.001352110	233.223497	0.0	0.0
0.004695	0.001391040	232.568145	0.0	0.0
0.004742	0.001430990	231.907838	0.0	0.0
0.004789	0.001471980	231.242545	0.0	0.0
0.004837	0.001514020	230.572235	0.0	0.0
0.004885	0.001557140	229.896870	0.0	0.0
0.004934	0.001601350	229.216398	0.0	0.0
0.004983	0.001646680	228.530813	0.0	0.0
0.005032	0.001693150	227.840073	0.0	0.0
0.005082	0.001740770	227.144152	0.0	0.0
0.005133	0.001789570	226.443042	0.0	0.0
0.005184	0.001839570	225.736712	0.0	0.0
0.005236	0.001890780	225.025163	0.0	0.0
0.005288	0.001943230	224.308373	0.0	0.0
0.005341	0.001996930	223.586353	0.0	0.0
0.005394	0.002051900	222.859090	0.0	0.0
0.005448	0.002108160	222.126592	0.0	0.0
0.005502	0.002165720	221.388856	0.0	0.0
0.005557	0.002224610	220.645902	0.0	0.0
0.005612	0.002284840	219.897765	0.0	0.0
0.005668	0.002346420	219.144449	0.0	0.0
0.005725	0.002409380	218.385989	0.0	0.0
0.005782	0.002473720	217.622414	0.0	0.0
0.005839	0.002539450	216.853771	0.0	0.0
0.005897	0.002606600	216.080117	0.0	0.0
0.005956	0.002675180	215.301473	0.0	0.0
0.006015	0.002745180	214.517934	0.0	0.0
0.006075	0.002816630	213.729537	0.0	0.0
0.006136	0.002889540	212.936363	0.0	0.0
0.006197	0.002963910	212.138491	0.0	0.0
0.006259	0.003039750	211.336005	0.0	0.0
0.006321	0.003117070	210.528997	0.0	0.0
0.006384	0.003195860	209.717566	0.0	0.0
0.006448	0.003276150	208.901806	0.0	0.0
0.006512	0.003357920	208.081846	0.0	0.0
0.006577	0.003441180	207.257794	0.0	0.0
0.006642	0.003525930	206.429769	0.0	0.0
0.006708	0.003612170	205.597920	0.0	0.0
0.006775	0.003699900	204.762367	0.0	0.0
0.006843	0.003789110	203.923276	0.0	0.0
0.006911	0.003879800	203.080782	0.0	0.0
0.006980	0.003971960	202.235051	0.0	0.0
0.007049	0.004065600	201.386247	0.0	0.0
0.007120	0.004160680	200.534538	0.0	0.0
0.007191	0.004257220	199.680101	0.0	0.0
0.007262	0.004355200	198.823129	0.0	0.0
0.007335	0.004454600	197.963800	0.0	0.0
0.007408	0.004555410	197.102310	0.0	0.0
0.007481	0.004657620	196.238870	0.0	0.0
0.007556	0.004761220	195.373664	0.0	0.0
0.007631	0.004866180	194.506903	0.0	0.0
0.007707	0.004972490	193.638816	0.0	0.0
0.007784	0.005080140	192.769601	0.0	0.0
0.007862	0.005189090	191.899483	0.0	0.0
0.007940	0.005299340	191.028680	0.0	0.0
0.008019	0.005410860	190.157424	0.0	0.0
0.008099	0.005523630	189.285939	0.0	0.0
0.008180	0.005637630	188.414452	0.0	0.0
0.008261	0.005752840	187.543202	0.0	0.0
0.008343	0.005869230	186.672399	0.0	0.0
0.008426	0.005986780	185.802296	0.0	0.0
0.008510	0.006105470	184.933104	0.0	0.0
0.008595	0.006225280	184.065066	0.0	0.0
0.008681	0.006346180	183.198406	0.0	0.0
0.008767	0.006468150	182.333355	0.0	0.0
0.008855	0.006591160	181.470145	0.0	0.0
0.008943	0.006715200	180.608985	0.0	0.0
0.009032	0.006840240	179.750105	0.0	0.0
0.009122	0.006966250	178.893729	0.0	0.0
0.009213	0.007093220	178.040061	0.0	0.0
0.009305	0.007221130	177.189323	0.0	0.0
0.009397	0.007349950	176.341720	0.0	0.0
0.009491	0.007479660	175.497447	0.0	0.0
0.009586	0.007610250	174.656706	0.0	0.0
0.009681	0.007741700	173.819690	0.0	0.0
0.009777	0.007873990	172.986592	0.0	0.0
0.009875	0.008007090	172.157588	0.0	0.0
0.009973	0.008141000	171.332851	0.0	0.0
0.010073	0.008275710	170.512526	0.0	0.0
0.010173	0.008411190	169.696847	0.0	0.0
0.010274	0.008547440	168.885931	0.0	0.0
0.010377	0.008684440	168.079929	0.0	0.0
0.010480	0.008822180	167.278985	0.0	0.0
0.010584	0.008960660	166.483239	0.0	0.0
0.010690	0.009099850	165.692826	0.0	0.0
0.010796	0.009239770	164.907871	0.0	0.0
0.010904	0.009380400	164.128497	0.0	0.0
0.011013	0.009521740	163.354818	0.0	0.0
0.011122	0.009663780	162.586873	0.0	0.0
0.011233	0.009806520	161.824836	0.0	0.0
0.011345	0.009949950	161.068802	0.0	0.0
0.011458	0.010094100	160.318797	0.0	0.0
0.011572	0.010238900	159.574970	0.0	0.0
0.011688	0.010384500	158.837336	0.0	0.0
0.011804	0.010530700	158.105968	0.0	0.0
0.011922	0.010677700	157.380936	0.0	0.0
0.012040	0.010825300	156.662301	0.0	0.0
0.012160	0.010973700	155.950060	0.0	0.0
0.012281	0.011122800	155.244324	0.0	0.0
0.012404	0.011272700	154.545140	0.0	0.0
0.012527	0.011423300	153.852433	0.0	0.0
0.012652	0.011574600	153.166354	0.0	0.0
0.012778	0.011726700	152.486823	0.0	0.0
0.012906	0.011879600	151.813870	0.0	0.0
0.013034	0.012033300	151.147570	0.0	0.0
0.013164	0.012187800	150.487840	0.0	0.0
0.013295	0.012343000	149.834744	0.0	0.0
0.013428	0.012499200	149.188294	0.0	0.0
0.013561	0.012656100	148.548399	0.0	0.0
0.013696	0.012813900	147.915113	0.0	0.0
0.013833	0.012972600	147.288435	0.0	0.0
0.013971	0.013132200	146.668316	0.0	0.0
0.014110	0.013292700	146.054707	0.0	0.0
0.014250	0.013454100	145.447642	0.0	0.0
0.014392	0.013616500	144.847026	0.0	0.0
0.014536	0.013779800	144.252929	0.0	0.0
0.014681	0.013944200	143.665209	0.0	0.0
0.014827	0.014109500	143.083892	0.0	0.0
0.014975	0.014275800	142.508916	0.0	0.0
0.015124	0.014443200	141.940298	0.0	0.0
0.015275	0.014611600	141.377899	0.0	0.0
0.015427	0.014781200	140.821768	0.0	0.0
0.015580	0.014951800	140.271806	0.0	0.0
0.015736	0.015123600	139.727948	0.0	0.0
0.015892	0.015296500	139.190200	0.0	0.0
0.016051	0.015470600	138.658495	0.0	0.0
0.016211	0.015645900	138.132769	0.0	0.0
0.016372	0.015822400	137.612988	0.0	0.0
0.016535	0.016000200	137.099084	0.0	0.0
0.016700	0.016179200	136.591024	0.0	0.0
0.016866	0.016359500	136.088710	0.0	0.0
0.017034	0.016541100	135.592136	0.0	0.0
0.017204	0.016724000	135.101207	0.0	0.0
0.017375	0.016908300	134.615885	0.0	0.0
0.017549	0.017093900	134.136104	0.0	0.0
0.017723	0.017281000	133.661828	0.0	0.0
0.017900	0.017469500	133.192990	0.0	0.0
0.018078	0.017659500	132.729524	0.0	0.0
0.018258	0.017850900	132.271367	0.0	0.0
0.018440	0.018043800	131.818457	0.0	0.0
0.018624	0.018238300	131.370777	0.0	0.0
0.018810	0.018434300	130.928217	0.0	0.0
0.018997	0.018631900	130.490763	0.0	0.0
0.019186	0.018831000	130.058328	0.0	0.0
0.019377	0.019031800	129.630852	0.0	0.0
0.019570	0.019234300	129.208297	0.0	0.0
0.019765	0.019438400	128.790603	0.0	0.0
0.019962	0.019644200	128.377691	0.0	0.0
0.020161	0.019851800	127.969522	0.0	0.0
0.020362	0.020061100	127.566039	0.0	0.0
0.020565	0.020272200	127.167185	0.0	0.0
0.020770	0.020485000	126.772905	0.0	0.0
0.020977	0.020699700	126.383124	0.0	0.0
0.021186	0.020916300	125.997825	0.0	0.0
0.021397	0.021134700	125.616919	0.0	0.0
0.021610	0.021355000	125.240369	0.0	0.0
0.021825	0.021577300	124.868124	0.0	0.0
0.022043	0.021801500	124.500117	0.0	0.0
0.022262	0.022027700	124.136295	0.0	0.0
0.022484	0.022255900	123.776628	0.0	0.0
0.022708	0.022486100	123.421049	0.0	0.0
0.022934	0.022718400	123.069494	0.0	0.0
0.023163	0.022952800	122.721949	0.0	0.0
0.023394	0.023189300	122.378321	0.0	0.0
0.023627	0.023428000	122.038594	0.0	0.0
0.023862	0.023668800	121.702695	0.0	0.0
0.024100	0.023911800	121.370594	0.0	0.0
0.024340	0.024157100	121.042247	0.0	0.0
0.024582	0.024404500	120.717573	0.0	0.0
0.024827	0.024654300	120.396569	0.0	0.0
0.025075	0.024906400	120.079156	0.0	0.0
0.025324	0.025160800	119.765307	0.0	0.0
0.025577	0.025417600	119.454969	0.0	0.0
0.025832	0.025676700	119.148105	0.0	0.0
0.026089	0.025938300	118.844664	0.0	0.0
0.026349	0.026202300	118.544598	0.0	0.0
0.026611	0.026468800	118.247883	0.0	0.0
0.026876	0.026737800	117.954460	0.0	0.0
0.027144	0.027009400	117.664284	0.0	0.0
0.027415	0.027283500	117.377331	0.0	0.0
0.027688	0.027560200	117.093558	0.0	0.0
0.027964	0.027839500	116.812921	0.0	0.0
0.028242	0.028121500	116.535368	0.0	0.0
0.028524	0.028406100	116.260887	0.0	0.0
0.028808	0.028693500	115.989409	0.0	0.0
0.029095	0.028983600	115.720923	0.0	0.0
0.029385	0.029276500	115.455380	0.0	0.0
0.029677	0.029572200	115.192742	0.0	0.0
0.029973	0.029870800	114.932974	0.0	0.0
0.030272	0.030172100	114.676045	0.0	0.0
0.030573	0.030476400	114.421913	0.0	0.0
0.030878	0.030783700	114.170551	0.0	0.0
0.031185	0.031093900	113.921925	0.0	0.0
0.031496	0.031407000	113.675992	0.0	0.0
0.031810	0.031723300	113.432721	0.0	0.0
0.032127	0.032042500	113.192087	0.0	0.0
0.032447	0.032364900	112.954051	0.0	0.0
0.032770	0.032690400	112.718582	0.0	0.0
0.033097	0.033019000	112.485651	0.0	0.0
0.033426	0.033350900	112.255227	0.0	0.0
0.033759	0.033686000	112.027276	0.0	0.0
0.034096	0.034024300	111.801775	0.0	0.0
0.034435	0.034365900	111.578684	0.0	0.0
0.034778	0.034710900	111.357982	0.0	0.0
0.035125	0.035059200	111.139643	0.0	0.0
0.035475	0.035411000	110.923628	0.0	0.0
0.035828	0.035766100	110.709913	0.0	0.0
0.036185	0.036124800	110.498479	0.0	0.0
0.036546	0.036486900	110.289282	0.0	0.0
0.036910	0.036852600	110.082313	0.0	0.0
0.037278	0.037221900	109.877535	0.0	0.0
0.037649	0.037594800	109.674921	0.0	0.0
0.038024	0.037971400	109.474454	0.0	0.0
0.038403	0.038351700	109.276096	0.0	0.0
0.038785	0.038735700	109.079836	0.0	0.0
0.039172	0.039123500	108.885639	0.0	0.0
0.039562	0.039515100	108.693485	0.0	0.0
0.039956	0.039910500	108.503352	0.0	0.0
0.040354	0.040309900	108.315212	0.0	0.0
0.040756	0.040713100	108.129041	0.0	0.0
0.041162	0.041120400	107.944817	0.0	0.0
0.041572	0.041531600	107.762525	0.0	0.0
0.041987	0.041946900	107.582130	0.0	0.0
0.042405	0.042366400	107.403619	0.0	0.0
0.042827	0.042789900	107.226965	0.0	0.0
0.043254	0.043217700	107.052154	0.0	0.0
0.043685	0.043649600	106.879155	0.0	0.0
0.044120	0.044085800	106.707953	0.0	0.0
0.044560	0.044526400	106.538524	0.0	0.0
0.045004	0.044971300	106.370850	0.0	0.0
0.045452	0.045420500	106.204912	0.0	0.0
0.045905	0.045874300	106.040691	0.0	0.0
0.046362	0.046332500	105.878162	0.0	0.0
0.046824	0.046795300	105.717311	0.0	0.0
0.047291	0.047262600	105.558114	0.0	0.0
0.047762	0.047734600	105.400558	0.0	0.0
0.048238	0.048211200	105.244619	0.0	0.0
0.048718	0.048692600	105.090285	0.0	0.0
0.049204	0.049178700	104.937530	0.0	0.0
0.049694	0.049669600	104.786342	0.0	0.0
0.050189	0.050165400	104.636703	0.0	0.0
0.050689	0.050666200	104.488593	0.0	0.0
0.051194	0.051171900	104.341995	0.0	0.0
0.051704	0.051682600	104.196895	0.0	0.0
0.052219	0.052198300	104.053274	0.0	0.0
0.052739	0.052719200	103.911117	0.0	0.0
0.053265	0.053245300	103.770405	0.0	0.0
0.053795	0.053776600	103.631125	0.0	0.0
0.054331	0.054313100	103.493259	0.0	0.0
0.054873	0.054855000	103.356794	0.0	0.0
0.055419	0.055402200	103.221711	0.0	0.0
0.055971	0.055954900	103.087995	0.0	0.0
0.056529	0.056513100	102.955636	0.0	0.0
0.057092	0.057076800	102.824613	0.0	0.0
0.057661	0.057646100	102.694912	0.0	0.0
0.058235	0.058221100	102.566522	0.0	0.0
0.058816	0.058801800	102.439427	0.0	0.0
0.059402	0.059388300	102.313612	0.0	0.0
0.059993	0.059980500	102.189064	0.0	0.0
0.060591	0.060578700	102.065767	0.0	0.0
0.061195	0.061182800	101.943710	0.0	0.0
0.061804	0.061792900	101.822879	0.0	0.0
0.062420	0.062409100	101.703259	0.0	0.0
0.063042	0.063031400	101.584837	0.0	0.0
0.063670	0.063659900	101.467602	0.0	0.0
0.064304	0.064294700	101.351541	0.0	0.0
0.064945	0.064935700	101.236639	0.0	0.0
0.065592	0.065583200	101.122884	0.0	0.0
0.066246	0.066237000	101.010266	0.0	0.0
0.066906	0.066897400	100.898770	0.0	0.0
0.067572	0.067564400	100.788385	0.0	0.0
0.068245	0.068237900	100.679099	0.0	0.0
0.068925	0.068918200	100.570901	0.0	0.0
0.069612	0.069605300	100.463775	0.0	0.0
0.070305	0.070299100	100.357715	0.0	0.0
0.071006	0.070999900	100.252708	0.0	0.0
0.071713	0.071707700	100.148741	0.0	0.0
0.072428	0.072422500	100.045803	0.0	0.0
0.073149	0.073144400	99.943886	0.0	0.0
0.073878	0.073873500	99.842974	0.0	0.0
0.074614	0.074609800	99.743061	0.0	0.0
0.075357	0.075353500	99.644133	0.0	0.0
0.076108	0.076104600	99.546181	0.0	0.0
0.076866	0.076863100	99.449195	0.0	0.0
0.077632	0.077629200	99.353164	0.0	0.0
0.078406	0.078402900	99.258078	0.0	0.0
0.079187	0.079184400	99.163925	0.0	0.0
0.079976	0.079973600	99.070699	0.0	0.0
0.080773	0.080770600	98.978388	0.0	0.0
0.081577	0.081575600	98.886980	0.0	0.0
0.082390	0.082388600	98.796469	0.0	0.0
0.083211	0.083209700	98.706844	0.0	0.0
0.084040	0.084039000	98.618095	0.0	0.0
0.084877	0.084876500	98.530213	0.0	0.0
0.085723	0.085722400	98.443189	0.0	0.0
0.086577	0.086576700	98.357015	0.0	0.0
0.087439	0.087439500	98.271680	0.0	0.0
0.088310	0.088310900	98.187177	0.0	0.0
0.089190	0.089190900	98.103495	0.0	0.0
0.090079	0.090079700	98.020626	0.0	0.0
0.090976	0.090977400	97.938563	0.0	0.0
0.091883	0.091884100	97.857295	0.0	0.0
0.092798	0.092799700	97.776815	0.0	0.0
0.093722	0.093724500	97.697115	0.0	0.0
0.094656	0.094658500	97.618185	0.0	0.0
0.095599	0.095601700	97.540019	0.0	0.0
0.096552	0.096554400	97.462607	0.0	0.0
0.097514	0.097516500	97.385943	0.0	0.0
0.098485	0.098488200	97.310017	0.0	0.0
0.099466	0.099469600	97.234822	0.0	0.0
0.100457	0.100461000	97.160349	0.0	0.0
0.101458	0.101462000	97.086595	0.0	0.0
0.102469	0.102473000	97.013547	0.0	0.0
0.103490	0.103494000	96.941197	0.0	0.0
0.104521	0.104525000	96.869546	0.0	0.0
0.105562	0.105567000	96.798578	0.0	0.0
0.106614	0.106619000	96.728287	0.0	0.0
0.107676	0.107681000	96.658672	0.0	0.0
0.108749	0.108754000	96.589713	0.0	0.0
0.109832	0.109838000	96.521418	0.0	0.0
0.110926	0.110932000	96.453772	0.0	0.0
0.112031	0.112037000	96.386763	0.0	0.0
0.113148	0.113154000	96.320397	0.0	0.0
0.114275	0.114281000	96.254655	0.0	0.0
0.115413	0.115420000	96.189544	0.0	0.0
0.116563	0.116570000	96.125041	0.0	0.0
0.117724	0.117731000	96.061155	0.0	0.0
0.118897	0.118905000	95.997866	0.0	0.0
0.120082	0.120089000	95.935177	0.0	0.0
0.121278	0.121286000	95.873074	0.0	0.0
0.122486	0.122494000	95.811561	0.0	0.0
0.123707	0.123715000	95.750623	0.0	0.0
0.124939	0.124947000	95.690254	0.0	0.0
0.126184	0.126192000	95.630454	0.0	0.0
0.127441	0.127450000	95.571214	0.0	0.0
0.128711	0.128720000	95.512523	0.0	0.0
0.129993	0.130002000	95.454382	0.0	0.0
0.131288	0.131297000	95.396782	0.0	0.0
0.132596	0.132606000	95.339718	0.0	0.0
0.133917	0.133927000	95.283185	0.0	0.0
0.135251	0.135261000	95.227174	0.0	0.0
0.136599	0.136609000	95.171686	0.0	0.0
0.137960	0.137970000	95.116708	0.0	0.0
0.139334	0.139345000	95.062236	0.0	0.0
0.140722	0.140733000	95.008270	0.0	0.0
0.142124	0.142135000	94.954797	0.0	0.0
0.143540	0.143551000	94.901818	0.0	0.0
0.144970	0.144982000	94.849321	0.0	0.0
0.146414	0.146426000	94.797307	0.0	0.0
0.147873	0.147885000	94.745771	0.0	0.0
0.149346	0.149358000	94.694700	0.0	0.0
0.150834	0.150846000	94.644099	0.0	0.0
0.152337	0.152349000	94.593953	0.0	0.0
0.153855	0.153867000	94.544264	0.0	0.0
0.155387	0.155400000	94.495025	0.0	0.0
0.156935	0.156949000	94.446234	0.0	0.0
0.158499	0.158512000	94.397881	0.0	0.0
0.160078	0.160092000	94.349962	0.0	0.0
0.161673	0.161687000	94.302474	0.0	0.0
0.163284	0.163297000	94.255412	0.0	0.0
0.164910	0.164924000	94.208769	0.0	0.0
0.166553	0.166568000	94.162546	0.0	0.0
0.168213	0.168227000	94.116733	0.0	0.0
0.169888	0.169903000	94.071326	0.0	0.0
0.171581	0.171596000	94.026324	0.0	0.0
0.173290	0.173306000	93.981719	0.0	0.0
0.175017	0.175032000	93.937506	0.0	0.0
0.176760	0.176776000	93.893684	0.0	0.0
0.178521	0.178537000	93.850247	0.0	0.0
0.180300	0.180316000	93.807189	0.0	0.0
0.182096	0.182113000	93.764508	0.0	0.0
0.183910	0.183927000	93.722201	0.0	0.0
0.185743	0.185759000	93.680259	0.0	0.0
0.187593	0.187610000	93.638681	0.0	0.0
0.189462	0.189479000	93.597464	0.0	0.0
0.191350	0.191367000	93.556601	0.0	0.0
0.193256	0.193274000	93.516091	0.0	0.0
0.195181	0.195199000	93.475926	0.0	0.0
0.197126	0.197144000	93.436106	0.0	0.0
0.199090	0.199108000	93.396624	0.0	0.0
0.201073	0.201092000	93.357477	0.0	0.0
0.203077	0.203095000	93.318663	0.0	0.0
0.205100	0.205119000	93.280176	0.0	0.0
0.207143	0.207162000	93.242012	0.0	0.0
0.209207	0.209226000	93.204169	0.0	0.0
0.211291	0.211311000	93.166643	0.0	0.0
0.213396	0.213416000	93.129427	0.0	0.0
0.215522	0.215542000	93.092521	0.0	0.0
0.217669	0.217690000	93.055920	0.0	0.0
0.219838	0.219858000	93.019622	0.0	0.0
0.222028	0.222049000	92.983621	0.0	0.0
0.224240	0.224261000	92.947914	0.0	0.0
0.226474	0.226495000	92.912498	0.0	0.0
0.228730	0.228752000	92.877369	0.0	0.0
0.231009	0.231031000	92.842524	0.0	0.0
0.233311	0.233333000	92.807959	0.0	0.0
0.235635	0.235657000	92.773671	0.0	0.0
0.237983	0.238005000	92.739658	0.0	0.0
0.240354	0.240376000	92.705913	0.0	0.0
0.242748	0.242771000	92.672435	0.0	0.0
0.245167	0.245190000	92.639222	0.0	0.0
0.247609	0.247632000	92.606268	0.0	0.0
0.250076	0.250100000	92.573571	0.0	0.0
0.252567	0.252591000	92.541129	0.0	0.0
0.255084	0.255108000	92.508937	0.0	0.0
0.257625	0.257649000	92.476991	0.0	0.0
0.260192	0.260216000	92.445290	0.0	0.0
0.262784	0.262809000	92.413830	0.0	0.0
0.265402	0.265427000	92.382607	0.0	0.0
0.268046	0.268071000	92.351620	0.0	0.0
0.270716	0.270742000	92.320865	0.0	0.0
0.273413	0.273439000	92.290338	0.0	0.0
0.276137	0.276164000	92.260037	0.0	0.0
0.278888	0.278915000	92.229959	0.0	0.0
0.281667	0.281694000	92.200100	0.0	0.0
0.284473	0.284500000	92.170457	0.0	0.0
0.287307	0.287334000	92.141029	0.0	0.0
0.290170	0.290197000	92.111813	0.0	0.0
0.293060	0.293088000	92.082803	0.0	0.0
0.295980	0.296008000	92.053999	0.0	0.0
0.298929	0.298957000	92.025398	0.0	0.0
0.301907	0.301935000	91.996995	0.0	0.0
0.304915	0.304944000	91.968790	0.0	0.0
0.307953	0.307982000	91.940778	0.0	0.0
0.311021	0.311050000	91.912958	0.0	0.0
0.314119	0.314149000	91.885326	0.0	0.0
0.317249	0.317278000	91.857880	0.0	0.0
0.320409	0.320439000	91.830617	0.0	0.0
0.323602	0.323632000	91.803533	0.0	0.0
0.326825	0.326856000	91.776628	0.0	0.0
0.330082	0.330112000	91.749897	0.0	0.0
0.333370	0.333401000	91.723339	0.0	0.0
0.336691	0.336723000	91.696951	0.0	0.0
0.340046	0.340077000	91.670730	0.0	0.0
0.343433	0.343465000	91.644673	0.0	0.0
0.346855	0.346887000	91.618778	0.0	0.0
0.350311	0.350343000	91.593042	0.0	0.0
0.353801	0.353833000	91.567463	0.0	0.0
0.357325	0.357358000	91.542039	0.0	0.0
0.360885	0.360918000	91.516766	0.0	0.0
0.364481	0.364514000	91.491643	0.0	0.0
0.368112	0.368146000	91.466667	0.0	0.0
0.371779	0.371813000	91.441835	0.0	0.0
0.375483	0.375517000	91.417145	0.0	0.0
0.379224	0.379258000	91.392594	0.0	0.0
0.383002	0.383037000	91.368181	0.0	0.0
0.386818	0.386853000	91.343902	0.0	0.0
0.390672	0.390707000	91.319755	0.0	0.0
0.394564	0.394599000	91.295739	0.0	0.0
0.398495	0.398530000	91.271850	0.0	0.0
0.402465	0.402501000	91.248086	0.0	0.0
0.406474	0.406510000	91.224445	0.0	0.0
0.410524	0.410560000	91.200924	0.0	0.0
0.414614	0.414650000	91.177522	0.0	0.0
0.418745	0.418781000	91.154235	0.0	0.0
0.422916	0.422953000	91.131063	0.0	0.0
0.427130	0.427167000	91.108001	0.0	0.0
0.431385	0.431423000	91.085049	0.0	0.0
0.435683	0.435721000	91.062203	0.0	0.0
0.440024	0.440061000	91.039462	0.0	0.0
0.444407	0.444445000	91.016823	0.0	0.0
0.448835	0.448873000	90.994285	0.0	0.0
0.453307	0.453345000	90.971843	0.0	0.0
0.457823	0.457861000	90.949498	0.0	0.0
0.462384	0.462423000	90.927246	0.0	0.0
0.466990	0.467029000	90.905086	0.0	0.0
0.471643	0.471682000	90.883015	0.0	0.0
0.476342	0.476381000	90.861030	0.0	0.0
0.481087	0.481127000	90.839130	0.0	0.0
0.485880	0.485920000	90.817312	0.0	0.0
0.490721	0.490761000	90.795576	0.0	0.0
0.495610	0.495650000	90.773917	0.0	0.0
0.500547	0.500588000	90.752335	0.0	0.0
0.505534	0.505575000	90.730826	0.0	0.0
0.510571	0.510611000	90.709390	0.0	0.0
0.515657	0.515698000	90.688024	0.0	0.0
0.520795	0.520835000	90.666725	0.0	0.0
0.525983	0.526024000	90.645491	0.0	0.0
0.531224	0.531264000	90.624322	0.0	0.0
0.536516	0.536557000	90.603213	0.0	0.0
0.541861	0.541902000	90.582164	0.0	0.0
0.547260	0.547300000	90.561173	0.0	0.0
0.552712	0.552753000	90.540237	0.0	0.0
0.558218	0.558259000	90.519353	0.0	0.0
0.563780	0.563821000	90.498521	0.0	0.0
0.569396	0.569437000	90.477738	0.0	0.0
0.575069	0.575110000	90.457002	0.0	0.0
0.580798	0.580839000	90.436311	0.0	0.0
0.586585	0.586626000	90.415663	0.0	0.0
0.592429	0.592470000	90.395056	0.0	0.0
0.598331	0.598372000	90.374487	0.0	0.0
0.604292	0.604333000	90.353956	0.0	0.0
0.610312	0.610353000	90.333459	0.0	0.0
0.616392	0.616433000	90.312996	0.0	0.0
0.622533	0.622574000	90.292563	0.0	0.0
0.628736	0.628776000	90.272159	0.0	0.0
0.634999	0.635040000	90.251781	0.0	0.0
0.641326	0.641366000	90.231429	0.0	0.0
0.647715	0.647755000	90.211099	0.0	0.0
0.654168	0.654208000	90.190790	0.0	0.0
0.660685	0.660725000	90.170500	0.0	0.0
0.667268	0.667307000	90.150227	0.0	0.0
0.673915	0.673954000	90.129968	0.0	0.0
0.680629	0.680668000	90.109723	0.0	0.0
0.687410	0.687449000	90.089488	0.0	0.0
0.694259	0.694297000	90.069262	0.0	0.0
0.701175	0.701213000	90.049043	0.0	0.0
0.708161	0.708198000	90.028828	0.0	0.0
0.715216	0.715253000	90.008617	0.0	0.0
0.722342	0.722378000	89.988407	0.0	0.0
0.729538	0.729574000	89.968195	0.0	0.0
0.736806	0.736842000	89.947980	0.0	0.0
0.744147	0.744182000	89.927761	0.0	0.0
0.751561	0.751595000	89.907534	0.0	0.0
0.759048	0.759082000	89.887298	0.0	0.0
0.766610	0.766644000	89.867051	0.0	0.0
0.774248	0.774280000	89.846792	0.0	0.0
0.781961	0.781993000	89.826517	0.0	0.0
0.789752	0.789783000	89.806225	0.0	0.0
0.797620	0.797650000	89.785914	0.0	0.0
0.805566	0.805596000	89.765582	0.0	0.0
0.813592	0.813620000	89.745227	0.0	0.0
0.821698	0.821725000	89.724847	0.0	0.0
0.829884	0.829911000	89.704440	0.0	0.0
0.838152	0.838177000	89.684004	0.0	0.0
0.846502	0.846526000	89.663537	0.0	0.0
0.854936	0.854958000	89.643038	0.0	0.0
0.863453	0.863475000	89.622503	0.0	0.0
0.872055	0.872076000	89.601931	0.0	0.0
0.880743	0.880763000	89.581320	0.0	0.0
0.889518	0.889536000	89.560667	0.0	0.0
0.898380	0.898397000	89.539972	0.0	0.0
0.907330	0.907346000	89.519231	0.0	0.0
0.916370	0.916383000	89.498444	0.0	0.0
0.925499	0.925512000	89.477607	0.0	0.0
0.934720	0.934730000	89.456718	0.0	0.0
0.944032	0.944040000	89.435777	0.0	0.0
0.953437	0.953444000	89.414780	0.0	0.0
0.962936	0.962941000	89.393725	0.0	0.0
0.972529	0.972532000	89.372611	0.0	0.0
0.982218	0.982219000	89.351436	0.0	0.0
0.992004	0.992002000	89.330197	0.0	0.0
1.001887	1.001880000	89.308891	0.0	0.0
1.011868	1.011860000	89.287519	0.0	0.0
1.021949	1.021940000	89.266076	0.0	0.0
1.032131	1.032120000	89.244560	0.0	0.0
1.042414	1.042400000	89.222970	0.0	0.0
1.052799	1.052780000	89.201305	0.0	0.0
1.063288	1.063270000	89.179561	0.0	0.0
1.073881	1.073860000	89.157737	0.0	0.0
1.084580	1.084550000	89.135829	0.0	0.0
1.095385	1.095360000	89.113838	0.0	0.0
1.106298	1.106270000	89.091758	0.0	0.0
1.117320	1.117280000	89.069590	0.0	0.0
1.128451	1.128410000	89.047331	0.0	0.0
1.139694	1.139650000	89.024976	0.0	0.0
1.151048	1.151000000	89.002528	0.0	0.0
1.162516	1.162470000	88.979980	0.0	0.0
1.174097	1.174040000	88.957335	0.0	0.0
1.185794	1.185740000	88.934585	0.0	0.0
1.197608	1.197550000	88.911730	0.0	0.0
1.209540	1.209470000	88.888768	0.0	0.0
1.221590	1.221520000	88.865698	0.0	0.0
1.233760	1.233680000	88.842517	0.0	0.0
1.246052	1.245970000	88.819221	0.0	0.0
1.258466	1.258380000	88.795810	0.0	0.0
1.271004	1.270910000	88.772280	0.0	0.0
1.283666	1.283570000	88.748631	0.0	0.0
1.296455	1.296350000	88.724857	0.0	0.0
1.309371	1.309260000	88.700960	0.0	0.0
1.322416	1.322300000	88.676933	0.0	0.0
1.335591	1.335470000	88.652777	0.0	0.0
1.348897	1.348770000	88.628489	0.0	0.0
1.362336	1.362200000	88.604066	0.0	0.0
1.375908	1.375770000	88.579507	0.0	0.0
1.389616	1.389470000	88.554807	0.0	0.0
1.403460	1.403300000	88.529966	0.0	0.0
1.417443	1.417280000	88.504979	0.0	0.0
1.431564	1.431390000	88.479848	0.0	0.0
1.445826	1.445640000	88.454566	0.0	0.0
1.460231	1.460040000	88.429132	0.0	0.0
1.474779	1.474580000	88.403543	0.0	0.0
1.489471	1.489260000	88.377800	0.0	0.0
1.504310	1.504090000	88.351896	0.0	0.0
1.519297	1.519070000	88.325831	0.0	0.0
1.534434	1.534190000	88.299599	0.0	0.0
1.549721	1.549470000	88.273202	0.0	0.0
1.565160	1.564900000	88.246636	0.0	0.0
1.580753	1.580480000	88.219898	0.0	0.0
1.596502	1.596220000	88.192983	0.0	0.0
1.612408	1.612110000	88.165891	0.0	0.0
1.628471	1.628160000	88.138622	0.0	0.0
1.644695	1.644370000	88.111168	0.0	0.0
1.661081	1.660750000	88.083527	0.0	0.0
1.677630	1.677280000	88.055700	0.0	0.0
1.694344	1.693980000	88.027680	0.0	0.0
1.711224	1.710850000	87.999469	0.0	0.0
1.728272	1.727880000	87.971061	0.0	0.0
1.745491	1.745080000	87.942452	0.0	0.0
1.762880	1.762460000	87.913643	0.0	0.0
1.780443	1.780000000	87.884628	0.0	0.0
1.798181	1.797720000	87.855406	0.0	0.0
1.816096	1.815620000	87.825973	0.0	0.0
1.834189	1.833690000	87.796327	0.0	0.0
1.852463	1.851950000	87.766463	0.0	0.0
1.870918	1.870380000	87.736382	0.0	0.0
1.889558	1.889000000	87.706077	0.0	0.0
1.908383	1.907810000	87.675547	0.0	0.0
1.927396	1.926800000	87.644789	0.0	0.0
1.946598	1.945980000	87.613800	0.0	0.0
1.965991	1.965350000	87.582578	0.0	0.0
1.985578	1.984910000	87.551117	0.0	0.0
2.005359	2.004670000	87.519417	0.0	0.0
2.025338	2.024620000	87.487473	0.0	0.0
2.045516	2.044770000	87.455281	0.0	0.0
2.065895	2.065130000	87.422841	0.0	0.0
2.086477	2.085680000	87.390147	0.0	0.0
2.107264	2.106440000	87.357197	0.0	0.0
2.128258	2.127400000	87.323988	0.0	0.0
2.149461	2.148580000	87.290516	0.0	0.0
2.170875	2.169960000	87.256779	0.0	0.0
2.192503	2.191550000	87.222772	0.0	0.0
2.214346	2.213360000	87.188493	0.0	0.0
2.236407	2.235390000	87.153937	0.0	0.0
2.258688	2.257630000	87.119102	0.0	0.0
2.281191	2.280100000	87.083983	0.0	0.0
2.303917	2.302790000	87.048581	0.0	0.0
2.326871	2.325700000	87.012887	0.0	0.0
2.350052	2.348850000	86.976902	0.0	0.0
2.373465	2.372220000	86.940618	0.0	0.0
2.397111	2.395820000	86.904035	0.0	0.0
2.420993	2.419660000	86.867148	0.0	0.0
2.445113	2.443730000	86.829953	0.0	0.0
2.469473	2.468040000	86.792448	0.0	0.0
2.494075	2.492600000	86.754628	0.0	0.0
2.518923	2.517390000	86.716490	0.0	0.0
2.544018	2.542440000	86.678029	0.0	0.0
2.569364	2.567730000	86.639242	0.0	0.0
2.594961	2.593270000	86.600127	0.0	0.0
2.620814	2.619070000	86.560677	0.0	0.0
2.646925	2.645120000	86.520889	0.0	0.0
2.673295	2.671430000	86.480762	0.0	0.0
2.699928	2.698000000	86.440288	0.0	0.0
2.726827	2.724840000	86.399465	0.0	0.0
2.753994	2.751940000	86.358289	0.0	0.0
2.781431	2.779310000	86.316756	0.0	0.0
2.809141	2.806950000	86.274863	0.0	0.0
2.837128	2.834860000	86.232603	0.0	0.0
2.865393	2.863050000	86.189975	0.0	0.0
2.893941	2.891520000	86.146971	0.0	0.0
2.922772	2.920270000	86.103591	0.0	0.0
2.951891	2.949310000	86.059829	0.0	0.0
2.981300	2.978640000	86.015680	0.0	0.0
3.011001	3.008250000	85.971142	0.0	0.0
3.040999	3.038160000	85.926207	0.0	0.0
3.071296	3.068360000	85.880873	0.0	0.0
3.101894	3.098860000	85.835136	0.0	0.0
3.132797	3.129670000	85.788991	0.0	0.0
3.164008	3.160780000	85.742433	0.0	0.0
3.195530	3.192200000	85.695457	0.0	0.0
3.227367	3.223930000	85.648058	0.0	0.0
3.259520	3.255970000	85.600235	0.0	0.0
3.291993	3.288330000	85.551981	0.0	0.0
3.324791	3.321010000	85.503288	0.0	0.0
3.357915	3.354010000	85.454157	0.0	0.0
3.391368	3.387340000	85.404581	0.0	0.0
3.425156	3.420990000	85.354552	0.0	0.0
3.459279	3.454990000	85.304071	0.0	0.0
3.493743	3.489310000	85.253128	0.0	0.0
3.528550	3.523980000	85.201721	0.0	0.0
3.563704	3.558990000	85.149843	0.0	0.0
3.599208	3.594340000	85.097491	0.0	0.0
3.635066	3.630040000	85.044658	0.0	0.0
3.671281	3.666100000	84.991340	0.0	0.0
3.707857	3.702510000	84.937532	0.0	0.0
3.744797	3.739280000	84.883228	0.0	0.0
3.782106	3.776410000	84.828422	0.0	0.0
3.819786	3.813910000	84.773110	0.0	0.0
3.857841	3.851780000	84.717288	0.0	0.0
3.896276	3.890030000	84.660946	0.0	0.0
3.935093	3.928650000	84.604084	0.0	0.0
3.974297	3.967650000	84.546693	0.0	0.0
4.013892	4.007030000	84.488768	0.0	0.0
4.053881	4.046810000	84.430304	0.0	0.0
4.094269	4.086970000	84.371295	0.0	0.0
4.135059	4.127530000	84.311735	0.0	0.0
4.176255	4.168490000	84.251619	0.0	0.0
4.217862	4.209860000	84.190940	0.0	0.0
4.259883	4.251630000	84.129693	0.0	0.0
4.302323	4.293810000	84.067872	0.0	0.0
4.345186	4.336410000	84.005470	0.0	0.0
4.388476	4.379420000	83.942483	0.0	0.0
4.432197	4.422860000	83.878903	0.0	0.0
4.476353	4.466730000	83.814725	0.0	0.0
4.520950	4.511020000	83.749942	0.0	0.0
4.565991	4.555750000	83.684548	0.0	0.0
4.611480	4.600920000	83.618537	0.0	0.0
4.657423	4.646540000	83.551902	0.0	0.0
4.703824	4.692600000	83.484636	0.0	0.0
4.750687	4.739120000	83.416734	0.0	0.0
4.798016	4.786090000	83.348190	0.0	0.0
4.845817	4.833520000	83.278995	0.0	0.0
4.894095	4.881410000	83.209143	0.0	0.0
4.942853	4.929780000	83.138629	0.0	0.0
4.992097	4.978620000	83.067445	0.0	0.0
5.041832	5.027930000	82.995583	0.0	0.0
5.092062	5.077740000	82.923039	0.0	0.0
5.142793	5.128020000	82.849802	0.0	0.0
5.194029	5.178800000	82.775868	0.0	0.0
5.245776	5.230080000	82.701228	0.0	0.0
5.298038	5.281860000	82.625877	0.0	0.0
5.350821	5.334140000	82.549806	0.0	0.0
5.404129	5.386930000	82.473010	0.0	0.0
5.457969	5.440240000	82.395478	0.0	0.0
5.512345	5.494070000	82.317205	0.0	0.0
5.567263	5.548430000	82.238182	0.0	0.0
5.622728	5.603320000	82.158403	0.0	0.0
5.678746	5.658740000	82.077859	0.0	0.0
5.735321	5.714700000	81.996544	0.0	0.0
5.792460	5.771200000	81.914449	0.0	0.0
5.850169	5.828260000	81.831565	0.0	0.0
5.908453	5.885870000	81.747885	0.0	0.0
5.967317	5.944040000	81.663403	0.0	0.0
6.026767	6.002780000	81.578109	0.0	0.0
6.086810	6.062080000	81.491995	0.0	0.0
6.147451	6.121970000	81.405052	0.0	0.0
6.208696	6.182430000	81.317273	0.0	0.0
6.270552	6.243480000	81.228648	0.0	0.0
6.333023	6.305130000	81.139172	0.0	0.0
6.396117	6.367370000	81.048832	0.0	0.0
6.459840	6.430210000	80.957622	0.0	0.0
6.524198	6.493660000	80.865532	0.0	0.0
6.589196	6.557730000	80.772556	0.0	0.0
6.654842	6.622410000	80.678683	0.0	0.0
6.721143	6.687720000	80.583903	0.0	0.0
6.788103	6.753660000	80.488209	0.0	0.0
6.855731	6.820240000	80.391591	0.0	0.0
6.924033	6.887460000	80.294040	0.0	0.0
6.993015	6.955320000	80.195547	0.0	0.0
7.062684	7.023840000	80.096103	0.0	0.0
7.133048	7.093020000	79.995696	0.0	0.0
7.204112	7.162870000	79.894321	0.0	0.0
7.275884	7.233390000	79.791966	0.0	0.0
7.348372	7.304580000	79.688619	0.0	0.0
7.421582	7.376460000	79.584273	0.0	0.0
7.495521	7.449020000	79.478919	0.0	0.0
7.570196	7.522280000	79.372546	0.0	0.0
7.645616	7.596250000	79.265142	0.0	0.0
7.721787	7.670920000	79.156700	0.0	0.0
7.798717	7.746300000	79.047208	0.0	0.0
7.876413	7.822410000	78.936657	0.0	0.0
7.954883	7.899240000	78.825036	0.0	0.0
8.034135	7.976800000	78.712333	0.0	0.0
8.114177	8.055100000	78.598539	0.0	0.0
8.195016	8.134150000	78.483644	0.0	0.0
8.276661	8.213940000	78.367636	0.0	0.0
8.359119	8.294500000	78.250504	0.0	0.0
8.442398	8.375830000	78.132239	0.0	0.0
8.526507	8.457920000	78.012828	0.0	0.0
8.611454	8.540780000	77.892261	0.0	0.0
8.697247	8.624440000	77.770526	0.0	0.0
8.783896	8.708880000	77.647611	0.0	0.0
8.871407	8.794130000	77.523507	0.0	0.0
8.959790	8.880170000	77.398202	0.0	0.0
9.049054	8.967020000	77.271682	0.0	0.0
9.139207	9.054690000	77.143937	0.0	0.0
9.230258	9.143190000	77.014956	0.0	0.0
9.322216	9.232520000	76.884726	0.0	0.0
9.415091	9.322690000	76.753235	0.0	0.0
9.508890	9.413690000	76.620472	0.0	0.0
9.603625	9.505550000	76.486422	0.0	0.0
9.699303	9.598270000	76.351076	0.0	0.0
9.795934	9.691850000	76.214421	0.0	0.0
9.893528	9.786310000	76.076443	0.0	0.0
9.992094	9.881640000	75.937130	0.0	0.0
10.091640	9.977860000	75.796473	0.0	0.0
10.192180	10.075000000	75.654453	0.0	0.0
10.293720	10.173000000	75.511062	0.0	0.0
10.396280	10.271900000	75.366273	0.0	0.0
10.499850	10.371700000	75.220101	0.0	0.0
10.604460	10.472500000	75.072505	0.0	0.0
10.710110	10.574200000	74.923486	0.0	0.0
10.816810	10.676800000	74.773032	0.0	0.0
10.924570	10.780300000	74.621129	0.0	0.0
11.033410	10.884800000	74.467751	0.0	0.0
11.143340	10.990300000	74.312885	0.0	0.0
11.254350	11.096700000	74.156546	0.0	0.0
11.366480	11.204100000	73.998680	0.0	0.0
11.479720	11.312400000	73.839301	0.0	0.0
11.594090	11.421800000	73.678384	0.0	0.0
11.709600	11.532100000	73.515916	0.0	0.0
11.826250	11.643400000	73.351898	0.0	0.0
11.944080	11.755800000	73.186275	0.0	0.0
12.063070	11.869100000	73.019078	0.0	0.0
12.183250	11.983500000	72.850267	0.0	0.0
12.304630	12.098900000	72.679828	0.0	0.0
12.427220	12.215300000	72.507749	0.0	0.0
12.551030	12.332800000	72.334019	0.0	0.0
12.676070	12.451300000	72.158626	0.0	0.0
12.802360	12.570800000	71.981543	0.0	0.0
12.929900	12.691500000	71.802772	0.0	0.0
13.058720	12.813100000	71.622273	0.0	0.0
13.188820	12.935900000	71.440049	0.0	0.0
13.320220	13.059700000	71.256074	0.0	0.0
13.452920	13.184700000	71.070349	0.0	0.0
13.586950	13.310700000	70.882837	0.0	0.0
13.722310	13.437800000	70.693538	0.0	0.0
13.859020	13.566000000	70.502427	0.0	0.0
13.997100	13.695300000	70.309479	0.0	0.0
14.136540	13.825800000	70.114711	0.0	0.0
14.277380	13.957300000	69.918070	0.0	0.0
14.419620	14.090000000	69.719558	0.0	0.0
14.563280	14.223900000	69.519149	0.0	0.0
14.708370	14.358900000	69.316835	0.0	0.0
14.854910	14.495000000	69.112588	0.0	0.0
15.002900	14.632300000	68.906413	0.0	0.0
15.152370	14.770700000	68.698271	0.0	0.0
15.303330	14.910300000	68.488151	0.0	0.0
15.455790	15.051100000	68.276043	0.0	0.0
15.609770	15.193000000	68.061923	0.0	0.0
15.765290	15.336200000	67.845766	0.0	0.0
15.922350	15.480500000	67.627575	0.0	0.0
16.080980	15.626000000	67.407314	0.0	0.0
16.241190	15.772400000	67.184972	0.0	0.0
16.403000	15.917200000	66.960525	0.0	0.0
16.566420	16.051000000	66.733964	0.0	0.0
16.731460	16.145800000	66.505279	0.0	0.0
16.898160	16.140700000	66.274419	0.0	0.0
17.066510	15.929700000	66.041402	0.0	0.0
17.236540	15.369600000	65.806192	0.0	0.0
17.408260	14.317900000	65.568779	0.0	0.0
17.581690	12.698500000	65.329140	0.0	0.0
17.756850	10.566000000	65.087254	0.0	0.0
17.933760	8.127610000	64.843097	0.0	0.0
18.112430	5.694680000	64.596660	0.0	0.0
18.292880	3.578610000	64.347923	0.0	0.0
18.475120	1.982650000	64.096876	0.0	0.0
18.659180	0.948870000	63.843485	0.0	0.0
18.845080	0.382207000	63.587726	0.0	0.0
19.032830	0.125035000	63.329594	0.0	0.0
19.222450	0.031509600	63.069066	0.0	0.0
19.413950	0.005608800	62.806135	0.0	0.0
19.607370	0.000597662	62.540753	0.0	0.0
19.802710	0.000024877	62.272926	0.0	0.0
20.000000	0.000000289	62.002621	0.0	0.0

