# UNCLASSIFIED
#
# Response info for HFC2 broad-band site.
#
# Effective: 02 MAR 2012
# Created: 30 APR 2012
# File name: HFC2.BB.1330646400
# Source:  James Neely (TTD), TSgt Swindle (TTD)
# System equipment: Strekeisen STS-2 and Nanometrics Europa-T Digitiser.
# INID: 5728,5729,5730
#
# The response file was derived from equations of state.
# Displacement response relative to 1.0 at 1.0 Hz.
#
# The calib values for this configuration are as follows:
#
# HFC2 HHZ is 0.006955 nm/count at 1.00 Hz.
# HFC2 HHN is 0.006955 nm/count at 1.00 Hz.
# HFC2 HHE is 0.006955 nm/count at 1.00 Hz.
#
# Freq(Hz)    Ampl(counts/nm)   Phase(deg)  Error(amp) Error(phase)
#
 theoretical   0   instrument   fap
1000
0.001000	0.000014347	260.223967	0.0	0.0
0.001011	0.000014811	260.118720	0.0	0.0
0.001021	0.000015290	260.012326	0.0	0.0
0.001032	0.000015784	259.904764	0.0	0.0
0.001043	0.000016294	259.796012	0.0	0.0
0.001054	0.000016821	259.686070	0.0	0.0
0.001066	0.000017365	259.574926	0.0	0.0
0.001077	0.000017926	259.462549	0.0	0.0
0.001089	0.000018506	259.348947	0.0	0.0
0.001100	0.000019104	259.234079	0.0	0.0
0.001112	0.000019722	259.117963	0.0	0.0
0.001124	0.000020359	259.000558	0.0	0.0
0.001136	0.000021017	258.881852	0.0	0.0
0.001148	0.000021697	258.761843	0.0	0.0
0.001160	0.000022398	258.640510	0.0	0.0
0.001172	0.000023122	258.517830	0.0	0.0
0.001185	0.000023869	258.393793	0.0	0.0
0.001198	0.000024641	258.268385	0.0	0.0
0.001210	0.000025437	258.141586	0.0	0.0
0.001223	0.000026260	258.013382	0.0	0.0
0.001236	0.000027108	257.883752	0.0	0.0
0.001250	0.000027985	257.752684	0.0	0.0
0.001263	0.000028889	257.620165	0.0	0.0
0.001276	0.000029823	257.486162	0.0	0.0
0.001290	0.000030787	257.350674	0.0	0.0
0.001304	0.000031782	257.213678	0.0	0.0
0.001318	0.000032809	257.075151	0.0	0.0
0.001332	0.000033869	256.935080	0.0	0.0
0.001346	0.000034964	256.793443	0.0	0.0
0.001360	0.000036094	256.650227	0.0	0.0
0.001375	0.000037261	256.505398	0.0	0.0
0.001389	0.000038465	256.358954	0.0	0.0
0.001404	0.000039708	256.210871	0.0	0.0
0.001419	0.000040991	256.061116	0.0	0.0
0.001434	0.000042315	255.909686	0.0	0.0
0.001450	0.000043683	255.756557	0.0	0.0
0.001465	0.000045094	255.601696	0.0	0.0
0.001481	0.000046551	255.445098	0.0	0.0
0.001496	0.000048056	255.286729	0.0	0.0
0.001512	0.000049608	255.126567	0.0	0.0
0.001529	0.000051211	254.964606	0.0	0.0
0.001545	0.000052866	254.800803	0.0	0.0
0.001561	0.000054573	254.635152	0.0	0.0
0.001578	0.000056337	254.467620	0.0	0.0
0.001595	0.000058156	254.298181	0.0	0.0
0.001612	0.000060035	254.126821	0.0	0.0
0.001629	0.000061974	253.953514	0.0	0.0
0.001646	0.000063976	253.778227	0.0	0.0
0.001664	0.000066043	253.600952	0.0	0.0
0.001682	0.000068176	253.421646	0.0	0.0
0.001700	0.000070377	253.240281	0.0	0.0
0.001718	0.000072650	253.056852	0.0	0.0
0.001736	0.000074996	252.871314	0.0	0.0
0.001755	0.000077418	252.683650	0.0	0.0
0.001773	0.000079918	252.493833	0.0	0.0
0.001792	0.000082498	252.301828	0.0	0.0
0.001811	0.000085162	252.107607	0.0	0.0
0.001831	0.000087911	251.911153	0.0	0.0
0.001850	0.000090749	251.712418	0.0	0.0
0.001870	0.000093678	251.511397	0.0	0.0
0.001890	0.000096702	251.308041	0.0	0.0
0.001910	0.000099823	251.102322	0.0	0.0
0.001930	0.000103044	250.894222	0.0	0.0
0.001951	0.000106369	250.683692	0.0	0.0
0.001972	0.000109801	250.470715	0.0	0.0
0.001993	0.000113344	250.255251	0.0	0.0
0.002014	0.000117001	250.037272	0.0	0.0
0.002035	0.000120775	249.816748	0.0	0.0
0.002057	0.000124670	249.593628	0.0	0.0
0.002079	0.000128691	249.367895	0.0	0.0
0.002101	0.000132841	249.139507	0.0	0.0
0.002124	0.000137124	248.908423	0.0	0.0
0.002146	0.000141545	248.674625	0.0	0.0
0.002169	0.000146107	248.438059	0.0	0.0
0.002192	0.000150817	248.198696	0.0	0.0
0.002216	0.000155677	247.956492	0.0	0.0
0.002239	0.000160693	247.711418	0.0	0.0
0.002263	0.000165870	247.463429	0.0	0.0
0.002287	0.000171213	247.212484	0.0	0.0
0.002312	0.000176727	246.958561	0.0	0.0
0.002336	0.000182418	246.701595	0.0	0.0
0.002361	0.000188291	246.441553	0.0	0.0
0.002386	0.000194352	246.178391	0.0	0.0
0.002412	0.000200607	245.912075	0.0	0.0
0.002438	0.000207062	245.642561	0.0	0.0
0.002464	0.000213724	245.369793	0.0	0.0
0.002490	0.000220598	245.093736	0.0	0.0
0.002516	0.000227691	244.814345	0.0	0.0
0.002543	0.000235011	244.531574	0.0	0.0
0.002570	0.000242565	244.245376	0.0	0.0
0.002598	0.000250359	243.955694	0.0	0.0
0.002625	0.000258401	243.662491	0.0	0.0
0.002653	0.000266700	243.365720	0.0	0.0
0.002682	0.000275262	243.065323	0.0	0.0
0.002710	0.000284097	242.761262	0.0	0.0
0.002739	0.000293212	242.453478	0.0	0.0
0.002768	0.000302617	242.141911	0.0	0.0
0.002798	0.000312320	241.826523	0.0	0.0
0.002828	0.000322331	241.507254	0.0	0.0
0.002858	0.000332658	241.184054	0.0	0.0
0.002888	0.000343312	240.856861	0.0	0.0
0.002919	0.000354303	240.525626	0.0	0.0
0.002950	0.000365641	240.190297	0.0	0.0
0.002982	0.000377337	239.850813	0.0	0.0
0.003014	0.000389401	239.507111	0.0	0.0
0.003046	0.000401845	239.159150	0.0	0.0
0.003078	0.000414680	238.806846	0.0	0.0
0.003111	0.000427918	238.450168	0.0	0.0
0.003144	0.000441572	238.089031	0.0	0.0
0.003178	0.000455652	237.723382	0.0	0.0
0.003212	0.000470174	237.353169	0.0	0.0
0.003246	0.000485149	236.978328	0.0	0.0
0.003281	0.000500590	236.598782	0.0	0.0
0.003316	0.000516513	236.214479	0.0	0.0
0.003351	0.000532931	235.825355	0.0	0.0
0.003387	0.000549858	235.431344	0.0	0.0
0.003423	0.000567310	235.032393	0.0	0.0
0.003459	0.000585301	234.628417	0.0	0.0
0.003496	0.000603848	234.219349	0.0	0.0
0.003533	0.000622966	233.805147	0.0	0.0
0.003571	0.000642671	233.385726	0.0	0.0
0.003609	0.000662981	232.961021	0.0	0.0
0.003648	0.000683913	232.530968	0.0	0.0
0.003687	0.000705483	232.095491	0.0	0.0
0.003726	0.000727711	231.654540	0.0	0.0
0.003766	0.000750615	231.208029	0.0	0.0
0.003806	0.000774212	230.755907	0.0	0.0
0.003846	0.000798521	230.298100	0.0	0.0
0.003887	0.000823564	229.834537	0.0	0.0
0.003929	0.000849359	229.365145	0.0	0.0
0.003971	0.000875926	228.889877	0.0	0.0
0.004013	0.000903287	228.408640	0.0	0.0
0.004056	0.000931461	227.921400	0.0	0.0
0.004099	0.000960470	227.428054	0.0	0.0
0.004143	0.000990336	226.928570	0.0	0.0
0.004187	0.001021080	226.422872	0.0	0.0
0.004232	0.001052730	225.910885	0.0	0.0
0.004277	0.001085300	225.392559	0.0	0.0
0.004322	0.001118810	224.867833	0.0	0.0
0.004368	0.001153300	224.336650	0.0	0.0
0.004415	0.001188780	223.798941	0.0	0.0
0.004462	0.001225270	223.254666	0.0	0.0
0.004510	0.001262810	222.703750	0.0	0.0
0.004558	0.001301410	222.146155	0.0	0.0
0.004606	0.001341090	221.581825	0.0	0.0
0.004656	0.001381900	221.010717	0.0	0.0
0.004705	0.001423830	220.432791	0.0	0.0
0.004755	0.001466940	219.847977	0.0	0.0
0.004806	0.001511220	219.256265	0.0	0.0
0.004857	0.001556720	218.657605	0.0	0.0
0.004909	0.001603460	218.051959	0.0	0.0
0.004961	0.001651450	217.439308	0.0	0.0
0.005014	0.001700730	216.819625	0.0	0.0
0.005068	0.001751320	216.192889	0.0	0.0
0.005122	0.001803230	215.559069	0.0	0.0
0.005176	0.001856510	214.918166	0.0	0.0
0.005232	0.001911170	214.270175	0.0	0.0
0.005287	0.001967220	213.615082	0.0	0.0
0.005344	0.002024710	212.952895	0.0	0.0
0.005401	0.002083640	212.283625	0.0	0.0
0.005458	0.002144040	211.607291	0.0	0.0
0.005517	0.002205930	210.923897	0.0	0.0
0.005575	0.002269320	210.233475	0.0	0.0
0.005635	0.002334250	209.536066	0.0	0.0
0.005695	0.002400730	208.831706	0.0	0.0
0.005756	0.002468770	208.120442	0.0	0.0
0.005817	0.002538400	207.402336	0.0	0.0
0.005879	0.002609620	206.677439	0.0	0.0
0.005942	0.002682460	205.945832	0.0	0.0
0.006005	0.002756920	205.207583	0.0	0.0
0.006069	0.002833020	204.462792	0.0	0.0
0.006134	0.002910780	203.711532	0.0	0.0
0.006199	0.002990200	202.953933	0.0	0.0
0.006265	0.003071280	202.190088	0.0	0.0
0.006332	0.003154050	201.420124	0.0	0.0
0.006400	0.003238490	200.644164	0.0	0.0
0.006468	0.003324630	199.862366	0.0	0.0
0.006537	0.003412450	199.074850	0.0	0.0
0.006607	0.003501970	198.281792	0.0	0.0
0.006677	0.003593170	197.483357	0.0	0.0
0.006748	0.003686070	196.679717	0.0	0.0
0.006820	0.003780650	195.871045	0.0	0.0
0.006893	0.003876910	195.057544	0.0	0.0
0.006967	0.003974840	194.239407	0.0	0.0
0.007041	0.004074440	193.416843	0.0	0.0
0.007116	0.004175690	192.590085	0.0	0.0
0.007192	0.004278580	191.759329	0.0	0.0
0.007269	0.004383110	190.924835	0.0	0.0
0.007346	0.004489250	190.086816	0.0	0.0
0.007424	0.004596980	189.245537	0.0	0.0
0.007504	0.004706300	188.401249	0.0	0.0
0.007584	0.004817180	187.554197	0.0	0.0
0.007664	0.004929600	186.704668	0.0	0.0
0.007746	0.005043540	185.852901	0.0	0.0
0.007829	0.005158970	184.999202	0.0	0.0
0.007912	0.005275880	184.143821	0.0	0.0
0.007997	0.005394230	183.287054	0.0	0.0
0.008082	0.005514010	182.429190	0.0	0.0
0.008168	0.005635190	181.570502	0.0	0.0
0.008255	0.005757730	180.711284	0.0	0.0
0.008343	0.005881610	179.851826	0.0	0.0
0.008432	0.006006810	178.992415	0.0	0.0
0.008522	0.006133300	178.133351	0.0	0.0
0.008613	0.006261040	177.274915	0.0	0.0
0.008705	0.006390010	176.417397	0.0	0.0
0.008798	0.006520180	175.561077	0.0	0.0
0.008891	0.006651530	174.706251	0.0	0.0
0.008986	0.006784020	173.853186	0.0	0.0
0.009082	0.006917620	173.002165	0.0	0.0
0.009179	0.007052320	172.153458	0.0	0.0
0.009277	0.007188090	171.307332	0.0	0.0
0.009376	0.007324890	170.464057	0.0	0.0
0.009476	0.007462710	169.623884	0.0	0.0
0.009577	0.007601520	168.787055	0.0	0.0
0.009679	0.007741300	167.953826	0.0	0.0
0.009782	0.007882030	167.124429	0.0	0.0
0.009886	0.008023680	166.299100	0.0	0.0
0.009992	0.008166240	165.478048	0.0	0.0
0.010098	0.008309690	164.661473	0.0	0.0
0.010206	0.008454030	163.849670	0.0	0.0
0.010315	0.008599210	163.042680	0.0	0.0
0.010425	0.008745250	162.240857	0.0	0.0
0.010536	0.008892110	161.444251	0.0	0.0
0.010648	0.009039800	160.653054	0.0	0.0
0.010762	0.009188310	159.867516	0.0	0.0
0.010877	0.009337620	159.087739	0.0	0.0
0.010993	0.009487730	158.313821	0.0	0.0
0.011110	0.009638640	157.545984	0.0	0.0
0.011228	0.009790340	156.784308	0.0	0.0
0.011348	0.009942840	156.028869	0.0	0.0
0.011469	0.010096100	155.279801	0.0	0.0
0.011592	0.010250200	154.537287	0.0	0.0
0.011715	0.010405100	153.801319	0.0	0.0
0.011840	0.010560700	153.072063	0.0	0.0
0.011966	0.010717200	152.349502	0.0	0.0
0.012094	0.010874500	151.633730	0.0	0.0
0.012223	0.011032600	150.924885	0.0	0.0
0.012353	0.011191600	150.222933	0.0	0.0
0.012485	0.011351300	149.527894	0.0	0.0
0.012618	0.011512000	148.839936	0.0	0.0
0.012753	0.011673500	148.158959	0.0	0.0
0.012889	0.011835800	147.485065	0.0	0.0
0.013026	0.011999100	146.818250	0.0	0.0
0.013165	0.012163300	146.158550	0.0	0.0
0.013305	0.012328400	145.505904	0.0	0.0
0.013447	0.012494400	144.860342	0.0	0.0
0.013591	0.012661400	144.221930	0.0	0.0
0.013736	0.012829400	143.590552	0.0	0.0
0.013882	0.012998400	142.966267	0.0	0.0
0.014030	0.013168400	142.348997	0.0	0.0
0.014180	0.013339500	141.738789	0.0	0.0
0.014331	0.013511600	141.135562	0.0	0.0
0.014484	0.013684800	140.539313	0.0	0.0
0.014638	0.013859100	139.949997	0.0	0.0
0.014794	0.014034600	139.367603	0.0	0.0
0.014952	0.014211200	138.792043	0.0	0.0
0.015111	0.014389000	138.223268	0.0	0.0
0.015273	0.014568000	137.661295	0.0	0.0
0.015435	0.014748300	137.106031	0.0	0.0
0.015600	0.014929800	136.557422	0.0	0.0
0.015766	0.015112600	136.015409	0.0	0.0
0.015935	0.015296700	135.479966	0.0	0.0
0.016104	0.015482200	134.951031	0.0	0.0
0.016276	0.015669000	134.428544	0.0	0.0
0.016450	0.015857300	133.912411	0.0	0.0
0.016625	0.016046900	133.402629	0.0	0.0
0.016802	0.016238000	132.899078	0.0	0.0
0.016982	0.016430600	132.401749	0.0	0.0
0.017163	0.016624700	131.910524	0.0	0.0
0.017346	0.016820400	131.425366	0.0	0.0
0.017531	0.017017600	130.946211	0.0	0.0
0.017718	0.017216400	130.472994	0.0	0.0
0.017907	0.017416800	130.005626	0.0	0.0
0.018098	0.017618900	129.544068	0.0	0.0
0.018291	0.017822700	129.088232	0.0	0.0
0.018486	0.018028200	128.638078	0.0	0.0
0.018683	0.018235400	128.193496	0.0	0.0
0.018882	0.018444400	127.754470	0.0	0.0
0.019083	0.018655200	127.320891	0.0	0.0
0.019287	0.018867900	126.892700	0.0	0.0
0.019492	0.019082400	126.469834	0.0	0.0
0.019700	0.019298800	126.052234	0.0	0.0
0.019910	0.019517200	125.639820	0.0	0.0
0.020123	0.019737500	125.232531	0.0	0.0
0.020337	0.019959800	124.830310	0.0	0.0
0.020554	0.020184100	124.433080	0.0	0.0
0.020773	0.020410500	124.040766	0.0	0.0
0.020995	0.020638900	123.653329	0.0	0.0
0.021219	0.020869500	123.270696	0.0	0.0
0.021445	0.021102200	122.892795	0.0	0.0
0.021674	0.021337100	122.519572	0.0	0.0
0.021905	0.021574200	122.150942	0.0	0.0
0.022138	0.021813500	121.786885	0.0	0.0
0.022375	0.022055100	121.427303	0.0	0.0
0.022613	0.022299000	121.072159	0.0	0.0
0.022854	0.022545300	120.721374	0.0	0.0
0.023098	0.022793900	120.374901	0.0	0.0
0.023344	0.023044900	120.032676	0.0	0.0
0.023593	0.023298400	119.694639	0.0	0.0
0.023845	0.023554300	119.360745	0.0	0.0
0.024099	0.023812800	119.030933	0.0	0.0
0.024356	0.024073700	118.705134	0.0	0.0
0.024616	0.024337200	118.383317	0.0	0.0
0.024878	0.024603400	118.065401	0.0	0.0
0.025144	0.024872200	117.751358	0.0	0.0
0.025412	0.025143600	117.441111	0.0	0.0
0.025683	0.025417700	117.134630	0.0	0.0
0.025957	0.025694600	116.831854	0.0	0.0
0.026233	0.025974300	116.532733	0.0	0.0
0.026513	0.026256800	116.237208	0.0	0.0
0.026796	0.026542100	115.945242	0.0	0.0
0.027082	0.026830300	115.656788	0.0	0.0
0.027370	0.027121400	115.371790	0.0	0.0
0.027662	0.027415400	115.090204	0.0	0.0
0.027957	0.027712500	114.811987	0.0	0.0
0.028255	0.028012500	114.537095	0.0	0.0
0.028557	0.028315700	114.265468	0.0	0.0
0.028861	0.028621900	113.997075	0.0	0.0
0.029169	0.028931200	113.731867	0.0	0.0
0.029480	0.029243800	113.469814	0.0	0.0
0.029794	0.029559500	113.210852	0.0	0.0
0.030112	0.029878500	112.954953	0.0	0.0
0.030433	0.030200700	112.702079	0.0	0.0
0.030758	0.030526300	112.452179	0.0	0.0
0.031086	0.030855300	112.205219	0.0	0.0
0.031417	0.031187700	111.961157	0.0	0.0
0.031752	0.031523400	111.719960	0.0	0.0
0.032091	0.031862700	111.481582	0.0	0.0
0.032433	0.032205500	111.245989	0.0	0.0
0.032779	0.032551900	111.013152	0.0	0.0
0.033128	0.032901800	110.783027	0.0	0.0
0.033482	0.033255400	110.555570	0.0	0.0
0.033839	0.033612700	110.330766	0.0	0.0
0.034200	0.033973800	110.108562	0.0	0.0
0.034564	0.034338600	109.888935	0.0	0.0
0.034933	0.034707200	109.671848	0.0	0.0
0.035305	0.035079600	109.457262	0.0	0.0
0.035682	0.035456000	109.245156	0.0	0.0
0.036062	0.035836300	109.035490	0.0	0.0
0.036447	0.036220600	108.828233	0.0	0.0
0.036836	0.036608900	108.623355	0.0	0.0
0.037228	0.037001300	108.420829	0.0	0.0
0.037625	0.037397800	108.220621	0.0	0.0
0.038027	0.037798500	108.022698	0.0	0.0
0.038432	0.038203400	107.827039	0.0	0.0
0.038842	0.038612500	107.633609	0.0	0.0
0.039256	0.039026000	107.442381	0.0	0.0
0.039675	0.039443800	107.253331	0.0	0.0
0.040098	0.039866100	107.066426	0.0	0.0
0.040525	0.040292700	106.881641	0.0	0.0
0.040957	0.040723900	106.698950	0.0	0.0
0.041394	0.041159700	106.518325	0.0	0.0
0.041836	0.041600000	106.339745	0.0	0.0
0.042282	0.042045000	106.163175	0.0	0.0
0.042733	0.042494700	105.988599	0.0	0.0
0.043188	0.042949100	105.815988	0.0	0.0
0.043649	0.043408400	105.645323	0.0	0.0
0.044114	0.043872500	105.476571	0.0	0.0
0.044585	0.044341500	105.309715	0.0	0.0
0.045060	0.044815500	105.144728	0.0	0.0
0.045541	0.045294500	104.981588	0.0	0.0
0.046026	0.045778600	104.820275	0.0	0.0
0.046517	0.046267800	104.660764	0.0	0.0
0.047013	0.046762200	104.503032	0.0	0.0
0.047515	0.047261800	104.347061	0.0	0.0
0.048021	0.047766700	104.192825	0.0	0.0
0.048533	0.048277000	104.040308	0.0	0.0
0.049051	0.048792700	103.889488	0.0	0.0
0.049574	0.049313900	103.740340	0.0	0.0
0.050103	0.049840600	103.592849	0.0	0.0
0.050637	0.050372900	103.446992	0.0	0.0
0.051177	0.050910900	103.302754	0.0	0.0
0.051723	0.051454500	103.160108	0.0	0.0
0.052274	0.052004000	103.019042	0.0	0.0
0.052832	0.052559200	102.879533	0.0	0.0
0.053395	0.053120400	102.741564	0.0	0.0
0.053964	0.053687600	102.605120	0.0	0.0
0.054540	0.054260700	102.470176	0.0	0.0
0.055121	0.054840000	102.336718	0.0	0.0
0.055709	0.055425400	102.204729	0.0	0.0
0.056303	0.056017000	102.074192	0.0	0.0
0.056904	0.056615000	101.945089	0.0	0.0
0.057510	0.057219300	101.817401	0.0	0.0
0.058124	0.057830000	101.691116	0.0	0.0
0.058744	0.058447200	101.566214	0.0	0.0
0.059370	0.059071000	101.442679	0.0	0.0
0.060003	0.059701400	101.320498	0.0	0.0
0.060643	0.060338500	101.199654	0.0	0.0
0.061290	0.060982400	101.080129	0.0	0.0
0.061943	0.061633200	100.961909	0.0	0.0
0.062604	0.062290900	100.844981	0.0	0.0
0.063271	0.062955600	100.729328	0.0	0.0
0.063946	0.063627400	100.614937	0.0	0.0
0.064628	0.064306300	100.501791	0.0	0.0
0.065317	0.064992400	100.389877	0.0	0.0
0.066014	0.065685900	100.279181	0.0	0.0
0.066718	0.066386700	100.169689	0.0	0.0
0.067429	0.067095000	100.061388	0.0	0.0
0.068148	0.067810900	99.954263	0.0	0.0
0.068875	0.068534300	99.848301	0.0	0.0
0.069609	0.069265500	99.743489	0.0	0.0
0.070351	0.070004500	99.639814	0.0	0.0
0.071102	0.070751300	99.537262	0.0	0.0
0.071860	0.071506100	99.435821	0.0	0.0
0.072626	0.072268900	99.335480	0.0	0.0
0.073401	0.073039900	99.236223	0.0	0.0
0.074183	0.073819100	99.138042	0.0	0.0
0.074974	0.074606500	99.040921	0.0	0.0
0.075774	0.075402400	98.944851	0.0	0.0
0.076582	0.076206800	98.849819	0.0	0.0
0.077399	0.077019700	98.755812	0.0	0.0
0.078224	0.077841300	98.662821	0.0	0.0
0.079058	0.078671600	98.570833	0.0	0.0
0.079901	0.079510800	98.479836	0.0	0.0
0.080753	0.080359000	98.389822	0.0	0.0
0.081614	0.081216200	98.300777	0.0	0.0
0.082485	0.082082400	98.212691	0.0	0.0
0.083364	0.082958000	98.125554	0.0	0.0
0.084253	0.083842900	98.039355	0.0	0.0
0.085152	0.084737200	97.954084	0.0	0.0
0.086060	0.085641100	97.869730	0.0	0.0
0.086977	0.086554500	97.786282	0.0	0.0
0.087905	0.087477800	97.703732	0.0	0.0
0.088842	0.088410800	97.622069	0.0	0.0
0.089790	0.089353900	97.541283	0.0	0.0
0.090747	0.090306900	97.461364	0.0	0.0
0.091715	0.091270200	97.382304	0.0	0.0
0.092693	0.092243700	97.304092	0.0	0.0
0.093681	0.093227500	97.226719	0.0	0.0
0.094680	0.094221900	97.150175	0.0	0.0
0.095690	0.095226900	97.074453	0.0	0.0
0.096710	0.096242600	96.999542	0.0	0.0
0.097742	0.097269100	96.925434	0.0	0.0
0.098784	0.098306600	96.852120	0.0	0.0
0.099837	0.099355100	96.779591	0.0	0.0
0.100902	0.100415000	96.707836	0.0	0.0
0.101978	0.101486000	96.636858	0.0	0.0
0.103066	0.102568000	96.566631	0.0	0.0
0.104165	0.103662000	96.497155	0.0	0.0
0.105275	0.104768000	96.428430	0.0	0.0
0.106398	0.105885000	96.360431	0.0	0.0
0.107533	0.107015000	96.293163	0.0	0.0
0.108679	0.108156000	96.226614	0.0	0.0
0.109838	0.109310000	96.160778	0.0	0.0
0.111010	0.110476000	96.095644	0.0	0.0
0.112193	0.111654000	96.031210	0.0	0.0
0.113390	0.112845000	95.967460	0.0	0.0
0.114599	0.114048000	95.904388	0.0	0.0
0.115821	0.115265000	95.841995	0.0	0.0
0.117056	0.116494000	95.780265	0.0	0.0
0.118304	0.117737000	95.719192	0.0	0.0
0.119566	0.118992000	95.658776	0.0	0.0
0.120841	0.120262000	95.599002	0.0	0.0
0.122129	0.121544000	95.539866	0.0	0.0
0.123432	0.122841000	95.481358	0.0	0.0
0.124748	0.124151000	95.423478	0.0	0.0
0.126078	0.125475000	95.366212	0.0	0.0
0.127423	0.126813000	95.309557	0.0	0.0
0.128782	0.128166000	95.253506	0.0	0.0
0.130155	0.129533000	95.198057	0.0	0.0
0.131543	0.130915000	95.143192	0.0	0.0
0.132945	0.132311000	95.088916	0.0	0.0
0.134363	0.133722000	95.035217	0.0	0.0
0.135796	0.135149000	94.982090	0.0	0.0
0.137244	0.136590000	94.929528	0.0	0.0
0.138708	0.138047000	94.877528	0.0	0.0
0.140187	0.139519000	94.826078	0.0	0.0
0.141682	0.141008000	94.775178	0.0	0.0
0.143192	0.142512000	94.724822	0.0	0.0
0.144719	0.144032000	94.674999	0.0	0.0
0.146263	0.145568000	94.625708	0.0	0.0
0.147822	0.147121000	94.576941	0.0	0.0
0.149399	0.148690000	94.528694	0.0	0.0
0.150992	0.150276000	94.480957	0.0	0.0
0.152602	0.151879000	94.433731	0.0	0.0
0.154229	0.153499000	94.387006	0.0	0.0
0.155874	0.155136000	94.340777	0.0	0.0
0.157536	0.156791000	94.295041	0.0	0.0
0.159216	0.158464000	94.249792	0.0	0.0
0.160914	0.160154000	94.205024	0.0	0.0
0.162630	0.161862000	94.160730	0.0	0.0
0.164364	0.163589000	94.116910	0.0	0.0
0.166117	0.165334000	94.073555	0.0	0.0
0.167888	0.167098000	94.030661	0.0	0.0
0.169678	0.168880000	93.988222	0.0	0.0
0.171488	0.170682000	93.946234	0.0	0.0
0.173317	0.172502000	93.904693	0.0	0.0
0.175165	0.174343000	93.863592	0.0	0.0
0.177033	0.176202000	93.822929	0.0	0.0
0.178921	0.178082000	93.782696	0.0	0.0
0.180828	0.179982000	93.742893	0.0	0.0
0.182757	0.181902000	93.703512	0.0	0.0
0.184706	0.183842000	93.664549	0.0	0.0
0.186675	0.185803000	93.626001	0.0	0.0
0.188666	0.187786000	93.587860	0.0	0.0
0.190678	0.189789000	93.550127	0.0	0.0
0.192711	0.191814000	93.512792	0.0	0.0
0.194766	0.193860000	93.475855	0.0	0.0
0.196843	0.195928000	93.439311	0.0	0.0
0.198942	0.198018000	93.403153	0.0	0.0
0.201064	0.200131000	93.367381	0.0	0.0
0.203208	0.202266000	93.331987	0.0	0.0
0.205375	0.204424000	93.296968	0.0	0.0
0.207565	0.206605000	93.262322	0.0	0.0
0.209778	0.208809000	93.228043	0.0	0.0
0.212015	0.211037000	93.194128	0.0	0.0
0.214276	0.213288000	93.160573	0.0	0.0
0.216561	0.215564000	93.127373	0.0	0.0
0.218870	0.217864000	93.094526	0.0	0.0
0.221204	0.220189000	93.062027	0.0	0.0
0.223563	0.222538000	93.029874	0.0	0.0
0.225947	0.224912000	92.998061	0.0	0.0
0.228357	0.227312000	92.966584	0.0	0.0
0.230792	0.229738000	92.935442	0.0	0.0
0.233253	0.232189000	92.904630	0.0	0.0
0.235740	0.234666000	92.874144	0.0	0.0
0.238254	0.237170000	92.843981	0.0	0.0
0.240795	0.239701000	92.814138	0.0	0.0
0.243362	0.242259000	92.784611	0.0	0.0
0.245958	0.244844000	92.755396	0.0	0.0
0.248580	0.247457000	92.726492	0.0	0.0
0.251231	0.250097000	92.697893	0.0	0.0
0.253910	0.252766000	92.669597	0.0	0.0
0.256618	0.255463000	92.641600	0.0	0.0
0.259354	0.258190000	92.613900	0.0	0.0
0.262120	0.260945000	92.586492	0.0	0.0
0.264915	0.263730000	92.559374	0.0	0.0
0.267740	0.266544000	92.532544	0.0	0.0
0.270595	0.269389000	92.505996	0.0	0.0
0.273481	0.272264000	92.479729	0.0	0.0
0.276397	0.275170000	92.453740	0.0	0.0
0.279344	0.278107000	92.428025	0.0	0.0
0.282323	0.281075000	92.402581	0.0	0.0
0.285334	0.284075000	92.377406	0.0	0.0
0.288377	0.287107000	92.352497	0.0	0.0
0.291452	0.290171000	92.327851	0.0	0.0
0.294560	0.293269000	92.303464	0.0	0.0
0.297701	0.296399000	92.279334	0.0	0.0
0.300875	0.299563000	92.255458	0.0	0.0
0.304084	0.302761000	92.231834	0.0	0.0
0.307327	0.305992000	92.208458	0.0	0.0
0.310604	0.309259000	92.185329	0.0	0.0
0.313916	0.312560000	92.162442	0.0	0.0
0.317263	0.315897000	92.139796	0.0	0.0
0.320647	0.319269000	92.117387	0.0	0.0
0.324066	0.322678000	92.095214	0.0	0.0
0.327522	0.326123000	92.073273	0.0	0.0
0.331014	0.329605000	92.051562	0.0	0.0
0.334544	0.333124000	92.030079	0.0	0.0
0.338112	0.336680000	92.008820	0.0	0.0
0.341717	0.340275000	91.987784	0.0	0.0
0.345361	0.343908000	91.966967	0.0	0.0
0.349044	0.347581000	91.946368	0.0	0.0
0.352766	0.351292000	91.925983	0.0	0.0
0.356528	0.355043000	91.905812	0.0	0.0
0.360330	0.358835000	91.885849	0.0	0.0
0.364172	0.362667000	91.866095	0.0	0.0
0.368056	0.366540000	91.846545	0.0	0.0
0.371980	0.370454000	91.827199	0.0	0.0
0.375947	0.374410000	91.808053	0.0	0.0
0.379956	0.378409000	91.789105	0.0	0.0
0.384008	0.382451000	91.770352	0.0	0.0
0.388103	0.386536000	91.751794	0.0	0.0
0.392241	0.390664000	91.733427	0.0	0.0
0.396424	0.394837000	91.715248	0.0	0.0
0.400651	0.399055000	91.697257	0.0	0.0
0.404924	0.403318000	91.679450	0.0	0.0
0.409242	0.407626000	91.661825	0.0	0.0
0.413606	0.411981000	91.644381	0.0	0.0
0.418016	0.416382000	91.627114	0.0	0.0
0.422474	0.420831000	91.610023	0.0	0.0
0.426979	0.425327000	91.593105	0.0	0.0
0.431532	0.429872000	91.576359	0.0	0.0
0.436134	0.434465000	91.559782	0.0	0.0
0.440785	0.439108000	91.543373	0.0	0.0
0.445485	0.443800000	91.527129	0.0	0.0
0.450236	0.448543000	91.511047	0.0	0.0
0.455037	0.453336000	91.495127	0.0	0.0
0.459889	0.458181000	91.479365	0.0	0.0
0.464793	0.463078000	91.463760	0.0	0.0
0.469750	0.468028000	91.448310	0.0	0.0
0.474759	0.473030000	91.433013	0.0	0.0
0.479822	0.478087000	91.417866	0.0	0.0
0.484939	0.483197000	91.402867	0.0	0.0
0.490110	0.488363000	91.388016	0.0	0.0
0.495336	0.493584000	91.373308	0.0	0.0
0.500618	0.498861000	91.358744	0.0	0.0
0.505957	0.504195000	91.344319	0.0	0.0
0.511352	0.509586000	91.330034	0.0	0.0
0.516805	0.515035000	91.315885	0.0	0.0
0.522316	0.520543000	91.301870	0.0	0.0
0.527886	0.526110000	91.287988	0.0	0.0
0.533515	0.531736000	91.274237	0.0	0.0
0.539204	0.537424000	91.260614	0.0	0.0
0.544954	0.543172000	91.247118	0.0	0.0
0.550765	0.548982000	91.233747	0.0	0.0
0.556639	0.554855000	91.220498	0.0	0.0
0.562574	0.560791000	91.207371	0.0	0.0
0.568574	0.566790000	91.194361	0.0	0.0
0.574637	0.572855000	91.181469	0.0	0.0
0.580764	0.578984000	91.168692	0.0	0.0
0.586958	0.585180000	91.156027	0.0	0.0
0.593217	0.591442000	91.143474	0.0	0.0
0.599543	0.597772000	91.131030	0.0	0.0
0.605936	0.604170000	91.118692	0.0	0.0
0.612397	0.610637000	91.106459	0.0	0.0
0.618928	0.617173000	91.094330	0.0	0.0
0.625528	0.623781000	91.082302	0.0	0.0
0.632198	0.630459000	91.070373	0.0	0.0
0.638940	0.637209000	91.058540	0.0	0.0
0.645753	0.644032000	91.046804	0.0	0.0
0.652640	0.650929000	91.035160	0.0	0.0
0.659599	0.657900000	91.023607	0.0	0.0
0.666633	0.664946000	91.012143	0.0	0.0
0.673742	0.672068000	91.000767	0.0	0.0
0.680926	0.679267000	90.989475	0.0	0.0
0.688187	0.686544000	90.978267	0.0	0.0
0.695526	0.693900000	90.967139	0.0	0.0
0.702943	0.701335000	90.956091	0.0	0.0
0.710439	0.708850000	90.945119	0.0	0.0
0.718015	0.716446000	90.934222	0.0	0.0
0.725671	0.724125000	90.923398	0.0	0.0
0.733410	0.731887000	90.912644	0.0	0.0
0.741231	0.739732000	90.901959	0.0	0.0
0.749135	0.747662000	90.891341	0.0	0.0
0.757123	0.755678000	90.880786	0.0	0.0
0.765197	0.763781000	90.870293	0.0	0.0
0.773357	0.771971000	90.859861	0.0	0.0
0.781604	0.780251000	90.849486	0.0	0.0
0.789939	0.788620000	90.839167	0.0	0.0
0.798362	0.797079000	90.828901	0.0	0.0
0.806876	0.805630000	90.818686	0.0	0.0
0.815480	0.814274000	90.808520	0.0	0.0
0.824176	0.823011000	90.798400	0.0	0.0
0.832965	0.831844000	90.788325	0.0	0.0
0.841847	0.840771000	90.778291	0.0	0.0
0.850825	0.849796000	90.768298	0.0	0.0
0.859898	0.858919000	90.758341	0.0	0.0
0.869067	0.868140000	90.748420	0.0	0.0
0.878335	0.877461000	90.738531	0.0	0.0
0.887701	0.886884000	90.728672	0.0	0.0
0.897167	0.896409000	90.718841	0.0	0.0
0.906734	0.906038000	90.709035	0.0	0.0
0.916403	0.915771000	90.699253	0.0	0.0
0.926176	0.925610000	90.689490	0.0	0.0
0.936052	0.935556000	90.679745	0.0	0.0
0.946034	0.945609000	90.670016	0.0	0.0
0.956122	0.955772000	90.660299	0.0	0.0
0.966318	0.966046000	90.650592	0.0	0.0
0.976622	0.976432000	90.640893	0.0	0.0
0.987037	0.986930000	90.631199	0.0	0.0
0.997562	0.997543000	90.621507	0.0	0.0
1.008200	1.008270000	90.611814	0.0	0.0
1.018951	1.019120000	90.602118	0.0	0.0
1.029817	1.030080000	90.592416	0.0	0.0
1.040799	1.041160000	90.582706	0.0	0.0
1.051897	1.052370000	90.572984	0.0	0.0
1.063114	1.063690000	90.563248	0.0	0.0
1.074451	1.075140000	90.553495	0.0	0.0
1.085909	1.086710000	90.543721	0.0	0.0
1.097489	1.098410000	90.533925	0.0	0.0
1.109192	1.110240000	90.524103	0.0	0.0
1.121020	1.122200000	90.514253	0.0	0.0
1.132974	1.134290000	90.504370	0.0	0.0
1.145056	1.146500000	90.494453	0.0	0.0
1.157266	1.158860000	90.484499	0.0	0.0
1.169607	1.171340000	90.474503	0.0	0.0
1.182079	1.183970000	90.464464	0.0	0.0
1.194685	1.196730000	90.454377	0.0	0.0
1.207425	1.209630000	90.444240	0.0	0.0
1.220300	1.222670000	90.434051	0.0	0.0
1.233313	1.235860000	90.423805	0.0	0.0
1.246465	1.249190000	90.413499	0.0	0.0
1.259757	1.262660000	90.403131	0.0	0.0
1.273190	1.276290000	90.392697	0.0	0.0
1.286767	1.290060000	90.382194	0.0	0.0
1.300489	1.303980000	90.371618	0.0	0.0
1.314357	1.318050000	90.360966	0.0	0.0
1.328373	1.332280000	90.350235	0.0	0.0
1.342538	1.346670000	90.339422	0.0	0.0
1.356855	1.361210000	90.328522	0.0	0.0
1.371324	1.375910000	90.317534	0.0	0.0
1.385947	1.390770000	90.306453	0.0	0.0
1.400726	1.405800000	90.295277	0.0	0.0
1.415663	1.420990000	90.284000	0.0	0.0
1.430760	1.436340000	90.272621	0.0	0.0
1.446017	1.451870000	90.261136	0.0	0.0
1.461437	1.467560000	90.249541	0.0	0.0
1.477021	1.483430000	90.237833	0.0	0.0
1.492771	1.499470000	90.226008	0.0	0.0
1.508690	1.515690000	90.214063	0.0	0.0
1.524778	1.532080000	90.201995	0.0	0.0
1.541038	1.548660000	90.189799	0.0	0.0
1.557471	1.565410000	90.177473	0.0	0.0
1.574079	1.582350000	90.165013	0.0	0.0
1.590865	1.599480000	90.152414	0.0	0.0
1.607830	1.616790000	90.139675	0.0	0.0
1.624975	1.634300000	90.126791	0.0	0.0
1.642303	1.651990000	90.113759	0.0	0.0
1.659816	1.669880000	90.100576	0.0	0.0
1.677516	1.687970000	90.087237	0.0	0.0
1.695404	1.706250000	90.073740	0.0	0.0
1.713484	1.724740000	90.060080	0.0	0.0
1.731756	1.743430000	90.046255	0.0	0.0
1.750223	1.762320000	90.032260	0.0	0.0
1.768887	1.781420000	90.018094	0.0	0.0
1.787749	1.800730000	90.003751	0.0	0.0
1.806814	1.820260000	89.989229	0.0	0.0
1.826081	1.839990000	89.974524	0.0	0.0
1.845554	1.859950000	89.959632	0.0	0.0
1.865234	1.880120000	89.944552	0.0	0.0
1.885124	1.900510000	89.929278	0.0	0.0
1.905227	1.921130000	89.913807	0.0	0.0
1.925543	1.941980000	89.898138	0.0	0.0
1.946077	1.963050000	89.882265	0.0	0.0
1.966829	1.984360000	89.866186	0.0	0.0
1.987803	2.005890000	89.849897	0.0	0.0
2.009000	2.027670000	89.833396	0.0	0.0
2.030424	2.049680000	89.816678	0.0	0.0
2.052075	2.071940000	89.799742	0.0	0.0
2.073958	2.094440000	89.782583	0.0	0.0
2.096074	2.117180000	89.765199	0.0	0.0
2.118426	2.140180000	89.747586	0.0	0.0
2.141016	2.163430000	89.729742	0.0	0.0
2.163848	2.186930000	89.711662	0.0	0.0
2.186922	2.210690000	89.693346	0.0	0.0
2.210243	2.234720000	89.674789	0.0	0.0
2.233812	2.259000000	89.655989	0.0	0.0
2.257633	2.283550000	89.636942	0.0	0.0
2.281708	2.308370000	89.617645	0.0	0.0
2.306039	2.333470000	89.598098	0.0	0.0
2.330630	2.358840000	89.578295	0.0	0.0
2.355483	2.384480000	89.558234	0.0	0.0
2.380601	2.410410000	89.537913	0.0	0.0
2.405987	2.436620000	89.517329	0.0	0.0
2.431644	2.463120000	89.496479	0.0	0.0
2.457574	2.489910000	89.475361	0.0	0.0
2.483781	2.516990000	89.453972	0.0	0.0
2.510267	2.544370000	89.432309	0.0	0.0
2.537036	2.572050000	89.410370	0.0	0.0
2.564090	2.600030000	89.388153	0.0	0.0
2.591433	2.628320000	89.365654	0.0	0.0
2.619067	2.656920000	89.342872	0.0	0.0
2.646996	2.685830000	89.319804	0.0	0.0
2.675223	2.715060000	89.296448	0.0	0.0
2.703751	2.744610000	89.272801	0.0	0.0
2.732583	2.774480000	89.248861	0.0	0.0
2.761722	2.804680000	89.224626	0.0	0.0
2.791172	2.835210000	89.200093	0.0	0.0
2.820937	2.866080000	89.175260	0.0	0.0
2.851018	2.897280000	89.150125	0.0	0.0
2.881421	2.928820000	89.124686	0.0	0.0
2.912147	2.960710000	89.098940	0.0	0.0
2.943201	2.992950000	89.072886	0.0	0.0
2.974587	3.025540000	89.046520	0.0	0.0
3.006307	3.058490000	89.019841	0.0	0.0
3.038365	3.091800000	88.992847	0.0	0.0
3.070766	3.125470000	88.965535	0.0	0.0
3.103511	3.159520000	88.937904	0.0	0.0
3.136606	3.193930000	88.909951	0.0	0.0
3.170054	3.228720000	88.881673	0.0	0.0
3.203858	3.263900000	88.853070	0.0	0.0
3.238023	3.299450000	88.824139	0.0	0.0
3.272553	3.335400000	88.794876	0.0	0.0
3.307450	3.371740000	88.765282	0.0	0.0
3.342720	3.408480000	88.735352	0.0	0.0
3.378366	3.445620000	88.705086	0.0	0.0
3.414392	3.483170000	88.674480	0.0	0.0
3.450802	3.521130000	88.643533	0.0	0.0
3.487600	3.559500000	88.612242	0.0	0.0
3.524791	3.598300000	88.580605	0.0	0.0
3.562378	3.637520000	88.548620	0.0	0.0
3.600366	3.677170000	88.516285	0.0	0.0
3.638759	3.717260000	88.483596	0.0	0.0
3.677562	3.757790000	88.450552	0.0	0.0
3.716778	3.798760000	88.417151	0.0	0.0
3.756413	3.840180000	88.383388	0.0	0.0
3.796470	3.882050000	88.349263	0.0	0.0
3.836955	3.924390000	88.314773	0.0	0.0
3.877871	3.967190000	88.279915	0.0	0.0
3.919223	4.010460000	88.244686	0.0	0.0
3.961017	4.054200000	88.209084	0.0	0.0
4.003256	4.098430000	88.173106	0.0	0.0
4.045945	4.143140000	88.136749	0.0	0.0
4.089090	4.188350000	88.100010	0.0	0.0
4.132695	4.234050000	88.062887	0.0	0.0
4.176765	4.280260000	88.025376	0.0	0.0
4.221304	4.326970000	87.987474	0.0	0.0
4.266319	4.374200000	87.949178	0.0	0.0
4.311814	4.421960000	87.910485	0.0	0.0
4.357794	4.470230000	87.871391	0.0	0.0
4.404264	4.519040000	87.831894	0.0	0.0
4.451230	4.568390000	87.791990	0.0	0.0
4.498696	4.618290000	87.751675	0.0	0.0
4.546669	4.668740000	87.710944	0.0	0.0
4.595153	4.719740000	87.669797	0.0	0.0
4.644155	4.771310000	87.628226	0.0	0.0
4.693678	4.823450000	87.586230	0.0	0.0
4.743730	4.876170000	87.543804	0.0	0.0
4.794316	4.929480000	87.500944	0.0	0.0
4.845441	4.983370000	87.457646	0.0	0.0
4.897112	5.037870000	87.413904	0.0	0.0
4.949333	5.092970000	87.369717	0.0	0.0
5.002111	5.148680000	87.325077	0.0	0.0
5.055452	5.205010000	87.279981	0.0	0.0
5.109362	5.261970000	87.234424	0.0	0.0
5.163847	5.319570000	87.188402	0.0	0.0
5.218912	5.377810000	87.141909	0.0	0.0
5.274565	5.436690000	87.094939	0.0	0.0
5.330812	5.496240000	87.047488	0.0	0.0
5.387658	5.556450000	86.999550	0.0	0.0
5.445110	5.617340000	86.951121	0.0	0.0
5.503175	5.678910000	86.902193	0.0	0.0
5.561859	5.741170000	86.852762	0.0	0.0
5.621169	5.804130000	86.802821	0.0	0.0
5.681112	5.867800000	86.752364	0.0	0.0
5.741693	5.932180000	86.701386	0.0	0.0
5.802921	5.997290000	86.649879	0.0	0.0
5.864802	6.063130000	86.597837	0.0	0.0
5.927342	6.129720000	86.545255	0.0	0.0
5.990549	6.197060000	86.492124	0.0	0.0
6.054431	6.265160000	86.438437	0.0	0.0
6.118994	6.334030000	86.384187	0.0	0.0
6.184245	6.403680000	86.329368	0.0	0.0
6.250192	6.474120000	86.273972	0.0	0.0
6.316842	6.545370000	86.217991	0.0	0.0
6.384203	6.617420000	86.161417	0.0	0.0
6.452282	6.690300000	86.104242	0.0	0.0
6.521087	6.764000000	86.046459	0.0	0.0
6.590626	6.838550000	85.988058	0.0	0.0
6.660906	6.913950000	85.929031	0.0	0.0
6.731936	6.990210000	85.869369	0.0	0.0
6.803724	7.067350000	85.809063	0.0	0.0
6.876276	7.145380000	85.748106	0.0	0.0
6.949603	7.224300000	85.686485	0.0	0.0
7.023711	7.304130000	85.624194	0.0	0.0
7.098610	7.384890000	85.561220	0.0	0.0
7.174308	7.466570000	85.497555	0.0	0.0
7.250812	7.549190000	85.433189	0.0	0.0
7.328133	7.632780000	85.368111	0.0	0.0
7.406278	7.717340000	85.302310	0.0	0.0
7.485256	7.802880000	85.235776	0.0	0.0
7.565077	7.889410000	85.168497	0.0	0.0
7.645748	7.976950000	85.100464	0.0	0.0
7.727280	8.065510000	85.031662	0.0	0.0
7.809682	8.155110000	84.962081	0.0	0.0
7.892962	8.245760000	84.891710	0.0	0.0
7.977130	8.337480000	84.820535	0.0	0.0
8.062196	8.430270000	84.748544	0.0	0.0
8.148168	8.524150000	84.675726	0.0	0.0
8.235058	8.619140000	84.602065	0.0	0.0
8.322874	8.715260000	84.527550	0.0	0.0
8.411627	8.812500000	84.452166	0.0	0.0
8.501326	8.910900000	84.375900	0.0	0.0
8.591981	9.010480000	84.298738	0.0	0.0
8.683604	9.111230000	84.220665	0.0	0.0
8.776203	9.213200000	84.141667	0.0	0.0
8.869790	9.316370000	84.061728	0.0	0.0
8.964375	9.420780000	83.980834	0.0	0.0
9.059968	9.526440000	83.898969	0.0	0.0
9.156581	9.633380000	83.816117	0.0	0.0
9.254224	9.741600000	83.732262	0.0	0.0
9.352908	9.851120000	83.647388	0.0	0.0
9.452645	9.961980000	83.561477	0.0	0.0
9.553445	10.074200000	83.474513	0.0	0.0
9.655320	10.187700000	83.386478	0.0	0.0
9.758281	10.302700000	83.297356	0.0	0.0
9.862340	10.419000000	83.207126	0.0	0.0
9.967510	10.536800000	83.115770	0.0	0.0
10.073800	10.656000000	83.023272	0.0	0.0
10.181220	10.776600000	82.929614	0.0	0.0
10.289790	10.898800000	82.834769	0.0	0.0
10.399520	11.022400000	82.738721	0.0	0.0
10.510420	11.147600000	82.641450	0.0	0.0
10.622500	11.274300000	82.542938	0.0	0.0
10.735770	11.402600000	82.443167	0.0	0.0
10.850260	11.532500000	82.342100	0.0	0.0
10.965960	11.664000000	82.239735	0.0	0.0
11.082900	11.797200000	82.136036	0.0	0.0
11.201080	11.932000000	82.030992	0.0	0.0
11.320530	12.068500000	81.924564	0.0	0.0
11.441250	12.206700000	81.816743	0.0	0.0
11.563250	12.346700000	81.707506	0.0	0.0
11.686560	12.488400000	81.596816	0.0	0.0
11.811180	12.632000000	81.484660	0.0	0.0
11.937130	12.777300000	81.371008	0.0	0.0
12.064430	12.924600000	81.255829	0.0	0.0
12.193080	13.073600000	81.139111	0.0	0.0
12.323100	13.224600000	81.020822	0.0	0.0
12.454510	13.377600000	80.900931	0.0	0.0
12.587320	13.532500000	80.779415	0.0	0.0
12.721550	13.689400000	80.656241	0.0	0.0
12.857210	13.848300000	80.531387	0.0	0.0
12.994310	14.009300000	80.404828	0.0	0.0
13.132880	14.172300000	80.276522	0.0	0.0
13.272930	14.337500000	80.146446	0.0	0.0
13.414460	14.504900000	80.014583	0.0	0.0
13.557510	14.674400000	79.880881	0.0	0.0
13.702090	14.846200000	79.745314	0.0	0.0
13.848200	15.020200000	79.607867	0.0	0.0
13.995870	15.196500000	79.468495	0.0	0.0
14.145120	15.375200000	79.327163	0.0	0.0
14.295960	15.556200000	79.183843	0.0	0.0
14.448410	15.739700000	79.038500	0.0	0.0
14.602480	15.925600000	78.891107	0.0	0.0
14.758200	16.113900000	78.741617	0.0	0.0
14.915570	16.304800000	78.590012	0.0	0.0
15.074630	16.498300000	78.436235	0.0	0.0
15.235380	16.694300000	78.280268	0.0	0.0
15.397850	16.893100000	78.122062	0.0	0.0
15.562040	17.094500000	77.961599	0.0	0.0
15.727990	17.298600000	77.798819	0.0	0.0
15.895710	17.505600000	77.633694	0.0	0.0
16.065220	17.715400000	77.466183	0.0	0.0
16.236530	17.928000000	77.296255	0.0	0.0
16.409680	18.143600000	77.123852	0.0	0.0
16.584660	18.362100000	76.948961	0.0	0.0
16.761520	18.583700000	76.771512	0.0	0.0
16.940260	18.808400000	76.591483	0.0	0.0
17.120900	19.036200000	76.408832	0.0	0.0
17.303470	19.267100000	76.223506	0.0	0.0
17.487990	19.501300000	76.035463	0.0	0.0
17.674480	19.738800000	75.844660	0.0	0.0
17.862960	19.979600000	75.651053	0.0	0.0
18.053440	20.223900000	75.454608	0.0	0.0
18.245960	20.471600000	75.255260	0.0	0.0
18.440530	20.722900000	75.052975	0.0	0.0
18.637170	20.977700000	74.847709	0.0	0.0
18.835910	21.236200000	74.639403	0.0	0.0
19.036770	21.498400000	74.428014	0.0	0.0
19.239780	21.764300000	74.213483	0.0	0.0
19.444940	22.034200000	73.995784	0.0	0.0
19.652300	22.307900000	73.774839	0.0	0.0
19.861860	22.585700000	73.550621	0.0	0.0
20.073660	22.867500000	73.323059	0.0	0.0
20.287720	23.153500000	73.092105	0.0	0.0
20.504070	23.443600000	72.857698	0.0	0.0
20.722720	23.738100000	72.619799	0.0	0.0
20.943700	24.036900000	72.378345	0.0	0.0
21.167030	24.340300000	72.133287	0.0	0.0
21.392750	24.648100000	71.884549	0.0	0.0
21.620880	24.960600000	71.632078	0.0	0.0
21.851440	25.277800000	71.375822	0.0	0.0
22.084450	25.599800000	71.115725	0.0	0.0
22.319960	25.926800000	70.851698	0.0	0.0
22.557970	26.258700000	70.583709	0.0	0.0
22.798520	26.595800000	70.311678	0.0	0.0
23.041640	26.938000000	70.035534	0.0	0.0
23.287350	27.285600000	69.755219	0.0	0.0
23.535680	27.638600000	69.470662	0.0	0.0
23.786650	27.997100000	69.181800	0.0	0.0
24.040310	28.361400000	68.888536	0.0	0.0
24.296660	28.731300000	68.590830	0.0	0.0
24.555760	29.107200000	68.288569	0.0	0.0
24.817610	29.489100000	67.981709	0.0	0.0
25.082260	29.877200000	67.670146	0.0	0.0
25.349730	30.271600000	67.353809	0.0	0.0
25.620050	30.672400000	67.032614	0.0	0.0
25.893260	31.079800000	66.706462	0.0	0.0
26.169370	31.494000000	66.375289	0.0	0.0
26.448440	31.915000000	66.038965	0.0	0.0
26.730470	32.343100000	65.697435	0.0	0.0
27.015520	32.778400000	65.350563	0.0	0.0
27.303600	33.221200000	64.998276	0.0	0.0
27.594760	33.671500000	64.640444	0.0	0.0
27.889020	34.129600000	64.276974	0.0	0.0
28.186420	34.595600000	63.907742	0.0	0.0
28.487000	35.069900000	63.532623	0.0	0.0
28.790770	35.552500000	63.151521	0.0	0.0
29.097790	36.043700000	62.764275	0.0	0.0
29.408080	36.543700000	62.370771	0.0	0.0
29.721680	37.052900000	61.970861	0.0	0.0
30.038620	37.571300000	61.564405	0.0	0.0
30.358940	38.099300000	61.151246	0.0	0.0
30.682680	38.637200000	60.731218	0.0	0.0
31.009870	39.185200000	60.304162	0.0	0.0
31.340550	39.743500000	59.869897	0.0	0.0
31.674760	40.312700000	59.428235	0.0	0.0
32.012530	40.892800000	58.978993	0.0	0.0
32.353900	41.484100000	58.521962	0.0	0.0
32.698910	42.084000000	58.056928	0.0	0.0
33.047610	42.678600000	57.583647	0.0	0.0
33.400010	43.220200000	57.101922	0.0	0.0
33.756180	43.588600000	56.611459	0.0	0.0
34.116150	43.547900000	56.112006	0.0	0.0
34.479950	42.731800000	55.603297	0.0	0.0
34.847640	40.703100000	55.085008	0.0	0.0
35.219240	37.107600000	54.556854	0.0	0.0
35.594810	31.881300000	54.018478	0.0	0.0
35.974380	25.400700000	53.469543	0.0	0.0
36.358000	18.457100000	52.909666	0.0	0.0
36.745710	12.016200000	52.338453	0.0	0.0
37.137560	6.869110000	51.755475	0.0	0.0
37.533580	3.363810000	51.160305	0.0	0.0
37.933830	1.365460000	50.552445	0.0	0.0
38.338340	0.437993000	49.931412	0.0	0.0
38.747170	0.102736000	49.296646	0.0	0.0
39.160360	0.015217000	48.647586	0.0	0.0
39.577950	0.000982720	47.983633	0.0	0.0
40.000000	0.000001902	47.304120	0.0	0.0

