# UNCLASSIFIED
#
# Response info for HFS short-period site.
#
# Effective: 20 Jan 2006
# Creation date: 01 Mar 2007
# File name: HFS_SP_rsp.txt
#
# Source: James Neely (TTD), TSgt Magar
# System equipment: Geotech GS-13 seismometer and Nanometrics HRD
# digitizer.
#
# The response file was derived from equations of state.
# Displacement response normalized to 1.0 at 1.0 Hz.
#
# The calib values for this configuration are as follows:
#
# HFA0 EHZ is 0.001670 nm/count at 0.25 Hz.
# HFA1 EHZ is 0.001670 nm/count at 0.25 Hz.
# HFA2 EHZ is 0.001670 nm/count at 0.25 Hz.
# HFA3 EHZ is 0.001670 nm/count at 0.25 Hz.
# HFB1 EHZ is 0.001670 nm/count at 0.25 Hz.
# HFB2 EHZ is 0.001670 nm/count at 0.25 Hz.
# HFB3 HHZ is 0.001670 nm/count at 0.25 Hz.
# HFB4 HHZ is 0.001670 nm/count at 0.25 Hz.
# HFB5 HHZ is 0.001670 nm/count at 0.25 Hz.
#
# Freq(Hz)     Amp(counts/nm)    Phase(deg)   Error(amp) Error(phase)
#
 theoretical  0       system    fap   J.Neely
1000
0.010000	0.000000707	314.188642	0.0	0.0	
0.010083	0.000000728	313.944033	0.0	0.0	
0.010167	0.000000749	313.699398	0.0	0.0	
0.010252	0.000001085	313.454713	0.0	0.0	
0.010338	0.000001117	313.210038	0.0	0.0	
0.010424	0.000001149	312.965379	0.0	0.0	
0.010511	0.000001183	312.720711	0.0	0.0	
0.010598	0.000001218	312.476122	0.0	0.0	
0.010687	0.000001253	312.231563	0.0	0.0	
0.010776	0.000001290	311.987065	0.0	0.0	
0.010866	0.000001328	311.742689	0.0	0.0	
0.010956	0.000001366	311.498385	0.0	0.0	
0.011048	0.000001406	311.254212	0.0	0.0	
0.011140	0.000001447	311.010177	0.0	0.0	
0.011233	0.000001489	310.766285	0.0	0.0	
0.011326	0.000001532	310.522542	0.0	0.0
0.011421	0.000001576	310.278981	0.0	0.0
0.011516	0.000001622	310.035633	0.0	0.0
0.011612	0.000001669	309.792478	0.0	0.0
0.011709	0.000001717	309.549575	0.0	0.0
0.011806	0.000001766	309.306879	0.0	0.0
0.011905	0.000001817	309.064471	0.0	0.0
0.012004	0.000001869	308.822309	0.0	0.0
0.012104	0.000001923	308.580425	0.0	0.0
0.012205	0.000001978	308.338849	0.0	0.0
0.012307	0.000002034	308.097589	0.0	0.0
0.012409	0.000002093	307.856652	0.0	0.0
0.012513	0.000002152	307.616044	0.0	0.0
0.012617	0.000002214	307.375820	0.0	0.0
0.012722	0.000002277	307.135941	0.0	0.0
0.012828	0.000002342	306.896436	0.0	0.0
0.012935	0.000002408	306.657360	0.0	0.0
0.013043	0.000002477	306.418673	0.0	0.0
0.013152	0.000002547	306.180407	0.0	0.0
0.013262	0.000002619	305.942568	0.0	0.0
0.013372	0.000002693	305.705186	0.0	0.0
0.013484	0.000002769	305.468268	0.0	0.0
0.013596	0.000002847	305.231822	0.0	0.0
0.013709	0.000002928	304.995855	0.0	0.0
0.013824	0.000003010	304.760397	0.0	0.0
0.013939	0.000003095	304.525433	0.0	0.0
0.014055	0.000003182	304.290992	0.0	0.0
0.014172	0.000003271	304.057102	0.0	0.0
0.014290	0.000003363	303.823750	0.0	0.0
0.014410	0.000003457	303.590943	0.0	0.0
0.014530	0.000003554	303.358710	0.0	0.0
0.014651	0.000003653	303.127037	0.0	0.0
0.014773	0.000003755	302.895972	0.0	0.0
0.014896	0.000003860	302.665502	0.0	0.0
0.015020	0.000003967	302.435634	0.0	0.0
0.015145	0.000004077	302.206395	0.0	0.0
0.015272	0.000004191	301.977774	0.0	0.0
0.015399	0.000004307	301.749814	0.0	0.0
0.015527	0.000004427	301.522468	0.0	0.0
0.015657	0.000004549	301.295797	0.0	0.0
0.015787	0.000004675	301.069790	0.0	0.0
0.015919	0.000004804	300.844472	0.0	0.0
0.016052	0.000004937	300.619816	0.0	0.0
0.016186	0.000005073	300.395862	0.0	0.0
0.016321	0.000005213	300.172600	0.0	0.0
0.016457	0.000005357	299.950054	0.0	0.0
0.016594	0.000005504	299.728214	0.0	0.0
0.016732	0.000005655	299.507102	0.0	0.0
0.016872	0.000005810	299.286711	0.0	0.0
0.017012	0.000005970	299.067077	0.0	0.0
0.017154	0.000006133	298.848175	0.0	0.0
0.017297	0.000006301	298.630012	0.0	0.0
0.017441	0.000006473	298.412625	0.0	0.0
0.017587	0.000006650	298.195990	0.0	0.0
0.017733	0.000006832	297.980128	0.0	0.0
0.017881	0.000007018	297.765044	0.0	0.0
0.018030	0.000007209	297.550744	0.0	0.0
0.018181	0.000007405	297.337220	0.0	0.0
0.018332	0.000007607	297.124491	0.0	0.0
0.018485	0.000007813	296.912564	0.0	0.0
0.018639	0.000008025	296.701430	0.0	0.0
0.018794	0.000008243	296.491108	0.0	0.0
0.018951	0.000008466	296.281589	0.0	0.0
0.019109	0.000008695	296.072893	0.0	0.0
0.019268	0.000008930	295.864997	0.0	0.0
0.019429	0.000009172	295.657934	0.0	0.0
0.019591	0.000009419	295.451708	0.0	0.0
0.019754	0.000009673	295.246298	0.0	0.0
0.019919	0.000009934	295.041722	0.0	0.0
0.020085	0.000010201	294.837971	0.0	0.0
0.020253	0.000010476	294.635064	0.0	0.0
0.020421	0.000010757	294.433003	0.0	0.0
0.020592	0.000011046	294.231782	0.0	0.0
0.020763	0.000011343	294.031392	0.0	0.0
0.020937	0.000011647	293.831862	0.0	0.0
0.021111	0.000011959	293.633183	0.0	0.0
0.021287	0.000012279	293.435348	0.0	0.0
0.021465	0.000012607	293.238362	0.0	0.0
0.021643	0.000012944	293.042227	0.0	0.0
0.021824	0.000013290	292.846948	0.0	0.0
0.022006	0.000013645	292.652528	0.0	0.0
0.022189	0.000014009	292.458949	0.0	0.0
0.022374	0.000014382	292.266236	0.0	0.0
0.022561	0.000014765	292.074381	0.0	0.0
0.022749	0.000015158	291.883377	0.0	0.0
0.022939	0.000015561	291.693237	0.0	0.0
0.023130	0.000015974	291.503945	0.0	0.0
0.023323	0.000016398	291.315513	0.0	0.0
0.023517	0.000016833	291.127934	0.0	0.0
0.023713	0.000017280	290.941212	0.0	0.0
0.023911	0.000017738	290.755347	0.0	0.0
0.024110	0.000018207	290.570325	0.0	0.0
0.024311	0.000018689	290.386166	0.0	0.0
0.024514	0.000019183	290.202854	0.0	0.0
0.024718	0.000019690	290.020391	0.0	0.0
0.024924	0.000020210	289.838781	0.0	0.0
0.025132	0.000020744	289.658006	0.0	0.0
0.025342	0.000021291	289.478087	0.0	0.0
0.025553	0.000021852	289.299009	0.0	0.0
0.025766	0.000022428	289.120773	0.0	0.0
0.025981	0.000023018	288.943372	0.0	0.0
0.026197	0.000023624	288.766809	0.0	0.0
0.026416	0.000024245	288.591076	0.0	0.0
0.026636	0.000024882	288.416185	0.0	0.0
0.026858	0.000025535	288.242119	0.0	0.0
0.027082	0.000026206	288.068872	0.0	0.0
0.027308	0.000026893	287.896455	0.0	0.0
0.027535	0.000027598	287.724860	0.0	0.0
0.027765	0.000028322	287.554081	0.0	0.0
0.027996	0.000029063	287.384119	0.0	0.0
0.028230	0.000029824	287.214960	0.0	0.0
0.028465	0.000030604	287.046614	0.0	0.0
0.028702	0.000031405	286.879073	0.0	0.0
0.028942	0.000032225	286.712331	0.0	0.0
0.029183	0.000033067	286.546390	0.0	0.0
0.029426	0.000033930	286.381235	0.0	0.0
0.029672	0.000034816	286.216876	0.0	0.0
0.029919	0.000035724	286.053298	0.0	0.0
0.030168	0.000036655	285.890496	0.0	0.0
0.030420	0.000037610	285.728477	0.0	0.0
0.030674	0.000038590	285.567228	0.0	0.0
0.030929	0.000039594	285.406751	0.0	0.0
0.031187	0.000040625	285.247032	0.0	0.0
0.031447	0.000041681	285.088078	0.0	0.0
0.031709	0.000042765	284.929878	0.0	0.0
0.031974	0.000043876	284.772425	0.0	0.0
0.032240	0.000045015	284.615720	0.0	0.0
0.032509	0.000046184	284.459750	0.0	0.0
0.032780	0.000047383	284.304523	0.0	0.0
0.033053	0.000048612	284.150020	0.0	0.0
0.033329	0.000049872	283.996247	0.0	0.0
0.033607	0.000051165	283.843193	0.0	0.0
0.033887	0.000052490	283.690853	0.0	0.0
0.034169	0.000053850	283.539227	0.0	0.0
0.034454	0.000055244	283.388302	0.0	0.0
0.034742	0.000056673	283.238080	0.0	0.0
0.035031	0.000058139	283.088549	0.0	0.0
0.035323	0.000059642	282.939709	0.0	0.0
0.035618	0.000061184	282.791550	0.0	0.0
0.035915	0.000062765	282.644071	0.0	0.0
0.036214	0.000064386	282.497261	0.0	0.0
0.036516	0.000066048	282.351122	0.0	0.0
0.036820	0.000067753	282.205636	0.0	0.0
0.037127	0.000069501	282.060815	0.0	0.0
0.037437	0.000071293	281.916637	0.0	0.0
0.037749	0.000073131	281.773103	0.0	0.0
0.038064	0.000075016	281.630207	0.0	0.0
0.038381	0.000076949	281.487939	0.0	0.0
0.038701	0.000078931	281.346300	0.0	0.0
0.039024	0.000080963	281.205279	0.0	0.0
0.039349	0.000083047	281.064876	0.0	0.0
0.039677	0.000085184	280.925076	0.0	0.0
0.040008	0.000087376	280.785876	0.0	0.0
0.040341	0.000089623	280.647274	0.0	0.0
0.040678	0.000091927	280.509261	0.0	0.0
0.041017	0.000094289	280.371829	0.0	0.0
0.041359	0.000096712	280.234971	0.0	0.0
0.041704	0.000099196	280.098688	0.0	0.0
0.042051	0.000101743	279.962966	0.0	0.0
0.042402	0.000104355	279.827801	0.0	0.0
0.042755	0.000107034	279.693189	0.0	0.0
0.043112	0.000109780	279.559119	0.0	0.0
0.043471	0.000112596	279.425588	0.0	0.0
0.043834	0.000115483	279.292588	0.0	0.0
0.044199	0.000118444	279.160117	0.0	0.0
0.044568	0.000121480	279.028160	0.0	0.0
0.044939	0.000124593	278.896715	0.0	0.0
0.045314	0.000127785	278.765779	0.0	0.0
0.045692	0.000131057	278.635339	0.0	0.0
0.046073	0.000134413	278.505395	0.0	0.0
0.046457	0.000137854	278.375932	0.0	0.0
0.046844	0.000141382	278.246952	0.0	0.0
0.047235	0.000145000	278.118440	0.0	0.0
0.047628	0.000148710	277.990397	0.0	0.0
0.048025	0.000152513	277.862813	0.0	0.0
0.048426	0.000156413	277.735681	0.0	0.0
0.048829	0.000160411	277.608994	0.0	0.0
0.049237	0.000164512	277.482745	0.0	0.0
0.049647	0.000168716	277.356929	0.0	0.0
0.050061	0.000173026	277.231536	0.0	0.0
0.050478	0.000177446	277.106564	0.0	0.0
0.050899	0.000181978	276.982003	0.0	0.0
0.051323	0.000186624	276.857847	0.0	0.0
0.051751	0.000191388	276.734088	0.0	0.0
0.052183	0.000196273	276.610719	0.0	0.0
0.052618	0.000201282	276.487737	0.0	0.0
0.053057	0.000206417	276.365130	0.0	0.0
0.053499	0.000211683	276.242893	0.0	0.0
0.053945	0.000217082	276.121019	0.0	0.0
0.054395	0.000222618	275.999504	0.0	0.0
0.054848	0.000228293	275.878337	0.0	0.0
0.055305	0.000234113	275.757511	0.0	0.0
0.055766	0.000240080	275.637024	0.0	0.0
0.056231	0.000246198	275.516864	0.0	0.0
0.056700	0.000252470	275.397024	0.0	0.0
0.057173	0.000258902	275.277502	0.0	0.0
0.057649	0.000265496	275.158284	0.0	0.0
0.058130	0.000272258	275.039368	0.0	0.0
0.058615	0.000279190	274.920748	0.0	0.0
0.059103	0.000286298	274.802411	0.0	0.0
0.059596	0.000293585	274.684355	0.0	0.0
0.060093	0.000301057	274.566571	0.0	0.0
0.060594	0.000308718	274.449053	0.0	0.0
0.061099	0.000316573	274.331794	0.0	0.0
0.061609	0.000324627	274.214785	0.0	0.0
0.062122	0.000332884	274.098019	0.0	0.0
0.062640	0.000341350	273.981493	0.0	0.0
0.063162	0.000350030	273.865194	0.0	0.0
0.063689	0.000358930	273.749118	0.0	0.0
0.064220	0.000368055	273.633260	0.0	0.0
0.064755	0.000377411	273.517608	0.0	0.0
0.065295	0.000387003	273.402158	0.0	0.0
0.065839	0.000396838	273.286902	0.0	0.0
0.066388	0.000406922	273.171835	0.0	0.0
0.066942	0.000417261	273.056944	0.0	0.0
0.067500	0.000427861	272.942227	0.0	0.0
0.068063	0.000438729	272.827676	0.0	0.0
0.068630	0.000449871	272.713283	0.0	0.0
0.069202	0.000461296	272.599042	0.0	0.0
0.069779	0.000473009	272.484943	0.0	0.0
0.070361	0.000485019	272.370980	0.0	0.0
0.070948	0.000497331	272.257147	0.0	0.0
0.071539	0.000509956	272.143436	0.0	0.0
0.072135	0.000522899	272.029839	0.0	0.0
0.072737	0.000536169	271.916350	0.0	0.0
0.073343	0.000549775	271.802961	0.0	0.0
0.073955	0.000563725	271.689663	0.0	0.0
0.074571	0.000578027	271.576452	0.0	0.0
0.075193	0.000592691	271.463317	0.0	0.0
0.075820	0.000607725	271.350255	0.0	0.0
0.076452	0.000623139	271.237254	0.0	0.0
0.077089	0.000638943	271.124311	0.0	0.0
0.077732	0.000655145	271.011416	0.0	0.0
0.078380	0.000671758	270.898561	0.0	0.0
0.079033	0.000688790	270.785739	0.0	0.0
0.079692	0.000706252	270.672945	0.0	0.0
0.080357	0.000724156	270.560169	0.0	0.0
0.081027	0.000742511	270.447405	0.0	0.0
0.081702	0.000761331	270.334642	0.0	0.0
0.082383	0.000780626	270.221878	0.0	0.0
0.083070	0.000800408	270.109102	0.0	0.0
0.083763	0.000820690	269.996307	0.0	0.0
0.084461	0.000841485	269.883486	0.0	0.0
0.085165	0.000862804	269.770629	0.0	0.0
0.085875	0.000884662	269.657733	0.0	0.0
0.086591	0.000907072	269.544788	0.0	0.0
0.087313	0.000930049	269.431784	0.0	0.0
0.088041	0.000953605	269.318717	0.0	0.0
0.088775	0.000977756	269.205579	0.0	0.0
0.089515	0.001002517	269.092360	0.0	0.0
0.090261	0.001027904	268.979053	0.0	0.0
0.091014	0.001053931	268.865651	0.0	0.0
0.091773	0.001080617	268.752146	0.0	0.0
0.092538	0.001107975	268.638531	0.0	0.0
0.093309	0.001136024	268.524798	0.0	0.0
0.094087	0.001164782	268.410938	0.0	0.0
0.094871	0.001194266	268.296943	0.0	0.0
0.095662	0.001224494	268.182808	0.0	0.0
0.096460	0.001255486	268.068522	0.0	0.0
0.097264	0.001287260	267.954077	0.0	0.0
0.098075	0.001319836	267.839468	0.0	0.0
0.098893	0.001353235	267.724685	0.0	0.0
0.099717	0.001387476	267.609720	0.0	0.0
0.100548	0.001422584	267.494562	0.0	0.0
0.101387	0.001458573	267.379218	0.0	0.0
0.102232	0.001495477	267.263653	0.0	0.0
0.103084	0.001533309	267.147881	0.0	0.0
0.103944	0.001572096	267.031887	0.0	0.0
0.104810	0.001611864	266.915658	0.0	0.0
0.105684	0.001652635	266.799195	0.0	0.0
0.106565	0.001694431	266.682496	0.0	0.0
0.107454	0.001737289	266.565521	0.0	0.0
0.108349	0.001781223	266.448298	0.0	0.0
0.109253	0.001826268	266.330798	0.0	0.0
0.110163	0.001872449	266.213023	0.0	0.0
0.111082	0.001919795	266.094959	0.0	0.0
0.112008	0.001968338	265.976592	0.0	0.0
0.112942	0.002018105	265.857923	0.0	0.0
0.113883	0.002069129	265.738938	0.0	0.0
0.114833	0.002121438	265.619638	0.0	0.0
0.115790	0.002175071	265.499996	0.0	0.0
0.116755	0.002230053	265.380024	0.0	0.0
0.117729	0.002286426	265.259699	0.0	0.0
0.118710	0.002344220	265.139018	0.0	0.0
0.119700	0.002403474	265.017969	0.0	0.0
0.120698	0.002464220	264.896552	0.0	0.0
0.121704	0.002526497	264.774755	0.0	0.0
0.122719	0.002590352	264.652552	0.0	0.0
0.123742	0.002655814	264.529955	0.0	0.0
0.124774	0.002722927	264.406952	0.0	0.0
0.125814	0.002791732	264.283529	0.0	0.0
0.126863	0.002862275	264.159676	0.0	0.0
0.127920	0.002934601	264.035378	0.0	0.0
0.128987	0.003008744	263.910648	0.0	0.0
0.130062	0.003084765	263.785450	0.0	0.0
0.131146	0.003162699	263.659794	0.0	0.0
0.132240	0.003242596	263.533669	0.0	0.0
0.133342	0.003324514	263.407050	0.0	0.0
0.134454	0.003408499	263.279938	0.0	0.0
0.135575	0.003494598	263.152331	0.0	0.0
0.136705	0.003582872	263.024205	0.0	0.0
0.137845	0.003673371	262.895560	0.0	0.0
0.138994	0.003766152	262.766384	0.0	0.0
0.140153	0.003861275	262.636665	0.0	0.0
0.141321	0.003958791	262.506402	0.0	0.0
0.142499	0.004058772	262.375572	0.0	0.0
0.143687	0.004161272	262.244173	0.0	0.0
0.144885	0.004266356	262.112194	0.0	0.0
0.146093	0.004374092	261.979623	0.0	0.0
0.147311	0.004484546	261.846448	0.0	0.0
0.148539	0.004597781	261.712668	0.0	0.0
0.149778	0.004713867	261.578271	0.0	0.0
0.151026	0.004832887	261.443234	0.0	0.0
0.152285	0.004954907	261.307556	0.0	0.0
0.153555	0.005080003	261.171225	0.0	0.0
0.154835	0.005208255	261.034229	0.0	0.0
0.156126	0.005339732	260.896568	0.0	0.0
0.157428	0.005474528	260.758218	0.0	0.0
0.158740	0.005612726	260.619168	0.0	0.0
0.160064	0.005754403	260.479416	0.0	0.0
0.161398	0.005899648	260.338951	0.0	0.0
0.162744	0.006048562	260.197750	0.0	0.0
0.164100	0.006201226	260.055811	0.0	0.0
0.165468	0.006357737	259.913124	0.0	0.0
0.166848	0.006518192	259.769675	0.0	0.0
0.168239	0.006682689	259.625454	0.0	0.0
0.169642	0.006851332	259.480447	0.0	0.0
0.171056	0.007024213	259.334654	0.0	0.0
0.172482	0.007201464	259.188042	0.0	0.0
0.173920	0.007383181	259.040610	0.0	0.0
0.175370	0.007569465	258.892355	0.0	0.0
0.176832	0.007760457	258.743245	0.0	0.0
0.178306	0.007956247	258.593289	0.0	0.0
0.179793	0.008156971	258.442465	0.0	0.0
0.181291	0.008362751	258.290760	0.0	0.0
0.182803	0.008573729	258.138152	0.0	0.0
0.184327	0.008790006	257.984650	0.0	0.0
0.185864	0.009011728	257.830231	0.0	0.0
0.187413	0.009239031	257.674884	0.0	0.0
0.188976	0.009472070	257.518585	0.0	0.0
0.190551	0.009710958	257.361344	0.0	0.0
0.192140	0.009955869	257.203127	0.0	0.0
0.193742	0.010206954	257.043923	0.0	0.0
0.195357	0.010464351	256.883729	0.0	0.0
0.196985	0.010728232	256.722523	0.0	0.0
0.198628	0.010998742	256.560302	0.0	0.0
0.200284	0.011276077	256.397036	0.0	0.0
0.201953	0.011560372	256.232729	0.0	0.0
0.203637	0.011851835	256.067352	0.0	0.0
0.205335	0.012150624	255.900901	0.0	0.0
0.207047	0.012456919	255.733363	0.0	0.0
0.208773	0.012770943	255.564707	0.0	0.0
0.210513	0.013092847	255.394939	0.0	0.0
0.212268	0.013422845	255.224037	0.0	0.0
0.214038	0.013761155	255.051978	0.0	0.0
0.215822	0.014107960	254.878760	0.0	0.0
0.217622	0.014463488	254.704360	0.0	0.0
0.219436	0.014827953	254.528765	0.0	0.0
0.221265	0.015201573	254.351962	0.0	0.0
0.223110	0.015584592	254.173929	0.0	0.0
0.224970	0.015977219	253.994661	0.0	0.0
0.226846	0.016379731	253.814128	0.0	0.0
0.228737	0.016792345	253.632324	0.0	0.0
0.230644	0.017215309	253.449238	0.0	0.0
0.232567	0.017648917	253.264835	0.0	0.0
0.234506	0.018093406	253.079114	0.0	0.0
0.236461	0.018549039	252.892060	0.0	0.0
0.238432	0.019016133	252.703640	0.0	0.0
0.240420	0.019494917	252.513861	0.0	0.0
0.242424	0.019985746	252.322679	0.0	0.0
0.244445	0.020488886	252.130091	0.0	0.0
0.246483	0.021004634	251.936083	0.0	0.0
0.248538	0.021533319	251.740631	0.0	0.0
0.250610	0.022075252	251.543722	0.0	0.0
0.252699	0.022630777	251.345332	0.0	0.0
0.254806	0.023200247	251.145436	0.0	0.0
0.256930	0.023783969	250.944032	0.0	0.0
0.259072	0.024382312	250.741094	0.0	0.0
0.261232	0.024995624	250.536608	0.0	0.0
0.263410	0.025624321	250.330541	0.0	0.0
0.265606	0.026268739	250.122888	0.0	0.0
0.267820	0.026929313	249.913615	0.0	0.0
0.270053	0.027606397	249.702717	0.0	0.0
0.272305	0.028300412	249.490169	0.0	0.0
0.274575	0.029011792	249.275947	0.0	0.0
0.276864	0.029740947	249.060036	0.0	0.0
0.279172	0.030488298	248.842421	0.0	0.0
0.281500	0.031254372	248.623058	0.0	0.0
0.283846	0.032039545	248.401950	0.0	0.0
0.286213	0.032844333	248.179064	0.0	0.0
0.288599	0.033669198	247.954383	0.0	0.0
0.291005	0.034514680	247.727874	0.0	0.0
0.293431	0.035381229	247.499529	0.0	0.0
0.295877	0.036269372	247.269323	0.0	0.0
0.298344	0.037179651	247.037231	0.0	0.0
0.300831	0.038112581	246.803237	0.0	0.0
0.303339	0.039068767	246.567306	0.0	0.0
0.305868	0.040048748	246.329420	0.0	0.0
0.308418	0.041053116	246.089555	0.0	0.0
0.310989	0.042082476	245.847684	0.0	0.0
0.313582	0.043137407	245.603790	0.0	0.0
0.316196	0.044218538	245.357847	0.0	0.0
0.318833	0.045326517	245.109829	0.0	0.0
0.321491	0.046462002	244.859710	0.0	0.0
0.324171	0.047625624	244.607471	0.0	0.0
0.326873	0.048818117	244.353077	0.0	0.0
0.329599	0.050040139	244.096511	0.0	0.0
0.332346	0.051292409	243.837745	0.0	0.0
0.335117	0.052575710	243.576744	0.0	0.0
0.337911	0.053890697	243.313497	0.0	0.0
0.340728	0.055238232	243.047961	0.0	0.0
0.343569	0.056619004	242.780125	0.0	0.0
0.346433	0.058033858	242.509952	0.0	0.0
0.349321	0.059483612	242.237416	0.0	0.0
0.352233	0.060969049	241.962498	0.0	0.0
0.355170	0.062491122	241.685152	0.0	0.0
0.358131	0.064050598	241.405367	0.0	0.0
0.361117	0.065648414	241.123106	0.0	0.0
0.364127	0.067285477	240.838343	0.0	0.0
0.367163	0.068962711	240.551047	0.0	0.0
0.370224	0.070681057	240.261191	0.0	0.0
0.373311	0.072441478	239.968746	0.0	0.0
0.376423	0.074245012	239.673675	0.0	0.0
0.379561	0.076092601	239.375958	0.0	0.0
0.382725	0.077985266	239.075567	0.0	0.0
0.385916	0.079924166	238.772454	0.0	0.0
0.389133	0.081910241	238.466609	0.0	0.0
0.392378	0.083944696	238.157984	0.0	0.0
0.395649	0.086028571	237.846560	0.0	0.0
0.398947	0.088163051	237.532299	0.0	0.0
0.402273	0.090349282	237.215172	0.0	0.0
0.405627	0.092588428	236.895150	0.0	0.0
0.409009	0.094881745	236.572194	0.0	0.0
0.412419	0.097230440	236.246276	0.0	0.0
0.415857	0.099635744	235.917366	0.0	0.0
0.419324	0.102098907	235.585436	0.0	0.0
0.422820	0.104621348	235.250438	0.0	0.0
0.426345	0.107204291	234.912352	0.0	0.0
0.429899	0.109849126	234.571141	0.0	0.0
0.433483	0.112557196	234.226776	0.0	0.0
0.437097	0.115329938	233.879219	0.0	0.0
0.440741	0.118168816	233.528432	0.0	0.0
0.444416	0.121075160	233.174396	0.0	0.0
0.448121	0.124050557	232.817064	0.0	0.0
0.451857	0.127096379	232.456418	0.0	0.0
0.455624	0.130214261	232.092411	0.0	0.0
0.459422	0.133405700	231.725015	0.0	0.0
0.463252	0.136672212	231.354204	0.0	0.0
0.467114	0.140015507	230.979931	0.0	0.0
0.471009	0.143437145	230.602169	0.0	0.0
0.474935	0.146938796	230.220883	0.0	0.0
0.478895	0.150522060	229.836048	0.0	0.0
0.482887	0.154188649	229.447626	0.0	0.0
0.486913	0.157940295	229.055585	0.0	0.0
0.490973	0.161778657	228.659900	0.0	0.0
0.495066	0.165705603	228.260526	0.0	0.0
0.499193	0.169722831	227.857440	0.0	0.0
0.503355	0.173832251	227.450600	0.0	0.0
0.507551	0.178035493	227.039993	0.0	0.0
0.511783	0.182334504	226.625579	0.0	0.0
0.516049	0.186731148	226.207325	0.0	0.0
0.520352	0.191227303	225.785203	0.0	0.0
0.524690	0.195824759	225.359192	0.0	0.0
0.529064	0.200525528	224.929254	0.0	0.0
0.533475	0.205331419	224.495372	0.0	0.0
0.537922	0.210244584	224.057499	0.0	0.0
0.542407	0.215266743	223.615629	0.0	0.0
0.546929	0.220399956	223.169727	0.0	0.0
0.551489	0.225646179	222.719770	0.0	0.0
0.556086	0.231007374	222.265736	0.0	0.0
0.560722	0.236485506	221.807603	0.0	0.0
0.565397	0.242082663	221.345342	0.0	0.0
0.570111	0.247800816	220.878933	0.0	0.0
0.574864	0.253641809	220.408370	0.0	0.0
0.579656	0.259607852	219.933616	0.0	0.0
0.584489	0.265700909	219.454657	0.0	0.0
0.589362	0.271922804	218.971492	0.0	0.0
0.594275	0.278275735	218.484088	0.0	0.0
0.599230	0.284761503	217.992446	0.0	0.0
0.604225	0.291382155	217.496549	0.0	0.0
0.609263	0.298139723	216.996382	0.0	0.0
0.614342	0.305035952	216.491951	0.0	0.0
0.619464	0.312073110	215.983223	0.0	0.0
0.624628	0.319252756	215.470221	0.0	0.0
0.629836	0.326576830	214.952936	0.0	0.0
0.635086	0.334047390	214.431353	0.0	0.0
0.640381	0.341666180	213.905480	0.0	0.0
0.645720	0.349434905	213.375327	0.0	0.0
0.651103	0.357355373	212.840896	0.0	0.0
0.656531	0.365429354	212.302191	0.0	0.0
0.662005	0.373658424	211.759230	0.0	0.0
0.667524	0.382044410	211.212014	0.0	0.0
0.673089	0.390588787	210.660565	0.0	0.0
0.678701	0.399293128	210.104899	0.0	0.0
0.684359	0.408158788	209.545046	0.0	0.0
0.690064	0.417187534	208.981007	0.0	0.0
0.695817	0.426380440	208.412827	0.0	0.0
0.701618	0.435738985	207.840524	0.0	0.0
0.707468	0.445264255	207.264141	0.0	0.0
0.713366	0.454957588	206.683701	0.0	0.0
0.719313	0.464819916	206.099253	0.0	0.0
0.725310	0.474852585	205.510818	0.0	0.0
0.731357	0.485056194	204.918461	0.0	0.0
0.737454	0.495431925	204.322212	0.0	0.0
0.743602	0.505980362	203.722131	0.0	0.0
0.749801	0.516702167	203.118275	0.0	0.0
0.756052	0.527598076	202.510693	0.0	0.0
0.762355	0.538668735	201.899439	0.0	0.0
0.768711	0.549914335	201.284588	0.0	0.0
0.775120	0.561335318	200.666201	0.0	0.0
0.781582	0.572931843	200.044353	0.0	0.0
0.788098	0.584703963	199.419120	0.0	0.0
0.794668	0.596651984	198.790566	0.0	0.0
0.801293	0.608775745	198.158775	0.0	0.0
0.807974	0.621074970	197.523836	0.0	0.0
0.814710	0.633549458	196.885832	0.0	0.0
0.821502	0.646198896	196.244850	0.0	0.0
0.828351	0.659022676	195.600989	0.0	0.0
0.835256	0.672020262	194.954343	0.0	0.0
0.842220	0.685190818	194.305019	0.0	0.0
0.849241	0.698533777	193.653107	0.0	0.0
0.856321	0.712048275	192.998712	0.0	0.0
0.863461	0.725733146	192.341950	0.0	0.0
0.870659	0.739587308	191.682932	0.0	0.0
0.877918	0.753609575	191.021772	0.0	0.0
0.885237	0.767798657	190.358585	0.0	0.0
0.892617	0.782153164	189.693492	0.0	0.0
0.900059	0.796671803	189.026605	0.0	0.0
0.907562	0.811352797	188.358059	0.0	0.0
0.915129	0.826194669	187.687971	0.0	0.0
0.922758	0.841195460	187.016480	0.0	0.0
0.930451	0.856353719	186.343700	0.0	0.0
0.938208	0.871667326	185.669775	0.0	0.0
0.946030	0.887134280	184.994839	0.0	0.0
0.953917	0.902752908	184.319013	0.0	0.0
0.961869	0.918520876	183.642444	0.0	0.0
0.969888	0.934436189	182.965265	0.0	0.0
0.977974	0.950496794	182.287608	0.0	0.0
0.986128	0.966700392	181.609616	0.0	0.0
0.994349	0.983044641	180.931433	0.0	0.0
1.002639	0.999528351	180.253153	0.0	0.0
1.010998	1.016147717	179.574978	0.0	0.0
1.019426	1.032899704	178.897077	0.0	0.0
1.027925	1.049784833	178.219474	0.0	0.0
1.036495	1.066799634	177.542354	0.0	0.0
1.045136	1.083940632	176.865902	0.0	0.0
1.053849	1.101206334	176.190221	0.0	0.0
1.062635	1.118595249	175.515417	0.0	0.0
1.071494	1.136103912	174.841670	0.0	0.0
1.080427	1.153730855	174.169085	0.0	0.0
1.089434	1.171472653	173.497839	0.0	0.0
1.098517	1.189329849	172.827960	0.0	0.0
1.107675	1.207297110	172.159696	0.0	0.0
1.116910	1.225375036	171.493074	0.0	0.0
1.126221	1.243558390	170.828336	0.0	0.0
1.135611	1.261849793	170.165437	0.0	0.0
1.145078	1.280242168	169.504682	0.0	0.0
1.154624	1.298736288	168.846095	0.0	0.0
1.164250	1.317331025	168.189767	0.0	0.0
1.173957	1.336025302	167.535789	0.0	0.0
1.183744	1.354814269	166.884382	0.0	0.0
1.193613	1.373698914	166.235564	0.0	0.0
1.203564	1.392676455	165.589483	0.0	0.0
1.213598	1.411746102	164.946220	0.0	0.0
1.223715	1.430905237	164.305915	0.0	0.0
1.233917	1.450155111	163.668581	0.0	0.0
1.244204	1.469493262	163.034353	0.0	0.0
1.254577	1.488919201	162.403301	0.0	0.0
1.265037	1.508432513	161.775493	0.0	0.0
1.275583	1.528029146	161.151114	0.0	0.0
1.286217	1.547710728	160.530164	0.0	0.0
1.296941	1.567478933	159.912645	0.0	0.0
1.307753	1.587328151	159.298787	0.0	0.0
1.318656	1.607262065	158.688530	0.0	0.0
1.329649	1.627277106	158.082034	0.0	0.0
1.340734	1.647375270	157.479293	0.0	0.0
1.351912	1.667556796	156.880352	0.0	0.0
1.363183	1.687820205	156.285308	0.0	0.0
1.374547	1.708164124	155.694251	0.0	0.0
1.386007	1.728592620	155.107116	0.0	0.0
1.397562	1.749102686	154.524039	0.0	0.0
1.409213	1.769694975	153.945051	0.0	0.0
1.420962	1.790371965	153.370131	0.0	0.0
1.432808	1.811130928	152.799404	0.0	0.0
1.444753	1.831974485	152.232845	0.0	0.0
1.456798	1.852903558	151.670475	0.0	0.0
1.468943	1.873917406	151.112361	0.0	0.0
1.481190	1.895018819	150.558473	0.0	0.0
1.493538	1.916205478	150.008915	0.0	0.0
1.505990	1.937482002	149.463611	0.0	0.0
1.518545	1.958846215	148.922657	0.0	0.0
1.531205	1.980301124	148.386020	0.0	0.0
1.543971	2.001848077	147.853704	0.0	0.0
1.556843	2.023486793	147.325756	0.0	0.0
1.569822	2.045218735	146.802176	0.0	0.0
1.582909	2.067045415	146.282964	0.0	0.0
1.596106	2.088970043	145.768079	0.0	0.0
1.609413	2.110992542	145.257557	0.0	0.0
1.622830	2.133112900	144.751432	0.0	0.0
1.636359	2.155334447	144.249656	0.0	0.0
1.650002	2.177660522	143.752188	0.0	0.0
1.663758	2.200089592	143.259089	0.0	0.0
1.677628	2.222623447	142.770349	0.0	0.0
1.691614	2.245265521	142.285918	0.0	0.0
1.705717	2.268017643	141.805785	0.0	0.0
1.719938	2.290881669	141.329935	0.0	0.0
1.734277	2.313857881	140.858385	0.0	0.0
1.748735	2.336948196	140.391118	0.0	0.0
1.763314	2.360156145	139.928083	0.0	0.0
1.778015	2.383483671	139.469263	0.0	0.0
1.792838	2.406931158	139.014668	0.0	0.0
1.807785	2.430502173	138.564247	0.0	0.0
1.822856	2.454197143	138.118009	0.0	0.0
1.838053	2.478019653	137.675902	0.0	0.0
1.853377	2.501971726	137.237904	0.0	0.0
1.868828	2.526053838	136.804020	0.0	0.0
1.884408	2.550269597	136.374197	0.0	0.0
1.900119	2.574622602	135.948384	0.0	0.0
1.915960	2.599111813	135.526610	0.0	0.0
1.931933	2.623740849	135.108823	0.0	0.0
1.948039	2.648511783	134.694998	0.0	0.0
1.964280	2.673428224	134.285081	0.0	0.0
1.980656	2.698490715	133.879073	0.0	0.0
1.997168	2.723701338	133.476947	0.0	0.0
2.013819	2.749065226	133.078626	0.0	0.0
2.030608	2.774581409	132.684133	0.0	0.0
2.047537	2.800253491	132.293415	0.0	0.0
2.064607	2.826083553	131.906445	0.0	0.0
2.081819	2.852073673	131.523196	0.0	0.0
2.099175	2.878227435	131.143617	0.0	0.0
2.116676	2.904546907	130.767682	0.0	0.0
2.134322	2.931032655	130.395383	0.0	0.0
2.152116	2.957689745	130.026651	0.0	0.0
2.170058	2.984518735	129.661478	0.0	0.0
2.188150	3.011523174	129.299818	0.0	0.0
2.206392	3.038703620	128.941661	0.0	0.0
2.224787	3.066065094	128.586941	0.0	0.0
2.243334	3.093606659	128.235670	0.0	0.0
2.262037	3.121334800	127.887761	0.0	0.0
2.280895	3.149248573	127.543227	0.0	0.0
2.299911	3.177352953	127.202003	0.0	0.0
2.319085	3.205648471	126.864080	0.0	0.0
2.338419	3.234138605	126.529413	0.0	0.0
2.357914	3.262825347	126.197976	0.0	0.0
2.377572	3.291712154	125.869726	0.0	0.0
2.397394	3.320801000	125.544636	0.0	0.0
2.417380	3.350092391	125.222696	0.0	0.0
2.437534	3.379592683	124.903833	0.0	0.0
2.457855	3.409300901	124.588053	0.0	0.0
2.478346	3.439221914	124.275298	0.0	0.0
2.499008	3.469357654	123.965545	0.0	0.0
2.519842	3.499710050	123.658768	0.0	0.0
2.540850	3.530282477	123.354928	0.0	0.0
2.562033	3.561076843	123.054000	0.0	0.0
2.583392	3.592095052	122.755962	0.0	0.0
2.604930	3.623341900	122.460760	0.0	0.0
2.626647	3.654817820	122.168386	0.0	0.0
2.648545	3.686526138	121.878802	0.0	0.0
2.670625	3.718468722	121.591985	0.0	0.0
2.692890	3.750650323	121.307887	0.0	0.0
2.715341	3.783072790	121.026486	0.0	0.0
2.737978	3.815736521	120.747772	0.0	0.0
2.760804	3.848646238	120.471699	0.0	0.0
2.783821	3.881805205	120.198233	0.0	0.0
2.807030	3.915215239	119.927353	0.0	0.0
2.830431	3.948876712	119.659050	0.0	0.0
2.854029	3.982797177	119.393257	0.0	0.0
2.877822	4.016974116	119.129988	0.0	0.0
2.901814	4.051413624	118.869190	0.0	0.0
2.926007	4.086118913	118.610831	0.0	0.0
2.950401	4.121090318	118.354905	0.0	0.0
2.974998	4.156331037	118.101380	0.0	0.0
2.999800	4.191844257	117.850228	0.0	0.0
3.024809	4.227633159	117.601420	0.0	0.0
3.050027	4.263700912	117.354928	0.0	0.0
3.075454	4.300047822	117.110743	0.0	0.0
3.101094	4.336679904	116.868819	0.0	0.0
3.126948	4.373598874	116.629139	0.0	0.0
3.153017	4.410806448	116.391686	0.0	0.0
3.179303	4.448305759	116.156433	0.0	0.0
3.205809	4.486101360	115.923346	0.0	0.0
3.232535	4.524193517	115.692418	0.0	0.0
3.259485	4.562588194	115.463607	0.0	0.0
3.286659	4.601285645	115.236906	0.0	0.0
3.314059	4.640288972	115.012289	0.0	0.0
3.341688	4.679602688	114.789727	0.0	0.0
3.369548	4.719229880	114.569196	0.0	0.0
3.397639	4.759170781	114.350689	0.0	0.0
3.425965	4.799431308	114.134168	0.0	0.0
3.454527	4.840013108	113.919619	0.0	0.0
3.483327	4.880919241	113.707021	0.0	0.0
3.512368	4.922154181	113.496345	0.0	0.0
3.541650	4.963718140	113.287585	0.0	0.0
3.571176	5.005615581	113.080713	0.0	0.0
3.600949	5.047850961	112.875702	0.0	0.0
3.630970	5.090425894	112.672540	0.0	0.0
3.661241	5.133343409	112.471207	0.0	0.0
3.691764	5.176606528	112.271685	0.0	0.0
3.722542	5.220219686	112.073946	0.0	0.0
3.753577	5.264185895	111.877975	0.0	0.0
3.784870	5.308506747	111.683759	0.0	0.0
3.816424	5.353186663	111.491273	0.0	0.0
3.848241	5.398228639	111.300501	0.0	0.0
3.880324	5.443637087	111.111420	0.0	0.0
3.912673	5.489412164	110.924024	0.0	0.0
3.945293	5.535561103	110.738280	0.0	0.0
3.978185	5.582085468	110.554177	0.0	0.0
4.011350	5.628986823	110.371705	0.0	0.0
4.044793	5.676272383	110.190831	0.0	0.0
4.078514	5.723942290	110.011553	0.0	0.0
4.112516	5.772000923	109.833847	0.0	0.0
4.146802	5.820452657	109.657696	0.0	0.0
4.181373	5.869299036	109.483090	0.0	0.0
4.216233	5.918545841	109.310003	0.0	0.0
4.251383	5.968194610	109.138428	0.0	0.0
4.286827	6.018251116	108.968340	0.0	0.0
4.322566	6.068716889	108.799731	0.0	0.0
4.358602	6.119594871	108.632588	0.0	0.0
4.394940	6.170892236	108.466884	0.0	0.0
4.431580	6.222609094	108.302615	0.0	0.0
4.468526	6.274751200	108.139759	0.0	0.0
4.505779	6.327320072	107.978309	0.0	0.0
4.543344	6.380322867	107.818239	0.0	0.0
4.581221	6.433759688	107.659547	0.0	0.0
4.619414	6.487636276	107.502211	0.0	0.0
4.657926	6.541956958	107.346217	0.0	0.0
4.696759	6.596724650	107.191554	0.0	0.0
4.735915	6.651942264	107.038209	0.0	0.0
4.775398	6.707615530	106.886165	0.0	0.0
4.815210	6.763747355	106.735411	0.0	0.0
4.855354	6.820342053	106.585933	0.0	0.0
4.895833	6.877403937	106.437716	0.0	0.0
4.936649	6.934935908	106.290751	0.0	0.0
4.977805	6.992942272	106.145024	0.0	0.0
5.019305	7.051428745	106.000518	0.0	0.0
5.061150	7.110396810	105.857227	0.0	0.0
5.103345	7.169853587	105.715132	0.0	0.0
5.145891	7.229800557	105.574226	0.0	0.0
5.188792	7.290243424	105.434495	0.0	0.0
5.232050	7.351185075	105.295928	0.0	0.0
5.275669	7.412631211	105.158512	0.0	0.0
5.319652	7.474586123	105.022233	0.0	0.0
5.364002	7.537054099	104.887082	0.0	0.0
5.408721	7.600038018	104.753049	0.0	0.0
5.453813	7.663543573	104.620121	0.0	0.0
5.499281	7.727575049	104.488286	0.0	0.0
5.545128	7.792136725	104.357533	0.0	0.0
5.591357	7.857232883	104.227854	0.0	0.0
5.637972	7.922869209	104.099233	0.0	0.0
5.684975	7.989048571	103.971664	0.0	0.0
5.732370	8.055776653	103.845134	0.0	0.0
5.780160	8.123057729	103.719633	0.0	0.0
5.828349	8.190897479	103.595149	0.0	0.0
5.876940	8.259300173	103.471673	0.0	0.0
5.925935	8.328268673	103.349197	0.0	0.0
5.975339	8.397810062	103.227708	0.0	0.0
6.025155	8.467928607	103.107197	0.0	0.0
6.075386	8.538628574	102.987654	0.0	0.0
6.126036	8.609915634	102.869069	0.0	0.0
6.177108	8.681794050	102.751433	0.0	0.0
6.228606	8.754269490	102.634736	0.0	0.0
6.280534	8.827347623	102.518967	0.0	0.0
6.332894	8.901031300	102.404120	0.0	0.0
6.385691	8.975327594	102.290183	0.0	0.0
6.438928	9.050240763	102.177148	0.0	0.0
6.492608	9.125775061	102.065008	0.0	0.0
6.546737	9.201938965	101.953748	0.0	0.0
6.601316	9.278733915	101.843365	0.0	0.0
6.656351	9.356168385	101.733846	0.0	0.0
6.711844	9.434245219	101.625186	0.0	0.0
6.767800	9.512971483	101.517374	0.0	0.0
6.824223	9.592352832	101.410401	0.0	0.0
6.881116	9.672393516	101.304260	0.0	0.0
6.938483	9.753099190	101.198943	0.0	0.0
6.996329	9.834476914	101.094439	0.0	0.0
7.054656	9.916529529	100.990744	0.0	0.0
7.113470	9.999265499	100.887847	0.0	0.0
7.172775	10.082690476	100.785738	0.0	0.0
7.232574	10.166808704	100.684412	0.0	0.0
7.292871	10.251625833	100.583862	0.0	0.0
7.353671	10.337148918	100.484078	0.0	0.0
7.414978	10.423383607	100.385053	0.0	0.0
7.476796	10.510335547	100.286778	0.0	0.0
7.539129	10.598010385	100.189248	0.0	0.0
7.601982	10.686415174	100.092454	0.0	0.0
7.665359	10.775555558	99.996387	0.0	0.0
7.729265	10.865438588	99.901041	0.0	0.0
7.793703	10.956068501	99.806410	0.0	0.0
7.858679	11.047453753	99.712484	0.0	0.0
7.924196	11.139598581	99.619259	0.0	0.0
7.990259	11.232510031	99.526725	0.0	0.0
8.056873	11.326195152	99.434877	0.0	0.0
8.124042	11.420659583	99.343707	0.0	0.0
8.191772	11.515911778	99.253206	0.0	0.0
8.260066	11.611955969	99.163371	0.0	0.0
8.328929	11.708799200	99.074194	0.0	0.0
8.398367	11.806449922	98.985665	0.0	0.0
8.468383	11.904912367	98.897782	0.0	0.0
8.538984	12.004196389	98.810535	0.0	0.0
8.610172	12.104304813	98.723920	0.0	0.0
8.681955	12.205248898	98.637927	0.0	0.0
8.754335	12.307031468	98.552554	0.0	0.0
8.827319	12.409662376	98.467791	0.0	0.0
8.900912	12.513148661	98.383632	0.0	0.0
8.975118	12.617495958	98.300073	0.0	0.0
9.049943	12.722712711	98.217105	0.0	0.0
9.125391	12.828804552	98.134724	0.0	0.0
9.201469	12.935781333	98.052922	0.0	0.0
9.278181	13.043648684	97.971694	0.0	0.0
9.355532	13.152413643	97.891035	0.0	0.0
9.433529	13.262086058	97.810936	0.0	0.0
9.512175	13.372670152	97.731394	0.0	0.0
9.591477	13.484175774	97.652401	0.0	0.0
9.671440	13.596609959	97.573953	0.0	0.0
9.752070	13.709981147	97.496042	0.0	0.0
9.833373	13.824297778	97.418664	0.0	0.0
9.915353	13.939565480	97.341812	0.0	0.0
9.998016	14.055792691	97.265483	0.0	0.0
10.081370	14.172990663	97.189667	0.0	0.0
10.165420	14.291166427	97.114360	0.0	0.0
10.250160	14.410311549	97.039566	0.0	0.0
10.335620	14.530468210	96.965260	0.0	0.0
10.421790	14.651622351	96.891449	0.0	0.0
10.508670	14.773773973	96.818133	0.0	0.0
10.596280	14.896951194	96.745295	0.0	0.0
10.684620	15.021154014	96.672935	0.0	0.0
10.773700	15.146396491	96.601044	0.0	0.0
10.863520	15.272678625	96.529622	0.0	0.0
10.954090	15.400014472	96.458660	0.0	0.0
11.045410	15.528404032	96.388158	0.0	0.0
11.137490	15.657861359	96.318109	0.0	0.0
11.230350	15.788414569	96.248497	0.0	0.0
11.323970	15.920035541	96.179336	0.0	0.0
11.418380	16.052766448	96.110604	0.0	0.0
11.513570	16.186593226	96.042309	0.0	0.0
11.609560	16.321543989	95.974435	0.0	0.0
11.706350	16.457618730	95.906982	0.0	0.0
11.803940	16.594817444	95.839951	0.0	0.0
11.902350	16.733168243	95.773326	0.0	0.0
12.001580	16.872671119	95.707109	0.0	0.0
12.101640	17.013340124	95.641292	0.0	0.0
12.202530	17.155175250	95.575874	0.0	0.0
12.304260	17.298190548	95.510850	0.0	0.0
12.406840	17.442400068	95.446212	0.0	0.0
12.510270	17.587803800	95.381961	0.0	0.0
12.614570	17.734429852	95.318083	0.0	0.0
12.719740	17.882278212	95.254579	0.0	0.0
12.825780	18.031348872	95.191449	0.0	0.0
12.932710	18.181669936	95.128680	0.0	0.0
13.040530	18.333241391	95.066272	0.0	0.0
13.149240	18.486063228	95.004225	0.0	0.0
13.258870	18.640177605	94.942521	0.0	0.0
13.369410	18.795570453	94.881167	0.0	0.0
13.480870	18.952255815	94.820157	0.0	0.0
13.593250	19.110233678	94.759489	0.0	0.0
13.706580	19.269546199	94.699149	0.0	0.0
13.820850	19.430179305	94.639141	0.0	0.0
13.936070	19.592147038	94.579459	0.0	0.0
14.052260	19.755477496	94.520094	0.0	0.0
14.169410	19.920156604	94.461050	0.0	0.0
14.287540	20.086212461	94.402317	0.0	0.0
14.406650	20.253645046	94.343895	0.0	0.0
14.526760	20.422482456	94.285774	0.0	0.0
14.647870	20.592724670	94.227954	0.0	0.0
14.769990	20.764385727	94.170430	0.0	0.0
14.893120	20.937465603	94.113201	0.0	0.0
15.017290	21.112006450	94.056255	0.0	0.0
15.142480	21.287980130	93.999599	0.0	0.0
15.268730	21.465442847	93.943216	0.0	0.0
15.396020	21.644366465	93.887115	0.0	0.0
15.524370	21.824779073	93.831286	0.0	0.0
15.653800	22.006708757	93.775721	0.0	0.0
15.784300	22.190141436	93.720423	0.0	0.0
15.915900	22.375119251	93.665381	0.0	0.0
16.048590	22.561628119	93.610599	0.0	0.0
16.182380	22.749682068	93.556071	0.0	0.0
16.317290	22.939309181	93.501790	0.0	0.0
16.453330	23.130523483	93.447752	0.0	0.0
16.590500	23.323324945	93.393956	0.0	0.0
16.728810	23.517727589	93.340399	0.0	0.0
16.868280	23.713759495	93.287073	0.0	0.0
17.008910	23.911420628	93.233977	0.0	0.0
17.150710	24.110725011	93.181108	0.0	0.0
17.293690	24.311686663	93.128462	0.0	0.0
17.437870	24.514333658	93.076032	0.0	0.0
17.583250	24.718665958	93.023818	0.0	0.0
17.729840	24.924697581	92.971815	0.0	0.0
17.877650	25.132442542	92.920021	0.0	0.0
18.026690	25.341914856	92.868431	0.0	0.0
18.176980	25.553142589	92.817039	0.0	0.0
18.328520	25.766125700	92.765845	0.0	0.0
18.481320	25.980878199	92.714844	0.0	0.0
18.635400	26.197428150	92.664032	0.0	0.0
18.790760	26.415775506	92.613406	0.0	0.0
18.947420	26.635948329	92.562962	0.0	0.0
19.105380	26.857946570	92.512698	0.0	0.0
19.264660	27.081798286	92.462609	0.0	0.0
19.425270	27.307517480	92.412691	0.0	0.0
19.587220	27.535118154	92.362941	0.0	0.0
19.750510	27.764600252	92.313359	0.0	0.0
19.915170	27.996005881	92.263936	0.0	0.0
20.081200	28.229334983	92.214671	0.0	0.0
20.248620	28.464615606	92.165560	0.0	0.0
20.417430	28.701847690	92.116601	0.0	0.0
20.587650	28.941059279	92.067789	0.0	0.0
20.759290	29.182264364	92.019121	0.0	0.0
20.932350	29.425462879	91.970597	0.0	0.0
21.106870	29.670710970	91.922205	0.0	0.0
21.282830	29.917980461	91.873952	0.0	0.0
21.460260	30.167313441	91.825829	0.0	0.0
21.639180	30.418737943	91.777830	0.0	0.0
21.819580	30.672239840	91.729959	0.0	0.0
22.001490	30.927861212	91.682206	0.0	0.0
22.184910	31.185601983	91.634573	0.0	0.0
22.369870	31.445504228	91.587051	0.0	0.0
22.556360	31.707553814	91.539642	0.0	0.0
22.744410	31.971792811	91.492340	0.0	0.0
22.934030	32.238235186	91.445142	0.0	0.0
23.125230	32.506894900	91.398044	0.0	0.0
23.318020	32.777785915	91.351045	0.0	0.0
23.512420	33.050936240	91.304140	0.0	0.0
23.708440	33.326359830	91.257326	0.0	0.0
23.906100	33.604084690	91.210599	0.0	0.0
24.105400	33.884110718	91.163957	0.0	0.0
24.306370	34.166479964	91.117396	0.0	0.0
24.509010	34.451192323	91.070913	0.0	0.0
24.713340	34.738275785	91.024506	0.0	0.0
24.919370	35.027744291	90.978171	0.0	0.0
25.127120	35.319625827	90.931903	0.0	0.0
25.336600	35.613934325	90.885702	0.0	0.0
25.547830	35.910697765	90.839561	0.0	0.0
25.760820	36.209930073	90.793480	0.0	0.0
25.975590	36.511659222	90.747453	0.0	0.0
26.192140	36.815885084	90.701481	0.0	0.0
26.410510	37.122663719	90.655556	0.0	0.0
26.630690	37.431980945	90.609678	0.0	0.0
26.852700	37.743864720	90.563845	0.0	0.0
27.076570	38.058357045	90.518049	0.0	0.0
27.302310	38.375471822	90.472289	0.0	0.0
27.529930	38.695222949	90.426563	0.0	0.0
27.759440	39.017624320	90.380868	0.0	0.0
27.990870	39.342717919	90.335200	0.0	0.0
28.224230	39.670517631	90.289555	0.0	0.0
28.459530	40.001037339	90.243931	0.0	0.0
28.696790	40.334304966	90.198326	0.0	0.0
28.936040	40.670362477	90.152733	0.0	0.0
29.177270	41.009195648	90.107154	0.0	0.0
29.420520	41.350860478	90.061581	0.0	0.0
29.665800	41.695370827	90.016012	0.0	0.0
29.913120	42.042740548	89.970447	0.0	0.0
30.162500	42.392997533	89.924880	0.0	0.0
30.413960	42.746169671	89.879308	0.0	0.0
30.667520	43.102284845	89.833729	0.0	0.0
30.923190	43.461356885	89.788139	0.0	0.0
31.181000	43.823427706	89.742533	0.0	0.0
31.440950	44.188497086	89.696912	0.0	0.0
31.703070	44.556606926	89.651270	0.0	0.0
31.967380	44.927785079	89.605604	0.0	0.0
32.233890	45.302045345	89.559912	0.0	0.0
32.502620	45.679415566	89.514191	0.0	0.0
32.773590	46.059923572	89.468436	0.0	0.0
33.046820	46.443597189	89.422646	0.0	0.0
33.322330	46.830464235	89.376815	0.0	0.0
33.600130	47.220538479	89.330944	0.0	0.0
33.880260	47.613875807	89.285024	0.0	0.0
34.162710	48.010461890	89.239058	0.0	0.0
34.447520	48.410352599	89.193040	0.0	0.0
34.734710	48.813575713	89.146965	0.0	0.0
35.024290	49.220144962	89.100833	0.0	0.0
35.316280	49.630088111	89.054640	0.0	0.0
35.610710	50.043446952	89.008382	0.0	0.0
35.907600	50.460249231	88.962054	0.0	0.0
36.206960	50.880508644	88.915657	0.0	0.0
36.508810	51.304252920	88.869186	0.0	0.0
36.813180	51.731523814	88.822637	0.0	0.0
37.120090	52.162349032	88.776007	0.0	0.0
37.429560	52.596756274	88.729293	0.0	0.0
37.741600	53.034759189	88.682493	0.0	0.0
38.056250	53.476413527	88.635602	0.0	0.0
38.373520	53.921732918	88.588617	0.0	0.0
38.693440	54.370759054	88.541535	0.0	0.0
39.016020	54.823505541	88.494354	0.0	0.0
39.341300	55.280028082	88.447068	0.0	0.0
39.669280	55.740326228	88.399677	0.0	0.0
40.000000	56.204455656	88.352176	0.0	0.0
