#UNLASSIFIED
#
# Response info for H06E broad-band site.
#
# Effective: 29 Nov 2005
# Creation date: 24 Jan 2007
# File name: H06E_BB_rsp.txt
#
# Source: James Neely (TTD), TSgt Magar
# System equipment: Streckeisen_STS-2 seismometer and Europa-T 
# digitizer.
#
# The response file was derived from equations of state.
# Displacement response normalized to 1.0 at 1.0 Hz.
#
# The calib values for this configuration are as follows:
#
# H06E1 HHZ is 0.039790 nm/count at 1.0 Hz.
# H06E1 HHN is 0.039790 nm/count at 1.0 Hz.
# H06E1 HHE is 0.039790 nm/count at 1.0 Hz.
#
# Freq(Hz)     Amp(counts/nm)    Phase(deg)   Error(amp) Error(phase)
#
 theoretical  0       system    fap   J.Neely
1000
0.001000	0.000014347	260.223577	0.0	0.0
0.001011	0.000014821	260.116104	0.0	0.0
0.001022	0.000015310	260.007415	0.0	0.0
0.001033	0.000015816	259.897526	0.0	0.0
0.001044	0.000016338	259.786387	0.0	0.0
0.001056	0.000016877	259.674016	0.0	0.0
0.001067	0.000017435	259.560372	0.0	0.0
0.001079	0.000018010	259.445464	0.0	0.0
0.001091	0.000018605	259.329259	0.0	0.0
0.001102	0.000019219	259.211747	0.0	0.0
0.001114	0.000019854	259.092906	0.0	0.0
0.001127	0.000020509	258.972734	0.0	0.0
0.001139	0.000021187	258.851209	0.0	0.0
0.001151	0.000021886	258.728309	0.0	0.0
0.001164	0.000022609	258.604023	0.0	0.0
0.001176	0.000023355	258.478339	0.0	0.0
0.001189	0.000024126	258.351224	0.0	0.0
0.001202	0.000024923	258.222687	0.0	0.0
0.001215	0.000025746	258.092685	0.0	0.0
0.001228	0.000026596	257.961207	0.0	0.0
0.001242	0.000027474	257.828249	0.0	0.0
0.001255	0.000028381	257.693769	0.0	0.0
0.001269	0.000029318	257.557775	0.0	0.0
0.001283	0.000030286	257.420235	0.0	0.0
0.001297	0.000031285	257.281125	0.0	0.0
0.001311	0.000032318	257.140434	0.0	0.0
0.001325	0.000033385	256.998137	0.0	0.0
0.001340	0.000034487	256.854222	0.0	0.0
0.001354	0.000035626	256.708656	0.0	0.0
0.001369	0.000036802	256.561436	0.0	0.0
0.001384	0.000038016	256.412529	0.0	0.0
0.001399	0.000039271	256.261921	0.0	0.0
0.001414	0.000040567	256.109588	0.0	0.0
0.001430	0.000041906	255.955508	0.0	0.0
0.001445	0.000043290	255.799656	0.0	0.0
0.001461	0.000044718	255.642019	0.0	0.0
0.001477	0.000046194	255.482562	0.0	0.0
0.001493	0.000047719	255.321271	0.0	0.0
0.001509	0.000049294	255.158123	0.0	0.0
0.001526	0.000050920	254.993092	0.0	0.0
0.001542	0.000052601	254.826155	0.0	0.0
0.001559	0.000054336	254.657286	0.0	0.0
0.001576	0.000056129	254.486461	0.0	0.0
0.001593	0.000057981	254.313655	0.0	0.0
0.001611	0.000059894	254.138852	0.0	0.0
0.001628	0.000061871	253.962008	0.0	0.0
0.001646	0.000063912	253.783116	0.0	0.0
0.001664	0.000066020	253.602131	0.0	0.0
0.001682	0.000068198	253.419038	0.0	0.0
0.001700	0.000070448	253.233810	0.0	0.0
0.001719	0.000072772	253.046421	0.0	0.0
0.001737	0.000075172	252.856834	0.0	0.0
0.001756	0.000077651	252.665023	0.0	0.0
0.001775	0.000080212	252.470962	0.0	0.0
0.001795	0.000082858	252.274623	0.0	0.0
0.001814	0.000085590	252.075968	0.0	0.0
0.001834	0.000088412	251.874981	0.0	0.0
0.001854	0.000091327	251.671613	0.0	0.0
0.001874	0.000094338	251.465847	0.0	0.0
0.001895	0.000097448	251.257645	0.0	0.0
0.001915	0.000100661	251.046978	0.0	0.0
0.001936	0.000103979	250.833808	0.0	0.0
0.001957	0.000107406	250.618115	0.0	0.0
0.001978	0.000110945	250.399840	0.0	0.0
0.002000	0.000114601	250.178964	0.0	0.0
0.002022	0.000118377	249.955457	0.0	0.0
0.002044	0.000122277	249.729280	0.0	0.0
0.002066	0.000126305	249.500391	0.0	0.0
0.002089	0.000130466	249.268750	0.0	0.0
0.002111	0.000134763	249.034337	0.0	0.0
0.002134	0.000139201	248.797099	0.0	0.0
0.002158	0.000143784	248.556996	0.0	0.0
0.002181	0.000148518	248.314006	0.0	0.0
0.002205	0.000153407	248.068066	0.0	0.0
0.002229	0.000158456	247.819155	0.0	0.0
0.002253	0.000163671	247.567228	0.0	0.0
0.002278	0.000169056	247.312233	0.0	0.0
0.002302	0.000174618	247.054137	0.0	0.0
0.002327	0.000180361	246.792895	0.0	0.0
0.002353	0.000186293	246.528463	0.0	0.0
0.002378	0.000192418	246.260796	0.0	0.0
0.002404	0.000198744	245.989850	0.0	0.0
0.002431	0.000205276	245.715579	0.0	0.0
0.002457	0.000212022	245.437927	0.0	0.0
0.002484	0.000218987	245.156869	0.0	0.0
0.002511	0.000226180	244.872337	0.0	0.0
0.002538	0.000233608	244.584294	0.0	0.0
0.002566	0.000241277	244.292684	0.0	0.0
0.002594	0.000249196	243.997458	0.0	0.0
0.002622	0.000257373	243.698568	0.0	0.0
0.002651	0.000265815	243.395956	0.0	0.0
0.002679	0.000274532	243.089573	0.0	0.0
0.002709	0.000283532	242.779368	0.0	0.0
0.002738	0.000292824	242.465283	0.0	0.0
0.002768	0.000302418	242.147268	0.0	0.0
0.002798	0.000312322	241.825271	0.0	0.0
0.002828	0.000322547	241.499222	0.0	0.0
0.002859	0.000333102	241.169068	0.0	0.0
0.002890	0.000343998	240.834759	0.0	0.0
0.002922	0.000355247	240.496232	0.0	0.0
0.002954	0.000366858	240.153424	0.0	0.0
0.002986	0.000378843	239.806283	0.0	0.0
0.003018	0.000391213	239.454734	0.0	0.0
0.003051	0.000403982	239.098736	0.0	0.0
0.003084	0.000417160	238.738202	0.0	0.0
0.003118	0.000430761	238.373089	0.0	0.0
0.003152	0.000444797	238.003323	0.0	0.0
0.003186	0.000459282	237.628838	0.0	0.0
0.003221	0.000474230	237.249569	0.0	0.0
0.003256	0.000489654	236.865461	0.0	0.0
0.003292	0.000505570	236.476427	0.0	0.0
0.003327	0.000521991	236.082424	0.0	0.0
0.003364	0.000538934	235.683362	0.0	0.0
0.003400	0.000556414	235.279189	0.0	0.0
0.003437	0.000574445	234.869814	0.0	0.0
0.003475	0.000593047	234.455196	0.0	0.0
0.003513	0.000612234	234.035245	0.0	0.0
0.003551	0.000632024	233.609885	0.0	0.0
0.003589	0.000652435	233.179072	0.0	0.0
0.003629	0.000673485	232.742709	0.0	0.0
0.003668	0.000695192	232.300740	0.0	0.0
0.003708	0.000717575	231.853079	0.0	0.0
0.003748	0.000740653	231.399662	0.0	0.0
0.003789	0.000764447	230.940425	0.0	0.0
0.003831	0.000788975	230.475282	0.0	0.0
0.003872	0.000814260	230.004172	0.0	0.0
0.003914	0.000840321	229.527020	0.0	0.0
0.003957	0.000867180	229.043744	0.0	0.0
0.004000	0.000894859	228.554295	0.0	0.0
0.004044	0.000923379	228.058582	0.0	0.0
0.004088	0.000952764	227.556545	0.0	0.0
0.004132	0.000983037	227.048107	0.0	0.0
0.004177	0.001014220	226.533201	0.0	0.0
0.004223	0.001046340	226.011776	0.0	0.0
0.004269	0.001079410	225.483744	0.0	0.0
0.004315	0.001113470	224.949058	0.0	0.0
0.004362	0.001148530	224.407636	0.0	0.0
0.004410	0.001184630	223.859421	0.0	0.0
0.004458	0.001221780	223.304372	0.0	0.0
0.004506	0.001260020	222.742403	0.0	0.0
0.004555	0.001299360	222.173477	0.0	0.0
0.004605	0.001339840	221.597526	0.0	0.0
0.004655	0.001381480	221.014520	0.0	0.0
0.004706	0.001424300	220.424385	0.0	0.0
0.004757	0.001468330	219.827087	0.0	0.0
0.004809	0.001513610	219.222597	0.0	0.0
0.004861	0.001560140	218.610851	0.0	0.0
0.004914	0.001607970	217.991829	0.0	0.0
0.004968	0.001657110	217.365490	0.0	0.0
0.005022	0.001707590	216.731822	0.0	0.0
0.005076	0.001759450	216.090796	0.0	0.0
0.005132	0.001812690	215.442386	0.0	0.0
0.005188	0.001867360	214.786597	0.0	0.0
0.005244	0.001923460	214.123394	0.0	0.0
0.005301	0.001981040	213.452805	0.0	0.0
0.005359	0.002040100	212.774820	0.0	0.0
0.005417	0.002100680	212.089446	0.0	0.0
0.005476	0.002162800	211.396711	0.0	0.0
0.005536	0.002226480	210.696624	0.0	0.0
0.005596	0.002291730	209.989229	0.0	0.0
0.005657	0.002358590	209.274565	0.0	0.0
0.005719	0.002427070	208.552667	0.0	0.0
0.005781	0.002497190	207.823591	0.0	0.0
0.005844	0.002568970	207.087402	0.0	0.0
0.005907	0.002642420	206.344176	0.0	0.0
0.005972	0.002717560	205.593984	0.0	0.0
0.006037	0.002794400	204.836908	0.0	0.0
0.006103	0.002872960	204.073052	0.0	0.0
0.006169	0.002953250	203.302519	0.0	0.0
0.006236	0.003035270	202.525421	0.0	0.0
0.006304	0.003119040	201.741892	0.0	0.0
0.006373	0.003204560	200.952066	0.0	0.0
0.006442	0.003291830	200.156076	0.0	0.0
0.006512	0.003380870	199.354077	0.0	0.0
0.006583	0.003471670	198.546233	0.0	0.0
0.006655	0.003564240	197.732723	0.0	0.0
0.006727	0.003658560	196.913732	0.0	0.0
0.006801	0.003754640	196.089436	0.0	0.0
0.006875	0.003852480	195.260043	0.0	0.0
0.006950	0.003952060	194.425783	0.0	0.0
0.007025	0.004053390	193.586839	0.0	0.0
0.007102	0.004156430	192.743472	0.0	0.0
0.007179	0.004261200	191.895908	0.0	0.0
0.007257	0.004367660	191.044393	0.0	0.0
0.007336	0.004475810	190.189172	0.0	0.0
0.007416	0.004585630	189.330520	0.0	0.0
0.007497	0.004697090	188.468697	0.0	0.0
0.007579	0.004810190	187.603972	0.0	0.0
0.007661	0.004924890	186.736634	0.0	0.0
0.007745	0.005041180	185.866974	0.0	0.0
0.007829	0.005159040	184.995282	0.0	0.0
0.007914	0.005278420	184.121832	0.0	0.0
0.008000	0.005399310	183.246955	0.0	0.0
0.008087	0.005521690	182.370933	0.0	0.0
0.008175	0.005645520	181.494084	0.0	0.0
0.008264	0.005770770	180.616699	0.0	0.0
0.008354	0.005897420	179.739100	0.0	0.0
0.008445	0.006025440	178.861592	0.0	0.0
0.008537	0.006154800	177.984480	0.0	0.0
0.008630	0.006285450	177.108079	0.0	0.0
0.008724	0.006417390	176.232694	0.0	0.0
0.008819	0.006550570	175.358620	0.0	0.0
0.008915	0.006684960	174.486159	0.0	0.0
0.009013	0.006820550	173.615620	0.0	0.0
0.009111	0.006957290	172.747291	0.0	0.0
0.009210	0.007095160	171.881447	0.0	0.0
0.009310	0.007234130	171.018394	0.0	0.0
0.009412	0.007374170	170.158391	0.0	0.0
0.009514	0.007515270	169.301723	0.0	0.0
0.009618	0.007657390	168.448639	0.0	0.0
0.009722	0.007800510	167.599404	0.0	0.0
0.009828	0.007944610	166.754270	0.0	0.0
0.009935	0.008089670	165.913472	0.0	0.0
0.010043	0.008235670	165.077240	0.0	0.0
0.010153	0.008382590	164.245787	0.0	0.0
0.010263	0.008530410	163.419349	0.0	0.0
0.010375	0.008679120	162.598153	0.0	0.0
0.010488	0.008828700	161.782345	0.0	0.0
0.010602	0.008979150	160.972134	0.0	0.0
0.010718	0.009130450	160.167720	0.0	0.0
0.010834	0.009282600	159.369226	0.0	0.0
0.010952	0.009435580	158.576767	0.0	0.0
0.011072	0.009589390	157.790651	0.0	0.0
0.011192	0.009744030	157.010844	0.0	0.0
0.011314	0.009899500	156.237566	0.0	0.0
0.011437	0.010055800	155.470961	0.0	0.0
0.011562	0.010212900	154.711044	0.0	0.0
0.011688	0.010370800	153.958002	0.0	0.0
0.011815	0.010529600	153.211838	0.0	0.0
0.011944	0.010689200	152.472720	0.0	0.0
0.012074	0.010849700	151.740694	0.0	0.0
0.012205	0.011011000	151.015852	0.0	0.0
0.012338	0.011173200	150.298171	0.0	0.0
0.012473	0.011336200	149.587732	0.0	0.0
0.012608	0.011500200	148.884608	0.0	0.0
0.012746	0.011665000	148.188809	0.0	0.0
0.012884	0.011830800	147.500393	0.0	0.0
0.013025	0.011997500	146.819312	0.0	0.0
0.013167	0.012165100	146.145659	0.0	0.0
0.013310	0.012333700	145.479377	0.0	0.0
0.013455	0.012503300	144.820500	0.0	0.0
0.013601	0.012673900	144.169052	0.0	0.0
0.013750	0.012845500	143.524922	0.0	0.0
0.013899	0.013018100	142.888215	0.0	0.0
0.014051	0.013191800	142.258813	0.0	0.0
0.014204	0.013366700	141.636766	0.0	0.0
0.014358	0.013542600	141.021995	0.0	0.0
0.014515	0.013719700	140.414460	0.0	0.0
0.014673	0.013897900	139.814194	0.0	0.0
0.014833	0.014077300	139.221075	0.0	0.0
0.014994	0.014258000	138.635091	0.0	0.0
0.015157	0.014439900	138.056191	0.0	0.0
0.015322	0.014623000	137.484358	0.0	0.0
0.015489	0.014807500	136.919467	0.0	0.0
0.015658	0.014993200	136.361529	0.0	0.0
0.015828	0.015180400	135.810486	0.0	0.0
0.016001	0.015368900	135.266244	0.0	0.0
0.016175	0.015558800	134.728745	0.0	0.0
0.016351	0.015750200	134.197927	0.0	0.0
0.016529	0.015943000	133.673727	0.0	0.0
0.016709	0.016137400	133.156112	0.0	0.0
0.016891	0.016333200	132.644987	0.0	0.0
0.017075	0.016530600	132.140262	0.0	0.0
0.017261	0.016729700	131.641900	0.0	0.0
0.017449	0.016930300	131.149835	0.0	0.0
0.017639	0.017132600	130.663975	0.0	0.0
0.017831	0.017336500	130.184257	0.0	0.0
0.018025	0.017542200	129.710614	0.0	0.0
0.018222	0.017749700	129.242959	0.0	0.0
0.018420	0.017958900	128.781251	0.0	0.0
0.018621	0.018169900	128.325400	0.0	0.0
0.018823	0.018382700	127.875320	0.0	0.0
0.019028	0.018597500	127.430950	0.0	0.0
0.019235	0.018814100	126.992246	0.0	0.0
0.019445	0.019032700	126.559083	0.0	0.0
0.019657	0.019253200	126.131440	0.0	0.0
0.019871	0.019475800	125.709196	0.0	0.0
0.020087	0.019700400	125.292329	0.0	0.0
0.020306	0.019927000	124.880740	0.0	0.0
0.020527	0.020155800	124.474371	0.0	0.0
0.020751	0.020386700	124.073162	0.0	0.0
0.020976	0.020619700	123.677002	0.0	0.0
0.021205	0.020855000	123.285870	0.0	0.0
0.021436	0.021092500	122.899675	0.0	0.0
0.021669	0.021332200	122.518361	0.0	0.0
0.021905	0.021574300	122.141842	0.0	0.0
0.022144	0.021818700	121.770080	0.0	0.0
0.022385	0.022065500	121.402975	0.0	0.0
0.022629	0.022314700	121.040492	0.0	0.0
0.022875	0.022566300	120.682565	0.0	0.0
0.023124	0.022820400	120.329113	0.0	0.0
0.023376	0.023077000	119.980089	0.0	0.0
0.023630	0.023336100	119.635430	0.0	0.0
0.023888	0.023597800	119.295076	0.0	0.0
0.024148	0.023862200	118.958953	0.0	0.0
0.024411	0.024129100	118.627016	0.0	0.0
0.024677	0.024398800	118.299208	0.0	0.0
0.024945	0.024671200	117.975461	0.0	0.0
0.025217	0.024946400	117.655732	0.0	0.0
0.025492	0.025224300	117.339954	0.0	0.0
0.025769	0.025505100	117.028076	0.0	0.0
0.026050	0.025788700	116.720045	0.0	0.0
0.026334	0.026075200	116.415801	0.0	0.0
0.026620	0.026364700	116.115295	0.0	0.0
0.026910	0.026657200	115.818477	0.0	0.0
0.027203	0.026952700	115.525291	0.0	0.0
0.027499	0.027251200	115.235691	0.0	0.0
0.027799	0.027552800	114.949631	0.0	0.0
0.028102	0.027857600	114.667049	0.0	0.0
0.028408	0.028165500	114.387909	0.0	0.0
0.028717	0.028476700	114.112162	0.0	0.0
0.029030	0.028791000	113.839748	0.0	0.0
0.029346	0.029108700	113.570636	0.0	0.0
0.029665	0.029429700	113.304777	0.0	0.0
0.029988	0.029754100	113.042125	0.0	0.0
0.030315	0.030081900	112.782642	0.0	0.0
0.030645	0.030413100	112.526268	0.0	0.0
0.030979	0.030747800	112.272975	0.0	0.0
0.031316	0.031086100	112.022720	0.0	0.0
0.031657	0.031427900	111.775454	0.0	0.0
0.032002	0.031773300	111.531144	0.0	0.0
0.032350	0.032122500	111.289749	0.0	0.0
0.032703	0.032475300	111.051225	0.0	0.0
0.033059	0.032831800	110.815540	0.0	0.0
0.033419	0.033192200	110.582643	0.0	0.0
0.033783	0.033556400	110.352513	0.0	0.0
0.034151	0.033924400	110.125106	0.0	0.0
0.034522	0.034296400	109.900383	0.0	0.0
0.034898	0.034672400	109.678304	0.0	0.0
0.035278	0.035052300	109.458848	0.0	0.0
0.035663	0.035436400	109.241970	0.0	0.0
0.036051	0.035824500	109.027635	0.0	0.0
0.036443	0.036216800	108.815818	0.0	0.0
0.036840	0.036613300	108.606476	0.0	0.0
0.037241	0.037014100	108.399577	0.0	0.0
0.037647	0.037419100	108.195097	0.0	0.0
0.038057	0.037828500	107.993003	0.0	0.0
0.038471	0.038242300	107.793258	0.0	0.0
0.038890	0.038660500	107.595831	0.0	0.0
0.039314	0.039083300	107.400700	0.0	0.0
0.039742	0.039510600	107.207827	0.0	0.0
0.040175	0.039942400	107.017188	0.0	0.0
0.040612	0.040379000	106.828753	0.0	0.0
0.041054	0.040820200	106.642494	0.0	0.0
0.041502	0.041266200	106.458377	0.0	0.0
0.041953	0.041717000	106.276388	0.0	0.0
0.042410	0.042172700	106.096483	0.0	0.0
0.042872	0.042633300	105.918651	0.0	0.0
0.043339	0.043098800	105.742854	0.0	0.0
0.043811	0.043569500	105.569076	0.0	0.0
0.044288	0.044045100	105.397282	0.0	0.0
0.044770	0.044525900	105.227454	0.0	0.0
0.045258	0.045011900	105.059562	0.0	0.0
0.045751	0.045503200	104.893587	0.0	0.0
0.046249	0.045999800	104.729502	0.0	0.0
0.046752	0.046501800	104.567282	0.0	0.0
0.047262	0.047009200	104.406906	0.0	0.0
0.047776	0.047522100	104.248353	0.0	0.0
0.048296	0.048040500	104.091596	0.0	0.0
0.048822	0.048564600	103.936616	0.0	0.0
0.049354	0.049094300	103.783388	0.0	0.0
0.049891	0.049629800	103.631893	0.0	0.0
0.050435	0.050171100	103.482109	0.0	0.0
0.050984	0.050718200	103.334014	0.0	0.0
0.051539	0.051271300	103.187589	0.0	0.0
0.052100	0.051830400	103.042813	0.0	0.0
0.052668	0.052395500	102.899664	0.0	0.0
0.053241	0.052966800	102.758125	0.0	0.0
0.053821	0.053544300	102.618175	0.0	0.0
0.054407	0.054128000	102.479795	0.0	0.0
0.055000	0.054718100	102.342964	0.0	0.0
0.055598	0.055314600	102.207668	0.0	0.0
0.056204	0.055917600	102.073884	0.0	0.0
0.056816	0.056527100	101.941596	0.0	0.0
0.057435	0.057143200	101.810784	0.0	0.0
0.058060	0.057766000	101.681433	0.0	0.0
0.058692	0.058395600	101.553524	0.0	0.0
0.059331	0.059032100	101.427040	0.0	0.0
0.059978	0.059675400	101.301963	0.0	0.0
0.060631	0.060325700	101.178279	0.0	0.0
0.061291	0.060983100	101.055968	0.0	0.0
0.061958	0.061647700	100.935015	0.0	0.0
0.062633	0.062319500	100.815405	0.0	0.0
0.063315	0.062998500	100.697122	0.0	0.0
0.064005	0.063685000	100.580148	0.0	0.0
0.064702	0.064378900	100.464471	0.0	0.0
0.065406	0.065080400	100.350072	0.0	0.0
0.066118	0.065789400	100.236939	0.0	0.0
0.066838	0.066506300	100.125056	0.0	0.0
0.067566	0.067230900	100.014409	0.0	0.0
0.068302	0.067963400	99.904981	0.0	0.0
0.069046	0.068703800	99.796761	0.0	0.0
0.069798	0.069452300	99.689733	0.0	0.0
0.070558	0.070208900	99.583883	0.0	0.0
0.071326	0.070973800	99.479198	0.0	0.0
0.072103	0.071747000	99.375664	0.0	0.0
0.072888	0.072528600	99.273269	0.0	0.0
0.073682	0.073318700	99.171997	0.0	0.0
0.074484	0.074117400	99.071838	0.0	0.0
0.075295	0.074924800	98.972777	0.0	0.0
0.076115	0.075741000	98.874803	0.0	0.0
0.076944	0.076566100	98.777902	0.0	0.0
0.077782	0.077400100	98.682061	0.0	0.0
0.078629	0.078243300	98.587270	0.0	0.0
0.079485	0.079095500	98.493515	0.0	0.0
0.080350	0.079957100	98.400785	0.0	0.0
0.081225	0.080828100	98.309068	0.0	0.0
0.082110	0.081708500	98.218353	0.0	0.0
0.083004	0.082598500	98.128628	0.0	0.0
0.083908	0.083498200	98.039881	0.0	0.0
0.084822	0.084407700	97.952101	0.0	0.0
0.085745	0.085327100	97.865278	0.0	0.0
0.086679	0.086256500	97.779400	0.0	0.0
0.087623	0.087196100	97.694457	0.0	0.0
0.088577	0.088145800	97.610437	0.0	0.0
0.089542	0.089105900	97.527332	0.0	0.0
0.090517	0.090076500	97.445129	0.0	0.0
0.091502	0.091057600	97.363819	0.0	0.0
0.092499	0.092049400	97.283391	0.0	0.0
0.093506	0.093052000	97.203835	0.0	0.0
0.094524	0.094065500	97.125142	0.0	0.0
0.095554	0.095090000	97.047303	0.0	0.0
0.096594	0.096125700	96.970306	0.0	0.0
0.097646	0.097172700	96.894143	0.0	0.0
0.098709	0.098231100	96.818804	0.0	0.0
0.099784	0.099301000	96.744279	0.0	0.0
0.100871	0.100383000	96.670560	0.0	0.0
0.101969	0.101476000	96.597639	0.0	0.0
0.103080	0.102581000	96.525504	0.0	0.0
0.104202	0.103698000	96.454146	0.0	0.0
0.105337	0.104828000	96.383560	0.0	0.0
0.106484	0.105970000	96.313732	0.0	0.0
0.107643	0.107124000	96.244662	0.0	0.0
0.108816	0.108291000	96.176331	0.0	0.0
0.110000	0.109470000	96.108740	0.0	0.0
0.111198	0.110662000	96.041871	0.0	0.0
0.112409	0.111868000	95.975723	0.0	0.0
0.113633	0.113086000	95.910291	0.0	0.0
0.114871	0.114318000	95.845558	0.0	0.0
0.116122	0.115563000	95.781519	0.0	0.0
0.117386	0.116822000	95.718169	0.0	0.0
0.118664	0.118094000	95.655496	0.0	0.0
0.119957	0.119380000	95.593496	0.0	0.0
0.121263	0.120681000	95.532159	0.0	0.0
0.122583	0.121995000	95.471485	0.0	0.0
0.123918	0.123324000	95.411455	0.0	0.0
0.125268	0.124667000	95.352068	0.0	0.0
0.126632	0.126025000	95.293317	0.0	0.0
0.128011	0.127397000	95.235191	0.0	0.0
0.129405	0.128785000	95.177691	0.0	0.0
0.130814	0.130188000	95.120800	0.0	0.0
0.132238	0.131606000	95.064517	0.0	0.0
0.133678	0.133039000	95.008835	0.0	0.0
0.135134	0.134488000	94.953746	0.0	0.0
0.136605	0.135953000	94.899245	0.0	0.0
0.138093	0.137434000	94.845321	0.0	0.0
0.139597	0.138931000	94.791975	0.0	0.0
0.141117	0.140444000	94.739195	0.0	0.0
0.142654	0.141974000	94.686974	0.0	0.0
0.144207	0.143520000	94.635305	0.0	0.0
0.145777	0.145084000	94.584189	0.0	0.0
0.147365	0.146664000	94.533614	0.0	0.0
0.148970	0.148261000	94.483572	0.0	0.0
0.150592	0.149876000	94.434062	0.0	0.0
0.152232	0.151509000	94.385078	0.0	0.0
0.153889	0.153159000	94.336611	0.0	0.0
0.155565	0.154827000	94.288654	0.0	0.0
0.157259	0.156514000	94.241206	0.0	0.0
0.158972	0.158219000	94.194257	0.0	0.0
0.160703	0.159942000	94.147804	0.0	0.0
0.162453	0.161685000	94.101839	0.0	0.0
0.164222	0.163446000	94.056360	0.0	0.0
0.166010	0.165226000	94.011359	0.0	0.0
0.167818	0.167026000	93.966830	0.0	0.0
0.169645	0.168845000	93.922771	0.0	0.0
0.171492	0.170685000	93.879175	0.0	0.0
0.173360	0.172544000	93.836034	0.0	0.0
0.175248	0.174424000	93.793346	0.0	0.0
0.177156	0.176324000	93.751104	0.0	0.0
0.179085	0.178244000	93.709306	0.0	0.0
0.181035	0.180186000	93.667945	0.0	0.0
0.183007	0.182149000	93.627014	0.0	0.0
0.185000	0.184133000	93.586510	0.0	0.0
0.187014	0.186139000	93.546431	0.0	0.0
0.189051	0.188167000	93.506767	0.0	0.0
0.191109	0.190217000	93.467516	0.0	0.0
0.193190	0.192289000	93.428675	0.0	0.0
0.195294	0.194384000	93.390235	0.0	0.0
0.197421	0.196502000	93.352195	0.0	0.0
0.199571	0.198642000	93.314549	0.0	0.0
0.201744	0.200806000	93.277291	0.0	0.0
0.203941	0.202994000	93.240421	0.0	0.0
0.206161	0.205206000	93.203931	0.0	0.0
0.208406	0.207441000	93.167817	0.0	0.0
0.210676	0.209701000	93.132074	0.0	0.0
0.212970	0.211986000	93.096701	0.0	0.0
0.215289	0.214296000	93.061689	0.0	0.0
0.217634	0.216631000	93.027040	0.0	0.0
0.220004	0.218991000	92.992743	0.0	0.0
0.222399	0.221377000	92.958798	0.0	0.0
0.224821	0.223789000	92.925201	0.0	0.0
0.227269	0.226227000	92.891946	0.0	0.0
0.229744	0.228692000	92.859032	0.0	0.0
0.232246	0.231184000	92.826451	0.0	0.0
0.234775	0.233703000	92.794203	0.0	0.0
0.237331	0.236250000	92.762281	0.0	0.0
0.239916	0.238824000	92.730683	0.0	0.0
0.242528	0.241426000	92.699404	0.0	0.0
0.245169	0.244057000	92.668442	0.0	0.0
0.247839	0.246716000	92.637792	0.0	0.0
0.250538	0.249405000	92.607450	0.0	0.0
0.253266	0.252123000	92.577414	0.0	0.0
0.256024	0.254870000	92.547679	0.0	0.0
0.258812	0.257648000	92.518241	0.0	0.0
0.261630	0.260455000	92.489098	0.0	0.0
0.264480	0.263294000	92.460244	0.0	0.0
0.267360	0.266163000	92.431679	0.0	0.0
0.270271	0.269064000	92.403397	0.0	0.0
0.273214	0.271996000	92.375396	0.0	0.0
0.276189	0.274961000	92.347671	0.0	0.0
0.279197	0.277958000	92.320221	0.0	0.0
0.282237	0.280987000	92.293040	0.0	0.0
0.285310	0.284050000	92.266127	0.0	0.0
0.288417	0.287146000	92.239477	0.0	0.0
0.291558	0.290275000	92.213087	0.0	0.0
0.294733	0.293439000	92.186955	0.0	0.0
0.297942	0.296638000	92.161077	0.0	0.0
0.301187	0.299871000	92.135450	0.0	0.0
0.304467	0.303140000	92.110071	0.0	0.0
0.307782	0.306445000	92.084936	0.0	0.0
0.311134	0.309785000	92.060043	0.0	0.0
0.314522	0.313162000	92.035389	0.0	0.0
0.317947	0.316576000	92.010970	0.0	0.0
0.321409	0.320027000	91.986785	0.0	0.0
0.324909	0.323516000	91.962828	0.0	0.0
0.328447	0.327043000	91.939099	0.0	0.0
0.332024	0.330609000	91.915593	0.0	0.0
0.335639	0.334214000	91.892308	0.0	0.0
0.339294	0.337857000	91.869241	0.0	0.0
0.342989	0.341541000	91.846389	0.0	0.0
0.346724	0.345265000	91.823749	0.0	0.0
0.350500	0.349030000	91.801320	0.0	0.0
0.354316	0.352836000	91.779096	0.0	0.0
0.358175	0.356684000	91.757076	0.0	0.0
0.362075	0.360573000	91.735258	0.0	0.0
0.366018	0.364505000	91.713638	0.0	0.0
0.370004	0.368480000	91.692214	0.0	0.0
0.374033	0.372499000	91.670983	0.0	0.0
0.378106	0.376562000	91.649941	0.0	0.0
0.382223	0.380669000	91.629088	0.0	0.0
0.386385	0.384821000	91.608420	0.0	0.0
0.390593	0.389018000	91.587934	0.0	0.0
0.394846	0.393261000	91.567628	0.0	0.0
0.399146	0.397551000	91.547499	0.0	0.0
0.403492	0.401888000	91.527544	0.0	0.0
0.407886	0.406272000	91.507762	0.0	0.0
0.412328	0.410704000	91.488149	0.0	0.0
0.416818	0.415185000	91.468703	0.0	0.0
0.421357	0.419714000	91.449421	0.0	0.0
0.425945	0.424294000	91.430301	0.0	0.0
0.430583	0.428923000	91.411340	0.0	0.0
0.435272	0.433603000	91.392536	0.0	0.0
0.440012	0.438335000	91.373887	0.0	0.0
0.444804	0.443118000	91.355389	0.0	0.0
0.449647	0.447954000	91.337041	0.0	0.0
0.454544	0.452842000	91.318840	0.0	0.0
0.459493	0.457785000	91.300783	0.0	0.0
0.464497	0.462781000	91.282868	0.0	0.0
0.469555	0.467832000	91.265093	0.0	0.0
0.474668	0.472938000	91.247455	0.0	0.0
0.479837	0.478101000	91.229952	0.0	0.0
0.485063	0.483320000	91.212581	0.0	0.0
0.490345	0.488597000	91.195340	0.0	0.0
0.495684	0.493931000	91.178226	0.0	0.0
0.501082	0.499323000	91.161238	0.0	0.0
0.506538	0.504775000	91.144372	0.0	0.0
0.512054	0.510287000	91.127627	0.0	0.0
0.517630	0.515859000	91.110999	0.0	0.0
0.523267	0.521493000	91.094488	0.0	0.0
0.528965	0.527188000	91.078089	0.0	0.0
0.534725	0.532946000	91.061801	0.0	0.0
0.540548	0.538767000	91.045621	0.0	0.0
0.546435	0.544652000	91.029547	0.0	0.0
0.552385	0.550601000	91.013578	0.0	0.0
0.558400	0.556616000	90.997709	0.0	0.0
0.564481	0.562697000	90.981939	0.0	0.0
0.570628	0.568845000	90.966265	0.0	0.0
0.576841	0.575060000	90.950686	0.0	0.0
0.583123	0.581344000	90.935198	0.0	0.0
0.589473	0.587697000	90.919799	0.0	0.0
0.595892	0.594119000	90.904487	0.0	0.0
0.602381	0.600613000	90.889260	0.0	0.0
0.608940	0.607178000	90.874114	0.0	0.0
0.615572	0.613815000	90.859048	0.0	0.0
0.622275	0.620525000	90.844059	0.0	0.0
0.629051	0.627308000	90.829145	0.0	0.0
0.635901	0.634167000	90.814302	0.0	0.0
0.642826	0.641101000	90.799530	0.0	0.0
0.649826	0.648112000	90.784825	0.0	0.0
0.656902	0.655199000	90.770184	0.0	0.0
0.664055	0.662365000	90.755606	0.0	0.0
0.671286	0.669609000	90.741087	0.0	0.0
0.678596	0.676934000	90.726626	0.0	0.0
0.685986	0.684339000	90.712219	0.0	0.0
0.693456	0.691826000	90.697864	0.0	0.0
0.701007	0.699396000	90.683559	0.0	0.0
0.708641	0.707049000	90.669301	0.0	0.0
0.716358	0.714786000	90.655087	0.0	0.0
0.724158	0.722609000	90.640915	0.0	0.0
0.732044	0.730518000	90.626782	0.0	0.0
0.740016	0.738515000	90.612685	0.0	0.0
0.748074	0.746600000	90.598622	0.0	0.0
0.756220	0.754774000	90.584590	0.0	0.0
0.764455	0.763038000	90.570586	0.0	0.0
0.772780	0.771394000	90.556608	0.0	0.0
0.781195	0.779842000	90.542653	0.0	0.0
0.789702	0.788384000	90.528718	0.0	0.0
0.798301	0.797020000	90.514800	0.0	0.0
0.806994	0.805751000	90.500896	0.0	0.0
0.815782	0.814579000	90.487004	0.0	0.0
0.824665	0.823505000	90.473121	0.0	0.0
0.833645	0.832529000	90.459243	0.0	0.0
0.842723	0.841653000	90.445369	0.0	0.0
0.851900	0.850879000	90.431494	0.0	0.0
0.861177	0.860207000	90.417616	0.0	0.0
0.870555	0.869637000	90.403732	0.0	0.0
0.880035	0.879173000	90.389839	0.0	0.0
0.889618	0.888814000	90.375933	0.0	0.0
0.899305	0.898562000	90.362013	0.0	0.0
0.909098	0.908418000	90.348073	0.0	0.0
0.918998	0.918383000	90.334112	0.0	0.0
0.929005	0.928459000	90.320127	0.0	0.0
0.939122	0.938647000	90.306113	0.0	0.0
0.949348	0.948947000	90.292068	0.0	0.0
0.959686	0.959363000	90.277989	0.0	0.0
0.970136	0.969893000	90.263871	0.0	0.0
0.980701	0.980541000	90.249713	0.0	0.0
0.991380	0.991307000	90.235509	0.0	0.0
1.002176	1.002190000	90.221257	0.0	0.0
1.013089	1.013200000	90.206955	0.0	0.0
1.024121	1.024330000	90.192597	0.0	0.0
1.035273	1.035580000	90.178181	0.0	0.0
1.046546	1.046960000	90.163703	0.0	0.0
1.057943	1.058460000	90.149158	0.0	0.0
1.069463	1.070100000	90.134545	0.0	0.0
1.081109	1.081860000	90.119858	0.0	0.0
1.092882	1.093750000	90.105095	0.0	0.0
1.104783	1.105770000	90.090251	0.0	0.0
1.116813	1.117930000	90.075324	0.0	0.0
1.128975	1.130230000	90.060308	0.0	0.0
1.141269	1.142660000	90.045200	0.0	0.0
1.153696	1.155230000	90.029998	0.0	0.0
1.166260	1.167940000	90.014694	0.0	0.0
1.178960	1.180790000	89.999287	0.0	0.0
1.191798	1.193790000	89.983774	0.0	0.0
1.204776	1.206930000	89.968148	0.0	0.0
1.217895	1.220210000	89.952408	0.0	0.0
1.231157	1.233650000	89.936547	0.0	0.0
1.244564	1.247230000	89.920562	0.0	0.0
1.258117	1.260970000	89.904449	0.0	0.0
1.271817	1.274860000	89.888205	0.0	0.0
1.285666	1.288900000	89.871824	0.0	0.0
1.299667	1.303100000	89.855302	0.0	0.0
1.313819	1.317460000	89.838637	0.0	0.0
1.328126	1.331980000	89.821821	0.0	0.0
1.342589	1.346670000	89.804852	0.0	0.0
1.357209	1.361510000	89.787725	0.0	0.0
1.371988	1.376530000	89.770437	0.0	0.0
1.386928	1.391710000	89.752982	0.0	0.0
1.402031	1.407060000	89.735355	0.0	0.0
1.417299	1.422580000	89.717553	0.0	0.0
1.432732	1.438270000	89.699572	0.0	0.0
1.448334	1.454140000	89.681406	0.0	0.0
1.464106	1.470190000	89.663050	0.0	0.0
1.480049	1.486420000	89.644502	0.0	0.0
1.496166	1.502830000	89.625756	0.0	0.0
1.512458	1.519420000	89.606807	0.0	0.0
1.528928	1.536200000	89.587651	0.0	0.0
1.545577	1.553160000	89.568283	0.0	0.0
1.562408	1.570310000	89.548698	0.0	0.0
1.579422	1.587660000	89.528893	0.0	0.0
1.596621	1.605200000	89.508862	0.0	0.0
1.614007	1.622940000	89.488601	0.0	0.0
1.631583	1.640870000	89.468105	0.0	0.0
1.649350	1.659010000	89.447370	0.0	0.0
1.667310	1.677350000	89.426391	0.0	0.0
1.685467	1.695890000	89.405161	0.0	0.0
1.703820	1.714640000	89.383680	0.0	0.0
1.722374	1.733600000	89.361939	0.0	0.0
1.741130	1.752770000	89.339936	0.0	0.0
1.760090	1.772160000	89.317666	0.0	0.0
1.779256	1.791760000	89.295124	0.0	0.0
1.798631	1.811590000	89.272305	0.0	0.0
1.818218	1.831630000	89.249203	0.0	0.0
1.838017	1.851900000	89.225817	0.0	0.0
1.858032	1.872390000	89.202140	0.0	0.0
1.878265	1.893120000	89.178168	0.0	0.0
1.898718	1.914070000	89.153897	0.0	0.0
1.919394	1.935260000	89.129321	0.0	0.0
1.940296	1.956690000	89.104435	0.0	0.0
1.961424	1.978350000	89.079237	0.0	0.0
1.982783	2.000260000	89.053721	0.0	0.0
2.004375	2.022410000	89.027882	0.0	0.0
2.026201	2.044810000	89.001717	0.0	0.0
2.048266	2.067460000	88.975220	0.0	0.0
2.070570	2.090360000	88.948389	0.0	0.0
2.093118	2.113520000	88.921216	0.0	0.0
2.115910	2.136940000	88.893701	0.0	0.0
2.138952	2.160610000	88.865834	0.0	0.0
2.162244	2.184550000	88.837616	0.0	0.0
2.185789	2.208760000	88.809042	0.0	0.0
2.209591	2.233240000	88.780105	0.0	0.0
2.233653	2.257990000	88.750801	0.0	0.0
2.257976	2.283010000	88.721129	0.0	0.0
2.282564	2.308320000	88.691083	0.0	0.0
2.307420	2.333900000	88.660658	0.0	0.0
2.332547	2.359770000	88.629850	0.0	0.0
2.357947	2.385930000	88.598657	0.0	0.0
2.383624	2.412380000	88.567072	0.0	0.0
2.409580	2.439130000	88.535095	0.0	0.0
2.435819	2.466170000	88.502718	0.0	0.0
2.462344	2.493510000	88.469939	0.0	0.0
2.489158	2.521150000	88.436753	0.0	0.0
2.516263	2.549110000	88.403159	0.0	0.0
2.543664	2.577370000	88.369150	0.0	0.0
2.571363	2.605950000	88.334723	0.0	0.0
2.599364	2.634840000	88.299875	0.0	0.0
2.627670	2.664060000	88.264601	0.0	0.0
2.656284	2.693600000	88.228898	0.0	0.0
2.685209	2.723460000	88.192763	0.0	0.0
2.714450	2.753660000	88.156191	0.0	0.0
2.744009	2.784190000	88.119179	0.0	0.0
2.773889	2.815060000	88.081725	0.0	0.0
2.804096	2.846280000	88.043821	0.0	0.0
2.834631	2.877830000	88.005467	0.0	0.0
2.865498	2.909740000	87.966659	0.0	0.0
2.896702	2.942000000	87.927392	0.0	0.0
2.928246	2.974620000	87.887664	0.0	0.0
2.960133	3.007600000	87.847470	0.0	0.0
2.992367	3.040950000	87.806808	0.0	0.0
3.024952	3.074660000	87.765674	0.0	0.0
3.057892	3.108740000	87.724063	0.0	0.0
3.091191	3.143210000	87.681973	0.0	0.0
3.124853	3.178050000	87.639400	0.0	0.0
3.158881	3.213280000	87.596340	0.0	0.0
3.193279	3.248900000	87.552792	0.0	0.0
3.228052	3.284910000	87.508749	0.0	0.0
3.263204	3.321310000	87.464209	0.0	0.0
3.298739	3.358120000	87.419167	0.0	0.0
3.334660	3.395340000	87.373623	0.0	0.0
3.370973	3.432970000	87.327570	0.0	0.0
3.407681	3.471010000	87.281006	0.0	0.0
3.444789	3.509470000	87.233926	0.0	0.0
3.482301	3.548360000	87.186328	0.0	0.0
3.520221	3.587670000	87.138208	0.0	0.0
3.558555	3.627420000	87.089561	0.0	0.0
3.597305	3.667610000	87.040385	0.0	0.0
3.636478	3.708230000	86.990674	0.0	0.0
3.676077	3.749310000	86.940427	0.0	0.0
3.716108	3.790840000	86.889637	0.0	0.0
3.756574	3.832830000	86.838304	0.0	0.0
3.797482	3.875280000	86.786419	0.0	0.0
3.838834	3.918200000	86.733983	0.0	0.0
3.880637	3.961590000	86.680988	0.0	0.0
3.922895	4.005450000	86.627433	0.0	0.0
3.965613	4.049800000	86.573312	0.0	0.0
4.008797	4.094640000	86.518621	0.0	0.0
4.052450	4.139980000	86.463357	0.0	0.0
4.096579	4.185810000	86.407513	0.0	0.0
4.141189	4.232150000	86.351087	0.0	0.0
4.186284	4.278990000	86.294074	0.0	0.0
4.231871	4.326360000	86.236468	0.0	0.0
4.277954	4.374240000	86.178266	0.0	0.0
4.324538	4.422660000	86.119464	0.0	0.0
4.371630	4.471600000	86.060055	0.0	0.0
4.419235	4.521090000	86.000035	0.0	0.0
4.467358	4.571120000	85.939400	0.0	0.0
4.516005	4.621700000	85.878144	0.0	0.0
4.565182	4.672830000	85.816261	0.0	0.0
4.614895	4.724540000	85.753747	0.0	0.0
4.665148	4.776810000	85.690598	0.0	0.0
4.715949	4.829660000	85.626807	0.0	0.0
4.767304	4.883090000	85.562366	0.0	0.0
4.819217	4.937110000	85.497275	0.0	0.0
4.871696	4.991720000	85.431524	0.0	0.0
4.924746	5.046940000	85.365109	0.0	0.0
4.978374	5.102760000	85.298023	0.0	0.0
5.032586	5.159200000	85.230260	0.0	0.0
5.087388	5.216270000	85.161816	0.0	0.0
5.142787	5.273960000	85.092682	0.0	0.0
5.198789	5.332290000	85.022854	0.0	0.0
5.255401	5.391270000	84.952324	0.0	0.0
5.312630	5.450890000	84.881084	0.0	0.0
5.370482	5.511180000	84.809130	0.0	0.0
5.428963	5.572130000	84.736456	0.0	0.0
5.488082	5.633750000	84.663051	0.0	0.0
5.547844	5.696060000	84.588912	0.0	0.0
5.608257	5.759060000	84.514029	0.0	0.0
5.669328	5.822750000	84.438396	0.0	0.0
5.731064	5.887150000	84.362004	0.0	0.0
5.793472	5.952250000	84.284848	0.0	0.0
5.856560	6.018090000	84.206918	0.0	0.0
5.920335	6.084650000	84.128207	0.0	0.0
5.984804	6.151950000	84.048708	0.0	0.0
6.049976	6.219990000	83.968411	0.0	0.0
6.115857	6.288790000	83.887308	0.0	0.0
6.182455	6.358350000	83.805393	0.0	0.0
6.249779	6.428680000	83.722654	0.0	0.0
6.317836	6.499800000	83.639084	0.0	0.0
6.386634	6.571710000	83.554675	0.0	0.0
6.456181	6.644410000	83.469416	0.0	0.0
6.526485	6.717930000	83.383300	0.0	0.0
6.597555	6.792260000	83.296316	0.0	0.0
6.669399	6.867420000	83.208456	0.0	0.0
6.742025	6.943410000	83.119709	0.0	0.0
6.815442	7.020250000	83.030066	0.0	0.0
6.889659	7.097960000	82.939516	0.0	0.0
6.964684	7.176520000	82.848050	0.0	0.0
7.040525	7.255970000	82.755660	0.0	0.0
7.117193	7.336300000	82.662331	0.0	0.0
7.194695	7.417530000	82.568056	0.0	0.0
7.273042	7.499670000	82.472821	0.0	0.0
7.352241	7.582720000	82.376619	0.0	0.0
7.432304	7.666710000	82.279436	0.0	0.0
7.513237	7.751630000	82.181263	0.0	0.0
7.595053	7.837510000	82.082086	0.0	0.0
7.677759	7.924350000	81.981896	0.0	0.0
7.761365	8.012170000	81.880681	0.0	0.0
7.845883	8.100980000	81.778427	0.0	0.0
7.931320	8.190780000	81.675124	0.0	0.0
8.017688	8.281590000	81.570759	0.0	0.0
8.104996	8.373420000	81.465319	0.0	0.0
8.193256	8.466290000	81.358792	0.0	0.0
8.282476	8.560210000	81.251165	0.0	0.0
8.372668	8.655180000	81.142426	0.0	0.0
8.463841	8.751230000	81.032562	0.0	0.0
8.556008	8.848360000	80.921557	0.0	0.0
8.649179	8.946600000	80.809399	0.0	0.0
8.743364	9.045940000	80.696074	0.0	0.0
8.838574	9.146410000	80.581571	0.0	0.0
8.934822	9.248010000	80.465871	0.0	0.0
9.032117	9.350780000	80.348963	0.0	0.0
9.130472	9.454710000	80.230832	0.0	0.0
9.229898	9.559820000	80.111462	0.0	0.0
9.330407	9.666120000	79.990839	0.0	0.0
9.432010	9.773640000	79.868949	0.0	0.0
9.534720	9.882380000	79.745774	0.0	0.0
9.638548	9.992360000	79.621301	0.0	0.0
9.743506	10.103600000	79.495513	0.0	0.0
9.849608	10.216100000	79.368394	0.0	0.0
9.956865	10.329900000	79.239929	0.0	0.0
10.065290	10.445000000	79.110100	0.0	0.0
10.174900	10.561400000	78.978886	0.0	0.0
10.285700	10.679200000	78.846281	0.0	0.0
10.397700	10.798300000	78.712269	0.0	0.0
10.510930	10.918800000	78.576814	0.0	0.0
10.625380	11.040700000	78.439927	0.0	0.0
10.741090	11.163900000	78.301557	0.0	0.0
10.858050	11.288600000	78.161716	0.0	0.0
10.976290	11.414800000	78.020365	0.0	0.0
11.095820	11.542400000	77.877491	0.0	0.0
11.216650	11.671500000	77.733080	0.0	0.0
11.338790	11.802000000	77.587118	0.0	0.0
11.462260	11.934100000	77.439580	0.0	0.0
11.587080	12.067800000	77.290439	0.0	0.0
11.713260	12.202900000	77.139681	0.0	0.0
11.840810	12.339700000	76.987294	0.0	0.0
11.969750	12.478100000	76.833249	0.0	0.0
12.100090	12.618000000	76.677535	0.0	0.0
12.231860	12.759700000	76.520111	0.0	0.0
12.365060	12.902900000	76.360977	0.0	0.0
12.499710	13.047900000	76.200106	0.0	0.0
12.635820	13.194600000	76.037483	0.0	0.0
12.773420	13.343000000	75.873071	0.0	0.0
12.912510	13.493100000	75.706866	0.0	0.0
13.053120	13.645000000	75.538832	0.0	0.0
13.195270	13.798700000	75.368941	0.0	0.0
13.338960	13.954300000	75.197190	0.0	0.0
13.484210	14.111700000	75.023554	0.0	0.0
13.631050	14.270900000	74.847994	0.0	0.0
13.779480	14.432100000	74.670507	0.0	0.0
13.929530	14.595200000	74.491055	0.0	0.0
14.081220	14.760200000	74.309610	0.0	0.0
14.234550	14.927200000	74.126171	0.0	0.0
14.389560	15.096200000	73.940687	0.0	0.0
14.546260	15.267200000	73.753143	0.0	0.0
14.704660	15.440400000	73.563524	0.0	0.0
14.864780	15.615600000	73.371803	0.0	0.0
15.026650	15.792900000	73.177942	0.0	0.0
15.190280	15.972300000	72.981925	0.0	0.0
15.355700	16.154000000	72.783715	0.0	0.0
15.522910	16.337800000	72.583307	0.0	0.0
15.691950	16.523900000	72.380652	0.0	0.0
15.862830	16.712300000	72.175734	0.0	0.0
16.035570	16.903000000	71.968525	0.0	0.0
16.210180	17.096100000	71.759012	0.0	0.0
16.386700	17.291500000	71.547144	0.0	0.0
16.565150	17.489300000	71.332892	0.0	0.0
16.745530	17.689600000	71.116254	0.0	0.0
16.927880	17.892400000	70.897179	0.0	0.0
17.112220	18.097700000	70.675639	0.0	0.0
17.298560	18.305500000	70.451620	0.0	0.0
17.486930	18.516000000	70.225083	0.0	0.0
17.677360	18.729100000	69.995987	0.0	0.0
17.869850	18.944900000	69.764330	0.0	0.0
18.064450	19.163400000	69.530049	0.0	0.0
18.261160	19.384700000	69.293139	0.0	0.0
18.460010	19.608900000	69.053561	0.0	0.0
18.661030	19.835900000	68.811277	0.0	0.0
18.864240	20.065800000	68.566257	0.0	0.0
19.069660	20.298600000	68.318475	0.0	0.0
19.277320	20.534500000	68.067891	0.0	0.0
19.487240	20.773400000	67.814476	0.0	0.0
19.699450	21.015500000	67.558190	0.0	0.0
19.913970	21.260700000	67.299006	0.0	0.0
20.130820	21.509100000	67.036895	0.0	0.0
20.350030	21.760800000	66.771816	0.0	0.0
20.571630	22.015900000	66.503728	0.0	0.0
20.795650	22.274400000	66.232591	0.0	0.0
21.022100	22.536300000	65.958388	0.0	0.0
21.251020	22.801700000	65.681064	0.0	0.0
21.482430	23.070800000	65.400591	0.0	0.0
21.716360	23.343500000	65.116925	0.0	0.0
21.952840	23.619900000	64.830024	0.0	0.0
22.191900	23.900200000	64.539845	0.0	0.0
22.433560	24.184300000	64.246357	0.0	0.0
22.677850	24.472400000	63.949516	0.0	0.0
22.924800	24.764600000	63.649277	0.0	0.0
23.174440	25.060800000	63.345595	0.0	0.0
23.426790	25.361300000	63.038436	0.0	0.0
23.681900	25.666100000	62.727729	0.0	0.0
23.939780	25.975300000	62.413452	0.0	0.0
24.200470	26.289000000	62.095542	0.0	0.0
24.464000	26.607300000	61.773951	0.0	0.0
24.730400	26.930300000	61.448629	0.0	0.0
24.999710	27.258100000	61.119510	0.0	0.0
25.271940	27.590900000	60.786567	0.0	0.0
25.547140	27.928700000	60.449720	0.0	0.0
25.825330	28.271700000	60.108925	0.0	0.0
26.106560	28.620000000	59.764100	0.0	0.0
26.390840	28.973800000	59.415208	0.0	0.0
26.678230	29.333100000	59.062152	0.0	0.0
26.968740	29.698200000	58.704891	0.0	0.0
27.262410	30.069100000	58.343345	0.0	0.0
27.559290	30.446100000	57.977422	0.0	0.0
27.859390	30.829400000	57.607072	0.0	0.0
28.162770	31.219000000	57.232182	0.0	0.0
28.469440	31.615200000	56.852699	0.0	0.0
28.779460	32.018200000	56.468501	0.0	0.0
29.092850	32.428200000	56.079514	0.0	0.0
29.409660	32.845400000	55.685621	0.0	0.0
29.729920	33.270000000	55.286724	0.0	0.0
30.053660	33.702300000	54.882721	0.0	0.0
30.380930	34.142600000	54.473480	0.0	0.0
30.711760	34.591000000	54.058886	0.0	0.0
31.046190	35.047800000	53.638804	0.0	0.0
31.384270	35.513500000	53.213082	0.0	0.0
31.726030	35.988100000	52.781581	0.0	0.0
32.071510	36.472200000	52.344145	0.0	0.0
32.420750	36.966000000	51.900604	0.0	0.0
32.773790	37.469900000	51.450781	0.0	0.0
33.130680	37.984200000	50.994473	0.0	0.0
33.491460	38.509400000	50.531479	0.0	0.0
33.856160	39.045900000	50.061596	0.0	0.0
34.224840	39.594200000	49.584569	0.0	0.0
34.597530	40.154700000	49.100165	0.0	0.0
34.974280	40.727800000	48.608110	0.0	0.0
35.355130	41.314300000	48.108124	0.0	0.0
35.740130	41.914500000	47.599891	0.0	0.0
36.129320	42.529200000	47.083091	0.0	0.0
36.522750	43.158800000	46.557363	0.0	0.0
36.920460	43.804200000	46.022336	0.0	0.0
37.322510	44.466000000	45.477584	0.0	0.0
37.728930	45.144900000	44.922690	0.0	0.0
38.139780	45.841800000	44.357164	0.0	0.0
38.555100	46.557400000	43.780507	0.0	0.0
38.974940	47.292700000	43.192167	0.0	0.0
39.399360	48.048600000	42.591537	0.0	0.0
39.828400	48.826000000	41.977989	0.0	0.0
40.262110	49.626100000	41.350831	0.0	0.0
40.700540	50.447900000	40.709319	0.0	0.0
41.143750	51.278500000	40.052630	0.0	0.0
41.591780	52.060700000	39.379908	0.0	0.0
42.044700	52.628600000	38.690179	0.0	0.0
42.502540	52.628400000	37.982454	0.0	0.0
42.965370	51.491200000	37.255597	0.0	0.0
43.433240	48.549100000	36.508410	0.0	0.0
43.906210	43.330100000	35.739580	0.0	0.0
44.384320	35.916000000	34.947714	0.0	0.0
44.867640	27.123200000	34.131255	0.0	0.0
45.356230	18.304200000	33.288529	0.0	0.0
45.850130	10.815900000	32.417755	0.0	0.0
46.349420	5.468060000	31.516932	0.0	0.0
46.854140	2.298690000	30.583961	0.0	0.0
47.364360	0.773352000	29.616511	0.0	0.0
47.880130	0.196850000	28.612093	0.0	0.0
48.401520	0.034594800	27.567972	0.0	0.0
48.928590	0.003527360	26.481209	0.0	0.0
49.461390	0.000133775	25.348649	0.0	0.0
50.000000	0.000001097	24.166820	0.0	0.0
