# UNCLASSIFIED
#
# Response info for YBH high broad-band site.
# 
# Effective: 27 Nov 2002
# Created:  04 Oct 2006
# File name: YBH_bb_rsp.txt
# Inid:  
# Source:  James Neely (TTD)
# System equipment: Streckeisen STS-2 Seismometer and Quanterra Q680 digitizer.
# 
# The response file was derived from equations of state.
# Displacement response relative to 1.0 at 0.12 Hz.
# 
# The calib values for this configuration are as follows:
# 
# YBH HHZ is 0.170000 nm/count at 8.33 sec.
# YBH HHN is 0.162000 nm/count at 8.33 sec.
# YBH HHE is 0.159000 nm/count at 8.33 sec.
# 
# Freq(Hz)    Ampl(counts/nm)   Phase(deg)  Error(amp) Error(phase)
#
   theoretical   0   instrument   fap
1000
0.001000	0.000120093	260.228502	0.0	0.0
0.001011	0.000123976	260.123308	0.0	0.0
0.001021	0.000127983	260.016954	0.0	0.0
0.001032	0.000132121	259.909429	0.0	0.0
0.001043	0.000136392	259.800714	0.0	0.0
0.001054	0.000140802	259.690907	0.0	0.0
0.001066	0.000145353	259.579811	0.0	0.0
0.001077	0.000150052	259.467424	0.0	0.0
0.001089	0.000154903	259.353946	0.0	0.0
0.001100	0.000159910	259.239079	0.0	0.0
0.001112	0.000165080	259.123021	0.0	0.0
0.001124	0.000170417	259.005674	0.0	0.0
0.001136	0.000175926	258.887036	0.0	0.0
0.001148	0.000181613	258.767109	0.0	0.0
0.001160	0.000187483	258.645792	0.0	0.0
0.001172	0.000193543	258.523186	0.0	0.0
0.001185	0.000199799	258.399191	0.0	0.0
0.001198	0.000206258	258.273906	0.0	0.0
0.001210	0.000212925	258.147132	0.0	0.0
0.001223	0.000219808	258.018968	0.0	0.0
0.001236	0.000226912	257.889416	0.0	0.0
0.001250	0.000234247	257.758376	0.0	0.0
0.001263	0.000241818	257.625946	0.0	0.0
0.001276	0.000249634	257.492028	0.0	0.0
0.001290	0.000257702	257.356621	0.0	0.0
0.001304	0.000266032	257.219626	0.0	0.0
0.001318	0.000274629	257.081243	0.0	0.0
0.001332	0.000283505	256.941171	0.0	0.0
0.001346	0.000292668	256.799612	0.0	0.0
0.001360	0.000302126	256.656465	0.0	0.0
0.001375	0.000311890	256.511730	0.0	0.0
0.001389	0.000321970	256.365408	0.0	0.0
0.001404	0.000332375	256.217398	0.0	0.0
0.001419	0.000343115	256.067701	0.0	0.0
0.001434	0.000354203	255.916316	0.0	0.0
0.001450	0.000365649	255.763245	0.0	0.0
0.001465	0.000377464	255.608487	0.0	0.0
0.001481	0.000389661	255.451942	0.0	0.0
0.001496	0.000402251	255.293710	0.0	0.0
0.001512	0.000415249	255.133592	0.0	0.0
0.001529	0.000428664	254.971688	0.0	0.0
0.001545	0.000442514	254.807997	0.0	0.0
0.001561	0.000456810	254.642420	0.0	0.0
0.001578	0.000471568	254.474958	0.0	0.0
0.001595	0.000486802	254.305609	0.0	0.0
0.001612	0.000502527	254.134376	0.0	0.0
0.001629	0.000518760	253.961156	0.0	0.0
0.001646	0.000535516	253.785952	0.0	0.0
0.001664	0.000552813	253.608762	0.0	0.0
0.001682	0.000570668	253.429487	0.0	0.0
0.001700	0.000589099	253.248228	0.0	0.0
0.001718	0.000608124	253.064884	0.0	0.0
0.001736	0.000627762	252.879455	0.0	0.0
0.001755	0.000648033	252.691942	0.0	0.0
0.001773	0.000668957	252.502245	0.0	0.0
0.001792	0.000690556	252.310264	0.0	0.0
0.001811	0.000712852	252.116199	0.0	0.0
0.001831	0.000735865	251.919851	0.0	0.0
0.001850	0.000759620	251.721219	0.0	0.0
0.001870	0.000784141	251.520304	0.0	0.0
0.001890	0.000809450	251.317006	0.0	0.0
0.001910	0.000835575	251.111424	0.0	0.0
0.001930	0.000862544	250.903460	0.0	0.0
0.001951	0.000890377	250.693014	0.0	0.0
0.001972	0.000919105	250.480185	0.0	0.0
0.001993	0.000948753	250.264774	0.0	0.0
0.002014	0.000979364	250.046881	0.0	0.0
0.002035	0.001010954	249.826506	0.0	0.0
0.002057	0.001043565	249.603550	0.0	0.0
0.002079	0.001077222	249.377912	0.0	0.0
0.002101	0.001111958	249.149593	0.0	0.0
0.002124	0.001147808	248.918693	0.0	0.0
0.002146	0.001184812	248.685012	0.0	0.0
0.002169	0.001223004	248.448551	0.0	0.0
0.002192	0.001262427	248.209309	0.0	0.0
0.002216	0.001303113	247.967287	0.0	0.0
0.002239	0.001345096	247.722285	0.0	0.0
0.002263	0.001388435	247.474503	0.0	0.0
0.002287	0.001433163	247.223642	0.0	0.0
0.002312	0.001479322	246.969901	0.0	0.0
0.002336	0.001526954	246.713081	0.0	0.0
0.002361	0.001576117	246.453183	0.0	0.0
0.002386	0.001626854	246.190105	0.0	0.0
0.002412	0.001679213	245.923950	0.0	0.0
0.002438	0.001733247	245.654616	0.0	0.0
0.002464	0.001789004	245.382004	0.0	0.0
0.002490	0.001846544	245.106114	0.0	0.0
0.002516	0.001905925	244.826847	0.0	0.0
0.002543	0.001967197	244.544203	0.0	0.0
0.002570	0.002030427	244.258181	0.0	0.0
0.002598	0.002095674	243.968683	0.0	0.0
0.002625	0.002162987	243.675609	0.0	0.0
0.002653	0.002232460	243.379058	0.0	0.0
0.002682	0.002304134	243.078831	0.0	0.0
0.002710	0.002378084	242.774928	0.0	0.0
0.002739	0.002454393	242.467250	0.0	0.0
0.002768	0.002533113	242.155896	0.0	0.0
0.002798	0.002614335	241.840668	0.0	0.0
0.002828	0.002698134	241.521565	0.0	0.0
0.002858	0.002784586	241.198587	0.0	0.0
0.002888	0.002873774	240.871635	0.0	0.0
0.002919	0.002965774	240.540510	0.0	0.0
0.002950	0.003060686	240.205411	0.0	0.0
0.002982	0.003158586	239.866138	0.0	0.0
0.003014	0.003259582	239.522592	0.0	0.0
0.003046	0.003363749	239.174874	0.0	0.0
0.003078	0.003471188	238.822783	0.0	0.0
0.003111	0.003582008	238.466320	0.0	0.0
0.003144	0.003696301	238.105385	0.0	0.0
0.003178	0.003814176	237.739879	0.0	0.0
0.003212	0.003935732	237.369901	0.0	0.0
0.003246	0.004061088	236.995352	0.0	0.0
0.003281	0.004190351	236.616033	0.0	0.0
0.003316	0.004323649	236.231943	0.0	0.0
0.003351	0.004461079	235.842983	0.0	0.0
0.003387	0.004602787	235.449254	0.0	0.0
0.003423	0.004748879	235.050555	0.0	0.0
0.003459	0.004899490	234.646787	0.0	0.0
0.003496	0.005054745	234.237950	0.0	0.0
0.003533	0.005214795	233.824045	0.0	0.0
0.003571	0.005379757	233.404872	0.0	0.0
0.003609	0.005549774	232.980331	0.0	0.0
0.003648	0.005725004	232.550523	0.0	0.0
0.003687	0.005905590	232.115347	0.0	0.0
0.003726	0.006091665	231.674705	0.0	0.0
0.003766	0.006283397	231.228397	0.0	0.0
0.003806	0.006480946	230.776523	0.0	0.0
0.003846	0.006684469	230.318983	0.0	0.0
0.003887	0.006894117	229.855778	0.0	0.0
0.003929	0.007110059	229.386608	0.0	0.0
0.003971	0.007332477	228.911673	0.0	0.0
0.004013	0.007561531	228.430675	0.0	0.0
0.004056	0.007797406	227.943712	0.0	0.0
0.004099	0.008040276	227.450687	0.0	0.0
0.004143	0.008290310	226.951498	0.0	0.0
0.004187	0.008547699	226.446047	0.0	0.0
0.004232	0.008812636	225.934434	0.0	0.0
0.004277	0.009085356	225.416359	0.0	0.0
0.004322	0.009365941	224.891922	0.0	0.0
0.004368	0.009654644	224.361125	0.0	0.0
0.004415	0.009951715	223.823667	0.0	0.0
0.004462	0.010257238	223.279749	0.0	0.0
0.004510	0.010571548	222.729072	0.0	0.0
0.004558	0.010894728	222.171835	0.0	0.0
0.004606	0.011227029	221.607839	0.0	0.0
0.004656	0.011568619	221.037085	0.0	0.0
0.004705	0.011919749	220.459473	0.0	0.0
0.004755	0.012280669	219.874904	0.0	0.0
0.004806	0.012651464	219.283577	0.0	0.0
0.004857	0.013032469	218.685194	0.0	0.0
0.004909	0.013423766	218.079855	0.0	0.0
0.004961	0.013825607	217.467561	0.0	0.0
0.005014	0.014238243	216.848211	0.0	0.0
0.005068	0.014661841	216.221806	0.0	0.0
0.005122	0.015096569	215.588347	0.0	0.0
0.005176	0.015542762	214.947735	0.0	0.0
0.005232	0.016000418	214.300069	0.0	0.0
0.005287	0.016469874	213.645251	0.0	0.0
0.005344	0.016951213	212.983480	0.0	0.0
0.005401	0.017444686	212.314458	0.0	0.0
0.005458	0.017950544	211.638485	0.0	0.0
0.005517	0.018468787	210.955360	0.0	0.0
0.005575	0.018999749	210.265286	0.0	0.0
0.005635	0.019543515	209.568162	0.0	0.0
0.005695	0.020100251	208.864089	0.0	0.0
0.005756	0.020670126	208.153168	0.0	0.0
0.005817	0.021253222	207.435299	0.0	0.0
0.005879	0.021849707	206.710782	0.0	0.0
0.005942	0.022459749	205.979418	0.0	0.0
0.006005	0.023083515	205.241408	0.0	0.0
0.006069	0.023720921	204.496952	0.0	0.0
0.006134	0.024372218	203.745951	0.0	0.0
0.006199	0.025037406	202.988606	0.0	0.0
0.006265	0.025716653	202.224916	0.0	0.0
0.006332	0.026409874	201.455184	0.0	0.0
0.006400	0.027117238	200.679508	0.0	0.0
0.006468	0.027838828	199.897890	0.0	0.0
0.006537	0.028574561	199.110631	0.0	0.0
0.006607	0.029324435	198.317731	0.0	0.0
0.006677	0.030088452	197.519490	0.0	0.0
0.006748	0.030866695	196.716010	0.0	0.0
0.006820	0.031659079	195.907491	0.0	0.0
0.006893	0.032465523	195.094134	0.0	0.0
0.006967	0.033286109	194.276139	0.0	0.0
0.007041	0.034120502	193.453707	0.0	0.0
0.007116	0.034968870	192.627038	0.0	0.0
0.007192	0.035831046	191.796334	0.0	0.0
0.007269	0.036706862	190.961894	0.0	0.0
0.007346	0.037596151	190.123921	0.0	0.0
0.007424	0.038498912	189.282714	0.0	0.0
0.007504	0.039414979	188.438374	0.0	0.0
0.007584	0.040344100	187.591402	0.0	0.0
0.007664	0.041286192	186.741798	0.0	0.0
0.007746	0.042241004	185.889964	0.0	0.0
0.007829	0.043208368	185.036199	0.0	0.0
0.007912	0.044188117	184.180806	0.0	0.0
0.007997	0.045180000	183.323884	0.0	0.0
0.008082	0.046183849	182.465934	0.0	0.0
0.008168	0.047199498	181.607157	0.0	0.0
0.008255	0.048226527	180.747754	0.0	0.0
0.008343	0.049264854	179.888126	0.0	0.0
0.008432	0.050314226	179.028473	0.0	0.0
0.008522	0.051374393	178.169196	0.0	0.0
0.008613	0.052445105	177.310596	0.0	0.0
0.008705	0.053526192	176.452775	0.0	0.0
0.008798	0.054617322	175.596231	0.0	0.0
0.008891	0.055718326	174.741068	0.0	0.0
0.008986	0.056828870	173.887684	0.0	0.0
0.009082	0.057948870	173.036382	0.0	0.0
0.009179	0.059078075	172.187263	0.0	0.0
0.009277	0.060216151	171.340826	0.0	0.0
0.009376	0.061363013	170.497172	0.0	0.0
0.009476	0.062518326	169.656604	0.0	0.0
0.009577	0.063682008	168.819321	0.0	0.0
0.009679	0.064853808	167.985625	0.0	0.0
0.009782	0.066033640	167.155816	0.0	0.0
0.009886	0.067221172	166.329996	0.0	0.0
0.009992	0.068416402	165.508465	0.0	0.0
0.010098	0.069619079	164.691425	0.0	0.0
0.010206	0.070829121	163.879075	0.0	0.0
0.010315	0.072046360	163.071618	0.0	0.0
0.010425	0.073270711	162.269154	0.0	0.0
0.010536	0.074502008	161.472084	0.0	0.0
0.010648	0.075740251	160.680310	0.0	0.0
0.010762	0.076985356	159.894232	0.0	0.0
0.010877	0.078237155	159.113851	0.0	0.0
0.010993	0.079495732	158.339369	0.0	0.0
0.011110	0.080761004	157.570885	0.0	0.0
0.011228	0.082032887	156.808502	0.0	0.0
0.011348	0.083311464	156.052521	0.0	0.0
0.011469	0.084596653	155.302843	0.0	0.0
0.011592	0.085888703	154.559667	0.0	0.0
0.011715	0.087186611	153.822997	0.0	0.0
0.011840	0.088492050	153.093132	0.0	0.0
0.011966	0.089804184	152.369875	0.0	0.0
0.012094	0.091123013	151.653426	0.0	0.0
0.012223	0.092448536	150.943886	0.0	0.0
0.012353	0.093780753	150.241256	0.0	0.0
0.012485	0.095120502	149.545539	0.0	0.0
0.012618	0.096466946	148.856934	0.0	0.0
0.012753	0.097820921	148.175243	0.0	0.0
0.012889	0.099182427	147.500667	0.0	0.0
0.013026	0.100551464	146.833108	0.0	0.0
0.013165	0.101928033	146.172666	0.0	0.0
0.013305	0.103312134	145.519344	0.0	0.0
0.013447	0.104704603	144.873042	0.0	0.0
0.013591	0.106104603	144.233961	0.0	0.0
0.013736	0.107512971	143.601804	0.0	0.0
0.013882	0.108929707	142.976870	0.0	0.0
0.014030	0.110354812	142.358862	0.0	0.0
0.014180	0.111789121	141.747881	0.0	0.0
0.014331	0.113231799	141.143928	0.0	0.0
0.014484	0.114684519	140.547004	0.0	0.0
0.014638	0.116145607	139.956911	0.0	0.0
0.014794	0.117616736	139.373750	0.0	0.0
0.014952	0.119097071	138.797523	0.0	0.0
0.015111	0.120587448	138.228032	0.0	0.0
0.015273	0.122088703	137.665277	0.0	0.0
0.015435	0.123600000	137.109260	0.0	0.0
0.015600	0.125121339	136.559982	0.0	0.0
0.015766	0.126653556	136.017246	0.0	0.0
0.015935	0.128197490	135.481053	0.0	0.0
0.016104	0.129752301	134.951403	0.0	0.0
0.016276	0.131317992	134.428198	0.0	0.0
0.016450	0.132896234	133.911341	0.0	0.0
0.016625	0.134486192	133.400832	0.0	0.0
0.016802	0.136087866	132.896574	0.0	0.0
0.016982	0.137702929	132.398467	0.0	0.0
0.017163	0.139329707	131.906514	0.0	0.0
0.017346	0.140969874	131.420617	0.0	0.0
0.017531	0.142623431	130.940776	0.0	0.0
0.017718	0.144289540	130.466793	0.0	0.0
0.017907	0.145969874	129.998671	0.0	0.0
0.018098	0.147663598	129.536410	0.0	0.0
0.018291	0.149372385	129.079914	0.0	0.0
0.018486	0.151094561	128.628981	0.0	0.0
0.018683	0.152831799	128.183717	0.0	0.0
0.018882	0.154584100	127.743921	0.0	0.0
0.019083	0.156350628	127.309596	0.0	0.0
0.019287	0.158133891	126.880643	0.0	0.0
0.019492	0.159931381	126.457065	0.0	0.0
0.019700	0.161745607	126.038763	0.0	0.0
0.019910	0.163575732	125.625639	0.0	0.0
0.020123	0.165422594	125.217595	0.0	0.0
0.020337	0.167286192	124.814633	0.0	0.0
0.020554	0.169166527	124.416754	0.0	0.0
0.020773	0.171063598	124.023662	0.0	0.0
0.020995	0.172978243	123.635557	0.0	0.0
0.021219	0.174911297	123.252142	0.0	0.0
0.021445	0.176861925	122.873519	0.0	0.0
0.021674	0.178830962	122.499589	0.0	0.0
0.021905	0.180817573	122.130156	0.0	0.0
0.022138	0.182824268	121.765420	0.0	0.0
0.022375	0.184849372	121.405085	0.0	0.0
0.022613	0.186893724	121.049251	0.0	0.0
0.022854	0.188957322	120.697722	0.0	0.0
0.023098	0.191041841	120.350500	0.0	0.0
0.023344	0.193145607	120.007487	0.0	0.0
0.023593	0.195270293	119.668684	0.0	0.0
0.023845	0.197415063	119.334095	0.0	0.0
0.024099	0.199581590	119.003521	0.0	0.0
0.024356	0.201769038	118.676966	0.0	0.0
0.024616	0.203977406	118.354429	0.0	0.0
0.024878	0.206208368	118.035716	0.0	0.0
0.025144	0.208461088	117.720928	0.0	0.0
0.025412	0.210736402	117.409967	0.0	0.0
0.025683	0.213034310	117.102735	0.0	0.0
0.025957	0.215354812	116.799136	0.0	0.0
0.026233	0.217698745	116.499271	0.0	0.0
0.026513	0.220066109	116.203044	0.0	0.0
0.026796	0.222457741	115.910256	0.0	0.0
0.027082	0.224873640	115.621010	0.0	0.0
0.027370	0.227312971	115.335309	0.0	0.0
0.027662	0.229778243	115.052955	0.0	0.0
0.027957	0.232267782	114.773952	0.0	0.0
0.028255	0.234782427	114.498200	0.0	0.0
0.028557	0.237323013	114.225805	0.0	0.0
0.028861	0.239890377	113.956668	0.0	0.0
0.029169	0.242482845	113.690591	0.0	0.0
0.029480	0.245102092	113.427778	0.0	0.0
0.029794	0.247748954	113.168032	0.0	0.0
0.030112	0.250422594	112.911355	0.0	0.0
0.030433	0.253123013	112.657649	0.0	0.0
0.030758	0.255852720	112.406919	0.0	0.0
0.031086	0.258609205	112.159167	0.0	0.0
0.031417	0.261394979	111.914197	0.0	0.0
0.031752	0.264210042	111.672209	0.0	0.0
0.032091	0.267053556	111.433010	0.0	0.0
0.032433	0.269926360	111.196600	0.0	0.0
0.032779	0.272829289	110.962883	0.0	0.0
0.033128	0.275762343	110.731862	0.0	0.0
0.033482	0.278726360	110.503642	0.0	0.0
0.033839	0.281721339	110.277923	0.0	0.0
0.034200	0.284747280	110.054910	0.0	0.0
0.034564	0.287804184	109.834407	0.0	0.0
0.034933	0.290893724	109.616415	0.0	0.0
0.035305	0.294015900	109.400941	0.0	0.0
0.035682	0.297169874	109.187984	0.0	0.0
0.036062	0.300357322	108.977350	0.0	0.0
0.036447	0.303578243	108.769243	0.0	0.0
0.036836	0.306832636	108.563464	0.0	0.0
0.037228	0.310122176	108.360019	0.0	0.0
0.037625	0.313445188	108.158910	0.0	0.0
0.038027	0.316803347	107.960041	0.0	0.0
0.038432	0.320197490	107.763416	0.0	0.0
0.038842	0.323626778	107.569038	0.0	0.0
0.039256	0.327092050	107.376912	0.0	0.0
0.039675	0.330594142	107.186939	0.0	0.0
0.040098	0.334133054	106.999026	0.0	0.0
0.040525	0.337708787	106.813275	0.0	0.0
0.040957	0.341323013	106.629591	0.0	0.0
0.041394	0.344974895	106.447976	0.0	0.0
0.041836	0.348665272	106.268436	0.0	0.0
0.042282	0.352394979	106.090874	0.0	0.0
0.042733	0.356164017	105.915294	0.0	0.0
0.043188	0.359973222	105.741700	0.0	0.0
0.043649	0.363822594	105.569996	0.0	0.0
0.044114	0.367712134	105.400188	0.0	0.0
0.044585	0.371642678	105.232277	0.0	0.0
0.045060	0.375615900	105.066270	0.0	0.0
0.045541	0.379630126	104.902071	0.0	0.0
0.046026	0.383687866	104.739682	0.0	0.0
0.046517	0.387788285	104.579110	0.0	0.0
0.047013	0.391931381	104.420358	0.0	0.0
0.047515	0.396119665	104.263231	0.0	0.0
0.048021	0.400351464	104.107935	0.0	0.0
0.048533	0.404628452	103.954271	0.0	0.0
0.049051	0.408950628	103.802346	0.0	0.0
0.049574	0.413318828	103.652065	0.0	0.0
0.050103	0.417733054	103.503532	0.0	0.0
0.050637	0.422194142	103.356451	0.0	0.0
0.051177	0.426702929	103.211128	0.0	0.0
0.051723	0.431259414	103.067268	0.0	0.0
0.052274	0.435864435	102.925075	0.0	0.0
0.052832	0.440518828	102.784356	0.0	0.0
0.053395	0.445221757	102.645213	0.0	0.0
0.053964	0.449975732	102.507552	0.0	0.0
0.054540	0.454779079	102.371380	0.0	0.0
0.055121	0.459634310	102.236701	0.0	0.0
0.055709	0.464540586	102.103420	0.0	0.0
0.056303	0.469499582	101.971642	0.0	0.0
0.056904	0.474510460	101.841273	0.0	0.0
0.057510	0.479575732	101.712319	0.0	0.0
0.058124	0.484693724	101.584785	0.0	0.0
0.058744	0.489866946	101.458575	0.0	0.0
0.059370	0.495095397	101.333697	0.0	0.0
0.060003	0.500379079	101.210255	0.0	0.0
0.060643	0.505718828	101.088056	0.0	0.0
0.061290	0.511115481	100.967205	0.0	0.0
0.061943	0.516569874	100.847608	0.0	0.0
0.062604	0.522082008	100.729270	0.0	0.0
0.063271	0.527652720	100.612199	0.0	0.0
0.063946	0.533283682	100.496499	0.0	0.0
0.064628	0.538973222	100.381877	0.0	0.0
0.065317	0.544723849	100.268540	0.0	0.0
0.066014	0.550536402	100.156393	0.0	0.0
0.066718	0.556410042	100.045443	0.0	0.0
0.067429	0.562346444	99.935695	0.0	0.0
0.068148	0.568346444	99.827057	0.0	0.0
0.068875	0.574409205	99.719635	0.0	0.0
0.069609	0.580537238	99.613335	0.0	0.0
0.070351	0.586731381	99.508165	0.0	0.0
0.071102	0.592989958	99.404030	0.0	0.0
0.071860	0.599316318	99.301039	0.0	0.0
0.072626	0.605709623	99.199096	0.0	0.0
0.073401	0.612171548	99.098311	0.0	0.0
0.074183	0.618702092	98.998488	0.0	0.0
0.074974	0.625302092	98.899836	0.0	0.0
0.075774	0.631972385	98.802062	0.0	0.0
0.076582	0.638712971	98.705372	0.0	0.0
0.077399	0.645526360	98.609775	0.0	0.0
0.078224	0.652412552	98.515078	0.0	0.0
0.079058	0.659371548	98.421387	0.0	0.0
0.079901	0.666405021	98.328711	0.0	0.0
0.080753	0.673512971	98.236957	0.0	0.0
0.081614	0.680697071	98.146133	0.0	0.0
0.082485	0.687958159	98.056347	0.0	0.0
0.083364	0.695296234	97.967406	0.0	0.0
0.084253	0.702712134	97.879419	0.0	0.0
0.085152	0.710207531	97.792293	0.0	0.0
0.086060	0.717782427	97.706136	0.0	0.0
0.086977	0.725438494	97.620859	0.0	0.0
0.087905	0.733175732	97.536366	0.0	0.0
0.088842	0.740995816	97.452869	0.0	0.0
0.089790	0.748899582	97.370174	0.0	0.0
0.090747	0.756887029	97.288291	0.0	0.0
0.091715	0.764959833	97.207328	0.0	0.0
0.092693	0.773118828	97.127094	0.0	0.0
0.093681	0.781364854	97.047798	0.0	0.0
0.094680	0.789698745	96.969249	0.0	0.0
0.095690	0.798121339	96.891455	0.0	0.0
0.096710	0.806633473	96.814527	0.0	0.0
0.097742	0.815236820	96.738372	0.0	0.0
0.098784	0.823931381	96.662901	0.0	0.0
0.099837	0.832718828	96.588324	0.0	0.0
0.100902	0.841598326	96.514451	0.0	0.0
0.101978	0.850577406	96.441280	0.0	0.0
0.103066	0.859648536	96.368841	0.0	0.0
0.104165	0.868820084	96.297234	0.0	0.0
0.105275	0.878083682	96.226259	0.0	0.0
0.106398	0.887447699	96.156047	0.0	0.0
0.107533	0.896912134	96.086492	0.0	0.0
0.108679	0.906476987	96.017708	0.0	0.0
0.109838	0.916150628	95.949505	0.0	0.0
0.111010	0.925916318	95.882097	0.0	0.0
0.112193	0.935790795	95.815286	0.0	0.0
0.113390	0.945774059	95.749095	0.0	0.0
0.114599	0.955857741	95.683632	0.0	0.0
0.115821	0.966058577	95.618798	0.0	0.0
0.117056	0.976359833	95.554616	0.0	0.0
0.118304	0.986769874	95.491094	0.0	0.0
0.119566	0.997297071	95.428133	0.0	0.0
0.120841	1.007933054	95.365856	0.0	0.0
0.122129	1.018677824	95.304171	0.0	0.0
0.123432	1.029548117	95.243096	0.0	0.0
0.124748	1.040527197	95.182528	0.0	0.0
0.126078	1.051623431	95.122694	0.0	0.0
0.127423	1.062836820	95.063400	0.0	0.0
0.128782	1.074175732	95.004655	0.0	0.0
0.130155	1.085631799	94.946467	0.0	0.0
0.131543	1.097213389	94.888867	0.0	0.0
0.132945	1.108912134	94.831749	0.0	0.0
0.134363	1.120736402	94.775235	0.0	0.0
0.135796	1.132694561	94.719335	0.0	0.0
0.137244	1.144769874	94.663863	0.0	0.0
0.138708	1.156979079	94.609029	0.0	0.0
0.140187	1.169322176	94.554656	0.0	0.0
0.141682	1.181790795	94.500744	0.0	0.0
0.143192	1.194393305	94.447409	0.0	0.0
0.144719	1.207138075	94.394576	0.0	0.0
0.146263	1.220008368	94.342244	0.0	0.0
0.147822	1.233020921	94.290437	0.0	0.0
0.149399	1.246175732	94.239064	0.0	0.0
0.150992	1.259464435	94.188149	0.0	0.0
0.152602	1.272895397	94.137791	0.0	0.0
0.154229	1.286476987	94.087815	0.0	0.0
0.155874	1.300192469	94.038337	0.0	0.0
0.157536	1.314058577	93.989365	0.0	0.0
0.159216	1.328075314	93.940814	0.0	0.0
0.160914	1.342242678	93.892702	0.0	0.0
0.162630	1.356560669	93.845051	0.0	0.0
0.164364	1.371029289	93.797763	0.0	0.0
0.166117	1.385648536	93.750960	0.0	0.0
0.167888	1.400426778	93.704560	0.0	0.0
0.169678	1.415364017	93.658678	0.0	0.0
0.171488	1.430460251	93.613131	0.0	0.0
0.173317	1.445715481	93.567933	0.0	0.0
0.175165	1.461138075	93.523203	0.0	0.0
0.177033	1.476728033	93.478954	0.0	0.0
0.178921	1.492476987	93.435013	0.0	0.0
0.180828	1.508393305	93.391378	0.0	0.0
0.182757	1.524485356	93.348282	0.0	0.0
0.184706	1.540744770	93.305441	0.0	0.0
0.186675	1.557179916	93.263062	0.0	0.0
0.188666	1.573790795	93.221079	0.0	0.0
0.190678	1.590577406	93.179390	0.0	0.0
0.192711	1.607539749	93.138037	0.0	0.0
0.194766	1.624686192	93.097119	0.0	0.0
0.196843	1.642016736	93.056460	0.0	0.0
0.198942	1.659531381	93.016185	0.0	0.0
0.201064	1.677230126	92.976301	0.0	0.0
0.203208	1.695121339	92.936640	0.0	0.0
0.205375	1.713205021	92.897420	0.0	0.0
0.207565	1.731481172	92.858446	0.0	0.0
0.209778	1.749949791	92.819853	0.0	0.0
0.212015	1.768610879	92.781555	0.0	0.0
0.214276	1.787481172	92.743677	0.0	0.0
0.216561	1.806543933	92.705936	0.0	0.0
0.218870	1.825815900	92.668646	0.0	0.0
0.221204	1.845297071	92.631540	0.0	0.0
0.223563	1.864979079	92.594827	0.0	0.0
0.225947	1.884870293	92.558338	0.0	0.0
0.228357	1.904979079	92.522198	0.0	0.0
0.230792	1.925305439	92.486314	0.0	0.0
0.233253	1.945841004	92.450619	0.0	0.0
0.235740	1.966602510	92.415328	0.0	0.0
0.238254	1.987573222	92.380274	0.0	0.0
0.240795	2.008778243	92.345473	0.0	0.0
0.243362	2.030209205	92.310941	0.0	0.0
0.245958	2.051866109	92.276719	0.0	0.0
0.248580	2.073757322	92.242713	0.0	0.0
0.251231	2.095882845	92.208957	0.0	0.0
0.253910	2.118242678	92.175466	0.0	0.0
0.256618	2.140836820	92.142172	0.0	0.0
0.259354	2.163682008	92.109100	0.0	0.0
0.262120	2.186761506	92.076374	0.0	0.0
0.264915	2.210092050	92.043817	0.0	0.0
0.267740	2.233673640	92.011547	0.0	0.0
0.270595	2.257506276	91.979402	0.0	0.0
0.273481	2.281589958	91.947508	0.0	0.0
0.276397	2.305933054	91.915880	0.0	0.0
0.279344	2.330535565	91.884450	0.0	0.0
0.282323	2.355397490	91.853250	0.0	0.0
0.285334	2.380527197	91.822297	0.0	0.0
0.288377	2.405933054	91.791423	0.0	0.0
0.291452	2.431598326	91.760851	0.0	0.0
0.294560	2.457548117	91.730423	0.0	0.0
0.297701	2.483765690	91.700253	0.0	0.0
0.300875	2.510267782	91.670274	0.0	0.0
0.304084	2.537054393	91.640411	0.0	0.0
0.307327	2.564125523	91.610803	0.0	0.0
0.310604	2.591489540	91.581367	0.0	0.0
0.313916	2.619138075	91.552042	0.0	0.0
0.317263	2.647087866	91.522953	0.0	0.0
0.320647	2.675338912	91.494031	0.0	0.0
0.324066	2.703882845	91.465210	0.0	0.0
0.327522	2.732736402	91.436613	0.0	0.0
0.331014	2.761899582	91.408180	0.0	0.0
0.334544	2.791380753	91.379943	0.0	0.0
0.338112	2.821163180	91.351819	0.0	0.0
0.341717	2.851271967	91.323863	0.0	0.0
0.345361	2.881698745	91.295985	0.0	0.0
0.349044	2.912460251	91.268339	0.0	0.0
0.352766	2.943539749	91.240842	0.0	0.0
0.356528	2.974953975	91.213426	0.0	0.0
0.360330	3.006711297	91.186140	0.0	0.0
0.364172	3.038794979	91.159015	0.0	0.0
0.368056	3.071230126	91.132076	0.0	0.0
0.371980	3.104016736	91.105162	0.0	0.0
0.375947	3.137146444	91.078514	0.0	0.0
0.379956	3.170635983	91.051865	0.0	0.0
0.384008	3.204476987	91.025353	0.0	0.0
0.388103	3.238677824	90.999004	0.0	0.0
0.392241	3.273255230	90.972665	0.0	0.0
0.396424	3.308192469	90.946577	0.0	0.0
0.400651	3.343514644	90.920464	0.0	0.0
0.404924	3.379205021	90.894574	0.0	0.0
0.409242	3.415280335	90.868747	0.0	0.0
0.413606	3.451740586	90.842915	0.0	0.0
0.418016	3.488594142	90.817327	0.0	0.0
0.422474	3.525841004	90.791714	0.0	0.0
0.426979	3.563481172	90.766217	0.0	0.0
0.431532	3.601531381	90.740884	0.0	0.0
0.436134	3.639983264	90.715555	0.0	0.0
0.440785	3.678853556	90.690362	0.0	0.0
0.445485	3.718133891	90.665246	0.0	0.0
0.450236	3.757832636	90.640170	0.0	0.0
0.455037	3.797958159	90.615151	0.0	0.0
0.459889	3.838518828	90.590254	0.0	0.0
0.464793	3.879514644	90.565309	0.0	0.0
0.469750	3.920937238	90.540574	0.0	0.0
0.474759	3.962811715	90.515772	0.0	0.0
0.479822	4.005138075	90.491168	0.0	0.0
0.484939	4.047916318	90.466502	0.0	0.0
0.490110	4.091146444	90.441914	0.0	0.0
0.495336	4.134845188	90.417460	0.0	0.0
0.500618	4.179012552	90.392981	0.0	0.0
0.505957	4.223656904	90.368533	0.0	0.0
0.511352	4.268769874	90.344147	0.0	0.0
0.516805	4.314376569	90.319789	0.0	0.0
0.522316	4.360460251	90.295505	0.0	0.0
0.527886	4.407046025	90.271238	0.0	0.0
0.533515	4.454133891	90.246942	0.0	0.0
0.539204	4.501723849	90.222774	0.0	0.0
0.544954	4.549824268	90.198574	0.0	0.0
0.550765	4.598435146	90.174398	0.0	0.0
0.556639	4.647573222	90.150203	0.0	0.0
0.562574	4.697238494	90.126037	0.0	0.0
0.568574	4.747439331	90.101963	0.0	0.0
0.574637	4.798167364	90.077823	0.0	0.0
0.580764	4.849447699	90.053773	0.0	0.0
0.586958	4.901280335	90.029676	0.0	0.0
0.593217	4.953665272	90.005581	0.0	0.0
0.599543	5.006619247	89.981452	0.0	0.0
0.605936	5.060133891	89.957346	0.0	0.0
0.612397	5.114234310	89.933310	0.0	0.0
0.618928	5.168903766	89.909209	0.0	0.0
0.625528	5.224167364	89.885107	0.0	0.0
0.632198	5.280025105	89.860953	0.0	0.0
0.638940	5.336476987	89.836818	0.0	0.0
0.645753	5.393539749	89.812651	0.0	0.0
0.652640	5.451221757	89.788432	0.0	0.0
0.659599	5.509514644	89.764201	0.0	0.0
0.666633	5.568435146	89.740039	0.0	0.0
0.673742	5.628000000	89.715694	0.0	0.0
0.680926	5.688192469	89.691447	0.0	0.0
0.688187	5.749037657	89.667152	0.0	0.0
0.695526	5.810535565	89.642775	0.0	0.0
0.702943	5.872702929	89.618389	0.0	0.0
0.710439	5.935531381	89.593856	0.0	0.0
0.718015	5.999046025	89.569442	0.0	0.0
0.725671	6.063238494	89.544819	0.0	0.0
0.733410	6.128117155	89.520251	0.0	0.0
0.741231	6.193698745	89.495618	0.0	0.0
0.749135	6.259991632	89.470877	0.0	0.0
0.757123	6.326995816	89.446116	0.0	0.0
0.765197	6.394728033	89.421291	0.0	0.0
0.773357	6.463179916	89.396391	0.0	0.0
0.781604	6.532376569	89.371471	0.0	0.0
0.789939	6.602317992	89.346421	0.0	0.0
0.798362	6.673020921	89.321313	0.0	0.0
0.806876	6.744476987	89.296210	0.0	0.0
0.815480	6.816711297	89.270909	0.0	0.0
0.824176	6.889723849	89.245583	0.0	0.0
0.832965	6.963523013	89.220095	0.0	0.0
0.841847	7.038117155	89.194643	0.0	0.0
0.850825	7.113523013	89.168998	0.0	0.0
0.859898	7.189740586	89.143348	0.0	0.0
0.869067	7.266786611	89.117559	0.0	0.0
0.878335	7.344661088	89.091635	0.0	0.0
0.887701	7.423380753	89.065647	0.0	0.0
0.897167	7.502953975	89.039584	0.0	0.0
0.906734	7.583389121	89.013327	0.0	0.0
0.916403	7.664686192	88.987063	0.0	0.0
0.926176	7.746878661	88.960590	0.0	0.0
0.936052	7.829949791	88.934079	0.0	0.0
0.946034	7.913924686	88.907436	0.0	0.0
0.956122	7.998811715	88.880640	0.0	0.0
0.966318	8.084619247	88.853687	0.0	0.0
0.976622	8.171355649	88.826674	0.0	0.0
0.987037	8.259037657	88.799482	0.0	0.0
0.997562	8.347665272	88.772107	0.0	0.0
1.008200	8.437238494	88.744661	0.0	0.0
1.018951	8.527866109	88.717109	0.0	0.0
1.029817	8.619414226	88.689394	0.0	0.0
1.040799	8.711882845	88.661499	0.0	0.0
1.051897	8.805439331	88.633422	0.0	0.0
1.063114	8.900083682	88.605204	0.0	0.0
1.074451	8.995648536	88.576926	0.0	0.0
1.085909	9.092301255	88.548468	0.0	0.0
1.097489	9.189958159	88.519811	0.0	0.0
1.109192	9.288702929	88.490934	0.0	0.0
1.121020	9.388535565	88.461899	0.0	0.0
1.132974	9.489539749	88.432786	0.0	0.0
1.145056	9.591548117	88.403455	0.0	0.0
1.157266	9.694644351	88.373807	0.0	0.0
1.169607	9.798912134	88.344182	0.0	0.0
1.182079	9.904351464	88.314281	0.0	0.0
1.194685	10.010878661	88.284244	0.0	0.0
1.207425	10.118577406	88.253972	0.0	0.0
1.220300	10.227531381	88.223444	0.0	0.0
1.233313	10.337573222	88.192703	0.0	0.0
1.246465	10.448870293	88.161927	0.0	0.0
1.259757	10.561422594	88.130798	0.0	0.0
1.273190	10.675146444	88.099495	0.0	0.0
1.286767	10.790125523	88.067961	0.0	0.0
1.300489	10.906443515	88.036274	0.0	0.0
1.314357	11.023933054	88.004316	0.0	0.0
1.328373	11.142761506	87.972147	0.0	0.0
1.342538	11.262928870	87.939748	0.0	0.0
1.356855	11.384351464	87.907159	0.0	0.0
1.371324	11.507112971	87.874280	0.0	0.0
1.385947	11.631297071	87.841173	0.0	0.0
1.400726	11.756736402	87.807797	0.0	0.0
1.415663	11.883682008	87.774214	0.0	0.0
1.430760	12.011966527	87.740383	0.0	0.0
1.446017	12.141673640	87.706306	0.0	0.0
1.461437	12.272803347	87.671923	0.0	0.0
1.477021	12.405355649	87.637315	0.0	0.0
1.492771	12.539414226	87.602441	0.0	0.0
1.508690	12.674895397	87.567344	0.0	0.0
1.524778	12.811966527	87.531822	0.0	0.0
1.541038	12.950460251	87.496218	0.0	0.0
1.557471	13.090543933	87.460211	0.0	0.0
1.574079	13.232133891	87.423862	0.0	0.0
1.590865	13.375313808	87.387413	0.0	0.0
1.607830	13.520167364	87.350542	0.0	0.0
1.624975	13.666527197	87.313432	0.0	0.0
1.642303	13.814560669	87.275922	0.0	0.0
1.659816	13.964184100	87.238173	0.0	0.0
1.677516	14.115481172	87.200147	0.0	0.0
1.695404	14.268535565	87.161723	0.0	0.0
1.713484	14.423263598	87.123123	0.0	0.0
1.731756	14.579665272	87.084046	0.0	0.0
1.750223	14.737824268	87.044734	0.0	0.0
1.768887	14.897740586	87.005047	0.0	0.0
1.787749	15.059497908	86.964967	0.0	0.0
1.806814	15.223012552	86.924693	0.0	0.0
1.826081	15.388368201	86.883947	0.0	0.0
1.845554	15.555564854	86.842949	0.0	0.0
1.865234	15.724686192	86.801579	0.0	0.0
1.885124	15.895648536	86.759780	0.0	0.0
1.905227	16.068535565	86.717691	0.0	0.0
1.925543	16.243347280	86.675112	0.0	0.0
1.946077	16.420167364	86.632346	0.0	0.0
1.966829	16.598912134	86.589093	0.0	0.0
1.987803	16.779665272	86.545473	0.0	0.0
2.009000	16.962426778	86.501467	0.0	0.0
2.030424	17.147364017	86.457096	0.0	0.0
2.052075	17.334309623	86.412161	0.0	0.0
2.073958	17.523347280	86.367062	0.0	0.0
2.096074	17.714476987	86.321381	0.0	0.0
2.118426	17.907782427	86.275458	0.0	0.0
2.141016	18.103347280	86.228955	0.0	0.0
2.163848	18.301004184	86.182191	0.0	0.0
2.186922	18.501004184	86.134868	0.0	0.0
2.210243	18.703179916	86.087087	0.0	0.0
2.233812	18.907698745	86.038928	0.0	0.0
2.257633	19.114476987	85.990413	0.0	0.0
2.281708	19.323598326	85.941302	0.0	0.0
2.306039	19.535062762	85.891856	0.0	0.0
2.330630	19.749037657	85.841896	0.0	0.0
2.355483	19.965271967	85.791383	0.0	0.0
2.380601	20.184100418	85.740459	0.0	0.0
2.405987	20.405355649	85.689163	0.0	0.0
2.431644	20.629121339	85.637337	0.0	0.0
2.457574	20.855397490	85.584941	0.0	0.0
2.483781	21.084267782	85.532098	0.0	0.0
2.510267	21.315732218	85.478767	0.0	0.0
2.537036	21.549790795	85.424870	0.0	0.0
2.564090	21.786527197	85.370568	0.0	0.0
2.591433	22.025941423	85.315681	0.0	0.0
2.619067	22.268117155	85.260271	0.0	0.0
2.646996	22.512970711	85.204359	0.0	0.0
2.675223	22.760669456	85.147886	0.0	0.0
2.703751	23.011213389	85.090893	0.0	0.0
2.732583	23.264518828	85.033320	0.0	0.0
2.761722	23.520753138	84.975210	0.0	0.0
2.791172	23.779832636	84.916483	0.0	0.0
2.820937	24.041924686	84.857360	0.0	0.0
2.851018	24.306945607	84.797522	0.0	0.0
2.881421	24.574979079	84.737151	0.0	0.0
2.912147	24.846108787	84.676127	0.0	0.0
2.943201	25.120251046	84.614552	0.0	0.0
2.974587	25.397573222	84.552347	0.0	0.0
3.006307	25.677991632	84.489573	0.0	0.0
3.038365	25.961589958	84.426151	0.0	0.0
3.070766	26.248368201	84.362183	0.0	0.0
3.103511	26.538410042	84.297449	0.0	0.0
3.136606	26.831715481	84.232231	0.0	0.0
3.170054	27.128368201	84.166271	0.0	0.0
3.203858	27.428368201	84.099708	0.0	0.0
3.238023	27.731715481	84.032446	0.0	0.0
3.272553	28.038493724	83.964604	0.0	0.0
3.307450	28.348702929	83.895944	0.0	0.0
3.342720	28.662426778	83.826748	0.0	0.0
3.378366	28.979581590	83.756857	0.0	0.0
3.414392	29.300418410	83.686192	0.0	0.0
3.450802	29.624769874	83.614874	0.0	0.0
3.487600	29.952719665	83.542825	0.0	0.0
3.524791	30.284351464	83.470047	0.0	0.0
3.562378	30.619665272	83.396480	0.0	0.0
3.600366	30.958661088	83.322225	0.0	0.0
3.638759	31.301422594	83.247306	0.0	0.0
3.677562	31.648033473	83.171622	0.0	0.0
3.716778	31.998326360	83.095116	0.0	0.0
3.756413	32.352552301	83.017868	0.0	0.0
3.796470	32.710627615	82.939821	0.0	0.0
3.836955	33.072719665	82.861055	0.0	0.0
3.877871	33.438577406	82.781413	0.0	0.0
3.919223	33.808535565	82.700995	0.0	0.0
3.961017	34.182426778	82.619884	0.0	0.0
4.003256	34.560334728	82.537820	0.0	0.0
4.045945	34.942343096	82.454906	0.0	0.0
4.089090	35.328368201	82.371224	0.0	0.0
4.132695	35.718493724	82.286694	0.0	0.0
4.176765	36.112803347	82.201318	0.0	0.0
4.221304	36.511213389	82.115018	0.0	0.0
4.266319	36.913807531	82.027955	0.0	0.0
4.311814	37.320669456	81.939952	0.0	0.0
4.357794	37.731715481	81.851010	0.0	0.0
4.404264	38.146945607	81.761231	0.0	0.0
4.451230	38.566443515	81.670496	0.0	0.0
4.498696	38.990292887	81.578827	0.0	0.0
4.546669	39.418410042	81.486287	0.0	0.0
4.595153	39.850711297	81.392796	0.0	0.0
4.644155	40.287447699	81.298316	0.0	0.0
4.693678	40.728535565	81.202890	0.0	0.0
4.743730	41.173891213	81.106459	0.0	0.0
4.794316	41.623598326	81.009126	0.0	0.0
4.845441	42.077656904	80.910791	0.0	0.0
4.897112	42.536150628	80.811418	0.0	0.0
4.949333	42.998912134	80.711027	0.0	0.0
5.002111	43.466108787	80.609681	0.0	0.0
5.055452	43.937656904	80.507261	0.0	0.0
5.109362	44.413556485	80.403751	0.0	0.0
5.163847	44.893807531	80.299231	0.0	0.0
5.218912	45.378410042	80.193604	0.0	0.0
5.274565	45.867364017	80.086912	0.0	0.0
5.330812	46.360669456	79.979237	0.0	0.0
5.387658	46.858242678	79.870380	0.0	0.0
5.445110	47.360167364	79.760405	0.0	0.0
5.503175	47.866443515	79.649274	0.0	0.0
5.561859	48.376903766	79.537067	0.0	0.0
5.621169	48.891631799	79.423649	0.0	0.0
5.681112	49.410627615	79.309180	0.0	0.0
5.741693	49.933891213	79.193463	0.0	0.0
5.802921	50.461255230	79.076621	0.0	0.0
5.864802	50.992887029	78.958536	0.0	0.0
5.927342	51.528535565	78.839289	0.0	0.0
5.990549	52.068368201	78.718724	0.0	0.0
6.054431	52.612301255	78.597082	0.0	0.0
6.118994	53.160251046	78.474147	0.0	0.0
6.184245	53.712217573	78.349880	0.0	0.0
6.250192	54.268117155	78.224424	0.0	0.0
6.316842	54.828033473	78.097641	0.0	0.0
6.384203	55.391882845	77.969574	0.0	0.0
6.452282	55.959581590	77.840185	0.0	0.0
6.521087	56.531213389	77.709518	0.0	0.0
6.590626	57.106610879	77.577513	0.0	0.0
6.660906	57.685774059	77.444035	0.0	0.0
6.731936	58.268786611	77.309406	0.0	0.0
6.803724	58.855481172	77.173368	0.0	0.0
6.876276	59.445857741	77.035803	0.0	0.0
6.949603	60.040000000	76.896896	0.0	0.0
7.023711	60.637824268	76.756628	0.0	0.0
7.098610	61.239330544	76.614903	0.0	0.0
7.174308	61.844435146	76.471762	0.0	0.0
7.250812	62.453221757	76.327069	0.0	0.0
7.328133	63.065690377	76.181008	0.0	0.0
7.406278	63.681841004	76.033439	0.0	0.0
7.485256	64.301673640	75.884387	0.0	0.0
7.565077	64.925188285	75.733855	0.0	0.0
7.645748	65.552468619	75.581605	0.0	0.0
7.727280	66.183514644	75.428021	0.0	0.0
7.809682	66.818493724	75.272825	0.0	0.0
7.892962	67.457405858	75.115961	0.0	0.0
7.977130	68.100251046	74.957631	0.0	0.0
8.062196	68.747280335	74.797639	0.0	0.0
8.148168	69.398410042	74.635928	0.0	0.0
8.235058	70.053974895	74.472762	0.0	0.0
8.322874	70.714058577	74.307883	0.0	0.0
8.411627	71.378744770	74.141274	0.0	0.0
8.501326	72.048200837	73.973060	0.0	0.0
8.591981	72.722761506	73.803143	0.0	0.0
8.683604	73.402594142	73.631487	0.0	0.0
8.776203	74.087866109	73.458135	0.0	0.0
8.869790	74.778912134	73.282951	0.0	0.0
8.964375	75.475983264	73.105738	0.0	0.0
9.059968	76.179497908	72.927900	0.0	0.0
9.156581	76.889707113	72.747000	0.0	0.0
9.254224	77.606945607	72.564842	0.0	0.0
9.352908	78.331715481	72.380309	0.0	0.0
9.452645	79.064351464	72.194366	0.0	0.0
9.553445	79.805355649	72.006815	0.0	0.0
9.655320	80.555146444	71.817621	0.0	0.0
9.758281	81.314225941	71.625668	0.0	0.0
9.862340	82.083179916	71.431919	0.0	0.0
9.967510	82.862510460	71.236419	0.0	0.0
10.073800	83.652803347	71.038890	0.0	0.0
10.181220	84.454393305	70.839136	0.0	0.0
10.289790	85.268619247	70.638764	0.0	0.0
10.399520	86.095397490	70.435577	0.0	0.0
10.510420	86.935564854	70.230378	0.0	0.0
10.622500	87.790794979	70.022970	0.0	0.0
10.735770	88.660251046	69.813158	0.0	0.0
10.850260	89.544769874	69.601350	0.0	0.0
10.965960	90.446025105	69.387744	0.0	0.0
11.082900	91.364016736	69.172750	0.0	0.0
11.201080	92.300418410	68.954366	0.0	0.0
11.320530	93.254393305	68.735005	0.0	0.0
11.441250	94.227615063	68.512664	0.0	0.0
11.563250	95.220083682	68.288149	0.0	0.0
11.686560	96.233472803	68.060868	0.0	0.0
11.811180	97.267782427	67.832822	0.0	0.0
11.937130	98.323012552	67.601617	0.0	0.0
12.064430	99.400836820	67.368860	0.0	0.0
12.193080	100.500418410	67.132552	0.0	0.0
12.323100	101.622594142	66.894298	0.0	0.0
12.454510	102.768200837	66.654705	0.0	0.0
12.587320	103.937238494	66.411576	0.0	0.0
12.721550	105.128870293	66.167519	0.0	0.0
12.857210	106.343933054	65.920337	0.0	0.0
12.994310	107.582426778	65.669832	0.0	0.0
13.132880	108.843514644	65.418415	0.0	0.0
13.272930	110.127196653	65.163889	0.0	0.0
13.414460	111.433472803	64.906254	0.0	0.0
13.557510	112.759832636	64.646724	0.0	0.0
13.702090	114.107949791	64.386102	0.0	0.0
13.848200	115.474476987	64.120387	0.0	0.0
13.995870	116.859414226	63.852990	0.0	0.0
14.145120	118.261087866	63.584517	0.0	0.0
14.295960	119.678661088	63.311771	0.0	0.0
14.448410	121.109623431	63.037360	0.0	0.0
14.602480	122.552301255	62.760087	0.0	0.0
14.758200	124.004184100	62.479361	0.0	0.0
14.915570	125.463598326	62.196183	0.0	0.0
15.074630	126.928870293	61.911765	0.0	0.0
15.235380	128.396652720	61.623108	0.0	0.0
15.397850	129.864435146	61.332623	0.0	0.0
15.562040	131.329707113	61.038307	0.0	0.0
15.727990	132.789121339	60.742376	0.0	0.0
15.895710	134.241004184	60.442632	0.0	0.0
16.065220	135.682845188	60.140683	0.0	0.0
16.236530	137.110460251	59.835330	0.0	0.0
16.409680	138.522175732	59.528788	0.0	0.0
16.584660	139.916317992	59.217254	0.0	0.0
16.761520	141.288702929	58.903743	0.0	0.0
16.940260	142.639330544	58.587256	0.0	0.0
17.120900	143.965690377	58.267399	0.0	0.0
17.303470	145.266945607	57.944583	0.0	0.0
17.487990	146.541422594	57.619415	0.0	0.0
17.674480	147.789121339	57.291499	0.0	0.0
17.862960	149.010878661	56.959445	0.0	0.0
18.053440	150.206694561	56.624054	0.0	0.0
18.245960	151.379079498	56.286539	0.0	0.0
18.440530	152.529707113	55.945705	0.0	0.0
18.637170	153.661087866	55.601158	0.0	0.0
18.835910	154.778242678	55.253308	0.0	0.0
19.036770	155.885355649	54.902762	0.0	0.0
19.239780	156.988284519	54.549929	0.0	0.0
19.444940	158.092887029	54.191809	0.0	0.0
19.652300	159.205857741	53.831419	0.0	0.0
19.861860	160.337238494	53.812000	0.0	0.0
20.073660	161.493723849	53.806936	0.0	0.0
20.287720	162.685355649	53.443690	0.0	0.0
20.504070	163.921338912	53.077058	0.0	0.0
20.722720	165.211715481	52.707029	0.0	0.0
20.943700	166.568200837	52.333562	0.0	0.0
21.167030	167.998326360	51.956630	0.0	0.0
21.392750	169.513807531	51.576172	0.0	0.0
21.620880	171.123849372	51.192163	0.0	0.0
21.851440	172.834309623	50.804573	0.0	0.0
22.084450	174.655230126	50.413375	0.0	0.0
22.319960	176.589121339	50.018489	0.0	0.0
22.557970	178.641004184	49.619918	0.0	0.0
22.798520	180.811715481	49.217600	0.0	0.0
23.041640	183.098744770	48.811484	0.0	0.0
23.287350	185.497907950	48.401540	0.0	0.0
23.535680	188.000000000	47.987716	0.0	0.0
23.786650	190.593305439	47.569979	0.0	0.0
24.040310	193.261087866	47.148241	0.0	0.0
24.296660	195.982426778	46.722500	0.0	0.0
24.555760	198.730543933	46.292651	0.0	0.0
24.817610	201.476987448	45.858685	0.0	0.0
25.082260	204.184937238	45.420513	0.0	0.0
25.349730	206.815899582	44.978090	0.0	0.0
25.620050	209.324686192	44.531355	0.0	0.0
25.893260	211.663598326	44.080226	0.0	0.0
26.169370	213.779916318	43.624672	0.0	0.0
26.448440	215.619246862	43.164575	0.0	0.0
26.730470	217.123849372	42.699912	0.0	0.0
27.015520	218.235146444	42.230562	0.0	0.0
27.303600	218.893723849	41.756482	0.0	0.0
27.594760	219.042677824	41.277558	0.0	0.0
27.889020	218.625104603	40.793727	0.0	0.0
28.186420	217.589958159	40.304885	0.0	0.0
28.487000	215.889539749	39.810927	0.0	0.0
28.790770	213.483682008	39.311793	0.0	0.0
29.097790	210.339748954	38.807336	0.0	0.0
29.408080	206.435146444	38.297473	0.0	0.0
29.721680	201.756485356	37.782080	0.0	0.0
30.038620	196.304602510	37.261046	0.0	0.0
30.358940	190.091213389	36.734240	0.0	0.0
30.682680	183.143096234	36.201523	0.0	0.0
31.009870	175.498744770	35.662768	0.0	0.0
31.340550	167.212552301	35.117825	0.0	0.0
31.674760	158.349790795	34.566537	0.0	0.0
32.012530	148.990794979	34.008757	0.0	0.0
32.353900	139.226778243	33.444313	0.0	0.0
32.698910	129.157322176	32.873027	0.0	0.0
33.047610	118.890376569	32.294695	0.0	0.0
33.400010	108.540585774	31.709169	0.0	0.0
33.756180	98.221757322	31.116194	0.0	0.0
34.116150	88.052719665	30.515570	0.0	0.0
34.479950	78.143347280	29.907088	0.0	0.0
34.847640	68.601673640	29.290475	0.0	0.0
35.219240	59.524602510	28.665515	0.0	0.0
35.594810	50.997907950	28.031912	0.0	0.0
35.974380	43.092887029	27.389406	0.0	0.0
36.358000	35.865020921	26.737688	0.0	0.0
36.745710	29.352552301	26.076454	0.0	0.0
37.137560	23.575648536	25.405364	0.0	0.0
37.533580	18.536234310	24.724095	0.0	0.0
37.933830	14.219246862	24.032256	0.0	0.0
38.338340	10.593389121	23.329487	0.0	0.0
38.747170	7.613271967	22.615357	0.0	0.0
39.160360	5.222192469	21.889447	0.0	0.0
39.577950	3.354803347	21.151315	0.0	0.0
40.000000	1.940393305	20.400460	0.0	0.0
