# UNCLASSIFIED
#
# Response info for YBH high broad-band site.
# 
# Effective: 20 OCT 2011
# Created:  29 NOV 2011
# File name: YBH.HH.1319068800
# Inid: 5586 5587 5588 
# Source:  James Neely (TTD) and TSgt Swindle, Gregory 
# System equipment: Streckeisen STS-2 Seismometer and Quanterra Q330 digitizer.
# 
# The response file was derived from equations of state.
# Displacement response relative to 1.0 at 1.0 Hz.
# 
# The calib values for this configuration are as follows:
# 
# YBH HHZ is 0.018973 nm/count at 1.0 sec.
# YBH HHN is 0.018973 nm/count at 1.0 sec.
# YBH HHE is 0.018973 nm/count at 1.0 sec.
# 
# Freq(Hz)    Ampl(counts/nm)   Phase(deg)  Error(amp) Error(phase)
#
   theoretical   0   instrument   fap
1000
0.001000	0.000014384	260.228438	0.0	0.0
0.001011	0.000014859	260.121021	0.0	0.0
0.001022	0.000015350	260.012386	0.0	0.0
0.001033	0.000015857	259.902554	0.0	0.0
0.001044	0.000016380	259.791471	0.0	0.0
0.001056	0.000016921	259.679158	0.0	0.0
0.001067	0.000017480	259.565573	0.0	0.0
0.001079	0.000018057	259.450723	0.0	0.0
0.001091	0.000018653	259.334579	0.0	0.0
0.001102	0.000019269	259.217127	0.0	0.0
0.001114	0.000019905	259.098347	0.0	0.0
0.001127	0.000020562	258.978236	0.0	0.0
0.001139	0.000021241	258.856774	0.0	0.0
0.001151	0.000021943	258.733938	0.0	0.0
0.001164	0.000022667	258.609716	0.0	0.0
0.001176	0.000023416	258.484097	0.0	0.0
0.001189	0.000024189	258.357048	0.0	0.0
0.001202	0.000024987	258.228578	0.0	0.0
0.001215	0.000025812	258.098644	0.0	0.0
0.001228	0.000026664	257.967233	0.0	0.0
0.001242	0.000027545	257.834344	0.0	0.0
0.001255	0.000028454	257.699935	0.0	0.0
0.001269	0.000029394	257.564012	0.0	0.0
0.001283	0.000030364	257.426544	0.0	0.0
0.001297	0.000031366	257.287507	0.0	0.0
0.001311	0.000032402	257.146889	0.0	0.0
0.001325	0.000033471	257.004666	0.0	0.0
0.001340	0.000034576	256.860827	0.0	0.0
0.001354	0.000035718	256.715338	0.0	0.0
0.001369	0.000036897	256.568195	0.0	0.0
0.001384	0.000038115	256.419366	0.0	0.0
0.001399	0.000039373	256.268838	0.0	0.0
0.001414	0.000040672	256.116586	0.0	0.0
0.001430	0.000042015	255.962587	0.0	0.0
0.001445	0.000043401	255.806818	0.0	0.0
0.001461	0.000044834	255.649264	0.0	0.0
0.001477	0.000046314	255.489892	0.0	0.0
0.001493	0.000047842	255.328687	0.0	0.0
0.001509	0.000049421	255.165626	0.0	0.0
0.001526	0.000051052	255.000684	0.0	0.0
0.001542	0.000052737	254.833836	0.0	0.0
0.001559	0.000054477	254.665057	0.0	0.0
0.001576	0.000056274	254.494324	0.0	0.0
0.001593	0.000058131	254.321611	0.0	0.0
0.001611	0.000060049	254.146902	0.0	0.0
0.001628	0.000062031	253.970153	0.0	0.0
0.001646	0.000064077	253.791358	0.0	0.0
0.001664	0.000066191	253.610471	0.0	0.0
0.001682	0.000068375	253.427477	0.0	0.0
0.001700	0.000070630	253.242349	0.0	0.0
0.001719	0.000072960	253.055062	0.0	0.0
0.001737	0.000075366	252.865579	0.0	0.0
0.001756	0.000077852	252.673873	0.0	0.0
0.001775	0.000080420	252.479918	0.0	0.0
0.001795	0.000083072	252.283686	0.0	0.0
0.001814	0.000085811	252.085141	0.0	0.0
0.001834	0.000088641	251.884264	0.0	0.0
0.001854	0.000091563	251.681009	0.0	0.0
0.001874	0.000094582	251.475357	0.0	0.0
0.001895	0.000097700	251.267270	0.0	0.0
0.001915	0.000100921	251.056720	0.0	0.0
0.001936	0.000104248	250.843668	0.0	0.0
0.001957	0.000107683	250.628095	0.0	0.0
0.001978	0.000111232	250.409942	0.0	0.0
0.002000	0.000114898	250.189190	0.0	0.0
0.002022	0.000118684	249.965809	0.0	0.0
0.002044	0.000122594	249.739758	0.0	0.0
0.002066	0.000126632	249.510999	0.0	0.0
0.002089	0.000130804	249.279489	0.0	0.0
0.002111	0.000135112	249.045208	0.0	0.0
0.002134	0.000139561	248.808105	0.0	0.0
0.002158	0.000144157	248.568139	0.0	0.0
0.002181	0.000148903	248.325288	0.0	0.0
0.002205	0.000153804	248.079488	0.0	0.0
0.002229	0.000158867	247.830719	0.0	0.0
0.002253	0.000164095	247.578937	0.0	0.0
0.002278	0.000169494	247.324089	0.0	0.0
0.002302	0.000175070	247.066141	0.0	0.0
0.002327	0.000180829	246.805050	0.0	0.0
0.002353	0.000186776	246.540772	0.0	0.0
0.002378	0.000192917	246.273261	0.0	0.0
0.002404	0.000199259	246.002473	0.0	0.0
0.002431	0.000205809	245.728362	0.0	0.0
0.002457	0.000212572	245.450873	0.0	0.0
0.002484	0.000219556	245.169979	0.0	0.0
0.002511	0.000226767	244.885614	0.0	0.0
0.002538	0.000234214	244.597742	0.0	0.0
0.002566	0.000241903	244.306304	0.0	0.0
0.002594	0.000249843	244.011253	0.0	0.0
0.002622	0.000258041	243.712541	0.0	0.0
0.002651	0.000266506	243.410109	0.0	0.0
0.002679	0.000275245	243.103908	0.0	0.0
0.002709	0.000284269	242.793890	0.0	0.0
0.002738	0.000293586	242.479993	0.0	0.0
0.002768	0.000303204	242.162169	0.0	0.0
0.002798	0.000313134	241.840366	0.0	0.0
0.002828	0.000323386	241.514514	0.0	0.0
0.002859	0.000333969	241.184560	0.0	0.0
0.002890	0.000344894	240.850453	0.0	0.0
0.002922	0.000356172	240.512132	0.0	0.0
0.002954	0.000367813	240.169533	0.0	0.0
0.002986	0.000379830	239.822604	0.0	0.0
0.003018	0.000392233	239.471271	0.0	0.0
0.003051	0.000405035	239.115491	0.0	0.0
0.003084	0.000418248	238.755179	0.0	0.0
0.003118	0.000431885	238.390291	0.0	0.0
0.003152	0.000445959	238.020753	0.0	0.0
0.003186	0.000460482	237.646499	0.0	0.0
0.003221	0.000475470	237.267465	0.0	0.0
0.003256	0.000490935	236.883596	0.0	0.0
0.003292	0.000506893	236.494803	0.0	0.0
0.003327	0.000523358	236.101045	0.0	0.0
0.003364	0.000540346	235.702232	0.0	0.0
0.003400	0.000557872	235.298311	0.0	0.0
0.003437	0.000575952	234.889192	0.0	0.0
0.003475	0.000594603	234.474833	0.0	0.0
0.003513	0.000613841	234.055145	0.0	0.0
0.003551	0.000633685	233.630051	0.0	0.0
0.003589	0.000654151	233.199509	0.0	0.0
0.003629	0.000675257	232.763419	0.0	0.0
0.003668	0.000697022	232.321727	0.0	0.0
0.003708	0.000719466	231.874348	0.0	0.0
0.003748	0.000742607	231.421215	0.0	0.0
0.003789	0.000766465	230.962266	0.0	0.0
0.003831	0.000791060	230.497415	0.0	0.0
0.003872	0.000816413	230.026600	0.0	0.0
0.003914	0.000842545	229.549748	0.0	0.0
0.003957	0.000869478	229.066774	0.0	0.0
0.004000	0.000897232	228.577632	0.0	0.0
0.004044	0.000925831	228.082228	0.0	0.0
0.004088	0.000955297	227.580504	0.0	0.0
0.004132	0.000985653	227.072383	0.0	0.0
0.004177	0.001016920	226.557797	0.0	0.0
0.004223	0.001049130	226.036695	0.0	0.0
0.004269	0.001082300	225.508989	0.0	0.0
0.004315	0.001116450	224.974633	0.0	0.0
0.004362	0.001151610	224.433543	0.0	0.0
0.004410	0.001187810	223.885663	0.0	0.0
0.004458	0.001225070	223.330952	0.0	0.0
0.004506	0.001263410	222.769324	0.0	0.0
0.004555	0.001302860	222.200741	0.0	0.0
0.004605	0.001343460	221.625135	0.0	0.0
0.004655	0.001385210	221.042476	0.0	0.0
0.004706	0.001428160	220.452691	0.0	0.0
0.004757	0.001472320	219.855745	0.0	0.0
0.004809	0.001517720	219.251607	0.0	0.0
0.004861	0.001564390	218.640216	0.0	0.0
0.004914	0.001612360	218.021549	0.0	0.0
0.004968	0.001661640	217.395567	0.0	0.0
0.005022	0.001712270	216.762256	0.0	0.0
0.005076	0.001764280	216.121587	0.0	0.0
0.005132	0.001817680	215.473534	0.0	0.0
0.005188	0.001872510	214.818102	0.0	0.0
0.005244	0.001928780	214.155255	0.0	0.0
0.005301	0.001986530	213.485021	0.0	0.0
0.005359	0.002045770	212.807390	0.0	0.0
0.005417	0.002106540	212.122368	0.0	0.0
0.005476	0.002168840	211.429983	0.0	0.0
0.005536	0.002232720	210.730244	0.0	0.0
0.005596	0.002298180	210.023193	0.0	0.0
0.005657	0.002365240	209.308869	0.0	0.0
0.005719	0.002433930	208.587308	0.0	0.0
0.005781	0.002504270	207.858564	0.0	0.0
0.005844	0.002576280	207.122703	0.0	0.0
0.005907	0.002649960	206.379799	0.0	0.0
0.005972	0.002725340	205.629922	0.0	0.0
0.006037	0.002802430	204.873156	0.0	0.0
0.006103	0.002881240	204.109603	0.0	0.0
0.006169	0.002961790	203.339364	0.0	0.0
0.006236	0.003044080	202.562552	0.0	0.0
0.006304	0.003128120	201.779300	0.0	0.0
0.006373	0.003213920	200.989743	0.0	0.0
0.006442	0.003301490	200.194010	0.0	0.0
0.006512	0.003390830	199.392258	0.0	0.0
0.006583	0.003481940	198.584651	0.0	0.0
0.006655	0.003574810	197.771365	0.0	0.0
0.006727	0.003669460	196.952586	0.0	0.0
0.006801	0.003765880	196.128489	0.0	0.0
0.006875	0.003864050	195.299282	0.0	0.0
0.006950	0.003963990	194.465192	0.0	0.0
0.007025	0.004065660	193.626405	0.0	0.0
0.007102	0.004169080	192.783179	0.0	0.0
0.007179	0.004274210	191.935741	0.0	0.0
0.007257	0.004381060	191.084336	0.0	0.0
0.007336	0.004489600	190.229208	0.0	0.0
0.007416	0.004599820	189.370631	0.0	0.0
0.007497	0.004711690	188.508866	0.0	0.0
0.007579	0.004825200	187.644182	0.0	0.0
0.007661	0.004940330	186.776865	0.0	0.0
0.007745	0.005057060	185.907208	0.0	0.0
0.007829	0.005175350	185.035501	0.0	0.0
0.007914	0.005295190	184.162016	0.0	0.0
0.008000	0.005416540	183.287084	0.0	0.0
0.008087	0.005539390	182.410988	0.0	0.0
0.008175	0.005663690	181.534045	0.0	0.0
0.008264	0.005789430	180.656546	0.0	0.0
0.008354	0.005916580	179.778814	0.0	0.0
0.008445	0.006045090	178.901152	0.0	0.0
0.008537	0.006174950	178.023866	0.0	0.0
0.008630	0.006306130	177.147271	0.0	0.0
0.008724	0.006438590	176.271672	0.0	0.0
0.008819	0.006572300	175.397365	0.0	0.0
0.008915	0.006707230	174.524651	0.0	0.0
0.009013	0.006843360	173.653841	0.0	0.0
0.009111	0.006980650	172.785220	0.0	0.0
0.009210	0.007119080	171.919067	0.0	0.0
0.009310	0.007258620	171.055686	0.0	0.0
0.009412	0.007399240	170.195336	0.0	0.0
0.009514	0.007540910	169.338304	0.0	0.0
0.009618	0.007683620	168.484838	0.0	0.0
0.009722	0.007827330	167.635205	0.0	0.0
0.009828	0.007972030	166.789656	0.0	0.0
0.009935	0.008117690	165.948428	0.0	0.0
0.010043	0.008264300	165.111749	0.0	0.0
0.010153	0.008411830	164.279835	0.0	0.0
0.010263	0.008560270	163.452922	0.0	0.0
0.010375	0.008709600	162.631237	0.0	0.0
0.010488	0.008859810	161.814926	0.0	0.0
0.010602	0.009010890	161.004199	0.0	0.0
0.010718	0.009162820	160.199258	0.0	0.0
0.010834	0.009315610	159.400224	0.0	0.0
0.010952	0.009469230	158.607216	0.0	0.0
0.011072	0.009623690	157.820539	0.0	0.0
0.011192	0.009778990	157.040160	0.0	0.0
0.011314	0.009935110	156.266301	0.0	0.0
0.011437	0.010092100	155.499108	0.0	0.0
0.011562	0.010249800	154.738593	0.0	0.0
0.011688	0.010408500	153.984946	0.0	0.0
0.011815	0.010567900	153.238168	0.0	0.0
0.011944	0.010728200	152.498431	0.0	0.0
0.012074	0.010889300	151.765779	0.0	0.0
0.012205	0.011051300	151.040305	0.0	0.0
0.012338	0.011214200	150.321988	0.0	0.0
0.012473	0.011377900	149.610907	0.0	0.0
0.012608	0.011542500	148.907136	0.0	0.0
0.012746	0.011708100	148.210686	0.0	0.0
0.012884	0.011874500	147.521616	0.0	0.0
0.013025	0.012041900	146.839878	0.0	0.0
0.013167	0.012210200	146.165564	0.0	0.0
0.013310	0.012379500	145.498620	0.0	0.0
0.013455	0.012549800	144.839077	0.0	0.0
0.013601	0.012721100	144.186961	0.0	0.0
0.013750	0.012893500	143.542162	0.0	0.0
0.013899	0.013066800	142.904785	0.0	0.0
0.014051	0.013241300	142.274712	0.0	0.0
0.014204	0.013416800	141.651992	0.0	0.0
0.014358	0.013593500	141.036548	0.0	0.0
0.014515	0.013771300	140.428339	0.0	0.0
0.014673	0.013950300	139.827400	0.0	0.0
0.014833	0.014130400	139.233606	0.0	0.0
0.014994	0.014311800	138.646948	0.0	0.0
0.015157	0.014494500	138.067375	0.0	0.0
0.015322	0.014678400	137.494868	0.0	0.0
0.015489	0.014863600	136.929304	0.0	0.0
0.015658	0.015050100	136.370694	0.0	0.0
0.015828	0.015238000	135.818979	0.0	0.0
0.016001	0.015427300	135.274067	0.0	0.0
0.016175	0.015618000	134.735897	0.0	0.0
0.016351	0.015810100	134.204410	0.0	0.0
0.016529	0.016003800	133.679542	0.0	0.0
0.016709	0.016198900	133.161260	0.0	0.0
0.016891	0.016395600	132.649469	0.0	0.0
0.017075	0.016593800	132.144079	0.0	0.0
0.017261	0.016793600	131.645053	0.0	0.0
0.017449	0.016995000	131.152324	0.0	0.0
0.017639	0.017198100	130.665803	0.0	0.0
0.017831	0.017402900	130.185424	0.0	0.0
0.018025	0.017609400	129.711122	0.0	0.0
0.018222	0.017817700	129.242808	0.0	0.0
0.018420	0.018027800	128.780442	0.0	0.0
0.018621	0.018239600	128.323934	0.0	0.0
0.018823	0.018453300	127.873199	0.0	0.0
0.019028	0.018668900	127.428174	0.0	0.0
0.019235	0.018886400	126.988817	0.0	0.0
0.019445	0.019105900	126.555000	0.0	0.0
0.019657	0.019327300	126.126705	0.0	0.0
0.019871	0.019550700	125.703809	0.0	0.0
0.020087	0.019776200	125.286291	0.0	0.0
0.020306	0.020003800	124.874052	0.0	0.0
0.020527	0.020233400	124.467033	0.0	0.0
0.020751	0.020465200	124.065175	0.0	0.0
0.020976	0.020699200	123.668366	0.0	0.0
0.021205	0.020935400	123.276585	0.0	0.0
0.021436	0.021173900	122.889742	0.0	0.0
0.021669	0.021414600	122.507779	0.0	0.0
0.021905	0.021657600	122.130612	0.0	0.0
0.022144	0.021903000	121.758201	0.0	0.0
0.022385	0.022150700	121.390448	0.0	0.0
0.022629	0.022400900	121.027317	0.0	0.0
0.022875	0.022653500	120.668740	0.0	0.0
0.023124	0.022908600	120.314639	0.0	0.0
0.023376	0.023166200	119.964966	0.0	0.0
0.023630	0.023426300	119.619657	0.0	0.0
0.023888	0.023689100	119.278651	0.0	0.0
0.024148	0.023954500	118.941876	0.0	0.0
0.024411	0.024222500	118.609287	0.0	0.0
0.024677	0.024493200	118.280826	0.0	0.0
0.024945	0.024766700	117.956424	0.0	0.0
0.025217	0.025042900	117.636039	0.0	0.0
0.025492	0.025321900	117.319604	0.0	0.0
0.025769	0.025603800	117.007068	0.0	0.0
0.026050	0.025888500	116.698378	0.0	0.0
0.026334	0.026176200	116.393473	0.0	0.0
0.026620	0.026466800	116.092304	0.0	0.0
0.026910	0.026760400	115.794822	0.0	0.0
0.027203	0.027057100	115.500970	0.0	0.0
0.027499	0.027356800	115.210702	0.0	0.0
0.027799	0.027659600	114.923972	0.0	0.0
0.028102	0.027965500	114.640717	0.0	0.0
0.028408	0.028274700	114.360904	0.0	0.0
0.028717	0.028587000	114.084480	0.0	0.0
0.029030	0.028902600	113.811386	0.0	0.0
0.029346	0.029221500	113.541593	0.0	0.0
0.029665	0.029543800	113.275050	0.0	0.0
0.029988	0.029869400	113.011711	0.0	0.0
0.030315	0.030198500	112.751539	0.0	0.0
0.030645	0.030531000	112.494473	0.0	0.0
0.030979	0.030867000	112.240484	0.0	0.0
0.031316	0.031206600	111.989530	0.0	0.0
0.031657	0.031549700	111.741563	0.0	0.0
0.032002	0.031896500	111.496547	0.0	0.0
0.032350	0.032247000	111.254445	0.0	0.0
0.032703	0.032601200	111.015209	0.0	0.0
0.033059	0.032959100	110.778808	0.0	0.0
0.033419	0.033320900	110.545193	0.0	0.0
0.033783	0.033686500	110.314339	0.0	0.0
0.034151	0.034056000	110.086206	0.0	0.0
0.034522	0.034429400	109.860752	0.0	0.0
0.034898	0.034806800	109.637938	0.0	0.0
0.035278	0.035188300	109.417743	0.0	0.0
0.035663	0.035573800	109.200122	0.0	0.0
0.036051	0.035963400	108.985040	0.0	0.0
0.036443	0.036357200	108.772470	0.0	0.0
0.036840	0.036755300	108.562372	0.0	0.0
0.037241	0.037157600	108.354711	0.0	0.0
0.037647	0.037564200	108.149465	0.0	0.0
0.038057	0.037975200	107.946600	0.0	0.0
0.038471	0.038390600	107.746078	0.0	0.0
0.038890	0.038810400	107.547870	0.0	0.0
0.039314	0.039234800	107.351953	0.0	0.0
0.039742	0.039663700	107.158288	0.0	0.0
0.040175	0.040097300	106.966852	0.0	0.0
0.040612	0.040535500	106.777614	0.0	0.0
0.041054	0.040978500	106.590547	0.0	0.0
0.041502	0.041426200	106.405616	0.0	0.0
0.041953	0.041878800	106.222807	0.0	0.0
0.042410	0.042336200	106.042076	0.0	0.0
0.042872	0.042798600	105.863412	0.0	0.0
0.043339	0.043265900	105.686777	0.0	0.0
0.043811	0.043738300	105.512155	0.0	0.0
0.044288	0.044215800	105.339511	0.0	0.0
0.044770	0.044698500	105.168826	0.0	0.0
0.045258	0.045186400	105.000070	0.0	0.0
0.045751	0.045679600	104.833225	0.0	0.0
0.046249	0.046178100	104.668262	0.0	0.0
0.046752	0.046682000	104.505158	0.0	0.0
0.047262	0.047191300	104.343891	0.0	0.0
0.047776	0.047706200	104.184440	0.0	0.0
0.048296	0.048226700	104.026777	0.0	0.0
0.048822	0.048752800	103.870884	0.0	0.0
0.049354	0.049284500	103.716736	0.0	0.0
0.049891	0.049822100	103.564313	0.0	0.0
0.050435	0.050365400	103.413594	0.0	0.0
0.050984	0.050914700	103.264555	0.0	0.0
0.051539	0.051469900	103.117178	0.0	0.0
0.052100	0.052031100	102.971443	0.0	0.0
0.052668	0.052598500	102.827326	0.0	0.0
0.053241	0.053172000	102.684812	0.0	0.0
0.053821	0.053751600	102.543877	0.0	0.0
0.054407	0.054337600	102.404505	0.0	0.0
0.055000	0.054930000	102.266672	0.0	0.0
0.055598	0.055528800	102.130366	0.0	0.0
0.056204	0.056134100	101.995563	0.0	0.0
0.056816	0.056745900	101.862246	0.0	0.0
0.057435	0.057364400	101.730397	0.0	0.0
0.058060	0.057989600	101.600000	0.0	0.0
0.058692	0.058621600	101.471035	0.0	0.0
0.059331	0.059260500	101.343485	0.0	0.0
0.059978	0.059906300	101.217333	0.0	0.0
0.060631	0.060559200	101.092564	0.0	0.0
0.061291	0.061219100	100.969158	0.0	0.0
0.061958	0.061886200	100.847100	0.0	0.0
0.062633	0.062560500	100.726376	0.0	0.0
0.063315	0.063242200	100.606967	0.0	0.0
0.064005	0.063931300	100.488858	0.0	0.0
0.064702	0.064627900	100.372034	0.0	0.0
0.065406	0.065332000	100.256479	0.0	0.0
0.066118	0.066043800	100.142177	0.0	0.0
0.066838	0.066763400	100.029116	0.0	0.0
0.067566	0.067490700	99.917278	0.0	0.0
0.068302	0.068226000	99.806650	0.0	0.0
0.069046	0.068969300	99.697217	0.0	0.0
0.069798	0.069720700	99.588964	0.0	0.0
0.070558	0.070480200	99.481879	0.0	0.0
0.071326	0.071248000	99.375945	0.0	0.0
0.072103	0.072024100	99.271152	0.0	0.0
0.072888	0.072808700	99.167485	0.0	0.0
0.073682	0.073601900	99.064929	0.0	0.0
0.074484	0.074403600	98.963473	0.0	0.0
0.075295	0.075214100	98.863103	0.0	0.0
0.076115	0.076033400	98.763807	0.0	0.0
0.076944	0.076861600	98.665571	0.0	0.0
0.077782	0.077698800	98.568382	0.0	0.0
0.078629	0.078545100	98.472230	0.0	0.0
0.079485	0.079400700	98.377101	0.0	0.0
0.080350	0.080265500	98.282983	0.0	0.0
0.081225	0.081139800	98.189863	0.0	0.0
0.082110	0.082023500	98.097733	0.0	0.0
0.083004	0.082917000	98.006578	0.0	0.0
0.083908	0.083820100	97.916387	0.0	0.0
0.084822	0.084733000	97.827149	0.0	0.0
0.085745	0.085655900	97.738854	0.0	0.0
0.086679	0.086588800	97.651488	0.0	0.0
0.087623	0.087531900	97.565043	0.0	0.0
0.088577	0.088485200	97.479505	0.0	0.0
0.089542	0.089449000	97.394867	0.0	0.0
0.090517	0.090423200	97.311116	0.0	0.0
0.091502	0.091408000	97.228242	0.0	0.0
0.092499	0.092403500	97.146235	0.0	0.0
0.093506	0.093409900	97.065084	0.0	0.0
0.094524	0.094427200	96.984780	0.0	0.0
0.095554	0.095455600	96.905312	0.0	0.0
0.096594	0.096495200	96.826671	0.0	0.0
0.097646	0.097546200	96.748847	0.0	0.0
0.098709	0.098608500	96.671830	0.0	0.0
0.099784	0.099682500	96.595610	0.0	0.0
0.100871	0.100768000	96.520178	0.0	0.0
0.101969	0.101866000	96.445528	0.0	0.0
0.103080	0.102975000	96.371645	0.0	0.0
0.104202	0.104096000	96.298521	0.0	0.0
0.105337	0.105230000	96.226152	0.0	0.0
0.106484	0.106376000	96.154522	0.0	0.0
0.107643	0.107535000	96.083631	0.0	0.0
0.108816	0.108706000	96.013462	0.0	0.0
0.110000	0.109890000	95.944013	0.0	0.0
0.111198	0.111086000	95.875267	0.0	0.0
0.112409	0.112296000	95.807222	0.0	0.0
0.113633	0.113519000	95.739874	0.0	0.0
0.114871	0.114755000	95.673206	0.0	0.0
0.116122	0.116005000	95.607211	0.0	0.0
0.117386	0.117268000	95.541884	0.0	0.0
0.118664	0.118545000	95.477215	0.0	0.0
0.119957	0.119836000	95.413198	0.0	0.0
0.121263	0.121141000	95.349823	0.0	0.0
0.122583	0.122461000	95.287089	0.0	0.0
0.123918	0.123794000	95.224978	0.0	0.0
0.125268	0.125143000	95.163489	0.0	0.0
0.126632	0.126505000	95.102613	0.0	0.0
0.128011	0.127883000	95.042341	0.0	0.0
0.129405	0.129276000	94.982673	0.0	0.0
0.130814	0.130684000	94.923590	0.0	0.0
0.132238	0.132107000	94.865093	0.0	0.0
0.133678	0.133545000	94.807174	0.0	0.0
0.135134	0.135000000	94.749824	0.0	0.0
0.136605	0.136470000	94.693039	0.0	0.0
0.138093	0.137956000	94.636808	0.0	0.0
0.139597	0.139459000	94.581129	0.0	0.0
0.141117	0.140977000	94.525992	0.0	0.0
0.142654	0.142513000	94.471390	0.0	0.0
0.144207	0.144065000	94.417315	0.0	0.0
0.145777	0.145633000	94.363767	0.0	0.0
0.147365	0.147219000	94.310736	0.0	0.0
0.148970	0.148823000	94.258211	0.0	0.0
0.150592	0.150443000	94.206192	0.0	0.0
0.152232	0.152082000	94.154674	0.0	0.0
0.153889	0.153738000	94.103645	0.0	0.0
0.155565	0.155412000	94.053100	0.0	0.0
0.157259	0.157105000	94.003036	0.0	0.0
0.158972	0.158816000	93.953444	0.0	0.0
0.160703	0.160545000	93.904320	0.0	0.0
0.162453	0.162293000	93.855657	0.0	0.0
0.164222	0.164061000	93.807451	0.0	0.0
0.166010	0.165848000	93.759693	0.0	0.0
0.167818	0.167654000	93.712380	0.0	0.0
0.169645	0.169480000	93.665507	0.0	0.0
0.171492	0.171325000	93.619067	0.0	0.0
0.173360	0.173191000	93.573052	0.0	0.0
0.175248	0.175077000	93.527461	0.0	0.0
0.177156	0.176984000	93.482284	0.0	0.0
0.179085	0.178911000	93.437521	0.0	0.0
0.181035	0.180860000	93.393164	0.0	0.0
0.183007	0.182829000	93.349205	0.0	0.0
0.185000	0.184820000	93.305642	0.0	0.0
0.187014	0.186833000	93.262470	0.0	0.0
0.189051	0.188868000	93.219682	0.0	0.0
0.191109	0.190925000	93.177274	0.0	0.0
0.193190	0.193004000	93.135242	0.0	0.0
0.195294	0.195106000	93.093578	0.0	0.0
0.197421	0.197231000	93.052281	0.0	0.0
0.199571	0.199379000	93.011343	0.0	0.0
0.201744	0.201550000	92.970758	0.0	0.0
0.203941	0.203745000	92.930526	0.0	0.0
0.206161	0.205964000	92.890639	0.0	0.0
0.208406	0.208207000	92.851092	0.0	0.0
0.210676	0.210474000	92.811880	0.0	0.0
0.212970	0.212766000	92.773002	0.0	0.0
0.215289	0.215084000	92.734448	0.0	0.0
0.217634	0.217426000	92.696219	0.0	0.0
0.220004	0.219794000	92.658305	0.0	0.0
0.222399	0.222188000	92.620706	0.0	0.0
0.224821	0.224607000	92.583416	0.0	0.0
0.227269	0.227054000	92.546429	0.0	0.0
0.229744	0.229526000	92.509744	0.0	0.0
0.232246	0.232026000	92.473353	0.0	0.0
0.234775	0.234553000	92.437254	0.0	0.0
0.237331	0.237108000	92.401441	0.0	0.0
0.239916	0.239690000	92.365912	0.0	0.0
0.242528	0.242300000	92.330660	0.0	0.0
0.245169	0.244939000	92.295684	0.0	0.0
0.247839	0.247607000	92.260978	0.0	0.0
0.250538	0.250304000	92.226537	0.0	0.0
0.253266	0.253030000	92.192360	0.0	0.0
0.256024	0.255785000	92.158440	0.0	0.0
0.258812	0.258571000	92.124774	0.0	0.0
0.261630	0.261387000	92.091359	0.0	0.0
0.264480	0.264234000	92.058188	0.0	0.0
0.267360	0.267112000	92.025261	0.0	0.0
0.270271	0.270021000	91.992572	0.0	0.0
0.273214	0.272962000	91.960118	0.0	0.0
0.276189	0.275935000	91.927893	0.0	0.0
0.279197	0.278940000	91.895897	0.0	0.0
0.282237	0.281978000	91.864123	0.0	0.0
0.285310	0.285049000	91.832568	0.0	0.0
0.288417	0.288154000	91.801229	0.0	0.0
0.291558	0.291292000	91.770102	0.0	0.0
0.294733	0.294465000	91.739183	0.0	0.0
0.297942	0.297672000	91.708469	0.0	0.0
0.301187	0.300915000	91.677955	0.0	0.0
0.304467	0.304192000	91.647639	0.0	0.0
0.307782	0.307505000	91.617517	0.0	0.0
0.311134	0.310854000	91.587585	0.0	0.0
0.314522	0.314240000	91.557840	0.0	0.0
0.317947	0.317663000	91.528277	0.0	0.0
0.321409	0.321123000	91.498896	0.0	0.0
0.324909	0.324621000	91.469690	0.0	0.0
0.328447	0.328156000	91.440656	0.0	0.0
0.332024	0.331731000	91.411793	0.0	0.0
0.335639	0.335344000	91.383095	0.0	0.0
0.339294	0.338996000	91.354560	0.0	0.0
0.342989	0.342689000	91.326184	0.0	0.0
0.346724	0.346422000	91.297964	0.0	0.0
0.350500	0.350195000	91.269897	0.0	0.0
0.354316	0.354010000	91.241979	0.0	0.0
0.358175	0.357866000	91.214207	0.0	0.0
0.362075	0.361764000	91.186577	0.0	0.0
0.366018	0.365704000	91.159088	0.0	0.0
0.370004	0.369688000	91.131735	0.0	0.0
0.374033	0.373715000	91.104515	0.0	0.0
0.378106	0.377785000	91.077424	0.0	0.0
0.382223	0.381901000	91.050460	0.0	0.0
0.386385	0.386061000	91.023620	0.0	0.0
0.390593	0.390266000	90.996900	0.0	0.0
0.394846	0.394517000	90.970297	0.0	0.0
0.399146	0.398815000	90.943808	0.0	0.0
0.403492	0.403159000	90.917430	0.0	0.0
0.407886	0.407551000	90.891161	0.0	0.0
0.412328	0.411991000	90.864995	0.0	0.0
0.416818	0.416479000	90.838932	0.0	0.0
0.421357	0.421016000	90.812967	0.0	0.0
0.425945	0.425602000	90.787098	0.0	0.0
0.430583	0.430239000	90.761321	0.0	0.0
0.435272	0.434926000	90.735634	0.0	0.0
0.440012	0.439664000	90.710033	0.0	0.0
0.444804	0.444453000	90.684516	0.0	0.0
0.449647	0.449295000	90.659079	0.0	0.0
0.454544	0.454190000	90.633720	0.0	0.0
0.459493	0.459138000	90.608436	0.0	0.0
0.464497	0.464140000	90.583222	0.0	0.0
0.469555	0.469197000	90.558078	0.0	0.0
0.474668	0.474309000	90.532999	0.0	0.0
0.479837	0.479476000	90.507982	0.0	0.0
0.485063	0.484700000	90.483026	0.0	0.0
0.490345	0.489981000	90.458126	0.0	0.0
0.495684	0.495319000	90.433280	0.0	0.0
0.501082	0.500716000	90.408485	0.0	0.0
0.506538	0.506172000	90.383738	0.0	0.0
0.512054	0.511686000	90.359037	0.0	0.0
0.517630	0.517262000	90.334377	0.0	0.0
0.523267	0.522898000	90.309757	0.0	0.0
0.528965	0.528595000	90.285174	0.0	0.0
0.534725	0.534355000	90.260624	0.0	0.0
0.540548	0.540177000	90.236104	0.0	0.0
0.546435	0.546063000	90.211613	0.0	0.0
0.552385	0.552013000	90.187146	0.0	0.0
0.558400	0.558028000	90.162702	0.0	0.0
0.564481	0.564109000	90.138276	0.0	0.0
0.570628	0.570256000	90.113867	0.0	0.0
0.576841	0.576470000	90.089472	0.0	0.0
0.583123	0.582752000	90.065087	0.0	0.0
0.589473	0.589102000	90.040710	0.0	0.0
0.595892	0.595522000	90.016338	0.0	0.0
0.602381	0.602012000	89.991968	0.0	0.0
0.608940	0.608572000	89.967597	0.0	0.0
0.615572	0.615205000	89.943222	0.0	0.0
0.622275	0.621909000	89.918841	0.0	0.0
0.629051	0.628687000	89.894450	0.0	0.0
0.635901	0.635539000	89.870047	0.0	0.0
0.642826	0.642465000	89.845629	0.0	0.0
0.649826	0.649467000	89.821193	0.0	0.0
0.656902	0.656546000	89.796736	0.0	0.0
0.664055	0.663702000	89.772255	0.0	0.0
0.671286	0.670936000	89.747748	0.0	0.0
0.678596	0.678249000	89.723211	0.0	0.0
0.685986	0.685641000	89.698642	0.0	0.0
0.693456	0.693115000	89.674038	0.0	0.0
0.701007	0.700670000	89.649395	0.0	0.0
0.708641	0.708307000	89.624711	0.0	0.0
0.716358	0.716029000	89.599984	0.0	0.0
0.724158	0.723834000	89.575210	0.0	0.0
0.732044	0.731724000	89.550386	0.0	0.0
0.740016	0.739701000	89.525509	0.0	0.0
0.748074	0.747765000	89.500577	0.0	0.0
0.756220	0.755917000	89.475587	0.0	0.0
0.764455	0.764158000	89.450535	0.0	0.0
0.772780	0.772489000	89.425418	0.0	0.0
0.781195	0.780911000	89.400235	0.0	0.0
0.789702	0.789425000	89.374981	0.0	0.0
0.798301	0.798032000	89.349654	0.0	0.0
0.806994	0.806733000	89.324251	0.0	0.0
0.815782	0.815529000	89.298769	0.0	0.0
0.824665	0.824421000	89.273204	0.0	0.0
0.833645	0.833411000	89.247555	0.0	0.0
0.842723	0.842498000	89.221817	0.0	0.0
0.851900	0.851685000	89.195988	0.0	0.0
0.861177	0.860973000	89.170066	0.0	0.0
0.870555	0.870361000	89.144045	0.0	0.0
0.880035	0.879853000	89.117925	0.0	0.0
0.889618	0.889448000	89.091701	0.0	0.0
0.899305	0.899148000	89.065371	0.0	0.0
0.909098	0.908955000	89.038932	0.0	0.0
0.918998	0.918868000	89.012380	0.0	0.0
0.929005	0.928890000	88.985712	0.0	0.0
0.939122	0.939021000	88.958925	0.0	0.0
0.949348	0.949263000	88.932017	0.0	0.0
0.959686	0.959618000	88.904983	0.0	0.0
0.970136	0.970085000	88.877821	0.0	0.0
0.980701	0.980667000	88.850528	0.0	0.0
0.991380	0.991364000	88.823100	0.0	0.0
1.002176	1.002180000	88.795533	0.0	0.0
1.013089	1.013110000	88.767827	0.0	0.0
1.024121	1.024160000	88.739976	0.0	0.0
1.035273	1.035340000	88.711978	0.0	0.0
1.046546	1.046630000	88.683829	0.0	0.0
1.057943	1.058050000	88.655524	0.0	0.0
1.069463	1.069600000	88.627064	0.0	0.0
1.081109	1.081270000	88.598442	0.0	0.0
1.092882	1.093070000	88.569655	0.0	0.0
1.104783	1.104990000	88.540701	0.0	0.0
1.116813	1.117050000	88.511578	0.0	0.0
1.128975	1.129240000	88.482278	0.0	0.0
1.141269	1.141560000	88.452801	0.0	0.0
1.153696	1.154020000	88.423146	0.0	0.0
1.166260	1.166620000	88.393301	0.0	0.0
1.178960	1.179350000	88.363271	0.0	0.0
1.191798	1.192220000	88.333049	0.0	0.0
1.204776	1.205230000	88.302632	0.0	0.0
1.217895	1.218390000	88.272017	0.0	0.0
1.231157	1.231690000	88.241199	0.0	0.0
1.244564	1.245130000	88.210174	0.0	0.0
1.258117	1.258720000	88.178939	0.0	0.0
1.271817	1.272460000	88.147492	0.0	0.0
1.285666	1.286350000	88.115829	0.0	0.0
1.299667	1.300400000	88.083943	0.0	0.0
1.313819	1.314590000	88.051836	0.0	0.0
1.328126	1.328950000	88.019498	0.0	0.0
1.342589	1.343460000	87.986929	0.0	0.0
1.357209	1.358120000	87.954125	0.0	0.0
1.371988	1.372950000	87.921081	0.0	0.0
1.386928	1.387940000	87.887795	0.0	0.0
1.402031	1.403100000	87.854260	0.0	0.0
1.417299	1.418420000	87.820473	0.0	0.0
1.432732	1.433910000	87.786434	0.0	0.0
1.448334	1.449570000	87.752134	0.0	0.0
1.464106	1.465400000	87.717570	0.0	0.0
1.480049	1.481400000	87.682741	0.0	0.0
1.496166	1.497580000	87.647640	0.0	0.0
1.512458	1.513940000	87.612264	0.0	0.0
1.528928	1.530470000	87.576609	0.0	0.0
1.545577	1.547190000	87.540670	0.0	0.0
1.562408	1.564090000	87.504442	0.0	0.0
1.579422	1.581170000	87.467923	0.0	0.0
1.596621	1.598440000	87.431108	0.0	0.0
1.614007	1.615900000	87.393993	0.0	0.0
1.631583	1.633550000	87.356572	0.0	0.0
1.649350	1.651400000	87.318842	0.0	0.0
1.667310	1.669440000	87.280800	0.0	0.0
1.685467	1.687670000	87.242437	0.0	0.0
1.703820	1.706110000	87.203755	0.0	0.0
1.722374	1.724750000	87.164744	0.0	0.0
1.741130	1.743590000	87.125401	0.0	0.0
1.760090	1.762640000	87.085722	0.0	0.0
1.779256	1.781890000	87.045704	0.0	0.0
1.798631	1.801360000	87.005340	0.0	0.0
1.818218	1.821040000	86.964623	0.0	0.0
1.838017	1.840930000	86.923555	0.0	0.0
1.858032	1.861050000	86.882126	0.0	0.0
1.878265	1.881380000	86.840332	0.0	0.0
1.898718	1.901930000	86.798170	0.0	0.0
1.919394	1.922710000	86.755633	0.0	0.0
1.940296	1.943720000	86.712715	0.0	0.0
1.961424	1.964960000	86.669416	0.0	0.0
1.982783	1.986420000	86.625726	0.0	0.0
2.004375	2.008130000	86.581641	0.0	0.0
2.026201	2.030060000	86.537159	0.0	0.0
2.048266	2.052240000	86.492270	0.0	0.0
2.070570	2.074660000	86.446974	0.0	0.0
2.093118	2.097330000	86.401261	0.0	0.0
2.115910	2.120240000	86.355130	0.0	0.0
2.138952	2.143400000	86.308570	0.0	0.0
2.162244	2.166820000	86.261581	0.0	0.0
2.185789	2.190490000	86.214156	0.0	0.0
2.209591	2.214420000	86.166289	0.0	0.0
2.233653	2.238610000	86.117972	0.0	0.0
2.257976	2.263060000	86.069204	0.0	0.0
2.282564	2.287780000	86.019977	0.0	0.0
2.307420	2.312770000	85.970285	0.0	0.0
2.332547	2.338030000	85.920123	0.0	0.0
2.357947	2.363570000	85.869485	0.0	0.0
2.383624	2.389380000	85.818365	0.0	0.0
2.409580	2.415480000	85.766758	0.0	0.0
2.435819	2.441860000	85.714657	0.0	0.0
2.462344	2.468520000	85.662056	0.0	0.0
2.489158	2.495480000	85.608948	0.0	0.0
2.516263	2.522730000	85.555330	0.0	0.0
2.543664	2.550280000	85.501193	0.0	0.0
2.571363	2.578130000	85.446531	0.0	0.0
2.599364	2.606280000	85.391339	0.0	0.0
2.627670	2.634740000	85.335609	0.0	0.0
2.656284	2.663500000	85.279336	0.0	0.0
2.685209	2.692580000	85.222514	0.0	0.0
2.714450	2.721980000	85.165134	0.0	0.0
2.744009	2.751690000	85.107192	0.0	0.0
2.773889	2.781730000	85.048681	0.0	0.0
2.804096	2.812090000	84.989591	0.0	0.0
2.834631	2.842790000	84.929919	0.0	0.0
2.865498	2.873820000	84.869658	0.0	0.0
2.896702	2.905190000	84.808798	0.0	0.0
2.928246	2.936900000	84.747334	0.0	0.0
2.960133	2.968950000	84.685260	0.0	0.0
2.992367	3.001360000	84.622568	0.0	0.0
3.024952	3.034120000	84.559250	0.0	0.0
3.057892	3.067230000	84.495300	0.0	0.0
3.091191	3.100710000	84.430709	0.0	0.0
3.124853	3.134550000	84.365469	0.0	0.0
3.158881	3.168760000	84.299576	0.0	0.0
3.193279	3.203340000	84.233022	0.0	0.0
3.228052	3.238310000	84.165797	0.0	0.0
3.263204	3.273650000	84.097894	0.0	0.0
3.298739	3.309390000	84.029305	0.0	0.0
3.334660	3.345510000	83.960024	0.0	0.0
3.370973	3.382030000	83.890041	0.0	0.0
3.407681	3.418950000	83.819349	0.0	0.0
3.444789	3.456280000	83.747940	0.0	0.0
3.482301	3.494020000	83.675806	0.0	0.0
3.520221	3.532180000	83.602939	0.0	0.0
3.558555	3.570750000	83.529329	0.0	0.0
3.597305	3.609750000	83.454971	0.0	0.0
3.636478	3.649180000	83.379853	0.0	0.0
3.676077	3.689050000	83.303969	0.0	0.0
3.716108	3.729360000	83.227308	0.0	0.0
3.756574	3.770120000	83.149864	0.0	0.0
3.797482	3.811330000	83.071625	0.0	0.0
3.838834	3.853000000	82.992587	0.0	0.0
3.880637	3.895140000	82.912736	0.0	0.0
3.922895	3.937740000	82.832066	0.0	0.0
3.965613	3.980820000	82.750568	0.0	0.0
4.008797	4.024390000	82.668230	0.0	0.0
4.052450	4.068440000	82.585047	0.0	0.0
4.096579	4.112990000	82.501007	0.0	0.0
4.141189	4.158030000	82.416099	0.0	0.0
4.186284	4.203590000	82.330318	0.0	0.0
4.231871	4.249660000	82.243649	0.0	0.0
4.277954	4.296250000	82.156086	0.0	0.0
4.324538	4.343360000	82.067620	0.0	0.0
4.371630	4.391010000	81.978239	0.0	0.0
4.419235	4.439200000	81.887932	0.0	0.0
4.467358	4.487940000	81.796692	0.0	0.0
4.516005	4.537220000	81.704506	0.0	0.0
4.565182	4.587070000	81.611366	0.0	0.0
4.614895	4.637490000	81.517259	0.0	0.0
4.665148	4.688470000	81.422179	0.0	0.0
4.715949	4.740040000	81.326111	0.0	0.0
4.767304	4.792190000	81.229045	0.0	0.0
4.819217	4.844940000	81.130973	0.0	0.0
4.871696	4.898280000	81.031882	0.0	0.0
4.924746	4.952230000	80.931762	0.0	0.0
4.978374	5.006790000	80.830601	0.0	0.0
5.032586	5.061970000	80.728388	0.0	0.0
5.087388	5.117770000	80.625114	0.0	0.0
5.142787	5.174200000	80.520764	0.0	0.0
5.198789	5.231270000	80.415330	0.0	0.0
5.255401	5.288970000	80.308799	0.0	0.0
5.312630	5.347320000	80.201158	0.0	0.0
5.370482	5.406320000	80.092397	0.0	0.0
5.428963	5.465970000	79.982505	0.0	0.0
5.488082	5.526280000	79.871468	0.0	0.0
5.547844	5.587250000	79.759275	0.0	0.0
5.608257	5.648890000	79.645914	0.0	0.0
5.669328	5.711200000	79.531372	0.0	0.0
5.731064	5.774180000	79.415637	0.0	0.0
5.793472	5.837840000	79.298697	0.0	0.0
5.856560	5.902180000	79.180539	0.0	0.0
5.920335	5.967200000	79.061150	0.0	0.0
5.984804	6.032900000	78.940518	0.0	0.0
6.049976	6.099290000	78.818629	0.0	0.0
6.115857	6.166370000	78.695471	0.0	0.0
6.182455	6.234140000	78.571032	0.0	0.0
6.249779	6.302600000	78.445295	0.0	0.0
6.317836	6.371750000	78.318250	0.0	0.0
6.386634	6.441590000	78.189883	0.0	0.0
6.456181	6.512130000	78.060180	0.0	0.0
6.526485	6.583370000	77.929128	0.0	0.0
6.597555	6.655310000	77.796712	0.0	0.0
6.669399	6.727950000	77.662918	0.0	0.0
6.742025	6.801290000	77.527734	0.0	0.0
6.815442	6.875350000	77.391144	0.0	0.0
6.889659	6.950110000	77.253134	0.0	0.0
6.964684	7.025580000	77.113689	0.0	0.0
7.040525	7.101770000	76.972799	0.0	0.0
7.117193	7.178690000	76.830443	0.0	0.0
7.194695	7.256330000	76.686612	0.0	0.0
7.273042	7.334710000	76.541286	0.0	0.0
7.352241	7.413830000	76.394455	0.0	0.0
7.432304	7.493700000	76.246098	0.0	0.0
7.513237	7.574340000	76.096208	0.0	0.0
7.595053	7.655750000	75.944762	0.0	0.0
7.677759	7.737930000	75.791749	0.0	0.0
7.761365	7.820920000	75.637154	0.0	0.0
7.845883	7.904710000	75.480957	0.0	0.0
7.931320	7.989330000	75.323148	0.0	0.0
8.017688	8.074780000	75.163707	0.0	0.0
8.104996	8.161090000	75.002621	0.0	0.0
8.193256	8.248260000	74.839869	0.0	0.0
8.282476	8.336320000	74.675441	0.0	0.0
8.372668	8.425280000	74.509317	0.0	0.0
8.463841	8.515160000	74.341484	0.0	0.0
8.556008	8.605970000	74.171921	0.0	0.0
8.649179	8.697720000	74.000613	0.0	0.0
8.743364	8.790430000	73.827544	0.0	0.0
8.838574	8.884120000	73.652699	0.0	0.0
8.934822	8.978790000	73.476057	0.0	0.0
9.032117	9.074440000	73.297604	0.0	0.0
9.130472	9.171090000	73.117322	0.0	0.0
9.229898	9.268730000	72.935193	0.0	0.0
9.330407	9.367380000	72.751200	0.0	0.0
9.432010	9.467010000	72.565326	0.0	0.0
9.534720	9.567630000	72.377552	0.0	0.0
9.638548	9.669220000	72.187863	0.0	0.0
9.743506	9.771770000	71.996240	0.0	0.0
9.849608	9.875260000	71.802663	0.0	0.0
9.956865	9.979670000	71.607116	0.0	0.0
10.065290	10.085000000	71.409580	0.0	0.0
10.174900	10.191200000	71.210030	0.0	0.0
10.285700	10.298200000	71.008461	0.0	0.0
10.397700	10.406000000	70.804860	0.0	0.0
10.510930	10.514600000	70.599178	0.0	0.0
10.625380	10.624000000	70.391438	0.0	0.0
10.741090	10.734100000	70.181574	0.0	0.0
10.858050	10.845000000	69.969609	0.0	0.0
10.976290	10.956500000	69.755495	0.0	0.0
11.095820	11.068700000	69.539220	0.0	0.0
11.216650	11.181600000	69.320771	0.0	0.0
11.338790	11.295100000	69.100137	0.0	0.0
11.462260	11.409400000	68.877288	0.0	0.0
11.587080	11.524400000	68.652195	0.0	0.0
11.713260	11.640100000	68.424846	0.0	0.0
11.840810	11.756600000	68.195231	0.0	0.0
11.969750	11.874000000	67.963319	0.0	0.0
12.100090	11.992300000	67.729101	0.0	0.0
12.231860	12.111500000	67.492530	0.0	0.0
12.365060	12.231900000	67.253613	0.0	0.0
12.499710	12.353400000	67.012323	0.0	0.0
12.635820	12.476100000	66.768649	0.0	0.0
12.773420	12.600200000	66.522545	0.0	0.0
12.912510	12.725700000	66.274020	0.0	0.0
13.053120	12.852800000	66.023028	0.0	0.0
13.195270	12.981400000	65.769542	0.0	0.0
13.338960	13.111700000	65.513571	0.0	0.0
13.484210	13.243800000	65.255088	0.0	0.0
13.631050	13.377600000	64.994049	0.0	0.0
13.779480	13.513100000	64.730462	0.0	0.0
13.929530	13.650500000	64.464285	0.0	0.0
14.081220	13.789600000	64.195490	0.0	0.0
14.234550	13.930500000	63.924088	0.0	0.0
14.389560	14.073100000	63.650018	0.0	0.0
14.546260	14.217300000	63.373271	0.0	0.0
14.704660	14.363000000	63.093841	0.0	0.0
14.864780	14.510300000	62.811703	0.0	0.0
15.026650	14.659000000	62.526813	0.0	0.0
15.190280	14.809200000	62.239165	0.0	0.0
15.355700	14.960700000	61.948717	0.0	0.0
15.522910	15.113600000	61.655480	0.0	0.0
15.691950	15.267900000	61.359394	0.0	0.0
15.862830	15.423800000	61.060454	0.0	0.0
16.035570	15.581300000	60.758634	0.0	0.0
16.210180	15.740700000	60.453930	0.0	0.0
16.386700	15.902100000	60.146283	0.0	0.0
16.565150	16.065700000	59.835670	0.0	0.0
16.745530	16.231800000	59.522101	0.0	0.0
16.927880	16.400600000	59.205520	0.0	0.0
17.112220	16.572600000	58.885902	0.0	0.0
17.298560	16.747700000	58.563244	0.0	0.0
17.486930	16.926400000	58.237503	0.0	0.0
17.677360	17.108800000	57.908641	0.0	0.0
17.869850	17.294800000	57.576668	0.0	0.0
18.064450	17.484700000	57.241511	0.0	0.0
18.261160	17.678100000	56.903181	0.0	0.0
18.460010	17.875100000	56.561638	0.0	0.0
18.661030	18.075200000	56.216843	0.0	0.0
18.864240	18.278100000	55.868771	0.0	0.0
19.069660	18.483600000	55.517400	0.0	0.0
19.277320	18.691100000	55.162691	0.0	0.0
19.487240	18.900200000	54.804619	0.0	0.0
19.699450	19.110800000	54.443144	0.0	0.0
19.913970	19.322400000	54.078243	0.0	0.0
20.130820	19.535000000	53.709891	0.0	0.0
20.350030	19.748400000	53.338047	0.0	0.0
20.571630	19.962900000	52.962670	0.0	0.0
20.795650	20.178400000	52.583718	0.0	0.0
21.022100	20.395400000	52.201182	0.0	0.0
21.251020	20.614200000	51.815003	0.0	0.0
21.482430	20.835100000	51.425154	0.0	0.0
21.716360	21.058500000	51.031592	0.0	0.0
21.952840	21.284500000	50.634271	0.0	0.0
22.191900	21.513200000	50.233148	0.0	0.0
22.433560	21.744300000	49.828192	0.0	0.0
22.677850	21.977400000	49.419357	0.0	0.0
22.924800	22.211700000	49.006596	0.0	0.0
23.174440	22.446500000	48.589859	0.0	0.0
23.426790	22.680900000	48.169114	0.0	0.0
23.681900	22.914000000	47.744276	0.0	0.0
23.939780	23.145100000	47.315327	0.0	0.0
24.200470	23.373800000	46.882197	0.0	0.0
24.464000	23.599900000	46.444830	0.0	0.0
24.730400	23.823600000	46.003170	0.0	0.0
24.999710	24.045700000	45.557143	0.0	0.0
25.271940	24.267200000	45.106721	0.0	0.0
25.547140	24.489500000	44.651809	0.0	0.0
25.825330	24.713900000	44.192359	0.0	0.0
26.106560	24.942100000	43.728272	0.0	0.0
26.390840	25.175000000	43.259512	0.0	0.0
26.678230	25.413300000	42.785959	0.0	0.0
26.968740	25.657200000	42.307570	0.0	0.0
27.262410	25.906100000	41.824252	0.0	0.0
27.559290	26.159500000	41.335892	0.0	0.0
27.859390	26.416500000	40.842438	0.0	0.0
28.162770	26.676400000	40.343754	0.0	0.0
28.469440	26.938800000	39.839782	0.0	0.0
28.779460	27.204000000	39.330376	0.0	0.0
29.092850	27.473000000	38.815453	0.0	0.0
29.409660	27.747700000	38.294876	0.0	0.0
29.729920	28.030600000	37.768536	0.0	0.0
30.053660	28.324500000	37.236317	0.0	0.0
30.380930	28.631700000	36.698065	0.0	0.0
30.711760	28.954100000	36.153655	0.0	0.0
31.046190	29.291700000	35.602938	0.0	0.0
31.384270	29.643700000	35.045740	0.0	0.0
31.726030	30.007300000	34.481914	0.0	0.0
32.071510	30.379600000	33.911289	0.0	0.0
32.420750	30.757000000	33.333687	0.0	0.0
32.773790	31.137000000	32.748919	0.0	0.0
33.130680	31.518300000	32.156770	0.0	0.0
33.491460	31.901000000	31.557035	0.0	0.0
33.856160	32.287300000	30.949512	0.0	0.0
34.224840	32.680000000	30.333938	0.0	0.0
34.597530	33.081800000	29.710091	0.0	0.0
34.974280	33.493600000	29.077700	0.0	0.0
35.355130	33.913500000	28.436499	0.0	0.0
35.740130	34.336500000	27.786190	0.0	0.0
36.129320	34.755300000	27.126478	0.0	0.0
36.522750	35.163200000	26.457035	0.0	0.0
36.920460	35.556100000	25.777532	0.0	0.0
37.322510	35.935500000	25.087588	0.0	0.0
37.728930	36.308800000	24.386855	0.0	0.0
38.139780	36.688000000	23.674913	0.0	0.0
38.555100	37.084400000	22.951355	0.0	0.0
38.974940	37.499600000	22.215733	0.0	0.0
39.399360	37.915500000	21.467559	0.0	0.0
39.828400	38.283800000	20.706351	0.0	0.0
40.262110	38.520200000	19.931586	0.0	0.0
40.700540	38.506000000	19.142711	0.0	0.0
41.143750	38.099100000	18.339123	0.0	0.0
41.591780	37.155000000	17.520224	0.0	0.0
42.044700	35.553600000	16.685328	0.0	0.0
42.502540	33.228300000	15.833786	0.0	0.0
42.965370	30.190000000	14.964835	0.0	0.0
43.433240	26.539600000	14.077712	0.0	0.0
43.906210	22.463400000	13.171593	0.0	0.0
44.384320	18.211300000	12.245646	0.0	0.0
44.867640	14.059500000	11.298938	0.0	0.0
45.356230	10.267000000	10.330503	0.0	0.0
45.850130	7.034240000	9.339368	0.0	0.0
46.349420	4.475000000	8.324426	0.0	0.0
46.854140	2.607210000	7.284598	0.0	0.0
47.364360	1.364330000	6.218688	0.0	0.0
47.880130	0.622710000	5.125482	0.0	0.0
48.401520	0.236073000	4.003671	0.0	0.0
48.928590	0.067557500	2.851904	0.0	0.0
49.461390	0.011250300	1.668799	0.0	0.0
50.000000	0.000098112	0.452846	0.0	0.0

