# UNCLASSIFIED
#
# Response info for H06S short_period site.
#
# Effective: 29 Nov 2005
# Creation date: 24 Jan 2007
# File name: H06S_sp_rsp.txt
#
# Source: James Neely (TTD), TSgt Walkup (TTD)
# System equipment: Geotech GS13 seismometer, Europa-T digitizer
#
# The response file was derived from equations of state.
# Displacement response normalized to 1.0 at 5.0 Hz.
#
# The calib values for this configuration are as follows:
#
# H06S1 EHZ is 0.007958 nm/count at 5.0 Hz.
# H06S1 EHN is 0.007958 nm/count at 5.0 Hz.
# H06S1 EHE is 0.007958 nm/count at 5.0 Hz.
#
# Freq(Hz)     Amp(counts/nm)    Phase(deg)   Error(amp) Error(phase)
#
 theoretical  0       system    fap   J.Neely
1000
0.010000	0.000000200	269.189538	0.0	0.0
0.010086	0.000000205	269.182599	0.0	0.0
0.010172	0.000000211	269.175599	0.0	0.0
0.010259	0.000000216	269.168540	0.0	0.0
0.010347	0.000000222	269.161421	0.0	0.0
0.010436	0.000000227	269.154240	0.0	0.0
0.010525	0.000000233	269.146998	0.0	0.0
0.010615	0.000000239	269.139694	0.0	0.0
0.010706	0.000000246	269.132327	0.0	0.0
0.010798	0.000000252	269.124897	0.0	0.0
0.010890	0.000000258	269.117404	0.0	0.0
0.010983	0.000000265	269.109847	0.0	0.0
0.011077	0.000000272	269.102224	0.0	0.0
0.011172	0.000000279	269.094537	0.0	0.0
0.011268	0.000000286	269.086783	0.0	0.0
0.011364	0.000000294	269.078964	0.0	0.0
0.011462	0.000000301	269.071077	0.0	0.0
0.011560	0.000000309	269.063122	0.0	0.0
0.011659	0.000000317	269.055100	0.0	0.0
0.011758	0.000000325	269.047009	0.0	0.0
0.011859	0.000000334	269.038848	0.0	0.0
0.011961	0.000000342	269.030618	0.0	0.0
0.012063	0.000000351	269.022317	0.0	0.0
0.012166	0.000000360	269.013946	0.0	0.0
0.012271	0.000000370	269.005502	0.0	0.0
0.012376	0.000000379	268.996986	0.0	0.0
0.012482	0.000000389	268.988397	0.0	0.0
0.012588	0.000000399	268.979734	0.0	0.0
0.012696	0.000000410	268.970998	0.0	0.0
0.012805	0.000000420	268.962186	0.0	0.0
0.012915	0.000000431	268.953299	0.0	0.0
0.013025	0.000000442	268.944337	0.0	0.0
0.013137	0.000000454	268.935297	0.0	0.0
0.013249	0.000000465	268.926179	0.0	0.0
0.013363	0.000000478	268.916984	0.0	0.0
0.013477	0.000000490	268.907710	0.0	0.0
0.013592	0.000000503	268.898357	0.0	0.0
0.013709	0.000000516	268.888923	0.0	0.0
0.013826	0.000000529	268.879409	0.0	0.0
0.013945	0.000000543	268.869813	0.0	0.0
0.014064	0.000000557	268.860134	0.0	0.0
0.014184	0.000000571	268.850374	0.0	0.0
0.014306	0.000000586	268.840529	0.0	0.0
0.014428	0.000000601	268.830600	0.0	0.0
0.014552	0.000000617	268.820586	0.0	0.0
0.014676	0.000000633	268.810487	0.0	0.0
0.014802	0.000000649	268.800300	0.0	0.0
0.014929	0.000000666	268.790027	0.0	0.0
0.015057	0.000000683	268.779665	0.0	0.0
0.015186	0.000000701	268.769214	0.0	0.0
0.015316	0.000000719	268.758674	0.0	0.0
0.015447	0.000000738	268.748045	0.0	0.0
0.015579	0.000000757	268.737323	0.0	0.0
0.015712	0.000000776	268.726510	0.0	0.0
0.015847	0.000000796	268.715605	0.0	0.0
0.015983	0.000000817	268.704606	0.0	0.0
0.016119	0.000000838	268.693512	0.0	0.0
0.016257	0.000000860	268.682324	0.0	0.0
0.016397	0.000000882	268.671039	0.0	0.0
0.016537	0.000000905	268.659659	0.0	0.0
0.016679	0.000000929	268.648181	0.0	0.0
0.016821	0.000000953	268.636604	0.0	0.0
0.016965	0.000000977	268.624928	0.0	0.0
0.017111	0.000001003	268.613152	0.0	0.0
0.017257	0.000001029	268.601275	0.0	0.0
0.017405	0.000001055	268.589297	0.0	0.0
0.017554	0.000001083	268.577216	0.0	0.0
0.017704	0.000001111	268.565031	0.0	0.0
0.017856	0.000001139	268.552742	0.0	0.0
0.018009	0.000001169	268.540347	0.0	0.0
0.018163	0.000001199	268.527847	0.0	0.0
0.018318	0.000001230	268.515240	0.0	0.0
0.018475	0.000001262	268.502524	0.0	0.0
0.018634	0.000001295	268.489699	0.0	0.0
0.018793	0.000001328	268.476765	0.0	0.0
0.018954	0.000001363	268.463720	0.0	0.0
0.019116	0.000001398	268.450562	0.0	0.0
0.019280	0.000001434	268.437292	0.0	0.0
0.019445	0.000001472	268.423909	0.0	0.0
0.019612	0.000001510	268.410411	0.0	0.0
0.019779	0.000001549	268.396797	0.0	0.0
0.019949	0.000001589	268.383066	0.0	0.0
0.020120	0.000001630	268.369219	0.0	0.0
0.020292	0.000001672	268.355251	0.0	0.0
0.020466	0.000001716	268.341165	0.0	0.0
0.020641	0.000001760	268.326958	0.0	0.0
0.020818	0.000001806	268.312629	0.0	0.0
0.020996	0.000001852	268.298177	0.0	0.0
0.021176	0.000001900	268.283602	0.0	0.0
0.021357	0.000001950	268.268901	0.0	0.0
0.021540	0.000002000	268.254075	0.0	0.0
0.021724	0.000002052	268.239121	0.0	0.0
0.021910	0.000002105	268.224039	0.0	0.0
0.022098	0.000002160	268.208828	0.0	0.0
0.022287	0.000002216	268.193487	0.0	0.0
0.022478	0.000002273	268.178013	0.0	0.0
0.022670	0.000002332	268.162409	0.0	0.0
0.022864	0.000002392	268.146669	0.0	0.0
0.023060	0.000002454	268.130795	0.0	0.0
0.023258	0.000002518	268.114785	0.0	0.0
0.023457	0.000002583	268.098637	0.0	0.0
0.023658	0.000002650	268.082352	0.0	0.0
0.023860	0.000002719	268.065926	0.0	0.0
0.024064	0.000002789	268.049360	0.0	0.0
0.024270	0.000002861	268.032651	0.0	0.0
0.024478	0.000002935	268.015801	0.0	0.0
0.024688	0.000003012	267.998804	0.0	0.0
0.024899	0.000003090	267.981663	0.0	0.0
0.025112	0.000003170	267.964375	0.0	0.0
0.025327	0.000003252	267.946937	0.0	0.0
0.025544	0.000003336	267.929351	0.0	0.0
0.025763	0.000003422	267.911614	0.0	0.0
0.025984	0.000003511	267.893725	0.0	0.0
0.026206	0.000003602	267.875682	0.0	0.0
0.026430	0.000003695	267.857485	0.0	0.0
0.026657	0.000003791	267.839132	0.0	0.0
0.026885	0.000003889	267.820621	0.0	0.0
0.027115	0.000003990	267.801952	0.0	0.0
0.027347	0.000004093	267.783123	0.0	0.0
0.027582	0.000004199	267.764132	0.0	0.0
0.027818	0.000004308	267.744978	0.0	0.0
0.028056	0.000004420	267.725660	0.0	0.0
0.028296	0.000004534	267.706176	0.0	0.0
0.028538	0.000004652	267.686526	0.0	0.0
0.028783	0.000004772	267.666707	0.0	0.0
0.029029	0.000004896	267.646718	0.0	0.0
0.029278	0.000005023	267.626557	0.0	0.0
0.029528	0.000005153	267.606223	0.0	0.0
0.029781	0.000005286	267.585716	0.0	0.0
0.030036	0.000005423	267.565031	0.0	0.0
0.030293	0.000005564	267.544170	0.0	0.0
0.030553	0.000005708	267.523130	0.0	0.0
0.030814	0.000005856	267.501910	0.0	0.0
0.031078	0.000006008	267.480507	0.0	0.0
0.031344	0.000006163	267.458920	0.0	0.0
0.031613	0.000006323	267.437149	0.0	0.0
0.031883	0.000006487	267.415190	0.0	0.0
0.032156	0.000006655	267.393043	0.0	0.0
0.032432	0.000006827	267.370707	0.0	0.0
0.032709	0.000007004	267.348178	0.0	0.0
0.032989	0.000007186	267.325457	0.0	0.0
0.033272	0.000007372	267.302540	0.0	0.0
0.033557	0.000007563	267.279427	0.0	0.0
0.033844	0.000007759	267.256115	0.0	0.0
0.034134	0.000007960	267.232603	0.0	0.0
0.034426	0.000008166	267.208889	0.0	0.0
0.034721	0.000008377	267.184972	0.0	0.0
0.035018	0.000008594	267.160850	0.0	0.0
0.035318	0.000008817	267.136520	0.0	0.0
0.035620	0.000009046	267.111983	0.0	0.0
0.035925	0.000009280	267.087234	0.0	0.0
0.036233	0.000009520	267.062272	0.0	0.0
0.036543	0.000009767	267.037097	0.0	0.0
0.036856	0.000010020	267.011705	0.0	0.0
0.037172	0.000010280	266.986095	0.0	0.0
0.037490	0.000010546	266.960266	0.0	0.0
0.037811	0.000010819	266.934215	0.0	0.0
0.038135	0.000011099	266.907939	0.0	0.0
0.038461	0.000011387	266.881439	0.0	0.0
0.038790	0.000011682	266.854711	0.0	0.0
0.039123	0.000011985	266.827753	0.0	0.0
0.039458	0.000012295	266.800563	0.0	0.0
0.039795	0.000012614	266.773140	0.0	0.0
0.040136	0.000012940	266.745482	0.0	0.0
0.040480	0.000013276	266.717586	0.0	0.0
0.040826	0.000013620	266.689451	0.0	0.0
0.041176	0.000013972	266.661074	0.0	0.0
0.041529	0.000014334	266.632452	0.0	0.0
0.041884	0.000014706	266.603585	0.0	0.0
0.042243	0.000015087	266.574470	0.0	0.0
0.042604	0.000015478	266.545105	0.0	0.0
0.042969	0.000015879	266.515487	0.0	0.0
0.043337	0.000016290	266.485615	0.0	0.0
0.043708	0.000016712	266.455487	0.0	0.0
0.044082	0.000017145	266.425099	0.0	0.0
0.044460	0.000017589	266.394450	0.0	0.0
0.044840	0.000018045	266.363538	0.0	0.0
0.045224	0.000018512	266.332359	0.0	0.0
0.045612	0.000018992	266.300913	0.0	0.0
0.046002	0.000019484	266.269196	0.0	0.0
0.046396	0.000019989	266.237207	0.0	0.0
0.046793	0.000020506	266.204943	0.0	0.0
0.047194	0.000021038	266.172401	0.0	0.0
0.047598	0.000021583	266.139580	0.0	0.0
0.048006	0.000022142	266.106475	0.0	0.0
0.048417	0.000022715	266.073086	0.0	0.0
0.048831	0.000023304	266.039411	0.0	0.0
0.049249	0.000023908	266.005445	0.0	0.0
0.049671	0.000024527	265.971187	0.0	0.0
0.050096	0.000025162	265.936635	0.0	0.0
0.050525	0.000025814	265.901785	0.0	0.0
0.050958	0.000026483	265.866635	0.0	0.0
0.051394	0.000027169	265.831182	0.0	0.0
0.051834	0.000027873	265.795425	0.0	0.0
0.052278	0.000028595	265.759360	0.0	0.0
0.052726	0.000029336	265.722983	0.0	0.0
0.053177	0.000030096	265.686295	0.0	0.0
0.053632	0.000030876	265.649290	0.0	0.0
0.054092	0.000031676	265.611966	0.0	0.0
0.054555	0.000032496	265.574321	0.0	0.0
0.055022	0.000033338	265.536352	0.0	0.0
0.055493	0.000034202	265.498056	0.0	0.0
0.055968	0.000035088	265.459430	0.0	0.0
0.056447	0.000035997	265.420471	0.0	0.0
0.056931	0.000036930	265.381176	0.0	0.0
0.057418	0.000037886	265.341543	0.0	0.0
0.057910	0.000038868	265.301568	0.0	0.0
0.058405	0.000039875	265.261249	0.0	0.0
0.058906	0.000040908	265.220581	0.0	0.0
0.059410	0.000041967	265.179564	0.0	0.0
0.059919	0.000043055	265.138192	0.0	0.0
0.060432	0.000044170	265.096464	0.0	0.0
0.060949	0.000045314	265.054377	0.0	0.0
0.061471	0.000046488	265.011926	0.0	0.0
0.061997	0.000047693	264.969109	0.0	0.0
0.062528	0.000048928	264.925923	0.0	0.0
0.063063	0.000050196	264.882363	0.0	0.0
0.063603	0.000051496	264.838428	0.0	0.0
0.064148	0.000052830	264.794114	0.0	0.0
0.064697	0.000054199	264.749418	0.0	0.0
0.065251	0.000055603	264.704335	0.0	0.0
0.065810	0.000057044	264.658863	0.0	0.0
0.066373	0.000058521	264.612998	0.0	0.0
0.066942	0.000060038	264.566737	0.0	0.0
0.067515	0.000061593	264.520077	0.0	0.0
0.068093	0.000063189	264.473014	0.0	0.0
0.068676	0.000064826	264.425543	0.0	0.0
0.069264	0.000066505	264.377663	0.0	0.0
0.069857	0.000068228	264.329369	0.0	0.0
0.070455	0.000069996	264.280657	0.0	0.0
0.071058	0.000071809	264.231524	0.0	0.0
0.071667	0.000073669	264.181966	0.0	0.0
0.072280	0.000075578	264.131980	0.0	0.0
0.072899	0.000077536	264.081561	0.0	0.0
0.073523	0.000079544	264.030706	0.0	0.0
0.074153	0.000081605	263.979411	0.0	0.0
0.074788	0.000083719	263.927672	0.0	0.0
0.075428	0.000085888	263.875485	0.0	0.0
0.076074	0.000088113	263.822846	0.0	0.0
0.076725	0.000090396	263.769751	0.0	0.0
0.077382	0.000092738	263.716196	0.0	0.0
0.078045	0.000095140	263.662178	0.0	0.0
0.078713	0.000097605	263.607691	0.0	0.0
0.079387	0.000100134	263.552733	0.0	0.0
0.080067	0.000102728	263.497297	0.0	0.0
0.080752	0.000105389	263.441382	0.0	0.0
0.081444	0.000108119	263.384980	0.0	0.0
0.082141	0.000110920	263.328091	0.0	0.0
0.082844	0.000113794	263.270707	0.0	0.0
0.083554	0.000116742	263.212826	0.0	0.0
0.084269	0.000119766	263.154442	0.0	0.0
0.084991	0.000122869	263.095550	0.0	0.0
0.085718	0.000126052	263.036148	0.0	0.0
0.086452	0.000129317	262.976230	0.0	0.0
0.087192	0.000132667	262.915791	0.0	0.0
0.087939	0.000136104	262.854827	0.0	0.0
0.088692	0.000139630	262.793333	0.0	0.0
0.089451	0.000143247	262.731304	0.0	0.0
0.090217	0.000146958	262.668737	0.0	0.0
0.090990	0.000150766	262.605624	0.0	0.0
0.091769	0.000154671	262.541963	0.0	0.0
0.092555	0.000158678	262.477748	0.0	0.0
0.093347	0.000162788	262.412974	0.0	0.0
0.094146	0.000167006	262.347634	0.0	0.0
0.094952	0.000171332	262.281727	0.0	0.0
0.095765	0.000175771	262.215245	0.0	0.0
0.096585	0.000180324	262.148184	0.0	0.0
0.097412	0.000184995	262.080537	0.0	0.0
0.098246	0.000189788	262.012301	0.0	0.0
0.099088	0.000194705	261.943470	0.0	0.0
0.099936	0.000199748	261.874039	0.0	0.0
0.100792	0.000204923	261.804000	0.0	0.0
0.101655	0.000210232	261.733350	0.0	0.0
0.102525	0.000215677	261.662082	0.0	0.0
0.103403	0.000221265	261.590196	0.0	0.0
0.104288	0.000226996	261.517674	0.0	0.0
0.105181	0.000232878	261.444525	0.0	0.0
0.106082	0.000238910	261.370732	0.0	0.0
0.106990	0.000245098	261.296294	0.0	0.0
0.107906	0.000251448	261.221211	0.0	0.0
0.108830	0.000257962	261.145466	0.0	0.0
0.109762	0.000264644	261.069058	0.0	0.0
0.110702	0.000271499	260.991979	0.0	0.0
0.111649	0.000278532	260.914220	0.0	0.0
0.112605	0.000285748	260.835781	0.0	0.0
0.113570	0.000293149	260.756660	0.0	0.0
0.114542	0.000300743	260.676841	0.0	0.0
0.115523	0.000308534	260.596324	0.0	0.0
0.116512	0.000316527	260.515091	0.0	0.0
0.117509	0.000324726	260.433159	0.0	0.0
0.118516	0.000333138	260.350493	0.0	0.0
0.119530	0.000341766	260.267109	0.0	0.0
0.120554	0.000350620	260.182983	0.0	0.0
0.121586	0.000359701	260.098122	0.0	0.0
0.122627	0.000369019	260.012516	0.0	0.0
0.123677	0.000378579	259.926150	0.0	0.0
0.124736	0.000388385	259.839029	0.0	0.0
0.125804	0.000398444	259.751138	0.0	0.0
0.126881	0.000408766	259.662466	0.0	0.0
0.127967	0.000419353	259.573023	0.0	0.0
0.129063	0.000430217	259.482781	0.0	0.0
0.130168	0.000441359	259.391740	0.0	0.0
0.131283	0.000452791	259.299900	0.0	0.0
0.132407	0.000464519	259.207243	0.0	0.0
0.133540	0.000476552	259.113776	0.0	0.0
0.134684	0.000488895	259.019475	0.0	0.0
0.135837	0.000501558	258.924337	0.0	0.0
0.137000	0.000514549	258.828354	0.0	0.0
0.138173	0.000527875	258.731524	0.0	0.0
0.139356	0.000541548	258.633831	0.0	0.0
0.140549	0.000555575	258.535282	0.0	0.0
0.141753	0.000569965	258.435841	0.0	0.0
0.142966	0.000584726	258.335526	0.0	0.0
0.144191	0.000599871	258.234318	0.0	0.0
0.145425	0.000615407	258.132216	0.0	0.0
0.146670	0.000631346	258.029195	0.0	0.0
0.147926	0.000647697	257.925260	0.0	0.0
0.149193	0.000664471	257.820396	0.0	0.0
0.150470	0.000681680	257.714599	0.0	0.0
0.151758	0.000699335	257.607862	0.0	0.0
0.153058	0.000717445	257.500165	0.0	0.0
0.154368	0.000736025	257.391508	0.0	0.0
0.155690	0.000755086	257.281873	0.0	0.0
0.157023	0.000774640	257.171266	0.0	0.0
0.158368	0.000794701	257.059662	0.0	0.0
0.159723	0.000815281	256.947067	0.0	0.0
0.161091	0.000836392	256.833454	0.0	0.0
0.162470	0.000858051	256.718823	0.0	0.0
0.163861	0.000880270	256.603163	0.0	0.0
0.165264	0.000903064	256.486464	0.0	0.0
0.166679	0.000926449	256.368717	0.0	0.0
0.168107	0.000950437	256.249903	0.0	0.0
0.169546	0.000975047	256.130029	0.0	0.0
0.170998	0.001000293	256.009068	0.0	0.0
0.172462	0.001026192	255.887018	0.0	0.0
0.173938	0.001052763	255.763861	0.0	0.0
0.175428	0.001080020	255.639603	0.0	0.0
0.176930	0.001107982	255.514208	0.0	0.0
0.178445	0.001136667	255.387684	0.0	0.0
0.179973	0.001166095	255.260012	0.0	0.0
0.181513	0.001196283	255.131188	0.0	0.0
0.183068	0.001227253	255.001187	0.0	0.0
0.184635	0.001259022	254.870015	0.0	0.0
0.186216	0.001291615	254.737643	0.0	0.0
0.187810	0.001325049	254.604070	0.0	0.0
0.189418	0.001359347	254.469277	0.0	0.0
0.191040	0.001394534	254.333261	0.0	0.0
0.192676	0.001430630	254.196003	0.0	0.0
0.194326	0.001467657	254.057492	0.0	0.0
0.195990	0.001505648	253.917709	0.0	0.0
0.197668	0.001544614	253.776652	0.0	0.0
0.199360	0.001584586	253.634308	0.0	0.0
0.201067	0.001625591	253.490650	0.0	0.0
0.202789	0.001667657	253.345676	0.0	0.0
0.204525	0.001710814	253.199374	0.0	0.0
0.206276	0.001755088	253.051732	0.0	0.0
0.208042	0.001800495	252.902723	0.0	0.0
0.209824	0.001847091	252.752343	0.0	0.0
0.211620	0.001894876	252.600572	0.0	0.0
0.213432	0.001943892	252.447408	0.0	0.0
0.215259	0.001994183	252.292829	0.0	0.0
0.217103	0.002045775	252.136815	0.0	0.0
0.218961	0.002098698	251.979355	0.0	0.0
0.220836	0.002152979	251.820437	0.0	0.0
0.222727	0.002208662	251.660049	0.0	0.0
0.224634	0.002265789	251.498169	0.0	0.0
0.226557	0.002324388	251.334777	0.0	0.0
0.228497	0.002384501	251.169870	0.0	0.0
0.230454	0.002446157	251.003426	0.0	0.0
0.232427	0.002509413	250.835425	0.0	0.0
0.234417	0.002574296	250.665853	0.0	0.0
0.236424	0.002640849	250.494698	0.0	0.0
0.238448	0.002709115	250.321939	0.0	0.0
0.240490	0.002779151	250.147563	0.0	0.0
0.242549	0.002850984	249.971539	0.0	0.0
0.244626	0.002924671	249.793872	0.0	0.0
0.246720	0.003000255	249.614532	0.0	0.0
0.248833	0.003077792	249.433496	0.0	0.0
0.250963	0.003157325	249.250759	0.0	0.0
0.253112	0.003238896	249.066291	0.0	0.0
0.255279	0.003322576	248.880079	0.0	0.0
0.257465	0.003408393	248.692099	0.0	0.0
0.259670	0.003496433	248.502347	0.0	0.0
0.261893	0.003586737	248.310791	0.0	0.0
0.264135	0.003679363	248.117409	0.0	0.0
0.266397	0.003774367	247.922186	0.0	0.0
0.268678	0.003871819	247.725108	0.0	0.0
0.270978	0.003971762	247.526143	0.0	0.0
0.273298	0.004074282	247.325286	0.0	0.0
0.275638	0.004179434	247.122495	0.0	0.0
0.277998	0.004287289	246.917774	0.0	0.0
0.280379	0.004397905	246.711080	0.0	0.0
0.282779	0.004511366	246.502408	0.0	0.0
0.285201	0.004627742	246.291717	0.0	0.0
0.287643	0.004747091	246.079007	0.0	0.0
0.290105	0.004869498	245.864248	0.0	0.0
0.292589	0.004995046	245.647404	0.0	0.0
0.295095	0.005123808	245.428470	0.0	0.0
0.297621	0.005255867	245.207420	0.0	0.0
0.300169	0.005391309	244.984222	0.0	0.0
0.302740	0.005530205	244.758858	0.0	0.0
0.305332	0.005672668	244.531304	0.0	0.0
0.307946	0.005818754	244.301535	0.0	0.0
0.310583	0.005968592	244.069525	0.0	0.0
0.313242	0.006122236	243.835257	0.0	0.0
0.315924	0.006279816	243.598689	0.0	0.0
0.318629	0.006441401	243.359811	0.0	0.0
0.321357	0.006607120	243.118598	0.0	0.0
0.324109	0.006777056	242.875015	0.0	0.0
0.326884	0.006951309	242.629036	0.0	0.0
0.329682	0.007130007	242.380643	0.0	0.0
0.332505	0.007313248	242.129800	0.0	0.0
0.335352	0.007501146	241.876481	0.0	0.0
0.338224	0.007693815	241.620668	0.0	0.0
0.341120	0.007891380	241.362316	0.0	0.0
0.344040	0.008093956	241.101416	0.0	0.0
0.346986	0.008301656	240.837932	0.0	0.0
0.349957	0.008514621	240.571826	0.0	0.0
0.352953	0.008732979	240.303090	0.0	0.0
0.355975	0.008956858	240.031668	0.0	0.0
0.359023	0.009186384	239.757552	0.0	0.0
0.362097	0.009421727	239.480704	0.0	0.0
0.365198	0.009662987	239.201086	0.0	0.0
0.368324	0.009910333	238.918689	0.0	0.0
0.371478	0.010163892	238.633458	0.0	0.0
0.374659	0.010423836	238.345373	0.0	0.0
0.377867	0.010690318	238.054414	0.0	0.0
0.381102	0.010963482	237.760526	0.0	0.0
0.384365	0.011243482	237.463689	0.0	0.0
0.387656	0.011530502	237.163874	0.0	0.0
0.390975	0.011824713	236.861053	0.0	0.0
0.394323	0.012126270	236.555179	0.0	0.0
0.397699	0.012435343	236.246222	0.0	0.0
0.401104	0.012752116	235.934153	0.0	0.0
0.404539	0.013076773	235.618944	0.0	0.0
0.408002	0.013409498	235.300556	0.0	0.0
0.411496	0.013750488	234.978952	0.0	0.0
0.415019	0.014099915	234.654101	0.0	0.0
0.418572	0.014458033	234.325976	0.0	0.0
0.422156	0.014824912	233.994528	0.0	0.0
0.425771	0.015200849	233.659729	0.0	0.0
0.429416	0.015586129	233.321550	0.0	0.0
0.433093	0.015980750	232.979943	0.0	0.0
0.436801	0.016385138	232.634890	0.0	0.0
0.440541	0.016799434	232.286352	0.0	0.0
0.444313	0.017223779	231.934283	0.0	0.0
0.448118	0.017658599	231.578654	0.0	0.0
0.451955	0.018103892	231.219429	0.0	0.0
0.455824	0.018560085	230.856578	0.0	0.0
0.459727	0.019027318	230.490066	0.0	0.0
0.463663	0.019505732	230.119846	0.0	0.0
0.467633	0.019995754	229.745901	0.0	0.0
0.471637	0.020497665	229.368176	0.0	0.0
0.475675	0.021011465	228.986654	0.0	0.0
0.479748	0.021537721	228.601291	0.0	0.0
0.483856	0.022076433	228.212052	0.0	0.0
0.487999	0.022628025	227.818901	0.0	0.0
0.492177	0.023192640	227.421816	0.0	0.0
0.496391	0.023770701	227.020753	0.0	0.0
0.500641	0.024362350	226.615679	0.0	0.0
0.504928	0.024968011	226.206562	0.0	0.0
0.509251	0.025587827	225.793371	0.0	0.0
0.513612	0.026222081	225.376085	0.0	0.0
0.518009	0.026871196	224.954644	0.0	0.0
0.522445	0.027535315	224.529040	0.0	0.0
0.526918	0.028214720	224.099243	0.0	0.0
0.531429	0.028909837	223.665207	0.0	0.0
0.535980	0.029620948	223.226915	0.0	0.0
0.540569	0.030348195	222.784343	0.0	0.0
0.545197	0.031092144	222.337455	0.0	0.0
0.549865	0.031852795	221.886221	0.0	0.0
0.554573	0.032630715	221.430626	0.0	0.0
0.559322	0.033426044	220.970633	0.0	0.0
0.564111	0.034239207	220.506230	0.0	0.0
0.568941	0.035070347	220.037391	0.0	0.0
0.573812	0.035919887	219.564090	0.0	0.0
0.578725	0.036788252	219.086323	0.0	0.0
0.583680	0.037675442	218.604046	0.0	0.0
0.588678	0.038582024	218.117269	0.0	0.0
0.593718	0.039508280	217.625952	0.0	0.0
0.598802	0.040454352	217.130099	0.0	0.0
0.603929	0.041420665	216.629694	0.0	0.0
0.609100	0.042407502	216.124714	0.0	0.0
0.614315	0.043415287	215.615169	0.0	0.0
0.619575	0.044444020	215.101038	0.0	0.0
0.624880	0.045494268	214.582326	0.0	0.0
0.630230	0.046566171	214.059030	0.0	0.0
0.635626	0.047660156	213.531146	0.0	0.0
0.641068	0.048776362	212.998678	0.0	0.0
0.646557	0.049915216	212.461618	0.0	0.0
0.652093	0.051076716	211.919994	0.0	0.0
0.657676	0.052261430	211.373804	0.0	0.0
0.663308	0.053469498	210.823052	0.0	0.0
0.668987	0.054701062	210.267772	0.0	0.0
0.674715	0.055956546	209.707964	0.0	0.0
0.680492	0.057236235	209.143660	0.0	0.0
0.686318	0.058539986	208.574874	0.0	0.0
0.692195	0.059868507	208.001636	0.0	0.0
0.698122	0.061221515	207.423978	0.0	0.0
0.704099	0.062599717	206.841934	0.0	0.0
0.710128	0.064002831	206.255536	0.0	0.0
0.716208	0.065431423	205.664824	0.0	0.0
0.722340	0.066885350	205.069838	0.0	0.0
0.728525	0.068364897	204.470626	0.0	0.0
0.734763	0.069870347	203.867234	0.0	0.0
0.741054	0.071401557	203.259729	0.0	0.0
0.747399	0.072958811	202.648146	0.0	0.0
0.753798	0.074542109	202.032568	0.0	0.0
0.760252	0.076151734	201.413038	0.0	0.0
0.766762	0.077787544	200.789640	0.0	0.0
0.773327	0.079449682	200.162443	0.0	0.0
0.779948	0.081138146	199.531510	0.0	0.0
0.786626	0.082853079	198.896936	0.0	0.0
0.793361	0.084594338	198.258795	0.0	0.0
0.800154	0.086361925	197.617171	0.0	0.0
0.807005	0.088155980	196.972153	0.0	0.0
0.813915	0.089976221	196.323846	0.0	0.0
0.820884	0.091822788	195.672336	0.0	0.0
0.827913	0.093695683	195.017735	0.0	0.0
0.835001	0.095594621	194.360139	0.0	0.0
0.842151	0.097519462	193.699649	0.0	0.0
0.849361	0.099470205	193.036395	0.0	0.0
0.856634	0.101446709	192.370477	0.0	0.0
0.863968	0.103448832	191.702024	0.0	0.0
0.871366	0.105476433	191.031151	0.0	0.0
0.878827	0.107529087	190.357976	0.0	0.0
0.886351	0.109606794	189.682630	0.0	0.0
0.893940	0.111709413	189.005248	0.0	0.0
0.901594	0.113836660	188.325965	0.0	0.0
0.909314	0.115988110	187.644905	0.0	0.0
0.917100	0.118163765	186.962209	0.0	0.0
0.924952	0.120363057	186.278014	0.0	0.0
0.932872	0.122586129	185.592467	0.0	0.0
0.940859	0.124832272	184.905709	0.0	0.0
0.948915	0.127101486	184.217884	0.0	0.0
0.957040	0.129393206	183.529144	0.0	0.0
0.965234	0.131707289	182.839619	0.0	0.0
0.973498	0.134043454	182.149475	0.0	0.0
0.981834	0.136401132	181.458861	0.0	0.0
0.990240	0.138780326	180.767918	0.0	0.0
0.998719	0.141180326	180.076798	0.0	0.0
1.007270	0.143600849	179.385653	0.0	0.0
1.015894	0.146042463	178.694667	0.0	0.0
1.024593	0.148502477	178.003866	0.0	0.0
1.033365	0.150983723	177.313608	0.0	0.0
1.042213	0.153483369	176.623857	0.0	0.0
1.051137	0.156001415	175.934812	0.0	0.0
1.060137	0.158537863	175.246671	0.0	0.0
1.069214	0.161092711	174.559554	0.0	0.0
1.078369	0.163665959	173.873581	0.0	0.0
1.087602	0.166256192	173.188944	0.0	0.0
1.096914	0.168864827	172.505760	0.0	0.0
1.106306	0.171489030	171.824146	0.0	0.0
1.115779	0.174128804	171.144218	0.0	0.0
1.125332	0.176785563	170.466232	0.0	0.0
1.134967	0.179459306	169.790227	0.0	0.0
1.144685	0.182147205	169.116314	0.0	0.0
1.154486	0.184850672	168.444669	0.0	0.0
1.164371	0.187569710	167.775397	0.0	0.0
1.174340	0.190302902	167.108669	0.0	0.0
1.184395	0.193050248	166.444518	0.0	0.0
1.194536	0.195811748	165.783109	0.0	0.0
1.204764	0.198588818	165.124537	0.0	0.0
1.215080	0.201377212	164.468895	0.0	0.0
1.225483	0.204181175	163.816399	0.0	0.0
1.235976	0.206997877	163.167010	0.0	0.0
1.246559	0.209827318	162.520875	0.0	0.0
1.257232	0.212670913	161.878134	0.0	0.0
1.267997	0.215527247	161.238806	0.0	0.0
1.278853	0.218396320	160.603083	0.0	0.0
1.289803	0.221276716	159.970919	0.0	0.0
1.300847	0.224171267	159.342442	0.0	0.0
1.311985	0.227078556	158.717773	0.0	0.0
1.323218	0.229997169	158.096974	0.0	0.0
1.334548	0.232928521	157.480047	0.0	0.0
1.345974	0.235872611	156.867157	0.0	0.0
1.357499	0.238828025	156.258250	0.0	0.0
1.369122	0.241796178	155.653481	0.0	0.0
1.380845	0.244777070	155.052843	0.0	0.0
1.392668	0.247770701	154.456432	0.0	0.0
1.404592	0.250775655	153.864285	0.0	0.0
1.416618	0.253794763	153.276441	0.0	0.0
1.428748	0.256825195	152.692885	0.0	0.0
1.440981	0.259868365	152.113745	0.0	0.0
1.453319	0.262924275	151.539001	0.0	0.0
1.465762	0.265992923	150.968724	0.0	0.0
1.478312	0.269074310	150.402893	0.0	0.0
1.490970	0.272168436	149.841527	0.0	0.0
1.503736	0.275276716	149.284689	0.0	0.0
1.516611	0.278397735	148.732393	0.0	0.0
1.529596	0.281531493	148.184652	0.0	0.0
1.542693	0.284680821	147.641435	0.0	0.0
1.555902	0.287842887	147.102791	0.0	0.0
1.569224	0.291019108	146.568726	0.0	0.0
1.582660	0.294209483	146.039244	0.0	0.0
1.596211	0.297414013	145.514346	0.0	0.0
1.609878	0.300634112	144.994033	0.0	0.0
1.623662	0.303868365	144.478301	0.0	0.0
1.637564	0.307118188	143.967148	0.0	0.0
1.651585	0.310382166	143.460566	0.0	0.0
1.665726	0.313663128	142.958550	0.0	0.0
1.679988	0.316959660	142.461089	0.0	0.0
1.694373	0.320273178	141.968140	0.0	0.0
1.708880	0.323602265	141.479759	0.0	0.0
1.723512	0.326948337	140.995864	0.0	0.0
1.738269	0.330311394	140.516476	0.0	0.0
1.753152	0.333691437	140.041577	0.0	0.0
1.768163	0.337089880	139.571119	0.0	0.0
1.783302	0.340506723	139.105117	0.0	0.0
1.798571	0.343940552	138.643519	0.0	0.0
1.813971	0.347392781	138.186307	0.0	0.0
1.829502	0.350864827	137.733489	0.0	0.0
1.845167	0.354355272	137.284985	0.0	0.0
1.860966	0.357865534	136.840803	0.0	0.0
1.876900	0.361397028	136.400919	0.0	0.0
1.892970	0.364946921	135.965308	0.0	0.0
1.909178	0.368518047	135.533921	0.0	0.0
1.925524	0.372110403	135.106757	0.0	0.0
1.942011	0.375722576	134.683739	0.0	0.0
1.958639	0.379357396	134.264869	0.0	0.0
1.975409	0.383013447	133.850120	0.0	0.0
1.992323	0.386692144	133.439439	0.0	0.0
2.009382	0.390393489	133.032802	0.0	0.0
2.026586	0.394117481	132.630203	0.0	0.0
2.043938	0.397865534	132.231569	0.0	0.0
2.061439	0.401636235	131.836872	0.0	0.0
2.079089	0.405432413	131.446107	0.0	0.0
2.096891	0.409251238	131.059202	0.0	0.0
2.114845	0.413095541	130.676151	0.0	0.0
2.132952	0.416965322	130.296925	0.0	0.0
2.151215	0.420860580	129.921454	0.0	0.0
2.169634	0.424781316	129.549730	0.0	0.0
2.188211	0.428728946	129.181707	0.0	0.0
2.206946	0.432702052	128.817373	0.0	0.0
2.225843	0.436702052	128.456644	0.0	0.0
2.244901	0.440730361	128.099531	0.0	0.0
2.264122	0.444786978	127.745985	0.0	0.0
2.283508	0.448870488	127.395960	0.0	0.0
2.303060	0.452982307	127.049430	0.0	0.0
2.322779	0.457123850	126.706367	0.0	0.0
2.342667	0.461295117	126.366725	0.0	0.0
2.362725	0.465494692	126.030477	0.0	0.0
2.382955	0.469725407	125.697580	0.0	0.0
2.403358	0.473985846	125.368006	0.0	0.0
2.423936	0.478276008	125.041713	0.0	0.0
2.444690	0.482598726	124.718675	0.0	0.0
2.465622	0.486952583	124.398850	0.0	0.0
2.486733	0.491338995	124.082212	0.0	0.0
2.508025	0.495757962	123.768720	0.0	0.0
2.529499	0.500208068	123.458349	0.0	0.0
2.551157	0.504693560	123.151060	0.0	0.0
2.573001	0.509210191	122.846813	0.0	0.0
2.595031	0.513762208	122.545598	0.0	0.0
2.617250	0.518348195	122.247362	0.0	0.0
2.639660	0.522969568	121.952070	0.0	0.0
2.662261	0.527624912	121.659710	0.0	0.0
2.685056	0.532317056	121.370232	0.0	0.0
2.708045	0.537044586	121.083627	0.0	0.0
2.731232	0.541807502	120.799834	0.0	0.0
2.754617	0.546608634	120.518843	0.0	0.0
2.778203	0.551446568	120.240607	0.0	0.0
2.801990	0.556321302	119.965117	0.0	0.0
2.825981	0.561234253	119.692328	0.0	0.0
2.850178	0.566185421	119.422207	0.0	0.0
2.874582	0.571176221	119.154734	0.0	0.0
2.899194	0.576206653	118.889887	0.0	0.0
2.924018	0.581275301	118.627614	0.0	0.0
2.949054	0.586384996	118.367906	0.0	0.0
2.974304	0.591534324	118.110732	0.0	0.0
2.999770	0.596724699	117.856063	0.0	0.0
3.025455	0.601957537	117.603859	0.0	0.0
3.051359	0.607231423	117.354112	0.0	0.0
3.077486	0.612546355	117.106775	0.0	0.0
3.103836	0.617905166	116.861838	0.0	0.0
3.130411	0.623306440	116.619274	0.0	0.0
3.157214	0.628753008	116.379047	0.0	0.0
3.184247	0.634242038	116.141132	0.0	0.0
3.211511	0.639774947	115.905511	0.0	0.0
3.239008	0.645353149	115.672158	0.0	0.0
3.266741	0.650976645	115.441040	0.0	0.0
3.294712	0.656645435	115.212133	0.0	0.0
3.322922	0.662360934	114.985422	0.0	0.0
3.351373	0.668123142	114.760881	0.0	0.0
3.380068	0.673932059	114.538480	0.0	0.0
3.409009	0.679789101	114.318196	0.0	0.0
3.438197	0.685694268	114.100015	0.0	0.0
3.467636	0.691647558	113.883899	0.0	0.0
3.497326	0.697648974	113.669841	0.0	0.0
3.527271	0.703699929	113.457806	0.0	0.0
3.557472	0.709801840	113.247780	0.0	0.0
3.587932	0.715953291	113.039735	0.0	0.0
3.618652	0.722155697	112.833658	0.0	0.0
3.649636	0.728409059	112.629517	0.0	0.0
3.680884	0.734714791	112.427304	0.0	0.0
3.712401	0.741072895	112.226981	0.0	0.0
3.744187	0.747483369	112.028543	0.0	0.0
3.776245	0.753947629	111.831964	0.0	0.0
3.808578	0.760464260	111.637221	0.0	0.0
3.841188	0.767036093	111.444296	0.0	0.0
3.874077	0.773663128	111.253171	0.0	0.0
3.907247	0.780345364	111.063829	0.0	0.0
3.940702	0.787082803	110.876243	0.0	0.0
3.974443	0.793876858	110.690401	0.0	0.0
4.008472	0.800726115	110.506288	0.0	0.0
4.042794	0.807634820	110.323871	0.0	0.0
4.077409	0.814600142	110.143145	0.0	0.0
4.112320	0.821624912	109.964090	0.0	0.0
4.147530	0.828707714	109.786686	0.0	0.0
4.183042	0.835849965	109.610913	0.0	0.0
4.218858	0.843053079	109.436757	0.0	0.0
4.254981	0.850315640	109.264199	0.0	0.0
4.291413	0.857639066	109.093224	0.0	0.0
4.328156	0.865024770	108.923820	0.0	0.0
4.365215	0.872472753	108.755958	0.0	0.0
4.402590	0.879983015	108.589636	0.0	0.0
4.440286	0.887556971	108.424827	0.0	0.0
4.478305	0.895194621	108.261518	0.0	0.0
4.516649	0.902895966	108.099696	0.0	0.0
4.555321	0.910663836	107.939346	0.0	0.0
4.594324	0.918496815	107.780452	0.0	0.0
4.633662	0.926394904	107.622993	0.0	0.0
4.673336	0.934360934	107.466962	0.0	0.0
4.713350	0.942393489	107.312340	0.0	0.0
4.753706	0.950493984	107.159116	0.0	0.0
4.794408	0.958663836	107.007272	0.0	0.0
4.835459	0.966903043	106.856792	0.0	0.0
4.876861	0.975211607	106.707668	0.0	0.0
4.918617	0.983589526	106.559884	0.0	0.0
4.960731	0.992039632	106.413424	0.0	0.0
5.003206	1.000561925	106.268274	0.0	0.0
5.046044	1.009154989	106.124426	0.0	0.0
5.089249	1.017821656	105.981861	0.0	0.0
5.132824	1.026561925	105.840569	0.0	0.0
5.176772	1.035375796	105.700536	0.0	0.0
5.221097	1.044264685	105.561748	0.0	0.0
5.265801	1.053230007	105.424195	0.0	0.0
5.310887	1.062270347	105.287866	0.0	0.0
5.356360	1.071388535	105.152743	0.0	0.0
5.402222	1.080583156	105.018818	0.0	0.0
5.448477	1.089855626	104.886078	0.0	0.0
5.495128	1.099208776	104.754510	0.0	0.0
5.542178	1.108641189	104.624105	0.0	0.0
5.589631	1.118152866	104.494849	0.0	0.0
5.637490	1.127745223	104.366732	0.0	0.0
5.685759	1.137419674	104.239741	0.0	0.0
5.734442	1.147177636	104.113864	0.0	0.0
5.783541	1.157016277	103.989094	0.0	0.0
5.833061	1.166941260	103.865416	0.0	0.0
5.883004	1.176949752	103.742823	0.0	0.0
5.933376	1.187043171	103.621298	0.0	0.0
5.984178	1.197222930	103.500838	0.0	0.0
6.035416	1.207489030	103.381426	0.0	0.0
6.087092	1.217842887	103.263057	0.0	0.0
6.139211	1.228284501	103.145716	0.0	0.0
6.191775	1.238815287	103.029398	0.0	0.0
6.244790	1.249436660	102.914089	0.0	0.0
6.298259	1.260148620	102.799779	0.0	0.0
6.352186	1.270951168	102.686459	0.0	0.0
6.406575	1.281845718	102.574120	0.0	0.0
6.461429	1.292833687	102.462752	0.0	0.0
6.516753	1.303915074	102.352346	0.0	0.0
6.572550	1.315092711	102.242893	0.0	0.0
6.628825	1.326363765	102.134383	0.0	0.0
6.685583	1.337731069	102.026804	0.0	0.0
6.742826	1.349196037	101.920152	0.0	0.0
6.800559	1.360760085	101.814415	0.0	0.0
6.858786	1.372420382	101.709586	0.0	0.0
6.917512	1.384182590	101.605654	0.0	0.0
6.976741	1.396042463	101.502610	0.0	0.0
7.036477	1.408007077	101.400448	0.0	0.0
7.096725	1.420070771	101.299157	0.0	0.0
7.157488	1.432243454	101.198731	0.0	0.0
7.218772	1.444515216	101.099159	0.0	0.0
7.280580	1.456886058	101.000435	0.0	0.0
7.342918	1.469370134	100.902549	0.0	0.0
7.405789	1.481953291	100.805495	0.0	0.0
7.469198	1.494663836	100.709264	0.0	0.0
7.533151	1.507459306	100.613846	0.0	0.0
7.597651	1.520382166	100.519237	0.0	0.0
7.662703	1.533404105	100.425427	0.0	0.0
7.728313	1.546539278	100.332407	0.0	0.0
7.794484	1.559787686	100.240172	0.0	0.0
7.861222	1.573149328	100.148714	0.0	0.0
7.928531	1.586624204	100.058025	0.0	0.0
7.996416	1.600212314	99.968098	0.0	0.0
8.064883	1.613927813	99.878924	0.0	0.0
8.133935	1.627756546	99.790499	0.0	0.0
8.203580	1.641698514	99.702812	0.0	0.0
8.273820	1.655753715	99.615860	0.0	0.0
8.344662	1.669936306	99.529633	0.0	0.0
8.416110	1.684246285	99.444126	0.0	0.0
8.488170	1.698669498	99.359330	0.0	0.0
8.560847	1.713220099	99.275240	0.0	0.0
8.634147	1.727883935	99.191848	0.0	0.0
8.708074	1.742689314	99.109148	0.0	0.0
8.782634	1.757622081	99.027133	0.0	0.0
8.857832	1.772668082	98.945798	0.0	0.0
8.933674	1.787855626	98.865135	0.0	0.0
9.010166	1.803156405	98.785137	0.0	0.0
9.087313	1.818612880	98.705799	0.0	0.0
9.165120	1.834182590	98.627115	0.0	0.0
9.243593	1.849893843	98.549078	0.0	0.0
9.322738	1.865732484	98.471681	0.0	0.0
9.402561	1.881712668	98.394919	0.0	0.0
9.483067	1.897834395	98.318787	0.0	0.0
9.564263	1.914083510	98.243276	0.0	0.0
9.646154	1.930474168	98.168382	0.0	0.0
9.728746	1.947006369	98.094100	0.0	0.0
9.812045	1.963680113	98.020422	0.0	0.0
9.896057	1.980495400	97.947344	0.0	0.0
9.980789	1.997452229	97.874860	0.0	0.0
10.066250	2.014564756	97.802960	0.0	0.0
10.152430	2.031818825	97.731653	0.0	0.0
10.239360	2.049214437	97.660913	0.0	0.0
10.327030	2.066765747	97.590747	0.0	0.0
10.415450	2.084458599	97.521148	0.0	0.0
10.504630	2.102307148	97.452107	0.0	0.0
10.594580	2.120311394	97.383616	0.0	0.0
10.685290	2.138471338	97.315682	0.0	0.0
10.776780	2.156786978	97.248291	0.0	0.0
10.869050	2.175244161	97.181441	0.0	0.0
10.962110	2.193871196	97.115125	0.0	0.0
11.055970	2.212668082	97.049336	0.0	0.0
11.150640	2.231606511	96.984066	0.0	0.0
11.246110	2.250714791	96.919322	0.0	0.0
11.342400	2.269992923	96.855091	0.0	0.0
11.439520	2.289426752	96.791364	0.0	0.0
11.537460	2.309030432	96.728149	0.0	0.0
11.636250	2.328803963	96.665426	0.0	0.0
11.735880	2.348747346	96.603202	0.0	0.0
11.836360	2.368860580	96.541468	0.0	0.0
11.937710	2.389143666	96.480213	0.0	0.0
12.039920	2.409596603	96.419444	0.0	0.0
12.143010	2.430233546	96.359147	0.0	0.0
12.246980	2.451040340	96.299322	0.0	0.0
12.351840	2.472031139	96.239964	0.0	0.0
12.457600	2.493191791	96.181066	0.0	0.0
12.564260	2.514536447	96.122629	0.0	0.0
12.671840	2.536079264	96.064641	0.0	0.0
12.780340	2.557791932	96.007102	0.0	0.0
12.889770	2.579688606	95.950007	0.0	0.0
13.000130	2.601783439	95.893355	0.0	0.0
13.111440	2.624062279	95.837136	0.0	0.0
13.223700	2.646525124	95.781349	0.0	0.0
13.336930	2.669186129	95.725986	0.0	0.0
13.451120	2.692045294	95.671049	0.0	0.0
13.566290	2.715088464	95.616530	0.0	0.0
13.682450	2.738329795	95.562424	0.0	0.0
13.799600	2.761783439	95.508731	0.0	0.0
13.917750	2.785435244	95.455445	0.0	0.0
14.036920	2.809285209	95.402557	0.0	0.0
14.157100	2.833333333	95.350073	0.0	0.0
14.278320	2.857593772	95.297978	0.0	0.0
14.400570	2.882066525	95.246277	0.0	0.0
14.523870	2.906737438	95.194961	0.0	0.0
14.648230	2.931620665	95.144026	0.0	0.0
14.773650	2.956730361	95.093472	0.0	0.0
14.900140	2.982038217	95.043294	0.0	0.0
15.027720	3.007572541	94.993485	0.0	0.0
15.156390	3.033319179	94.944045	0.0	0.0
15.286160	3.059292286	94.894969	0.0	0.0
15.417050	3.085491861	94.846250	0.0	0.0
15.549050	3.111903751	94.797891	0.0	0.0
15.682180	3.138556263	94.749885	0.0	0.0
15.816460	3.165421090	94.702225	0.0	0.0
15.951880	3.192526539	94.654915	0.0	0.0
16.088460	3.219858457	94.607946	0.0	0.0
16.226210	3.247430998	94.561316	0.0	0.0
16.365150	3.275230007	94.515017	0.0	0.0
16.505270	3.303269639	94.469053	0.0	0.0
16.646590	3.331549894	94.423418	0.0	0.0
16.789120	3.360084926	94.378107	0.0	0.0
16.932870	3.388846426	94.333119	0.0	0.0
17.077850	3.417862703	94.288448	0.0	0.0
17.224080	3.447119604	94.244090	0.0	0.0
17.371550	3.476645435	94.200047	0.0	0.0
17.520290	3.506411890	94.156310	0.0	0.0
17.670300	3.536433121	94.112879	0.0	0.0
17.821600	3.566709130	94.069749	0.0	0.0
17.974190	3.597239915	94.026918	0.0	0.0
18.128090	3.628039632	93.984382	0.0	0.0
18.283300	3.659108280	93.942140	0.0	0.0
18.439850	3.690431706	93.900185	0.0	0.0
18.597730	3.722024062	93.858518	0.0	0.0
18.756970	3.753899505	93.817132	0.0	0.0
18.917570	3.786029724	93.776026	0.0	0.0
19.079540	3.818443029	93.735199	0.0	0.0
19.242910	3.851139420	93.694642	0.0	0.0
19.407670	3.884104742	93.654359	0.0	0.0
19.573840	3.917367304	93.614343	0.0	0.0
19.741430	3.950898797	93.574592	0.0	0.0
19.910460	3.984727530	93.535102	0.0	0.0
20.080940	4.018839349	93.495871	0.0	0.0
20.252880	4.053248408	93.456895	0.0	0.0
20.426280	4.087954706	93.418176	0.0	0.0
20.601180	4.122958245	93.379703	0.0	0.0
20.777570	4.158244869	93.341480	0.0	0.0
20.955470	4.193857042	93.303501	0.0	0.0
21.134890	4.229752300	93.265765	0.0	0.0
21.315850	4.265973107	93.228266	0.0	0.0
21.498360	4.302491154	93.191005	0.0	0.0
21.682440	4.339320594	93.153975	0.0	0.0
21.868090	4.376475584	93.117177	0.0	0.0
22.055320	4.413941967	93.080609	0.0	0.0
22.244160	4.451733900	93.044265	0.0	0.0
22.434620	4.489851380	93.008144	0.0	0.0
22.626710	4.528280255	92.972242	0.0	0.0
22.820450	4.567048832	92.936557	0.0	0.0
23.015840	4.606157113	92.901088	0.0	0.0
23.212900	4.645590941	92.865832	0.0	0.0
23.411660	4.685364473	92.830784	0.0	0.0
23.612110	4.725477707	92.795944	0.0	0.0
23.814280	4.765930644	92.761309	0.0	0.0
24.018180	4.806723284	92.726875	0.0	0.0
24.223830	4.847883935	92.692640	0.0	0.0
24.431240	4.889384289	92.658602	0.0	0.0
24.640420	4.931238500	92.624759	0.0	0.0
24.851400	4.973460722	92.591107	0.0	0.0
25.064180	5.016036801	92.557645	0.0	0.0
25.278780	5.058980892	92.524370	0.0	0.0
25.495230	5.102278839	92.491278	0.0	0.0
25.713520	5.145973107	92.458370	0.0	0.0
25.933680	5.190021231	92.425641	0.0	0.0
26.155730	5.234451522	92.393089	0.0	0.0
26.379680	5.279263977	92.360712	0.0	0.0
26.605550	5.324458599	92.328507	0.0	0.0
26.833350	5.370035386	92.296473	0.0	0.0
27.063100	5.416008493	92.264606	0.0	0.0
27.294820	5.462377919	92.232905	0.0	0.0
27.528520	5.509143666	92.201367	0.0	0.0
27.764230	5.556305732	92.169989	0.0	0.0
28.001950	5.603864119	92.138770	0.0	0.0
28.241710	5.651847134	92.107707	0.0	0.0
28.483520	5.700226469	92.076798	0.0	0.0
28.727400	5.749016277	92.046041	0.0	0.0
28.973370	5.798230715	92.015433	0.0	0.0
29.221440	5.847869781	91.984973	0.0	0.0
29.471640	5.897933475	91.954658	0.0	0.0
29.723980	5.948421798	91.924485	0.0	0.0
29.978480	5.999348903	91.894453	0.0	0.0
30.235160	6.050700637	91.864559	0.0	0.0
30.494040	6.102491154	91.834801	0.0	0.0
30.755140	6.154734607	91.805176	0.0	0.0
31.018470	6.207430998	91.775684	0.0	0.0
31.284050	6.260566171	91.746322	0.0	0.0
31.551910	6.314154282	91.717087	0.0	0.0
31.822060	6.368209483	91.687978	0.0	0.0
32.094530	6.422717622	91.658991	0.0	0.0
32.369330	6.477692852	91.630125	0.0	0.0
32.646480	6.533149328	91.601379	0.0	0.0
32.926010	6.589072895	91.572749	0.0	0.0
33.207920	6.645477707	91.544235	0.0	0.0
33.492250	6.702363765	91.515833	0.0	0.0
33.779020	6.759731069	91.487542	0.0	0.0
34.068240	6.817593772	91.459359	0.0	0.0
34.359940	6.875951875	91.431283	0.0	0.0
34.654140	6.934819533	91.403310	0.0	0.0
34.950850	6.994168436	91.375442	0.0	0.0
35.250110	7.054041047	91.347672	0.0	0.0
35.551920	7.114423213	91.320002	0.0	0.0
35.856320	7.175329087	91.292428	0.0	0.0
36.163330	7.236744515	91.264948	0.0	0.0
36.472970	7.298683652	91.237560	0.0	0.0
36.785260	7.361160651	91.210263	0.0	0.0
37.100220	7.424161359	91.183054	0.0	0.0
37.417880	7.487714084	91.155932	0.0	0.0
37.738250	7.551804671	91.128894	0.0	0.0
38.061380	7.616447275	91.101938	0.0	0.0
38.387260	7.681641897	91.075063	0.0	0.0
38.715940	7.747388535	91.048266	0.0	0.0
39.047430	7.813701345	91.021546	0.0	0.0
39.381760	7.880580326	90.994901	0.0	0.0
39.718960	7.948025478	90.968327	0.0	0.0
40.059040	8.016050955	90.941825	0.0	0.0
40.402030	8.084628450	90.915391	0.0	0.0
40.747960	8.153404105	90.889025	0.0	0.0
41.096850	8.220990800	90.862723	0.0	0.0
41.448730	8.283099788	90.836484	0.0	0.0
41.803620	8.329483369	90.810307	0.0	0.0
42.161550	8.340042463	90.784188	0.0	0.0
42.522540	8.281910828	90.758127	0.0	0.0
42.886630	8.110106157	90.732121	0.0	0.0
43.253830	7.774621373	90.706169	0.0	0.0
43.624180	7.234366596	90.680269	0.0	0.0
43.997690	6.474706299	90.654418	0.0	0.0
44.374410	5.521698514	90.628615	0.0	0.0
44.754350	4.445208776	90.602858	0.0	0.0
45.137540	3.346553432	90.577145	0.0	0.0
45.524020	2.333404105	90.551474	0.0	0.0
45.913800	1.491309271	90.525844	0.0	0.0
46.306930	0.863473461	90.500252	0.0	0.0
46.703410	0.446686483	90.474697	0.0	0.0
47.103300	0.202897381	90.449176	0.0	0.0
47.506600	0.079088323	90.423689	0.0	0.0
47.913360	0.025620241	90.398233	0.0	0.0
48.323600	0.006573786	90.372806	0.0	0.0
48.737360	0.001234099	90.347406	0.0	0.0
49.154660	0.000145556	90.322031	0.0	0.0
49.575530	0.000007216	90.296680	0.0	0.0
50.000000	0.000000151	90.271352	0.0	0.0
