# UNCLASSIFIED
#
# Response info for YAK IDC short-period site.
#
# Effective: 28 OCT 2009
# Response Created: 19 APR 2011 
# File name: YAK.SP.1256688000
# Inid: 7588 7589 7590 
# Source:  James Neely (TTD), TSgt Gregory Swindle
# System equipment: Geotech GS-13 sensor and Quanterra Q680 digitizer
#
# This response file was derived from equations of state.
# Displacement response relative to 1.0 at 1.0 Hz.
#
# The calib values for this configuration are as follows:
#
# YAK SHZ is 0.024924 nm/count at 1.0 Hz.
# YAK SHN is 0.025311 nm/count at 1.0 Hz.
# YAK SHE is 0.024924 nm/count at 1.0 Hz.
#
# Freq(Hz)     Amp(counts/nm)   Phase(deg)  Error(amp)  Error(phase)
#
 theoretical  0       system    fap   J.Neely
1000
0.010000	0.000000203	353.083443	0.0	0.0
0.010076	0.000000209	353.030906	0.0	0.0
0.010153	0.000000216	352.977985	0.0	0.0
0.010231	0.000000223	352.924657	0.0	0.0
0.010309	0.000000229	352.870931	0.0	0.0
0.010388	0.000000236	352.816806	0.0	0.0
0.010467	0.000000244	352.762269	0.0	0.0
0.010547	0.000000251	352.707327	0.0	0.0
0.010628	0.000000259	352.651967	0.0	0.0
0.010709	0.000000267	352.596195	0.0	0.0
0.010791	0.000000275	352.540012	0.0	0.0
0.010873	0.000000284	352.483398	0.0	0.0
0.010956	0.000000292	352.426366	0.0	0.0
0.011040	0.000000301	352.368903	0.0	0.0
0.011124	0.000000311	352.311017	0.0	0.0
0.011209	0.000000320	352.252693	0.0	0.0
0.011295	0.000000330	352.193932	0.0	0.0
0.011381	0.000000340	352.134734	0.0	0.0
0.011468	0.000000351	352.075093	0.0	0.0
0.011555	0.000000362	352.015002	0.0	0.0
0.011644	0.000000373	351.954468	0.0	0.0
0.011733	0.000000384	351.893478	0.0	0.0
0.011822	0.000000396	351.832032	0.0	0.0
0.011912	0.000000408	351.770131	0.0	0.0
0.012003	0.000000421	351.707767	0.0	0.0
0.012095	0.000000434	351.644935	0.0	0.0
0.012187	0.000000447	351.581635	0.0	0.0
0.012281	0.000000461	351.517867	0.0	0.0
0.012374	0.000000475	351.453624	0.0	0.0
0.012469	0.000000490	351.388900	0.0	0.0
0.012564	0.000000505	351.323696	0.0	0.0
0.012660	0.000000520	351.258005	0.0	0.0
0.012757	0.000000536	351.191827	0.0	0.0
0.012854	0.000000553	351.125156	0.0	0.0
0.012952	0.000000570	351.057993	0.0	0.0
0.013051	0.000000587	350.990323	0.0	0.0
0.013151	0.000000605	350.922155	0.0	0.0
0.013251	0.000000624	350.853482	0.0	0.0
0.013353	0.000000643	350.784298	0.0	0.0
0.013455	0.000000663	350.714602	0.0	0.0
0.013557	0.000000683	350.644389	0.0	0.0
0.013661	0.000000704	350.573659	0.0	0.0
0.013765	0.000000726	350.502406	0.0	0.0
0.013870	0.000000748	350.430616	0.0	0.0
0.013976	0.000000771	350.358304	0.0	0.0
0.014083	0.000000795	350.285450	0.0	0.0
0.014191	0.000000820	350.212068	0.0	0.0
0.014299	0.000000845	350.138131	0.0	0.0
0.014408	0.000000871	350.063660	0.0	0.0
0.014518	0.000000898	349.988628	0.0	0.0
0.014629	0.000000925	349.913051	0.0	0.0
0.014741	0.000000954	349.836914	0.0	0.0
0.014853	0.000000983	349.760218	0.0	0.0
0.014967	0.000001013	349.682950	0.0	0.0
0.015081	0.000001044	349.605119	0.0	0.0
0.015196	0.000001076	349.526716	0.0	0.0
0.015312	0.000001109	349.447737	0.0	0.0
0.015429	0.000001143	349.368176	0.0	0.0
0.015547	0.000001179	349.288032	0.0	0.0
0.015666	0.000001215	349.207300	0.0	0.0
0.015786	0.000001252	349.125973	0.0	0.0
0.015906	0.000001290	349.044047	0.0	0.0
0.016028	0.000001330	348.961527	0.0	0.0
0.016150	0.000001371	348.878402	0.0	0.0
0.016273	0.000001413	348.794666	0.0	0.0
0.016398	0.000001456	348.710325	0.0	0.0
0.016523	0.000001501	348.625361	0.0	0.0
0.016649	0.000001547	348.539774	0.0	0.0
0.016776	0.000001595	348.453572	0.0	0.0
0.016904	0.000001644	348.366735	0.0	0.0
0.017033	0.000001694	348.279265	0.0	0.0
0.017164	0.000001746	348.191161	0.0	0.0
0.017295	0.000001799	348.102413	0.0	0.0
0.017427	0.000001855	348.013020	0.0	0.0
0.017560	0.000001911	347.922976	0.0	0.0
0.017694	0.000001970	347.832284	0.0	0.0
0.017829	0.000002031	347.740929	0.0	0.0
0.017965	0.000002093	347.648914	0.0	0.0
0.018102	0.000002157	347.556233	0.0	0.0
0.018241	0.000002223	347.462879	0.0	0.0
0.018380	0.000002291	347.368854	0.0	0.0
0.018520	0.000002361	347.274146	0.0	0.0
0.018662	0.000002434	347.178756	0.0	0.0
0.018804	0.000002508	347.082678	0.0	0.0
0.018948	0.000002585	346.985906	0.0	0.0
0.019093	0.000002664	346.888436	0.0	0.0
0.019239	0.000002746	346.790268	0.0	0.0
0.019386	0.000002830	346.691397	0.0	0.0
0.019534	0.000002916	346.591810	0.0	0.0
0.019683	0.000003006	346.491510	0.0	0.0
0.019833	0.000003098	346.390490	0.0	0.0
0.019985	0.000003192	346.288753	0.0	0.0
0.020137	0.000003290	346.186286	0.0	0.0
0.020291	0.000003391	346.083083	0.0	0.0
0.020446	0.000003494	345.979141	0.0	0.0
0.020602	0.000003601	345.874466	0.0	0.0
0.020759	0.000003711	345.769040	0.0	0.0
0.020918	0.000003825	345.662865	0.0	0.0
0.021078	0.000003942	345.555930	0.0	0.0
0.021239	0.000004062	345.448242	0.0	0.0
0.021401	0.000004186	345.339789	0.0	0.0
0.021564	0.000004314	345.230567	0.0	0.0
0.021729	0.000004446	345.120571	0.0	0.0
0.021895	0.000004582	345.009803	0.0	0.0
0.022062	0.000004722	344.898244	0.0	0.0
0.022231	0.000004866	344.785903	0.0	0.0
0.022401	0.000005014	344.672769	0.0	0.0
0.022572	0.000005167	344.558843	0.0	0.0
0.022744	0.000005325	344.444108	0.0	0.0
0.022918	0.000005487	344.328578	0.0	0.0
0.023093	0.000005655	344.212230	0.0	0.0
0.023269	0.000005827	344.095071	0.0	0.0
0.023447	0.000006005	343.977092	0.0	0.0
0.023626	0.000006188	343.858287	0.0	0.0
0.023806	0.000006376	343.738659	0.0	0.0
0.023988	0.000006571	343.618196	0.0	0.0
0.024171	0.000006771	343.496895	0.0	0.0
0.024356	0.000006977	343.374751	0.0	0.0
0.024542	0.000007189	343.251761	0.0	0.0
0.024730	0.000007408	343.127912	0.0	0.0
0.024918	0.000007634	343.003215	0.0	0.0
0.025109	0.000007866	342.877659	0.0	0.0
0.025300	0.000008105	342.751233	0.0	0.0
0.025494	0.000008352	342.623940	0.0	0.0
0.025688	0.000008606	342.495770	0.0	0.0
0.025885	0.000008867	342.366718	0.0	0.0
0.026082	0.000009137	342.236788	0.0	0.0
0.026282	0.000009415	342.105963	0.0	0.0
0.026482	0.000009701	341.974252	0.0	0.0
0.026685	0.000009995	341.841639	0.0	0.0
0.026888	0.000010299	341.708120	0.0	0.0
0.027094	0.000010611	341.573698	0.0	0.0
0.027301	0.000010933	341.438364	0.0	0.0
0.027509	0.000011265	341.302115	0.0	0.0
0.027719	0.000011607	341.164946	0.0	0.0
0.027931	0.000011959	341.026856	0.0	0.0
0.028144	0.000012322	340.887827	0.0	0.0
0.028359	0.000012695	340.747871	0.0	0.0
0.028576	0.000013080	340.606977	0.0	0.0
0.028794	0.000013476	340.465136	0.0	0.0
0.029014	0.000013884	340.322346	0.0	0.0
0.029236	0.000014304	340.178610	0.0	0.0
0.029459	0.000014737	340.033913	0.0	0.0
0.029684	0.000015183	339.888259	0.0	0.0
0.029911	0.000015642	339.741639	0.0	0.0
0.030139	0.000016115	339.594051	0.0	0.0
0.030369	0.000016603	339.445485	0.0	0.0
0.030601	0.000017104	339.295941	0.0	0.0
0.030835	0.000017621	339.145421	0.0	0.0
0.031070	0.000018153	338.993906	0.0	0.0
0.031308	0.000018701	338.841405	0.0	0.0
0.031547	0.000019266	338.687911	0.0	0.0
0.031788	0.000019847	338.533416	0.0	0.0
0.032030	0.000020446	338.377918	0.0	0.0
0.032275	0.000021062	338.221415	0.0	0.0
0.032522	0.000021697	338.063900	0.0	0.0
0.032770	0.000022350	337.905366	0.0	0.0
0.033020	0.000023024	337.745816	0.0	0.0
0.033272	0.000023717	337.585244	0.0	0.0
0.033527	0.000024431	337.423643	0.0	0.0
0.033783	0.000025166	337.261011	0.0	0.0
0.034041	0.000025923	337.097342	0.0	0.0
0.034301	0.000026702	336.932635	0.0	0.0
0.034563	0.000027504	336.766889	0.0	0.0
0.034827	0.000028330	336.600098	0.0	0.0
0.035093	0.000029181	336.432254	0.0	0.0
0.035361	0.000030057	336.263359	0.0	0.0
0.035631	0.000030959	336.093404	0.0	0.0
0.035903	0.000031887	335.922392	0.0	0.0
0.036177	0.000032843	335.750314	0.0	0.0
0.036453	0.000033828	335.577172	0.0	0.0
0.036732	0.000034841	335.402960	0.0	0.0
0.037012	0.000035884	335.227672	0.0	0.0
0.037295	0.000036958	335.051309	0.0	0.0
0.037580	0.000038064	334.873865	0.0	0.0
0.037867	0.000039202	334.695335	0.0	0.0
0.038156	0.000040374	334.515720	0.0	0.0
0.038447	0.000041580	334.335016	0.0	0.0
0.038741	0.000042821	334.153222	0.0	0.0
0.039037	0.000044100	333.970329	0.0	0.0
0.039335	0.000045415	333.786345	0.0	0.0
0.039636	0.000046769	333.601252	0.0	0.0
0.039938	0.000048163	333.415065	0.0	0.0
0.040243	0.000049598	333.227768	0.0	0.0
0.040551	0.000051075	333.039362	0.0	0.0
0.040860	0.000052595	332.849844	0.0	0.0
0.041172	0.000054160	332.659216	0.0	0.0
0.041487	0.000055770	332.467470	0.0	0.0
0.041804	0.000057427	332.274613	0.0	0.0
0.042123	0.000059133	332.080630	0.0	0.0
0.042445	0.000060888	331.885525	0.0	0.0
0.042769	0.000062694	331.689301	0.0	0.0
0.043096	0.000064553	331.491949	0.0	0.0
0.043425	0.000066466	331.293472	0.0	0.0
0.043756	0.000068435	331.093864	0.0	0.0
0.044091	0.000070461	330.893126	0.0	0.0
0.044427	0.000072546	330.691259	0.0	0.0
0.044767	0.000074691	330.488259	0.0	0.0
0.045108	0.000076898	330.284119	0.0	0.0
0.045453	0.000079169	330.078844	0.0	0.0
0.045800	0.000081506	329.872433	0.0	0.0
0.046150	0.000083911	329.664885	0.0	0.0
0.046502	0.000086385	329.456199	0.0	0.0
0.046858	0.000088930	329.246374	0.0	0.0
0.047215	0.000091549	329.035404	0.0	0.0
0.047576	0.000094243	328.823295	0.0	0.0
0.047939	0.000097014	328.610047	0.0	0.0
0.048306	0.000099866	328.395654	0.0	0.0
0.048675	0.000102799	328.180122	0.0	0.0
0.049046	0.000105816	327.963440	0.0	0.0
0.049421	0.000108920	327.745621	0.0	0.0
0.049798	0.000112113	327.526660	0.0	0.0
0.050179	0.000115398	327.306551	0.0	0.0
0.050562	0.000118776	327.085304	0.0	0.0
0.050948	0.000122251	326.862912	0.0	0.0
0.051337	0.000125825	326.639384	0.0	0.0
0.051729	0.000129500	326.414710	0.0	0.0
0.052124	0.000133281	326.188893	0.0	0.0
0.052522	0.000137169	325.961940	0.0	0.0
0.052924	0.000141168	325.733849	0.0	0.0
0.053328	0.000145281	325.504617	0.0	0.0
0.053735	0.000149510	325.274252	0.0	0.0
0.054145	0.000153859	325.042753	0.0	0.0
0.054559	0.000158331	324.810116	0.0	0.0
0.054976	0.000162930	324.576346	0.0	0.0
0.055396	0.000167659	324.341453	0.0	0.0
0.055819	0.000172521	324.105423	0.0	0.0
0.056245	0.000177521	323.868267	0.0	0.0
0.056675	0.000182661	323.629989	0.0	0.0
0.057107	0.000187946	323.390588	0.0	0.0
0.057544	0.000193380	323.150065	0.0	0.0
0.057983	0.000198966	322.908424	0.0	0.0
0.058426	0.000204709	322.665665	0.0	0.0
0.058872	0.000210613	322.421794	0.0	0.0
0.059322	0.000216683	322.176812	0.0	0.0
0.059775	0.000222922	321.930724	0.0	0.0
0.060231	0.000229335	321.683531	0.0	0.0
0.060691	0.000235927	321.435236	0.0	0.0
0.061155	0.000242704	321.185844	0.0	0.0
0.061622	0.000249669	320.935351	0.0	0.0
0.062093	0.000256827	320.683772	0.0	0.0
0.062567	0.000264184	320.431106	0.0	0.0
0.063045	0.000271746	320.177353	0.0	0.0
0.063526	0.000279517	319.922524	0.0	0.0
0.064011	0.000287503	319.666612	0.0	0.0
0.064500	0.000295710	319.409631	0.0	0.0
0.064993	0.000304144	319.151585	0.0	0.0
0.065489	0.000312811	318.892475	0.0	0.0
0.065990	0.000321716	318.632302	0.0	0.0
0.066494	0.000330866	318.371075	0.0	0.0
0.067001	0.000340268	318.108802	0.0	0.0
0.067513	0.000349928	317.845479	0.0	0.0
0.068029	0.000359853	317.581120	0.0	0.0
0.068548	0.000370050	317.315724	0.0	0.0
0.069072	0.000380525	317.049298	0.0	0.0
0.069599	0.000391287	316.781846	0.0	0.0
0.070131	0.000402343	316.513375	0.0	0.0
0.070667	0.000413699	316.243890	0.0	0.0
0.071206	0.000425365	315.973401	0.0	0.0
0.071750	0.000437348	315.701907	0.0	0.0
0.072298	0.000449657	315.429412	0.0	0.0
0.072850	0.000462299	315.155930	0.0	0.0
0.073407	0.000475284	314.881466	0.0	0.0
0.073967	0.000488619	314.606018	0.0	0.0
0.074532	0.000502315	314.329599	0.0	0.0
0.075102	0.000516381	314.052216	0.0	0.0
0.075675	0.000530825	313.773872	0.0	0.0
0.076253	0.000545658	313.494575	0.0	0.0
0.076835	0.000560890	313.214333	0.0	0.0
0.077422	0.000576531	312.933145	0.0	0.0
0.078014	0.000592591	312.651030	0.0	0.0
0.078609	0.000609081	312.367986	0.0	0.0
0.079210	0.000626011	312.084023	0.0	0.0
0.079815	0.000643394	311.799145	0.0	0.0
0.080424	0.000661239	311.513362	0.0	0.0
0.081039	0.000679561	311.226683	0.0	0.0
0.081658	0.000698369	310.939108	0.0	0.0
0.082281	0.000717677	310.650653	0.0	0.0
0.082910	0.000737497	310.361322	0.0	0.0
0.083543	0.000757843	310.071118	0.0	0.0
0.084181	0.000778726	309.780054	0.0	0.0
0.084824	0.000800160	309.488137	0.0	0.0
0.085472	0.000822160	309.195369	0.0	0.0
0.086124	0.000844741	308.901765	0.0	0.0
0.086782	0.000867914	308.607327	0.0	0.0
0.087445	0.000891697	308.312067	0.0	0.0
0.088113	0.000916104	308.015987	0.0	0.0
0.088786	0.000941150	307.719103	0.0	0.0
0.089464	0.000966852	307.421418	0.0	0.0
0.090147	0.000993225	307.122935	0.0	0.0
0.090836	0.001020290	306.823671	0.0	0.0
0.091530	0.001048050	306.523628	0.0	0.0
0.092229	0.001076540	306.222816	0.0	0.0
0.092933	0.001105770	305.921241	0.0	0.0
0.093643	0.001135760	305.618912	0.0	0.0
0.094358	0.001166530	305.315837	0.0	0.0
0.095079	0.001198090	305.012025	0.0	0.0
0.095805	0.001230470	304.707481	0.0	0.0
0.096537	0.001263680	304.402216	0.0	0.0
0.097274	0.001297750	304.096236	0.0	0.0
0.098017	0.001332700	303.789550	0.0	0.0
0.098765	0.001368540	303.482163	0.0	0.0
0.099520	0.001405310	303.174088	0.0	0.0
0.100280	0.001443020	302.865313	0.0	0.0
0.101046	0.001481690	302.555873	0.0	0.0
0.101817	0.001521350	302.245786	0.0	0.0
0.102595	0.001562030	301.935035	0.0	0.0
0.103379	0.001603740	301.623608	0.0	0.0
0.104168	0.001646520	301.311530	0.0	0.0
0.104964	0.001690380	300.998866	0.0	0.0
0.105765	0.001735360	300.685523	0.0	0.0
0.106573	0.001781470	300.371567	0.0	0.0
0.107387	0.001828760	300.057023	0.0	0.0
0.108207	0.001877240	299.741838	0.0	0.0
0.109034	0.001926940	299.426040	0.0	0.0
0.109867	0.001977900	299.109691	0.0	0.0
0.110706	0.002030150	298.792741	0.0	0.0
0.111551	0.002083700	298.475215	0.0	0.0
0.112403	0.002138610	298.157101	0.0	0.0
0.113262	0.002194890	297.838425	0.0	0.0
0.114127	0.002252580	297.519211	0.0	0.0
0.114998	0.002311710	297.199411	0.0	0.0
0.115877	0.002372330	296.879088	0.0	0.0
0.116762	0.002434450	296.558228	0.0	0.0
0.117653	0.002498120	296.236822	0.0	0.0
0.118552	0.002563380	295.914930	0.0	0.0
0.119457	0.002630260	295.592469	0.0	0.0
0.120370	0.002698800	295.269535	0.0	0.0
0.121289	0.002769040	294.946048	0.0	0.0
0.122215	0.002841020	294.622102	0.0	0.0
0.123149	0.002914780	294.297651	0.0	0.0
0.124089	0.002990360	293.972685	0.0	0.0
0.125037	0.003067810	293.647263	0.0	0.0
0.125992	0.003147160	293.321341	0.0	0.0
0.126954	0.003228460	292.994943	0.0	0.0
0.127924	0.003311770	292.668093	0.0	0.0
0.128901	0.003397110	292.340780	0.0	0.0
0.129886	0.003484550	292.012996	0.0	0.0
0.130878	0.003574130	291.684764	0.0	0.0
0.131877	0.003665900	291.356075	0.0	0.0
0.132884	0.003759900	291.026951	0.0	0.0
0.133899	0.003856200	290.697384	0.0	0.0
0.134922	0.003954850	290.367365	0.0	0.0
0.135952	0.004055890	290.036948	0.0	0.0
0.136991	0.004159390	289.706061	0.0	0.0
0.138037	0.004265400	289.374789	0.0	0.0
0.139091	0.004373970	289.043062	0.0	0.0
0.140154	0.004485180	288.710933	0.0	0.0
0.141224	0.004599070	288.378392	0.0	0.0
0.142303	0.004715710	288.045432	0.0	0.0
0.143389	0.004835160	287.712044	0.0	0.0
0.144485	0.004957490	287.378280	0.0	0.0
0.145588	0.005082760	287.044101	0.0	0.0
0.146700	0.005211040	286.709500	0.0	0.0
0.147820	0.005342400	286.374527	0.0	0.0
0.148949	0.005476900	286.039144	0.0	0.0
0.150087	0.005614630	285.703372	0.0	0.0
0.151233	0.005755640	285.367204	0.0	0.0
0.152388	0.005900020	285.030660	0.0	0.0
0.153552	0.006047840	284.693703	0.0	0.0
0.154725	0.006199190	284.356354	0.0	0.0
0.155907	0.006354130	284.018633	0.0	0.0
0.157097	0.006512760	283.680531	0.0	0.0
0.158297	0.006675150	283.342042	0.0	0.0
0.159506	0.006841390	283.003156	0.0	0.0
0.160725	0.007011560	282.663866	0.0	0.0
0.161952	0.007185760	282.324220	0.0	0.0
0.163189	0.007364070	281.984182	0.0	0.0
0.164435	0.007546580	281.643744	0.0	0.0
0.165691	0.007733400	281.302925	0.0	0.0
0.166957	0.007924620	280.961745	0.0	0.0
0.168232	0.008120320	280.620141	0.0	0.0
0.169517	0.008320620	280.278160	0.0	0.0
0.170811	0.008525620	279.935821	0.0	0.0
0.172116	0.008735420	279.593062	0.0	0.0
0.173431	0.008950130	279.249902	0.0	0.0
0.174755	0.009169850	278.906386	0.0	0.0
0.176090	0.009394700	278.562454	0.0	0.0
0.177435	0.009624790	278.218124	0.0	0.0
0.178790	0.009860240	277.873389	0.0	0.0
0.180155	0.010101200	277.528266	0.0	0.0
0.181531	0.010347700	277.182747	0.0	0.0
0.182918	0.010599900	276.836800	0.0	0.0
0.184315	0.010858000	276.490468	0.0	0.0
0.185722	0.011122100	276.143717	0.0	0.0
0.187141	0.011392200	275.796540	0.0	0.0
0.188570	0.011668600	275.448955	0.0	0.0
0.190010	0.011951400	275.100953	0.0	0.0
0.191462	0.012240700	274.752528	0.0	0.0
0.192924	0.012536700	274.403672	0.0	0.0
0.194397	0.012839400	274.054377	0.0	0.0
0.195882	0.013149100	273.704659	0.0	0.0
0.197378	0.013465900	273.354512	0.0	0.0
0.198886	0.013790000	273.003905	0.0	0.0
0.200405	0.014121400	272.652852	0.0	0.0
0.201935	0.014460500	272.301348	0.0	0.0
0.203478	0.014807200	271.949386	0.0	0.0
0.205032	0.015161900	271.596956	0.0	0.0
0.206598	0.015524700	271.244076	0.0	0.0
0.208175	0.015895700	270.890716	0.0	0.0
0.209765	0.016275100	270.536890	0.0	0.0
0.211367	0.016663100	270.182570	0.0	0.0
0.212982	0.017059900	269.827748	0.0	0.0
0.214608	0.017465700	269.472461	0.0	0.0
0.216248	0.017880700	269.116659	0.0	0.0
0.217899	0.018305000	268.760356	0.0	0.0
0.219563	0.018738900	268.403546	0.0	0.0
0.221240	0.019182600	268.046221	0.0	0.0
0.222930	0.019636200	267.688375	0.0	0.0
0.224633	0.020100100	267.329980	0.0	0.0
0.226348	0.020574300	266.971072	0.0	0.0
0.228077	0.021059200	266.611601	0.0	0.0
0.229819	0.021554900	266.251603	0.0	0.0
0.231574	0.022061700	265.891050	0.0	0.0
0.233343	0.022579700	265.529916	0.0	0.0
0.235125	0.023109400	265.168215	0.0	0.0
0.236921	0.023650800	264.805960	0.0	0.0
0.238730	0.024204300	264.443104	0.0	0.0
0.240554	0.024770000	264.079663	0.0	0.0
0.242391	0.025348300	263.715608	0.0	0.0
0.244242	0.025939400	263.350975	0.0	0.0
0.246107	0.026543600	262.985718	0.0	0.0
0.247987	0.027161100	262.619830	0.0	0.0
0.249881	0.027792200	262.253325	0.0	0.0
0.251790	0.028437300	261.886179	0.0	0.0
0.253713	0.029096500	261.518404	0.0	0.0
0.255650	0.029770200	261.149957	0.0	0.0
0.257603	0.030458600	260.780870	0.0	0.0
0.259570	0.031162200	260.411100	0.0	0.0
0.261553	0.031881100	260.040680	0.0	0.0
0.263550	0.032615800	259.669565	0.0	0.0
0.265563	0.033366400	259.297753	0.0	0.0
0.267592	0.034133400	258.925236	0.0	0.0
0.269635	0.034917100	258.552030	0.0	0.0
0.271695	0.035717800	258.178092	0.0	0.0
0.273770	0.036535900	257.803453	0.0	0.0
0.275861	0.037371700	257.428056	0.0	0.0
0.277968	0.038225500	257.051932	0.0	0.0
0.280091	0.039097800	256.675076	0.0	0.0
0.282230	0.039988800	256.297447	0.0	0.0
0.284385	0.040899100	255.919043	0.0	0.0
0.286557	0.041828900	255.539877	0.0	0.0
0.288746	0.042778600	255.159928	0.0	0.0
0.290951	0.043748700	254.779191	0.0	0.0
0.293173	0.044739600	254.397663	0.0	0.0
0.295412	0.045751500	254.015323	0.0	0.0
0.297669	0.046785000	253.632151	0.0	0.0
0.299942	0.047840600	253.248177	0.0	0.0
0.302233	0.048918600	252.863366	0.0	0.0
0.304541	0.050019400	252.477713	0.0	0.0
0.306867	0.051143600	252.091200	0.0	0.0
0.309211	0.052291400	251.703840	0.0	0.0
0.311573	0.053463600	251.315615	0.0	0.0
0.313952	0.054660400	250.926523	0.0	0.0
0.316350	0.055882400	250.536527	0.0	0.0
0.318766	0.057130000	250.145660	0.0	0.0
0.321201	0.058403800	249.753887	0.0	0.0
0.323654	0.059704200	249.361207	0.0	0.0
0.326126	0.061031700	248.967618	0.0	0.0
0.328617	0.062386900	248.573102	0.0	0.0
0.331126	0.063770300	248.177660	0.0	0.0
0.333655	0.065182500	247.781274	0.0	0.0
0.336204	0.066623800	247.383944	0.0	0.0
0.338771	0.068095000	246.985669	0.0	0.0
0.341359	0.069596600	246.586418	0.0	0.0
0.343966	0.071129100	246.186192	0.0	0.0
0.346593	0.072693100	245.785006	0.0	0.0
0.349240	0.074289200	245.382829	0.0	0.0
0.351908	0.075917900	244.979647	0.0	0.0
0.354595	0.077579900	244.575477	0.0	0.0
0.357303	0.079275900	244.170303	0.0	0.0
0.360032	0.081006300	243.764113	0.0	0.0
0.362782	0.082771900	243.356894	0.0	0.0
0.365553	0.084573300	242.948661	0.0	0.0
0.368345	0.086411100	242.539388	0.0	0.0
0.371158	0.088285900	242.129062	0.0	0.0
0.373993	0.090198500	241.717700	0.0	0.0
0.376849	0.092149500	241.305276	0.0	0.0
0.379727	0.094139600	240.891793	0.0	0.0
0.382628	0.096169400	240.477240	0.0	0.0
0.385550	0.098239800	240.061621	0.0	0.0
0.388494	0.100351000	239.644925	0.0	0.0
0.391462	0.102505000	239.227128	0.0	0.0
0.394451	0.104701000	238.808248	0.0	0.0
0.397464	0.106941000	238.388277	0.0	0.0
0.400500	0.109224000	237.967191	0.0	0.0
0.403559	0.111553000	237.545009	0.0	0.0
0.406641	0.113927000	237.121709	0.0	0.0
0.409746	0.116348000	236.697298	0.0	0.0
0.412876	0.118816000	236.271753	0.0	0.0
0.416029	0.121332000	235.845095	0.0	0.0
0.419207	0.123896000	235.417304	0.0	0.0
0.422408	0.126511000	234.988373	0.0	0.0
0.425635	0.129176000	234.558296	0.0	0.0
0.428885	0.131892000	234.127080	0.0	0.0
0.432161	0.134660000	233.694722	0.0	0.0
0.435462	0.137482000	233.261201	0.0	0.0
0.438787	0.140357000	232.826541	0.0	0.0
0.442139	0.143287000	232.390711	0.0	0.0
0.445516	0.146273000	231.953733	0.0	0.0
0.448918	0.149315000	231.515578	0.0	0.0
0.452347	0.152414000	231.076269	0.0	0.0
0.455802	0.155572000	230.635790	0.0	0.0
0.459283	0.158790000	230.194140	0.0	0.0
0.462791	0.162067000	229.751317	0.0	0.0
0.466325	0.165405000	229.307331	0.0	0.0
0.469887	0.168806000	228.862158	0.0	0.0
0.473476	0.172270000	228.415810	0.0	0.0
0.477092	0.175797000	227.968285	0.0	0.0
0.480736	0.179390000	227.519586	0.0	0.0
0.484407	0.183048000	227.069712	0.0	0.0
0.488107	0.186774000	226.618652	0.0	0.0
0.491835	0.190567000	226.166421	0.0	0.0
0.495591	0.194430000	225.713009	0.0	0.0
0.499376	0.198362000	225.258418	0.0	0.0
0.503190	0.202366000	224.802651	0.0	0.0
0.507033	0.206441000	224.345711	0.0	0.0
0.510906	0.210590000	223.887592	0.0	0.0
0.514808	0.214812000	223.428296	0.0	0.0
0.518740	0.219110000	222.967842	0.0	0.0
0.522702	0.223484000	222.506210	0.0	0.0
0.526694	0.227936000	222.043406	0.0	0.0
0.530716	0.232466000	221.579448	0.0	0.0
0.534770	0.237075000	221.114320	0.0	0.0
0.538854	0.241765000	220.648041	0.0	0.0
0.542970	0.246537000	220.180605	0.0	0.0
0.547117	0.251391000	219.712011	0.0	0.0
0.551295	0.256330000	219.242278	0.0	0.0
0.555506	0.261353000	218.771403	0.0	0.0
0.559748	0.266462000	218.299385	0.0	0.0
0.564024	0.271659000	217.826234	0.0	0.0
0.568331	0.276944000	217.351960	0.0	0.0
0.572672	0.282319000	216.876551	0.0	0.0
0.577046	0.287785000	216.400031	0.0	0.0
0.581453	0.293342000	215.922400	0.0	0.0
0.585894	0.298993000	215.443659	0.0	0.0
0.590369	0.304737000	214.963832	0.0	0.0
0.594878	0.310577000	214.482899	0.0	0.0
0.599421	0.316514000	214.000886	0.0	0.0
0.603999	0.322548000	213.517795	0.0	0.0
0.608612	0.328681000	213.033641	0.0	0.0
0.613260	0.334914000	212.548418	0.0	0.0
0.617944	0.341248000	212.062142	0.0	0.0
0.622664	0.347685000	211.574818	0.0	0.0
0.627419	0.354225000	211.086463	0.0	0.0
0.632211	0.360870000	210.597083	0.0	0.0
0.637040	0.367621000	210.106675	0.0	0.0
0.641905	0.374479000	209.615268	0.0	0.0
0.646808	0.381446000	209.122868	0.0	0.0
0.651748	0.388522000	208.629466	0.0	0.0
0.656726	0.395709000	208.135099	0.0	0.0
0.661741	0.403008000	207.639759	0.0	0.0
0.666795	0.410420000	207.143474	0.0	0.0
0.671888	0.417947000	206.646236	0.0	0.0
0.677020	0.425589000	206.148066	0.0	0.0
0.682190	0.433348000	205.648986	0.0	0.0
0.687401	0.441225000	205.148987	0.0	0.0
0.692651	0.449221000	204.648103	0.0	0.0
0.697941	0.457337000	204.146327	0.0	0.0
0.703271	0.465575000	203.643692	0.0	0.0
0.708643	0.473936000	203.140202	0.0	0.0
0.714055	0.482421000	202.635864	0.0	0.0
0.719508	0.491030000	202.130700	0.0	0.0
0.725004	0.499767000	201.624719	0.0	0.0
0.730541	0.508630000	201.117944	0.0	0.0
0.736121	0.517622000	200.610374	0.0	0.0
0.741743	0.526745000	200.102045	0.0	0.0
0.747408	0.535998000	199.592956	0.0	0.0
0.753116	0.545384000	199.083133	0.0	0.0
0.758868	0.554902000	198.572577	0.0	0.0
0.764664	0.564556000	198.061315	0.0	0.0
0.770504	0.574345000	197.549368	0.0	0.0
0.776389	0.584271000	197.036736	0.0	0.0
0.782318	0.594335000	196.523458	0.0	0.0
0.788293	0.604538000	196.009527	0.0	0.0
0.794314	0.614882000	195.494974	0.0	0.0
0.800381	0.625367000	194.979811	0.0	0.0
0.806494	0.635995000	194.464051	0.0	0.0
0.812653	0.646767000	193.947724	0.0	0.0
0.818860	0.657683000	193.430846	0.0	0.0
0.825114	0.668746000	192.913421	0.0	0.0
0.831416	0.679955000	192.395482	0.0	0.0
0.837766	0.691313000	191.877035	0.0	0.0
0.844164	0.702820000	191.358105	0.0	0.0
0.850612	0.714478000	190.838715	0.0	0.0
0.857108	0.726287000	190.318874	0.0	0.0
0.863654	0.738249000	189.798608	0.0	0.0
0.870250	0.750365000	189.277940	0.0	0.0
0.876897	0.762636000	188.756874	0.0	0.0
0.883594	0.775062000	188.235443	0.0	0.0
0.890343	0.787646000	187.713657	0.0	0.0
0.897143	0.800387000	187.191543	0.0	0.0
0.903995	0.813288000	186.669112	0.0	0.0
0.910899	0.826349000	186.146392	0.0	0.0
0.917856	0.839571000	185.623402	0.0	0.0
0.924866	0.852956000	185.100162	0.0	0.0
0.931930	0.866504000	184.576684	0.0	0.0
0.939048	0.880217000	184.052991	0.0	0.0
0.946220	0.894094000	183.529110	0.0	0.0
0.953446	0.908139000	183.005054	0.0	0.0
0.960728	0.922351000	182.480853	0.0	0.0
0.968066	0.936732000	181.956514	0.0	0.0
0.975460	0.951283000	181.432059	0.0	0.0
0.982910	0.966004000	180.907518	0.0	0.0
0.990417	0.980897000	180.382905	0.0	0.0
0.997981	0.995963000	179.858243	0.0	0.0
1.005603	1.011200000	179.333556	0.0	0.0
1.013283	1.026620000	178.808872	0.0	0.0
1.021022	1.042210000	178.284175	0.0	0.0
1.028820	1.057980000	177.759515	0.0	0.0
1.036678	1.073920000	177.234876	0.0	0.0
1.044596	1.090050000	176.710308	0.0	0.0
1.052574	1.106350000	176.185863	0.0	0.0
1.060613	1.122840000	175.661523	0.0	0.0
1.068713	1.139500000	175.137340	0.0	0.0
1.076876	1.156360000	174.613235	0.0	0.0
1.085100	1.173390000	174.089385	0.0	0.0
1.093388	1.190610000	173.565652	0.0	0.0
1.101739	1.208020000	173.042147	0.0	0.0
1.110153	1.225620000	172.518920	0.0	0.0
1.118632	1.243400000	171.995898	0.0	0.0
1.127176	1.261370000	171.473129	0.0	0.0
1.135785	1.279540000	170.950664	0.0	0.0
1.144459	1.297890000	170.428552	0.0	0.0
1.153200	1.316440000	169.906720	0.0	0.0
1.162008	1.335190000	169.385221	0.0	0.0
1.170882	1.354130000	168.864159	0.0	0.0
1.179825	1.373260000	168.343409	0.0	0.0
1.188836	1.392600000	167.823078	0.0	0.0
1.197916	1.412130000	167.303157	0.0	0.0
1.207065	1.431860000	166.783693	0.0	0.0
1.216284	1.451800000	166.264677	0.0	0.0
1.225573	1.471940000	165.746158	0.0	0.0
1.234934	1.492280000	165.228072	0.0	0.0
1.244366	1.512820000	164.710522	0.0	0.0
1.253869	1.533580000	164.193554	0.0	0.0
1.263446	1.554540000	163.677052	0.0	0.0
1.273095	1.575710000	163.161171	0.0	0.0
1.282819	1.597090000	162.645798	0.0	0.0
1.292616	1.618680000	162.131083	0.0	0.0
1.302489	1.640480000	161.616917	0.0	0.0
1.312437	1.662500000	161.103396	0.0	0.0
1.322460	1.684740000	160.590565	0.0	0.0
1.332561	1.707190000	160.078317	0.0	0.0
1.342738	1.729860000	159.566798	0.0	0.0
1.352993	1.752750000	159.055952	0.0	0.0
1.363327	1.775870000	158.545773	0.0	0.0
1.373739	1.799200000	158.036354	0.0	0.0
1.384231	1.822760000	157.527642	0.0	0.0
1.394803	1.846550000	157.019680	0.0	0.0
1.405456	1.870570000	156.512462	0.0	0.0
1.416190	1.894820000	156.006032	0.0	0.0
1.427007	1.919290000	155.500339	0.0	0.0
1.437905	1.944000000	154.995516	0.0	0.0
1.448887	1.968950000	154.491467	0.0	0.0
1.459953	1.994130000	153.988234	0.0	0.0
1.471104	2.019550000	153.485813	0.0	0.0
1.482339	2.045210000	152.984288	0.0	0.0
1.493661	2.071110000	152.483567	0.0	0.0
1.505069	2.097260000	151.983734	0.0	0.0
1.516564	2.123650000	151.484785	0.0	0.0
1.528147	2.150290000	150.986716	0.0	0.0
1.539818	2.177170000	150.489566	0.0	0.0
1.551578	2.204310000	149.993330	0.0	0.0
1.563428	2.231700000	149.498004	0.0	0.0
1.575369	2.259350000	149.003586	0.0	0.0
1.587401	2.287250000	148.510112	0.0	0.0
1.599525	2.315410000	148.017580	0.0	0.0
1.611741	2.343830000	147.526025	0.0	0.0
1.624051	2.372510000	147.035403	0.0	0.0
1.636455	2.401450000	146.545752	0.0	0.0
1.648953	2.430660000	146.057106	0.0	0.0
1.661547	2.460140000	145.569422	0.0	0.0
1.674237	2.489890000	145.082736	0.0	0.0
1.687024	2.519920000	144.597044	0.0	0.0
1.699909	2.550210000	144.112343	0.0	0.0
1.712892	2.580780000	143.628665	0.0	0.0
1.725974	2.611630000	143.146008	0.0	0.0
1.739157	2.642760000	142.664330	0.0	0.0
1.752439	2.674170000	142.183738	0.0	0.0
1.765824	2.705860000	141.704119	0.0	0.0
1.779310	2.737840000	141.225576	0.0	0.0
1.792900	2.770100000	140.748035	0.0	0.0
1.806593	2.802650000	140.271563	0.0	0.0
1.820391	2.835490000	139.796120	0.0	0.0
1.834294	2.868630000	139.321736	0.0	0.0
1.848304	2.902050000	138.848375	0.0	0.0
1.862420	2.935770000	138.376098	0.0	0.0
1.876645	2.969790000	137.904837	0.0	0.0
1.890977	3.004110000	137.434684	0.0	0.0
1.905420	3.038720000	136.965539	0.0	0.0
1.919973	3.073630000	136.497461	0.0	0.0
1.934636	3.108850000	136.030479	0.0	0.0
1.949412	3.144370000	135.564523	0.0	0.0
1.964301	3.180190000	135.099623	0.0	0.0
1.979303	3.216310000	134.635804	0.0	0.0
1.994420	3.252740000	134.173031	0.0	0.0
2.009653	3.289480000	133.711299	0.0	0.0
2.025002	3.326520000	133.250635	0.0	0.0
2.040468	3.363870000	132.791034	0.0	0.0
2.056052	3.401530000	132.332490	0.0	0.0
2.071755	3.439490000	131.875000	0.0	0.0
2.087578	3.477770000	131.418557	0.0	0.0
2.103522	3.516350000	130.963157	0.0	0.0
2.119588	3.555230000	130.508796	0.0	0.0
2.135776	3.594430000	130.055496	0.0	0.0
2.152088	3.633930000	129.603225	0.0	0.0
2.168525	3.673730000	129.151977	0.0	0.0
2.185087	3.713840000	128.701775	0.0	0.0
2.201776	3.754260000	128.252585	0.0	0.0
2.218592	3.794980000	127.804431	0.0	0.0
2.235536	3.836000000	127.357306	0.0	0.0
2.252610	3.877320000	126.911177	0.0	0.0
2.269815	3.918940000	126.466041	0.0	0.0
2.287150	3.960850000	126.021943	0.0	0.0
2.304619	4.003060000	125.578801	0.0	0.0
2.322220	4.045570000	125.136684	0.0	0.0
2.339956	4.088360000	124.695538	0.0	0.0
2.357828	4.131440000	124.255355	0.0	0.0
2.375836	4.174810000	123.816156	0.0	0.0
2.393981	4.218450000	123.377933	0.0	0.0
2.412265	4.262380000	122.940657	0.0	0.0
2.430689	4.306590000	122.504321	0.0	0.0
2.449253	4.351070000	122.068944	0.0	0.0
2.467960	4.395810000	121.634471	0.0	0.0
2.486809	4.440830000	121.200944	0.0	0.0
2.505802	4.486100000	120.768333	0.0	0.0
2.524940	4.531630000	120.336632	0.0	0.0
2.544224	4.577430000	119.905833	0.0	0.0
2.563656	4.623460000	119.475909	0.0	0.0
2.583236	4.669760000	119.046875	0.0	0.0
2.602965	4.716280000	118.618723	0.0	0.0
2.622846	4.763050000	118.191405	0.0	0.0
2.642878	4.810060000	117.764957	0.0	0.0
2.663063	4.857300000	117.339350	0.0	0.0
2.683402	4.904760000	116.914577	0.0	0.0
2.703897	4.952450000	116.490611	0.0	0.0
2.724548	5.000360000	116.067466	0.0	0.0
2.745356	5.048480000	115.645134	0.0	0.0
2.766324	5.096820000	115.223568	0.0	0.0
2.787452	5.145370000	114.802781	0.0	0.0
2.808741	5.194120000	114.382766	0.0	0.0
2.830193	5.243080000	113.963495	0.0	0.0
2.851809	5.292240000	113.544962	0.0	0.0
2.873590	5.341610000	113.127160	0.0	0.0
2.895537	5.391160000	112.710081	0.0	0.0
2.917651	5.440920000	112.293717	0.0	0.0
2.939935	5.490880000	111.878023	0.0	0.0
2.962389	5.541030000	111.463012	0.0	0.0
2.985014	5.591380000	111.048674	0.0	0.0
3.007812	5.641940000	110.634985	0.0	0.0
3.030785	5.692690000	110.221919	0.0	0.0
3.053932	5.743650000	109.809503	0.0	0.0
3.077257	5.794810000	109.397677	0.0	0.0
3.100760	5.846180000	108.986452	0.0	0.0
3.124442	5.897780000	108.575818	0.0	0.0
3.148305	5.949590000	108.165751	0.0	0.0
3.172350	6.001630000	107.756243	0.0	0.0
3.196579	6.053910000	107.347269	0.0	0.0
3.220993	6.106440000	106.938821	0.0	0.0
3.245593	6.159230000	106.530891	0.0	0.0
3.270382	6.212280000	106.123438	0.0	0.0
3.295359	6.265610000	105.716488	0.0	0.0
3.320528	6.319240000	105.309982	0.0	0.0
3.345888	6.373180000	104.903945	0.0	0.0
3.371443	6.427440000	104.498321	0.0	0.0
3.397192	6.482050000	104.093134	0.0	0.0
3.423138	6.537010000	103.688344	0.0	0.0
3.449283	6.592360000	103.283926	0.0	0.0
3.475626	6.648110000	102.879905	0.0	0.0
3.502172	6.704280000	102.476209	0.0	0.0
3.528920	6.760890000	102.072862	0.0	0.0
3.555872	6.817980000	101.669839	0.0	0.0
3.583030	6.875560000	101.267118	0.0	0.0
3.610395	6.933660000	100.864689	0.0	0.0
3.637970	6.992320000	100.462516	0.0	0.0
3.665755	7.051540000	100.060603	0.0	0.0
3.693752	7.111380000	99.658929	0.0	0.0
3.721963	7.171850000	99.257470	0.0	0.0
3.750390	7.232980000	98.856204	0.0	0.0
3.779034	7.294810000	98.455121	0.0	0.0
3.807896	7.357360000	98.054214	0.0	0.0
3.836979	7.420670000	97.653445	0.0	0.0
3.866284	7.484760000	97.252807	0.0	0.0
3.895813	7.549670000	96.852276	0.0	0.0
3.925567	7.615420000	96.451844	0.0	0.0
3.955549	7.682050000	96.051476	0.0	0.0
3.985760	7.749570000	95.651162	0.0	0.0
4.016201	7.818020000	95.250893	0.0	0.0
4.046875	7.887430000	94.850635	0.0	0.0
4.077783	7.957810000	94.450379	0.0	0.0
4.108927	8.029170000	94.050103	0.0	0.0
4.140309	8.101560000	93.649784	0.0	0.0
4.171931	8.174970000	93.249401	0.0	0.0
4.203794	8.249430000	92.848946	0.0	0.0
4.235901	8.324930000	92.448383	0.0	0.0
4.268253	8.401500000	92.047705	0.0	0.0
4.300852	8.479130000	91.646889	0.0	0.0
4.333700	8.557820000	91.245914	0.0	0.0
4.366798	8.637570000	90.844771	0.0	0.0
4.400150	8.718350000	90.443414	0.0	0.0
4.433756	8.800180000	90.041847	0.0	0.0
4.467619	8.883020000	89.640035	0.0	0.0
4.501741	8.966840000	89.237959	0.0	0.0
4.536123	9.051620000	88.835607	0.0	0.0
4.570768	9.137330000	88.432949	0.0	0.0
4.605677	9.223930000	88.029974	0.0	0.0
4.640853	9.311370000	87.626650	0.0	0.0
4.676298	9.399600000	87.222956	0.0	0.0
4.712013	9.488560000	86.818883	0.0	0.0
4.748001	9.578210000	86.414398	0.0	0.0
4.784264	9.668470000	86.009480	0.0	0.0
4.820804	9.759270000	85.604109	0.0	0.0
4.857623	9.850550000	85.198264	0.0	0.0
4.894723	9.942230000	84.791925	0.0	0.0
4.932107	10.034200000	84.385060	0.0	0.0
4.969776	10.126400000	83.977658	0.0	0.0
5.007733	10.218800000	83.569689	0.0	0.0
5.045980	10.311300000	83.161133	0.0	0.0
5.084518	10.403700000	82.751978	0.0	0.0
5.123351	10.496100000	82.342183	0.0	0.0
5.162481	10.588200000	81.931729	0.0	0.0
5.201910	10.680100000	81.520594	0.0	0.0
5.241640	10.771600000	81.108757	0.0	0.0
5.281673	10.862800000	80.696199	0.0	0.0
5.322012	10.953400000	80.282889	0.0	0.0
5.362659	11.043500000	79.868805	0.0	0.0
5.403616	11.133100000	79.453928	0.0	0.0
5.444886	11.222000000	79.038227	0.0	0.0
5.486472	11.310200000	78.621672	0.0	0.0
5.528375	11.397700000	78.204252	0.0	0.0
5.570598	11.484600000	77.785936	0.0	0.0
5.613144	11.570700000	77.366694	0.0	0.0
5.656014	11.656200000	76.946516	0.0	0.0
5.699212	11.741000000	76.525361	0.0	0.0
5.742740	11.825300000	76.103209	0.0	0.0
5.786600	11.909000000	75.680040	0.0	0.0
5.830796	11.992200000	75.255813	0.0	0.0
5.875329	12.075200000	74.830517	0.0	0.0
5.920202	12.157800000	74.404123	0.0	0.0
5.965417	12.240400000	73.976609	0.0	0.0
6.010978	12.323000000	73.547936	0.0	0.0
6.056887	12.405800000	73.118084	0.0	0.0
6.103147	12.488900000	72.687021	0.0	0.0
6.149760	12.572700000	72.254728	0.0	0.0
6.196729	12.657100000	71.821175	0.0	0.0
6.244057	12.742500000	71.386330	0.0	0.0
6.291746	12.829000000	70.950173	0.0	0.0
6.339799	12.916800000	70.512674	0.0	0.0
6.388220	13.006200000	70.073794	0.0	0.0
6.437010	13.097300000	69.633520	0.0	0.0
6.486173	13.190400000	69.191813	0.0	0.0
6.535711	13.285600000	68.748652	0.0	0.0
6.585628	13.383100000	68.303998	0.0	0.0
6.635926	13.483100000	67.857829	0.0	0.0
6.686608	13.585600000	67.410114	0.0	0.0
6.737677	13.690800000	66.960823	0.0	0.0
6.789136	13.798800000	66.509926	0.0	0.0
6.840988	13.909500000	66.057392	0.0	0.0
6.893237	14.023100000	65.603181	0.0	0.0
6.945884	14.139400000	65.147281	0.0	0.0
6.998933	14.258400000	64.689651	0.0	0.0
7.052388	14.380000000	64.230252	0.0	0.0
7.106251	14.504000000	63.769061	0.0	0.0
7.160525	14.630300000	63.306048	0.0	0.0
7.215214	14.758600000	62.841172	0.0	0.0
7.270320	14.888600000	62.374411	0.0	0.0
7.325847	15.020000000	61.905724	0.0	0.0
7.381799	15.152500000	61.435072	0.0	0.0
7.438177	15.285700000	60.962440	0.0	0.0
7.494987	15.419200000	60.487770	0.0	0.0
7.552230	15.552500000	60.011047	0.0	0.0
7.609910	15.685300000	59.532230	0.0	0.0
7.668031	15.817100000	59.051280	0.0	0.0
7.726596	15.947500000	58.568162	0.0	0.0
7.785608	16.076100000	58.082845	0.0	0.0
7.845071	16.202600000	57.595288	0.0	0.0
7.904988	16.326500000	57.105456	0.0	0.0
7.965362	16.447600000	56.613317	0.0	0.0
8.026198	16.565600000	56.118820	0.0	0.0
8.087498	16.680400000	55.621941	0.0	0.0
8.149267	16.792000000	55.122628	0.0	0.0
8.211507	16.900200000	54.620856	0.0	0.0
8.274223	17.005100000	54.116573	0.0	0.0
8.337417	17.107000000	53.609753	0.0	0.0
8.401095	17.206100000	53.100336	0.0	0.0
8.465258	17.302800000	52.588304	0.0	0.0
8.529912	17.397500000	52.073596	0.0	0.0
8.595059	17.490800000	51.556184	0.0	0.0
8.660704	17.583200000	51.036016	0.0	0.0
8.726851	17.675600000	50.513047	0.0	0.0
8.793502	17.768600000	49.987247	0.0	0.0
8.860663	17.863100000	49.458557	0.0	0.0
8.928337	17.959900000	48.926937	0.0	0.0
8.996527	18.059800000	48.392349	0.0	0.0
9.065238	18.163600000	47.854739	0.0	0.0
9.134474	18.272200000	47.314061	0.0	0.0
9.204239	18.386100000	46.770265	0.0	0.0
9.274537	18.506100000	46.223305	0.0	0.0
9.345371	18.632600000	45.673140	0.0	0.0
9.416747	18.766000000	45.119705	0.0	0.0
9.488668	18.906600000	44.562959	0.0	0.0
9.561138	19.054200000	44.002852	0.0	0.0
9.634161	19.208900000	43.439333	0.0	0.0
9.707742	19.370300000	42.872343	0.0	0.0
9.781885	19.537800000	42.301832	0.0	0.0
9.856595	19.710800000	41.727738	0.0	0.0
9.931875	19.888400000	41.150017	0.0	0.0
10.007730	20.069500000	40.568607	0.0	0.0
10.084160	20.253000000	39.983484	0.0	0.0
10.161180	20.437700000	39.394511	0.0	0.0
10.238790	20.622200000	38.801660	0.0	0.0
10.316990	20.805100000	38.204907	0.0	0.0
10.395780	20.985300000	37.604225	0.0	0.0
10.475180	21.161500000	36.999433	0.0	0.0
10.555190	21.332600000	36.390503	0.0	0.0
10.635800	21.497800000	35.777481	0.0	0.0
10.717030	21.656500000	35.160186	0.0	0.0
10.798880	21.808400000	34.538586	0.0	0.0
10.881360	21.953300000	33.912572	0.0	0.0
10.964470	22.091800000	33.282111	0.0	0.0
11.048210	22.224400000	32.647170	0.0	0.0
11.132590	22.352200000	32.007636	0.0	0.0
11.217620	22.476800000	31.363397	0.0	0.0
11.303290	22.599600000	30.714491	0.0	0.0
11.389620	22.722900000	30.060728	0.0	0.0
11.476610	22.848700000	29.402067	0.0	0.0
11.564260	22.979500000	28.738467	0.0	0.0
11.652580	23.117400000	28.069809	0.0	0.0
11.741580	23.264800000	27.395974	0.0	0.0
11.831260	23.423800000	26.716915	0.0	0.0
11.921620	23.596200000	26.032587	0.0	0.0
12.012670	23.783200000	25.342864	0.0	0.0
12.104420	23.985800000	24.647621	0.0	0.0
12.196870	24.204300000	23.946806	0.0	0.0
12.290020	24.438200000	23.240367	0.0	0.0
12.383890	24.686600000	22.528096	0.0	0.0
12.478470	24.947700000	21.810013	0.0	0.0
12.573770	25.219100000	21.085984	0.0	0.0
12.669810	25.497900000	20.355797	0.0	0.0
12.766570	25.780800000	19.619542	0.0	0.0
12.864080	26.063900000	18.876927	0.0	0.0
12.962330	26.343600000	18.127962	0.0	0.0
13.061330	26.616200000	17.372503	0.0	0.0
13.161080	26.878200000	16.610482	0.0	0.0
13.261600	27.126900000	15.841672	0.0	0.0
13.362890	27.360200000	15.066002	0.0	0.0
13.464950	27.577200000	14.283393	0.0	0.0
13.567780	27.777900000	13.493769	0.0	0.0
13.671410	27.963700000	12.696818	0.0	0.0
13.775820	28.137400000	11.892612	0.0	0.0
13.881040	28.302900000	11.080834	0.0	0.0
13.987050	28.465100000	10.261551	0.0	0.0
14.093880	28.630100000	9.434443	0.0	0.0
14.201520	28.804100000	8.599494	0.0	0.0
14.309990	28.993800000	7.756454	0.0	0.0
14.419280	29.205100000	6.905305	0.0	0.0
14.529410	29.443000000	6.045792	0.0	0.0
14.640380	29.711100000	5.177812	0.0	0.0
14.752190	30.010600000	4.301262	0.0	0.0
14.864860	30.340000000	3.415879	0.0	0.0
14.978400	30.694400000	2.521474	0.0	0.0
15.092790	31.065700000	1.618095	0.0	0.0
15.208060	31.441800000	0.705390	0.0	0.0
15.324220	31.806800000	-0.216834	0.0	0.0
15.441260	32.141700000	-1.148618	0.0	0.0
15.559190	32.424100000	-2.090159	0.0	0.0
15.678020	32.629700000	-3.041661	0.0	0.0
15.797760	32.732500000	-4.003325	0.0	0.0
15.918420	32.706800000	-4.975359	0.0	0.0
16.040000	32.527800000	-5.957890	0.0	0.0
16.162500	32.173100000	-6.951045	0.0	0.0
16.285950	31.624300000	-7.955197	0.0	0.0
16.410330	30.868300000	-8.970314	0.0	0.0
16.535660	29.898000000	-9.996689	0.0	0.0
16.661960	28.713500000	-11.034617	0.0	0.0
16.789210	27.322700000	-12.084065	0.0	0.0
16.917440	25.741100000	-13.145411	0.0	0.0
17.046650	23.992000000	-14.218784	0.0	0.0
17.176840	22.105100000	-15.304312	0.0	0.0
17.308030	20.116100000	-16.402288	0.0	0.0
17.440220	18.064700000	-17.512836	0.0	0.0
17.573420	15.993200000	-18.636160	0.0	0.0
17.707640	13.944100000	-19.772463	0.0	0.0
17.842880	11.958600000	-20.921855	0.0	0.0
17.979160	10.074300000	-22.084615	0.0	0.0
18.116470	8.323800000	-23.260759	0.0	0.0
18.254840	6.732910000	-24.450636	0.0	0.0
18.394260	5.320040000	-25.654248	0.0	0.0
18.534750	4.095540000	-26.871845	0.0	0.0
18.676310	3.061760000	-28.103493	0.0	0.0
18.818950	2.213550000	-29.349335	0.0	0.0
18.962680	1.539240000	-30.609502	0.0	0.0
19.107510	1.021920000	-31.884111	0.0	0.0
19.253440	0.641014000	-33.173176	0.0	0.0
19.400490	0.373891000	-34.476873	0.0	0.0
19.548660	0.197501000	-35.795181	0.0	0.0
19.697960	0.089806000	-37.128150	0.0	0.0
19.848410	0.030968300	-38.475898	0.0	0.0
20.000000	0.004183090	-39.838254	0.0	0.0

