# UNCLASSIFIED
#
# Response info for KMBO broad band site.
#
# Effective: 04 Aug. 2003
# File name: kmbo_bb.txt
# Inid:  
# Source:  James Neely (CTI)
# System equipment:  Streckeisen STS-2 Seismometer and Nanometrics HRD
# Digitizer.
# 
# The response file was derived from equations of state.
# Displacement response relative to 1.0 at 1.0 Hz.  The nominal calib value
# for this configuration is 0.031830 nm/count at 1.0 Hz.
# 
# Freq(Hz)      Ampl(cnts/nm)   Phase(deg)  Error(amp) Error(phase)
#
   theoretical   0   instrument   fap
218
0.001000	0.000000036	352.74066	0.0	0.0
0.002000	0.000000573	351.95550	0.0	0.0
0.003000	0.000002835	345.00752	0.0	0.0
0.004000	0.000008692	338.34332	0.0	0.0
0.005000	0.000020430	332.01317	0.0	0.0
0.006000	0.000040612	326.04240	0.0	0.0
0.007000	0.000071876	320.43547	0.0	0.0
0.008000	0.000116861	315.18139	0.0	0.0
0.009000	0.000178153	310.25909	0.0	0.0
0.010000	0.000258254	305.64185	0.0	0.0
0.020000	0.002587600	270.47611	0.0	0.0
0.030000	0.008893044	244.23694	0.0	0.0
0.040000	0.019591333	221.17949	0.0	0.0
0.050000	0.033080100	201.03754	0.0	0.0
0.060000	0.047136305	184.45600	0.0	0.0
0.070000	0.060530115	171.38961	0.0	0.0
0.080000	0.073027909	161.23190	0.0	0.0
0.090000	0.084789828	153.28243	0.0	0.0
0.100000	0.096027980	146.96254	0.0	0.0
0.200000	0.199387488	119.55466	0.0	0.0
0.300000	0.299829854	110.51090	0.0	0.0
0.400000	0.399970591	105.69850	0.0	0.0
0.500000	0.500031495	102.52172	0.0	0.0
0.600000	0.600057436	100.14243	0.0	0.0
0.700000	0.700062429	98.20646	0.0	0.0
0.800000	0.800052547	96.53789	0.0	0.0
0.900000	0.900031009	95.03920	0.0	0.0
1.000000	1.000000000	93.65184	0.0	0.0
1.100000	1.100129778	92.33842	0.0	0.0
1.200000	1.200283481	91.07386	0.0	0.0
1.300000	1.300462201	89.84065	0.0	0.0
1.400000	1.400667094	88.62616	0.0	0.0
1.500000	1.500898780	87.42101	0.0	0.0
1.600000	1.601158296	86.21806	0.0	0.0
1.700000	1.701446494	85.01177	0.0	0.0
1.800000	1.801764407	83.79779	0.0	0.0
1.900000	1.902112437	82.57264	0.0	0.0
2.000000	2.002491563	81.33351	0.0	0.0
2.100000	2.102685153	80.07817	0.0	0.0
2.200000	2.202890613	78.80479	0.0	0.0
2.300000	2.303108404	77.51195	0.0	0.0
2.400000	2.403339758	76.19853	0.0	0.0
2.500000	2.503585115	74.86371	0.0	0.0
2.600000	2.603844857	73.50692	0.0	0.0
2.700000	2.704120238	72.12784	0.0	0.0
2.800000	2.804411617	70.72637	0.0	0.0
2.900000	2.904719295	69.30265	0.0	0.0
3.000000	3.006096130	67.85701	0.0	0.0
3.100000	3.105471314	66.38999	0.0	0.0
3.200000	3.205921560	64.90236	0.0	0.0
3.300000	3.306396584	63.39506	0.0	0.0
3.400000	3.406896584	61.86921	0.0	0.0
3.500000	3.507421695	60.32616	0.0	0.0
3.600000	3.607973235	58.76738	0.0	0.0
3.700000	3.708550891	57.19454	0.0	0.0
3.800000	3.809155993	55.60944	0.0	0.0
3.900000	3.909788599	54.01403	0.0	0.0
4.000000	4.010448701	52.41037	0.0	0.0
4.100000	4.111426855	50.80062	0.0	0.0
4.200000	4.212448017	49.18701	0.0	0.0
4.300000	4.313512600	47.57184	0.0	0.0
4.400000	4.414620998	45.95744	0.0	0.0
4.500000	4.515773592	44.34615	0.0	0.0
4.600000	4.616970581	42.74029	0.0	0.0
4.700000	4.718212572	41.14217	0.0	0.0
4.800000	4.819499790	39.55401	0.0	0.0
4.900000	4.920832319	37.97799	0.0	0.0
5.000000	5.022210960	36.41617	0.0	0.0
5.100000	5.122867749	34.87050	0.0	0.0
5.200000	5.223540674	33.34282	0.0	0.0
5.300000	5.324229764	31.83484	0.0	0.0
5.400000	5.424935358	30.34810	0.0	0.0
5.500000	5.525657905	28.88401	0.0	0.0
5.600000	5.626397237	27.44384	0.0	0.0
5.700000	5.727152989	26.02867	0.0	0.0
5.800000	5.827926623	24.63945	0.0	0.0
5.900000	5.928717631	23.27699	0.0	0.0
6.000000	6.029526137	21.94193	0.0	0.0
6.100000	6.131369369	20.63478	0.0	0.0
6.200000	6.233263223	19.35594	0.0	0.0
6.300000	6.335209223	18.10564	0.0	0.0
6.400000	6.437091876	16.88404	0.0	0.0
6.500000	6.539254665	15.69116	0.0	0.0
6.600000	6.641355044	14.52695	0.0	0.0
6.700000	6.743507117	13.39126	0.0	0.0
6.800000	6.845710996	12.28385	0.0	0.0
6.900000	6.947966148	11.20444	0.0	0.0
7.000000	7.050273861	10.15265	0.0	0.0
7.100000	7.151677353	9.12807		0.0	0.0
7.200000	7.253104524	8.13025		0.0	0.0
7.300000	7.354556995	7.15869		0.0	0.0
7.400000	7.456033894	6.21286		0.0	0.0
7.500000	7.557535162	5.29221		0.0	0.0
7.600000	7.659060554	4.39616		0.0	0.0
7.700000	7.760610253	3.52412		0.0	0.0
7.800000	7.862183995	2.67548		0.0	0.0
7.900000	7.963781862	1.84965		0.0	0.0
8.000000	8.065403568	1.04600		0.0	0.0
8.100000	8.167419752	0.26393		0.0	0.0
8.200000	8.269468877	-0.49718	0.0	0.0
8.300000	8.371550722	-1.23793	0.0	0.0
8.400000	8.473665345	-1.95893	0.0	0.0
8.500000	8.575812514	-2.66075	0.0	0.0
8.600000	8.677992081	-3.34399	0.0	0.0
8.700000	8.780203794	-4.00922	0.0	0.0
8.800000	8.882447695	-4.65699	0.0	0.0
8.900000	8.984723520	-5.28785	0.0	0.0
9.000000	9.087031100	-5.90234	0.0	0.0
9.100000	9.189972472	-6.50097	0.0	0.0
9.200000	9.292958595	-7.08425	0.0	0.0
9.300000	9.395989503	-7.65267	0.0	0.0
9.400000	9.499065238	-8.20671	0.0	0.0
9.500000	9.602184739	-8.74683	0.0	0.0
9.600000	9.705348359	-9.27348	0.0	0.0
9.700000	9.808555903	-9.78709	0.0	0.0
9.800000	9.911807175	-10.28809	0.0	0.0
9.900000	10.015103129	-10.77688	0.0	0.0
10.000000	10.118441266	-11.25385	0.0	0.0
10.100000	10.220270401	-11.71939	0.0	0.0
10.200000	10.322112466	-12.17386	0.0	0.0
10.300000	10.423964872	-12.61762	0.0	0.0
10.400000	10.525829784	-13.05100	0.0	0.0
10.500000	10.627705175	-13.47435	0.0	0.0
10.600000	10.729591541	-13.88797	0.0	0.0
10.700000	10.831488408	-14.29218	0.0	0.0
10.800000	10.933395542	-14.68726	0.0	0.0
10.900000	11.035313597	-15.07352	0.0	0.0
11.000000	11.137240312	-15.45122	0.0	0.0
11.100000	11.240825336	-15.82062	0.0	0.0
11.200000	11.344448659	-16.18200	0.0	0.0
11.300000	11.448111342	-16.53558	0.0	0.0
11.400000	11.551813961	-16.88161	0.0	0.0
11.500000	11.655555105	-17.22033	0.0	0.0
11.600000	11.759335085	-17.55195	0.0	0.0
11.700000	11.863153408	-17.87668	0.0	0.0
11.800000	11.967010125	-18.19473	0.0	0.0
11.900000	12.070904323	-18.50631	0.0	0.0
12.000000	12.174837731	-18.81160	0.0	0.0
12.100000	12.277928077	-19.11078	0.0	0.0
12.200000	12.381040961	-19.40404	0.0	0.0
12.300000	12.484177595	-19.69154	0.0	0.0
12.400000	12.587334893	-19.97346	0.0	0.0
12.500000	12.690514060	-20.24995	0.0	0.0
12.600000	12.793714875	-20.52117	0.0	0.0
12.700000	12.896938603	-20.78727	0.0	0.0
12.800000	13.000182070	-21.04838	0.0	0.0
12.900000	13.103446533	-21.30466	0.0	0.0
13.000000	13.206733298	-21.55623	0.0	0.0
13.100000	13.309372251	-21.80323	0.0	0.0
13.200000	13.412021861	-22.04577	0.0	0.0
13.300000	13.514681464	-22.28399	0.0	0.0
13.400000	13.617350542	-22.51799	0.0	0.0
13.500000	13.719677275	-22.74790	0.0	0.0
13.600000	13.822716920	-22.97381	0.0	0.0
13.700000	13.925413334	-23.19584	0.0	0.0
13.800000	14.028118558	-23.41408	0.0	0.0
13.900000	14.130834023	-23.62865	0.0	0.0
14.000000	14.233556289	-23.83962	0.0	0.0
14.100000	14.337948956	-24.04710	0.0	0.0
14.200000	14.442375337	-24.25117	0.0	0.0
14.300000	14.547032909	-24.45192	0.0	0.0
14.400000	14.651320225	-24.64944	0.0	0.0
14.500000	14.755841727	-24.84380	0.0	0.0
14.600000	14.860392881	-25.03508	0.0	0.0
14.700000	14.965676442	-25.22337	0.0	0.0
14.800000	15.069589564	-25.40873	0.0	0.0
14.900000	15.174234420	-25.59123	0.0	0.0
15.000000	15.278909777	-25.77095	0.0	0.0
15.100000	15.381788507	-25.94795	0.0	0.0
15.200000	15.484672927	-26.12230	0.0	0.0
15.300000	15.587562876	-26.29405	0.0	0.0
15.400000	15.690458735	-26.46328	0.0	0.0
15.500000	15.793358173	-26.63003	0.0	0.0
15.600000	15.896264481	-26.79438	0.0	0.0
15.700000	15.999175700	-26.95636	0.0	0.0
15.800000	16.102089826	-27.11605	0.0	0.0
15.900000	16.205010406	-27.27348	0.0	0.0
16.000000	16.307933577	-27.42871	0.0	0.0
16.100000	16.123024663	-27.58180	0.0	0.0
16.200000	15.936389218	-27.73278	0.0	0.0
16.300000	15.754933335	-27.88171	0.0	0.0
16.400000	15.573156449	-28.02863	0.0	0.0
16.500000	15.392896796	-28.17358	0.0	0.0
16.600000	15.214157178	-28.31661	0.0	0.0
16.700000	15.036939835	-28.45776	0.0	0.0
16.800000	14.861246463	-28.59707	0.0	0.0
16.900000	14.687078234	-28.73458	0.0	0.0
17.000000	14.514435809	-28.87032	0.0	0.0
17.100000	13.232736613	-29.00434	0.0	0.0
17.200000	12.062410729	-29.13668	0.0	0.0
17.300000	10.995213430	-29.26735	0.0	0.0
17.400000	10.022094505	-29.39641	0.0	0.0
17.500000	9.134794226	-29.52388	0.0	0.0
17.600000	8.325774683	-29.64979	0.0	0.0
17.700000	7.589030707	-29.77419	0.0	0.0
17.800000	6.916460441	-29.89709	0.0	0.0
17.900000	6.303294111	-30.01853	0.0	0.0
18.000000	5.744304948	-30.13854	0.0	0.0
18.100000	4.470373349	-30.25714	0.0	0.0
18.200000	3.478857540	-30.37437	0.0	0.0
18.300000	2.707485766	-30.49024	0.0	0.0
18.400000	2.106844834	-30.60480	0.0	0.0
18.500000	1.639403640	-30.71805	0.0	0.0
18.600000	1.275634781	-30.83004	0.0	0.0
18.700000	0.992553809	-30.94077	0.0	0.0
18.800000	0.772358899	-31.05028	0.0	0.0
18.900000	0.600927071	-31.15859	0.0	0.0
19.000000	0.467532745	-31.26572	0.0	0.0
19.100000	0.324593693	-31.37169	0.0	0.0
19.200000	0.225349204	-31.47653	0.0	0.0
19.300000	0.156444396	-31.58025	0.0	0.0
19.400000	0.108618087	-31.68288	0.0	0.0
19.500000	0.075401947	-31.78443	0.0	0.0
19.600000	0.052342128	-31.88493	0.0	0.0
19.700000	0.036333622	-31.98440	0.0	0.0
19.800000	0.025220556	-32.08285	0.0	0.0
19.900000	0.017506098	-32.18030	0.0	0.0
20.000000	0.012151025	-32.27676	0.0	0.0
