# UNCLASSIFIED
#
# Response info for FRB broad-band site.
#
# Effective: 1 Jan 1992
# Creation date: 03 Apr 2008
# File name: FRB_bb_rsp.txt
#
# Source: James Neely (TTD), TSgt Walkup
# System equipment: STS-1 seismometer and GD2
# digitizer.
#
# The response file was derived from equations of state.
# Displacement response normalized to 1.0 at 1.0 Hz.
#
# The calib values for this configuration are as follows:
#
# FRB BHZ is 0.015811 nm/count at 1.0 Hz.
# FRB BHN is 0.015811 nm/count at 1.0 Hz.
# FRB BHE is 0.015811 nm/count at 1.0 Hz.
#
# Freq(Hz)     Amp(counts/nm)    Phase(deg)   Error(amp) Error(phase)
#
 theoretical  0       system    fap   J.Neely
1000
0.001000	0.000128245	239.668410	0.0	0.0
0.001010	0.000132072	239.345209	0.0	0.0
0.001020	0.000136011	239.018264	0.0	0.0
0.001030	0.000140066	238.687525	0.0	0.0
0.001040	0.000144240	238.352943	0.0	0.0
0.001051	0.000148537	238.014438	0.0	0.0
0.001061	0.000152958	237.671992	0.0	0.0
0.001072	0.000157509	237.325556	0.0	0.0
0.001083	0.000162193	236.975049	0.0	0.0
0.001093	0.000167013	236.620454	0.0	0.0
0.001104	0.000171973	236.261720	0.0	0.0
0.001115	0.000177077	235.898766	0.0	0.0
0.001126	0.000182329	235.531542	0.0	0.0
0.001138	0.000187733	235.160030	0.0	0.0
0.001149	0.000193293	234.784148	0.0	0.0
0.001160	0.000199014	234.403847	0.0	0.0
0.001172	0.000204899	234.019076	0.0	0.0
0.001184	0.000210953	233.629785	0.0	0.0
0.001195	0.000217181	233.235893	0.0	0.0
0.001207	0.000223587	232.837383	0.0	0.0
0.001219	0.000230176	232.434206	0.0	0.0
0.001231	0.000236953	232.026246	0.0	0.0
0.001244	0.000243923	231.613521	0.0	0.0
0.001256	0.000251090	231.195916	0.0	0.0
0.001269	0.000258460	230.773417	0.0	0.0
0.001281	0.000266038	230.345943	0.0	0.0
0.001294	0.000273829	229.913480	0.0	0.0
0.001307	0.000281838	229.475915	0.0	0.0
0.001320	0.000290072	229.033235	0.0	0.0
0.001333	0.000298536	228.585363	0.0	0.0
0.001346	0.000307235	228.132252	0.0	0.0
0.001360	0.000316175	227.673827	0.0	0.0
0.001373	0.000325363	227.210078	0.0	0.0
0.001387	0.000334803	226.740931	0.0	0.0
0.001401	0.000344502	226.266345	0.0	0.0
0.001415	0.000354466	225.786247	0.0	0.0
0.001429	0.000364701	225.300599	0.0	0.0
0.001443	0.000375214	224.809364	0.0	0.0
0.001457	0.000386011	224.312474	0.0	0.0
0.001472	0.000397098	223.809861	0.0	0.0
0.001487	0.000408482	223.301528	0.0	0.0
0.001501	0.000420169	222.787412	0.0	0.0
0.001516	0.000432165	222.267449	0.0	0.0
0.001532	0.000444478	221.741616	0.0	0.0
0.001547	0.000457114	221.209888	0.0	0.0
0.001562	0.000470080	220.672211	0.0	0.0
0.001578	0.000483382	220.128532	0.0	0.0
0.001593	0.000497027	219.578836	0.0	0.0
0.001609	0.000511022	219.023074	0.0	0.0
0.001625	0.000525373	218.461275	0.0	0.0
0.001642	0.000540087	217.893325	0.0	0.0
0.001658	0.000555171	217.319258	0.0	0.0
0.001674	0.000570632	216.739074	0.0	0.0
0.001691	0.000586476	216.152674	0.0	0.0
0.001708	0.000602709	215.560135	0.0	0.0
0.001725	0.000619338	214.961401	0.0	0.0
0.001742	0.000636370	214.356453	0.0	0.0
0.001760	0.000653810	213.745313	0.0	0.0
0.001777	0.000671665	213.127972	0.0	0.0
0.001795	0.000689942	212.504425	0.0	0.0
0.001813	0.000708645	211.874709	0.0	0.0
0.001831	0.000727780	211.238830	0.0	0.0
0.001849	0.000747354	210.596800	0.0	0.0
0.001867	0.000767372	209.948635	0.0	0.0
0.001886	0.000787839	209.294395	0.0	0.0
0.001905	0.000808759	208.634071	0.0	0.0
0.001924	0.000830139	207.967771	0.0	0.0
0.001943	0.000851981	207.295465	0.0	0.0
0.001962	0.000874292	206.617236	0.0	0.0
0.001982	0.000897073	205.933139	0.0	0.0
0.002002	0.000920331	205.243271	0.0	0.0
0.002022	0.000944067	204.547628	0.0	0.0
0.002042	0.000968285	203.846393	0.0	0.0
0.002062	0.000992987	203.139541	0.0	0.0
0.002083	0.001018180	202.427234	0.0	0.0
0.002103	0.001043860	201.709533	0.0	0.0
0.002124	0.001070030	200.986577	0.0	0.0
0.002145	0.001096690	200.258410	0.0	0.0
0.002167	0.001123840	199.525220	0.0	0.0
0.002188	0.001151490	198.787100	0.0	0.0
0.002210	0.001179640	198.044183	0.0	0.0
0.002232	0.001208280	197.296613	0.0	0.0
0.002254	0.001237410	196.544505	0.0	0.0
0.002277	0.001267030	195.788049	0.0	0.0
0.002300	0.001297140	195.027377	0.0	0.0
0.002322	0.001327750	194.262659	0.0	0.0
0.002346	0.001358830	193.494074	0.0	0.0
0.002369	0.001390410	192.721775	0.0	0.0
0.002393	0.001422460	191.945953	0.0	0.0
0.002416	0.001454990	191.166840	0.0	0.0
0.002441	0.001487990	190.384542	0.0	0.0
0.002465	0.001521460	189.599335	0.0	0.0
0.002489	0.001555400	188.811405	0.0	0.0
0.002514	0.001589790	188.020939	0.0	0.0
0.002539	0.001624640	187.228167	0.0	0.0
0.002565	0.001659940	186.433287	0.0	0.0
0.002590	0.001695670	185.636568	0.0	0.0
0.002616	0.001731850	184.838188	0.0	0.0
0.002642	0.001768450	184.038389	0.0	0.0
0.002668	0.001805470	183.237390	0.0	0.0
0.002695	0.001842910	182.435440	0.0	0.0
0.002722	0.001880760	181.632762	0.0	0.0
0.002749	0.001919010	180.829580	0.0	0.0
0.002776	0.001957650	180.026179	0.0	0.0
0.002804	0.001996680	179.222729	0.0	0.0
0.002832	0.002036090	178.419516	0.0	0.0
0.002860	0.002075860	177.616769	0.0	0.0
0.002888	0.002116000	176.814717	0.0	0.0
0.002917	0.002156490	176.013588	0.0	0.0
0.002946	0.002197330	175.213610	0.0	0.0
0.002976	0.002238510	174.415010	0.0	0.0
0.003005	0.002280030	173.618067	0.0	0.0
0.003035	0.002321860	172.822921	0.0	0.0
0.003066	0.002364020	172.029874	0.0	0.0
0.003096	0.002406480	171.239089	0.0	0.0
0.003127	0.002449250	170.450806	0.0	0.0
0.003158	0.002492310	169.665235	0.0	0.0
0.003190	0.002535660	168.882556	0.0	0.0
0.003221	0.002579300	168.102998	0.0	0.0
0.003253	0.002623220	167.326731	0.0	0.0
0.003286	0.002667410	166.553974	0.0	0.0
0.003319	0.002711860	165.784865	0.0	0.0
0.003352	0.002756580	165.019634	0.0	0.0
0.003385	0.002801560	164.258411	0.0	0.0
0.003419	0.002846790	163.501366	0.0	0.0
0.003453	0.002892260	162.748688	0.0	0.0
0.003487	0.002937990	162.000491	0.0	0.0
0.003522	0.002983960	161.256929	0.0	0.0
0.003557	0.003030160	160.518169	0.0	0.0
0.003592	0.003076610	159.784288	0.0	0.0
0.003628	0.003123290	159.055464	0.0	0.0
0.003664	0.003170200	158.331783	0.0	0.0
0.003701	0.003217350	157.613367	0.0	0.0
0.003738	0.003264730	156.900331	0.0	0.0
0.003775	0.003312340	156.192746	0.0	0.0
0.003813	0.003360180	155.490715	0.0	0.0
0.003851	0.003408250	154.794316	0.0	0.0
0.003889	0.003456550	154.103641	0.0	0.0
0.003928	0.003505090	153.418739	0.0	0.0
0.003967	0.003553860	152.739706	0.0	0.0
0.004006	0.003602870	152.066580	0.0	0.0
0.004046	0.003652120	151.399413	0.0	0.0
0.004087	0.003701600	150.738250	0.0	0.0
0.004127	0.003751330	150.083148	0.0	0.0
0.004168	0.003801300	149.434141	0.0	0.0
0.004210	0.003851530	148.791231	0.0	0.0
0.004252	0.003902000	148.154474	0.0	0.0
0.004294	0.003952740	147.523876	0.0	0.0
0.004337	0.004003730	146.899456	0.0	0.0
0.004380	0.004054990	146.281227	0.0	0.0
0.004424	0.004106510	145.669184	0.0	0.0
0.004468	0.004158310	145.063333	0.0	0.0
0.004512	0.004210390	144.463690	0.0	0.0
0.004557	0.004262760	143.870228	0.0	0.0
0.004603	0.004315410	143.282941	0.0	0.0
0.004649	0.004368360	142.701822	0.0	0.0
0.004695	0.004421610	142.126848	0.0	0.0
0.004742	0.004475170	141.557994	0.0	0.0
0.004789	0.004529040	140.995244	0.0	0.0
0.004837	0.004583230	140.438580	0.0	0.0
0.004885	0.004637740	139.887970	0.0	0.0
0.004934	0.004692590	139.343367	0.0	0.0
0.004983	0.004747780	138.804759	0.0	0.0
0.005032	0.004803310	138.272097	0.0	0.0
0.005082	0.004859190	137.745341	0.0	0.0
0.005133	0.004915440	137.224464	0.0	0.0
0.005184	0.004972050	136.709411	0.0	0.0
0.005236	0.005029030	136.200151	0.0	0.0
0.005288	0.005086400	135.696631	0.0	0.0
0.005341	0.005144150	135.198814	0.0	0.0
0.005394	0.005202300	134.706646	0.0	0.0
0.005448	0.005260860	134.220080	0.0	0.0
0.005502	0.005319820	133.739061	0.0	0.0
0.005557	0.005379200	133.263541	0.0	0.0
0.005612	0.005439010	132.793481	0.0	0.0
0.005668	0.005499260	132.328816	0.0	0.0
0.005725	0.005559940	131.869497	0.0	0.0
0.005782	0.005621070	131.415468	0.0	0.0
0.005839	0.005682670	130.966679	0.0	0.0
0.005897	0.005744730	130.523081	0.0	0.0
0.005956	0.005807260	130.084603	0.0	0.0
0.006015	0.005870270	129.651211	0.0	0.0
0.006075	0.005933770	129.222833	0.0	0.0
0.006136	0.005997770	128.799421	0.0	0.0
0.006197	0.006062280	128.380920	0.0	0.0
0.006259	0.006127300	127.967273	0.0	0.0
0.006321	0.006192840	127.558428	0.0	0.0
0.006384	0.006258910	127.154328	0.0	0.0
0.006448	0.006325520	126.754914	0.0	0.0
0.006512	0.006392680	126.360139	0.0	0.0
0.006577	0.006460400	125.969944	0.0	0.0
0.006642	0.006528680	125.584271	0.0	0.0
0.006708	0.006597530	125.203073	0.0	0.0
0.006775	0.006666960	124.826289	0.0	0.0
0.006843	0.006736980	124.453873	0.0	0.0
0.006911	0.006807600	124.085765	0.0	0.0
0.006980	0.006878820	123.721915	0.0	0.0
0.007049	0.006950660	123.362270	0.0	0.0
0.007120	0.007023120	123.006777	0.0	0.0
0.007191	0.007096210	122.655384	0.0	0.0
0.007262	0.007169950	122.308044	0.0	0.0
0.007335	0.007244330	121.964702	0.0	0.0
0.007408	0.007319370	121.625308	0.0	0.0
0.007481	0.007395080	121.289818	0.0	0.0
0.007556	0.007471470	120.958174	0.0	0.0
0.007631	0.007548540	120.630330	0.0	0.0
0.007707	0.007626300	120.306242	0.0	0.0
0.007784	0.007704760	119.985858	0.0	0.0
0.007862	0.007783940	119.669131	0.0	0.0
0.007940	0.007863830	119.356014	0.0	0.0
0.008019	0.007944460	119.046464	0.0	0.0
0.008099	0.008025820	118.740434	0.0	0.0
0.008180	0.008107930	118.437878	0.0	0.0
0.008261	0.008190800	118.138755	0.0	0.0
0.008343	0.008274430	117.843014	0.0	0.0
0.008426	0.008358840	117.550620	0.0	0.0
0.008510	0.008444030	117.261522	0.0	0.0
0.008595	0.008530020	116.975683	0.0	0.0
0.008681	0.008616810	116.693060	0.0	0.0
0.008767	0.008704410	116.413612	0.0	0.0
0.008855	0.008792830	116.137300	0.0	0.0
0.008943	0.008882090	115.864079	0.0	0.0
0.009032	0.008972190	115.593913	0.0	0.0
0.009122	0.009063140	115.326765	0.0	0.0
0.009213	0.009154950	115.062591	0.0	0.0
0.009305	0.009247630	114.801359	0.0	0.0
0.009397	0.009341190	114.543029	0.0	0.0
0.009491	0.009435650	114.287562	0.0	0.0
0.009586	0.009531000	114.034923	0.0	0.0
0.009681	0.009627270	113.785077	0.0	0.0
0.009777	0.009724450	113.537989	0.0	0.0
0.009875	0.009822570	113.293622	0.0	0.0
0.009973	0.009921630	113.051943	0.0	0.0
0.010073	0.010021600	112.812908	0.0	0.0
0.010173	0.010122600	112.576505	0.0	0.0
0.010274	0.010224600	112.342689	0.0	0.0
0.010377	0.010327500	112.111428	0.0	0.0
0.010480	0.010431400	111.882689	0.0	0.0
0.010584	0.010536400	111.656442	0.0	0.0
0.010690	0.010642300	111.432655	0.0	0.0
0.010796	0.010749300	111.211299	0.0	0.0
0.010904	0.010857300	110.992344	0.0	0.0
0.011013	0.010966300	110.775763	0.0	0.0
0.011122	0.011076500	110.561506	0.0	0.0
0.011233	0.011187700	110.349567	0.0	0.0
0.011345	0.011299900	110.139918	0.0	0.0
0.011458	0.011413300	109.932515	0.0	0.0
0.011572	0.011527800	109.727349	0.0	0.0
0.011688	0.011643400	109.524378	0.0	0.0
0.011804	0.011760100	109.323577	0.0	0.0
0.011922	0.011878000	109.124923	0.0	0.0
0.012040	0.011997000	108.928392	0.0	0.0
0.012160	0.012117200	108.733943	0.0	0.0
0.012281	0.012238600	108.541572	0.0	0.0
0.012404	0.012361100	108.351256	0.0	0.0
0.012527	0.012484900	108.162941	0.0	0.0
0.012652	0.012609900	107.976638	0.0	0.0
0.012778	0.012736100	107.792296	0.0	0.0
0.012906	0.012863500	107.609894	0.0	0.0
0.013034	0.012992200	107.429428	0.0	0.0
0.013164	0.013122200	107.250851	0.0	0.0
0.013295	0.013253400	107.074156	0.0	0.0
0.013428	0.013385900	106.899325	0.0	0.0
0.013561	0.013519800	106.726315	0.0	0.0
0.013696	0.013654900	106.555120	0.0	0.0
0.013833	0.013791400	106.385722	0.0	0.0
0.013971	0.013929300	106.218094	0.0	0.0
0.014110	0.014068500	106.052204	0.0	0.0
0.014250	0.014209000	105.888051	0.0	0.0
0.014392	0.014351000	105.725594	0.0	0.0
0.014536	0.014494400	105.564840	0.0	0.0
0.014681	0.014639200	105.405742	0.0	0.0
0.014827	0.014785400	105.248294	0.0	0.0
0.014975	0.014933000	105.092473	0.0	0.0
0.015124	0.015082100	104.938274	0.0	0.0
0.015275	0.015232700	104.785652	0.0	0.0
0.015427	0.015384800	104.634614	0.0	0.0
0.015580	0.015538400	104.485126	0.0	0.0
0.015736	0.015693500	104.337167	0.0	0.0
0.015892	0.015850200	104.190734	0.0	0.0
0.016051	0.016008400	104.045803	0.0	0.0
0.016211	0.016168100	103.902354	0.0	0.0
0.016372	0.016329500	103.760376	0.0	0.0
0.016535	0.016492500	103.619847	0.0	0.0
0.016700	0.016657000	103.480756	0.0	0.0
0.016866	0.016823200	103.343075	0.0	0.0
0.017034	0.016991100	103.206801	0.0	0.0
0.017204	0.017160600	103.071909	0.0	0.0
0.017375	0.017331800	102.938386	0.0	0.0
0.017549	0.017504700	102.806216	0.0	0.0
0.017723	0.017679300	102.675389	0.0	0.0
0.017900	0.017855600	102.545886	0.0	0.0
0.018078	0.018033700	102.417692	0.0	0.0
0.018258	0.018213600	102.290789	0.0	0.0
0.018440	0.018395200	102.165161	0.0	0.0
0.018624	0.018578700	102.040808	0.0	0.0
0.018810	0.018763900	101.917698	0.0	0.0
0.018997	0.018951100	101.795831	0.0	0.0
0.019186	0.019140000	101.675185	0.0	0.0
0.019377	0.019330900	101.555746	0.0	0.0
0.019570	0.019523600	101.437505	0.0	0.0
0.019765	0.019718300	101.320448	0.0	0.0
0.019962	0.019914900	101.204557	0.0	0.0
0.020161	0.020113500	101.089823	0.0	0.0
0.020362	0.020314000	100.976233	0.0	0.0
0.020565	0.020516500	100.863774	0.0	0.0
0.020770	0.020721000	100.752434	0.0	0.0
0.020977	0.020927600	100.642196	0.0	0.0
0.021186	0.021136200	100.533057	0.0	0.0
0.021397	0.021346900	100.424995	0.0	0.0
0.021610	0.021559700	100.318004	0.0	0.0
0.021825	0.021774600	100.212073	0.0	0.0
0.022043	0.021991700	100.107186	0.0	0.0
0.022262	0.022210900	100.003331	0.0	0.0
0.022484	0.022432300	99.900503	0.0	0.0
0.022708	0.022655900	99.798687	0.0	0.0
0.022934	0.022881700	99.697868	0.0	0.0
0.023163	0.023109700	99.598045	0.0	0.0
0.023394	0.023340100	99.499195	0.0	0.0
0.023627	0.023572700	99.401317	0.0	0.0
0.023862	0.023807600	99.304393	0.0	0.0
0.024100	0.024044900	99.208419	0.0	0.0
0.024340	0.024284500	99.113384	0.0	0.0
0.024582	0.024526600	99.019269	0.0	0.0
0.024827	0.024771000	98.926076	0.0	0.0
0.025075	0.025017800	98.833786	0.0	0.0
0.025324	0.025267200	98.742393	0.0	0.0
0.025577	0.025519000	98.651887	0.0	0.0
0.025832	0.025773300	98.562259	0.0	0.0
0.026089	0.026030100	98.473497	0.0	0.0
0.026349	0.026289500	98.385592	0.0	0.0
0.026611	0.026551500	98.298538	0.0	0.0
0.026876	0.026816100	98.212322	0.0	0.0
0.027144	0.027083300	98.126933	0.0	0.0
0.027415	0.027353200	98.042367	0.0	0.0
0.027688	0.027625700	97.958615	0.0	0.0
0.027964	0.027901000	97.875667	0.0	0.0
0.028242	0.028179000	97.793509	0.0	0.0
0.028524	0.028459800	97.712141	0.0	0.0
0.028808	0.028743400	97.631546	0.0	0.0
0.029095	0.029029900	97.551723	0.0	0.0
0.029385	0.029319100	97.472660	0.0	0.0
0.029677	0.029611300	97.394348	0.0	0.0
0.029973	0.029906300	97.316780	0.0	0.0
0.030272	0.030204300	97.239948	0.0	0.0
0.030573	0.030505300	97.163843	0.0	0.0
0.030878	0.030809200	97.088459	0.0	0.0
0.031185	0.031116200	97.013787	0.0	0.0
0.031496	0.031426200	96.939819	0.0	0.0
0.031810	0.031739400	96.866546	0.0	0.0
0.032127	0.032055600	96.793963	0.0	0.0
0.032447	0.032375000	96.722060	0.0	0.0
0.032770	0.032697600	96.650831	0.0	0.0
0.033097	0.033023400	96.580269	0.0	0.0
0.033426	0.033352400	96.510366	0.0	0.0
0.033759	0.033684700	96.441114	0.0	0.0
0.034096	0.034020400	96.372508	0.0	0.0
0.034435	0.034359300	96.304539	0.0	0.0
0.034778	0.034701700	96.237200	0.0	0.0
0.035125	0.035047400	96.170487	0.0	0.0
0.035475	0.035396600	96.104389	0.0	0.0
0.035828	0.035749300	96.038900	0.0	0.0
0.036185	0.036105500	95.974016	0.0	0.0
0.036546	0.036465200	95.909727	0.0	0.0
0.036910	0.036828500	95.846030	0.0	0.0
0.037278	0.037195500	95.782916	0.0	0.0
0.037649	0.037566100	95.720377	0.0	0.0
0.038024	0.037940300	95.658411	0.0	0.0
0.038403	0.038318300	95.597007	0.0	0.0
0.038785	0.038700100	95.536164	0.0	0.0
0.039172	0.039085700	95.475871	0.0	0.0
0.039562	0.039475100	95.416123	0.0	0.0
0.039956	0.039868400	95.356916	0.0	0.0
0.040354	0.040265700	95.298243	0.0	0.0
0.040756	0.040666800	95.240096	0.0	0.0
0.041162	0.041072000	95.182470	0.0	0.0
0.041572	0.041481200	95.125362	0.0	0.0
0.041987	0.041894500	95.068762	0.0	0.0
0.042405	0.042311900	95.012668	0.0	0.0
0.042827	0.042733500	94.957071	0.0	0.0
0.043254	0.043159200	94.901969	0.0	0.0
0.043685	0.043589200	94.847352	0.0	0.0
0.044120	0.044023500	94.793218	0.0	0.0
0.044560	0.044462100	94.739560	0.0	0.0
0.045004	0.044905100	94.686372	0.0	0.0
0.045452	0.045352500	94.633651	0.0	0.0
0.045905	0.045804300	94.581390	0.0	0.0
0.046362	0.046260700	94.529583	0.0	0.0
0.046824	0.046721600	94.478227	0.0	0.0
0.047291	0.047187100	94.427314	0.0	0.0
0.047762	0.047657200	94.376842	0.0	0.0
0.048238	0.048132000	94.326803	0.0	0.0
0.048718	0.048611500	94.277194	0.0	0.0
0.049204	0.049095900	94.228009	0.0	0.0
0.049694	0.049585000	94.179243	0.0	0.0
0.050189	0.050079000	94.130892	0.0	0.0
0.050689	0.050577900	94.082950	0.0	0.0
0.051194	0.051081900	94.035413	0.0	0.0
0.051704	0.051590800	93.988276	0.0	0.0
0.052219	0.052104800	93.941534	0.0	0.0
0.052739	0.052623900	93.895183	0.0	0.0
0.053265	0.053148200	93.849217	0.0	0.0
0.053795	0.053677700	93.803633	0.0	0.0
0.054331	0.054212500	93.758425	0.0	0.0
0.054873	0.054752600	93.713590	0.0	0.0
0.055419	0.055298100	93.669122	0.0	0.0
0.055971	0.055849100	93.625018	0.0	0.0
0.056529	0.056405500	93.581273	0.0	0.0
0.057092	0.056967400	93.537882	0.0	0.0
0.057661	0.057535000	93.494840	0.0	0.0
0.058235	0.058108200	93.452145	0.0	0.0
0.058816	0.058687200	93.409792	0.0	0.0
0.059402	0.059271800	93.367776	0.0	0.0
0.059993	0.059862400	93.326093	0.0	0.0
0.060591	0.060458800	93.284738	0.0	0.0
0.061195	0.061061100	93.243709	0.0	0.0
0.061804	0.061669500	93.203001	0.0	0.0
0.062420	0.062283900	93.162609	0.0	0.0
0.063042	0.062904400	93.122529	0.0	0.0
0.063670	0.063531100	93.082759	0.0	0.0
0.064304	0.064164100	93.043293	0.0	0.0
0.064945	0.064803300	93.004128	0.0	0.0
0.065592	0.065449000	92.965260	0.0	0.0
0.066246	0.066101100	92.926685	0.0	0.0
0.066906	0.066759600	92.888399	0.0	0.0
0.067572	0.067424700	92.850398	0.0	0.0
0.068245	0.068096500	92.812679	0.0	0.0
0.068925	0.068774900	92.775239	0.0	0.0
0.069612	0.069460100	92.738071	0.0	0.0
0.070305	0.070152200	92.701175	0.0	0.0
0.071006	0.070851100	92.664545	0.0	0.0
0.071713	0.071557000	92.628178	0.0	0.0
0.072428	0.072269900	92.592071	0.0	0.0
0.073149	0.072989900	92.556220	0.0	0.0
0.073878	0.073717100	92.520621	0.0	0.0
0.074614	0.074451600	92.485271	0.0	0.0
0.075357	0.075193300	92.450166	0.0	0.0
0.076108	0.075942500	92.415303	0.0	0.0
0.076866	0.076699100	92.380678	0.0	0.0
0.077632	0.077463200	92.346289	0.0	0.0
0.078406	0.078235000	92.312131	0.0	0.0
0.079187	0.079014500	92.278201	0.0	0.0
0.079976	0.079801700	92.244496	0.0	0.0
0.080773	0.080596700	92.211012	0.0	0.0
0.081577	0.081399700	92.177747	0.0	0.0
0.082390	0.082210700	92.144696	0.0	0.0
0.083211	0.083029800	92.111857	0.0	0.0
0.084040	0.083857000	92.079226	0.0	0.0
0.084877	0.084692500	92.046801	0.0	0.0
0.085723	0.085536300	92.014577	0.0	0.0
0.086577	0.086388500	91.982552	0.0	0.0
0.087439	0.087249200	91.950722	0.0	0.0
0.088310	0.088118400	91.919085	0.0	0.0
0.089190	0.088996400	91.887637	0.0	0.0
0.090079	0.089883100	91.856375	0.0	0.0
0.090976	0.090778600	91.825296	0.0	0.0
0.091883	0.091683000	91.794397	0.0	0.0
0.092798	0.092596500	91.763675	0.0	0.0
0.093722	0.093519000	91.733127	0.0	0.0
0.094656	0.094450700	91.702750	0.0	0.0
0.095599	0.095391800	91.672541	0.0	0.0
0.096552	0.096342200	91.642496	0.0	0.0
0.097514	0.097302000	91.612614	0.0	0.0
0.098485	0.098271500	91.582890	0.0	0.0
0.099466	0.099250600	91.553322	0.0	0.0
0.100457	0.100239000	91.523907	0.0	0.0
0.101458	0.101238000	91.494643	0.0	0.0
0.102469	0.102247000	91.465526	0.0	0.0
0.103490	0.103265000	91.436553	0.0	0.0
0.104521	0.104294000	91.407723	0.0	0.0
0.105562	0.105333000	91.379031	0.0	0.0
0.106614	0.106383000	91.350474	0.0	0.0
0.107676	0.107443000	91.322052	0.0	0.0
0.108749	0.108513000	91.293757	0.0	0.0
0.109832	0.109594000	91.265592	0.0	0.0
0.110926	0.110686000	91.237552	0.0	0.0
0.112031	0.111789000	91.209631	0.0	0.0
0.113148	0.112903000	91.181832	0.0	0.0
0.114275	0.114028000	91.154147	0.0	0.0
0.115413	0.115164000	91.126579	0.0	0.0
0.116563	0.116311000	91.099119	0.0	0.0
0.117724	0.117470000	91.071770	0.0	0.0
0.118897	0.118641000	91.044524	0.0	0.0
0.120082	0.119823000	91.017383	0.0	0.0
0.121278	0.121016000	90.990339	0.0	0.0
0.122486	0.122222000	90.963396	0.0	0.0
0.123707	0.123440000	90.936547	0.0	0.0
0.124939	0.124670000	90.909788	0.0	0.0
0.126184	0.125912000	90.883121	0.0	0.0
0.127441	0.127166000	90.856541	0.0	0.0
0.128711	0.128433000	90.830044	0.0	0.0
0.129993	0.129713000	90.803629	0.0	0.0
0.131288	0.131006000	90.777293	0.0	0.0
0.132596	0.132311000	90.751034	0.0	0.0
0.133917	0.133629000	90.724849	0.0	0.0
0.135251	0.134960000	90.698735	0.0	0.0
0.136599	0.136305000	90.672691	0.0	0.0
0.137960	0.137663000	90.646712	0.0	0.0
0.139334	0.139035000	90.620796	0.0	0.0
0.140722	0.140420000	90.594943	0.0	0.0
0.142124	0.141819000	90.569147	0.0	0.0
0.143540	0.143232000	90.543409	0.0	0.0
0.144970	0.144659000	90.517722	0.0	0.0
0.146414	0.146101000	90.492087	0.0	0.0
0.147873	0.147556000	90.466502	0.0	0.0
0.149346	0.149027000	90.440959	0.0	0.0
0.150834	0.150512000	90.415464	0.0	0.0
0.152337	0.152011000	90.390006	0.0	0.0
0.153855	0.153526000	90.364588	0.0	0.0
0.155387	0.155055000	90.339206	0.0	0.0
0.156935	0.156600000	90.313858	0.0	0.0
0.158499	0.158161000	90.288540	0.0	0.0
0.160078	0.159737000	90.263250	0.0	0.0
0.161673	0.161328000	90.237987	0.0	0.0
0.163284	0.162936000	90.212746	0.0	0.0
0.164910	0.164559000	90.187526	0.0	0.0
0.166553	0.166199000	90.162326	0.0	0.0
0.168213	0.167855000	90.137141	0.0	0.0
0.169888	0.169527000	90.111968	0.0	0.0
0.171581	0.171216000	90.086808	0.0	0.0
0.173290	0.172922000	90.061656	0.0	0.0
0.175017	0.174645000	90.036509	0.0	0.0
0.176760	0.176386000	90.011367	0.0	0.0
0.178521	0.178143000	89.986226	0.0	0.0
0.180300	0.179918000	89.961082	0.0	0.0
0.182096	0.181711000	89.935935	0.0	0.0
0.183910	0.183522000	89.910782	0.0	0.0
0.185743	0.185350000	89.885619	0.0	0.0
0.187593	0.187197000	89.860446	0.0	0.0
0.189462	0.189062000	89.835259	0.0	0.0
0.191350	0.190946000	89.810054	0.0	0.0
0.193256	0.192849000	89.784833	0.0	0.0
0.195181	0.194771000	89.759588	0.0	0.0
0.197126	0.196711000	89.734321	0.0	0.0
0.199090	0.198671000	89.709028	0.0	0.0
0.201073	0.200651000	89.683705	0.0	0.0
0.203077	0.202651000	89.658351	0.0	0.0
0.205100	0.204670000	89.632964	0.0	0.0
0.207143	0.206709000	89.607539	0.0	0.0
0.209207	0.208769000	89.582077	0.0	0.0
0.211291	0.210849000	89.556574	0.0	0.0
0.213396	0.212950000	89.531025	0.0	0.0
0.215522	0.215072000	89.505431	0.0	0.0
0.217669	0.217216000	89.479788	0.0	0.0
0.219838	0.219380000	89.454095	0.0	0.0
0.222028	0.221566000	89.428347	0.0	0.0
0.224240	0.223774000	89.402542	0.0	0.0
0.226474	0.226004000	89.376679	0.0	0.0
0.228730	0.228256000	89.350754	0.0	0.0
0.231009	0.230531000	89.324765	0.0	0.0
0.233311	0.232828000	89.298709	0.0	0.0
0.235635	0.235148000	89.272584	0.0	0.0
0.237983	0.237491000	89.246388	0.0	0.0
0.240354	0.239858000	89.220117	0.0	0.0
0.242748	0.242248000	89.193768	0.0	0.0
0.245167	0.244663000	89.167341	0.0	0.0
0.247609	0.247101000	89.140831	0.0	0.0
0.250076	0.249563000	89.114236	0.0	0.0
0.252567	0.252050000	89.087554	0.0	0.0
0.255084	0.254562000	89.060782	0.0	0.0
0.257625	0.257099000	89.033917	0.0	0.0
0.260192	0.259661000	89.006957	0.0	0.0
0.262784	0.262249000	88.979898	0.0	0.0
0.265402	0.264862000	88.952739	0.0	0.0
0.268046	0.267502000	88.925476	0.0	0.0
0.270716	0.270168000	88.898108	0.0	0.0
0.273413	0.272860000	88.870630	0.0	0.0
0.276137	0.275580000	88.843042	0.0	0.0
0.278888	0.278326000	88.815338	0.0	0.0
0.281667	0.281100000	88.787518	0.0	0.0
0.284473	0.283901000	88.759578	0.0	0.0
0.287307	0.286731000	88.731516	0.0	0.0
0.290170	0.289589000	88.703328	0.0	0.0
0.293060	0.292475000	88.675012	0.0	0.0
0.295980	0.295390000	88.646566	0.0	0.0
0.298929	0.298334000	88.617986	0.0	0.0
0.301907	0.301307000	88.589268	0.0	0.0
0.304915	0.304310000	88.560412	0.0	0.0
0.307953	0.307343000	88.531413	0.0	0.0
0.311021	0.310407000	88.502270	0.0	0.0
0.314119	0.313500000	88.472979	0.0	0.0
0.317249	0.316625000	88.443536	0.0	0.0
0.320409	0.319781000	88.413940	0.0	0.0
0.323602	0.322968000	88.384187	0.0	0.0
0.326825	0.326187000	88.354274	0.0	0.0
0.330082	0.329439000	88.324199	0.0	0.0
0.333370	0.332723000	88.293958	0.0	0.0
0.336691	0.336039000	88.263548	0.0	0.0
0.340046	0.339389000	88.232967	0.0	0.0
0.343433	0.342771000	88.202210	0.0	0.0
0.346855	0.346188000	88.171277	0.0	0.0
0.350311	0.349639000	88.140162	0.0	0.0
0.353801	0.353124000	88.108863	0.0	0.0
0.357325	0.356644000	88.077377	0.0	0.0
0.360885	0.360200000	88.045702	0.0	0.0
0.364481	0.363790000	88.013833	0.0	0.0
0.368112	0.367417000	87.981767	0.0	0.0
0.371779	0.371080000	87.949502	0.0	0.0
0.375483	0.374779000	87.917034	0.0	0.0
0.379224	0.378515000	87.884359	0.0	0.0
0.383002	0.382289000	87.851476	0.0	0.0
0.386818	0.386100000	87.818379	0.0	0.0
0.390672	0.389949000	87.785067	0.0	0.0
0.394564	0.393836000	87.751535	0.0	0.0
0.398495	0.397763000	87.717781	0.0	0.0
0.402465	0.401728000	87.683800	0.0	0.0
0.406474	0.405734000	87.649591	0.0	0.0
0.410524	0.409779000	87.615148	0.0	0.0
0.414614	0.413865000	87.580470	0.0	0.0
0.418745	0.417991000	87.545551	0.0	0.0
0.422916	0.422159000	87.510390	0.0	0.0
0.427130	0.426368000	87.474981	0.0	0.0
0.431385	0.430619000	87.439322	0.0	0.0
0.435683	0.434913000	87.403411	0.0	0.0
0.440024	0.439250000	87.367241	0.0	0.0
0.444407	0.443629000	87.330810	0.0	0.0
0.448835	0.448053000	87.294114	0.0	0.0
0.453307	0.452521000	87.257150	0.0	0.0
0.457823	0.457033000	87.219914	0.0	0.0
0.462384	0.461591000	87.182402	0.0	0.0
0.466990	0.466194000	87.144611	0.0	0.0
0.471643	0.470843000	87.106537	0.0	0.0
0.476342	0.475539000	87.068174	0.0	0.0
0.481087	0.480281000	87.029522	0.0	0.0
0.485880	0.485071000	86.990573	0.0	0.0
0.490721	0.489909000	86.951327	0.0	0.0
0.495610	0.494795000	86.911778	0.0	0.0
0.500547	0.499730000	86.871921	0.0	0.0
0.505534	0.504714000	86.831753	0.0	0.0
0.510571	0.509748000	86.791272	0.0	0.0
0.515657	0.514833000	86.750471	0.0	0.0
0.520795	0.519968000	86.709347	0.0	0.0
0.525983	0.525155000	86.667895	0.0	0.0
0.531224	0.530393000	86.626113	0.0	0.0
0.536516	0.535684000	86.583995	0.0	0.0
0.541861	0.541028000	86.541536	0.0	0.0
0.547260	0.546425000	86.498734	0.0	0.0
0.552712	0.551876000	86.455584	0.0	0.0
0.558218	0.557382000	86.412080	0.0	0.0
0.563780	0.562943000	86.368219	0.0	0.0
0.569396	0.568559000	86.323996	0.0	0.0
0.575069	0.574232000	86.279407	0.0	0.0
0.580798	0.579961000	86.234447	0.0	0.0
0.586585	0.585748000	86.189112	0.0	0.0
0.592429	0.591592000	86.143397	0.0	0.0
0.598331	0.597495000	86.097297	0.0	0.0
0.604292	0.603458000	86.050808	0.0	0.0
0.610312	0.609480000	86.003924	0.0	0.0
0.616392	0.615562000	85.956643	0.0	0.0
0.622533	0.621705000	85.908956	0.0	0.0
0.628736	0.627909000	85.860862	0.0	0.0
0.634999	0.634176000	85.812354	0.0	0.0
0.641326	0.640506000	85.763428	0.0	0.0
0.647715	0.646898000	85.714078	0.0	0.0
0.654168	0.653355000	85.664300	0.0	0.0
0.660685	0.659877000	85.614088	0.0	0.0
0.667268	0.666464000	85.563437	0.0	0.0
0.673915	0.673117000	85.512342	0.0	0.0
0.680629	0.679836000	85.460798	0.0	0.0
0.687410	0.686624000	85.408799	0.0	0.0
0.694259	0.693479000	85.356340	0.0	0.0
0.701175	0.700402000	85.303416	0.0	0.0
0.708161	0.707396000	85.250021	0.0	0.0
0.715216	0.714459000	85.196149	0.0	0.0
0.722342	0.721593000	85.141796	0.0	0.0
0.729538	0.728799000	85.086955	0.0	0.0
0.736806	0.736077000	85.031621	0.0	0.0
0.744147	0.743428000	84.975787	0.0	0.0
0.751561	0.750852000	84.919449	0.0	0.0
0.759048	0.758352000	84.862600	0.0	0.0
0.766610	0.765926000	84.805234	0.0	0.0
0.774248	0.773577000	84.747346	0.0	0.0
0.781961	0.781304000	84.688928	0.0	0.0
0.789752	0.789109000	84.629976	0.0	0.0
0.797620	0.796993000	84.570482	0.0	0.0
0.805566	0.804955000	84.510442	0.0	0.0
0.813592	0.812997000	84.449848	0.0	0.0
0.821698	0.821121000	84.388694	0.0	0.0
0.829884	0.829326000	84.326974	0.0	0.0
0.838152	0.837613000	84.264680	0.0	0.0
0.846502	0.845984000	84.201807	0.0	0.0
0.854936	0.854439000	84.138348	0.0	0.0
0.863453	0.862979000	84.074296	0.0	0.0
0.872055	0.871605000	84.009644	0.0	0.0
0.880743	0.880317000	83.944386	0.0	0.0
0.889518	0.889118000	83.878513	0.0	0.0
0.898380	0.898006000	83.812021	0.0	0.0
0.907330	0.906985000	83.744900	0.0	0.0
0.916370	0.916053000	83.677145	0.0	0.0
0.925499	0.925213000	83.608748	0.0	0.0
0.934720	0.934466000	83.539701	0.0	0.0
0.944032	0.943811000	83.469997	0.0	0.0
0.953437	0.953251000	83.399629	0.0	0.0
0.962936	0.962785000	83.328589	0.0	0.0
0.972529	0.972416000	83.256868	0.0	0.0
0.982218	0.982144000	83.184461	0.0	0.0
0.992004	0.991970000	83.111359	0.0	0.0
1.001887	1.001900000	83.037552	0.0	0.0
1.011868	1.011920000	82.963038	0.0	0.0
1.021949	1.022050000	82.887801	0.0	0.0
1.032131	1.032280000	82.811832	0.0	0.0
1.042414	1.042610000	82.735130	0.0	0.0
1.052799	1.053040000	82.657686	0.0	0.0
1.063288	1.063580000	82.579486	0.0	0.0
1.073881	1.074230000	82.500528	0.0	0.0
1.084580	1.084990000	82.420795	0.0	0.0
1.095385	1.095850000	82.340289	0.0	0.0
1.106298	1.106830000	82.258991	0.0	0.0
1.117320	1.117910000	82.176894	0.0	0.0
1.128451	1.129110000	82.093997	0.0	0.0
1.139694	1.140420000	82.010275	0.0	0.0
1.151048	1.151850000	81.925737	0.0	0.0
1.162516	1.163390000	81.840357	0.0	0.0
1.174097	1.175040000	81.754142	0.0	0.0
1.185794	1.186820000	81.667069	0.0	0.0
1.197608	1.198710000	81.579128	0.0	0.0
1.209540	1.210730000	81.490312	0.0	0.0
1.221590	1.222870000	81.400618	0.0	0.0
1.233760	1.235130000	81.310030	0.0	0.0
1.246052	1.247510000	81.218532	0.0	0.0
1.258466	1.260020000	81.126123	0.0	0.0
1.271004	1.272660000	81.032786	0.0	0.0
1.283666	1.285430000	80.938518	0.0	0.0
1.296455	1.298320000	80.843298	0.0	0.0
1.309371	1.311350000	80.747122	0.0	0.0
1.322416	1.324510000	80.649973	0.0	0.0
1.335591	1.337800000	80.551844	0.0	0.0
1.348897	1.351230000	80.452724	0.0	0.0
1.362336	1.364800000	80.352597	0.0	0.0
1.375908	1.378500000	80.251460	0.0	0.0
1.389616	1.392340000	80.149289	0.0	0.0
1.403460	1.406320000	80.046083	0.0	0.0
1.417443	1.420450000	79.941816	0.0	0.0
1.431564	1.434720000	79.836495	0.0	0.0
1.445826	1.449140000	79.730093	0.0	0.0
1.460231	1.463700000	79.622594	0.0	0.0
1.474779	1.478410000	79.513996	0.0	0.0
1.489471	1.493270000	79.404288	0.0	0.0
1.504310	1.508280000	79.293446	0.0	0.0
1.519297	1.523450000	79.181459	0.0	0.0
1.534434	1.538770000	79.068310	0.0	0.0
1.549721	1.554250000	78.953996	0.0	0.0
1.565160	1.569890000	78.838500	0.0	0.0
1.580753	1.585680000	78.721802	0.0	0.0
1.596502	1.601640000	78.603885	0.0	0.0
1.612408	1.617760000	78.484739	0.0	0.0
1.628471	1.634050000	78.364360	0.0	0.0
1.644695	1.650510000	78.242716	0.0	0.0
1.661081	1.667130000	78.119794	0.0	0.0
1.677630	1.683920000	77.995584	0.0	0.0
1.694344	1.700890000	77.870067	0.0	0.0
1.711224	1.718030000	77.743232	0.0	0.0
1.728272	1.735340000	77.615061	0.0	0.0
1.745491	1.752840000	77.485526	0.0	0.0
1.762880	1.770510000	77.354631	0.0	0.0
1.780443	1.788370000	77.222342	0.0	0.0
1.798181	1.806410000	77.088646	0.0	0.0
1.816096	1.824630000	76.953525	0.0	0.0
1.834189	1.843050000	76.816965	0.0	0.0
1.852463	1.861650000	76.678941	0.0	0.0
1.870918	1.880450000	76.539446	0.0	0.0
1.889558	1.899430000	76.398446	0.0	0.0
1.908383	1.918620000	76.255935	0.0	0.0
1.927396	1.938000000	76.111886	0.0	0.0
1.946598	1.957590000	75.966285	0.0	0.0
1.965991	1.977370000	75.819111	0.0	0.0
1.985578	1.997360000	75.670336	0.0	0.0
2.005359	2.017560000	75.519955	0.0	0.0
2.025338	2.037960000	75.367929	0.0	0.0
2.045516	2.058580000	75.214246	0.0	0.0
2.065895	2.079410000	75.058884	0.0	0.0
2.086477	2.100460000	74.901821	0.0	0.0
2.107264	2.121720000	74.743034	0.0	0.0
2.128258	2.143210000	74.582502	0.0	0.0
2.149461	2.164920000	74.420201	0.0	0.0
2.170875	2.186850000	74.256109	0.0	0.0
2.192503	2.209010000	74.090195	0.0	0.0
2.214346	2.231400000	73.922444	0.0	0.0
2.236407	2.254030000	73.752824	0.0	0.0
2.258688	2.276890000	73.581311	0.0	0.0
2.281191	2.299980000	73.407882	0.0	0.0
2.303917	2.323320000	73.232520	0.0	0.0
2.326871	2.346900000	73.055177	0.0	0.0
2.350052	2.370730000	72.875852	0.0	0.0
2.373465	2.394800000	72.694496	0.0	0.0
2.397111	2.419120000	72.511091	0.0	0.0
2.420993	2.443700000	72.325603	0.0	0.0
2.445113	2.468530000	72.138008	0.0	0.0
2.469473	2.493630000	71.948278	0.0	0.0
2.494075	2.518980000	71.756387	0.0	0.0
2.518923	2.544600000	71.562292	0.0	0.0
2.544018	2.570490000	71.365974	0.0	0.0
2.569364	2.596640000	71.167388	0.0	0.0
2.594961	2.623070000	70.966524	0.0	0.0
2.620814	2.649770000	70.763328	0.0	0.0
2.646925	2.676760000	70.557771	0.0	0.0
2.673295	2.704020000	70.349834	0.0	0.0
2.699928	2.731570000	70.139469	0.0	0.0
2.726827	2.759400000	69.926640	0.0	0.0
2.753994	2.787530000	69.711315	0.0	0.0
2.781431	2.815950000	69.493464	0.0	0.0
2.809141	2.844660000	69.273047	0.0	0.0
2.837128	2.873680000	69.050018	0.0	0.0
2.865393	2.903000000	68.824351	0.0	0.0
2.893941	2.932620000	68.595989	0.0	0.0
2.922772	2.962550000	68.364917	0.0	0.0
2.951891	2.992790000	68.131076	0.0	0.0
2.981300	3.023340000	67.894431	0.0	0.0
3.011001	3.054220000	67.654949	0.0	0.0
3.040999	3.085410000	67.412569	0.0	0.0
3.071296	3.116930000	67.167257	0.0	0.0
3.101894	3.148770000	66.918975	0.0	0.0
3.132797	3.180940000	66.667672	0.0	0.0
3.164008	3.213450000	66.413300	0.0	0.0
3.195530	3.246290000	66.155815	0.0	0.0
3.227367	3.279470000	65.895161	0.0	0.0
3.259520	3.312990000	65.631307	0.0	0.0
3.291993	3.346860000	65.364198	0.0	0.0
3.324791	3.381070000	65.093768	0.0	0.0
3.357915	3.415640000	64.819984	0.0	0.0
3.391368	3.450560000	64.542797	0.0	0.0
3.425156	3.485830000	64.262131	0.0	0.0
3.459279	3.521470000	63.977960	0.0	0.0
3.493743	3.557460000	63.690208	0.0	0.0
3.528550	3.593820000	63.398829	0.0	0.0
3.563704	3.630550000	63.103762	0.0	0.0
3.599208	3.667650000	62.804953	0.0	0.0
3.635066	3.705120000	62.502339	0.0	0.0
3.671281	3.742970000	62.195865	0.0	0.0
3.707857	3.781190000	61.885466	0.0	0.0
3.744797	3.819800000	61.571086	0.0	0.0
3.782106	3.858780000	61.252648	0.0	0.0
3.819786	3.898150000	60.930105	0.0	0.0
3.857841	3.937910000	60.603387	0.0	0.0
3.896276	3.978050000	60.272419	0.0	0.0
3.935093	4.018580000	59.937148	0.0	0.0
3.974297	4.059510000	59.597495	0.0	0.0
4.013892	4.100820000	59.253390	0.0	0.0
4.053881	4.142530000	58.904771	0.0	0.0
4.094269	4.184640000	58.551555	0.0	0.0
4.135059	4.227140000	58.193680	0.0	0.0
4.176255	4.270040000	57.831071	0.0	0.0
4.217862	4.313330000	57.463645	0.0	0.0
4.259883	4.357020000	57.091337	0.0	0.0
4.302323	4.401110000	56.714061	0.0	0.0
4.345186	4.445590000	56.331741	0.0	0.0
4.388476	4.490470000	55.944300	0.0	0.0
4.432197	4.535750000	55.551660	0.0	0.0
4.476353	4.581420000	55.153744	0.0	0.0
4.520950	4.627480000	54.750454	0.0	0.0
4.565991	4.673930000	54.341720	0.0	0.0
4.611480	4.720770000	53.927464	0.0	0.0
4.657423	4.767990000	53.507585	0.0	0.0
4.703824	4.815590000	53.082005	0.0	0.0
4.750687	4.863580000	52.650642	0.0	0.0
4.798016	4.911930000	52.213415	0.0	0.0
4.845817	4.960660000	51.770225	0.0	0.0
4.894095	5.009750000	51.320982	0.0	0.0
4.942853	5.059190000	50.865613	0.0	0.0
4.992097	5.108990000	50.404018	0.0	0.0
5.041832	5.159130000	49.936109	0.0	0.0
5.092062	5.209610000	49.461803	0.0	0.0
5.142793	5.260420000	48.981002	0.0	0.0
5.194029	5.311540000	48.493626	0.0	0.0
5.245776	5.362980000	47.999578	0.0	0.0
5.298038	5.414710000	47.498778	0.0	0.0
5.350821	5.466730000	46.991131	0.0	0.0
5.404129	5.519020000	46.476561	0.0	0.0
5.457969	5.571580000	45.954963	0.0	0.0
5.512345	5.624380000	45.426265	0.0	0.0
5.567263	5.677410000	44.890375	0.0	0.0
5.622728	5.730650000	44.347213	0.0	0.0
5.678746	5.784100000	43.796692	0.0	0.0
5.735321	5.837720000	43.238747	0.0	0.0
5.792460	5.891500000	42.673285	0.0	0.0
5.850169	5.945410000	42.100226	0.0	0.0
5.908453	5.999450000	41.519502	0.0	0.0
5.967317	6.053580000	40.931050	0.0	0.0
6.026767	6.107770000	40.334799	0.0	0.0
6.086810	6.162010000	39.730674	0.0	0.0
6.147451	6.216260000	39.118621	0.0	0.0
6.208696	6.270500000	38.498584	0.0	0.0
6.270552	6.324690000	37.870498	0.0	0.0
6.333023	6.378810000	37.234336	0.0	0.0
6.396117	6.432820000	36.590036	0.0	0.0
6.459840	6.486690000	35.937560	0.0	0.0
6.524198	6.540380000	35.276879	0.0	0.0
6.589196	6.593850000	34.607980	0.0	0.0
6.654842	6.647070000	33.930825	0.0	0.0
6.721143	6.700000000	33.245395	0.0	0.0
6.788103	6.752590000	32.551710	0.0	0.0
6.855731	6.804800000	31.849745	0.0	0.0
6.924033	6.856580000	31.139516	0.0	0.0
6.993015	6.907900000	30.421048	0.0	0.0
7.062684	6.958700000	29.694365	0.0	0.0
7.133048	7.008940000	28.959490	0.0	0.0
7.204112	7.058560000	28.216489	0.0	0.0
7.275884	7.107510000	27.465404	0.0	0.0
7.348372	7.155750000	26.706293	0.0	0.0
7.421582	7.203220000	25.939242	0.0	0.0
7.495521	7.249870000	25.164340	0.0	0.0
7.570196	7.295630000	24.381689	0.0	0.0
7.645616	7.340470000	23.591380	0.0	0.0
7.721787	7.384320000	22.793550	0.0	0.0
7.798717	7.427120000	21.988328	0.0	0.0
7.876413	7.468820000	21.175865	0.0	0.0
7.954883	7.509370000	20.356316	0.0	0.0
8.034135	7.548700000	19.529848	0.0	0.0
8.114177	7.586770000	18.696644	0.0	0.0
8.195016	7.623510000	17.856908	0.0	0.0
8.276661	7.658870000	17.010839	0.0	0.0
8.359119	7.692800000	16.158668	0.0	0.0
8.442398	7.725250000	15.300631	0.0	0.0
8.526507	7.756160000	14.436964	0.0	0.0
8.611454	7.785490000	13.567929	0.0	0.0
8.697247	7.813180000	12.693798	0.0	0.0
8.783896	7.839200000	11.814838	0.0	0.0
8.871407	7.863490000	10.931365	0.0	0.0
8.959790	7.886010000	10.043668	0.0	0.0
9.049054	7.906730000	9.152055	0.0	0.0
9.139207	7.925600000	8.256856	0.0	0.0
9.230258	7.942600000	7.358399	0.0	0.0
9.322216	7.957700000	6.457023	0.0	0.0
9.415091	7.970860000	5.553062	0.0	0.0
9.508890	7.982060000	4.646890	0.0	0.0
9.603625	7.991290000	3.738837	0.0	0.0
9.699303	7.998520000	2.829287	0.0	0.0
9.795934	8.003740000	1.918600	0.0	0.0
9.893528	8.006940000	1.007140	0.0	0.0
9.992094	8.008110000	0.095284	0.0	0.0
10.091640	8.007260000	-0.816582	0.0	0.0
10.192180	8.004380000	-1.728124	0.0	0.0
10.293720	7.999490000	-2.638936	0.0	0.0
10.396280	7.992580000	-3.548737	0.0	0.0
10.499850	7.983670000	-4.456984	0.0	0.0
10.604460	7.972780000	-5.363488	0.0	0.0
10.710110	7.959930000	-6.267802	0.0	0.0
10.816810	7.945140000	-7.169569	0.0	0.0
10.924570	7.928440000	-8.068441	0.0	0.0
11.033410	7.909860000	-8.964155	0.0	0.0
11.143340	7.889440000	-9.856374	0.0	0.0
11.254350	7.867200000	-10.744606	0.0	0.0
11.366480	7.843190000	-11.628771	0.0	0.0
11.479720	7.817450000	-12.508398	0.0	0.0
11.594090	7.790020000	-13.383263	0.0	0.0
11.709600	7.760950000	-14.253073	0.0	0.0
11.826250	7.730290000	-15.117474	0.0	0.0
11.944080	7.698080000	-15.976416	0.0	0.0
12.063070	7.664390000	-16.829419	0.0	0.0
12.183250	7.629250000	-17.676381	0.0	0.0
12.304630	7.592720000	-18.517064	0.0	0.0
12.427220	7.554860000	-19.351244	0.0	0.0
12.551030	7.515730000	-20.178709	0.0	0.0
12.676070	7.475370000	-20.999258	0.0	0.0
12.802360	7.433850000	-21.812771	0.0	0.0
12.929900	7.391220000	-22.619006	0.0	0.0
13.058720	7.347540000	-23.417926	0.0	0.0
13.188820	7.302860000	-24.209317	0.0	0.0
13.320220	7.257230000	-24.993098	0.0	0.0
13.452920	7.210720000	-25.769081	0.0	0.0
13.586950	7.163380000	-26.537266	0.0	0.0
13.722310	7.115260000	-27.297488	0.0	0.0
13.859020	7.066420000	-28.049708	0.0	0.0
13.997100	7.016900000	-28.793893	0.0	0.0
14.136540	6.966760000	-29.529862	0.0	0.0
14.277380	6.916050000	-30.257707	0.0	0.0
14.419620	6.864810000	-30.977318	0.0	0.0
14.563280	6.813090000	-31.688699	0.0	0.0
14.708370	6.760950000	-32.391809	0.0	0.0
14.854910	6.708420000	-33.086667	0.0	0.0
15.002900	6.655540000	-33.773202	0.0	0.0
15.152370	6.602360000	-34.451491	0.0	0.0
15.303330	6.548930000	-35.121526	0.0	0.0
15.455790	6.495270000	-35.783304	0.0	0.0
15.609770	6.441430000	-36.436874	0.0	0.0
15.765290	6.387440000	-37.082287	0.0	0.0
15.922350	6.333330000	-37.719518	0.0	0.0
16.080980	6.279150000	-38.348670	0.0	0.0
16.241190	6.224920000	-38.969767	0.0	0.0
16.403000	6.170660000	-39.582879	0.0	0.0
16.566420	6.116420000	-40.188039	0.0	0.0
16.731460	6.062220000	-40.785287	0.0	0.0
16.898160	6.008080000	-41.374772	0.0	0.0
17.066510	5.954030000	-41.956468	0.0	0.0
17.236540	5.899910000	-42.530493	0.0	0.0
17.408260	5.843340000	-43.096899	0.0	0.0
17.581690	5.771320000	-43.655771	0.0	0.0
17.756850	5.643450000	-44.207197	0.0	0.0
17.933760	5.378680000	-44.751265	0.0	0.0
18.112430	4.873950000	-45.288035	0.0	0.0
18.292880	4.070200000	-45.817596	0.0	0.0
18.475120	3.028620000	-46.340011	0.0	0.0
18.659180	1.939960000	-46.855402	0.0	0.0
18.845080	1.031090000	-47.363859	0.0	0.0
19.032830	0.435298000	-47.865447	0.0	0.0
19.222450	0.137516000	-48.360258	0.0	0.0
19.413950	0.029581300	-48.848358	0.0	0.0
19.607370	0.003625190	-49.329891	0.0	0.0
19.802710	0.000160987	-49.804897	0.0	0.0
20.000000	0.000000221	-50.273492	0.0	0.0
